3   0   2.8   703.0   3400.2
3   1   1.3   512.6   3404.5
3   2   -154.4   499.3   3432.5
3   3   -196.2   273.0   3312.1
3   4   -18.8   477.0   3223.4
3   5   159.4   492.0   3401.7
3   6   208.0   269.0   3277.8
3   7   22.1   471.2   3203.4
3   8   -0.9   261.3   3453.8
3   9   -2.3   89.4   3457.4
3   10   -106.8   13.8   3486.6
3   11   -101.4   -346.6   3462.6
3   12   -79.2   -737.0   3544.4
3   13   101.7   11.8   3483.1
3   14   78.3   -348.3   3467.4
3   15   23.3   -736.3   3544.9
3   16   -48.4   443.0   3238.2
3   17   53.1   437.5   3215.8
3   18   1.9   589.3   3389.4
4   0   4.1   703.8   3400.9
4   1   1.8   513.8   3405.9
4   2   -154.1   500.4   3432.0
4   3   -197.0   274.2   3311.8
4   4   -19.5   477.5   3221.7
4   5   159.8   493.2   3400.0
4   6   208.8   269.0   3278.6
4   7   24.0   471.4   3202.3
4   8   -0.3   263.1   3455.8
4   9   -2.0   90.8   3458.3
4   10   -106.0   17.2   3485.1
4   11   -102.1   -344.3   3463.5
4   12   -79.5   -735.2   3542.6
4   13   101.4   15.2   3482.4
4   14   79.1   -346.1   3468.5
4   15   22.3   -733.8   3546.2
4   16   -49.1   443.6   3236.7
4   17   54.8   437.7   3215.0
4   18   2.4   590.6   3390.7
5   0   6.6   708.0   3403.5
5   1   3.0   518.5   3410.5
5   2   -153.4   504.9   3432.3
5   3   -197.9   279.4   3311.4
5   4   -18.4   479.5   3218.3
5   5   160.0   496.9   3398.6
5   6   210.0   270.1   3282.7
5   7   27.8   471.3   3198.4
5   8   1.2   270.0   3461.3
5   9   -1.1   95.9   3460.9
5   10   -102.3   24.3   3482.3
5   11   -102.8   -341.3   3467.0
5   12   -79.4   -732.4   3543.8
5   13   98.6   21.6   3480.9
5   14   80.3   -343.8   3470.0
5   15   23.6   -731.7   3545.8
5   16   -48.3   446.1   3233.8
5   17   58.2   437.8   3212.4
5   18   3.6   595.1   3394.8
6   0   9.1   713.6   3405.9
6   1   4.4   524.4   3415.7
6   2   -151.6   508.8   3431.4
6   3   -199.0   283.8   3310.7
6   4   -17.3   480.7   3215.4
6   5   159.3   500.8   3394.7
6   6   211.6   271.3   3285.2
6   7   31.0   471.4   3194.8
6   8   3.1   279.5   3467.1
6   9   0.1   102.5   3463.3
6   10   -98.2   32.3   3479.4
6   11   -103.6   -339.3   3470.6
6   12   -78.0   -730.8   3545.1
6   13   95.9   28.8   3479.1
6   14   81.3   -342.8   3470.1
6   15   27.2   -731.5   3543.6
6   16   -47.6   447.9   3231.3
6   17   61.1   438.1   3209.9
6   18   4.8   601.0   3399.7
7   0   10.5   717.2   3406.8
7   1   5.4   527.9   3418.8
7   2   -150.4   511.3   3430.7
7   3   -199.7   286.3   3310.7
7   4   -17.5   481.8   3212.9
7   5   158.6   502.8   3393.7
7   6   212.9   272.5   3286.7
7   7   32.5   471.2   3192.3
7   8   4.5   286.1   3469.9
7   9   1.1   106.2   3464.7
7   10   -96.5   36.9   3477.6
7   11   -104.2   -339.8   3472.5
7   12   -75.4   -731.0   3548.4
7   13   95.4   32.4   3477.8
7   14   81.9   -344.2   3468.2
7   15   29.1   -733.0   3543.1
7   16   -47.8   449.2   3229.2
7   17   62.5   438.1   3208.0
7   18   5.7   604.4   3402.7
8   0   10.9   718.5   3406.5
8   1   5.9   529.0   3419.9
8   2   -149.6   512.5   3430.3
8   3   -199.9   287.5   3310.8
8   4   -19.0   483.0   3210.8
8   5   158.0   503.4   3392.4
8   6   213.9   272.5   3287.5
8   7   33.6   470.0   3190.4
8   8   5.3   288.8   3470.1
8   9   1.8   106.9   3465.1
8   10   -97.3   37.8   3477.0
8   11   -104.7   -342.0   3472.7
8   12   -74.1   -728.9   3550.6
8   13   97.1   32.7   3477.2
8   14   82.1   -346.7   3467.1
8   15   30.1   -731.7   3543.4
8   16   -49.1   450.4   3227.5
8   17   63.6   437.1   3206.6
8   18   6.2   605.6   3403.9
9   0   10.8   718.6   3405.7
9   1   6.2   528.9   3419.9
9   2   -149.2   512.9   3430.1
9   3   -199.9   287.7   3311.1
9   4   -19.3   483.0   3210.0
9   5   157.4   503.4   3390.7
9   6   214.6   271.9   3287.7
9   7   34.0   468.4   3188.9
9   8   5.7   288.7   3468.9
9   9   2.1   105.6   3465.0
9   10   -99.4   36.0   3477.0
9   11   -105.0   -346.4   3472.7
9   12   -73.1   -731.2   3553.4
9   13   100.1   31.0   3477.3
9   14   82.1   -350.9   3466.8
9   15   30.2   -734.3   3543.5
9   16   -49.4   450.5   3226.8
9   17   64.1   435.6   3205.4
9   18   6.3   605.5   3404.2
10   0   10.4   718.1   3404.6
10   1   6.2   528.1   3419.4
10   2   -149.0   513.0   3430.0
10   3   -199.8   287.6   3311.4
10   4   -18.9   482.4   3210.0
10   5   157.2   503.3   3390.0
10   6   214.8   271.6   3287.8
10   7   34.2   467.1   3187.3
10   8   5.8   287.2   3467.7
10   9   2.3   103.2   3464.8
10   10   -101.4   33.4   3477.2
10   11   -105.1   -352.7   3473.0
10   12   -72.3   -735.5   3554.4
10   13   102.8   29.0   3477.8
10   14   82.5   -356.5   3467.1
10   15   29.7   -737.8   3544.4
10   16   -49.0   450.0   3226.9
10   17   64.3   434.5   3204.0
10   18   6.4   604.8   3404.0
11   0   9.9   716.3   3403.5
11   1   6.2   527.2   3418.9
11   2   -148.9   513.0   3429.9
11   3   -199.8   287.6   3311.4
11   4   -18.7   482.0   3209.7
11   5   157.1   503.3   3389.8
11   6   214.9   271.5   3287.8
11   7   34.1   466.5   3186.6
11   8   5.8   285.5   3467.1
11   9   2.3   100.3   3464.7
11   10   -102.0   30.3   3477.4
11   11   -105.0   -359.6   3473.8
11   12   -71.6   -740.4   3553.8
11   13   104.2   27.2   3478.3
11   14   82.6   -362.0   3467.5
11   15   29.1   -740.7   3546.0
11   16   -48.9   449.6   3226.7
11   17   64.2   434.0   3203.5
11   18   6.3   603.9   3403.6
12   0   9.4   714.2   3402.4
12   1   6.2   526.5   3418.5
12   2   -148.7   513.1   3429.8
12   3   -199.8   287.7   3311.3
12   4   -18.4   481.7   3209.3
12   5   157.2   503.6   3389.8
12   6   215.1   271.7   3287.9
12   7   33.8   466.2   3186.4
12   8   5.8   284.2   3466.9
12   9   2.3   97.7   3464.6
12   10   -101.0   26.7   3477.6
12   11   -105.0   -367.0   3474.8
12   12   -70.8   -746.1   3554.1
12   13   104.1   25.4   3478.7
12   14   82.3   -367.5   3467.6
12   15   28.1   -744.2   3547.2
12   16   -48.7   449.4   3226.3
12   17   64.0   433.8   3203.4
12   18   6.3   603.2   3403.2
13   0   8.5   712.2   3401.6
13   1   6.2   525.8   3418.2
13   2   -148.6   513.1   3429.7
13   3   -199.9   287.8   3311.1
13   4   -18.1   481.4   3208.9
13   5   157.2   503.6   3389.8
13   6   214.9   271.8   3287.9
13   7   33.5   466.2   3186.6
13   8   5.8   283.1   3467.0
13   9   2.3   95.3   3464.6
13   10   -99.3   23.4   3477.6
13   11   -105.0   -372.8   3476.1
13   12   -70.0   -751.1   3554.9
13   13   103.0   23.5   3478.8
13   14   81.9   -372.0   3467.5
13   15   27.0   -747.4   3548.9
13   16   -48.4   449.1   3226.0
13   17   63.7   433.8   3203.5
13   18   6.3   602.5   3402.8
14   0   7.3   710.4   3401.0
14   1   6.2   525.1   3418.0
14   2   -148.5   513.1   3429.5
14   3   -200.1   287.9   3310.8
14   4   -18.0   481.2   3208.4
14   5   157.2   503.6   3389.9
14   6   214.8   271.9   3287.9
14   7   33.3   466.2   3186.9
14   8   5.7   282.4   3467.1
14   9   2.2   93.3   3464.6
14   10   -96.7   19.0   3477.6
14   11   -104.8   -380.7   3479.0
14   12   -69.3   -755.6   3555.6
14   13   100.6   19.5   3478.6
14   14   82.2   -379.8   3468.2
14   15   25.2   -750.7   3550.9
14   16   -48.4   449.0   3225.5
14   17   63.5   433.8   3203.7
14   18   6.3   601.8   3402.4
15   0   6.2   708.9   3400.7
15   1   6.1   524.4   3417.7
15   2   -148.4   513.1   3429.4
15   3   -200.2   288.0   3310.6
15   4   -18.1   481.0   3207.8
15   5   157.2   503.7   3390.0
15   6   214.8   271.9   3287.8
15   7   33.2   466.4   3187.1
15   8   5.7   281.8   3467.2
15   9   2.1   91.5   3464.7
15   10   -96.3   18.6   3477.9
15   11   -104.9   -383.0   3480.4
15   12   -69.0   -755.1   3555.5
15   13   99.3   17.5   3478.5
15   14   82.0   -383.6   3468.9
15   15   23.7   -751.3   3551.5
15   16   -48.4   448.8   3224.9
15   17   63.4   434.0   3203.9
15   18   6.3   601.0   3402.1
16   0   5.5   707.8   3400.6
16   1   6.1   523.7   3417.5
16   2   -148.3   513.1   3429.2
16   3   -200.3   288.1   3310.3
16   4   -18.5   480.4   3205.8
16   5   157.2   503.7   3390.0
16   6   214.8   271.9   3287.8
16   7   33.1   466.4   3187.2
16   8   5.7   281.5   3467.4
16   9   2.1   89.9   3464.7
16   10   -97.8   21.9   3478.3
16   11   -105.1   -379.7   3480.6
16   12   -68.9   -751.7   3554.9
16   13   98.6   16.9   3478.5
16   14   81.5   -384.3   3468.6
16   15   21.2   -751.3   3551.7
16   16   -48.8   448.4   3223.2
16   17   63.4   434.0   3203.9
16   18   6.3   600.3   3401.8
17   0   5.0   707.0   3400.4
17   1   6.1   523.2   3417.3
17   2   -148.2   513.2   3429.0
17   3   -200.6   288.2   3310.3
17   4   -23.5   476.1   3191.7
17   5   157.1   503.7   3390.0
17   6   214.7   272.0   3287.9
17   7   34.3   464.9   3182.4
17   8   5.7   281.5   3467.5
17   9   2.1   88.8   3464.7
17   10   -98.6   24.1   3478.5
17   11   -105.1   -378.1   3480.5
17   12   -68.7   -750.7   3554.8
17   13   98.2   16.9   3478.5
17   14   81.3   -384.9   3468.5
17   15   19.0   -752.0   3551.9
17   16   -53.0   444.8   3211.5
17   17   64.4   432.8   3200.0
17   18   6.3   599.8   3401.4
18   0   4.6   706.5   3400.3
18   1   6.1   522.9   3417.1
18   2   -148.0   513.3   3429.0
18   3   -201.1   288.1   3311.1
18   4   -49.4   456.5   3146.9
18   5   157.0   503.8   3390.1
18   6   215.3   271.4   3289.9
18   7   48.5   463.0   3163.9
18   8   5.7   281.7   3467.5
18   9   2.0   88.1   3464.7
18   10   -99.2   25.6   3478.6
18   11   -105.1   -376.5   3480.4
18   12   -68.3   -749.9   3554.6
18   13   98.1   17.2   3478.5
18   14   81.2   -384.5   3468.5
18   15   16.5   -752.1   3552.1
18   16   -74.6   428.4   3174.3
18   17   76.3   431.1   3184.9
18   18   6.3   599.4   3401.2
19   0   4.5   705.7   3400.3
19   1   6.1   522.3   3418.7
19   2   -147.7   513.5   3431.8
19   3   -202.8   288.4   3314.4
19   4   -117.6   390.8   3084.6
19   5   157.0   503.9   3401.1
19   6   216.7   271.9   3300.7
19   7   101.8   442.5   3117.8
19   8   5.7   281.4   3467.7
19   9   2.0   87.1   3464.7
19   10   -99.3   26.4   3478.6
19   11   -105.1   -377.1   3480.2
19   12   -67.5   -751.3   3554.9
19   13   98.0   17.6   3478.5
19   14   81.2   -385.5   3468.5
19   15   12.5   -753.3   3552.3
19   16   -131.7   373.9   3122.9
19   17   120.9   414.1   3148.3
19   18   6.3   599.0   3403.1
20   0   4.8   704.6   3402.0
20   1   6.1   521.7   3423.0
20   2   -148.0   513.3   3434.1
20   3   -208.4   282.7   3332.4
20   4   -198.0   349.7   3069.6
20   5   156.9   504.0   3414.8
20   6   218.7   266.3   3332.4
20   7   130.8   392.6   3102.9
20   8   5.7   281.0   3469.2
20   9   1.9   86.3   3464.9
20   10   -98.7   27.1   3478.5
20   11   -105.4   -375.9   3480.0
20   12   -67.2   -751.6   3554.9
20   13   98.1   19.5   3478.5
20   14   81.3   -383.0   3468.5
20   15   14.9   -752.9   3552.2
20   16   -199.7   338.6   3113.4
20   17   145.4   371.6   3141.2
20   18   6.3   598.5   3408.3
21   0   5.3   703.3   3406.2
21   1   6.1   520.9   3429.4
21   2   -148.5   513.0   3435.4
21   3   -220.2   283.0   3339.4
21   4   -262.8   278.3   3065.2
21   5   157.0   504.1   3422.7
21   6   220.8   263.7   3349.1
21   7   215.0   312.5   3085.1
21   8   5.5   280.5   3471.9
21   9   1.9   85.9   3465.2
21   10   -97.8   27.9   3478.4
21   11   -105.6   -374.0   3479.1
21   12   -67.3   -750.4   3555.2
21   13   98.5   22.7   3478.6
21   14   81.4   -378.9   3468.6
21   15   16.6   -750.0   3552.5
21   16   -255.7   279.0   3110.9
21   17   215.9   304.5   3129.1
21   18   6.3   597.9   3415.7
22   0   5.9   702.1   3411.8
22   1   6.0   520.2   3436.2
22   2   -149.1   512.6   3436.2
22   3   -231.4   287.3   3337.5
22   4   -321.3   220.9   3077.1
22   5   157.2   504.1   3428.4
22   6   229.8   267.0   3352.3
22   7   289.3   246.2   3084.1
22   8   5.3   280.1   3475.6
22   9   1.9   86.4   3465.6
22   10   -96.7   28.9   3478.3
22   11   -105.4   -372.8   3477.9
22   12   -67.9   -749.6   3555.3
22   13   98.5   25.9   3478.6
22   14   81.5   -375.5   3468.7
22   15   17.9   -747.4   3552.4
22   16   -306.4   231.9   3120.5
22   17   279.4   249.7   3128.8
22   18   6.3   597.4   3423.5
23   0   6.6   702.2   3416.9
23   1   6.0   519.5   3441.5
23   2   -149.4   512.5   3436.4
23   3   -238.0   293.2   3331.7
23   4   -372.9   181.4   3104.7
23   5   157.3   504.2   3430.7
23   6   250.5   280.8   3342.7
23   7   344.8   192.1   3090.8
23   8   5.1   280.1   3479.5
23   9   1.8   87.6   3466.1
23   10   -95.9   29.8   3478.3
23   11   -105.3   -371.6   3476.5
23   12   -68.2   -748.7   3555.1
23   13   98.2   27.5   3478.5
23   14   81.5   -373.4   3468.7
23   15   18.6   -746.0   3552.3
23   16   -350.5   199.9   3142.6
23   17   329.2   206.8   3132.8
23   18   6.3   596.8   3429.3
24   0   7.3   702.8   3418.8
24   1   5.9   519.0   3443.8
24   2   -149.5   512.4   3436.4
24   3   -247.4   300.6   3325.8
24   4   -412.0   155.5   3137.0
24   5   157.5   504.4   3431.3
24   6   266.6   289.1   3341.0
24   7   378.9   154.1   3110.9
24   8   4.9   280.4   3481.5
24   9   1.8   89.1   3466.6
24   10   -95.5   30.4   3478.3
24   11   -105.2   -370.7   3475.1
24   12   -68.4   -748.5   3554.7
24   13   97.9   28.3   3478.5
24   14   81.3   -372.4   3468.7
24   15   18.8   -746.0   3552.4
24   16   -384.6   179.6   3168.5
24   17   360.2   176.5   3149.2
24   18   6.3   596.2   3431.6
25   0   7.6   703.6   3418.8
25   1   5.9   518.5   3443.7
25   2   -149.5   512.4   3436.1
25   3   -260.7   305.2   3329.2
25   4   -436.3   137.3   3164.9
25   5   157.6   504.4   3431.1
25   6   271.8   290.6   3341.6
25   7   404.7   127.7   3137.0
25   8   4.8   280.9   3482.2
25   9   1.9   90.8   3467.2
25   10   -95.3   30.6   3478.5
25   11   -105.2   -370.3   3473.6
25   12   -68.6   -747.9   3554.1
25   13   97.8   28.6   3478.5
25   14   81.4   -372.0   3468.9
25   15   18.9   -745.5   3552.4
25   16   -407.0   165.3   3192.3
25   17   382.6   154.8   3171.1
25   18   6.3   595.7   3431.2
26   0   7.6   704.3   3417.5
26   1   5.8   518.0   3441.6
26   2   -149.7   512.5   3433.8
26   3   -269.1   304.1   3339.2
26   4   -450.5   128.1   3187.0
26   5   157.6   504.4   3426.6
26   6   270.4   287.9   3341.6
26   7   422.5   110.7   3161.6
26   8   4.6   281.6   3481.6
26   9   1.9   92.4   3467.7
26   10   -95.3   30.8   3478.7
26   11   -105.2   -370.0   3472.5
26   12   -68.7   -748.1   3553.9
26   13   97.7   28.8   3478.6
26   14   81.2   -371.7   3468.9
26   15   18.8   -746.0   3552.6
26   16   -420.2   157.5   3212.4
26   17   397.2   140.2   3191.6
26   18   6.3   595.1   3428.5
27   0   6.9   704.9   3415.7
27   1   5.8   517.6   3438.2
27   2   -149.8   512.9   3432.4
27   3   -272.8   301.4   3350.3
27   4   -459.1   125.5   3204.7
27   5   157.7   504.3   3421.9
27   6   269.3   285.9   3340.8
27   7   432.3   101.7   3177.5
27   8   4.4   282.3   3480.2
27   9   1.9   94.0   3468.0
27   10   -95.3   30.8   3478.9
27   11   -105.2   -370.4   3474.0
27   12   -68.7   -748.0   3553.8
27   13   97.8   28.8   3478.6
27   14   81.4   -372.1   3469.3
27   15   18.8   -745.5   3552.8
27   16   -428.0   154.9   3229.0
27   17   405.1   132.4   3204.7
27   18   6.3   594.6   3424.4
28   0   5.8   705.2   3412.6
28   1   5.8   517.2   3434.5
28   2   -150.0   513.3   3431.6
28   3   -273.1   298.6   3359.1
28   4   -464.3   127.4   3214.2
28   5   157.9   504.2   3417.6
28   6   268.6   284.4   3339.8
28   7   438.0   95.4   3188.1
28   8   4.2   283.0   3478.3
28   9   1.9   95.3   3468.2
28   10   -95.4   30.7   3479.2
28   11   -105.1   -371.5   3477.7
28   12   -68.6   -749.1   3553.7
28   13   97.9   28.8   3478.8
28   14   81.3   -373.2   3469.7
28   15   18.9   -745.8   3553.0
28   16   -432.4   155.9   3238.4
28   17   409.7   126.9   3213.4
28   18   6.3   594.1   3420.1
29   0   4.5   705.2   3408.1
29   1   5.7   516.8   3431.4
29   2   -150.2   513.8   3431.1
29   3   -272.6   296.5   3366.3
29   4   -466.3   129.0   3218.9
29   5   158.0   504.0   3413.5
29   6   268.4   283.4   3339.1
29   7   442.1   92.3   3193.5
29   8   4.1   283.4   3476.5
29   9   1.9   96.4   3468.4
29   10   -95.7   30.9   3479.4
29   11   -105.2   -371.4   3478.4
29   12   -68.5   -750.0   3552.9
29   13   98.3   29.1   3478.8
29   14   80.9   -372.8   3469.7
29   15   18.3   -746.2   3552.9
29   16   -434.0   156.9   3243.5
29   17   413.1   124.2   3217.8
29   18   6.3   593.5   3416.5
30   0   3.4   704.9   3403.8
30   1   5.7   516.2   3429.2
30   2   -150.3   514.1   3431.0
30   3   -272.3   295.6   3370.6
30   4   -466.9   129.2   3221.2
30   5   158.1   503.8   3411.7
30   6   268.5   283.1   3338.4
30   7   444.1   90.9   3195.1
30   8   3.9   283.6   3474.6
30   9   1.9   97.0   3468.4
30   10   -96.1   31.3   3479.5
30   11   -105.4   -369.8   3478.0
30   12   -68.6   -749.6   3552.1
30   13   98.6   29.5   3478.9
30   14   81.0   -371.2   3469.7
30   15   18.3   -745.8   3552.3
30   16   -434.5   157.0   3246.1
30   17   414.8   123.0   3219.0
30   18   6.3   593.0   3414.1
31   0   2.6   704.5   3400.7
31   1   5.6   515.7   3427.9
31   2   -150.2   514.0   3431.1
31   3   -272.0   295.1   3372.3
31   4   -467.2   128.9   3221.3
31   5   158.2   503.6   3411.0
31   6   268.7   283.2   3337.9
31   7   445.0   91.0   3193.7
31   8   3.7   283.6   3473.4
31   9   1.9   97.5   3468.4
31   10   -96.6   32.1   3479.6
31   11   -105.5   -367.2   3476.4
31   12   -68.8   -748.2   3550.6
31   13   99.0   30.1   3478.9
31   14   81.0   -368.8   3469.6
31   15   18.4   -744.9   3551.1
31   16   -434.6   156.6   3246.5
31   17   415.6   123.0   3217.8
31   18   6.3   592.5   3412.8
32   0   1.9   703.0   3399.1
32   1   5.6   515.2   3427.3
32   2   -150.3   513.9   3431.3
32   3   -271.8   294.8   3373.6
32   4   -467.2   128.4   3220.8
32   5   158.2   503.3   3410.9
32   6   269.2   283.5   3337.3
32   7   445.2   91.5   3190.6
32   8   3.4   283.6   3472.8
32   9   1.8   97.8   3468.4
32   10   -97.2   33.2   3479.7
32   11   -105.5   -363.8   3475.6
32   12   -69.1   -746.4   3549.7
32   13   99.3   30.7   3479.0
32   14   80.9   -366.0   3469.4
32   15   18.5   -743.9   3549.5
32   16   -434.6   156.2   3246.3
32   17   415.9   123.5   3215.1
32   18   6.3   592.0   3412.2
33   0   1.2   701.1   3398.7
33   1   5.5   514.8   3427.1
33   2   -150.3   513.8   3431.5
33   3   -271.7   294.7   3374.1
33   4   -467.2   127.6   3220.3
33   5   158.2   503.0   3410.9
33   6   269.9   283.8   3337.3
33   7   444.7   92.7   3186.3
33   8   3.2   283.6   3472.6
33   9   1.8   98.0   3468.4
33   10   -97.5   33.7   3479.7
33   11   -105.4   -363.7   3474.9
33   12   -69.7   -745.3   3549.5
33   13   99.2   30.5   3479.0
33   14   81.3   -366.5   3469.6
33   15   18.5   -743.8   3547.8
33   16   -434.7   155.5   3245.9
33   17   415.6   124.6   3211.4
33   18   6.3   591.5   3412.0
34   0   0.8   699.4   3398.9
34   1   5.4   514.3   3427.1
34   2   -150.3   513.7   3431.7
34   3   -271.5   294.6   3374.3
34   4   -467.4   126.7   3219.8
34   5   158.2   502.8   3411.1
34   6   270.6   284.0   3337.3
34   7   444.1   94.1   3181.4
34   8   3.0   283.5   3472.5
34   9   1.7   98.2   3468.4
34   10   -97.6   33.8   3479.7
34   11   -105.4   -366.5   3474.6
34   12   -70.0   -745.0   3549.5
34   13   98.9   30.0   3479.0
34   14   81.7   -370.0   3470.3
34   15   18.4   -744.6   3546.1
34   16   -434.8   154.7   3245.6
34   17   415.2   125.8   3207.4
34   18   6.3   591.1   3411.9
35   0   0.7   698.0   3399.2
35   1   5.4   514.0   3427.1
35   2   -150.4   513.6   3431.9
35   3   -271.4   294.5   3374.5
35   4   -467.6   125.6   3219.5
35   5   158.2   502.5   3411.1
35   6   271.6   284.3   3337.3
35   7   443.6   95.6   3176.5
35   8   2.7   283.4   3472.5
35   9   1.7   98.4   3468.5
35   10   -97.8   33.9   3479.7
35   11   -105.5   -368.1   3476.1
35   12   -70.2   -745.8   3549.9
35   13   98.8   29.8   3479.0
35   14   81.0   -371.9   3470.2
35   15   18.1   -746.0   3544.1
35   16   -434.9   153.7   3245.4
35   17   414.9   127.0   3203.3
35   18   6.3   590.8   3412.0
36   0   0.7   697.1   3399.6
36   1   5.3   514.0   3427.2
36   2   -150.3   513.6   3432.1
36   3   -271.3   294.4   3374.6
36   4   -467.8   125.0   3219.3
36   5   158.1   502.5   3411.2
36   6   272.7   284.7   3337.2
36   7   443.5   97.3   3172.5
36   8   2.5   283.7   3472.5
36   9   1.7   98.7   3468.5
36   10   -98.0   34.2   3479.8
36   11   -105.7   -368.1   3476.6
36   12   -70.2   -746.2   3550.2
36   13   98.9   30.0   3479.0
36   14   80.8   -371.9   3470.3
36   15   17.9   -746.6   3542.7
36   16   -435.1   153.2   3245.2
36   17   415.0   128.6   3200.0
36   18   6.3   590.8   3412.1
37   0   0.8   696.6   3400.0
37   1   5.2   514.1   3427.2
37   2   -150.2   513.6   3432.3
37   3   -271.1   294.3   3374.6
37   4   -468.0   124.7   3219.1
37   5   158.1   502.5   3411.3
37   6   273.1   285.0   3337.1
37   7   443.5   99.9   3168.6
37   8   2.2   284.0   3472.4
37   9   1.6   99.2   3468.5
37   10   -98.1   34.4   3479.9
37   11   -105.7   -368.4   3476.4
37   12   -70.3   -746.2   3550.3
37   13   99.1   30.3   3479.0
37   14   80.8   -372.0   3470.4
37   15   18.0   -747.0   3540.5
37   16   -435.2   152.9   3245.0
37   17   415.1   130.7   3196.7
37   18   6.3   590.9   3412.2
38   0   0.9   696.4   3401.2
38   1   5.2   514.4   3427.4
38   2   -150.1   513.7   3432.6
38   3   -270.9   294.2   3374.5
38   4   -468.1   124.6   3219.0
38   5   158.0   502.6   3412.2
38   6   273.0   285.2   3337.0
38   7   443.4   102.9   3165.0
38   8   1.9   284.4   3472.7
38   9   1.4   99.8   3468.6
38   10   -98.1   34.5   3480.0
38   11   -105.8   -366.9   3475.8
38   12   -70.3   -745.5   3550.3
38   13   99.4   31.6   3479.1
38   14   80.2   -369.4   3470.2
38   15   18.2   -745.9   3537.7
38   16   -435.2   152.8   3244.9
38   17   415.0   133.3   3193.7
38   18   6.3   591.1   3412.3
39   0   0.9   696.3   3403.3
39   1   5.1   514.6   3427.7
39   2   -150.0   513.8   3433.0
39   3   -270.9   294.2   3374.5
39   4   -468.1   124.5   3218.8
39   5   157.9   502.6   3414.0
39   6   272.6   285.6   3336.9
39   7   442.9   104.2   3163.5
39   8   1.6   284.9   3473.1
39   9   1.1   100.3   3468.6
39   10   -98.2   34.6   3480.0
39   11   -105.8   -364.2   3475.4
39   12   -70.4   -744.4   3550.1
39   13   99.6   33.0   3479.1
39   14   79.8   -365.3   3470.0
39   15   18.6   -744.1   3534.5
39   16   -435.3   152.8   3244.8
39   17   414.6   134.4   3192.4
39   18   6.3   591.3   3412.5
40   0   0.9   696.2   3405.8
40   1   5.0   514.7   3428.0
40   2   -150.0   513.8   3433.0
40   3   -271.1   294.0   3374.4
40   4   -468.2   124.4   3218.5
40   5   157.7   502.7   3416.8
40   6   272.1   286.1   3336.8
40   7   442.3   104.7   3163.2
40   8   1.3   285.3   3473.6
40   9   0.7   100.9   3468.6
40   10   -98.3   34.9   3479.9
40   11   -105.8   -361.4   3475.3
40   12   -70.5   -743.3   3549.9
40   13   99.9   35.0   3479.1
40   14   79.6   -360.8   3469.9
40   15   19.2   -740.9   3536.6
40   16   -435.4   152.7   3244.5
40   17   413.9   135.0   3192.2
40   18   6.3   591.5   3412.7
41   0   0.9   696.2   3408.5
41   1   4.9   514.9   3428.3
41   2   -150.0   513.8   3432.9
41   3   -271.3   293.6   3374.3
41   4   -468.4   124.3   3218.1
41   5   157.6   502.6   3419.8
41   6   271.5   286.5   3336.7
41   7   441.3   104.5   3163.4
41   8   1.0   285.6   3474.2
41   9   0.3   101.5   3468.7
41   10   -98.5   35.1   3480.3
41   11   -105.8   -359.2   3473.7
41   12   -70.6   -742.1   3549.7
41   13   99.6   35.8   3479.1
41   14   79.2   -358.0   3469.8
41   15   19.8   -739.0   3539.9
41   16   -435.6   152.5   3244.1
41   17   413.0   134.9   3192.3
41   18   6.3   591.6   3412.9
42   0   1.0   696.0   3410.4
42   1   4.8   514.9   3428.8
42   2   -150.0   513.8   3432.8
42   3   -271.6   293.2   3374.2
42   4   -468.7   124.1   3217.6
42   5   157.4   502.7   3423.4
42   6   270.9   287.1   3336.8
42   7   440.0   104.4   3163.7
42   8   0.6   285.8   3474.8
42   9   -0.1   102.0   3468.7
42   10   -98.7   35.4   3480.9
42   11   -105.8   -357.3   3472.9
42   12   -70.7   -741.3   3549.6
42   13   99.2   36.3   3479.1
42   14   79.1   -356.0   3469.7
42   15   20.6   -738.0   3541.5
42   16   -435.8   152.3   3243.7
42   17   411.8   134.8   3192.6
42   18   6.3   591.6   3413.4
43   0   1.0   695.9   3411.6
43   1   4.8   515.0   3429.4
43   2   -150.1   513.8   3432.8
43   3   -271.8   292.8   3374.1
43   4   -468.8   124.1   3217.2
43   5   157.4   502.7   3425.1
43   6   270.5   287.1   3336.6
43   7   438.7   103.8   3163.5
43   8   0.3   286.0   3475.4
43   9   -0.5   102.3   3468.8
43   10   -99.1   35.7   3481.4
43   11   -105.7   -356.2   3472.8
43   12   -70.7   -740.7   3549.5
43   13   98.8   36.5   3479.0
43   14   79.1   -355.0   3469.8
43   15   21.6   -737.7   3541.7
43   16   -435.9   152.2   3243.4
43   17   410.7   134.4   3192.4
43   18   6.3   591.7   3414.0
44   0   1.0   695.8   3413.0
44   1   4.7   515.0   3430.7
44   2   -150.2   513.7   3432.9
44   3   -272.0   292.4   3374.0
44   4   -468.7   124.2   3217.0
44   5   157.4   502.7   3425.8
44   6   270.4   287.0   3336.5
44   7   436.6   103.1   3162.7
44   8   -0.0   286.0   3476.1
44   9   -0.8   102.5   3468.8
44   10   -99.4   35.7   3482.1
44   11   -105.7   -356.2   3473.0
44   12   -70.7   -740.5   3549.5
44   13   98.5   36.6   3479.0
44   14   79.1   -354.9   3469.9
44   15   23.6   -737.9   3541.0
44   16   -435.9   152.2   3243.2
44   17   408.9   133.8   3191.7
44   18   6.3   591.7   3415.5
45   0   1.0   695.6   3414.2
45   1   4.6   515.0   3432.5
45   2   -150.4   513.6   3433.0
45   3   -272.1   292.1   3373.9
45   4   -468.3   124.5   3216.9
45   5   157.4   502.6   3426.0
45   6   270.6   286.8   3336.5
45   7   434.2   102.4   3161.9
45   8   -0.3   285.8   3476.7
45   9   -1.2   102.5   3468.9
45   10   -99.7   35.5   3482.5
45   11   -105.7   -357.1   3473.4
45   12   -70.7   -740.6   3549.3
45   13   98.1   36.4   3479.0
45   14   79.0   -355.8   3470.0
45   15   27.1   -738.6   3539.7
45   16   -435.6   152.4   3243.0
45   17   407.0   133.1   3191.0
45   18   6.3   591.8   3417.6
46   0   1.1   695.5   3414.9
46   1   4.5   514.9   3434.3
46   2   -150.5   513.6   3433.0
46   3   -272.2   292.0   3373.9
46   4   -467.7   125.0   3216.8
46   5   157.5   502.6   3426.1
46   6   270.5   286.7   3336.4
46   7   431.0   101.6   3161.0
46   8   -0.8   285.6   3477.4
46   9   -1.6   102.5   3468.9
46   10   -100.2   35.4   3482.4
46   11   -105.6   -357.7   3473.7
46   12   -70.7   -741.1   3549.3
46   13   97.7   36.2   3479.0
46   14   78.8   -356.4   3470.0
46   15   27.7   -739.3   3539.2
46   16   -435.1   152.8   3243.0
46   17   404.2   132.5   3190.3
46   18   6.3   591.8   3419.8
47   0   1.1   695.4   3415.2
47   1   4.4   515.0   3435.7
47   2   -150.6   513.6   3433.0
47   3   -272.1   292.1   3373.9
47   4   -466.8   125.7   3216.8
47   5   157.5   502.6   3426.0
47   6   270.2   286.7   3336.5
47   7   427.3   101.0   3160.1
47   8   -1.2   285.6   3478.0
47   9   -2.0   102.5   3469.0
47   10   -100.7   35.2   3482.3
47   11   -105.6   -357.8   3473.8
47   12   -70.6   -741.6   3549.3
47   13   97.4   36.0   3479.0
47   14   78.7   -356.6   3470.0
47   15   26.8   -739.7   3538.9
47   16   -434.3   153.4   3243.0
47   17   401.1   132.0   3189.5
47   18   6.3   591.9   3421.4
48   0   1.1   695.3   3415.3
48   1   4.2   515.0   3436.6
48   2   -150.7   513.7   3433.0
48   3   -272.0   292.3   3373.9
48   4   -465.9   126.4   3216.8
48   5   157.5   502.6   3425.9
48   6   269.7   286.6   3336.8
48   7   424.8   101.3   3159.6
48   8   -1.8   285.6   3478.6
48   9   -2.5   102.6   3469.0
48   10   -101.2   35.0   3482.9
48   11   -105.6   -358.3   3473.9
48   12   -70.6   -741.7   3549.3
48   13   96.7   35.0   3479.0
48   14   78.5   -357.8   3469.9
48   15   27.0   -740.6   3538.9
48   16   -433.6   154.0   3243.0
48   17   399.0   132.1   3189.1
48   18   6.3   592.0   3422.4
49   0   1.1   695.3   3415.3
49   1   4.1   515.0   3437.1
49   2   -150.7   513.8   3433.0
49   3   -271.9   292.6   3374.0
49   4   -465.5   126.6   3217.1
49   5   157.5   502.6   3425.9
49   6   269.5   286.8   3336.9
49   7   425.2   102.0   3160.0
49   8   -2.3   285.7   3479.1
49   9   -2.9   102.7   3469.1
49   10   -101.6   34.5   3483.9
49   11   -105.8   -361.3   3474.4
49   12   -70.9   -743.0   3549.2
49   13   95.3   32.7   3479.0
49   14   78.2   -362.8   3470.0
49   15   27.9   -743.8   3539.6
49   16   -433.2   154.3   3243.2
49   17   399.3   132.8   3189.5
49   18   6.3   592.0   3423.1
50   0   1.2   695.3   3415.3
50   1   4.0   515.1   3437.5
50   2   -150.8   513.8   3433.0
50   3   -271.7   292.9   3374.0
50   4   -465.3   126.7   3217.0
50   5   157.5   502.6   3425.8
50   6   269.7   287.2   3336.8
50   7   425.7   102.4   3160.1
50   8   -2.9   285.8   3479.4
50   9   -3.4   102.8   3469.1
50   10   -102.2   34.1   3484.3
50   11   -106.2   -364.2   3474.4
50   12   -71.1   -744.2   3549.4
50   13   94.6   31.6   3479.2
50   14   77.9   -366.3   3470.6
50   15   28.0   -745.7   3540.2
50   16   -433.0   154.4   3243.2
50   17   399.7   133.2   3189.6
50   18   6.3   592.1   3423.4
51   0   1.2   695.3   3415.3
51   1   3.8   515.1   3437.6
51   2   -150.8   513.9   3432.9
51   3   -271.7   293.0   3374.1
51   4   -465.2   126.8   3216.7
51   5   157.5   502.6   3425.9
51   6   269.9   287.6   3336.7
51   7   426.2   102.6   3159.9
51   8   -3.4   285.9   3479.6
51   9   -3.8   102.9   3469.2
51   10   -102.9   33.8   3484.3
51   11   -106.3   -363.0   3474.4
51   12   -71.3   -743.4   3549.2
51   13   94.4   31.3   3479.4
51   14   76.7   -365.2   3471.0
51   15   28.1   -745.0   3540.6
51   16   -432.9   154.5   3242.9
51   17   400.1   133.5   3189.4
51   18   6.3   592.1   3423.5
52   0   1.2   695.2   3415.3
52   1   3.7   515.1   3437.6
52   2   -150.8   513.9   3433.0
52   3   -271.6   293.2   3374.1
52   4   -465.3   126.8   3216.5
52   5   157.5   502.6   3425.9
52   6   269.9   287.6   3336.9
52   7   426.5   103.2   3159.5
52   8   -3.9   286.0   3479.7
52   9   -4.3   103.0   3469.2
52   10   -103.3   33.3   3484.6
52   11   -106.5   -361.9   3475.8
52   12   -71.9   -740.3   3548.8
52   13   94.0   31.0   3480.0
52   14   77.3   -364.0   3473.4
52   15   28.1   -741.8   3540.5
52   16   -433.0   154.5   3242.8
52   17   400.4   133.9   3189.1
52   18   6.3   592.1   3423.5
53   0   1.2   695.2   3415.3
53   1   3.6   515.1   3437.6
53   2   -150.8   513.9   3433.0
53   3   -271.6   293.3   3374.2
53   4   -465.3   126.7   3216.4
53   5   157.5   502.6   3426.0
53   6   269.8   287.6   3337.3
53   7   426.8   104.0   3159.0
53   8   -4.5   286.0   3479.7
53   9   -4.7   103.0   3469.3
53   10   -103.8   32.9   3484.7
53   11   -106.8   -361.9   3477.7
53   12   -72.6   -739.3   3548.6
53   13   93.7   30.9   3480.7
53   14   76.2   -363.6   3475.1
53   15   28.1   -740.4   3540.7
53   16   -433.0   154.5   3242.7
53   17   400.6   134.6   3188.7
53   18   6.3   592.1   3423.5
54   0   1.3   695.1   3415.3
54   1   3.4   515.1   3437.6
54   2   -150.8   513.9   3433.0
54   3   -271.6   293.3   3374.2
54   4   -465.3   126.7   3216.4
54   5   157.5   502.6   3426.1
54   6   269.7   287.4   3337.9
54   7   427.0   105.3   3158.4
54   8   -5.1   286.0   3479.7
54   9   -5.2   103.0   3469.3
54   10   -104.3   32.7   3484.8
54   11   -106.8   -363.8   3479.6
54   12   -73.3   -740.4   3548.6
54   13   93.2   30.7   3481.9
54   14   74.6   -365.3   3474.8
54   15   28.1   -741.1   3540.4
54   16   -433.0   154.5   3242.7
54   17   400.8   135.6   3188.3
54   18   6.3   592.1   3423.5
55   0   1.3   695.1   3415.3
55   1   3.2   515.1   3437.6
55   2   -150.8   513.9   3433.0
55   3   -271.7   293.4   3374.2
55   4   -465.3   126.7   3216.5
55   5   157.5   502.6   3426.2
55   6   269.6   287.1   3338.6
55   7   427.3   106.8   3157.7
55   8   -5.7   286.1   3479.7
55   9   -5.6   102.9   3469.4
55   10   -104.8   32.4   3484.8
55   11   -106.9   -363.3   3480.5
55   12   -73.7   -741.3   3548.7
55   13   92.7   30.7   3483.1
55   14   73.6   -364.5   3473.6
55   15   28.1   -741.5   3540.2
55   16   -433.0   154.5   3242.8
55   17   401.0   136.9   3187.8
55   18   6.3   592.1   3423.4
56   0   1.4   695.1   3415.3
56   1   3.1   515.1   3437.6
56   2   -150.8   513.9   3433.0
56   3   -271.8   293.4   3374.3
56   4   -465.2   126.8   3216.6
56   5   157.5   502.6   3426.3
56   6   269.5   286.7   3339.7
56   7   427.4   108.6   3156.9
56   8   -6.4   286.1   3479.6
56   9   -6.2   102.9   3469.5
56   10   -105.2   32.2   3484.9
56   11   -106.9   -364.3   3478.5
56   12   -74.6   -742.0   3548.8
56   13   91.9   30.5   3484.6
56   14   73.3   -365.5   3472.2
56   15   28.0   -742.2   3540.2
56   16   -433.0   154.6   3242.8
56   17   401.1   138.3   3187.4
56   18   6.2   592.1   3423.4
57   0   1.4   695.1   3415.3
57   1   2.9   515.1   3437.6
57   2   -150.8   513.9   3433.0
57   3   -272.0   293.5   3374.5
57   4   -465.2   126.8   3216.5
57   5   157.4   502.6   3426.4
57   6   269.5   286.1   3341.2
57   7   427.5   110.7   3156.1
57   8   -7.0   286.1   3479.6
57   9   -6.7   102.9   3469.6
57   10   -105.7   32.1   3484.9
57   11   -107.0   -363.8   3476.2
57   12   -75.7   -742.1   3549.0
57   13   91.2   30.2   3485.0
57   14   73.0   -365.0   3469.5
57   15   28.1   -742.4   3540.3
57   16   -433.0   154.6   3242.9
57   17   401.1   139.9   3186.9
57   18   6.2   592.1   3423.4
58   0   1.1   695.1   3415.3
58   1   2.7   515.1   3437.6
58   2   -150.9   514.3   3433.2
58   3   -271.9   293.9   3374.7
58   4   -465.0   126.8   3216.6
58   5   156.9   502.1   3426.7
58   6   269.4   285.3   3343.1
58   7   427.2   111.8   3155.5
58   8   -7.6   286.0   3479.6
58   9   -7.3   102.8   3469.8
58   10   -106.3   31.9   3485.0
58   11   -107.0   -364.5   3475.0
58   12   -76.2   -742.2   3549.2
58   13   90.6   29.9   3484.9
58   14   73.5   -366.0   3468.9
58   15   28.1   -742.7   3540.5
58   16   -432.8   154.7   3243.0
58   17   400.9   140.7   3186.8
58   18   6.2   592.1   3423.4
