2   0   -8.6   693.2   3407.3
2   1   -12.1   511.9   3416.3
2   2   -163.6   502.9   3446.9
2   3   -205.8   266.6   3351.0
2   4   -48.6   466.2   3225.9
2   5   143.4   495.0   3411.4
2   6   187.8   264.2   3303.7
2   7   -14.2   449.9   3233.7
2   8   -15.8   264.9   3461.2
2   9   -15.0   94.6   3463.8
2   10   -117.3   17.0   3495.8
2   11   -98.6   -345.8   3489.0
2   12   -59.9   -703.2   3541.7
2   13   90.6   19.1   3487.9
2   14   67.9   -343.5   3480.3
2   15   9.6   -698.7   3529.8
2   16   -74.8   433.0   3246.7
2   17   19.4   419.0   3245.4
2   18   -10.9   588.6   3402.3
3   0   -8.2   694.8   3406.9
3   1   -11.7   513.3   3417.2
3   2   -163.7   504.1   3445.9
3   3   -207.4   267.4   3351.6
3   4   -48.9   466.2   3226.7
3   5   143.5   496.3   3409.1
3   6   187.5   264.6   3303.2
3   7   -13.3   449.5   3228.5
3   8   -14.8   266.9   3463.8
3   9   -13.8   95.9   3466.6
3   10   -115.4   17.9   3496.1
3   11   -99.3   -346.8   3491.3
3   12   -61.5   -704.3   3541.3
3   13   91.1   20.2   3489.3
3   14   67.8   -344.2   3481.9
3   15   10.0   -699.0   3532.0
3   16   -75.3   433.0   3247.5
3   17   20.2   418.7   3240.9
3   18   -10.7   589.8   3402.7
4   0   -6.8   699.6   3405.8
4   1   -10.3   517.5   3420.3
4   2   -162.8   506.9   3444.3
4   3   -211.3   270.3   3352.6
4   4   -48.2   466.3   3229.6
4   5   143.3   499.0   3405.3
4   6   186.5   265.7   3303.1
4   7   -8.7   449.4   3214.7
4   8   -11.7   272.7   3471.2
4   9   -10.5   99.2   3474.2
4   10   -110.4   21.3   3496.3
4   11   -101.0   -347.5   3496.2
4   12   -63.0   -704.5   3539.9
4   13   91.5   22.4   3489.7
4   14   68.4   -346.0   3486.4
4   15   10.3   -699.7   3535.7
4   16   -75.4   433.6   3250.1
4   17   23.8   418.8   3229.4
4   18   -9.9   593.7   3404.5
5   0   -4.9   705.5   3404.2
5   1   -8.3   522.3   3424.3
5   2   -161.4   510.4   3442.6
5   3   -214.6   274.0   3352.9
5   4   -47.9   466.7   3229.6
5   5   143.4   502.2   3401.6
5   6   185.0   266.5   3304.2
5   7   -1.3   452.8   3202.7
5   8   -7.7   279.6   3479.7
5   9   -6.3   101.9   3482.6
5   10   -105.1   27.0   3496.0
5   11   -102.1   -349.9   3499.1
5   12   -63.3   -706.6   3538.3
5   13   92.0   25.4   3489.2
5   14   70.4   -351.1   3489.5
5   15   10.6   -703.7   3539.0
5   16   -75.6   434.6   3250.1
5   17   29.7   421.8   3219.6
5   18   -8.5   598.1   3407.0
6   0   -3.6   709.8   3403.0
6   1   -6.7   525.3   3426.9
6   2   -160.2   512.9   3441.6
6   3   -216.4   277.4   3351.1
6   4   -46.4   467.5   3228.1
6   5   143.4   504.2   3399.7
6   6   184.8   266.6   3306.8
6   7   7.6   457.1   3196.2
6   8   -4.7   283.7   3484.1
6   9   -3.3   102.2   3487.5
6   10   -101.6   30.2   3495.1
6   11   -102.7   -354.4   3497.2
6   12   -62.8   -712.8   3537.1
6   13   93.0   26.5   3489.7
6   14   73.4   -357.6   3488.6
6   15   10.7   -711.4   3539.0
6   16   -74.7   435.8   3248.6
6   17   37.2   425.4   3214.6
6   18   -7.3   601.0   3408.9
7   0   -2.8   712.1   3402.3
7   1   -5.7   526.5   3427.7
7   2   -159.1   513.8   3440.9
7   3   -217.0   280.2   3346.8
7   4   -43.5   469.7   3227.8
7   5   143.4   505.0   3399.2
7   6   185.5   266.2   3309.7
7   7   14.7   459.1   3192.4
7   8   -3.3   284.5   3484.2
7   9   -1.6   100.9   3488.8
7   10   -100.3   30.6   3494.0
7   11   -103.1   -360.0   3496.9
7   12   -60.8   -721.0   3537.2
7   13   94.3   26.1   3490.4
7   14   74.8   -364.0   3487.9
7   15   10.1   -720.6   3537.3
7   16   -72.4   438.1   3247.6
7   17   43.2   426.9   3212.0
7   18   -6.5   602.3   3410.0
8   0   -2.4   713.1   3402.0
8   1   -5.3   526.6   3427.6
8   2   -158.4   514.0   3440.6
8   3   -217.2   281.3   3344.6
8   4   -42.1   470.8   3227.7
8   5   143.4   505.2   3399.5
8   6   186.7   265.7   3312.4
8   7   16.3   457.4   3192.2
8   8   -2.7   285.7   3481.6
8   9   -1.0   101.2   3487.8
8   10   -100.0   27.3   3493.6
8   11   -103.2   -368.2   3498.0
8   12   -57.7   -731.3   3538.2
8   13   95.8   23.1   3492.2
8   14   75.5   -371.8   3487.7
8   15   9.4   -730.4   3537.9
8   16   -71.3   439.2   3247.2
8   17   44.7   425.5   3212.2
8   18   -6.1   602.6   3410.5
9   0   -2.3   713.5   3402.0
9   1   -5.1   526.2   3427.1
9   2   -158.0   513.9   3440.4
9   3   -217.0   281.6   3343.6
9   4   -41.4   471.2   3227.7
9   5   143.6   505.4   3399.8
9   6   188.2   265.3   3314.8
9   7   16.0   454.7   3193.3
9   8   -2.6   284.9   3479.2
9   9   -0.7   99.9   3485.4
9   10   -100.8   25.6   3493.3
9   11   -103.3   -373.9   3497.8
9   12   -56.1   -739.9   3541.0
9   13   97.1   21.2   3493.0
9   14   75.0   -377.7   3487.4
9   15   7.8   -738.4   3545.1
9   16   -70.7   439.6   3247.0
9   17   44.7   423.2   3213.6
9   18   -5.9   602.4   3410.7
10   0   -2.2   713.6   3402.1
10   1   -5.1   525.8   3426.7
10   2   -158.0   514.0   3440.1
10   3   -216.7   281.6   3343.2
10   4   -41.2   471.5   3227.7
10   5   143.6   505.4   3400.5
10   6   188.8   265.4   3315.5
10   7   15.0   453.4   3194.1
10   8   -2.7   283.8   3477.3
10   9   -0.7   98.3   3482.7
10   10   -101.4   25.7   3493.1
10   11   -103.3   -377.8   3497.8
10   12   -55.1   -744.8   3544.6
10   13   97.3   20.3   3493.5
10   14   74.9   -382.5   3487.2
10   15   6.0   -744.4   3546.0
10   16   -70.4   439.8   3246.9
10   17   44.0   422.1   3214.3
10   18   -5.8   602.0   3410.8
11   0   -2.2   713.5   3402.3
11   1   -5.1   525.3   3426.3
11   2   -158.0   513.9   3439.9
11   3   -216.6   281.4   3343.1
11   4   -41.2   471.4   3227.7
11   5   143.6   505.4   3401.4
11   6   189.1   265.6   3316.0
11   7   15.1   453.1   3194.2
11   8   -2.7   283.0   3475.8
11   9   -0.8   97.0   3479.3
11   10   -101.7   27.4   3492.6
11   11   -103.3   -379.5   3497.7
11   12   -54.3   -749.0   3546.8
11   13   96.8   20.6   3493.7
11   14   74.2   -385.7   3486.7
11   15   0.5   -750.6   3537.8
11   16   -70.4   439.8   3246.9
11   17   44.1   421.8   3214.5
11   18   -5.9   601.5   3410.7
12   0   -2.2   713.3   3402.6
12   1   -5.1   524.8   3426.2
12   2   -158.0   513.8   3439.6
12   3   -216.6   281.2   3343.1
12   4   -41.7   471.0   3226.5
12   5   143.7   505.4   3401.9
12   6   189.2   265.7   3316.4
12   7   15.1   452.7   3194.1
12   8   -2.8   283.1   3475.1
12   9   -0.8   96.4   3476.9
12   10   -102.3   31.8   3492.0
12   11   -103.3   -377.4   3497.5
12   12   -54.3   -747.4   3548.2
12   13   95.7   21.8   3493.6
12   14   73.4   -386.7   3485.7
12   15   -8.7   -749.1   3546.1
12   16   -70.9   439.4   3246.0
12   17   44.1   421.5   3214.5
12   18   -5.9   601.1   3410.7
13   0   -2.2   713.2   3402.9
13   1   -5.2   524.5   3426.3
13   2   -158.0   513.7   3439.4
13   3   -217.3   281.2   3343.2
13   4   -45.9   466.5   3215.4
13   5   143.7   505.4   3402.2
13   6   189.4   265.6   3317.0
13   7   15.5   452.0   3193.4
13   8   -2.8   284.4   3475.1
13   9   -0.8   97.1   3475.5
13   10   -103.5   41.0   3491.4
13   11   -103.3   -368.8   3496.6
13   12   -55.0   -740.5   3549.4
13   13   94.0   25.5   3493.4
13   14   73.1   -383.8   3484.0
13   15   -16.0   -745.4   3550.9
13   16   -74.5   435.6   3236.7
13   17   44.5   420.9   3214.0
13   18   -5.9   600.8   3410.8
14   0   -2.2   713.0   3403.5
14   1   -5.2   524.1   3426.5
14   2   -157.8   513.5   3439.9
14   3   -220.6   281.7   3344.4
14   4   -67.7   458.5   3187.7
14   5   143.7   505.4   3402.6
14   6   191.8   266.0   3317.7
14   7   18.7   448.1   3187.3
14   8   -2.8   286.3   3475.2
14   9   -0.8   98.7   3474.9
14   10   -99.5   37.9   3490.5
14   11   -103.0   -371.1   3496.1
14   12   -54.6   -744.5   3551.1
14   13   92.3   27.8   3493.0
14   14   73.7   -380.7   3483.7
14   15   -14.4   -744.4   3552.6
14   16   -93.2   429.0   3213.8
14   17   47.5   417.8   3209.0
14   18   -5.9   600.4   3410.9
15   0   -1.8   712.9   3406.0
15   1   -5.2   523.8   3428.3
15   2   -157.4   514.0   3445.7
15   3   -228.5   285.2   3348.9
15   4   -134.0   409.9   3130.3
15   5   144.3   506.6   3417.3
15   6   199.0   272.4   3323.1
15   7   47.9   433.6   3152.3
15   8   -3.1   288.2   3476.0
15   9   -1.2   100.3   3475.1
15   10   -98.1   37.4   3490.3
15   11   -103.0   -372.0   3496.1
15   12   -54.6   -745.2   3551.3
15   13   90.9   29.4   3492.8
15   14   74.4   -379.6   3483.9
15   15   -2.6   -745.8   3551.0
15   16   -149.6   389.2   3166.7
15   17   73.0   406.8   3180.8
15   18   -5.9   600.1   3412.9
16   0   -0.2   712.6   3410.1
16   1   -4.4   523.3   3432.7
16   2   -156.9   514.3   3449.0
16   3   -240.6   285.9   3363.1
16   4   -222.7   335.5   3102.2
16   5   146.2   507.4   3426.9
16   6   216.3   275.5   3338.0
16   7   119.4   372.1   3105.5
16   8   -3.4   289.6   3477.5
16   9   -1.7   101.3   3476.1
16   10   -97.5   36.6   3490.4
16   11   -102.6   -370.4   3496.4
16   12   -55.8   -741.9   3550.5
16   13   90.0   30.3   3492.6
16   14   75.2   -376.5   3484.4
16   15   -1.1   -741.8   3545.7
16   16   -225.6   327.3   3145.7
16   17   135.4   356.1   3144.3
16   18   -4.7   599.8   3418.0
17   0   1.7   712.2   3415.7
17   1   -2.9   522.8   3439.0
17   2   -156.4   515.1   3451.0
17   3   -255.3   288.2   3378.3
17   4   -295.4   276.1   3103.0
17   5   148.4   507.1   3434.4
17   6   232.6   278.7   3348.8
17   7   209.9   289.2   3082.0
17   8   -3.6   290.3   3479.6
17   9   -2.2   101.7   3477.6
17   10   -97.5   35.9   3490.9
17   11   -102.9   -370.3   3497.0
17   12   -57.7   -741.4   3549.9
17   13   89.6   30.7   3492.5
17   14   75.1   -375.3   3484.6
17   15   -6.3   -739.9   3538.2
17   16   -288.7   278.1   3148.9
17   17   213.6   287.6   3126.5
17   18   -2.7   599.5   3425.6
18   0   3.4   711.7   3420.8
18   1   -1.3   522.2   3445.5
18   2   -155.4   515.7   3452.1
18   3   -268.6   296.8   3380.3
18   4   -370.0   225.5   3124.9
18   5   150.5   506.5   3438.7
18   6   245.2   290.1   3339.0
18   7   294.3   213.7   3081.9
18   8   -3.9   290.7   3482.8
18   9   -2.7   102.0   3479.5
18   10   -97.7   35.1   3491.5
18   11   -103.0   -372.1   3497.3
18   12   -59.6   -741.7   3549.3
18   13   89.4   30.8   3492.6
18   14   60.7   -374.9   3499.6
18   15   -3.1   -742.6   3538.1
18   16   -353.2   237.3   3167.5
18   17   286.2   226.4   3124.8
18   18   -0.4   599.1   3433.1
19   0   4.6   711.0   3423.5
19   1   0.4   521.8   3450.8
19   2   -154.1   516.4   3452.8
19   3   -281.0   305.9   3380.8
19   4   -435.0   195.7   3164.1
19   5   152.5   505.9   3440.9
19   6   255.8   299.4   3330.6
19   7   360.2   170.1   3100.5
19   8   -4.0   291.3   3486.7
19   9   -3.2   102.4   3482.1
19   10   -98.2   34.6   3492.3
19   11   -102.9   -370.8   3497.4
19   12   -59.0   -736.9   3548.6
19   13   89.5   30.9   3492.7
19   14   67.8   -373.7   3495.7
19   15   2.8   -737.5   3537.1
19   16   -409.4   214.0   3200.3
19   17   342.9   191.5   3138.8
19   18   1.9   598.7   3438.8
20   0   5.3   710.6   3423.9
20   1   2.0   521.6   3453.2
20   2   -152.8   517.5   3450.8
20   3   -290.1   312.4   3382.4
20   4   -484.7   182.4   3209.4
20   5   154.5   505.8   3440.2
20   6   269.0   303.4   3333.4
20   7   407.6   144.8   3130.8
20   8   -3.9   292.3   3489.9
20   9   -3.5   103.2   3484.2
20   10   -99.0   34.9   3493.3
20   11   -103.0   -369.4   3497.5
20   12   -55.5   -735.4   3548.4
20   13   89.7   31.3   3492.9
20   14   71.4   -372.4   3492.3
20   15   4.7   -736.2   3536.5
20   16   -452.3   204.0   3238.2
20   17   384.6   171.1   3164.6
20   18   4.0   598.5   3440.9
21   0   5.7   710.3   3422.6
21   1   3.2   521.5   3453.4
21   2   -151.9   518.5   3447.1
21   3   -298.2   316.6   3387.6
21   4   -520.6   183.1   3253.9
21   5   156.6   506.6   3437.8
21   6   284.5   305.5   3344.9
21   7   444.9   136.4   3165.2
21   8   -3.9   293.3   3491.8
21   9   -3.7   104.2   3485.8
21   10   -99.4   35.1   3494.2
21   11   -102.9   -366.9   3497.3
21   12   -53.1   -731.5   3547.8
21   13   89.9   31.6   3493.1
21   14   74.0   -370.0   3490.6
21   15   4.9   -732.2   3534.2
21   16   -483.6   205.3   3276.2
21   17   418.2   164.6   3195.2
21   18   5.6   598.3   3440.4
22   0   5.8   709.0   3420.0
22   1   3.9   521.6   3451.6
22   2   -151.8   519.2   3443.3
22   3   -305.7   319.3   3397.7
22   4   -543.9   188.3   3289.9
22   5   158.4   507.6   3434.4
22   6   293.1   306.2   3350.9
22   7   473.7   139.1   3190.8
22   8   -3.8   294.4   3492.8
22   9   -3.8   105.2   3486.6
22   10   -99.9   35.3   3494.7
22   11   -103.0   -364.4   3496.0
22   12   -52.9   -731.4   3547.6
22   13   90.2   32.0   3493.3
22   14   74.6   -367.4   3489.4
22   15   1.4   -731.7   3531.3
22   16   -504.2   210.1   3307.9
22   17   443.6   167.0   3217.5
22   18   6.5   598.1   3437.7
23   0   5.8   707.3   3415.7
23   1   4.3   521.7   3448.6
23   2   -151.9   520.0   3441.4
23   3   -308.6   319.4   3408.4
23   4   -554.0   194.7   3313.4
23   5   160.1   508.9   3432.6
23   6   298.6   307.5   3354.1
23   7   487.4   141.3   3206.7
23   8   -3.7   295.4   3493.0
23   9   -3.9   106.4   3486.9
23   10   -100.2   35.5   3494.9
23   11   -102.8   -365.8   3495.9
23   12   -53.7   -733.5   3547.9
23   13   90.6   32.4   3493.6
23   14   75.3   -368.7   3489.1
23   15   0.6   -732.8   3535.3
23   16   -513.0   215.5   3329.3
23   17   455.9   169.0   3231.3
23   18   7.0   598.1   3433.6
24   0   5.8   705.6   3410.7
24   1   4.6   521.9   3445.5
24   2   -152.2   520.7   3440.0
24   3   -308.3   318.5   3412.5
24   4   -556.3   197.9   3326.8
24   5   161.3   509.5   3431.9
24   6   301.8   308.3   3355.7
24   7   491.1   143.2   3213.5
24   8   -3.6   296.4   3492.9
24   9   -3.9   107.3   3487.0
24   10   -100.7   35.8   3495.0
24   11   -102.6   -367.8   3496.4
24   12   -53.1   -737.0   3548.4
24   13   91.1   32.8   3494.1
24   14   75.2   -370.5   3488.9
24   15   -0.5   -736.1   3534.1
24   16   -514.9   218.0   3341.1
24   17   459.5   170.7   3237.2
24   18   7.4   598.0   3429.4
25   0   5.8   703.9   3404.7
25   1   4.8   522.0   3442.7
25   2   -152.3   520.9   3439.3
25   3   -307.7   317.7   3415.1
25   4   -553.6   197.0   3331.4
25   5   162.0   509.6   3431.6
25   6   302.3   307.8   3356.7
25   7   491.3   144.8   3216.6
25   8   -3.5   297.1   3492.7
25   9   -3.9   108.1   3486.9
25   10   -101.3   36.5   3495.0
25   11   -102.4   -370.4   3497.3
25   12   -52.3   -739.7   3548.8
25   13   91.7   33.4   3494.6
25   14   75.3   -373.1   3489.0
25   15   -1.2   -739.1   3530.6
25   16   -512.6   217.2   3345.3
25   17   459.8   171.9   3240.0
25   18   7.6   598.0   3425.9
26   0   5.8   702.4   3399.8
26   1   4.9   522.1   3440.9
26   2   -152.5   520.8   3439.2
26   3   -306.7   316.8   3417.0
26   4   -548.6   192.5   3332.8
26   5   162.3   509.4   3431.5
26   6   301.1   306.4   3357.7
26   7   490.1   145.9   3218.2
26   8   -3.4   297.6   3492.5
26   9   -3.9   108.6   3486.8
26   10   -102.2   37.5   3495.1
26   11   -90.8   -370.1   3509.5
26   12   -52.9   -744.5   3549.5
26   13   92.5   34.2   3495.2
26   14   75.0   -373.7   3489.0
26   15   -1.8   -742.2   3530.9
26   16   -508.3   213.2   3346.8
26   17   458.6   172.7   3241.4
26   18   7.7   598.0   3423.4
27   0   5.9   701.7   3397.9
27   1   4.9   522.2   3439.8
27   2   -152.7   520.7   3439.2
27   3   -305.6   315.9   3418.6
27   4   -542.7   185.5   3333.1
27   5   162.6   509.1   3431.6
27   6   299.4   304.9   3358.9
27   7   488.5   146.8   3218.4
27   8   -3.4   297.8   3492.4
27   9   -3.8   108.9   3486.8
27   10   -102.7   37.7   3495.2
27   11   -96.1   -372.5   3503.8
27   12   -55.8   -746.7   3549.8
27   13   93.1   34.7   3495.9
27   14   75.1   -375.3   3489.5
27   15   -1.9   -744.1   3534.2
27   16   -503.2   207.3   3347.3
27   17   457.0   173.1   3241.8
27   18   7.7   598.0   3422.0
28   0   5.9   701.3   3397.8
28   1   4.9   522.2   3439.2
28   2   -153.0   520.5   3439.2
28   3   -304.3   315.0   3419.2
28   4   -537.8   179.2   3332.8
28   5   162.8   508.9   3431.6
28   6   297.8   303.7   3359.4
28   7   487.0   147.1   3217.6
28   8   -3.3   297.9   3492.3
28   9   -3.8   109.0   3486.7
28   10   -102.8   37.3   3495.3
28   11   -99.4   -374.7   3500.5
28   12   -59.6   -750.7   3550.3
28   13   93.6   35.1   3496.8
28   14   74.6   -376.7   3489.6
28   15   -2.2   -746.9   3539.4
28   16   -498.9   201.8   3347.2
28   17   455.5   173.2   3241.2
28   18   7.7   598.0   3421.3
29   0   5.9   701.1   3398.6
29   1   4.9   522.2   3439.0
29   2   -153.2   520.4   3439.2
29   3   -303.0   313.9   3419.4
29   4   -534.0   174.0   3332.2
29   5   163.0   508.7   3431.7
29   6   296.7   302.8   3359.4
29   7   485.5   147.5   3215.5
29   8   -3.3   297.9   3492.3
29   9   -3.8   109.1   3486.7
29   10   -102.9   37.0   3495.4
29   11   -101.2   -375.6   3498.6
29   12   -59.9   -752.7   3550.5
29   13   94.1   35.6   3497.8
29   14   74.6   -376.6   3489.6
29   15   -2.1   -748.1   3541.9
29   16   -495.5   197.3   3346.7
29   17   454.0   173.4   3239.5
29   18   7.6   598.0   3421.0
30   0   5.9   700.9   3399.6
30   1   4.9   522.2   3438.9
30   2   -153.5   520.2   3439.2
30   3   -302.1   312.9   3419.3
30   4   -531.9   170.9   3330.9
30   5   163.2   508.5   3431.7
30   6   296.4   302.5   3359.0
30   7   483.5   148.2   3210.9
30   8   -3.2   297.8   3492.3
30   9   -3.8   109.0   3486.7
30   10   -103.0   36.7   3495.7
30   11   -102.0   -373.3   3497.8
30   12   -62.1   -748.9   3550.0
30   13   94.4   35.9   3499.1
30   14   75.4   -373.5   3490.1
30   15   -0.0   -743.6   3542.3
30   16   -493.6   194.6   3345.6
30   17   452.3   173.9   3235.6
30   18   7.6   598.0   3420.9
31   0   5.9   700.8   3400.7
31   1   4.9   522.2   3438.9
31   2   -153.7   520.0   3439.3
31   3   -301.4   311.9   3419.2
31   4   -531.8   169.0   3328.8
31   5   163.4   508.3   3431.8
31   6   296.6   302.6   3358.1
31   7   479.7   150.5   3200.2
31   8   -3.2   297.8   3492.3
31   9   -3.8   109.0   3486.7
31   10   -102.8   36.0   3496.1
31   11   -102.4   -370.2   3497.9
31   12   -64.0   -741.5   3549.0
31   13   94.6   36.1   3500.7
31   14   76.3   -369.5   3490.8
31   15   3.5   -735.7   3541.6
31   16   -493.4   192.8   3343.9
31   17   449.2   175.8   3226.5
31   18   7.6   598.0   3420.9
32   0   5.9   700.7   3401.9
32   1   4.9   522.2   3438.9
32   2   -153.9   519.8   3439.3
32   3   -301.1   311.1   3418.9
32   4   -532.7   167.5   3326.2
32   5   163.5   508.2   3431.8
32   6   296.9   303.0   3356.1
32   7   477.1   152.2   3190.0
32   8   -3.2   297.7   3492.3
32   9   -3.8   109.0   3486.7
32   10   -102.7   35.6   3496.7
32   11   -102.4   -370.5   3498.1
32   12   -64.9   -739.9   3548.8
32   13   94.9   36.7   3501.8
32   14   75.9   -368.8   3490.6
32   15   6.4   -733.6   3541.2
32   16   -494.1   191.5   3341.7
32   17   447.1   177.4   3217.7
32   18   7.6   598.0   3420.9
33   0   5.9   700.6   3402.8
33   1   4.9   522.2   3438.9
33   2   -154.0   519.5   3439.3
33   3   -301.5   310.3   3418.9
33   4   -534.3   166.8   3323.5
33   5   163.7   508.1   3431.8
33   6   297.2   303.9   3351.8
33   7   476.2   153.6   3180.8
33   8   -3.1   297.7   3492.3
33   9   -3.8   108.9   3486.7
33   10   -102.5   35.3   3497.3
33   11   -102.4   -372.5   3498.1
33   12   -64.4   -740.9   3549.3
33   13   95.2   37.2   3502.7
33   14   75.7   -370.0   3490.5
33   15   7.5   -734.0   3541.0
33   16   -495.5   190.7   3339.4
33   17   446.4   178.7   3209.3
33   18   7.5   598.0   3420.9
34   0   5.9   700.5   3403.4
34   1   4.9   522.2   3439.0
34   2   -154.1   519.3   3439.3
34   3   -302.3   309.5   3418.7
34   4   -536.0   166.4   3321.0
34   5   163.9   508.0   3431.8
34   6   297.5   304.9   3346.5
34   7   476.4   154.9   3172.8
34   8   -3.1   297.6   3492.3
34   9   -3.8   108.9   3486.7
34   10   -102.3   35.0   3498.1
34   11   -102.3   -371.4   3498.2
34   12   -63.3   -738.5   3549.4
34   13   95.3   37.5   3503.6
34   14   75.8   -368.3   3490.8
34   15   8.2   -731.4   3540.6
34   16   -497.1   190.2   3337.2
34   17   446.6   179.9   3201.7
34   18   7.5   598.0   3421.0
35   0   5.9   700.4   3403.8
35   1   4.9   522.1   3439.0
35   2   -154.2   519.0   3439.3
35   3   -303.4   308.6   3418.6
35   4   -537.8   166.1   3319.5
35   5   164.1   507.9   3431.8
35   6   298.3   305.6   3342.5
35   7   477.4   155.9   3167.5
35   8   -3.0   297.6   3492.3
35   9   -3.8   108.8   3486.7
35   10   -102.1   34.8   3498.8
35   11   -102.3   -372.6   3498.4
35   12   -62.5   -739.1   3550.3
35   13   95.5   37.8   3503.9
35   14   75.6   -368.9   3490.7
35   15   7.7   -731.6   3540.8
35   16   -498.7   189.8   3336.0
35   17   447.5   180.8   3196.7
35   18   7.5   598.0   3421.0
36   0   5.9   700.2   3404.2
36   1   4.9   522.1   3439.0
36   2   -154.3   518.7   3439.3
36   3   -304.2   307.7   3418.5
36   4   -539.2   166.4   3318.7
36   5   164.2   507.8   3431.8
36   6   299.1   305.5   3340.5
36   7   478.8   157.5   3164.6
36   8   -2.9   297.5   3492.3
36   9   -3.7   108.8   3486.7
36   10   -101.8   34.6   3499.7
36   11   -102.2   -374.5   3498.5
36   12   -62.0   -740.5   3551.7
36   13   95.6   38.0   3504.0
36   14   75.8   -370.4   3490.8
36   15   7.3   -732.6   3541.0
36   16   -500.0   189.9   3335.3
36   17   448.8   182.2   3193.9
36   18   7.5   598.0   3421.0
37   0   5.9   700.1   3404.5
37   1   4.9   522.1   3439.0
37   2   -154.3   518.3   3439.3
37   3   -305.0   306.8   3418.4
37   4   -539.9   166.6   3318.3
37   5   164.4   507.7   3431.9
37   6   299.7   305.1   3339.6
37   7   480.0   159.3   3163.1
37   8   -2.9   297.5   3492.3
37   9   -3.7   108.8   3486.7
37   10   -101.6   34.7   3500.2
37   11   -102.1   -375.9   3498.5
37   12   -61.4   -743.7   3552.7
37   13   95.5   38.1   3504.0
37   14   75.1   -371.7   3490.3
37   15   6.6   -735.8   3541.4
37   16   -500.8   189.9   3335.0
37   17   450.0   183.6   3192.5
37   18   7.5   598.0   3421.0
38   0   5.9   700.1   3404.8
38   1   4.9   522.1   3439.0
38   2   -154.4   518.2   3439.3
38   3   -305.4   306.2   3418.5
38   4   -540.0   166.9   3318.5
38   5   164.5   507.6   3431.9
38   6   300.3   304.9   3339.1
38   7   481.1   162.0   3162.0
38   8   -2.8   297.5   3492.3
38   9   -3.7   108.7   3486.7
38   10   -101.6   35.0   3500.4
38   11   -102.0   -375.6   3498.5
38   12   -61.1   -746.0   3553.2
38   13   95.4   38.2   3503.8
38   14   74.9   -371.7   3489.9
38   15   6.3   -738.3   3542.2
38   16   -500.9   190.1   3335.1
38   17   450.9   185.8   3191.5
38   18   7.5   598.0   3421.0
39   0   5.9   700.0   3405.1
39   1   4.9   522.0   3439.0
39   2   -154.5   518.1   3439.3
39   3   -305.8   305.9   3418.7
39   4   -539.5   167.3   3318.9
39   5   164.7   507.6   3431.9
39   6   300.9   304.8   3338.8
39   7   481.3   164.0   3161.6
39   8   -2.7   297.4   3492.3
39   9   -3.6   108.7   3486.7
39   10   -101.4   35.3   3500.3
39   11   -102.0   -376.0   3498.5
39   12   -60.9   -747.5   3553.5
39   13   95.3   38.3   3503.7
39   14   75.3   -372.2   3489.9
39   15   6.0   -739.8   3543.3
39   16   -500.5   190.4   3335.5
39   17   451.2   187.4   3191.2
39   18   7.5   598.0   3421.0
40   0   5.9   699.9   3405.5
40   1   5.0   522.0   3439.0
40   2   -154.6   518.0   3439.4
40   3   -305.9   305.6   3419.0
40   4   -538.8   167.7   3319.5
40   5   164.8   507.5   3431.9
40   6   301.3   304.8   3338.6
40   7   480.5   164.5   3161.7
40   8   -2.7   297.4   3492.3
40   9   -3.6   108.6   3486.7
40   10   -101.1   35.2   3500.3
40   11   -101.9   -373.8   3498.9
40   12   -60.8   -743.5   3553.7
40   13   95.1   38.2   3503.6
40   14   76.1   -370.1   3490.4
40   15   6.6   -735.9   3543.0
40   16   -500.0   190.7   3336.1
40   17   450.6   187.9   3191.2
40   18   7.5   598.0   3421.0
41   0   5.9   701.1   3405.7
41   1   5.0   522.0   3439.0
41   2   -154.8   517.9   3439.4
41   3   -306.0   305.5   3419.7
41   4   -537.9   168.2   3320.2
41   5   164.9   507.4   3431.9
41   6   301.5   304.8   3338.6
41   7   479.0   164.2   3161.8
41   8   -2.6   297.4   3492.3
41   9   -3.6   108.6   3486.7
41   10   -100.8   35.1   3500.2
41   11   -101.7   -374.3   3499.2
41   12   -60.5   -742.5   3554.0
41   13   94.8   38.1   3503.5
41   14   76.1   -370.7   3490.5
41   15   6.4   -734.9   3542.9
41   16   -499.3   191.1   3336.8
41   17   449.5   187.6   3191.3
41   18   7.5   598.0   3421.0
42   0   5.9   702.8   3405.8
42   1   5.0   521.9   3439.0
42   2   -154.9   517.9   3439.4
42   3   -306.1   305.4   3420.7
42   4   -537.1   168.6   3320.9
42   5   165.0   507.4   3431.9
42   6   301.7   305.0   3338.5
42   7   477.9   163.9   3162.1
42   8   -2.5   297.3   3492.3
42   9   -3.5   108.5   3486.7
42   10   -100.4   34.5   3500.2
42   11   -101.5   -377.1   3499.7
42   12   -60.2   -744.9   3554.4
42   13   94.6   37.5   3503.3
42   14   75.8   -373.4   3490.3
42   15   5.0   -737.0   3542.7
42   16   -498.6   191.4   3337.5
42   17   448.6   187.5   3191.5
42   18   7.5   598.0   3421.0
43   0   5.9   704.4   3405.8
43   1   5.0   521.9   3439.0
43   2   -155.0   517.9   3439.4
43   3   -306.1   305.4   3422.2
43   4   -536.1   169.0   3321.6
43   5   165.1   507.3   3431.9
43   6   302.0   305.4   3338.3
43   7   477.0   164.0   3162.1
43   8   -2.5   297.3   3492.4
43   9   -3.5   108.2   3486.7
43   10   -100.0   32.9   3500.2
43   11   -101.0   -377.1   3500.8
43   12   -60.4   -744.2   3553.8
43   13   94.1   35.8   3503.3
43   14   76.3   -373.7   3490.5
43   15   4.8   -736.3   3541.6
43   16   -497.8   191.8   3338.3
43   17   447.8   187.6   3191.5
43   18   7.5   598.0   3421.0
44   0   5.8   705.8   3405.6
44   1   5.0   521.8   3439.0
44   2   -155.0   517.8   3439.4
44   3   -306.0   305.4   3424.7
44   4   -534.8   169.7   3322.2
44   5   165.1   507.3   3431.9
44   6   302.2   305.8   3338.1
44   7   476.0   164.4   3161.9
44   8   -2.4   297.2   3492.4
44   9   -3.4   107.8   3486.7
44   10   -99.9   32.1   3500.3
44   11   -100.6   -376.6   3501.2
44   12   -60.5   -744.8   3553.0
44   13   94.1   34.9   3503.2
44   14   76.0   -373.3   3490.2
44   15   4.8   -737.0   3539.9
44   16   -496.7   192.3   3339.3
44   17   447.0   188.0   3191.3
44   18   7.5   597.9   3421.0
45   0   5.8   706.9   3405.4
45   1   5.0   521.8   3439.0
45   2   -155.1   517.8   3439.4
45   3   -306.0   305.4   3427.8
45   4   -533.3   170.4   3322.9
45   5   165.2   507.2   3431.9
45   6   302.2   306.2   3337.9
45   7   475.2   164.6   3162.1
45   8   -2.3   297.1   3492.3
45   9   -3.3   107.2   3486.7
45   10   -100.2   31.9   3500.3
45   11   -100.0   -376.8   3501.1
45   12   -60.5   -747.1   3551.1
45   13   94.5   34.4   3503.1
45   14   75.9   -373.6   3489.9
45   15   4.6   -739.2   3539.4
45   16   -495.5   192.9   3340.4
45   17   446.4   188.2   3191.4
45   18   7.5   597.9   3421.0
46   0   5.8   707.8   3405.2
46   1   5.1   521.8   3439.0
46   2   -155.2   517.8   3439.4
46   3   -306.0   305.4   3429.2
46   4   -532.6   170.7   3323.9
46   5   165.3   507.2   3431.9
46   6   302.2   306.4   3337.7
46   7   474.7   164.9   3162.3
46   8   -2.2   297.0   3492.3
46   9   -3.2   106.6   3486.7
46   10   -100.4   32.0   3500.4
46   11   -99.3   -376.0   3500.0
46   12   -60.5   -748.8   3548.5
46   13   94.8   34.4   3502.9
46   14   76.0   -373.0   3489.7
46   15   4.7   -740.7   3539.3
46   16   -494.8   193.2   3341.5
46   17   446.0   188.5   3191.6
46   18   7.5   597.9   3421.0
47   0   5.8   708.6   3405.0
47   1   5.1   521.7   3439.1
47   2   -155.2   517.7   3439.4
47   3   -306.0   305.5   3429.8
47   4   -532.1   170.7   3325.1
47   5   165.3   507.2   3431.9
47   6   302.2   306.6   3337.5
47   7   474.4   165.1   3162.6
47   8   -2.0   296.8   3492.3
47   9   -3.1   106.0   3486.7
47   10   -100.4   32.0   3500.4
47   11   -98.6   -377.1   3499.9
47   12   -60.4   -750.2   3544.8
47   13   95.1   34.3   3502.8
47   14   63.0   -373.1   3504.5
47   15   4.0   -744.1   3539.6
47   16   -494.4   193.1   3342.5
47   17   445.7   188.7   3191.7
47   18   7.5   597.9   3421.0
48   0   5.8   709.2   3404.9
48   1   5.1   521.6   3439.1
48   2   -155.3   517.7   3439.4
48   3   -306.0   305.4   3429.9
48   4   -531.9   170.4   3326.3
48   5   165.4   507.1   3431.9
48   6   302.1   306.7   3337.2
48   7   474.1   165.2   3162.7
48   8   -1.9   296.7   3492.3
48   9   -3.0   105.4   3486.7
48   10   -100.4   31.9   3500.4
48   11   -97.7   -375.7   3501.2
48   12   -60.7   -747.9   3543.9
48   13   95.2   34.1   3502.4
48   14   70.3   -372.3   3498.6
48   15   4.8   -740.5   3539.1
48   16   -494.3   192.9   3343.6
48   17   445.4   188.8   3191.8
48   18   7.5   597.9   3421.0
49   0   5.8   709.6   3404.8
49   1   5.2   521.6   3439.1
49   2   -155.3   517.7   3439.4
49   3   -306.0   305.4   3429.8
49   4   -531.8   170.0   3327.5
49   5   165.4   507.1   3431.9
49   6   302.1   306.8   3336.8
49   7   473.9   165.3   3162.8
49   8   -1.8   296.5   3492.3
49   9   -2.9   104.9   3486.7
49   10   -100.2   31.7   3500.4
49   11   -97.3   -373.3   3502.9
49   12   -61.1   -743.9   3546.4
49   13   95.3   33.8   3501.9
49   14   74.8   -370.5   3495.1
49   15   5.7   -736.2   3538.6
49   16   -494.2   192.6   3344.5
49   17   445.3   188.9   3191.8
49   18   7.5   597.9   3421.0
50   0   5.8   710.0   3404.7
50   1   5.2   521.5   3439.1
50   2   -155.4   517.7   3439.4
50   3   -306.0   305.3   3429.7
50   4   -531.6   169.3   3328.6
50   5   165.5   507.1   3431.9
50   6   302.2   306.9   3336.5
50   7   473.8   165.3   3162.8
50   8   -1.7   296.3   3492.3
50   9   -2.7   104.3   3486.7
50   10   -100.0   31.2   3500.4
50   11   -97.1   -371.1   3504.9
50   12   -61.5   -740.4   3547.4
50   13   95.3   33.2   3501.8
50   14   77.4   -368.6   3493.9
50   15   6.1   -732.4   3538.3
50   16   -494.0   192.0   3345.5
50   17   445.2   188.9   3191.7
50   18   7.5   597.9   3421.0
51   0   5.8   710.4   3404.6
51   1   5.2   521.5   3439.1
51   2   -155.4   517.6   3439.4
51   3   -306.0   305.1   3429.6
51   4   -531.5   168.3   3329.9
51   5   165.5   507.1   3431.9
51   6   302.4   307.1   3336.0
51   7   473.8   165.3   3162.6
51   8   -1.6   296.1   3492.3
51   9   -2.5   103.8   3486.7
51   10   -99.6   30.7   3500.4
51   11   -97.0   -371.9   3505.6
51   12   -61.5   -740.3   3548.0
51   13   95.3   32.6   3501.7
51   14   77.6   -369.5   3492.7
51   15   6.6   -732.4   3538.2
51   16   -493.9   191.1   3346.5
51   17   445.2   188.9   3191.5
51   18   7.5   597.9   3421.0
52   0   5.8   710.6   3404.5
52   1   5.3   521.4   3439.1
52   2   -155.4   517.6   3439.4
52   3   -306.1   304.9   3429.5
52   4   -531.4   166.8   3331.2
52   5   165.6   507.0   3431.9
52   6   302.6   307.2   3335.5
52   7   473.8   165.2   3162.3
52   8   -1.4   295.9   3492.3
52   9   -2.4   103.3   3486.7
52   10   -99.4   30.5   3500.4
52   11   -97.0   -375.1   3506.1
52   12   -61.3   -741.6   3548.5
52   13   95.3   32.3   3501.8
52   14   77.7   -372.9   3492.3
52   15   6.6   -733.8   3538.2
52   16   -493.8   189.8   3347.6
52   17   445.3   188.8   3191.2
52   18   7.5   597.9   3421.0
53   0   5.8   710.9   3404.5
53   1   5.3   521.3   3439.1
53   2   -155.5   517.6   3439.5
53   3   -306.2   304.8   3429.4
53   4   -531.0   165.2   3331.9
53   5   165.6   507.0   3431.9
53   6   302.8   307.1   3335.4
53   7   473.9   165.1   3161.9
53   8   -1.3   295.7   3492.3
53   9   -2.2   102.8   3486.7
53   10   -99.3   30.5   3500.5
53   11   -96.9   -378.2   3506.4
53   12   -60.9   -745.3   3549.1
53   13   95.6   32.4   3502.0
53   14   77.0   -375.8   3491.7
53   15   5.7   -737.2   3538.9
53   16   -493.5   188.4   3348.2
53   17   445.3   188.8   3190.8
53   18   7.5   597.9   3421.0
54   0   5.8   711.1   3404.4
54   1   5.3   521.3   3439.1
54   2   -155.5   517.6   3439.5
54   3   -306.3   304.6   3429.3
54   4   -530.7   163.7   3332.2
54   5   165.6   507.0   3431.9
54   6   302.8   307.0   3335.2
54   7   473.9   165.0   3161.3
54   8   -1.2   295.5   3492.3
54   9   -2.1   102.4   3486.7
54   10   -99.1   30.1   3500.5
54   11   -96.9   -380.8   3506.7
54   12   -60.7   -748.0   3549.4
54   13   95.6   31.9   3502.4
54   14   77.0   -378.5   3491.7
54   15   4.7   -739.5   3540.9
54   16   -493.3   187.2   3348.4
54   17   445.4   188.7   3190.3
54   18   7.5   597.9   3421.0
55   0   5.7   711.3   3404.4
55   1   5.4   521.2   3439.1
55   2   -155.5   517.6   3439.5
55   3   -306.3   304.5   3429.2
55   4   -530.3   162.2   3332.0
55   5   165.6   507.0   3431.9
55   6   302.7   306.9   3335.1
55   7   474.0   164.9   3160.8
55   8   -1.0   295.3   3492.4
55   9   -1.9   102.0   3486.7
55   10   -99.0   30.0   3500.6
55   11   -96.9   -384.0   3507.3
55   12   -60.5   -750.9   3549.8
55   13   95.7   31.5   3502.6
55   14   77.1   -381.9   3491.7
55   15   4.0   -742.0   3543.6
55   16   -492.9   185.9   3348.2
55   17   445.5   188.6   3189.8
55   18   7.5   597.9   3421.0
56   0   5.7   711.5   3404.3
56   1   5.4   521.1   3439.1
56   2   -155.6   517.6   3439.5
56   3   -306.3   304.5   3429.1
56   4   -529.8   160.6   3331.5
56   5   165.7   507.0   3431.9
56   6   302.7   306.8   3335.0
56   7   474.2   164.8   3160.1
56   8   -0.9   295.1   3492.4
56   9   -1.7   101.6   3486.7
56   10   -99.0   30.1   3500.8
56   11   -96.9   -386.2   3507.7
56   12   -60.4   -754.4   3550.2
56   13   95.8   31.4   3502.6
56   14   76.9   -384.3   3491.1
56   15   3.5   -745.4   3545.1
56   16   -492.6   184.6   3347.7
56   17   445.6   188.5   3189.2
56   18   7.5   597.9   3421.0
57   0   5.7   711.6   3404.3
57   1   5.4   521.1   3439.1
57   2   -155.6   517.6   3439.5
57   3   -306.3   304.4   3428.9
57   4   -529.8   159.9   3330.5
57   5   165.7   507.0   3431.9
57   6   302.6   306.7   3335.0
57   7   474.5   164.7   3159.5
57   8   -0.8   295.0   3492.4
57   9   -1.6   101.2   3486.7
57   10   -99.0   30.3   3500.8
57   11   -96.8   -388.3   3507.7
57   12   -60.5   -756.8   3550.4
57   13   96.1   31.4   3502.6
57   14   77.1   -386.7   3490.8
57   15   3.5   -747.9   3545.8
57   16   -492.6   184.0   3346.9
57   17   445.8   188.4   3188.7
57   18   7.5   597.9   3421.0
58   0   5.7   711.8   3404.3
58   1   5.5   521.0   3439.1
58   2   -155.6   517.5   3439.5
58   3   -306.3   304.4   3428.6
58   4   -530.0   159.9   3329.1
58   5   165.7   507.0   3432.0
58   6   302.7   306.6   3335.0
58   7   474.4   164.9   3158.3
58   8   -0.7   294.8   3492.4
58   9   -1.4   101.0   3486.7
58   10   -99.0   30.6   3500.6
58   11   -96.8   -389.8   3507.6
58   12   -60.8   -757.9   3550.3
58   13   96.3   31.5   3502.4
58   14   77.1   -388.3   3490.7
58   15   4.0   -749.3   3545.5
58   16   -492.7   184.0   3345.7
58   17   445.7   188.6   3187.8
58   18   7.5   597.9   3421.0
59   0   5.7   711.9   3404.3
59   1   5.5   520.9   3439.1
59   2   -155.6   517.5   3439.5
59   3   -306.3   304.3   3428.2
59   4   -530.2   160.2   3327.4
59   5   165.7   506.9   3432.0
59   6   302.7   306.6   3335.0
59   7   474.5   164.9   3157.7
59   8   -0.5   294.7   3492.4
59   9   -1.3   100.7   3486.6
59   10   -99.2   31.2   3500.4
59   11   -96.8   -390.6   3507.4
59   12   -61.1   -759.3   3550.0
59   13   96.7   31.9   3502.1
59   14   76.7   -389.4   3489.8
59   15   4.8   -751.0   3545.0
59   16   -492.9   184.2   3344.2
59   17   445.9   188.5   3187.3
59   18   7.5   597.9   3421.0
60   0   5.7   712.1   3404.2
60   1   5.5   520.8   3439.1
60   2   -155.6   517.5   3439.5
60   3   -306.4   304.2   3427.7
60   4   -530.2   160.4   3325.4
60   5   165.7   506.9   3432.0
60   6   302.8   306.5   3335.1
60   7   474.7   164.7   3157.2
60   8   -0.4   294.6   3492.4
60   9   -1.1   100.5   3486.6
60   10   -99.4   31.9   3500.2
60   11   -96.8   -391.1   3507.2
60   12   -60.8   -760.7   3549.6
60   13   97.1   32.3   3501.7
60   14   76.4   -390.1   3489.4
60   15   4.7   -752.6   3545.5
60   16   -492.9   184.4   3342.5
60   17   446.0   188.4   3186.9
60   18   7.5   597.9   3421.0
61   0   5.7   712.2   3404.2
61   1   5.5   520.7   3439.1
61   2   -155.6   517.5   3439.5
61   3   -306.4   304.2   3427.0
61   4   -530.2   160.6   3323.2
61   5   165.7   506.9   3432.0
61   6   302.9   306.4   3335.1
61   7   474.9   164.5   3156.8
61   8   -0.3   294.4   3492.3
61   9   -0.9   100.4   3486.6
61   10   -99.4   32.2   3500.1
61   11   -96.8   -391.8   3506.8
61   12   -60.2   -762.2   3549.1
61   13   97.3   32.4   3501.4
61   14   76.2   -391.0   3489.1
61   15   4.1   -754.0   3546.6
61   16   -492.9   184.5   3340.5
61   17   446.2   188.1   3186.5
61   18   7.5   597.9   3421.0
62   0   5.7   712.4   3404.2
62   1   5.6   520.7   3439.1
62   2   -155.6   517.5   3439.5
62   3   -306.4   304.1   3426.7
62   4   -530.0   160.8   3320.7
62   5   165.7   506.9   3432.0
62   6   302.9   306.4   3335.1
62   7   475.2   164.2   3156.5
62   8   -0.1   294.2   3492.3
62   9   -0.8   100.2   3486.6
62   10   -99.1   32.2   3500.1
62   11   -96.8   -392.6   3506.6
62   12   -59.9   -763.3   3548.5
62   13   97.4   32.3   3501.3
62   14   76.1   -391.8   3489.0
62   15   3.6   -755.0   3547.5
62   16   -492.7   184.7   3338.4
62   17   446.5   187.9   3186.2
62   18   7.5   597.9   3421.0
63   0   5.7   712.5   3404.2
63   1   5.6   520.6   3439.1
63   2   -155.7   517.5   3439.5
63   3   -306.3   304.0   3426.8
63   4   -530.1   160.9   3319.7
63   5   165.8   506.9   3432.0
63   6   303.0   306.3   3335.0
63   7   475.5   163.9   3156.2
63   8   0.0   294.0   3492.2
63   9   -0.6   100.1   3486.6
63   10   -99.0   32.3   3500.1
63   11   -96.8   -393.1   3506.5
63   12   -59.8   -763.9   3548.7
63   13   97.6   32.4   3501.3
63   14   76.0   -392.2   3489.0
63   15   3.4   -755.5   3547.5
63   16   -492.8   184.7   3337.5
63   17   446.8   187.7   3186.0
63   18   7.5   597.9   3421.0
64   0   5.7   712.6   3404.1
64   1   5.6   520.5   3439.1
64   2   -155.7   517.5   3439.5
64   3   -306.3   303.8   3427.1
64   4   -530.2   160.9   3319.2
64   5   165.8   506.9   3432.0
64   6   303.0   306.3   3335.0
64   7   475.9   163.7   3156.0
64   8   0.1   293.7   3492.1
64   9   -0.5   100.0   3486.6
64   10   -98.9   32.3   3500.1
64   11   -96.8   -392.8   3506.2
64   12   -60.3   -763.6   3549.2
64   13   97.8   32.5   3501.3
64   14   75.9   -391.9   3489.0
64   15   3.4   -755.2   3547.6
64   16   -492.9   184.7   3337.2
64   17   447.1   187.5   3185.8
64   18   7.5   597.9   3421.0
65   0   5.7   712.8   3404.1
65   1   5.7   520.4   3439.1
65   2   -155.7   517.5   3439.5
65   3   -306.2   303.7   3427.1
65   4   -530.4   160.8   3319.0
65   5   165.8   506.9   3432.0
65   6   303.2   306.3   3334.9
65   7   476.1   163.6   3155.8
65   8   0.3   293.4   3492.1
65   9   -0.3   99.9   3486.6
65   10   -98.9   32.6   3500.1
65   11   -96.7   -390.3   3505.7
65   12   -61.3   -761.6   3549.3
65   13   99.0   34.5   3501.2
65   14   75.7   -387.6   3489.0
65   15   4.1   -751.6   3547.0
65   16   -493.0   184.6   3337.0
65   17   447.3   187.4   3185.6
65   18   7.5   597.9   3421.0
66   0   5.7   712.9   3404.1
66   1   5.7   520.3   3439.1
66   2   -155.7   517.5   3439.5
66   3   -306.1   303.5   3426.9
66   4   -530.6   160.7   3318.9
66   5   165.8   506.9   3432.0
66   6   303.3   306.4   3334.7
66   7   476.4   163.5   3155.6
66   8   0.4   293.0   3492.0
66   9   -0.2   99.9   3486.6
66   10   -98.9   33.0   3500.0
66   11   -96.7   -387.4   3504.9
66   12   -61.9   -760.0   3549.2
66   13   100.3   36.6   3501.0
66   14   75.6   -383.0   3488.8
66   15   4.7   -748.6   3546.4
66   16   -493.2   184.5   3336.9
66   17   447.5   187.3   3185.5
66   18   7.5   597.9   3421.0
