5   0   25.2   763.1   3806.8
5   1   21.2   563.3   3798.1
5   2   -141.5   560.0   3800.3
5   3   -191.7   293.7   3775.4
5   4   25.9   432.7   3626.3
5   5   177.3   554.2   3812.9
5   6   221.8   286.9   3787.0
5   7   0.5   386.6   3613.8
5   8   24.2   319.7   3822.4
5   9   25.8   125.4   3833.1
5   10   -79.0   4.8   3867.3
5   11   -79.2   -424.1   3869.3
5   12   -95.4   -806.3   3868.2
5   13   134.5   9.5   3867.5
5   14   120.4   -418.8   3885.1
5   15   115.8   -801.4   3888.1
5   16   -10.4   409.5   3651.2
5   17   37.4   370.0   3642.6
5   18   20.2   644.8   3789.9
6   0   25.6   764.5   3803.7
6   1   21.1   564.6   3798.0
6   2   -141.5   561.2   3799.9
6   3   -192.5   294.9   3776.4
6   4   23.5   436.4   3627.2
6   5   177.4   555.5   3811.7
6   6   223.2   288.3   3788.1
6   7   2.8   388.4   3613.8
6   8   23.8   320.6   3824.1
6   9   25.7   125.8   3834.7
6   10   -78.3   4.8   3867.5
6   11   -80.4   -424.5   3871.3
6   12   -95.8   -806.7   3867.7
6   13   134.0   9.8   3867.8
6   14   121.9   -419.0   3883.5
6   15   115.7   -801.5   3885.9
6   16   -12.5   412.8   3652.1
6   17   39.5   371.7   3642.8
6   18   20.2   646.1   3789.3
7   0   26.3   768.1   3795.1
7   1   20.7   568.1   3797.8
7   2   -140.9   563.4   3799.2
7   3   -193.9   297.4   3777.3
7   4   18.3   445.4   3627.8
7   5   176.9   558.2   3808.7
7   6   225.9   291.4   3786.7
7   7   6.5   387.5   3608.0
7   8   22.8   323.2   3829.0
7   9   25.6   127.3   3838.8
7   10   -76.7   5.6   3867.8
7   11   -82.9   -424.0   3872.4
7   12   -96.8   -806.2   3865.9
7   13   133.3   11.4   3868.2
7   14   122.9   -418.0   3879.3
7   15   117.0   -800.5   3879.5
7   16   -17.1   420.8   3652.8
7   17   43.0   371.5   3637.8
7   18   20.0   649.4   3787.5
8   0   27.1   772.1   3786.2
8   1   20.2   572.1   3797.7
8   2   -140.2   565.6   3798.5
8   3   -194.9   299.9   3776.6
8   4   15.0   452.0   3626.9
8   5   176.6   561.6   3805.3
8   6   228.6   295.2   3785.0
8   7   8.1   386.4   3604.2
8   8   21.9   325.8   3835.0
8   9   25.6   128.9   3843.8
8   10   -75.3   7.6   3867.8
8   11   -84.3   -420.2   3873.2
8   12   -97.1   -802.4   3862.6
8   13   132.9   14.2   3868.5
8   14   122.3   -413.5   3875.4
8   15   120.3   -796.0   3869.6
8   16   -20.0   426.7   3651.8
8   17   44.9   371.2   3634.3
8   18   19.7   653.1   3785.5
9   0   27.6   774.8   3783.7
9   1   19.9   574.8   3797.8
9   2   -139.9   567.1   3798.1
9   3   -195.8   301.8   3774.5
9   4   16.9   448.5   3623.2
9   5   176.4   564.0   3803.9
9   6   230.8   297.9   3786.9
9   7   9.9   386.0   3604.8
9   8   21.3   326.8   3839.1
9   9   25.8   127.2   3847.4
9   10   -74.3   8.9   3867.5
9   11   -85.6   -419.7   3872.7
9   12   -96.4   -802.0   3862.5
9   13   132.4   15.8   3868.9
9   14   121.5   -412.9   3874.1
9   15   122.6   -795.4   3869.3
9   16   -18.6   424.0   3648.4
9   17   46.7   371.3   3635.1
9   18   19.4   655.6   3784.3
10   0   27.8   776.1   3785.5
10   1   19.7   576.1   3797.8
10   2   -139.8   567.8   3797.9
10   3   -196.6   302.9   3772.3
10   4   18.8   443.5   3619.3
10   5   176.3   565.3   3804.1
10   6   232.0   299.2   3793.7
10   7   12.8   384.4   3608.4
10   8   21.0   326.4   3841.0
10   9   26.0   124.0   3849.4
10   10   -73.7   9.7   3867.4
10   11   -86.3   -421.0   3872.8
10   12   -96.1   -803.3   3865.1
10   13   132.2   16.5   3869.4
10   14   121.9   -414.3   3873.6
10   15   123.2   -796.6   3880.5
10   16   -17.1   420.0   3644.8
10   17   49.3   370.2   3639.3
10   18   19.3   656.8   3783.9
11   0   27.8   776.4   3789.3
11   1   19.7   576.5   3797.8
11   2   -139.8   568.1   3797.9
11   3   -196.8   303.2   3771.9
11   4   15.8   449.0   3620.2
11   5   176.1   565.6   3804.8
11   6   232.6   299.5   3800.7
11   7   14.7   376.2   3610.6
11   8   21.0   324.7   3841.5
11   9   26.3   120.4   3850.3
11   10   -73.3   10.0   3867.6
11   11   -86.5   -423.2   3873.6
11   12   -96.2   -805.6   3865.8
11   13   132.1   16.5   3869.9
11   14   122.2   -416.8   3873.3
11   15   123.1   -799.0   3887.4
11   16   -19.6   424.7   3645.4
11   17   51.1   363.4   3642.3
11   18   19.2   657.3   3783.8
12   0   27.7   776.3   3792.5
12   1   19.6   576.6   3797.7
12   2   -139.8   568.1   3797.9
12   3   -196.6   303.2   3771.7
12   4   14.0   452.5   3620.9
12   5   175.9   565.5   3805.4
12   6   233.2   299.4   3801.1
12   7   11.4   358.4   3609.9
12   8   21.0   324.9   3840.6
12   9   26.5   120.1   3850.4
12   10   -73.3   9.6   3867.9
12   11   -86.6   -424.5   3873.9
12   12   -96.5   -806.9   3865.2
12   13   132.2   15.9   3870.2
12   14   122.4   -418.3   3873.2
12   15   122.5   -800.6   3887.3
12   16   -21.1   427.6   3646.1
12   17   48.4   348.6   3641.8
12   18   19.2   657.4   3784.0
13   0   27.6   776.2   3794.5
13   1   19.6   576.5   3797.6
13   2   -139.9   568.0   3797.9
13   3   -196.2   303.0   3771.6
13   4   13.9   452.9   3621.0
13   5   176.0   565.3   3805.0
13   6   233.3   299.3   3797.8
13   7   8.4   355.4   3609.3
13   8   21.0   326.1   3839.5
13   9   26.5   121.5   3850.0
13   10   -73.6   9.1   3867.9
13   11   -86.6   -425.2   3874.0
13   12   -96.5   -807.5   3862.8
13   13   132.6   15.3   3870.2
13   14   122.8   -419.1   3872.8
13   15   121.3   -801.1   3892.8
13   16   -21.1   427.9   3646.1
13   17   45.9   346.0   3640.7
13   18   19.2   657.3   3784.1
14   0   27.6   776.0   3795.6
14   1   19.7   576.4   3797.6
14   2   -139.9   567.9   3797.9
14   3   -196.0   302.8   3771.6
14   4   15.0   450.7   3620.5
14   5   176.0   565.2   3804.7
14   6   233.3   299.1   3800.1
14   7   10.8   360.3   3610.6
14   8   21.0   327.5   3838.6
14   9   26.5   123.4   3849.6
14   10   -74.0   8.6   3867.8
14   11   -86.6   -425.7   3874.1
14   12   -96.6   -808.0   3863.8
14   13   133.0   14.8   3870.2
14   14   122.9   -419.6   3872.7
14   15   120.8   -801.7   3891.5
14   16   -20.1   426.1   3645.7
14   17   47.9   350.1   3642.2
14   18   19.2   657.3   3784.2
15   0   27.5   775.9   3796.1
15   1   19.7   576.3   3797.6
15   2   -139.9   567.8   3797.9
15   3   -195.8   302.7   3771.6
15   4   14.5   447.2   3621.0
15   5   176.1   565.0   3804.5
15   6   233.3   299.0   3805.6
15   7   18.1   370.7   3615.3
15   8   21.1   328.8   3838.0
15   9   26.4   125.1   3849.2
15   10   -74.4   8.2   3867.8
15   11   -86.6   -427.4   3874.1
15   12   -96.6   -809.7   3862.5
15   13   133.4   14.4   3870.2
15   14   122.8   -421.2   3872.6
15   15   120.6   -803.3   3892.3
15   16   -20.6   423.1   3646.1
15   17   54.0   358.7   3647.0
15   18   19.2   657.2   3784.3
16   0   27.5   775.9   3796.2
16   1   19.7   576.2   3797.6
16   2   -140.0   567.6   3797.9
16   3   -195.8   302.5   3771.8
16   4   12.8   442.7   3621.5
16   5   176.2   565.0   3804.4
16   6   233.3   298.9   3809.8
16   7   20.7   349.2   3616.1
16   8   21.1   330.0   3837.6
16   9   26.4   126.4   3848.9
16   10   -74.8   7.8   3868.1
16   11   -86.7   -429.2   3874.1
16   12   -96.7   -811.3   3857.4
16   13   133.8   14.1   3870.2
16   14   122.6   -423.0   3872.6
16   15   120.6   -805.2   3891.7
16   16   -22.0   419.3   3646.6
16   17   56.2   340.9   3648.4
16   18   19.2   657.1   3784.4
17   0   27.4   775.8   3796.2
17   1   19.7   576.2   3797.6
17   2   -140.0   567.5   3797.9
17   3   -196.0   302.4   3772.4
17   4   11.2   441.6   3621.0
17   5   176.2   564.9   3804.3
17   6   233.4   298.9   3811.4
17   7   21.1   328.0   3614.6
17   8   21.2   330.9   3837.3
17   9   26.3   127.2   3848.7
17   10   -75.0   7.8   3868.1
17   11   -86.8   -430.5   3874.2
17   12   -96.7   -812.2   3850.7
17   13   133.8   14.0   3870.3
17   14   122.3   -424.4   3872.8
17   15   120.6   -806.5   3890.4
17   16   -23.3   418.4   3646.3
17   17   56.5   323.1   3647.4
17   18   19.2   657.1   3784.5
18   0   27.4   775.8   3796.2
18   1   19.7   576.1   3797.6
18   2   -140.0   567.4   3797.9
18   3   -196.3   302.3   3773.2
18   4   10.4   442.3   3621.1
18   5   176.3   564.9   3804.3
18   6   233.5   298.8   3810.6
18   7   20.1   306.4   3612.0
18   8   21.2   329.1   3837.5
18   9   26.4   125.2   3848.7
18   10   -75.0   7.9   3868.1
18   11   -86.8   -431.2   3874.2
18   12   -96.8   -812.6   3846.0
18   13   133.8   14.0   3870.3
18   14   122.0   -425.1   3873.1
18   15   120.5   -807.4   3887.9
18   16   -24.1   418.9   3646.5
18   17   55.7   305.1   3645.1
18   18   19.2   657.1   3784.5
19   0   27.4   775.8   3796.0
19   1   19.7   576.1   3797.6
19   2   -140.0   567.3   3797.9
19   3   -196.5   302.1   3774.4
19   4   9.6   444.3   3621.9
19   5   176.3   564.8   3804.3
19   6   233.5   298.8   3807.4
19   7   16.2   308.0   3611.1
19   8   21.3   326.4   3837.8
19   9   26.4   122.3   3848.7
19   10   -74.9   8.0   3868.1
19   11   -86.8   -431.9   3874.3
19   12   -96.9   -813.1   3844.5
19   13   133.6   14.1   3870.3
19   14   121.6   -425.8   3873.5
19   15   120.5   -808.2   3884.4
19   16   -24.8   420.6   3647.4
19   17   52.4   306.5   3643.8
19   18   19.2   657.1   3784.5
20   0   27.3   775.8   3795.9
20   1   19.7   576.1   3797.6
20   2   -140.0   567.2   3797.9
20   3   -197.1   302.1   3775.9
20   4   9.3   445.0   3622.8
20   5   176.3   564.8   3804.3
20   6   233.4   298.9   3799.1
20   7   8.2   306.6   3610.2
20   8   21.4   323.7   3838.1
20   9   26.5   119.3   3848.8
20   10   -74.8   8.1   3868.1
20   11   -86.8   -432.6   3874.5
20   12   -96.9   -814.0   3845.5
20   13   133.4   14.1   3870.4
20   14   121.0   -426.6   3874.2
20   15   121.0   -809.1   3878.9
20   16   -25.1   421.2   3648.3
20   17   45.8   305.3   3641.7
20   18   19.2   657.1   3784.5
21   0   27.3   775.8   3795.6
21   1   19.8   576.1   3797.5
21   2   -140.0   567.1   3797.9
21   3   -198.0   302.0   3777.3
21   4   9.0   445.7   3624.1
21   5   176.4   564.8   3804.3
21   6   233.3   298.8   3796.2
21   7   4.9   309.0   3609.8
21   8   21.4   321.4   3838.3
21   9   26.6   116.7   3848.9
21   10   -74.7   8.3   3868.1
21   11   -86.9   -432.7   3874.6
21   12   -96.8   -814.3   3848.8
21   13   133.2   14.2   3870.3
21   14   120.6   -426.8   3874.5
21   15   121.2   -809.3   3876.4
21   16   -25.5   421.7   3649.6
21   17   43.0   307.3   3640.9
21   18   19.2   657.0   3784.6
22   0   27.3   775.9   3795.4
22   1   19.8   576.1   3797.5
22   2   -139.9   566.9   3797.9
22   3   -199.1   301.9   3779.0
22   4   8.3   446.7   3625.8
22   5   176.4   564.8   3804.3
22   6   233.3   298.8   3795.4
22   7   3.8   313.4   3609.5
22   8   21.5   319.5   3838.5
22   9   26.6   114.6   3848.9
22   10   -74.5   8.4   3868.0
22   11   -86.8   -433.2   3874.6
22   12   -96.7   -814.9   3850.5
22   13   133.0   14.4   3870.3
22   14   120.5   -427.3   3874.5
22   15   121.3   -809.9   3875.1
22   16   -26.3   422.6   3651.4
22   17   42.0   310.9   3640.5
22   18   19.2   657.0   3784.6
23   0   27.3   775.9   3795.1
23   1   19.8   576.1   3797.5
23   2   -139.9   566.8   3797.9
23   3   -200.3   302.0   3779.5
23   4   8.1   447.3   3627.2
23   5   176.5   564.7   3804.3
23   6   233.4   298.7   3796.6
23   7   4.1   298.0   3609.4
23   8   21.6   318.1   3838.6
23   9   26.7   113.0   3848.8
23   10   -74.2   8.4   3868.0
23   11   -86.8   -433.9   3874.7
23   12   -96.5   -815.7   3851.4
23   13   132.8   14.5   3870.2
23   14   120.5   -427.9   3874.5
23   15   121.3   -810.5   3875.0
23   16   -26.6   423.1   3652.6
23   17   42.4   298.1   3640.6
23   18   19.2   657.0   3784.6
24   0   27.2   775.9   3794.7
24   1   19.8   576.1   3797.5
24   2   -139.9   566.8   3797.9
24   3   -200.9   302.1   3779.4
24   4   7.5   446.8   3629.2
24   5   176.5   564.7   3804.3
24   6   233.5   298.6   3798.9
24   7   9.5   263.0   3613.2
24   8   21.7   317.0   3838.6
24   9   26.7   111.7   3848.8
24   10   -74.0   8.5   3867.9
24   11   -86.8   -434.4   3874.7
24   12   -96.4   -816.2   3851.7
24   13   132.7   14.6   3870.1
24   14   120.6   -428.4   3874.5
24   15   121.3   -811.0   3875.1
24   16   -27.3   422.7   3654.2
24   17   46.9   268.9   3644.2
24   18   19.2   657.0   3784.7
25   0   27.2   775.9   3794.4
25   1   19.8   576.0   3797.5
25   2   -140.0   566.7   3797.9
25   3   -201.6   302.3   3779.0
25   4   6.4   445.2   3632.4
25   5   176.6   564.7   3804.3
25   6   233.8   298.6   3799.7
25   7   12.7   253.3   3615.6
25   8   21.8   316.2   3838.6
25   9   26.7   110.7   3848.7
25   10   -73.9   8.7   3867.9
25   11   -86.8   -434.7   3874.7
25   12   -96.5   -816.5   3851.7
25   13   132.5   14.7   3869.9
25   14   120.6   -428.8   3874.4
25   15   121.3   -811.4   3875.3
25   16   -28.2   421.4   3656.8
25   17   49.5   260.9   3646.2
25   18   19.2   657.0   3784.7
26   0   27.2   776.0   3794.0
26   1   19.8   576.0   3797.5
26   2   -140.0   566.7   3797.9
26   3   -202.6   302.5   3778.8
26   4   6.7   445.2   3635.1
26   5   176.6   564.7   3804.3
26   6   234.1   298.7   3799.8
26   7   11.8   273.2   3614.8
26   8   21.8   315.5   3838.5
26   9   26.8   110.0   3848.6
26   10   -73.8   8.8   3867.8
26   11   -86.8   -435.0   3874.7
26   12   -96.6   -816.7   3851.1
26   13   132.4   14.8   3869.8
26   14   120.7   -429.1   3874.3
26   15   121.3   -811.7   3875.3
26   16   -28.2   421.4   3659.1
26   17   48.9   277.4   3645.6
26   18   19.2   657.0   3784.7
27   0   27.1   776.0   3793.7
27   1   19.8   576.0   3797.5
27   2   -140.0   566.7   3797.9
27   3   -203.0   302.6   3778.6
27   4   7.0   446.1   3635.4
27   5   176.6   564.7   3804.3
27   6   234.5   298.7   3800.7
27   7   12.5   310.2   3615.1
27   8   21.8   315.0   3838.4
27   9   26.8   109.4   3848.4
27   10   -73.7   8.9   3867.8
27   11   -86.8   -435.2   3874.5
27   12   -96.6   -816.8   3849.9
27   13   132.3   14.9   3869.7
27   14   120.7   -429.3   3873.6
27   15   121.3   -811.9   3876.5
27   16   -28.0   422.2   3659.3
27   17   49.5   308.3   3646.1
27   18   19.2   657.0   3784.8
28   0   27.1   776.0   3793.4
28   1   19.8   576.0   3797.5
28   2   -140.1   566.7   3797.9
28   3   -203.1   302.6   3778.3
28   4   6.8   448.1   3634.9
28   5   176.7   564.6   3804.3
28   6   234.9   298.8   3800.8
28   7   13.8   339.6   3615.6
28   8   21.9   314.6   3838.3
28   9   26.8   108.9   3848.3
28   10   -73.6   9.1   3867.8
28   11   -86.8   -435.3   3874.4
28   12   -96.6   -816.9   3849.6
28   13   132.1   14.9   3869.7
28   14   120.8   -429.5   3872.6
28   15   121.3   -812.0   3877.3
28   16   -28.2   423.9   3658.8
28   17   50.7   332.8   3646.5
28   18   19.2   657.0   3784.8
29   0   27.1   776.0   3793.0
29   1   19.9   575.9   3797.5
29   2   -140.1   566.7   3798.0
29   3   -202.9   302.6   3777.8
29   4   6.4   450.5   3634.0
29   5   176.7   564.6   3804.4
29   6   235.0   298.8   3799.6
29   7   13.3   347.8   3613.6
29   8   21.9   314.3   3838.2
29   9   26.8   108.5   3848.1
29   10   -73.5   9.1   3867.7
29   11   -86.8   -435.4   3874.4
29   12   -96.6   -817.0   3849.5
29   13   132.0   15.0   3869.6
29   14   121.0   -429.6   3871.5
29   15   121.3   -812.2   3877.8
29   16   -28.5   425.9   3658.0
29   17   50.2   339.7   3644.6
29   18   19.2   657.0   3784.9
30   0   27.0   776.0   3792.7
30   1   19.9   575.9   3797.5
30   2   -140.1   566.6   3798.0
30   3   -203.1   302.7   3776.9
30   4   6.2   451.7   3632.3
30   5   176.7   564.6   3804.4
30   6   235.0   298.9   3795.3
30   7   10.5   343.2   3609.3
30   8   21.9   314.0   3838.1
30   9   26.8   108.1   3848.0
30   10   -73.4   9.2   3867.7
30   11   -86.8   -435.5   3874.6
30   12   -96.6   -817.2   3849.6
30   13   132.0   15.1   3869.6
30   14   121.2   -429.7   3871.6
30   15   121.2   -812.3   3877.9
30   16   -28.7   426.9   3656.4
30   17   47.9   335.8   3640.3
30   18   19.2   656.9   3784.9
31   0   27.0   776.0   3792.2
31   1   19.9   575.9   3797.5
31   2   -140.2   566.6   3798.0
31   3   -204.1   303.2   3773.2
31   4   6.0   453.7   3629.9
31   5   176.8   564.6   3804.3
31   6   234.5   300.9   3774.6
31   7   -0.1   354.8   3603.7
31   8   22.0   313.8   3837.9
31   9   26.8   107.8   3847.8
31   10   -73.3   9.2   3867.7
31   11   -86.8   -435.6   3874.7
31   12   -96.7   -817.3   3850.3
31   13   131.9   15.2   3869.5
31   14   121.5   -429.8   3871.7
31   15   121.1   -812.3   3877.9
31   16   -29.0   428.7   3653.7
31   17   39.0   345.8   3632.2
31   18   19.2   656.9   3784.9
32   0   26.9   776.0   3791.7
32   1   19.9   575.8   3797.5
32   2   -140.2   566.6   3798.0
32   3   -205.8   305.2   3761.5
32   4   8.0   455.4   3622.3
32   5   176.8   564.5   3804.1
32   6   233.9   304.3   3752.2
32   7   -4.7   386.1   3599.5
32   8   22.0   313.6   3837.8
32   9   26.8   107.5   3847.7
32   10   -73.2   9.3   3867.7
32   11   -86.8   -435.6   3874.6
32   12   -96.7   -817.3   3851.1
32   13   131.8   15.2   3869.4
32   14   121.6   -429.8   3871.8
32   15   121.1   -812.3   3877.9
32   16   -27.6   430.4   3645.5
32   17   35.0   372.5   3625.0
32   18   19.2   656.8   3785.0
33   0   26.9   775.9   3791.2
33   1   19.9   575.6   3797.5
33   2   -140.3   566.6   3798.0
33   3   -211.5   309.9   3744.5
33   4   8.2   452.7   3605.9
33   5   176.9   564.5   3803.9
33   6   234.7   308.8   3732.5
33   7   -1.6   411.2   3586.8
33   8   22.0   313.3   3837.6
33   9   26.8   107.2   3847.5
33   10   -73.2   9.4   3867.6
33   11   -86.8   -435.4   3874.3
33   12   -96.8   -817.2   3852.4
33   13   132.1   15.7   3869.0
33   14   121.6   -429.2   3871.9
33   15   121.1   -811.7   3878.0
33   16   -28.4   428.9   3629.0
33   17   37.7   394.2   3611.1
33   18   19.2   656.7   3785.2
34   0   26.8   775.7   3790.9
34   1   19.9   575.4   3797.7
34   2   -140.4   566.5   3798.0
34   3   -226.3   317.3   3732.6
34   4   4.3   440.9   3592.7
34   5   177.0   564.4   3803.7
34   6   244.7   314.8   3719.6
34   7   6.2   419.9   3576.4
34   8   22.0   312.9   3837.5
34   9   26.8   106.8   3847.3
34   10   -73.1   9.6   3867.3
34   11   -86.8   -434.9   3873.9
34   12   -96.9   -816.8   3853.7
34   13   132.5   16.5   3868.4
34   14   121.6   -428.1   3872.0
34   15   121.1   -810.6   3878.0
34   16   -34.1   420.3   3616.0
34   17   46.0   402.4   3600.2
34   18   19.2   656.5   3785.4
35   0   26.7   775.5   3790.4
35   1   19.9   575.1   3798.9
35   2   -140.4   566.5   3801.5
35   3   -244.3   324.7   3734.1
35   4   -38.3   416.1   3548.5
35   5   177.3   564.3   3803.6
35   6   263.9   322.0   3715.6
35   7   46.1   425.1   3543.9
35   8   22.0   312.3   3837.4
35   9   26.9   106.2   3847.1
35   10   -73.1   10.0   3867.0
35   11   -86.9   -434.4   3873.9
35   12   -96.9   -816.3   3854.0
35   13   132.9   17.4   3867.6
35   14   121.6   -427.1   3872.0
35   15   121.1   -809.6   3877.9
35   16   -72.6   400.9   3579.4
35   17   82.3   407.9   3572.5
35   18   19.2   656.2   3787.0
36   0   26.7   775.2   3789.8
36   1   19.9   574.7   3801.7
36   2   -140.3   566.7   3808.5
36   3   -256.3   336.0   3724.3
36   4   -120.2   389.7   3481.1
36   5   177.7   564.0   3803.6
36   6   286.5   331.5   3714.5
36   7   117.3   420.8   3495.5
36   8   22.0   311.5   3837.7
36   9   26.9   105.3   3846.9
36   10   -73.6   10.9   3866.3
36   11   -86.9   -433.5   3873.8
36   12   -96.9   -815.5   3854.2
36   13   133.4   18.4   3866.6
36   14   121.6   -426.1   3872.1
36   15   121.1   -808.6   3877.9
36   16   -142.7   380.8   3521.6
36   17   145.4   405.9   3532.0
36   18   19.2   655.9   3790.6
37   0   26.6   774.7   3789.3
37   1   19.9   574.2   3805.5
37   2   -140.5   566.8   3814.4
37   3   -266.8   352.1   3706.9
37   4   -205.2   366.8   3425.2
37   5   178.1   563.8   3803.6
37   6   294.6   339.1   3703.8
37   7   194.4   412.1   3440.5
37   8   22.0   311.1   3838.4
37   9   26.9   104.8   3846.7
37   10   -74.2   13.8   3865.2
37   11   -86.7   -426.5   3873.9
37   12   -96.7   -808.5   3854.7
37   13   133.2   20.2   3865.4
37   14   121.8   -420.2   3872.0
37   15   121.0   -802.8   3877.9
37   16   -215.3   364.4   3472.2
37   17   211.0   399.9   3484.4
37   18   19.2   655.6   3795.3
38   0   26.5   774.1   3789.1
38   1   19.9   573.8   3809.6
38   2   -140.9   566.9   3818.4
38   3   -295.7   382.0   3696.5
38   4   -282.8   358.6   3399.7
38   5   178.4   563.6   3803.8
38   6   320.9   366.8   3685.3
38   7   259.8   399.0   3396.9
38   8   22.1   311.6   3839.4
38   9   27.0   105.1   3846.7
38   10   -75.7   20.5   3864.0
38   11   -86.4   -414.4   3873.7
38   12   -96.4   -796.4   3855.5
38   13   132.2   23.3   3864.0
38   14   122.1   -411.7   3871.8
38   15   121.0   -794.2   3878.3
38   16   -284.9   362.5   3449.2
38   17   270.0   393.7   3445.0
38   18   19.2   655.3   3800.3
39   0   26.5   773.7   3791.7
39   1   19.9   573.5   3813.4
39   2   -141.4   566.8   3820.0
39   3   -322.8   416.5   3687.7
39   4   -359.5   353.7   3394.9
39   5   178.6   563.5   3804.0
39   6   344.2   383.6   3686.6
39   7   322.3   392.0   3386.3
39   8   22.1   313.1   3840.4
39   9   27.1   106.5   3846.6
39   10   -75.0   25.1   3862.4
39   11   -86.0   -404.3   3873.4
39   12   -96.3   -786.4   3856.2
39   13   131.1   27.1   3862.6
39   14   122.3   -402.4   3871.5
39   15   121.0   -785.0   3878.7
39   16   -353.5   364.1   3443.7
39   17   326.0   390.6   3436.4
39   18   19.2   655.0   3804.9
40   0   26.5   773.7   3796.9
40   1   19.9   573.2   3816.1
40   2   -142.1   567.6   3820.3
40   3   -328.4   441.0   3668.2
40   4   -444.4   348.5   3408.5
40   5   178.7   563.5   3804.1
40   6   358.2   401.2   3679.6
40   7   383.6   387.2   3377.3
40   8   22.1   315.6   3841.3
40   9   27.2   108.9   3846.5
40   10   -73.6   29.3   3860.6
40   11   -85.6   -395.3   3873.1
40   12   -96.2   -777.5   3857.7
40   13   130.1   32.0   3861.9
40   14   122.5   -392.8   3871.3
40   15   121.0   -775.4   3876.8
40   16   -425.2   363.9   3451.8
40   17   379.4   389.6   3427.7
40   18   19.2   654.8   3808.2
41   0   26.5   773.8   3801.4
41   1   19.9   573.1   3817.6
41   2   -143.1   569.1   3819.8
41   3   -329.8   454.0   3657.2
41   4   -505.1   352.3   3431.3
41   5   178.7   563.6   3804.3
41   6   359.4   425.4   3655.9
41   7   435.4   379.1   3365.0
41   8   22.2   318.3   3841.8
41   9   27.3   111.6   3846.3
41   10   -72.5   31.5   3859.8
41   11   -85.2   -389.2   3872.9
41   12   -96.1   -771.4   3859.5
41   13   129.0   34.2   3861.5
41   14   122.5   -386.7   3871.1
41   15   121.0   -769.3   3876.3
41   16   -476.0   369.2   3469.0
41   17   422.8   386.8   3413.5
41   18   19.2   654.7   3809.8
42   0   26.5   773.9   3803.8
42   1   19.9   573.1   3818.0
42   2   -144.7   572.3   3817.0
42   3   -333.6   460.9   3653.8
42   4   -546.2   358.0   3456.3
42   5   179.4   565.1   3804.4
42   6   354.4   443.3   3635.7
42   7   484.4   370.9   3370.5
42   8   22.2   320.7   3842.1
42   9   27.3   113.9   3846.0
42   10   -72.0   32.5   3859.5
42   11   -84.9   -385.1   3872.9
42   12   -96.0   -767.4   3860.2
42   13   128.5   35.4   3861.5
42   14   122.6   -382.6   3871.0
42   15   121.1   -765.1   3875.9
42   16   -510.8   375.1   3489.2
42   17   462.8   382.9   3414.7
42   18   19.2   654.7   3810.2
43   0   26.6   774.0   3805.2
43   1   19.9   573.2   3816.6
43   2   -146.8   577.6   3809.9
43   3   -341.7   465.9   3654.8
43   4   -572.6   357.0   3480.9
43   5   181.1   569.2   3804.3
43   6   349.1   452.1   3624.4
43   7   518.4   366.4   3385.4
43   8   22.1   322.3   3842.2
43   9   27.3   115.6   3845.7
43   10   -71.8   33.0   3859.5
43   11   -84.7   -382.2   3872.8
43   12   -95.9   -764.4   3859.4
43   13   128.4   35.9   3861.7
43   14   122.6   -379.6   3871.0
43   15   121.2   -762.2   3875.8
43   16   -534.1   375.1   3509.9
43   17   490.2   380.6   3425.2
43   18   19.2   654.7   3808.3
44   0   26.6   774.1   3805.6
44   1   19.9   573.4   3813.0
44   2   -148.4   582.6   3802.3
44   3   -347.8   465.4   3658.3
44   4   -584.9   355.8   3495.8
44   5   182.7   573.8   3804.2
44   6   346.4   454.7   3621.2
44   7   538.9   364.7   3401.4
44   8   22.1   323.3   3842.2
44   9   27.2   116.7   3845.3
44   10   -71.9   33.4   3859.5
44   11   -84.6   -380.1   3872.9
44   12   -95.9   -762.2   3857.3
44   13   128.4   36.2   3861.7
44   14   122.6   -377.5   3871.0
44   15   121.2   -760.1   3876.0
44   16   -545.3   374.0   3522.9
44   17   506.9   379.7   3438.0
44   18   19.2   654.8   3803.5
45   0   26.6   774.3   3803.2
45   1   19.9   573.8   3808.7
45   2   -148.8   585.2   3799.4
45   3   -348.1   464.4   3663.2
45   4   -588.7   356.3   3509.9
45   5   183.4   576.9   3803.9
45   6   344.8   456.2   3623.8
45   7   546.2   364.6   3414.3
45   8   22.1   323.8   3842.2
45   9   27.1   117.3   3845.0
45   10   -72.2   33.8   3859.4
45   11   -84.5   -378.1   3872.9
45   12   -95.8   -760.2   3856.2
45   13   128.4   36.6   3861.7
45   14   122.6   -375.6   3870.9
45   15   121.2   -758.2   3876.6
45   16   -548.6   374.3   3535.5
45   17   512.7   379.9   3449.2
45   18   19.2   655.1   3797.8
46   0   26.6   774.6   3797.7
46   1   19.9   574.3   3804.5
46   2   -148.5   586.3   3798.5
46   3   -346.3   464.5   3667.6
46   4   -584.4   357.8   3515.6
46   5   183.2   578.3   3803.3
46   6   344.6   457.1   3628.8
46   7   546.2   365.0   3423.3
46   8   22.1   324.1   3842.2
46   9   27.1   117.6   3844.6
46   10   -72.5   34.0   3859.4
46   11   -84.5   -376.8   3872.9
46   12   -95.8   -758.9   3855.8
46   13   128.7   36.9   3861.6
46   14   122.6   -374.2   3870.8
46   15   121.2   -756.8   3877.4
46   16   -544.7   375.6   3541.0
46   17   512.6   380.3   3457.6
46   18   19.2   655.4   3792.3
47   0   26.7   775.1   3792.2
47   1   19.9   574.9   3801.7
47   2   -147.9   586.7   3799.1
47   3   -342.7   463.1   3671.3
47   4   -577.2   360.2   3517.0
47   5   182.7   579.1   3802.5
47   6   345.4   458.3   3633.7
47   7   540.9   366.2   3426.3
47   8   22.1   324.0   3842.2
47   9   27.0   117.6   3844.2
47   10   -72.8   34.1   3859.4
47   11   -84.5   -375.9   3872.9
47   12   -95.8   -758.0   3855.7
47   13   128.9   37.1   3861.4
47   14   122.6   -373.2   3870.7
47   15   121.1   -755.7   3878.5
47   16   -538.1   377.4   3542.7
47   17   508.3   381.6   3460.9
47   18   19.2   655.8   3788.7
48   0   26.7   775.6   3789.3
48   1   19.9   575.4   3800.3
48   2   -147.2   586.8   3800.1
48   3   -338.0   460.4   3673.6
48   4   -569.3   362.8   3515.6
48   5   182.3   579.3   3801.4
48   6   347.1   459.1   3637.8
48   7   534.4   367.2   3426.6
48   8   22.1   323.9   3842.3
48   9   26.9   117.5   3843.9
48   10   -73.1   34.2   3859.5
48   11   -84.6   -375.1   3873.0
48   12   -95.8   -757.2   3855.9
48   13   129.5   37.8   3861.2
48   14   122.8   -371.7   3870.5
48   15   121.1   -754.3   3878.9
48   16   -530.7   379.0   3541.9
48   17   503.2   382.6   3461.8
48   18   19.2   656.3   3786.8
49   0   26.8   776.1   3788.3
49   1   19.9   575.9   3799.6
49   2   -146.5   586.6   3801.6
49   3   -333.6   457.8   3674.8
49   4   -561.9   364.1   3513.7
49   5   182.0   579.7   3800.2
49   6   349.2   459.3   3641.3
49   7   527.8   367.9   3425.3
49   8   22.1   323.9   3842.3
49   9   26.8   117.2   3843.5
49   10   -73.4   34.4   3859.5
49   11   -84.6   -374.3   3873.0
49   12   -95.7   -756.4   3855.5
49   13   130.3   39.0   3861.0
49   14   122.9   -369.9   3870.5
49   15   121.1   -752.5   3878.9
49   16   -523.9   379.7   3540.6
49   17   498.1   383.1   3461.3
49   18   19.2   656.8   3785.9
50   0   26.8   776.6   3788.1
50   1   20.0   576.4   3799.4
50   2   -146.0   586.4   3802.9
50   3   -331.3   455.6   3673.8
50   4   -555.5   363.1   3508.4
50   5   182.0   580.0   3799.0
50   6   350.8   457.4   3642.3
50   7   522.9   367.6   3421.9
50   8   22.1   323.9   3842.4
50   9   26.7   117.1   3843.1
50   10   -73.8   35.1   3859.4
50   11   -84.6   -373.2   3873.0
50   12   -95.5   -755.3   3854.9
50   13   131.1   40.6   3860.7
50   14   123.0   -367.9   3870.5
50   15   121.2   -750.5   3878.7
50   16   -518.2   378.5   3536.0
50   17   494.2   382.6   3458.6
50   18   19.3   657.2   3785.7
51   0   26.9   777.1   3788.3
51   1   20.0   576.9   3799.4
51   2   -145.5   586.4   3804.5
51   3   -330.6   454.3   3672.8
51   4   -547.5   360.5   3500.3
51   5   182.0   580.4   3797.9
51   6   352.0   454.1   3642.4
51   7   520.5   365.9   3419.7
51   8   22.1   324.1   3842.4
51   9   26.6   117.0   3842.8
51   10   -74.2   36.0   3859.4
51   11   -84.7   -372.0   3872.9
51   12   -95.3   -754.1   3854.0
51   13   131.1   41.0   3860.1
51   14   123.0   -367.1   3870.4
51   15   121.3   -749.7   3878.2
51   16   -511.4   376.1   3529.1
51   17   492.4   380.6   3456.8
51   18   19.3   657.7   3785.6
52   0   26.9   777.5   3788.6
52   1   20.0   577.3   3799.4
52   2   -145.2   586.3   3805.1
52   3   -331.0   453.3   3671.8
52   4   -543.3   356.7   3495.9
52   5   182.2   580.7   3795.7
52   6   352.8   449.4   3642.0
52   7   519.2   363.4   3417.7
52   8   22.1   324.3   3842.4
52   9   26.5   117.0   3842.4
52   10   -74.4   36.4   3859.3
52   11   -84.8   -371.2   3872.8
52   12   -95.3   -753.2   3852.5
52   13   130.5   40.7   3859.8
52   14   123.0   -367.1   3870.3
52   15   121.5   -749.8   3877.1
52   16   -507.9   372.8   3525.2
52   17   491.5   377.7   3455.1
52   18   19.4   658.2   3785.7
53   0   27.0   778.0   3788.8
53   1   20.1   577.8   3799.5
53   2   -145.0   586.4   3805.2
53   3   -331.7   452.5   3670.8
53   4   -541.1   353.3   3493.1
53   5   182.4   581.1   3793.1
53   6   353.6   445.2   3641.2
53   7   518.1   361.8   3414.7
53   8   22.1   324.6   3842.4
53   9   26.4   117.1   3842.0
53   10   -74.6   36.8   3859.2
53   11   -84.8   -370.6   3872.7
53   12   -95.4   -752.6   3850.8
53   13   130.0   40.4   3859.7
53   14   123.0   -367.3   3870.2
53   15   121.7   -749.9   3875.9
53   16   -506.2   369.8   3522.7
53   17   490.7   375.7   3452.5
53   18   19.4   658.7   3785.8
54   0   27.1   778.5   3788.9
54   1   20.2   578.3   3799.5
54   2   -144.8   586.5   3805.2
54   3   -332.2   451.8   3669.8
54   4   -540.0   351.4   3490.8
54   5   182.7   581.4   3790.9
54   6   354.9   443.3   3639.9
54   7   516.9   360.2   3411.5
54   8   22.1   325.0   3842.3
54   9   26.2   117.3   3841.6
54   10   -74.8   37.2   3859.1
54   11   -84.9   -370.1   3872.6
54   12   -95.6   -751.9   3848.5
54   13   129.3   39.9   3859.6
54   14   123.0   -367.5   3870.2
54   15   121.9   -750.2   3875.5
54   16   -505.4   368.1   3520.7
54   17   489.9   374.0   3449.5
54   18   19.5   659.2   3785.8
55   0   27.2   779.0   3789.0
55   1   20.3   578.8   3799.5
55   2   -144.6   586.6   3805.1
55   3   -332.5   451.4   3669.0
55   4   -539.9   350.4   3489.7
55   5   182.9   581.8   3790.6
55   6   355.8   443.3   3638.8
55   7   516.2   359.0   3409.7
55   8   22.1   325.3   3842.2
55   9   26.1   117.6   3841.1
55   10   -75.0   37.5   3859.0
55   11   -85.0   -369.6   3872.5
55   12   -95.9   -751.4   3847.5
55   13   128.6   39.4   3859.5
55   14   122.9   -368.0   3870.1
55   15   122.0   -750.7   3875.7
55   16   -505.3   367.2   3519.5
55   17   489.5   373.1   3447.9
55   18   19.7   659.7   3785.9
56   0   27.6   779.5   3789.0
56   1   20.5   579.3   3799.5
56   2   -144.3   586.7   3805.0
56   3   -332.5   451.1   3668.0
56   4   -540.0   350.0   3489.1
56   5   183.3   582.1   3791.4
56   6   356.1   443.5   3638.2
56   7   516.4   358.7   3409.2
56   8   22.1   325.7   3842.1
56   9   26.0   117.9   3840.6
56   10   -75.1   37.8   3858.8
56   11   -85.0   -369.2   3872.4
56   12   -96.0   -751.0   3847.4
56   13   128.0   39.0   3859.3
56   14   122.9   -368.2   3870.0
56   15   122.0   -750.9   3876.6
56   16   -505.4   366.8   3518.9
56   17   489.6   372.8   3447.4
56   18   20.0   660.2   3785.9
57   0   28.3   780.0   3789.0
57   1   20.9   579.8   3799.5
57   2   -144.0   586.9   3804.9
57   3   -332.4   451.1   3667.2
57   4   -540.2   349.8   3488.9
57   5   183.6   582.0   3791.8
57   6   356.6   443.4   3637.6
57   7   516.6   358.4   3408.7
57   8   22.1   326.1   3842.0
57   9   25.9   118.2   3839.9
57   10   -75.3   38.2   3858.5
57   11   -85.1   -368.7   3872.4
57   12   -96.1   -750.6   3848.1
57   13   127.5   38.8   3859.1
57   14   122.8   -368.4   3869.4
57   15   121.9   -751.0   3877.8
57   16   -505.6   366.7   3518.6
57   17   490.0   372.6   3446.9
57   18   20.5   660.7   3785.9
58   0   29.1   780.6   3789.1
58   1   21.4   580.3   3799.5
58   2   -143.5   587.1   3804.8
58   3   -330.3   452.5   3667.6
58   4   -538.6   350.5   3490.7
58   5   184.2   581.8   3792.0
58   6   355.6   444.3   3638.5
58   7   516.2   358.6   3410.6
58   8   22.1   326.6   3841.9
58   9   25.8   118.7   3839.1
58   10   -75.4   38.7   3858.1
58   11   -85.1   -368.2   3872.2
58   12   -96.2   -750.1   3848.7
58   13   126.9   38.7   3858.8
58   14   122.7   -368.4   3869.0
58   15   121.8   -751.1   3878.2
58   16   -503.9   367.5   3520.2
58   17   489.4   372.9   3448.5
58   18   21.1   661.2   3785.9
59   0   30.4   781.1   3789.1
59   1   22.1   580.8   3799.4
59   2   -142.8   587.4   3804.6
59   3   -327.3   454.7   3668.0
59   4   -536.0   351.7   3492.7
59   5   185.0   581.4   3792.1
59   6   354.2   445.4   3639.8
59   7   515.3   359.1   3412.9
59   8   22.1   327.1   3841.8
59   9   25.6   119.1   3838.3
59   10   -75.4   39.0   3857.6
59   11   -85.0   -367.9   3872.1
59   12   -96.3   -749.8   3848.9
59   13   126.4   38.7   3858.5
59   14   122.5   -368.4   3868.8
59   15   121.7   -751.1   3878.3
59   16   -501.2   368.9   3522.0
59   17   488.4   373.5   3450.8
59   18   22.0   661.8   3785.9
