18   0   -166.7   501.4   3624.4
18   1   -170.6   323.8   3623.1
18   2   -320.7   314.8   3621.4
18   3   -324.1   92.9   3525.5
18   4   -131.0   244.7   3426.3
18   5   -26.3   309.7   3656.4
18   6   -23.4   91.1   3553.0
18   7   -58.6   -170.0   3580.9
18   8   -175.6   108.6   3654.2
18   9   -179.2   -59.8   3656.7
18   10   -283.5   -150.2   3679.6
18   11   -272.0   -510.9   3660.5
18   12   -192.6   -833.0   3734.2
18   13   -82.8   -150.5   3697.3
18   14   -138.5   -505.3   3657.0
18   15   -163.2   -826.2   3766.1
18   16   -163.2   219.4   3442.8
18   17   -52.8   -126.4   3576.3
18   18   -168.9   395.8   3612.7
19   0   -166.1   502.4   3625.2
19   1   -170.1   324.9   3623.4
19   2   -319.5   315.3   3617.6
19   3   -325.0   92.2   3524.8
19   4   -131.6   244.4   3426.5
19   5   -25.4   310.4   3652.0
19   6   -19.6   89.4   3555.7
19   7   -60.5   -170.6   3583.0
19   8   -175.2   109.6   3655.9
19   9   -179.6   -59.3   3660.3
19   10   -282.6   -148.8   3680.8
19   11   -271.5   -509.9   3663.8
19   12   -192.2   -833.4   3726.2
19   13   -84.4   -150.0   3697.7
19   14   -134.8   -506.1   3664.4
19   15   -162.1   -829.8   3752.2
19   16   -163.9   219.0   3442.9
19   17   -53.7   -127.3   3578.4
19   18   -168.4   396.9   3612.5
20   0   -163.8   505.7   3627.0
20   1   -168.9   328.9   3624.1
20   2   -317.1   318.7   3614.2
20   3   -326.2   94.7   3524.1
20   4   -134.0   247.7   3424.9
20   5   -24.2   313.7   3647.8
20   6   -8.3   88.8   3565.2
20   7   -63.0   -168.2   3590.4
20   8   -174.4   113.3   3660.6
20   9   -180.8   -56.4   3670.3
20   10   -279.5   -145.3   3682.3
20   11   -270.1   -507.0   3669.7
20   12   -189.8   -832.7   3708.7
20   13   -89.0   -147.3   3697.8
20   14   -126.5   -505.5   3681.5
20   15   -160.2   -830.2   3711.1
20   16   -166.1   222.2   3441.4
20   17   -53.8   -125.4   3586.2
20   18   -167.0   400.7   3612.0
21   0   -160.8   510.1   3629.6
21   1   -167.3   334.1   3625.0
21   2   -313.2   322.2   3608.5
21   3   -327.6   96.5   3523.5
21   4   -137.3   251.3   3423.7
21   5   -23.5   317.1   3641.2
21   6   1.1   87.7   3573.8
21   7   -65.6   -166.2   3602.7
21   8   -173.2   118.2   3666.2
21   9   -182.0   -52.7   3681.2
21   10   -275.4   -141.1   3683.2
21   11   -268.5   -504.7   3676.3
21   12   -187.8   -832.7   3692.7
21   13   -93.1   -142.4   3697.5
21   14   -116.9   -504.0   3698.1
21   15   -161.1   -832.5   3688.1
21   16   -169.0   225.5   3440.4
21   17   -54.5   -123.9   3597.9
21   18   -165.3   405.6   3611.4
22   0   -158.6   513.3   3631.4
22   1   -166.1   337.9   3625.4
22   2   -309.8   324.2   3605.1
22   3   -328.3   97.6   3523.1
22   4   -138.9   253.6   3423.2
22   5   -23.5   319.4   3637.1
22   6   7.0   87.8   3577.2
22   7   -67.3   -163.9   3610.3
22   8   -172.2   121.0   3669.3
22   9   -182.7   -52.7   3687.9
22   10   -273.4   -139.2   3684.3
22   11   -267.6   -503.6   3681.2
22   12   -187.3   -833.1   3683.2
22   13   -94.3   -139.2   3697.4
22   14   -111.9   -502.7   3703.4
22   15   -166.8   -834.2   3704.1
22   16   -170.5   227.6   3439.8
22   17   -54.9   -122.0   3604.8
22   18   -164.1   409.3   3610.9
23   0   -157.2   515.0   3632.4
23   1   -165.4   339.8   3625.3
23   2   -307.7   325.3   3603.4
23   3   -328.9   98.3   3523.0
23   4   -139.6   254.0   3422.6
23   5   -24.1   320.2   3635.4
23   6   9.4   89.0   3573.6
23   7   -69.0   -161.4   3608.8
23   8   -171.5   121.3   3670.0
23   9   -182.9   -55.3   3690.4
23   10   -274.2   -139.7   3685.5
23   11   -267.4   -506.6   3683.6
23   12   -187.2   -836.8   3681.2
23   13   -93.1   -139.1   3697.5
23   14   -109.7   -505.5   3707.2
23   15   -169.3   -838.8   3713.6
23   16   -171.2   228.1   3439.4
23   17   -55.9   -119.7   3602.9
23   18   -163.4   411.1   3610.7
24   0   -156.5   515.6   3632.8
24   1   -165.0   340.5   3625.0
24   2   -306.6   325.8   3602.6
24   3   -331.2   98.7   3523.0
24   4   -140.1   252.0   3422.2
24   5   -25.0   320.0   3634.8
24   6   10.3   89.3   3571.1
24   7   -72.5   -160.8   3598.0
24   8   -171.2   119.9   3669.3
24   9   -182.7   -59.0   3690.3
24   10   -276.8   -141.6   3685.9
24   11   -267.6   -509.0   3684.3
24   12   -188.6   -839.7   3680.6
24   13   -90.6   -141.3   3697.9
24   14   -108.8   -508.2   3710.4
24   15   -170.1   -842.4   3715.5
24   16   -172.0   226.5   3439.0
24   17   -58.7   -119.1   3593.5
24   18   -163.1   411.9   3610.6
25   0   -156.3   515.7   3632.8
25   1   -164.9   340.6   3624.7
25   2   -306.0   325.8   3602.5
25   3   -341.3   100.3   3523.0
25   4   -142.8   243.1   3421.7
25   5   -25.6   319.7   3634.8
25   6   11.7   89.4   3570.9
25   7   -73.6   -160.7   3587.7
25   8   -171.0   118.0   3668.5
25   9   -182.2   -62.8   3689.1
25   10   -279.5   -143.3   3685.8
25   11   -267.7   -511.1   3684.3
25   12   -190.3   -842.2   3680.3
25   13   -87.9   -143.9   3698.5
25   14   -111.6   -510.9   3710.3
25   15   -168.5   -846.3   3709.7
25   16   -175.8   219.3   3438.6
25   17   -59.4   -119.0   3584.9
25   18   -163.0   412.0   3610.7
26   0   -156.3   515.5   3632.8
26   1   -164.9   340.3   3624.5
26   2   -305.8   325.8   3602.6
26   3   -364.4   105.7   3523.8
26   4   -157.9   217.9   3406.0
26   5   -25.6   320.0   3634.9
26   6   19.3   89.4   3578.0
26   7   -73.5   -158.2   3576.7
26   8   -170.9   116.3   3667.8
26   9   -181.6   -66.5   3687.8
26   10   -281.6   -144.5   3685.8
26   11   -267.8   -511.6   3683.7
26   12   -192.4   -843.1   3679.7
26   13   -85.9   -146.8   3699.3
26   14   -111.2   -513.2   3709.7
26   15   -167.5   -847.8   3690.6
26   16   -192.3   199.2   3425.6
26   17   -58.0   -117.0   3576.9
26   18   -162.9   411.7   3610.7
27   0   -156.3   515.0   3632.7
27   1   -164.9   339.8   3624.6
27   2   -305.7   325.8   3602.8
27   3   -392.4   115.3   3525.2
27   4   -229.3   164.9   3343.8
27   5   -25.5   320.6   3636.2
27   6   40.4   91.9   3603.6
27   7   -45.7   -32.9   3465.3
27   8   -171.0   115.4   3667.7
27   9   -181.0   -67.4   3686.1
27   10   -282.0   -144.8   3685.8
27   11   -267.8   -510.9   3683.4
27   12   -194.8   -843.0   3678.9
27   13   -85.7   -149.1   3699.9
27   14   -110.5   -514.6   3710.0
27   15   -167.9   -847.8   3675.6
27   16   -256.4   156.7   3374.0
27   17   -31.4   -12.6   3488.3
27   18   -162.9   411.3   3610.9
28   0   -156.3   514.6   3632.7
28   1   -164.9   339.3   3624.9
28   2   -305.8   325.9   3603.0
28   3   -427.5   135.0   3524.1
28   4   -350.1   110.7   3297.5
28   5   -25.8   321.2   3640.0
28   6   68.1   101.1   3627.7
28   7   49.9   24.8   3413.3
28   8   -171.1   115.7   3668.2
28   9   -180.5   -66.4   3683.8
28   10   -280.2   -144.2   3685.8
28   11   -267.6   -509.4   3683.4
28   12   -197.5   -842.6   3679.4
28   13   -86.9   -148.6   3699.9
28   14   -120.4   -512.0   3693.0
28   15   -163.0   -848.6   3678.6
28   16   -362.9   114.9   3335.3
28   17   52.8   37.3   3449.0
28   18   -163.0   410.8   3611.0
29   0   -156.4   514.1   3632.6
29   1   -165.0   338.8   3625.2
29   2   -305.9   326.0   3603.4
29   3   -451.9   153.4   3520.1
29   4   -499.7   70.5   3302.1
29   5   -25.6   321.6   3640.2
29   6   94.3   113.8   3624.6
29   7   183.8   29.7   3417.9
29   8   -171.3   117.0   3669.0
29   9   -180.1   -64.1   3680.7
29   10   -277.1   -142.9   3685.7
29   11   -267.2   -507.3   3683.6
29   12   -199.1   -841.1   3680.2
29   13   -89.4   -147.1   3699.5
29   14   -123.3   -508.4   3670.8
29   15   -162.2   -844.9   3687.8
29   16   -491.8   84.3   3338.5
29   17   168.9   43.6   3452.3
29   18   -163.0   410.2   3611.1
30   0   -156.4   513.6   3632.6
30   1   -165.1   338.4   3625.6
30   2   -306.0   326.2   3603.7
30   3   -464.4   166.0   3514.9
30   4   -614.0   65.8   3340.0
30   5   -25.0   321.8   3637.9
30   6   118.3   128.6   3621.1
30   7   284.6   28.6   3460.2
30   8   -171.4   118.7   3669.6
30   9   -179.7   -61.6   3676.8
30   10   -273.5   -140.4   3685.3
30   11   -266.3   -504.2   3683.7
30   12   -200.0   -838.4   3679.6
30   13   -92.1   -143.9   3698.7
30   14   -119.4   -505.8   3683.2
30   15   -164.3   -842.1   3681.6
30   16   -589.2   82.4   3369.1
30   17   257.1   45.2   3487.0
30   18   -163.0   409.8   3611.3
31   0   -156.4   513.4   3632.6
31   1   -165.1   338.1   3625.8
31   2   -306.0   326.5   3604.4
31   3   -473.9   177.1   3512.6
31   4   -678.9   74.9   3372.7
31   5   -24.6   322.2   3636.5
31   6   140.1   145.7   3630.0
31   7   351.8   31.9   3525.9
31   8   -171.5   120.2   3669.9
31   9   -179.4   -60.6   3672.0
31   10   -270.7   -135.3   3684.3
31   11   -265.7   -499.8   3683.6
31   12   -201.3   -834.2   3678.8
31   13   -94.0   -138.0   3697.6
31   14   -116.5   -501.4   3694.7
31   15   -165.1   -837.0   3676.7
31   16   -644.8   91.9   3396.1
31   17   316.6   50.8   3543.3
31   18   -163.0   409.5   3611.4
32   0   -156.4   513.3   3632.6
32   1   -165.1   338.0   3625.9
32   2   -306.0   326.8   3605.2
32   3   -480.7   185.8   3512.7
32   4   -707.5   82.6   3392.5
32   5   -23.7   323.6   3634.4
32   6   154.0   159.0   3639.6
32   7   388.3   40.7   3575.8
32   8   -171.5   121.3   3669.8
32   9   -179.1   -60.1   3667.6
32   10   -270.5   -126.6   3683.5
32   11   -265.8   -491.2   3683.4
32   12   -203.3   -825.8   3677.3
32   13   -93.6   -129.7   3696.9
32   14   -115.4   -493.4   3697.6
32   15   -164.0   -829.3   3676.3
32   16   -669.7   99.8   3412.6
32   17   349.3   60.4   3586.4
32   18   -163.0   409.4   3611.4
33   0   -156.4   513.4   3632.4
33   1   -165.1   338.0   3625.9
33   2   -305.8   327.4   3606.0
33   3   -484.9   191.9   3514.0
33   4   -716.7   89.6   3401.8
33   5   -22.1   326.6   3632.8
33   6   157.8   164.8   3650.2
33   7   396.7   47.6   3587.9
33   8   -171.6   121.9   3669.5
33   9   -178.7   -60.0   3664.8
33   10   -270.7   -120.2   3682.3
33   11   -265.8   -484.4   3683.1
33   12   -204.3   -820.9   3676.7
33   13   -92.4   -123.3   3695.9
33   14   -119.7   -484.0   3666.4
33   15   -160.8   -820.1   3689.0
33   16   -678.1   106.7   3420.5
33   17   356.8   67.2   3598.3
33   18   -163.0   409.4   3611.4
34   0   -156.3   513.8   3630.6
34   1   -165.1   338.1   3625.7
34   2   -305.6   328.2   3606.4
34   3   -486.6   195.7   3514.4
34   4   -716.1   96.3   3403.5
34   5   -21.0   329.2   3631.3
34   6   157.4   166.6   3655.4
34   7   397.4   57.7   3590.1
34   8   -171.6   122.1   3669.0
34   9   -178.1   -60.2   3663.3
34   10   -272.1   -114.0   3680.2
34   11   -264.8   -477.4   3669.4
34   12   -205.4   -817.6   3680.7
34   13   -90.6   -118.7   3694.3
34   14   -115.7   -480.2   3684.9
34   15   -162.2   -820.7   3684.2
34   16   -677.8   112.8   3421.9
34   17   357.4   75.9   3601.0
34   18   -163.0   409.5   3611.4
35   0   -156.3   514.4   3627.1
35   1   -165.1   338.2   3625.6
35   2   -305.4   329.0   3606.6
35   3   -486.0   197.1   3513.6
35   4   -711.8   103.6   3400.3
35   5   -20.1   332.0   3630.8
35   6   155.7   167.2   3657.3
35   7   391.0   64.6   3579.9
35   8   -171.5   122.0   3668.3
35   9   -177.5   -60.5   3662.6
35   10   -271.4   -113.1   3677.5
35   11   -267.1   -476.2   3670.6
35   12   -204.8   -817.3   3681.0
35   13   -91.2   -119.2   3692.9
35   14   -112.9   -480.9   3701.0
35   15   -163.4   -821.9   3679.0
35   16   -674.1   119.2   3419.2
35   17   351.7   81.7   3592.8
35   18   -163.0   409.6   3611.4
36   0   -156.2   515.1   3622.1
36   1   -165.0   338.2   3625.4
36   2   -305.2   329.9   3606.8
36   3   -484.3   197.5   3512.1
36   4   -705.4   111.4   3391.7
36   5   -20.3   332.7   3630.6
36   6   154.6   167.4   3657.7
36   7   386.6   66.1   3576.7
36   8   -171.5   121.8   3667.6
36   9   -176.9   -61.2   3662.4
36   10   -269.3   -117.9   3676.5
36   11   -276.3   -478.7   3646.4
36   12   -202.0   -816.6   3689.1
36   13   -93.8   -125.5   3691.6
36   14   -115.6   -485.0   3666.3
36   15   -162.9   -826.3   3694.3
36   16   -668.5   125.8   3411.8
36   17   347.9   83.0   3590.2
36   18   -162.9   409.7   3611.4
37   0   -156.2   515.6   3616.1
37   1   -165.0   338.3   3625.1
37   2   -305.1   330.8   3606.8
37   3   -482.4   198.0   3509.7
37   4   -699.3   118.3   3381.5
37   5   -20.9   332.4   3630.4
37   6   154.2   167.5   3657.5
37   7   382.8   64.6   3573.5
37   8   -171.4   121.6   3666.8
37   9   -176.5   -62.8   3662.5
37   10   -268.4   -124.0   3676.5
37   11   -291.0   -480.0   3618.4
37   12   -199.3   -810.6   3696.6
37   13   -94.6   -132.4   3691.3
37   14   -114.0   -491.3   3651.9
37   15   -165.3   -835.5   3702.1
37   16   -663.1   131.6   3402.8
37   17   344.7   81.8   3587.5
37   18   -162.8   409.8   3611.4
38   0   -156.2   515.9   3612.2
38   1   -164.9   338.3   3624.9
38   2   -305.0   331.6   3606.9
38   3   -480.4   198.5   3506.8
38   4   -693.7   122.6   3371.3
38   5   -21.3   332.3   3630.3
38   6   153.8   167.5   3657.2
38   7   379.7   62.0   3570.4
38   8   -171.4   121.4   3665.9
38   9   -176.1   -62.7   3662.7
38   10   -269.8   -127.2   3677.4
38   11   -279.8   -486.0   3648.3
38   12   -199.1   -825.7   3689.5
38   13   -93.1   -136.5   3691.9
38   14   -113.1   -494.8   3644.2
38   15   -166.4   -839.6   3706.0
38   16   -658.1   135.2   3393.9
38   17   342.1   79.6   3584.9
38   18   -162.7   409.9   3611.4
39   0   -156.2   516.1   3610.5
39   1   -164.8   338.4   3624.6
39   2   -304.9   332.3   3607.0
39   3   -478.3   199.2   3503.5
39   4   -690.0   125.7   3363.4
39   5   -21.6   332.3   3630.3
39   6   153.5   167.5   3656.9
39   7   378.2   59.7   3568.7
39   8   -171.4   121.2   3665.0
39   9   -175.9   -61.9   3662.8
39   10   -272.3   -125.5   3677.1
39   11   -273.4   -486.0   3665.5
39   12   -200.2   -829.2   3685.9
39   13   -90.6   -135.8   3692.3
39   14   -108.9   -495.6   3661.1
39   15   -168.6   -841.2   3697.8
39   16   -654.7   137.9   3386.7
39   17   340.8   77.7   3583.4
39   18   -162.6   410.0   3611.3
40   0   -156.2   516.2   3609.9
40   1   -164.7   338.4   3624.4
40   2   -304.9   333.0   3607.0
40   3   -476.2   199.8   3500.3
40   4   -690.1   127.7   3362.1
40   5   -21.7   332.4   3630.3
40   6   153.4   167.7   3656.6
40   7   378.2   58.8   3569.0
40   8   -171.3   121.0   3664.1
40   9   -176.0   -62.6   3662.8
40   10   -275.6   -116.1   3675.7
40   11   -270.5   -479.5   3673.2
40   12   -202.4   -823.3   3684.7
40   13   -85.5   -125.1   3692.4
40   14   -108.2   -487.7   3682.9
40   15   -167.0   -832.6   3688.0
40   16   -654.4   139.8   3385.2
40   17   340.7   76.9   3583.6
40   18   -162.5   410.1   3611.3
41   0   -156.3   516.3   3610.0
41   1   -164.6   338.5   3624.1
41   2   -304.9   333.7   3607.1
41   3   -474.9   200.1   3498.9
41   4   -690.6   130.3   3362.1
41   5   -21.7   332.6   3630.3
41   6   153.6   168.1   3656.5
41   7   378.7   58.6   3570.1
41   8   -171.3   120.9   3663.1
41   9   -176.0   -63.7   3662.8
41   10   -274.6   -114.8   3673.4
41   11   -269.4   -479.3   3676.4
41   12   -202.3   -824.7   3684.6
41   13   -86.1   -123.6   3690.2
41   14   -112.2   -485.9   3667.3
41   15   -165.0   -831.5   3694.0
41   16   -654.6   141.9   3384.9
41   17   341.2   76.8   3584.5
41   18   -162.4   410.2   3611.3
42   0   -156.3   516.3   3610.2
42   1   -164.5   338.6   3623.9
42   2   -304.8   334.3   3607.1
42   3   -473.9   200.1   3498.2
42   4   -690.5   133.6   3361.1
42   5   -21.7   332.8   3630.2
42   6   154.0   168.8   3656.3
42   7   379.3   59.0   3570.9
42   8   -171.2   120.8   3662.2
42   9   -176.1   -64.6   3662.9
42   10   -273.7   -114.1   3670.7
42   11   -268.7   -478.5   3677.3
42   12   -202.6   -823.4   3683.0
42   13   -87.3   -123.3   3688.9
42   14   -108.7   -486.2   3688.1
42   15   -166.3   -830.8   3685.5
42   16   -654.4   144.6   3384.0
42   17   341.8   77.3   3585.1
42   18   -162.3   410.3   3611.2
43   0   -156.3   516.4   3610.4
43   1   -164.4   338.6   3623.6
43   2   -304.8   335.0   3607.1
43   3   -473.1   200.2   3497.8
43   4   -690.6   137.0   3360.5
43   5   -21.7   333.0   3630.1
43   6   154.4   169.5   3656.2
43   7   380.4   60.1   3571.9
43   8   -171.2   120.7   3661.3
43   9   -176.2   -65.4   3662.9
43   10   -273.0   -113.9   3667.7
43   11   -268.8   -477.8   3676.5
43   12   -202.9   -821.1   3682.5
43   13   -88.3   -123.3   3688.1
43   14   -106.3   -486.2   3699.3
43   15   -167.2   -828.9   3681.0
43   16   -654.3   147.5   3383.4
43   17   342.7   78.3   3585.9
43   18   -162.1   410.4   3611.2
44   0   -156.3   516.5   3610.7
44   1   -164.2   338.7   3623.4
44   2   -304.7   335.6   3607.1
44   3   -472.6   200.8   3497.3
44   4   -689.7   138.6   3360.0
44   5   -21.7   333.3   3630.1
44   6   154.9   170.3   3656.1
44   7   381.5   61.6   3574.1
44   8   -171.1   120.6   3660.4
44   9   -176.2   -65.8   3662.9
44   10   -272.4   -114.1   3666.8
44   11   -267.7   -477.5   3671.7
44   12   -203.4   -820.1   3683.4
44   13   -89.2   -123.9   3687.6
44   14   -105.1   -486.4   3705.7
44   15   -167.7   -828.1   3678.5
44   16   -653.6   148.9   3382.9
44   17   343.7   79.8   3587.7
44   18   -162.0   410.5   3611.2
45   0   -156.3   516.6   3611.0
45   1   -164.1   338.8   3623.1
45   2   -304.6   336.3   3607.1
45   3   -472.5   201.7   3497.1
45   4   -687.9   138.5   3359.2
45   5   -21.7   333.5   3630.0
45   6   155.5   171.3   3655.9
45   7   382.6   63.6   3576.9
45   8   -171.1   120.5   3659.4
45   9   -176.2   -66.2   3663.0
45   10   -272.1   -114.2   3666.4
45   11   -268.1   -477.1   3670.9
45   12   -203.6   -818.3   3683.4
45   13   -89.5   -123.8   3687.3
45   14   -104.7   -485.8   3708.5
45   15   -168.1   -826.2   3678.7
45   16   -652.0   149.0   3382.2
45   17   344.7   81.5   3590.0
45   18   -161.8   410.5   3611.1
46   0   -156.3   516.7   3611.3
46   1   -163.9   338.8   3622.8
46   2   -304.3   336.6   3607.1
46   3   -472.6   202.7   3497.1
46   4   -685.6   137.8   3358.3
46   5   -21.5   333.8   3630.0
46   6   156.4   172.4   3655.8
46   7   382.9   64.4   3579.2
46   8   -171.0   120.5   3658.6
46   9   -176.2   -66.8   3663.0
46   10   -272.5   -115.2   3666.4
46   11   -268.7   -477.5   3673.9
46   12   -203.3   -817.2   3682.4
46   13   -89.0   -124.7   3687.4
46   14   -104.3   -486.3   3709.1
46   15   -169.0   -825.0   3679.0
46   16   -650.1   148.6   3381.4
46   17   345.1   82.4   3592.0
46   18   -161.6   410.6   3611.1
47   0   -156.3   516.8   3611.6
47   1   -163.7   338.9   3622.6
47   2   -303.9   336.8   3607.1
47   3   -472.8   203.8   3496.9
47   4   -683.4   136.9   3357.8
47   5   -21.4   333.9   3630.0
47   6   156.8   172.8   3655.8
47   7   382.2   65.0   3579.9
47   8   -171.0   120.4   3657.5
47   9   -176.1   -65.8   3662.9
47   10   -273.1   -116.5   3666.6
47   11   -269.0   -478.3   3679.4
47   12   -203.0   -816.5   3680.8
47   13   -88.1   -126.0   3687.6
47   14   -104.2   -487.2   3709.3
47   15   -169.3   -824.4   3678.4
47   16   -648.3   148.1   3380.9
47   17   344.6   83.0   3592.6
47   18   -161.3   410.7   3611.1
48   0   -156.3   516.8   3611.9
48   1   -163.5   339.0   3622.3
48   2   -303.5   336.9   3607.1
48   3   -473.0   204.8   3496.8
48   4   -682.3   136.3   3358.1
48   5   -21.3   333.9   3630.0
48   6   156.8   172.9   3655.9
48   7   381.2   65.3   3579.5
48   8   -170.9   120.3   3656.5
48   9   -176.0   -64.3   3662.8
48   10   -273.6   -117.3   3666.7
48   11   -269.2   -478.8   3678.1
48   12   -203.0   -815.8   3681.3
48   13   -87.4   -126.8   3687.8
48   14   -104.6   -487.5   3709.7
48   15   -169.2   -823.4   3677.1
48   16   -647.4   147.7   3381.2
48   17   343.8   83.2   3592.2
48   18   -161.0   410.8   3611.0
49   0   -155.6   516.9   3612.0
49   1   -163.2   339.1   3622.0
49   2   -303.1   336.9   3607.1
49   3   -473.1   206.0   3496.5
49   4   -681.5   135.6   3358.2
49   5   -21.2   333.8   3630.1
49   6   157.0   173.0   3656.0
49   7   380.3   65.4   3578.1
49   8   -170.9   120.3   3655.4
49   9   -175.9   -62.6   3662.7
49   10   -273.4   -116.6   3666.6
49   11   -269.1   -479.7   3677.7
49   12   -202.9   -815.8   3681.6
49   13   -87.2   -125.7   3687.4
49   14   -106.2   -487.8   3710.7
49   15   -168.4   -822.9   3675.5
49   16   -646.7   147.3   3381.3
49   17   343.1   83.4   3591.1
49   18   -160.7   410.9   3611.0
50   0   -154.5   516.9   3612.1
50   1   -163.0   339.2   3621.7
50   2   -302.7   337.1   3607.1
50   3   -473.2   207.1   3496.2
50   4   -681.4   134.7   3358.1
50   5   -21.0   333.8   3630.1
50   6   157.2   173.1   3656.1
50   7   380.0   65.6   3576.1
50   8   -170.8   120.2   3654.3
50   9   -176.0   -62.7   3662.8
50   10   -272.7   -114.9   3666.4
50   11   -268.9   -481.8   3676.9
50   12   -202.5   -817.0   3682.1
50   13   -87.6   -123.6   3686.7
50   14   -106.9   -489.3   3710.4
50   15   -168.0   -823.8   3674.8
50   16   -646.7   146.7   3381.1
50   17   342.9   83.5   3589.4
50   18   -160.4   411.0   3610.9
51   0   -153.2   516.9   3612.3
51   1   -162.7   339.2   3621.5
51   2   -302.4   337.2   3607.1
51   3   -472.9   207.6   3496.0
51   4   -681.5   134.2   3358.1
51   5   -20.9   333.7   3630.1
51   6   157.3   173.1   3656.2
51   7   380.3   66.2   3574.0
51   8   -170.8   120.3   3653.7
51   9   -176.1   -63.3   3663.0
51   10   -271.9   -113.6   3666.3
51   11   -267.9   -480.8   3656.5
51   12   -202.8   -816.8   3688.5
51   13   -88.4   -122.4   3686.2
51   14   -106.3   -489.1   3708.7
51   15   -168.1   -826.4   3674.7
51   16   -646.8   146.4   3381.1
51   17   343.1   84.0   3587.7
51   18   -160.1   411.1   3610.9
52   0   -151.6   516.9   3612.4
52   1   -162.4   339.4   3621.3
52   2   -302.0   337.4   3607.1
52   3   -472.3   207.7   3496.1
52   4   -681.6   133.9   3358.3
52   5   -20.7   333.5   3630.2
52   6   157.4   173.0   3656.3
52   7   381.1   67.9   3571.6
52   8   -170.7   120.3   3653.2
52   9   -176.1   -64.0   3663.1
52   10   -271.1   -113.4   3666.3
52   11   -267.8   -476.9   3623.8
52   12   -204.3   -806.8   3695.5
52   13   -89.3   -122.1   3686.0
52   14   -112.0   -488.1   3702.4
52   15   -165.2   -828.2   3675.5
52   16   -646.7   146.2   3381.2
52   17   343.8   85.5   3585.7
52   18   -159.7   411.2   3610.8
53   0   -150.0   516.8   3612.6
53   1   -162.0   339.5   3621.2
53   2   -301.5   337.6   3607.1
53   3   -471.5   207.6   3496.2
53   4   -681.5   133.7   3358.6
53   5   -20.4   333.4   3630.3
53   6   157.7   172.9   3656.3
53   7   382.8   70.9   3570.2
53   8   -170.6   120.4   3653.0
53   9   -176.2   -64.5   3663.1
53   10   -270.8   -113.0   3666.3
53   11   -268.5   -479.1   3642.4
53   12   -201.8   -812.0   3692.1
53   13   -89.7   -121.7   3685.8
53   14   -111.0   -488.8   3700.7
53   15   -164.2   -828.5   3673.9
53   16   -646.5   146.0   3381.5
53   17   345.2   87.9   3584.5
53   18   -159.1   411.3   3610.8
54   0   -148.4   516.8   3612.7
54   1   -161.5   339.6   3621.2
54   2   -300.9   337.8   3607.2
54   3   -470.6   207.4   3496.4
54   4   -681.2   133.4   3359.0
54   5   -19.9   333.1   3630.3
54   6   158.0   172.6   3655.9
54   7   384.5   73.3   3569.0
54   8   -170.5   120.6   3653.0
54   9   -176.2   -64.8   3663.2
54   10   -270.6   -113.0   3666.5
54   11   -268.9   -479.4   3660.5
54   12   -199.8   -813.7   3687.7
54   13   -89.9   -121.7   3685.8
54   14   -108.6   -487.9   3706.4
54   15   -162.7   -825.7   3671.9
54   16   -646.1   145.7   3381.9
54   17   346.7   89.9   3583.5
54   18   -158.5   411.4   3610.7
55   0   -146.7   516.7   3612.9
55   1   -160.9   339.8   3621.1
55   2   -300.1   337.9   3607.2
55   3   -469.6   207.1   3496.8
55   4   -680.4   132.4   3359.6
55   5   -19.5   332.9   3630.4
55   6   158.3   172.3   3655.7
55   7   385.0   75.1   3566.3
55   8   -170.4   120.7   3652.9
55   9   -176.2   -65.1   3663.2
55   10   -270.6   -113.2   3666.7
55   11   -272.1   -477.5   3641.0
55   12   -198.0   -808.9   3692.9
55   13   -89.8   -121.8   3685.8
55   14   -113.1   -486.3   3680.2
55   15   -160.3   -826.2   3682.1
55   16   -645.3   144.9   3382.5
55   17   347.2   91.3   3581.2
55   18   -157.8   411.5   3610.7
56   0   -145.0   516.6   3613.1
56   1   -160.3   339.9   3621.1
56   2   -299.2   337.8   3607.2
56   3   -468.5   206.8   3497.1
56   4   -679.4   130.2   3360.4
56   5   -19.1   332.6   3630.4
56   6   158.5   172.1   3655.7
56   7   385.3   75.4   3565.0
56   8   -170.3   120.9   3653.0
56   9   -176.2   -65.4   3663.2
56   10   -270.7   -113.4   3666.9
56   11   -272.8   -480.0   3657.2
56   12   -194.3   -812.8   3689.3
56   13   -89.6   -121.9   3685.8
56   14   -111.4   -487.9   3692.9
56   15   -161.1   -827.4   3678.9
56   16   -644.2   143.0   3383.2
56   17   347.5   91.5   3580.1
56   18   -157.0   411.6   3610.7
57   0   -143.1   516.6   3613.4
57   1   -159.6   340.1   3621.0
57   2   -298.0   337.8   3607.2
57   3   -467.1   206.4   3497.6
57   4   -677.6   126.6   3360.9
57   5   -18.6   332.4   3630.5
57   6   158.7   171.8   3655.7
57   7   385.8   74.7   3564.2
57   8   -170.2   121.0   3653.0
57   9   -176.2   -65.5   3663.2
57   10   -270.8   -113.6   3667.1
57   11   -272.5   -482.3   3670.7
57   12   -191.8   -815.4   3685.8
57   13   -89.0   -121.4   3685.9
57   14   -110.7   -489.4   3696.6
57   15   -161.6   -828.3   3678.3
57   16   -642.5   139.9   3383.7
57   17   348.0   90.9   3579.5
57   18   -156.1   411.7   3610.6
58   0   -140.3   516.4   3613.7
58   1   -158.6   340.3   3621.0
58   2   -296.6   338.0   3607.2
58   3   -465.5   206.1   3498.2
58   4   -675.2   122.7   3360.6
58   5   -17.9   332.1   3630.6
58   6   159.1   171.3   3655.7
58   7   387.0   74.1   3563.5
58   8   -170.0   121.3   3653.0
58   9   -176.2   -65.6   3663.2
58   10   -270.8   -113.8   3667.4
58   11   -272.8   -481.9   3656.8
58   12   -192.5   -814.3   3690.1
58   13   -88.5   -121.1   3685.9
58   14   -108.4   -488.9   3701.0
58   15   -162.5   -827.9   3677.1
58   16   -640.3   136.6   3383.5
58   17   349.0   90.3   3578.9
58   18   -154.9   411.9   3610.6
59   0   -137.9   516.4   3614.0
59   1   -157.5   340.6   3621.0
59   2   -295.0   338.5   3607.2
59   3   -463.8   206.0   3499.2
59   4   -672.6   121.0   3358.8
59   5   -17.1   331.8   3630.6
59   6   159.4   170.8   3655.8
59   7   388.3   73.5   3562.7
59   8   -169.9   121.6   3653.0
59   9   -176.1   -65.7   3663.1
59   10   -270.7   -114.0   3668.0
59   11   -273.2   -479.7   3639.6
59   12   -195.3   -811.7   3694.5
59   13   -88.3   -120.9   3685.8
59   14   -113.2   -487.1   3688.1
59   15   -162.9   -829.2   3682.4
59   16   -637.8   135.2   3382.2
59   17   350.2   89.7   3578.3
59   18   -153.5   412.1   3610.5
