7   0   -346.0   681.6   3460.7
7   1   -349.9   527.9   3460.8
7   2   -487.1   503.1   3462.6
7   3   -462.7   345.5   3311.8
7   4   -362.4   563.7   3299.7
7   5   -212.2   517.3   3494.5
7   6   -184.3   361.0   3343.0
7   7   -320.7   543.0   3264.9
7   8   -351.2   339.6   3520.0
7   9   -349.6   175.7   3525.8
7   10   -443.6   83.4   3542.8
7   11   -409.3   -242.5   3529.6
7   12   -386.3   -539.1   3611.2
7   13   -259.5   80.3   3559.5
7   14   -331.9   -234.8   3504.3
7   15   -294.0   -514.9   3627.8
7   16   -379.1   527.3   3301.7
7   17   -298.0   512.7   3277.9
7   18   -349.5   591.0   3441.0
8   0   -345.8   683.7   3460.1
8   1   -349.1   530.3   3461.7
8   2   -486.4   504.9   3459.6
8   3   -466.9   343.8   3312.8
8   4   -361.9   558.3   3294.3
8   5   -210.8   519.1   3490.3
8   6   -181.0   358.7   3344.4
8   7   -318.1   538.3   3262.8
8   8   -349.7   343.6   3525.8
8   9   -348.3   179.3   3531.6
8   10   -440.7   92.3   3543.5
8   11   -410.9   -235.0   3533.7
8   12   -386.5   -531.4   3612.7
8   13   -258.8   89.9   3560.7
8   14   -322.7   -228.4   3517.6
8   15   -293.4   -512.0   3626.2
8   16   -379.4   522.6   3297.4
8   17   -295.3   508.3   3276.4
8   18   -348.8   592.8   3440.3
9   0   -344.9   693.2   3458.6
9   1   -345.9   541.0   3464.3
9   2   -482.9   514.7   3459.6
9   3   -471.5   350.2   3315.9
9   4   -354.6   552.4   3276.3
9   5   -208.8   525.6   3483.1
9   6   -174.6   356.4   3350.0
9   7   -313.3   529.2   3258.6
9   8   -345.5   359.5   3542.1
9   9   -344.7   195.0   3547.1
9   10   -428.5   112.7   3547.1
9   11   -413.3   -218.6   3544.4
9   12   -386.4   -515.1   3608.7
9   13   -263.3   109.6   3563.3
9   14   -305.3   -215.9   3540.0
9   15   -292.9   -504.3   3622.9
9   16   -374.1   518.7   3282.9
9   17   -290.2   500.4   3273.8
9   18   -346.1   601.4   3438.4
10   0   -343.5   706.8   3457.1
10   1   -341.8   555.9   3466.0
10   2   -475.9   525.1   3454.6
10   3   -475.4   353.1   3319.9
10   4   -348.6   545.3   3261.4
10   5   -207.9   532.0   3472.4
10   6   -167.7   353.5   3353.9
10   7   -308.5   520.4   3254.7
10   8   -341.0   378.7   3557.8
10   9   -340.7   214.4   3562.4
10   10   -416.9   134.1   3550.2
10   11   -416.4   -203.0   3549.4
10   12   -384.5   -500.4   3602.3
10   13   -266.0   130.3   3565.5
10   14   -287.5   -204.0   3561.8
10   15   -294.2   -498.7   3619.1
10   16   -369.7   513.3   3271.1
10   17   -285.1   492.6   3271.2
10   18   -342.0   614.3   3435.9
11   0   -342.7   716.1   3456.2
11   1   -338.9   566.0   3465.0
11   2   -469.8   531.8   3451.9
11   3   -478.6   354.5   3323.7
11   4   -344.6   540.1   3254.0
11   5   -208.5   536.2   3466.8
11   6   -163.6   352.5   3356.7
11   7   -305.7   515.0   3251.4
11   8   -338.4   387.6   3561.5
11   9   -338.2   224.0   3567.8
11   10   -413.4   142.8   3550.4
11   11   -418.9   -199.4   3555.9
11   12   -378.9   -498.6   3596.5
11   13   -264.3   138.6   3565.9
11   14   -276.7   -202.6   3574.1
11   15   -298.5   -501.8   3617.9
11   16   -367.0   509.2   3265.6
11   17   -282.0   487.9   3268.9
11   18   -339.1   624.0   3433.6
12   0   -342.5   719.1   3455.6
12   1   -337.5   569.6   3462.1
12   2   -466.3   534.3   3449.8
12   3   -480.6   355.0   3324.2
12   4   -342.6   538.4   3252.9
12   5   -209.2   537.8   3464.2
12   6   -162.0   351.9   3357.6
12   7   -304.5   512.7   3249.8
12   8   -337.4   388.8   3555.7
12   9   -337.2   226.0   3564.8
12   10   -416.8   142.1   3548.8
12   11   -420.2   -204.1   3560.3
12   12   -372.8   -504.0   3594.5
12   13   -258.7   138.1   3565.8
12   14   -272.0   -207.7   3579.9
12   15   -301.8   -509.3   3618.3
12   16   -365.6   507.8   3264.8
12   17   -280.7   485.9   3267.7
12   18   -337.6   628.2   3431.7
13   0   -342.7   718.6   3455.3
13   1   -337.1   568.7   3459.2
13   2   -465.3   534.5   3448.5
13   3   -481.0   355.2   3322.7
13   4   -341.4   538.7   3253.7
13   5   -209.4   537.7   3463.6
13   6   -161.4   351.4   3357.6
13   7   -304.1   511.9   3249.3
13   8   -337.4   385.7   3547.4
13   9   -337.0   223.6   3558.6
13   10   -422.0   138.9   3547.3
13   11   -420.8   -210.4   3561.8
13   12   -370.4   -511.2   3593.9
13   13   -253.2   135.4   3565.9
13   14   -271.3   -213.6   3581.8
13   15   -302.8   -517.0   3616.4
13   16   -364.7   508.1   3265.2
13   17   -280.3   485.1   3267.3
13   18   -337.0   628.2   3430.5
14   0   -343.0   716.0   3455.0
14   1   -337.1   565.4   3457.3
14   2   -465.6   533.3   3447.4
14   3   -480.9   355.2   3319.8
14   4   -340.6   539.8   3255.2
14   5   -209.1   536.9   3464.0
14   6   -161.5   351.0   3357.1
14   7   -304.1   511.9   3249.3
14   8   -337.7   381.5   3541.6
14   9   -337.2   218.4   3553.8
14   10   -425.5   136.4   3546.4
14   11   -420.6   -215.0   3561.8
14   12   -370.7   -517.1   3593.6
14   13   -250.2   133.4   3565.8
14   14   -271.5   -217.5   3581.9
14   15   -303.1   -522.6   3613.2
14   16   -364.0   509.0   3266.0
14   17   -280.4   485.1   3267.3
14   18   -336.9   625.5   3429.8
15   0   -343.1   712.2   3454.0
15   1   -337.3   561.9   3456.6
15   2   -466.5   532.2   3446.4
15   3   -480.3   355.3   3317.1
15   4   -340.2   541.1   3256.0
15   5   -208.7   535.9   3464.7
15   6   -161.9   350.7   3356.5
15   7   -304.3   512.2   3249.4
15   8   -338.2   378.1   3538.9
15   9   -337.6   213.1   3551.1
15   10   -426.6   135.3   3546.0
15   11   -420.2   -217.9   3560.3
15   12   -373.6   -521.1   3594.0
15   13   -249.9   132.7   3565.4
15   14   -272.2   -219.9   3581.5
15   15   -303.3   -526.1   3607.6
15   16   -363.5   510.1   3266.2
15   17   -280.6   485.2   3267.2
15   18   -337.0   622.2   3429.5
16   0   -343.1   708.8   3453.0
16   1   -337.6   559.0   3456.7
16   2   -467.3   531.5   3446.1
16   3   -480.1   354.9   3316.3
16   4   -340.2   541.3   3256.5
16   5   -208.5   535.3   3465.4
16   6   -162.5   350.5   3356.1
16   7   -304.8   512.2   3249.2
16   8   -338.8   375.0   3540.2
16   9   -337.9   209.7   3550.5
16   10   -425.6   135.5   3545.9
16   11   -419.5   -219.0   3559.5
16   12   -372.8   -522.6   3594.3
16   13   -251.6   133.4   3565.4
16   14   -272.9   -220.5   3581.2
16   15   -303.5   -527.2   3608.3
16   16   -363.5   510.2   3266.4
16   17   -281.1   485.2   3267.0
16   18   -337.2   619.2   3429.4
17   0   -343.3   706.2   3452.3
17   1   -337.8   556.8   3457.3
17   2   -467.8   531.2   3446.1
17   3   -480.0   354.9   3315.9
17   4   -340.1   541.3   3256.5
17   5   -208.5   534.9   3465.9
17   6   -163.1   350.4   3355.9
17   7   -305.6   511.7   3248.6
17   8   -339.3   373.1   3542.8
17   9   -338.2   208.2   3550.8
17   10   -423.8   136.4   3545.9
17   11   -418.6   -219.2   3559.2
17   12   -371.9   -523.1   3594.4
17   13   -254.1   134.3   3565.6
17   14   -273.4   -220.7   3581.0
17   15   -303.4   -527.2   3612.4
17   16   -363.4   510.3   3266.4
17   17   -281.8   484.8   3266.5
17   18   -337.3   616.8   3429.4
18   0   -343.4   704.4   3451.7
18   1   -338.0   555.2   3457.9
18   2   -468.0   531.1   3446.2
18   3   -479.7   354.9   3315.8
18   4   -340.2   541.7   3256.5
18   5   -208.6   534.7   3466.2
18   6   -163.3   350.4   3356.0
18   7   -305.8   511.4   3248.4
18   8   -339.9   372.0   3545.4
18   9   -338.5   207.9   3551.3
18   10   -422.0   137.5   3545.9
18   11   -417.7   -218.9   3559.1
18   12   -371.8   -523.1   3594.2
18   13   -256.6   135.5   3565.4
18   14   -273.6   -220.5   3580.8
18   15   -303.0   -526.5   3617.9
18   16   -363.4   510.5   3266.4
18   17   -282.1   484.6   3266.3
18   18   -337.4   614.8   3429.4
19   0   -343.5   703.5   3451.4
19   1   -338.1   554.1   3458.3
19   2   -467.9   531.2   3446.3
19   3   -479.6   355.0   3315.9
19   4   -340.3   541.9   3256.6
19   5   -208.8   534.9   3466.1
19   6   -163.3   350.6   3355.9
19   7   -306.1   511.5   3248.5
19   8   -340.2   371.5   3547.0
19   9   -338.7   208.1   3551.6
19   10   -421.1   138.1   3545.9
19   11   -417.7   -219.0   3559.0
19   12   -371.9   -523.4   3593.8
19   13   -257.9   136.2   3565.2
19   14   -273.7   -220.4   3580.6
19   15   -302.7   -526.0   3622.6
19   16   -363.5   510.8   3266.5
19   17   -282.3   484.7   3266.4
19   18   -337.5   613.6   3429.4
20   0   -343.5   703.1   3451.3
20   1   -338.2   553.4   3458.5
20   2   -467.6   531.4   3446.3
20   3   -479.6   355.1   3316.0
20   4   -340.5   542.1   3256.7
20   5   -209.1   535.2   3465.9
20   6   -163.4   351.0   3355.7
20   7   -306.5   511.9   3248.6
20   8   -340.4   371.1   3547.8
20   9   -338.9   208.4   3551.9
20   10   -420.8   138.3   3545.9
20   11   -418.0   -219.2   3559.1
20   12   -370.9   -523.9   3591.3
20   13   -258.5   136.5   3564.9
20   14   -273.6   -220.6   3580.6
20   15   -302.6   -525.7   3626.7
20   16   -363.7   510.9   3266.6
20   17   -282.6   485.1   3266.5
20   18   -337.5   612.8   3429.4
21   0   -343.5   703.2   3451.3
21   1   -338.3   553.0   3458.6
21   2   -467.3   531.7   3446.3
21   3   -479.6   355.4   3316.1
21   4   -340.5   542.3   3256.6
21   5   -209.4   535.5   3465.6
21   6   -163.5   351.4   3355.4
21   7   -306.8   512.3   3248.6
21   8   -340.5   370.8   3548.2
21   9   -339.1   208.7   3552.0
21   10   -420.7   138.2   3545.8
21   11   -418.6   -219.6   3559.1
21   12   -370.5   -524.8   3587.7
21   13   -258.7   136.7   3564.6
21   14   -273.6   -220.7   3580.6
21   15   -302.5   -526.7   3623.1
21   16   -363.7   511.1   3266.5
21   17   -282.9   485.5   3266.4
21   18   -337.5   612.3   3429.4
22   0   -343.5   703.6   3451.3
22   1   -338.3   552.8   3458.6
22   2   -466.8   532.0   3446.2
22   3   -479.6   355.9   3315.8
22   4   -340.3   542.6   3256.5
22   5   -209.8   535.9   3465.3
22   6   -163.6   351.8   3355.2
22   7   -307.0   512.5   3248.3
22   8   -340.5   370.7   3548.2
22   9   -339.2   209.0   3552.1
22   10   -420.8   138.0   3545.8
22   11   -419.3   -220.0   3559.1
22   12   -370.3   -525.9   3584.3
22   13   -258.5   136.7   3564.5
22   14   -273.6   -220.9   3580.6
22   15   -302.6   -528.5   3612.8
22   16   -363.5   511.5   3266.3
22   17   -283.1   485.7   3266.1
22   18   -337.6   612.1   3429.4
23   0   -343.5   704.0   3451.4
23   1   -338.3   552.8   3458.6
23   2   -466.4   532.2   3446.2
23   3   -479.8   356.1   3315.9
23   4   -340.1   542.5   3256.3
23   5   -210.2   536.3   3465.0
23   6   -163.6   352.1   3355.2
23   7   -307.0   512.5   3247.9
23   8   -340.6   370.6   3548.2
23   9   -339.2   209.3   3552.1
23   10   -421.0   137.8   3545.8
23   11   -419.4   -220.1   3559.0
23   12   -370.4   -527.1   3580.0
23   13   -258.3   136.7   3564.4
23   14   -273.6   -220.8   3580.7
23   15   -301.9   -529.9   3607.3
23   16   -363.4   511.4   3266.2
23   17   -283.1   485.7   3265.7
23   18   -337.6   612.2   3429.4
24   0   -343.5   704.5   3451.4
24   1   -338.3   552.9   3458.5
24   2   -465.9   532.5   3446.1
24   3   -480.0   356.2   3316.1
24   4   -340.0   542.3   3256.2
24   5   -210.5   536.7   3464.8
24   6   -163.6   352.3   3355.4
24   7   -307.0   512.4   3247.7
24   8   -340.5   370.4   3548.1
24   9   -339.2   209.4   3552.2
24   10   -421.0   137.7   3545.8
24   11   -419.3   -220.2   3559.0
24   12   -370.7   -528.2   3581.1
24   13   -258.1   136.7   3564.4
24   14   -273.6   -220.7   3580.7
24   15   -301.6   -531.0   3605.3
24   16   -363.3   511.3   3266.2
24   17   -283.1   485.7   3265.6
24   18   -337.6   612.2   3429.4
25   0   -343.5   705.0   3451.5
25   1   -338.3   552.9   3458.5
25   2   -465.6   532.7   3446.1
25   3   -480.1   356.2   3316.5
25   4   -339.9   542.0   3256.2
25   5   -210.8   537.0   3464.5
25   6   -163.5   352.4   3355.7
25   7   -306.9   512.4   3247.6
25   8   -340.5   370.1   3548.0
25   9   -339.2   209.3   3552.2
25   10   -421.0   137.5   3545.8
25   11   -419.1   -220.3   3559.0
25   12   -371.2   -529.0   3585.9
25   13   -258.0   136.8   3564.4
25   14   -273.6   -220.5   3580.7
25   15   -301.5   -531.9   3605.4
25   16   -363.3   511.1   3266.2
25   17   -283.0   485.7   3265.6
25   18   -337.6   612.3   3429.4
26   0   -343.5   705.4   3451.5
26   1   -338.3   553.0   3458.4
26   2   -465.3   532.9   3446.0
26   3   -480.1   356.1   3316.8
26   4   -340.1   541.9   3256.2
26   5   -211.0   537.3   3464.3
26   6   -163.5   352.6   3355.6
26   7   -306.5   513.2   3247.9
26   8   -340.5   369.8   3547.9
26   9   -339.2   209.1   3552.2
26   10   -420.9   137.3   3545.8
26   11   -418.9   -220.3   3559.0
26   12   -371.7   -530.1   3586.7
26   13   -257.8   136.9   3564.4
26   14   -273.5   -220.2   3580.5
26   15   -301.4   -532.7   3605.5
26   16   -363.4   510.9   3266.3
26   17   -282.7   486.4   3265.8
26   18   -337.6   612.4   3429.4
27   0   -343.5   705.8   3451.5
27   1   -338.3   553.0   3458.3
27   2   -465.0   533.1   3446.0
27   3   -480.2   355.9   3317.3
27   4   -340.2   541.6   3256.2
27   5   -211.2   537.6   3464.1
27   6   -163.6   353.0   3355.2
27   7   -306.1   514.5   3248.3
27   8   -340.5   369.3   3547.9
27   9   -339.2   207.0   3552.3
27   10   -420.9   137.1   3545.7
27   11   -408.2   -219.7   3563.1
27   12   -372.7   -532.3   3587.3
27   13   -257.7   137.0   3564.3
27   14   -273.5   -219.9   3580.4
27   15   -301.5   -533.4   3605.6
27   16   -363.6   510.7   3266.4
27   17   -282.4   487.6   3266.1
27   18   -337.6   612.5   3429.4
28   0   -343.5   706.1   3451.6
28   1   -338.3   553.0   3458.3
28   2   -464.8   533.2   3446.0
28   3   -480.2   355.9   3317.5
28   4   -340.1   541.5   3256.1
28   5   -211.3   537.7   3463.9
28   6   -163.7   353.4   3354.7
28   7   -305.7   516.0   3248.9
28   8   -340.5   368.6   3547.8
28   9   -339.2   204.3   3552.4
28   10   -420.9   137.1   3545.7
28   11   -412.7   -219.7   3561.2
28   12   -374.8   -532.9   3587.4
28   13   -257.6   137.1   3564.3
28   14   -273.5   -219.5   3580.3
28   15   -301.6   -534.0   3605.5
28   16   -363.5   510.6   3266.4
28   17   -282.0   488.9   3266.5
28   18   -337.6   612.5   3429.4
29   0   -343.5   706.4   3451.6
29   1   -338.4   553.0   3458.2
29   2   -464.6   533.3   3446.0
29   3   -480.2   355.9   3317.6
29   4   -339.9   541.3   3256.0
29   5   -211.6   537.8   3463.7
29   6   -163.7   353.5   3354.5
29   7   -306.0   515.9   3248.7
29   8   -340.5   367.9   3547.9
29   9   -339.1   201.7   3552.6
29   10   -420.9   137.2   3545.8
29   11   -415.6   -219.4   3560.0
29   12   -377.8   -533.4   3587.4
29   13   -257.6   137.1   3564.3
29   14   -273.5   -219.2   3580.3
29   15   -301.6   -534.3   3605.5
29   16   -363.3   510.4   3266.3
29   17   -282.3   488.8   3266.3
29   18   -337.7   612.5   3429.4
30   0   -343.5   706.6   3451.6
30   1   -338.4   553.0   3458.2
30   2   -464.4   533.4   3445.9
30   3   -480.4   356.0   3317.7
30   4   -339.6   540.8   3255.8
30   5   -211.7   537.9   3463.5
30   6   -163.7   353.6   3354.3
30   7   -306.3   515.8   3248.4
30   8   -340.5   367.3   3548.0
30   9   -339.1   199.4   3552.7
30   10   -421.0   137.2   3545.8
30   11   -417.3   -219.1   3559.4
30   12   -379.3   -533.5   3587.3
30   13   -257.5   137.1   3564.2
30   14   -273.4   -218.8   3580.4
30   15   -301.7   -534.5   3605.6
30   16   -363.1   510.0   3266.1
30   17   -282.5   488.7   3266.1
30   18   -337.7   612.6   3429.4
31   0   -343.5   706.7   3451.7
31   1   -338.4   553.1   3458.1
31   2   -464.3   533.5   3445.9
31   3   -480.9   356.1   3317.7
31   4   -339.1   540.0   3255.3
31   5   -211.9   538.0   3463.4
31   6   -163.7   354.0   3353.8
31   7   -306.6   515.9   3248.1
31   8   -340.5   366.8   3548.2
31   9   -339.1   197.6   3552.8
31   10   -421.1   137.4   3545.8
31   11   -418.0   -218.7   3559.1
31   12   -378.7   -533.4   3587.1
31   13   -257.5   137.1   3564.1
31   14   -273.3   -218.5   3580.6
31   15   -301.7   -534.7   3605.9
31   16   -362.7   509.3   3265.7
31   17   -282.8   488.9   3265.7
31   18   -337.7   612.6   3429.4
32   0   -343.5   706.6   3453.8
32   1   -338.4   553.0   3458.6
32   2   -464.2   533.6   3445.9
32   3   -482.3   356.6   3317.3
32   4   -338.2   538.4   3254.0
32   5   -211.9   538.1   3463.3
32   6   -162.0   354.8   3353.3
32   7   -306.4   515.4   3247.5
32   8   -340.5   366.1   3548.5
32   9   -339.1   195.8   3552.9
32   10   -421.1   137.5   3545.7
32   11   -418.3   -218.4   3558.9
32   12   -375.1   -533.1   3586.7
32   13   -257.5   137.1   3564.0
32   14   -273.1   -218.3   3580.6
32   15   -301.7   -534.9   3606.0
32   16   -362.2   508.1   3264.5
32   17   -282.3   488.6   3265.2
32   18   -337.7   612.6   3430.0
33   0   -343.5   706.4   3459.8
33   1   -338.4   552.7   3461.8
33   2   -465.3   536.9   3452.7
33   3   -488.6   364.2   3319.4
33   4   -338.0   535.7   3245.0
33   5   -210.8   539.1   3463.5
33   6   -152.2   358.3   3353.9
33   7   -302.7   512.1   3246.7
33   8   -340.6   364.3   3549.4
33   9   -339.1   193.2   3553.0
33   10   -421.1   137.5   3545.7
33   11   -418.3   -218.2   3558.9
33   12   -370.2   -532.7   3586.7
33   13   -257.5   137.1   3563.8
33   14   -273.0   -218.1   3580.6
33   15   -301.5   -535.2   3606.0
33   16   -363.1   507.1   3257.4
33   17   -277.6   486.5   3264.6
33   18   -337.7   612.7   3433.9
34   0   -343.2   707.2   3468.8
34   1   -338.4   552.2   3468.2
34   2   -465.3   541.0   3469.6
34   3   -498.2   374.4   3330.8
34   4   -387.2   495.1   3180.6
34   5   -209.0   542.3   3468.7
34   6   -128.8   370.3   3360.2
34   7   -276.6   510.7   3234.5
34   8   -340.5   360.9   3549.0
34   9   -339.0   189.1   3552.7
34   10   -420.9   138.1   3545.6
34   11   -418.3   -217.4   3558.9
34   12   -367.7   -532.0   3586.8
34   13   -257.9   137.5   3563.5
34   14   -272.8   -217.5   3580.5
34   15   -301.0   -535.2   3606.0
34   16   -405.6   475.1   3205.7
34   17   -252.0   487.3   3255.5
34   18   -337.7   613.0   3442.5
35   0   -342.6   709.3   3477.4
35   1   -338.4   551.7   3476.2
35   2   -466.6   544.1   3478.8
35   3   -521.5   377.2   3348.8
35   4   -472.1   426.8   3142.6
35   5   -207.9   546.0   3479.9
35   6   -108.9   372.5   3392.8
35   7   -191.1   480.0   3211.4
35   8   -340.4   357.1   3546.3
35   9   -339.0   184.9   3552.1
35   10   -420.5   139.0   3545.5
35   11   -418.2   -216.3   3558.9
35   12   -367.3   -531.2   3586.9
35   13   -258.5   138.1   3563.1
35   14   -272.5   -216.7   3580.5
35   15   -300.5   -534.7   3605.9
35   16   -480.1   418.6   3176.9
35   17   -177.5   462.2   3241.6
35   18   -337.7   613.8   3453.8
36   0   -342.0   712.1   3482.7
36   1   -338.3   552.0   3484.6
36   2   -467.1   545.1   3481.8
36   3   -552.8   378.2   3372.5
36   4   -564.3   386.2   3142.7
36   5   -207.0   549.8   3491.0
36   6   -79.0   383.3   3443.6
36   7   -82.1   422.3   3228.1
36   8   -340.3   355.0   3544.3
36   9   -338.9   182.5   3551.5
36   10   -420.4   139.8   3545.3
36   11   -418.1   -215.2   3558.7
36   12   -369.1   -529.9   3587.2
36   13   -258.9   138.6   3562.6
36   14   -272.3   -215.9   3580.4
36   15   -300.0   -533.5   3606.0
36   16   -562.3   384.9   3181.0
36   17   -81.7   415.8   3264.0
36   18   -337.7   615.2   3465.4
37   0   -341.4   715.0   3484.8
37   1   -338.3   553.2   3491.3
37   2   -466.5   545.2   3481.8
37   3   -576.9   385.3   3382.5
37   4   -680.7   343.0   3184.9
37   5   -205.9   553.2   3495.7
37   6   -59.0   394.8   3466.7
37   7   36.3   363.0   3275.0
37   8   -340.1   355.1   3543.2
37   9   -338.9   182.3   3550.9
37   10   -420.3   140.1   3545.2
37   11   -418.0   -214.5   3558.5
37   12   -372.3   -527.3   3590.1
37   13   -259.1   138.9   3562.2
37   14   -272.0   -215.3   3580.4
37   15   -300.2   -530.4   3609.9
37   16   -663.5   349.9   3217.8
37   17   20.5   368.2   3306.9
37   18   -337.7   617.2   3474.6
38   0   -340.8   717.7   3484.2
38   1   -338.2   555.6   3494.7
38   2   -465.3   545.6   3480.1
38   3   -595.3   397.3   3384.2
38   4   -767.8   325.7   3243.5
38   5   -205.6   555.6   3496.0
38   6   -47.9   403.8   3474.5
38   7   125.5   329.7   3354.9
38   8   -339.8   357.4   3542.6
38   9   -339.0   184.5   3550.5
38   10   -420.4   140.2   3545.2
38   11   -418.0   -214.0   3558.5
38   12   -374.1   -525.7   3590.8
38   13   -259.1   138.9   3561.7
38   14   -271.3   -214.9   3580.3
38   15   -300.1   -528.9   3606.5
38   16   -739.2   337.6   3266.9
38   17   96.8   341.9   3374.8
38   18   -337.7   620.0   3479.2
39   0   -340.1   720.4   3479.9
39   1   -338.1   559.2   3494.4
39   2   -463.9   546.4   3476.7
39   3   -609.2   405.8   3390.1
39   4   -819.0   321.8   3296.1
39   5   -206.0   557.5   3492.7
39   6   -41.9   410.3   3486.0
39   7   168.8   312.5   3419.8
39   8   -339.5   361.8   3542.0
39   9   -339.0   188.7   3550.1
39   10   -420.5   140.2   3545.1
39   11   -407.8   -213.1   3563.4
39   12   -374.2   -525.9   3591.1
39   13   -258.9   139.0   3561.3
39   14   -270.4   -214.5   3580.2
39   15   -300.2   -527.4   3611.9
39   16   -784.1   335.8   3311.8
39   17   133.8   328.7   3430.9
39   18   -337.7   623.5   3478.9
40   0   -339.5   722.4   3472.5
40   1   -338.1   563.0   3491.4
40   2   -462.6   547.4   3471.9
40   3   -619.2   410.4   3399.8
40   4   -845.3   324.1   3334.7
40   5   -206.7   558.9   3487.8
40   6   -40.7   415.3   3504.0
40   7   182.5   308.4   3457.1
40   8   -339.2   366.8   3541.2
40   9   -339.0   193.7   3549.7
40   10   -420.6   140.2   3545.1
40   11   -412.4   -213.1   3561.1
40   12   -373.4   -525.3   3590.9
40   13   -258.7   139.1   3560.8
40   14   -269.2   -214.1   3579.7
40   15   -300.2   -526.7   3615.9
40   16   -807.6   338.5   3345.6
40   17   145.3   326.2   3464.9
40   18   -337.7   627.1   3475.1
41   0   -338.8   724.7   3463.4
41   1   -338.0   566.2   3487.4
41   2   -461.7   548.2   3468.3
41   3   -622.4   411.3   3404.7
41   4   -852.4   327.7   3348.6
41   5   -207.6   559.9   3485.0
41   6   -41.8   417.9   3515.2
41   7   181.3   309.2   3468.3
41   8   -339.0   371.4   3540.2
41   9   -339.0   198.3   3549.2
41   10   -420.8   140.2   3545.0
41   11   -415.1   -213.1   3559.3
41   12   -372.5   -525.6   3590.6
41   13   -258.2   139.3   3560.1
41   14   -267.8   -213.7   3579.0
41   15   -300.7   -525.9   3623.0
41   16   -814.0   341.7   3357.9
41   17   144.1   327.3   3476.2
41   18   -337.7   630.0   3470.1
42   0   -338.3   726.3   3456.5
42   1   -337.9   568.3   3483.9
42   2   -461.4   548.6   3466.7
42   3   -622.9   410.8   3408.0
42   4   -849.8   330.7   3350.5
42   5   -208.1   560.3   3483.7
42   6   -44.0   418.9   3523.8
42   7   174.5   312.5   3472.2
42   8   -338.7   374.7   3539.4
42   9   -338.9   201.5   3548.8
42   10   -421.0   140.1   3545.0
42   11   -416.5   -213.1   3557.9
42   12   -371.2   -526.0   3590.6
42   13   -257.7   139.7   3559.6
42   14   -266.0   -213.2   3578.3
42   15   -300.2   -527.0   3614.9
42   16   -811.9   344.1   3360.1
42   17   138.0   330.3   3480.8
42   18   -337.7   631.9   3465.6
43   0   -338.1   727.4   3452.5
43   1   -337.9   569.4   3481.7
43   2   -461.4   548.8   3466.5
43   3   -622.1   409.5   3409.5
43   4   -843.7   332.5   3346.7
43   5   -208.4   560.4   3483.3
43   6   -46.0   418.2   3527.0
43   7   168.1   315.3   3472.7
43   8   -338.5   376.6   3538.9
43   9   -338.9   203.4   3548.5
43   10   -421.2   140.0   3544.9
43   11   -417.0   -213.2   3556.9
43   12   -371.9   -526.2   3591.0
43   13   -256.9   140.2   3559.2
43   14   -264.5   -212.6   3577.3
43   15   -300.9   -525.4   3621.5
43   16   -806.7   345.4   3357.2
43   17   132.4   332.5   3481.7
43   18   -337.7   632.9   3462.8
44   0   -337.9   728.0   3450.7
44   1   -337.8   569.9   3480.5
44   2   -461.7   548.7   3466.6
44   3   -620.4   407.3   3410.1
44   4   -838.0   332.6   3340.6
44   5   -208.3   560.2   3483.5
44   6   -47.0   417.0   3527.2
44   7   164.6   316.4   3471.5
44   8   -338.2   377.6   3538.6
44   9   -338.8   204.3   3548.3
44   10   -421.5   139.7   3544.9
44   11   -417.0   -213.3   3555.9
44   12   -373.7   -526.4   3591.4
44   13   -255.9   140.8   3558.4
44   14   -262.5   -212.0   3575.8
44   15   -300.0   -525.5   3612.4
44   16   -801.7   345.1   3352.2
44   17   129.3   333.2   3480.8
44   18   -337.7   633.3   3461.4
45   0   -337.8   728.4   3450.1
45   1   -337.7   570.1   3480.0
45   2   -462.1   548.6   3466.7
45   3   -618.8   405.2   3410.1
45   4   -832.8   331.2   3332.9
45   5   -208.1   559.9   3483.8
45   6   -47.6   415.6   3526.2
45   7   163.0   316.3   3470.1
45   8   -338.0   378.0   3538.5
45   9   -338.7   204.6   3548.2
45   10   -421.8   139.5   3544.8
45   11   -416.7   -213.5   3555.6
45   12   -373.9   -526.5   3591.3
45   13   -255.0   141.4   3557.8
45   14   -261.6   -211.4   3574.2
45   15   -299.8   -525.4   3604.0
45   16   -797.1   343.5   3345.7
45   17   127.9   332.8   3479.4
45   18   -337.6   633.4   3460.7
46   0   -337.7   728.6   3450.1
46   1   -337.6   570.1   3479.8
46   2   -462.6   548.4   3466.8
46   3   -618.1   404.2   3409.5
46   4   -829.9   330.2   3326.9
46   5   -207.8   559.4   3484.3
46   6   -47.9   414.3   3525.0
46   7   162.5   315.7   3468.4
46   8   -337.7   378.1   3538.4
46   9   -338.7   204.7   3548.1
46   10   -422.0   139.2   3544.7
46   11   -416.4   -213.6   3555.5
46   12   -372.7   -526.5   3591.1
46   13   -254.4   141.4   3556.8
46   14   -261.2   -211.2   3572.7
46   15   -298.8   -526.1   3592.8
46   16   -794.6   342.6   3340.7
46   17   127.4   332.1   3477.8
46   18   -337.6   633.4   3460.5
47   0   -337.7   728.7   3450.2
47   1   -337.6   570.1   3479.8
47   2   -463.0   548.2   3466.9
47   3   -617.9   403.9   3408.2
47   4   -827.7   329.8   3320.4
47   5   -207.5   559.0   3484.9
47   6   -47.7   413.1   3522.7
47   7   162.7   314.7   3465.8
47   8   -337.5   378.0   3538.4
47   9   -338.6   204.6   3548.0
47   10   -422.2   139.0   3544.6
47   11   -416.2   -213.8   3555.6
47   12   -370.3   -526.5   3590.2
47   13   -253.9   141.3   3555.8
47   14   -261.1   -211.3   3570.9
47   15   -299.5   -526.0   3594.4
47   16   -792.7   342.1   3335.1
47   17   127.6   331.1   3475.3
47   18   -337.6   633.3   3460.5
48   0   -337.6   728.9   3450.6
48   1   -337.5   570.0   3479.8
48   2   -463.4   547.9   3467.0
48   3   -618.1   404.2   3406.5
48   4   -825.3   329.8   3313.3
48   5   -207.3   558.6   3485.5
48   6   -47.4   411.9   3519.7
48   7   163.0   313.8   3462.8
48   8   -337.2   378.0   3538.4
48   9   -338.5   204.5   3547.8
48   10   -422.4   138.7   3544.5
48   11   -416.1   -213.8   3555.4
48   12   -369.2   -526.2   3590.2
48   13   -253.6   141.0   3554.7
48   14   -261.2   -211.3   3570.4
48   15   -300.3   -522.8   3615.5
48   16   -790.8   342.2   3328.8
48   17   128.0   330.2   3472.3
48   18   -337.6   633.3   3460.5
49   0   -337.5   729.0   3451.4
49   1   -337.4   570.0   3479.9
49   2   -463.7   547.7   3467.0
49   3   -618.4   404.8   3404.4
49   4   -823.5   329.6   3308.2
49   5   -207.0   558.2   3486.1
49   6   -46.8   411.2   3517.4
49   7   163.0   313.3   3459.7
49   8   -337.0   377.9   3538.4
49   9   -338.4   204.4   3547.7
49   10   -422.5   138.5   3544.4
49   11   -416.0   -213.7   3555.2
49   12   -368.8   -525.9   3590.8
49   13   -253.4   140.7   3554.6
49   14   -261.2   -211.3   3570.6
49   15   -300.4   -522.4   3620.2
49   16   -789.3   342.1   3324.2
49   17   128.1   329.6   3469.3
49   18   -337.5   633.3   3460.6
50   0   -337.4   729.1   3452.3
50   1   -337.3   569.9   3479.9
50   2   -464.0   547.4   3467.0
50   3   -618.6   405.7   3401.6
50   4   -822.2   329.0   3305.6
50   5   -206.8   557.7   3486.8
50   6   -46.4   410.7   3516.8
50   7   161.9   313.4   3455.9
50   8   -336.8   377.9   3538.4
50   9   -338.4   204.3   3547.7
50   10   -422.6   138.3   3544.2
50   11   -416.0   -213.6   3554.8
50   12   -368.7   -525.5   3592.1
50   13   -253.2   140.4   3555.1
50   14   -261.3   -211.3   3571.5
50   15   -300.6   -519.5   3636.1
50   16   -788.3   341.8   3321.6
50   17   127.2   329.6   3466.1
50   18   -337.4   633.2   3460.6
51   0   -337.3   729.3   3453.3
51   1   -337.2   569.9   3479.9
51   2   -464.2   547.1   3467.0
51   3   -618.5   406.8   3398.1
51   4   -821.1   328.2   3304.8
51   5   -206.6   557.3   3487.5
51   6   -45.9   410.4   3516.7
51   7   160.4   313.5   3453.6
51   8   -336.8   377.9   3538.3
51   9   -338.3   204.2   3547.6
51   10   -422.8   138.2   3544.0
51   11   -416.0   -213.5   3554.6
51   12   -368.8   -525.2   3592.7
51   13   -253.2   140.2   3556.0
51   14   -261.3   -211.3   3572.5
51   15   -299.9   -521.4   3627.5
51   16   -787.3   341.3   3320.3
51   17   126.0   329.6   3464.1
51   18   -337.3   633.2   3460.6
52   0   -337.2   729.4   3454.2
52   1   -337.1   569.9   3479.9
52   2   -464.3   546.9   3467.1
52   3   -618.4   407.2   3396.3
52   4   -819.9   327.9   3304.8
52   5   -206.5   556.9   3488.1
52   6   -45.5   410.1   3516.5
52   7   159.1   312.9   3453.7
52   8   -336.9   377.8   3538.3
52   9   -338.3   204.1   3547.6
52   10   -422.9   138.1   3543.7
52   11   -416.0   -213.4   3553.9
52   12   -369.4   -525.1   3592.6
52   13   -253.1   139.8   3556.4
52   14   -261.4   -211.4   3572.8
52   15   -299.6   -523.0   3619.3
52   16   -786.3   341.1   3320.1
52   17   125.0   329.1   3464.1
52   18   -337.2   633.2   3460.7
53   0   -337.1   729.5   3455.2
53   1   -337.0   569.9   3479.9
53   2   -464.5   546.7   3467.1
53   3   -618.0   407.5   3394.2
53   4   -819.2   328.0   3305.7
53   5   -206.3   556.5   3488.8
53   6   -45.2   409.7   3516.5
53   7   158.1   312.4   3454.8
53   8   -337.0   377.8   3538.3
53   9   -338.3   204.0   3547.5
53   10   -423.0   138.1   3543.4
53   11   -416.0   -213.3   3553.8
53   12   -370.4   -525.1   3592.5
53   13   -253.1   139.5   3556.6
53   14   -261.5   -211.6   3573.1
53   15   -299.5   -523.8   3615.8
53   16   -785.7   341.2   3320.4
53   17   124.2   328.6   3465.1
53   18   -337.0   633.2   3460.7
54   0   -337.1   729.6   3456.1
54   1   -337.0   569.9   3479.9
54   2   -464.6   546.5   3467.1
54   3   -617.9   407.4   3393.5
54   4   -818.6   328.3   3306.3
54   5   -206.2   556.1   3489.4
54   6   -45.1   409.2   3516.8
54   7   157.5   311.9   3456.3
54   8   -337.2   377.8   3538.3
54   9   -338.3   203.9   3547.5
54   10   -423.2   138.0   3542.9
54   11   -416.0   -213.2   3553.6
54   12   -371.8   -525.2   3592.4
54   13   -253.0   139.3   3556.7
54   14   -261.7   -211.7   3573.2
54   15   -299.6   -523.9   3616.4
54   16   -785.2   341.4   3320.8
54   17   123.7   328.2   3466.3
54   18   -336.9   633.2   3460.7
55   0   -337.1   729.6   3457.0
55   1   -336.9   569.9   3480.0
55   2   -464.6   546.3   3467.1
55   3   -617.8   407.2   3393.2
55   4   -818.1   328.5   3306.8
55   5   -206.0   555.8   3490.0
55   6   -44.9   408.8   3517.0
55   7   156.7   311.2   3457.0
55   8   -337.3   377.8   3538.3
55   9   -338.3   203.8   3547.5
55   10   -423.3   138.0   3542.5
55   11   -416.0   -213.1   3553.6
55   12   -372.5   -525.2   3592.4
55   13   -252.9   139.1   3556.7
55   14   -261.9   -211.7   3573.1
55   15   -299.7   -524.1   3615.2
55   16   -784.8   341.6   3321.2
55   17   123.1   327.5   3467.0
55   18   -336.7   633.2   3460.7
56   0   -337.0   729.7   3458.1
56   1   -336.7   569.9   3480.0
56   2   -464.7   546.2   3467.1
56   3   -617.6   406.8   3393.1
56   4   -817.7   328.8   3307.2
56   5   -205.9   555.4   3490.7
56   6   -44.8   408.3   3517.3
56   7   156.5   311.3   3457.4
56   8   -337.4   377.8   3538.4
56   9   -338.3   203.8   3547.5
56   10   -423.5   138.1   3541.9
56   11   -416.0   -212.9   3553.6
56   12   -372.8   -525.0   3592.3
56   13   -252.8   139.0   3556.7
56   14   -262.3   -211.8   3572.9
56   15   -299.8   -524.6   3611.8
56   16   -784.4   341.8   3321.5
56   17   123.0   327.4   3467.4
56   18   -336.5   633.2   3460.8
57   0   -337.0   729.7   3459.3
57   1   -336.6   569.9   3480.1
57   2   -464.7   546.1   3467.1
57   3   -617.6   406.6   3393.0
57   4   -817.4   329.0   3307.4
57   5   -205.7   555.1   3491.3
57   6   -44.7   407.8   3517.5
57   7   156.4   311.5   3457.6
57   8   -337.4   377.8   3538.4
57   9   -338.3   203.7   3547.4
57   10   -423.7   138.1   3541.3
57   11   -416.0   -212.8   3553.6
57   12   -373.0   -524.9   3592.3
57   13   -252.7   138.9   3556.7
57   14   -262.9   -211.9   3572.8
57   15   -299.8   -525.6   3603.8
57   16   -784.1   342.0   3321.7
57   17   122.9   327.6   3467.6
57   18   -336.3   633.2   3460.9
58   0   -337.0   729.8   3460.1
58   1   -336.4   569.9   3480.2
58   2   -464.6   545.9   3467.1
58   3   -617.6   406.5   3393.0
58   4   -817.2   329.2   3307.6
58   5   -205.5   554.7   3491.9
58   6   -44.6   407.2   3517.6
58   7   156.6   311.8   3457.7
58   8   -337.5   377.7   3538.4
58   9   -338.3   203.5   3547.4
58   10   -423.8   138.1   3541.0
58   11   -416.0   -212.8   3553.6
58   12   -373.0   -524.9   3592.3
58   13   -252.6   138.7   3556.7
58   14   -263.6   -212.0   3572.8
58   15   -299.8   -525.7   3604.6
58   16   -783.9   342.1   3321.8
58   17   123.0   327.7   3467.7
58   18   -336.1   633.2   3461.0
59   0   -337.0   729.8   3460.4
59   1   -336.2   569.8   3480.3
59   2   -464.2   545.6   3467.1
59   3   -617.5   406.5   3393.1
59   4   -816.9   329.3   3307.7
59   5   -205.4   554.3   3492.5
59   6   -44.4   406.6   3517.4
59   7   156.9   312.1   3457.8
59   8   -337.5   377.7   3538.3
59   9   -338.3   203.4   3547.4
59   10   -423.9   138.1   3540.9
59   11   -416.0   -213.0   3553.6
59   12   -372.9   -524.9   3592.3
59   13   -252.7   138.4   3556.7
59   14   -264.6   -212.4   3572.7
59   15   -299.9   -525.6   3608.8
59   16   -783.7   342.2   3321.9
59   17   123.3   327.9   3467.7
59   18   -335.8   633.2   3461.1
60   0   -337.0   729.8   3460.4
60   1   -335.9   569.8   3480.3
60   2   -463.9   545.4   3467.1
60   3   -617.5   406.5   3393.2
60   4   -816.7   329.4   3307.8
60   5   -205.1   553.9   3493.0
60   6   -44.1   406.1   3517.2
60   7   157.4   312.2   3457.8
60   8   -337.4   377.6   3538.2
60   9   -338.3   203.3   3547.4
60   10   -424.0   138.0   3540.8
60   11   -416.0   -213.4   3553.6
60   12   -372.9   -525.0   3592.3
60   13   -252.8   138.0   3556.7
60   14   -265.7   -213.1   3572.7
60   15   -300.2   -526.6   3603.5
60   16   -783.5   342.2   3322.0
60   17   123.8   327.9   3467.7
60   18   -335.4   633.2   3461.2
61   0   -337.0   729.8   3460.4
61   1   -335.5   569.8   3480.4
61   2   -463.6   545.3   3467.1
61   3   -617.5   406.6   3393.4
61   4   -816.5   329.4   3307.8
61   5   -204.8   553.4   3493.3
61   6   -43.7   405.6   3517.0
61   7   158.0   312.3   3457.7
61   8   -337.4   377.5   3538.1
61   9   -338.3   203.1   3547.3
61   10   -424.1   137.9   3540.8
61   11   -416.0   -214.6   3553.7
61   12   -372.8   -525.2   3592.4
61   13   -252.9   137.5   3556.7
61   14   -266.9   -214.6   3572.6
61   15   -300.3   -527.1   3604.9
61   16   -783.3   342.3   3322.1
61   17   124.4   327.8   3467.6
61   18   -334.9   633.2   3461.3
62   0   -337.0   729.8   3460.4
62   1   -335.2   569.8   3480.5
62   2   -463.5   545.4   3467.1
62   3   -617.4   406.6   3393.7
62   4   -816.4   329.5   3307.9
62   5   -204.5   552.8   3493.4
62   6   -43.1   405.2   3516.7
62   7   158.6   312.2   3457.4
62   8   -337.4   377.5   3538.0
62   9   -338.3   202.9   3547.3
62   10   -424.2   137.7   3540.8
62   11   -416.2   -216.0   3554.0
62   12   -373.0   -525.2   3590.9
62   13   -253.0   137.2   3556.7
62   14   -268.1   -216.1   3572.9
62   15   -300.4   -527.5   3601.9
62   16   -783.2   342.3   3322.2
62   17   125.0   327.7   3467.3
62   18   -334.5   633.2   3461.5
63   0   -337.0   729.8   3460.3
63   1   -334.9   569.7   3480.5
63   2   -463.3   545.4   3467.1
63   3   -617.5   406.5   3394.1
63   4   -816.2   329.6   3307.9
63   5   -204.1   552.3   3493.4
63   6   -42.6   404.7   3516.5
63   7   159.1   312.0   3457.1
63   8   -337.4   377.4   3537.9
63   9   -338.3   202.7   3547.2
63   10   -424.2   137.5   3540.9
63   11   -416.4   -217.4   3554.2
63   12   -372.8   -524.6   3588.4
63   13   -253.0   136.9   3556.7
63   14   -269.7   -217.6   3573.1
63   15   -300.3   -526.7   3603.5
63   16   -783.0   342.4   3322.3
63   17   125.5   327.4   3467.0
63   18   -334.0   633.2   3461.6
64   0   -337.0   729.8   3460.3
64   1   -334.5   569.7   3480.6
64   2   -463.2   545.5   3467.1
64   3   -617.5   406.5   3394.4
64   4   -816.0   329.6   3307.9
64   5   -203.7   551.7   3493.5
64   6   -42.1   404.2   3516.2
64   7   159.6   311.8   3456.2
64   8   -337.3   377.3   3537.8
64   9   -338.3   202.5   3547.2
64   10   -424.1   137.2   3540.9
64   11   -416.4   -218.5   3554.8
64   12   -372.0   -524.9   3587.2
64   13   -253.1   136.5   3556.8
64   14   -271.5   -218.7   3573.2
64   15   -300.2   -527.1   3603.6
64   16   -782.9   342.4   3322.3
64   17   126.0   327.2   3466.2
64   18   -333.6   633.2   3461.7
65   0   -337.0   729.8   3460.3
65   1   -334.2   569.7   3480.7
65   2   -463.2   545.5   3467.1
65   3   -617.5   406.4   3394.8
65   4   -815.9   329.7   3307.8
65   5   -203.3   551.2   3493.5
65   6   -41.5   403.8   3516.0
65   7   159.9   311.7   3454.5
65   8   -337.3   377.2   3537.7
65   9   -338.3   202.3   3547.2
65   10   -424.1   137.1   3541.0
65   11   -416.4   -219.4   3555.0
65   12   -371.1   -524.9   3586.0
65   13   -253.3   136.2   3556.8
65   14   -273.0   -219.7   3573.3
65   15   -300.2   -527.5   3602.7
65   16   -782.8   342.5   3322.3
65   17   126.3   327.1   3464.7
65   18   -333.2   633.2   3461.8
66   0   -337.0   729.8   3460.3
66   1   -333.9   569.6   3480.8
66   2   -463.1   545.6   3467.1
66   3   -617.5   406.3   3395.2
66   4   -815.8   329.7   3307.8
66   5   -202.9   550.6   3493.6
66   6   -41.0   403.3   3515.9
66   7   159.9   311.8   3452.1
66   8   -337.3   377.2   3537.7
66   9   -338.3   202.1   3547.2
66   10   -424.1   137.0   3541.1
66   11   -416.5   -220.2   3555.3
66   12   -370.5   -525.6   3585.1
66   13   -253.6   135.6   3556.8
66   14   -274.7   -220.9   3573.6
66   15   -300.4   -528.6   3603.5
66   16   -782.7   342.5   3322.3
66   17   126.5   327.0   3462.7
66   18   -332.8   633.2   3462.0
67   0   -336.9   729.8   3460.3
67   1   -333.6   569.6   3480.8
67   2   -463.0   545.7   3467.1
67   3   -617.6   406.3   3395.7
67   4   -815.7   329.7   3307.7
67   5   -202.6   550.1   3493.6
67   6   -40.5   402.9   3515.8
67   7   160.3   311.7   3450.7
67   8   -337.3   377.1   3537.7
67   9   -338.3   201.9   3547.2
67   10   -424.1   136.9   3541.1
67   11   -416.7   -221.0   3555.0
67   12   -370.2   -526.5   3583.9
67   13   -253.8   135.2   3556.9
67   14   -275.4   -222.0   3573.9
67   15   -300.6   -529.6   3606.3
67   16   -782.7   342.5   3322.3
67   17   126.8   326.9   3461.6
67   18   -332.4   633.2   3462.1
68   0   -336.9   729.7   3460.3
68   1   -333.4   569.6   3481.0
68   2   -462.9   545.7   3467.1
68   3   -617.7   406.2   3396.2
68   4   -815.7   329.8   3307.5
68   5   -202.4   549.7   3493.7
68   6   -40.1   402.6   3515.8
68   7   160.6   311.6   3449.9
68   8   -337.3   377.0   3537.6
68   9   -338.3   201.6   3547.2
68   10   -424.0   136.9   3541.1
68   11   -417.1   -218.2   3554.3
68   12   -370.4   -523.9   3582.2
68   13   -254.0   134.9   3556.9
68   14   -275.3   -219.5   3573.9
68   15   -300.3   -527.1   3607.4
68   16   -782.7   342.5   3322.3
68   17   127.1   326.8   3460.9
68   18   -332.1   633.2   3462.2
69   0   -336.9   729.7   3460.3
69   1   -333.3   569.5   3481.1
69   2   -462.9   545.7   3467.1
69   3   -617.8   406.2   3396.3
69   4   -815.8   329.7   3307.4
69   5   -202.1   549.5   3493.7
69   6   -39.9   402.3   3515.7
69   7   160.9   311.5   3449.4
69   8   -337.3   377.0   3537.6
69   9   -338.3   201.3   3547.2
69   10   -423.9   136.9   3541.1
69   11   -417.6   -217.6   3553.7
69   12   -370.5   -522.9   3584.0
69   13   -254.3   134.7   3556.9
69   14   -275.0   -219.1   3573.9
69   15   -300.3   -526.5   3609.1
69   16   -782.8   342.5   3322.2
69   17   127.4   326.7   3460.5
69   18   -331.9   633.2   3462.4
70   0   -336.9   729.7   3460.2
70   1   -333.1   569.5   3481.2
70   2   -462.9   545.8   3467.1
70   3   -617.8   406.2   3396.3
70   4   -815.8   329.8   3307.4
70   5   -201.9   549.4   3493.8
70   6   -39.6   402.1   3515.6
70   7   161.1   311.5   3449.0
70   8   -337.3   376.9   3537.6
70   9   -338.2   202.8   3547.1
70   10   -423.9   137.1   3541.1
70   11   -418.1   -217.9   3552.8
70   12   -370.5   -523.1   3584.8
70   13   -254.5   134.6   3557.0
70   14   -274.8   -219.6   3574.0
70   15   -300.3   -527.0   3610.0
70   16   -782.8   342.5   3322.2
70   17   127.7   326.6   3460.1
70   18   -331.8   633.2   3462.5
71   0   -336.9   729.7   3460.2
71   1   -333.0   569.5   3481.3
71   2   -462.9   545.8   3467.1
71   3   -617.8   406.2   3396.3
71   4   -815.9   329.8   3307.3
71   5   -201.7   549.3   3493.8
71   6   -39.5   401.9   3515.5
71   7   161.4   311.4   3448.7
71   8   -337.3   376.8   3537.7
71   9   -338.2   204.9   3547.0
71   10   -423.7   137.3   3541.0
71   11   -418.7   -218.7   3552.2
71   12   -370.4   -523.9   3584.9
71   13   -254.8   134.6   3557.0
71   14   -274.9   -220.7   3574.1
71   15   -300.4   -528.2   3610.4
71   16   -782.9   342.5   3322.2
71   17   127.9   326.5   3459.8
71   18   -331.6   633.1   3462.7
72   0   -336.9   729.8   3460.2
72   1   -333.0   569.4   3481.5
72   2   -462.9   545.8   3467.1
72   3   -618.0   406.2   3396.4
72   4   -816.1   329.7   3307.3
72   5   -201.6   549.2   3493.9
72   6   -39.3   401.7   3515.3
72   7   161.5   311.4   3448.3
72   8   -337.3   376.6   3537.7
72   9   -338.2   206.9   3546.9
72   10   -423.6   137.4   3541.0
72   11   -419.4   -219.4   3552.2
72   12   -370.3   -524.8   3585.2
72   13   -255.1   134.4   3557.0
72   14   -275.2   -221.6   3574.2
72   15   -300.6   -529.6   3610.7
72   16   -783.0   342.5   3322.2
72   17   128.0   326.4   3459.4
72   18   -331.6   633.1   3463.0
73   0   -336.9   729.8   3460.2
73   1   -333.0   569.4   3481.7
73   2   -462.9   545.8   3467.1
73   3   -618.2   406.3   3396.5
73   4   -816.2   329.7   3307.4
73   5   -201.5   549.1   3493.9
73   6   -39.2   401.6   3515.2
73   7   161.7   311.3   3448.1
73   8   -337.3   376.5   3537.7
73   9   -338.2   208.6   3546.8
73   10   -423.4   137.6   3541.1
73   11   -408.2   -219.0   3558.0
73   12   -369.9   -527.1   3585.5
73   13   -255.4   134.4   3557.0
73   14   -275.4   -222.2   3574.2
73   15   -300.7   -530.8   3610.9
73   16   -783.2   342.4   3322.2
73   17   128.2   326.3   3459.3
73   18   -331.5   633.1   3463.2
74   0   -336.9   729.8   3460.2
74   1   -333.0   569.3   3481.9
74   2   -462.9   545.7   3467.1
74   3   -618.4   406.3   3396.6
74   4   -816.3   329.6   3307.4
74   5   -201.4   549.1   3493.9
74   6   -39.2   401.4   3515.0
74   7   161.7   311.2   3448.0
74   8   -337.3   376.4   3537.7
74   9   -338.2   210.0   3546.7
74   10   -423.3   137.8   3541.1
74   11   -402.1   -218.9   3561.1
74   12   -369.6   -529.0   3585.7
74   13   -255.6   134.5   3557.0
74   14   -275.7   -222.5   3574.3
74   15   -300.9   -532.2   3611.1
74   16   -783.3   342.4   3322.3
74   17   128.3   326.2   3459.2
74   18   -331.5   633.1   3463.5
75   0   -337.0   729.8   3460.2
75   1   -333.1   569.3   3482.0
75   2   -463.2   546.2   3467.1
75   3   -618.5   406.3   3396.8
75   4   -816.3   329.7   3307.5
75   5   -201.4   548.9   3493.3
75   6   -39.1   401.2   3514.9
75   7   161.8   311.1   3447.9
75   8   -337.7   376.2   3537.6
75   9   -338.6   211.1   3546.7
75   10   -423.4   137.8   3541.1
75   11   -412.5   -219.8   3557.0
75   12   -369.8   -529.4   3585.7
75   13   -256.1   134.8   3557.0
75   14   -275.9   -222.7   3574.3
75   15   -301.0   -533.6   3611.3
75   16   -783.3   342.5   3322.4
75   17   128.3   326.1   3459.1
75   18   -331.5   633.1   3463.6
76   0   -337.2   729.8   3460.2
76   1   -333.2   569.3   3482.2
76   2   -463.6   546.9   3467.1
76   3   -618.7   406.6   3397.0
76   4   -816.3   329.7   3308.0
76   5   -201.5   548.6   3492.4
76   6   -39.0   401.1   3514.8
76   7   161.8   311.0   3447.8
76   8   -338.3   376.0   3537.5
76   9   -339.2   210.1   3546.7
76   10   -423.8   137.7   3541.1
76   11   -419.3   -220.5   3554.6
76   12   -369.8   -530.4   3585.7
76   13   -256.6   135.1   3556.9
76   14   -275.9   -222.6   3574.3
76   15   -301.1   -535.0   3611.4
76   16   -783.4   342.5   3322.8
76   17   128.3   326.0   3459.0
76   18   -331.5   633.1   3463.9
77   0   -337.3   729.8   3460.2
77   1   -333.4   569.2   3482.3
77   2   -464.0   547.7   3467.0
77   3   -619.0   407.0   3397.3
77   4   -816.4   329.7   3308.5
77   5   -201.5   548.3   3491.5
77   6   -39.0   400.9   3514.7
77   7   161.7   311.0   3447.8
77   8   -339.0   375.8   3537.4
77   9   -340.0   208.4   3546.8
77   10   -424.3   137.6   3541.1
77   11   -423.7   -220.9   3553.4
77   12   -369.7   -531.4   3586.0
77   13   -257.4   135.5   3556.9
77   14   -275.9   -222.4   3574.2
77   15   -301.1   -536.1   3611.4
77   16   -783.5   342.6   3323.3
77   17   128.2   326.0   3458.9
77   18   -331.5   633.1   3464.0
78   0   -337.4   729.8   3460.2
78   1   -333.6   569.2   3482.2
78   2   -464.2   548.3   3467.0
78   3   -619.3   407.5   3397.5
78   4   -816.6   329.7   3309.1
78   5   -201.7   548.0   3490.6
78   6   -39.2   400.6   3514.5
78   7   161.6   311.0   3447.7
78   8   -339.9   375.6   3537.4
78   9   -340.8   206.7   3546.8
78   10   -424.9   137.5   3541.0
78   11   -426.5   -221.2   3553.1
78   12   -369.6   -532.1   3586.3
78   13   -258.1   135.9   3556.8
78   14   -276.0   -222.1   3574.2
78   15   -301.0   -536.8   3611.4
78   16   -783.7   342.6   3323.9
78   17   128.1   325.9   3458.8
78   18   -331.5   633.1   3464.0
79   0   -337.5   729.8   3460.2
79   1   -333.8   569.1   3482.1
79   2   -464.2   548.6   3466.9
79   3   -619.7   408.0   3397.8
79   4   -816.8   329.7   3309.6
79   5   -202.1   547.8   3490.3
79   6   -39.3   400.6   3514.1
79   7   161.5   311.0   3447.7
79   8   -340.7   375.4   3537.3
79   9   -341.7   205.2   3546.8
79   10   -425.6   137.3   3541.0
79   11   -427.4   -221.4   3553.1
79   12   -369.4   -532.4   3587.0
79   13   -258.8   136.2   3556.7
79   14   -276.1   -221.9   3574.2
79   15   -301.0   -536.7   3613.2
79   16   -783.9   342.7   3324.3
79   17   128.0   325.9   3458.8
79   18   -331.5   633.1   3464.0
80   0   -337.6   729.8   3460.2
80   1   -334.0   569.1   3482.1
80   2   -464.0   548.9   3466.8
80   3   -620.2   408.7   3398.0
80   4   -817.1   329.7   3310.2
80   5   -202.5   547.7   3490.4
80   6   -39.4   400.6   3513.7
80   7   161.4   311.0   3447.7
80   8   -341.6   375.2   3537.2
80   9   -342.5   204.0   3546.8
80   10   -426.4   137.2   3541.0
80   11   -427.3   -221.6   3553.0
80   12   -369.5   -531.7   3590.7
80   13   -259.4   136.5   3556.7
80   14   -276.0   -221.7   3574.1
80   15   -301.1   -534.9   3620.1
80   16   -784.3   342.9   3324.8
80   17   128.0   325.9   3458.7
80   18   -331.5   633.1   3463.9
81   0   -337.7   729.9   3460.2
81   1   -334.2   569.1   3482.1
81   2   -463.9   549.1   3466.8
81   3   -620.7   409.4   3398.3
81   4   -817.5   329.8   3311.0
81   5   -202.9   547.5   3490.1
81   6   -39.4   400.6   3513.3
81   7   161.4   311.0   3447.7
81   8   -342.4   375.1   3537.2
81   9   -343.3   203.1   3546.8
81   10   -427.1   137.0   3541.0
81   11   -427.0   -221.8   3552.9
81   12   -369.4   -528.3   3598.3
81   13   -260.0   136.7   3556.6
81   14   -276.0   -221.5   3574.1
81   15   -301.2   -531.5   3624.7
81   16   -784.7   343.1   3325.6
81   17   127.9   325.9   3458.6
81   18   -331.5   633.0   3463.9
82   0   -337.8   729.9   3460.2
82   1   -334.4   569.0   3482.0
82   2   -463.7   549.3   3466.7
82   3   -621.2   410.1   3398.5
82   4   -818.1   330.0   3312.1
82   5   -203.2   547.3   3489.6
82   6   -39.5   400.6   3512.7
82   7   161.4   311.0   3447.9
82   8   -343.1   374.9   3537.1
82   9   -343.9   202.4   3546.8
82   10   -427.8   136.9   3541.0
82   11   -426.8   -221.8   3553.0
82   12   -369.6   -524.4   3611.5
82   13   -260.4   136.9   3556.6
82   14   -275.9   -221.3   3574.1
82   15   -301.4   -528.9   3629.9
82   16   -785.3   343.4   3326.5
82   17   127.9   325.9   3458.7
82   18   -331.5   633.0   3463.9
83   0   -338.0   729.9   3460.2
83   1   -334.6   569.0   3482.0
83   2   -463.4   549.5   3466.6
83   3   -622.0   411.2   3398.7
83   4   -818.6   330.4   3312.7
83   5   -203.7   547.2   3489.5
83   6   -39.6   400.7   3512.0
83   7   161.5   310.9   3448.1
83   8   -344.0   374.6   3537.1
83   9   -344.5   201.9   3546.8
83   10   -428.4   136.8   3541.0
83   11   -426.6   -221.7   3552.9
83   12   -371.9   -521.9   3621.4
83   13   -260.8   136.9   3556.6
83   14   -275.9   -221.0   3574.0
83   15   -302.5   -525.7   3639.4
83   16   -785.8   343.8   3327.0
83   17   128.0   325.9   3458.8
83   18   -331.6   633.0   3463.9
84   0   -338.1   729.9   3460.2
84   1   -334.8   568.9   3482.0
84   2   -463.2   549.8   3466.6
84   3   -622.9   412.4   3399.0
84   4   -819.0   330.8   3313.1
84   5   -204.2   547.1   3489.5
84   6   -39.8   400.7   3511.6
84   7   161.3   310.9   3448.2
84   8   -344.8   374.4   3537.0
84   9   -345.1   201.5   3546.8
84   10   -429.0   136.7   3541.0
84   11   -426.5   -221.5   3552.8
84   12   -375.8   -521.0   3626.0
84   13   -261.2   137.0   3556.6
84   14   -275.9   -220.7   3573.9
84   15   -302.7   -522.8   3648.6
84   16   -786.3   344.4   3327.4
84   17   127.8   325.9   3458.8
84   18   -331.6   633.0   3463.9
85   0   -338.2   729.9   3460.2
85   1   -335.0   568.9   3482.0
85   2   -462.9   550.1   3466.6
85   3   -623.3   413.3   3398.9
85   4   -819.5   331.7   3313.5
85   5   -204.7   547.0   3489.5
85   6   -40.0   400.7   3511.5
85   7   161.0   311.0   3448.1
85   8   -345.6   374.1   3537.0
85   9   -345.7   201.2   3546.8
85   10   -429.7   136.6   3541.0
85   11   -426.4   -221.3   3552.9
85   12   -380.4   -521.0   3627.5
85   13   -261.7   137.0   3556.5
85   14   -275.9   -220.4   3573.9
85   15   -303.2   -520.6   3655.0
85   16   -786.8   345.3   3327.7
85   17   127.5   325.9   3458.7
85   18   -331.6   633.0   3463.9
86   0   -339.3   729.8   3459.6
86   1   -335.2   568.8   3482.0
86   2   -462.6   550.2   3466.4
86   3   -623.5   414.0   3398.4
86   4   -820.1   332.7   3314.0
86   5   -205.2   546.9   3489.4
86   6   -40.3   400.7   3511.5
86   7   160.7   311.1   3448.2
86   8   -346.2   373.9   3536.9
86   9   -346.2   201.0   3546.8
86   10   -430.4   136.4   3541.1
86   11   -426.4   -221.2   3553.0
86   12   -382.2   -521.0   3627.7
86   13   -261.9   136.9   3556.5
86   14   -275.9   -220.2   3573.9
86   15   -302.8   -521.1   3652.6
86   16   -787.4   346.2   3328.0
86   17   127.2   326.0   3458.7
86   18   -331.6   632.9   3463.9
87   0   -340.7   729.7   3458.8
87   1   -335.3   568.7   3481.9
87   2   -462.3   550.2   3466.1
87   3   -623.6   414.6   3397.6
87   4   -820.8   333.7   3314.3
87   5   -205.5   546.8   3488.9
87   6   -40.5   400.6   3511.6
87   7   160.4   311.1   3448.3
87   8   -346.6   373.8   3536.7
87   9   -346.5   200.8   3546.8
87   10   -430.9   136.2   3541.1
87   11   -426.4   -221.1   3552.9
87   12   -382.7   -521.4   3626.2
87   13   -261.9   136.7   3556.6
87   14   -276.0   -220.2   3573.9
87   15   -302.7   -522.3   3647.4
87   16   -787.9   347.1   3328.2
87   17   126.9   326.1   3458.8
87   18   -331.6   632.9   3463.9
88   0   -342.5   729.4   3457.8
88   1   -335.3   568.6   3481.8
88   2   -462.0   550.3   3465.2
88   3   -623.5   414.9   3396.3
88   4   -820.9   334.1   3313.8
88   5   -205.9   546.6   3488.4
88   6   -40.6   400.7   3511.7
88   7   160.1   311.1   3448.6
88   8   -346.8   373.6   3536.3
88   9   -346.7   200.6   3546.6
88   10   -431.5   136.0   3541.1
88   11   -426.3   -221.0   3553.0
88   12   -383.1   -522.1   3622.8
88   13   -261.9   136.4   3556.6
88   14   -276.0   -220.1   3573.9
88   15   -301.9   -525.5   3631.6
88   16   -788.0   347.6   3327.6
88   17   126.7   326.0   3459.1
88   18   -331.6   632.8   3463.9
89   0   -344.5   729.1   3456.9
89   1   -335.4   568.5   3481.7
89   2   -461.9   550.5   3464.1
89   3   -623.1   415.0   3394.5
89   4   -820.7   334.3   3313.0
89   5   -206.2   546.6   3488.0
89   6   -40.7   400.8   3511.7
89   7   159.7   311.0   3448.6
89   8   -346.9   373.4   3535.9
89   9   -346.8   200.5   3546.5
89   10   -431.9   135.7   3541.2
89   11   -426.3   -220.8   3553.0
89   12   -383.4   -523.7   3615.6
89   13   -261.8   136.1   3556.6
89   14   -276.1   -220.0   3573.9
89   15   -301.9   -527.7   3619.0
89   16   -787.8   347.7   3326.6
89   17   126.3   325.9   3459.1
89   18   -331.6   632.8   3463.9
90   0   -346.4   728.8   3456.0
90   1   -335.4   568.4   3481.7
90   2   -461.7   550.6   3462.8
90   3   -623.0   415.0   3393.0
90   4   -820.7   334.4   3312.7
90   5   -206.3   546.6   3487.6
90   6   -40.7   400.8   3511.8
90   7   159.3   311.1   3448.6
90   8   -347.0   373.2   3535.6
90   9   -346.8   200.3   3546.4
90   10   -432.1   135.4   3541.2
90   11   -426.3   -220.9   3552.9
90   12   -383.5   -525.7   3605.5
90   13   -261.6   135.7   3556.6
90   14   -276.1   -220.0   3573.8
90   15   -302.3   -527.5   3621.5
90   16   -787.8   347.8   3326.1
90   17   126.0   326.0   3459.1
90   18   -331.6   632.7   3463.9
91   0   -347.8   728.5   3455.0
91   1   -335.4   568.3   3481.6
91   2   -461.5   550.7   3461.4
91   3   -622.9   414.9   3391.8
91   4   -820.9   334.5   3312.6
91   5   -206.5   546.7   3487.5
91   6   -40.8   400.9   3511.8
91   7   159.1   311.3   3448.7
91   8   -347.0   373.1   3535.4
91   9   -346.8   200.2   3546.3
91   10   -432.2   135.1   3541.2
91   11   -426.3   -220.8   3552.7
91   12   -383.5   -526.5   3601.3
91   13   -261.5   135.5   3556.6
91   14   -276.2   -219.9   3573.7
91   15   -302.5   -526.3   3628.9
91   16   -787.9   347.9   3325.8
91   17   125.8   326.2   3459.2
91   18   -331.6   632.7   3463.9
92   0   -348.7   728.3   3454.1
92   1   -335.4   568.2   3481.6
92   2   -461.2   550.6   3460.4
92   3   -622.7   415.0   3390.3
92   4   -822.7   333.9   3312.0
92   5   -206.6   546.9   3487.4
92   6   -40.8   400.9   3511.8
92   7   160.5   310.8   3448.1
92   8   -347.0   373.1   3535.3
92   9   -346.8   200.2   3546.3
92   10   -432.3   135.0   3541.2
92   11   -426.2   -220.7   3552.4
92   12   -383.5   -526.4   3602.1
92   13   -261.4   135.4   3556.6
92   14   -276.4   -219.8   3573.5
92   15   -302.7   -526.3   3628.9
92   16   -789.4   347.4   3325.0
92   17   127.0   325.8   3458.7
92   18   -331.6   632.6   3463.9
93   0   -349.4   728.0   3453.2
93   1   -335.5   568.0   3481.6
93   2   -461.1   550.5   3460.1
93   3   -622.7   415.0   3389.7
93   4   -824.9   332.8   3311.1
93   5   -206.7   546.9   3487.4
93   6   -40.8   400.9   3511.8
93   7   162.7   310.1   3447.4
93   8   -347.0   372.9   3535.3
93   9   -346.8   200.0   3546.3
93   10   -432.3   134.9   3541.2
93   11   -426.3   -220.6   3552.0
93   12   -383.4   -525.4   3607.7
93   13   -261.4   135.3   3556.6
93   14   -276.9   -219.6   3573.4
93   15   -303.2   -526.3   3628.8
93   16   -791.2   346.5   3324.2
93   17   128.8   325.2   3458.1
93   18   -331.7   632.5   3463.9
94   0   -349.8   727.6   3452.3
94   1   -335.5   567.7   3481.7
94   2   -460.9   550.4   3459.9
94   3   -622.8   414.9   3389.4
94   4   -827.1   331.8   3310.3
94   5   -206.8   547.0   3487.4
94   6   -40.7   400.9   3511.8
94   7   164.9   309.4   3446.6
94   8   -347.0   372.7   3535.3
94   9   -346.8   199.8   3546.2
94   10   -432.4   134.7   3541.2
94   11   -426.5   -220.6   3551.3
94   12   -383.2   -524.4   3612.4
94   13   -261.3   135.2   3556.7
94   14   -277.6   -219.5   3573.3
94   15   -304.3   -526.3   3629.4
94   16   -793.0   345.6   3323.5
94   17   130.7   324.6   3457.5
94   18   -331.7   632.2   3463.9
95   0   -350.1   727.2   3451.9
95   1   -335.5   567.3   3481.7
95   2   -460.8   550.2   3459.9
95   3   -622.9   414.8   3389.3
95   4   -829.1   330.9   3309.5
95   5   -206.8   547.0   3487.4
95   6   -40.6   400.8   3511.8
95   7   167.1   309.0   3445.9
95   8   -347.0   372.5   3535.2
95   9   -346.8   199.5   3546.2
95   10   -432.4   134.6   3541.1
95   11   -426.6   -220.6   3550.4
95   12   -382.8   -524.0   3614.1
95   13   -261.2   135.2   3556.7
95   14   -277.9   -219.5   3573.3
95   15   -304.7   -526.4   3629.6
95   16   -794.7   344.9   3322.8
95   17   132.4   324.3   3456.9
95   18   -331.7   631.9   3463.9
96   0   -350.1   727.0   3451.6
96   1   -335.6   566.9   3481.7
96   2   -460.7   550.0   3459.8
96   3   -623.1   414.6   3389.2
96   4   -830.8   330.2   3308.8
96   5   -206.9   547.0   3487.4
96   6   -40.5   400.7   3511.7
96   7   169.0   308.8   3445.3
96   8   -347.0   372.3   3535.2
96   9   -346.8   199.3   3546.2
96   10   -432.5   134.5   3541.1
96   11   -426.5   -220.6   3550.0
96   12   -382.4   -524.2   3613.9
96   13   -261.2   135.1   3556.6
96   14   -277.7   -219.4   3573.2
96   15   -304.8   -526.5   3629.6
96   16   -796.2   344.3   3322.2
96   17   134.0   324.1   3456.4
96   18   -331.8   631.6   3463.9
97   0   -350.1   726.7   3451.4
97   1   -335.6   566.5   3481.7
97   2   -460.6   549.8   3459.6
97   3   -623.3   414.4   3389.1
97   4   -832.2   329.7   3308.0
97   5   -206.9   547.0   3487.4
97   6   -40.4   400.7   3511.6
97   7   170.6   308.8   3444.9
97   8   -347.0   372.1   3535.1
97   9   -346.8   199.0   3546.2
97   10   -432.5   134.4   3541.1
97   11   -426.5   -220.6   3549.9
97   12   -382.1   -524.6   3612.6
97   13   -261.1   135.1   3556.6
97   14   -277.3   -219.4   3572.8
97   15   -304.8   -526.5   3629.8
97   16   -797.4   343.8   3321.6
97   17   135.5   324.1   3456.0
97   18   -331.8   631.2   3463.9
98   0   -349.9   726.4   3451.3
98   1   -335.7   566.1   3481.7
98   2   -460.6   549.6   3459.5
98   3   -623.5   414.3   3389.1
98   4   -833.5   329.3   3307.5
98   5   -206.9   547.1   3487.4
98   6   -40.2   400.6   3511.2
98   7   172.3   309.0   3444.6
98   8   -347.0   371.9   3535.0
98   9   -346.8   198.7   3546.2
98   10   -432.5   134.3   3541.1
98   11   -426.6   -220.6   3550.0
98   12   -382.1   -524.9   3612.0
98   13   -261.0   135.0   3556.5
98   14   -276.9   -219.3   3572.2
98   15   -304.9   -526.4   3630.3
98   16   -798.5   343.4   3321.1
98   17   136.8   324.3   3455.7
98   18   -331.9   630.9   3463.9
99   0   -349.7   726.2   3451.2
99   1   -335.7   565.8   3481.7
99   2   -460.5   549.4   3459.3
99   3   -623.7   414.0   3389.1
99   4   -834.6   328.9   3307.0
99   5   -206.9   547.1   3487.4
99   6   -40.0   400.5   3510.7
99   7   173.8   309.3   3444.4
99   8   -347.0   371.6   3534.9
99   9   -346.8   198.4   3546.1
99   10   -432.5   134.2   3541.0
99   11   -426.6   -220.4   3550.0
99   12   -382.1   -525.1   3611.6
99   13   -261.0   134.9   3556.4
99   14   -277.4   -219.1   3571.6
99   15   -304.8   -526.3   3630.6
99   16   -799.4   343.1   3320.7
99   17   138.2   324.5   3455.4
99   18   -331.9   630.5   3463.9
100   0   -349.5   726.0   3451.3
100   1   -335.7   565.3   3481.6
100   2   -460.4   549.2   3458.9
100   3   -623.9   413.7   3389.0
100   4   -835.6   328.7   3306.7
100   5   -206.9   547.1   3487.4
100   6   -39.8   400.5   3510.4
100   7   175.1   309.7   3444.2
100   8   -347.0   371.4   3534.8
100   9   -346.8   198.0   3546.1
100   10   -432.5   134.1   3540.9
100   11   -426.6   -220.2   3549.9
100   12   -382.1   -525.1   3611.3
100   13   -260.9   134.9   3556.4
100   14   -277.6   -218.9   3571.0
100   15   -304.7   -526.1   3630.8
100   16   -800.3   342.8   3320.4
100   17   139.3   324.8   3455.2
100   18   -332.0   630.2   3463.9
101   0   -349.3   725.7   3451.3
101   1   -335.8   564.9   3481.6
101   2   -460.3   548.9   3458.3
101   3   -624.2   413.4   3388.9
101   4   -836.5   328.4   3306.2
101   5   -206.9   547.1   3487.4
101   6   -39.6   400.4   3509.4
101   7   176.7   310.2   3444.3
101   8   -347.1   371.1   3534.7
101   9   -346.8   197.7   3546.1
101   10   -432.5   134.1   3540.7
101   11   -426.6   -219.8   3549.8
101   12   -382.1   -525.0   3611.0
101   13   -260.9   134.9   3556.2
101   14   -278.4   -218.4   3570.0
101   15   -304.6   -525.7   3631.2
101   16   -801.1   342.6   3320.0
101   17   140.6   325.2   3455.1
101   18   -332.0   629.8   3463.8
102   0   -349.2   725.5   3451.4
102   1   -335.8   564.5   3481.6
102   2   -460.3   548.8   3457.8
102   3   -624.4   413.1   3388.8
102   4   -837.4   328.2   3305.9
102   5   -206.9   547.2   3487.3
102   6   -39.3   400.3   3508.3
102   7   178.2   310.6   3444.6
102   8   -347.1   370.7   3534.7
102   9   -346.8   197.3   3546.1
102   10   -432.5   134.1   3540.6
102   11   -426.5   -219.2   3549.8
102   12   -382.2   -524.7   3611.1
102   13   -260.9   134.9   3556.1
102   14   -278.6   -217.9   3568.6
102   15   -304.6   -525.1   3631.3
102   16   -801.9   342.4   3319.7
102   17   142.0   325.6   3455.2
102   18   -332.1   629.5   3463.8
103   0   -349.0   725.3   3451.4
103   1   -335.9   564.1   3481.5
103   2   -460.3   548.7   3457.7
103   3   -624.6   412.9   3388.7
103   4   -838.0   328.0   3305.6
103   5   -206.9   547.2   3487.3
103   6   -39.1   400.1   3506.6
103   7   179.9   311.1   3445.2
103   8   -347.1   370.4   3534.7
103   9   -346.8   196.9   3546.1
103   10   -432.5   134.1   3540.3
103   11   -426.4   -218.6   3549.7
103   12   -381.7   -524.3   3611.0
103   13   -260.9   134.9   3555.9
103   14   -278.6   -217.3   3566.9
103   15   -304.5   -524.7   3630.3
103   16   -802.5   342.2   3319.5
103   17   143.4   325.9   3455.5
103   18   -332.1   629.1   3463.7
104   0   -348.8   725.1   3451.5
104   1   -335.9   563.8   3481.5
104   2   -460.4   548.6   3457.7
104   3   -624.8   412.8   3388.6
104   4   -838.6   327.8   3305.4
104   5   -206.9   547.2   3487.3
104   6   -38.8   399.9   3504.5
104   7   181.6   311.1   3446.2
104   8   -347.1   370.1   3534.7
104   9   -346.8   196.6   3546.1
104   10   -432.4   134.1   3540.0
104   11   -426.3   -218.2   3549.6
104   12   -381.1   -524.0   3611.0
104   13   -260.9   134.9   3555.8
104   14   -278.4   -216.9   3566.8
104   15   -304.4   -524.4   3631.0
104   16   -803.0   342.0   3319.3
104   17   144.8   325.9   3455.9
104   18   -332.2   628.8   3463.6
105   0   -348.6   724.9   3451.6
105   1   -336.0   563.4   3481.4
105   2   -460.4   548.5   3457.7
105   3   -625.0   412.6   3388.5
105   4   -839.2   327.6   3305.2
105   5   -206.9   547.2   3487.3
105   6   -38.6   399.7   3503.4
105   7   182.7   311.2   3446.7
105   8   -347.1   369.8   3534.7
105   9   -346.8   196.2   3546.1
105   10   -432.4   134.1   3539.6
105   11   -426.3   -217.9   3549.6
105   12   -380.5   -524.2   3609.1
105   13   -260.9   134.9   3555.6
105   14   -278.4   -216.6   3567.5
105   15   -304.2   -524.7   3629.8
105   16   -803.5   341.8   3319.1
105   17   145.8   326.0   3456.1
105   18   -332.2   628.4   3463.5
106   0   -348.5   724.7   3451.6
106   1   -336.0   563.0   3481.4
106   2   -460.5   548.4   3457.7
106   3   -625.2   412.4   3388.5
106   4   -839.8   327.5   3305.0
106   5   -206.9   547.3   3487.3
106   6   -38.5   399.6   3503.1
106   7   183.7   311.7   3447.1
106   8   -347.2   369.4   3534.7
106   9   -346.8   195.9   3546.1
106   10   -432.3   134.0   3539.5
106   11   -426.3   -217.7   3549.6
106   12   -379.6   -525.1   3603.4
106   13   -260.9   134.9   3555.4
106   14   -278.4   -216.3   3568.3
106   15   -303.9   -525.5   3626.3
106   16   -804.0   341.6   3318.9
106   17   146.6   326.3   3456.4
106   18   -332.3   628.1   3463.4
107   0   -348.3   724.5   3451.7
107   1   -336.1   562.6   3481.3
107   2   -460.5   548.3   3457.7
107   3   -625.3   412.2   3388.4
107   4   -840.2   327.3   3304.7
107   5   -206.9   547.3   3487.3
107   6   -38.3   399.5   3502.9
107   7   184.6   312.3   3447.5
107   8   -347.2   369.1   3534.7
107   9   -346.8   195.5   3546.1
107   10   -432.2   134.0   3539.4
107   11   -426.3   -217.5   3549.8
107   12   -378.9   -527.0   3590.1
107   13   -260.9   135.0   3555.1
107   14   -278.4   -216.0   3568.0
107   15   -303.3   -527.0   3617.2
107   16   -804.4   341.4   3318.7
107   17   147.5   326.9   3456.8
107   18   -332.3   627.7   3463.3
108   0   -348.1   724.2   3451.7
108   1   -336.1   562.1   3481.2
108   2   -460.6   548.2   3457.7
108   3   -625.5   411.9   3388.3
108   4   -840.7   327.1   3304.5
108   5   -206.9   547.3   3487.2
108   6   -38.1   399.4   3502.9
108   7   185.4   312.8   3447.6
108   8   -347.2   368.7   3534.7
108   9   -346.8   195.1   3546.1
108   10   -432.2   133.9   3539.4
108   11   -426.2   -217.3   3549.8
108   12   -378.3   -526.7   3593.1
108   13   -260.9   135.1   3554.8
108   14   -278.4   -215.8   3566.3
108   15   -303.4   -526.5   3618.9
108   16   -804.9   341.3   3318.4
108   17   148.1   327.2   3456.8
108   18   -332.4   627.3   3463.2
109   0   -347.9   724.0   3451.8
109   1   -336.2   561.7   3481.1
109   2   -460.7   548.1   3457.8
109   3   -625.7   411.7   3388.2
109   4   -841.1   327.0   3304.1
109   5   -206.8   547.4   3487.2
109   6   -37.9   399.4   3503.0
109   7   185.8   312.9   3447.3
109   8   -347.2   368.3   3534.7
109   9   -346.8   194.7   3546.1
109   10   -432.1   133.9   3539.4
109   11   -426.1   -217.2   3549.7
109   12   -378.2   -527.6   3587.0
109   13   -260.8   135.2   3554.3
109   14   -278.3   -215.6   3564.1
109   15   -303.1   -527.2   3612.4
109   16   -805.2   341.1   3318.1
109   17   148.6   327.3   3456.6
109   18   -332.5   627.0   3463.0
110   0   -347.7   723.8   3451.9
110   1   -336.2   561.3   3481.0
110   2   -460.8   548.0   3457.9
110   3   -625.9   411.4   3388.1
110   4   -841.5   326.8   3303.7
110   5   -206.8   547.4   3487.2
110   6   -37.7   399.4   3503.0
110   7   186.1   312.7   3446.5
110   8   -347.2   368.0   3534.7
110   9   -346.8   194.4   3546.0
110   10   -432.0   133.9   3539.3
110   11   -426.1   -217.1   3549.6
110   12   -378.0   -528.5   3580.7
110   13   -260.8   135.3   3554.2
110   14   -278.2   -215.3   3561.6
110   15   -303.3   -527.7   3607.1
110   16   -805.6   340.9   3317.8
110   17   148.8   327.2   3455.9
110   18   -332.5   626.6   3462.9
111   0   -347.6   723.5   3451.9
111   1   -336.3   560.9   3481.0
111   2   -460.9   547.9   3457.9
111   3   -626.0   411.1   3388.1
111   4   -841.9   326.6   3303.4
111   5   -206.8   547.4   3487.2
111   6   -37.4   399.4   3503.0
111   7   186.3   312.5   3445.6
111   8   -347.3   367.6   3534.8
111   9   -346.8   194.0   3546.0
111   10   -431.9   133.8   3539.2
111   11   -425.9   -217.0   3549.2
111   12   -377.9   -528.3   3583.5
111   13   -260.8   135.4   3554.1
111   14   -278.1   -215.1   3561.5
111   15   -303.5   -527.3   3609.2
111   16   -805.9   340.7   3317.5
111   17   149.0   327.0   3455.2
111   18   -332.6   626.2   3462.8
112   0   -347.4   723.2   3452.0
112   1   -336.3   560.4   3480.9
112   2   -461.0   547.7   3457.9
112   3   -626.1   410.7   3387.9
112   4   -842.2   326.4   3303.1
112   5   -206.7   547.4   3487.2
112   6   -37.0   399.5   3503.1
112   7   186.5   312.2   3444.4
112   8   -347.3   367.2   3534.9
112   9   -346.8   193.5   3546.0
112   10   -431.8   133.8   3539.1
112   11   -425.6   -216.9   3548.4
112   12   -378.0   -527.7   3594.4
112   13   -260.8   135.6   3554.0
112   14   -277.9   -214.7   3563.0
112   15   -304.3   -525.0   3625.4
112   16   -806.2   340.4   3317.2
112   17   149.3   326.7   3454.2
112   18   -332.6   625.8   3462.6
113   0   -347.2   723.0   3452.1
113   1   -336.4   559.9   3480.8
113   2   -461.1   547.6   3457.8
113   3   -626.1   410.3   3387.8
113   4   -842.5   326.1   3302.8
113   5   -206.6   547.4   3487.1
113   6   -36.5   399.7   3503.1
113   7   186.8   311.7   3443.8
113   8   -347.3   366.8   3535.0
113   9   -346.8   193.1   3546.0
113   10   -431.6   133.7   3539.0
113   11   -425.2   -216.8   3547.4
113   12   -378.1   -527.9   3602.0
113   13   -260.8   135.8   3554.0
113   14   -277.8   -214.3   3564.2
113   15   -304.0   -525.7   3630.0
113   16   -806.5   340.1   3317.0
113   17   149.6   326.4   3453.7
113   18   -332.6   625.4   3462.5
114   0   -347.0   722.6   3452.1
114   1   -336.4   559.4   3480.8
114   2   -461.2   547.5   3457.8
114   3   -626.1   409.7   3387.6
114   4   -842.9   325.8   3302.6
114   5   -206.5   547.4   3487.1
114   6   -36.0   399.9   3503.1
114   7   187.2   311.3   3443.3
114   8   -347.3   366.3   3535.1
114   9   -346.8   192.6   3546.0
114   10   -431.5   133.6   3538.9
114   11   -424.9   -216.6   3545.6
114   12   -378.8   -528.4   3608.0
114   13   -260.8   136.0   3553.9
114   14   -277.7   -213.7   3565.0
114   15   -304.1   -527.7   3627.7
114   16   -806.7   339.8   3316.8
114   17   150.0   326.1   3453.3
114   18   -332.7   624.8   3462.4
115   0   -346.7   722.2   3452.2
115   1   -336.4   558.8   3480.7
115   2   -461.4   547.3   3457.7
115   3   -626.0   409.1   3387.4
115   4   -843.1   325.4   3302.4
115   5   -206.3   547.4   3487.1
115   6   -35.7   399.8   3503.2
115   7   187.6   311.0   3442.9
115   8   -347.4   365.7   3535.1
115   9   -346.8   192.1   3546.0
115   10   -431.2   133.4   3538.5
115   11   -424.6   -216.4   3543.7
115   12   -378.7   -529.3   3604.6
115   13   -260.8   136.2   3553.8
115   14   -277.7   -213.1   3565.6
115   15   -303.7   -530.0   3615.0
115   16   -807.0   339.3   3316.6
115   17   150.4   325.8   3452.9
115   18   -332.7   624.3   3462.2
116   0   -346.5   721.7   3452.3
116   1   -336.4   558.1   3480.5
116   2   -461.5   547.2   3457.6
116   3   -625.9   408.3   3387.2
116   4   -843.3   324.9   3302.0
116   5   -206.1   547.4   3487.1
116   6   -35.4   399.6   3503.3
116   7   187.9   310.8   3442.4
116   8   -347.4   365.0   3535.0
116   9   -346.8   191.4   3546.0
116   10   -431.0   133.3   3538.2
116   11   -424.3   -216.2   3542.8
116   12   -378.2   -530.9   3591.6
116   13   -260.9   136.3   3553.8
116   14   -277.7   -212.7   3565.6
116   15   -303.7   -529.4   3617.2
116   16   -807.0   338.8   3316.2
116   17   150.7   325.6   3452.6
116   18   -332.7   623.7   3462.1
117   0   -346.2   721.3   3452.4
117   1   -336.5   557.5   3480.3
117   2   -461.7   547.0   3457.5
117   3   -625.6   407.5   3387.0
117   4   -843.1   324.4   3301.0
117   5   -206.0   547.4   3487.1
117   6   -35.2   399.4   3503.4
117   7   188.2   310.6   3441.9
117   8   -347.4   364.2   3534.3
117   9   -346.8   190.7   3545.9
117   10   -430.8   133.3   3537.6
117   11   -424.2   -216.2   3542.8
117   12   -377.1   -530.4   3586.7
117   13   -261.0   136.2   3553.8
117   14   -277.7   -212.8   3565.2
117   15   -302.9   -528.7   3615.3
117   16   -806.9   338.3   3315.4
117   17   151.0   325.4   3452.2
117   18   -332.7   623.1   3461.9
118   0   -346.0   721.0   3452.4
118   1   -336.5   556.9   3479.9
118   2   -461.8   546.9   3457.5
118   3   -625.2   406.5   3386.7
118   4   -842.7   323.9   3299.8
118   5   -205.9   547.4   3487.0
118   6   -35.0   399.3   3503.5
118   7   188.4   310.3   3441.4
118   8   -347.5   363.3   3533.2
118   9   -346.8   190.0   3545.8
118   10   -430.7   133.1   3537.4
118   11   -424.2   -216.3   3543.4
118   12   -374.9   -529.9   3583.0
118   13   -261.2   136.0   3554.1
118   14   -277.7   -213.0   3564.6
118   15   -302.3   -528.8   3609.2
118   16   -806.4   337.6   3314.3
118   17   151.2   325.1   3451.8
118   18   -332.8   622.6   3461.8
