2   0   -122.2   497.9   3582.8
2   1   -122.2   329.5   3574.5
2   2   -270.8   312.4   3576.6
2   3   -255.1   124.8   3455.2
2   4   -96.6   296.9   3381.3
2   5   21.5   301.6   3601.0
2   6   36.6   111.9   3482.9
2   7   -121.4   278.8   3396.9
2   8   -131.1   131.0   3607.7
2   9   -134.5   -37.0   3608.4
2   10   -232.0   -151.7   3629.6
2   11   -200.6   -481.6   3582.3
2   12   -185.7   -775.5   3694.1
2   13   -40.5   -149.5   3635.3
2   14   -100.4   -478.3   3617.3
2   15   -100.8   -779.0   3710.5
2   16   -123.0   268.2   3393.6
2   17   -95.1   251.0   3411.2
2   18   -119.3   396.0   3563.3
3   0   -121.5   499.6   3582.5
3   1   -122.2   331.9   3575.0
3   2   -270.1   314.1   3572.1
3   3   -256.5   123.5   3456.1
3   4   -101.1   297.7   3381.1
3   5   21.8   303.5   3597.2
3   6   38.5   110.7   3485.7
3   7   -116.5   275.4   3392.4
3   8   -131.4   133.6   3612.2
3   9   -134.5   -34.2   3613.7
3   10   -230.7   -145.0   3630.0
3   11   -203.8   -475.7   3593.1
3   12   -182.0   -772.1   3686.2
3   13   -41.0   -143.0   3635.9
3   14   -95.0   -472.5   3626.0
3   15   -103.5   -774.8   3705.3
3   16   -127.0   268.7   3393.6
3   17   -90.7   248.0   3407.9
3   18   -119.1   398.0   3562.7
4   0   -119.2   505.1   3581.7
4   1   -122.0   339.9   3576.9
4   2   -266.9   318.9   3562.6
4   3   -260.8   122.6   3457.4
4   4   -109.3   297.9   3377.6
4   5   21.6   310.3   3588.9
4   6   37.5   111.7   3489.0
4   7   -108.5   274.5   3381.4
4   8   -131.7   143.2   3625.7
4   9   -134.2   -24.0   3629.5
4   10   -223.5   -131.3   3633.3
4   11   -207.8   -463.4   3612.8
4   12   -172.9   -763.8   3670.5
4   13   -47.4   -131.1   3639.7
4   14   -84.3   -461.4   3618.6
4   15   -104.8   -765.0   3690.7
4   16   -134.6   268.7   3390.9
4   17   -84.2   247.4   3399.3
4   18   -118.7   405.0   3560.7
5   0   -116.9   512.0   3581.2
5   1   -121.7   349.6   3578.9
5   2   -262.8   325.1   3556.2
5   3   -264.7   124.1   3459.5
5   4   -116.9   299.2   3372.5
5   5   19.4   317.5   3580.9
5   6   41.4   112.9   3495.2
5   7   -98.8   273.7   3376.2
5   8   -132.0   154.2   3640.8
5   9   -133.9   -12.3   3646.5
5   10   -218.0   -114.3   3635.6
5   11   -212.6   -447.6   3632.1
5   12   -168.4   -755.5   3659.8
5   13   -51.0   -114.9   3641.2
5   14   -75.4   -446.5   3614.4
5   15   -101.6   -755.4   3675.3
5   16   -141.5   270.0   3387.0
5   17   -75.4   246.9   3396.0
5   18   -118.4   413.7   3558.7
6   0   -115.9   515.0   3580.4
6   1   -121.6   355.1   3579.4
6   2   -259.7   329.1   3555.0
6   3   -267.0   126.3   3460.9
6   4   -119.6   300.1   3370.2
6   5   16.7   321.0   3576.6
6   6   44.9   113.4   3498.9
6   7   -95.9   269.1   3373.0
6   8   -132.0   160.1   3646.6
6   9   -133.7   -5.5   3653.6
6   10   -216.1   -107.6   3635.3
6   11   -216.4   -441.8   3634.6
6   12   -170.7   -757.5   3655.7
6   13   -51.4   -107.5   3638.8
6   14   -70.2   -440.5   3618.8
6   15   -96.9   -757.0   3663.5
6   16   -144.2   271.2   3385.3
6   17   -72.5   243.2   3394.0
6   18   -118.2   418.8   3557.5
7   0   -115.9   514.7   3579.8
7   1   -121.4   356.4   3578.3
7   2   -258.0   330.9   3554.1
7   3   -267.0   127.3   3461.3
7   4   -118.9   300.4   3370.3
7   5   15.2   322.8   3575.4
7   6   46.4   114.0   3500.8
7   7   -93.9   268.3   3371.6
7   8   -131.5   160.8   3643.6
7   9   -133.5   -4.2   3652.1
7   10   -215.1   -116.5   3635.1
7   11   -218.8   -450.6   3623.2
7   12   -171.7   -770.5   3655.9
7   13   -50.8   -114.8   3641.2
7   14   -68.1   -448.5   3626.0
7   15   -98.3   -771.4   3652.0
7   16   -143.6   271.6   3385.5
7   17   -70.5   242.6   3393.2
7   18   -118.1   420.3   3557.0
8   0   -116.3   513.0   3579.3
8   1   -121.2   355.4   3577.0
8   2   -257.1   331.5   3553.1
8   3   -265.7   127.4   3461.2
8   4   -118.1   301.0   3370.4
8   5   14.8   324.3   3576.2
8   6   46.1   115.4   3501.6
8   7   -93.5   267.9   3369.5
8   8   -130.9   159.2   3638.0
8   9   -133.2   -5.2   3647.9
8   10   -217.1   -128.3   3635.3
8   11   -220.0   -461.7   3609.1
8   12   -170.1   -783.0   3658.2
8   13   -47.4   -124.5   3645.1
8   14   -67.6   -458.2   3632.2
8   15   -105.6   -784.8   3649.3
8   16   -142.7   272.1   3385.5
8   17   -70.2   242.5   3391.5
8   18   -118.1   419.7   3556.9
9   0   -117.0   510.6   3578.8
9   1   -121.2   353.2   3576.0
9   2   -256.7   331.5   3552.8
9   3   -263.7   127.3   3461.0
9   4   -117.5   302.0   3370.1
9   5   14.7   324.7   3576.8
9   6   45.9   116.0   3501.7
9   7   -93.1   266.8   3367.0
9   8   -130.5   156.9   3633.7
9   9   -133.1   -7.2   3644.5
9   10   -221.0   -133.7   3636.1
9   11   -220.4   -466.5   3602.9
9   12   -168.7   -786.7   3658.4
9   13   -44.6   -130.4   3648.7
9   14   -67.3   -463.9   3633.2
9   15   -108.6   -790.1   3647.8
9   16   -141.9   272.9   3385.2
9   17   -69.9   241.7   3389.5
9   18   -118.1   417.9   3557.0
10   0   -117.7   508.6   3578.5
10   1   -121.2   351.3   3575.6
10   2   -256.4   331.5   3552.8
10   3   -263.1   127.4   3461.1
10   4   -117.6   302.4   3369.6
10   5   14.5   325.0   3577.1
10   6   45.9   116.4   3501.7
10   7   -92.6   265.4   3364.5
10   8   -130.3   155.2   3631.6
10   9   -133.0   -8.6   3642.4
10   10   -222.9   -135.2   3637.5
10   11   -221.3   -468.8   3623.0
10   12   -164.4   -788.6   3656.0
10   13   -43.6   -132.6   3649.7
10   14   -66.0   -466.1   3633.7
10   15   -107.4   -790.6   3645.3
10   16   -141.9   273.2   3384.9
10   17   -69.5   240.5   3387.3
10   18   -118.1   416.1   3557.1
11   0   -118.5   507.3   3578.3
11   1   -121.2   349.8   3575.6
11   2   -256.1   331.7   3552.4
11   3   -263.5   127.4   3461.2
11   4   -118.5   302.3   3368.9
11   5   14.2   325.3   3577.2
11   6   46.0   116.9   3501.9
11   7   -92.6   264.1   3363.1
11   8   -130.4   154.3   3631.1
11   9   -133.1   -9.3   3641.5
11   10   -223.0   -135.5   3639.7
11   11   -221.3   -469.5   3639.6
11   12   -158.5   -787.2   3653.9
11   13   -43.9   -132.8   3649.4
11   14   -65.5   -466.2   3634.4
11   15   -104.4   -788.8   3640.9
11   16   -142.7   273.1   3384.3
11   17   -69.5   239.6   3386.3
11   18   -118.2   414.6   3557.3
12   0   -119.1   506.4   3578.2
12   1   -121.3   348.7   3575.9
12   2   -255.6   331.9   3551.8
12   3   -266.1   127.5   3461.4
12   4   -120.5   301.4   3368.5
12   5   13.8   325.5   3577.3
12   6   46.2   117.3   3502.2
12   7   -92.8   262.8   3362.2
12   8   -130.5   153.8   3631.6
12   9   -133.2   -9.7   3641.5
12   10   -221.7   -133.6   3640.6
12   11   -221.1   -467.7   3647.9
12   12   -152.4   -782.7   3653.0
12   13   -45.4   -131.1   3648.8
12   14   -62.2   -464.9   3644.0
12   15   -100.9   -785.2   3642.0
12   16   -144.7   272.4   3383.9
12   17   -69.7   238.6   3385.5
12   18   -118.2   413.4   3557.4
13   0   -119.6   505.8   3578.1
13   1   -121.4   347.6   3576.2
13   2   -255.3   332.1   3551.7
13   3   -277.2   128.7   3462.1
13   4   -125.3   296.7   3368.9
13   5   13.4   325.8   3577.4
13   6   46.5   117.6   3502.7
13   7   -92.9   261.2   3361.4
13   8   -130.8   151.7   3633.2
13   9   -133.4   -11.6   3642.1
13   10   -220.0   -129.0   3640.7
13   11   -221.6   -462.8   3634.9
13   12   -153.1   -775.3   3654.1
13   13   -47.7   -127.5   3647.9
13   14   -60.4   -461.2   3655.8
13   15   -99.7   -779.4   3646.4
13   16   -150.6   268.7   3384.4
13   17   -69.7   237.3   3385.0
13   18   -118.3   412.2   3557.4
14   0   -119.9   505.6   3578.1
14   1   -121.5   347.0   3576.9
14   2   -254.8   332.5   3552.2
14   3   -301.9   133.3   3465.2
14   4   -132.5   275.5   3364.2
14   5   13.0   326.2   3577.3
14   6   49.7   117.8   3505.4
14   7   -92.5   255.2   3360.9
14   8   -131.1   149.8   3635.1
14   9   -133.6   -13.4   3642.9
14   10   -220.1   -120.0   3640.2
14   11   -221.7   -453.1   3620.6
14   12   -157.0   -763.5   3654.1
14   13   -49.1   -121.0   3646.6
14   14   -66.9   -448.6   3606.6
14   15   -98.8   -759.2   3649.3
14   16   -160.7   251.8   3381.0
14   17   -68.8   232.3   3385.0
14   18   -118.3   411.5   3557.8
15   0   -120.2   505.8   3578.2
15   1   -121.5   346.7   3577.5
15   2   -254.2   332.8   3553.6
15   3   -322.2   137.4   3471.9
15   4   -180.5   220.6   3310.4
15   5   12.5   326.7   3577.2
15   6   68.6   119.3   3520.2
15   7   -68.3   224.0   3350.6
15   8   -131.3   148.5   3636.3
15   9   -133.7   -14.6   3643.5
15   10   -219.3   -118.0   3639.9
15   11   -222.1   -450.6   3612.2
15   12   -160.7   -762.8   3654.6
15   13   -50.6   -120.0   3646.3
15   14   -66.6   -450.1   3616.2
15   15   -101.8   -764.6   3657.7
15   16   -204.0   206.9   3337.3
15   17   -45.5   206.6   3378.8
15   18   -118.3   411.2   3558.4
16   0   -120.4   506.2   3578.3
16   1   -121.5   346.7   3578.2
16   2   -253.6   333.2   3558.3
16   3   -350.5   148.3   3482.8
16   4   -289.7   145.6   3273.5
16   5   12.1   327.3   3577.1
16   6   98.1   126.6   3550.8
16   7   18.3   149.5   3339.1
16   8   -131.4   147.8   3637.0
16   9   -133.7   -15.2   3643.8
16   10   -219.7   -116.9   3639.6
16   11   -222.4   -449.0   3607.5
16   12   -161.8   -760.8   3655.4
16   13   -49.3   -117.5   3646.1
16   14   -66.4   -449.1   3635.2
16   15   -109.1   -764.7   3668.4
16   16   -299.7   146.2   3308.4
16   17   31.5   145.8   3374.4
16   18   -118.3   411.1   3559.1
17   0   -120.6   506.7   3578.4
17   1   -121.6   346.6   3580.0
17   2   -252.9   333.6   3564.9
17   3   -366.2   166.3   3477.4
17   4   -416.2   86.0   3285.7
17   5   11.9   327.9   3577.0
17   6   118.2   136.4   3561.0
17   7   147.7   73.6   3360.6
17   8   -131.5   147.1   3637.6
17   9   -133.7   -15.7   3644.0
17   10   -221.2   -113.0   3639.0
17   11   -221.9   -445.7   3622.3
17   12   -162.8   -758.4   3655.9
17   13   -46.8   -112.0   3645.9
17   14   -67.6   -444.0   3634.8
17   15   -116.8   -755.7   3685.5
17   16   -407.9   99.4   3317.7
17   17   142.8   84.0   3394.0
17   18   -118.3   411.1   3561.3
18   0   -120.8   507.3   3578.5
18   1   -121.6   346.5   3582.6
18   2   -252.3   334.0   3570.8
18   3   -373.6   181.0   3472.1
18   4   -513.0   66.2   3331.4
18   5   11.8   328.4   3576.9
18   6   130.5   144.8   3565.2
18   7   254.1   33.1   3418.3
18   8   -131.6   146.4   3638.0
18   9   -133.8   -16.3   3644.2
18   10   -221.3   -110.8   3638.4
18   11   -220.9   -443.6   3637.6
18   12   -163.5   -756.3   3660.7
18   13   -46.3   -109.3   3645.6
18   14   -68.6   -440.8   3625.8
18   15   -123.9   -742.7   3708.2
18   16   -489.9   85.3   3354.8
18   17   233.6   51.6   3442.8
18   18   -118.3   411.1   3564.6
19   0   -120.8   507.6   3578.5
19   1   -121.6   346.5   3584.4
19   2   -251.8   334.3   3571.7
19   3   -386.1   187.9   3480.3
19   4   -573.0   67.1   3370.6
19   5   11.7   328.9   3576.7
19   6   139.5   151.2   3569.5
19   7   327.7   28.6   3498.1
19   8   -131.6   145.9   3638.3
19   9   -133.8   -16.6   3644.3
19   10   -220.7   -108.1   3637.3
19   11   -220.3   -440.8   3645.9
19   12   -164.7   -752.7   3669.6
19   13   -46.8   -106.5   3644.9
19   14   -64.9   -438.4   3643.6
19   15   -132.6   -736.7   3727.6
19   16   -541.9   87.2   3388.9
19   17   296.4   49.1   3510.0
19   18   -118.3   411.2   3567.0
20   0   -120.8   508.2   3577.4
20   1   -121.6   346.9   3585.5
20   2   -251.2   334.7   3569.6
20   3   -394.9   192.6   3484.9
20   4   -602.4   70.5   3397.3
20   5   11.4   329.7   3576.6
20   6   151.8   161.5   3578.6
20   7   364.5   30.7   3543.0
20   8   -131.6   146.1   3638.4
20   9   -133.8   -16.3   3644.4
20   10   -220.3   -105.9   3636.0
20   11   -220.0   -436.1   3612.3
20   12   -169.1   -741.5   3669.7
20   13   -47.5   -105.2   3644.1
20   14   -70.2   -428.1   3589.4
20   15   -127.7   -701.7   3728.1
20   16   -567.8   90.9   3411.9
20   17   329.0   52.6   3548.9
20   18   -118.3   411.7   3568.4
21   0   -120.9   508.9   3574.4
21   1   -121.5   347.7   3585.9
21   2   -250.5   335.1   3565.7
21   3   -399.9   194.4   3487.7
21   4   -611.1   74.0   3406.9
21   5   11.1   330.5   3576.6
21   6   160.9   170.3   3585.2
21   7   382.6   43.6   3559.8
21   8   -131.6   146.5   3638.3
21   9   -133.8   -15.7   3644.4
21   10   -219.8   -104.9   3634.5
21   11   -220.3   -436.7   3624.8
21   12   -170.5   -744.1   3666.6
21   13   -48.2   -104.7   3642.9
21   14   -71.4   -417.4   3542.5
21   15   -126.2   -664.1   3725.3
21   16   -575.9   94.1   3420.4
21   17   345.6   64.8   3564.0
21   18   -118.3   412.5   3569.0
22   0   -120.9   509.3   3570.3
22   1   -121.5   348.6   3586.0
22   2   -250.0   335.5   3564.1
22   3   -401.8   194.7   3489.9
22   4   -610.3   77.6   3409.2
22   5   10.7   331.4   3576.5
22   6   167.2   177.0   3589.3
22   7   386.9   53.4   3559.5
22   8   -131.6   146.9   3638.3
22   9   -133.8   -15.2   3644.4
22   10   -219.3   -104.5   3633.0
22   11   -220.2   -436.9   3642.5
22   12   -170.9   -745.7   3660.8
22   13   -48.7   -104.7   3641.5
22   14   -73.5   -407.9   3509.1
22   15   -123.4   -639.1   3715.5
22   16   -575.5   97.1   3422.7
22   17   350.3   74.1   3564.5
22   18   -118.3   413.3   3569.2
23   0   -120.9   509.6   3565.9
23   1   -121.5   349.5   3586.0
23   2   -249.5   335.9   3564.6
23   3   -401.3   194.4   3490.7
23   4   -605.3   79.5   3407.9
23   5   10.5   332.2   3576.5
23   6   170.7   181.3   3588.6
23   7   385.6   62.0   3546.1
23   8   -131.6   147.2   3638.3
23   9   -133.8   -14.6   3644.3
23   10   -219.3   -103.4   3630.7
23   11   -219.9   -438.5   3643.5
23   12   -168.7   -746.8   3664.9
23   13   -48.9   -104.5   3639.9
23   14   -68.5   -424.3   3582.6
23   15   -135.3   -683.6   3731.3
23   16   -571.3   98.6   3421.7
23   17   349.7   81.9   3553.2
23   18   -118.3   414.2   3569.3
24   0   -120.8   509.8   3562.4
24   1   -121.5   350.5   3585.9
24   2   -249.0   336.2   3564.9
24   3   -399.7   193.9   3490.2
24   4   -599.3   80.2   3402.6
24   5   10.3   333.0   3576.4
24   6   172.0   183.3   3584.1
24   7   386.6   71.0   3537.3
24   8   -131.6   147.5   3638.3
24   9   -133.8   -14.2   3644.3
24   10   -219.3   -103.0   3629.8
24   11   -223.3   -438.5   3627.1
24   12   -166.6   -744.5   3674.7
24   13   -49.1   -104.4   3638.4
24   14   -69.0   -431.7   3592.0
24   15   -129.1   -706.1   3728.4
24   16   -566.1   99.1   3417.2
24   17   350.8   89.7   3545.1
24   18   -118.3   415.1   3569.2
25   0   -120.8   509.9   3560.1
25   1   -121.5   351.4   3585.8
25   2   -248.7   336.5   3565.1
25   3   -397.7   193.0   3489.0
25   4   -592.6   82.5   3389.7
25   5   10.1   333.5   3576.4
25   6   172.7   184.6   3580.2
25   7   388.6   76.5   3533.3
25   8   -131.6   147.8   3638.3
25   9   -133.8   -13.8   3644.3
25   10   -219.2   -103.0   3629.8
25   11   -226.9   -437.6   3612.5
25   12   -168.8   -736.8   3691.3
25   13   -49.2   -104.4   3638.1
25   14   -71.1   -423.2   3552.0
25   15   -119.9   -689.7   3710.2
25   16   -560.1   100.9   3406.2
25   17   352.6   94.5   3541.1
25   18   -118.3   416.0   3569.2
26   0   -120.8   510.0   3559.0
26   1   -121.5   352.3   3585.7
26   2   -248.4   336.7   3565.3
26   3   -395.6   192.6   3487.0
26   4   -587.7   84.5   3377.2
26   5   10.0   334.1   3576.3
26   6   173.1   185.7   3578.9
26   7   388.9   77.0   3528.7
26   8   -131.6   148.0   3638.3
26   9   -133.8   -13.4   3644.3
26   10   -219.0   -103.3   3630.1
26   11   -228.2   -436.5   3603.7
26   12   -171.3   -730.1   3703.2
26   13   -49.3   -104.4   3638.0
26   14   -65.4   -430.3   3611.8
26   15   -122.7   -717.1   3713.2
26   16   -555.7   102.5   3395.5
26   17   352.9   95.1   3537.1
26   18   -118.3   416.8   3569.1
27   0   -120.8   510.1   3558.6
27   1   -121.5   353.2   3585.7
27   2   -248.2   336.9   3565.4
27   3   -394.2   193.2   3484.2
27   4   -585.4   85.0   3369.2
27   5   10.0   334.5   3576.3
27   6   172.7   185.8   3578.3
27   7   391.6   80.9   3526.7
27   8   -131.6   148.3   3638.3
27   9   -133.8   -12.9   3644.3
27   10   -219.0   -101.7   3630.1
27   11   -226.8   -434.5   3617.6
27   12   -172.9   -733.6   3695.6
27   13   -49.8   -103.7   3638.1
27   14   -62.6   -433.0   3644.6
27   15   -122.9   -731.4   3709.0
27   16   -553.6   103.0   3388.4
27   17   355.2   98.4   3535.3
27   18   -118.3   417.7   3569.1
28   0   -120.8   510.3   3558.6
28   1   -121.4   354.2   3585.6
28   2   -248.1   337.1   3565.9
28   3   -392.1   195.3   3478.5
28   4   -584.5   84.7   3364.8
28   5   10.0   335.0   3576.3
28   6   171.9   185.5   3577.8
28   7   392.3   83.0   3521.9
28   8   -131.6   148.7   3638.3
28   9   -133.8   -12.4   3644.3
28   10   -218.9   -100.8   3630.0
28   11   -226.3   -432.4   3608.8
28   12   -174.9   -737.5   3673.6
28   13   -50.1   -103.2   3638.1
28   14   -64.2   -434.3   3646.2
28   15   -128.3   -738.0   3705.3
28   16   -552.4   103.1   3383.7
28   17   355.5   100.0   3531.2
28   18   -118.3   418.6   3569.1
29   0   -120.8   510.4   3558.7
29   1   -121.4   355.1   3585.6
29   2   -247.9   337.3   3566.2
29   3   -388.5   199.1   3468.4
29   4   -582.7   85.0   3360.3
29   5   10.0   335.3   3576.3
29   6   171.2   185.2   3577.2
29   7   389.9   82.9   3513.2
29   8   -131.6   149.2   3638.4
29   9   -133.8   -11.7   3644.3
29   10   -218.6   -100.3   3629.4
29   11   -223.9   -431.3   3628.9
29   12   -176.5   -741.4   3658.6
29   13   -50.1   -102.3   3637.7
29   14   -66.4   -433.1   3630.0
29   15   -130.3   -736.0   3697.3
29   16   -550.3   104.0   3378.3
29   17   353.5   99.9   3523.9
29   18   -118.2   419.4   3569.1
30   0   -120.8   510.3   3558.9
30   1   -121.4   355.7   3585.6
30   2   -247.9   337.3   3566.2
30   3   -386.7   201.3   3462.9
30   4   -581.2   85.7   3356.1
30   5   10.1   335.4   3576.3
30   6   171.1   185.3   3576.6
30   7   387.6   80.9   3507.0
30   8   -131.6   149.5   3638.5
30   9   -133.8   -11.2   3644.3
30   10   -218.3   -100.3   3629.1
30   11   -221.8   -430.8   3621.5
30   12   -176.4   -743.0   3652.2
30   13   -50.1   -101.9   3637.5
30   14   -68.9   -430.9   3610.3
30   15   -131.5   -730.3   3695.4
30   16   -548.8   104.9   3373.9
30   17   351.5   98.3   3518.6
30   18   -118.2   420.0   3569.1
31   0   -120.8   510.0   3559.2
31   1   -121.4   356.2   3585.5
31   2   -248.0   337.4   3566.2
31   3   -386.0   202.4   3460.6
31   4   -580.4   86.7   3352.6
31   5   10.2   335.4   3576.3
31   6   171.1   185.4   3576.3
31   7   385.5   78.7   3502.4
31   8   -131.6   149.7   3638.5
31   9   -133.8   -10.9   3644.3
31   10   -218.1   -100.7   3629.0
31   11   -220.4   -428.7   3598.3
31   12   -175.8   -737.3   3649.6
31   13   -50.1   -101.9   3637.4
31   14   -69.5   -428.7   3594.6
31   15   -132.2   -721.8   3697.2
31   16   -548.0   106.0   3370.6
31   17   349.8   96.5   3514.8
31   18   -118.2   420.4   3569.1
32   0   -120.8   509.6   3559.4
32   1   -121.3   356.4   3585.5
32   2   -248.2   337.3   3566.1
32   3   -386.1   203.0   3459.9
32   4   -580.1   88.6   3349.1
32   5   10.4   335.4   3576.3
32   6   171.1   185.4   3576.3
32   7   385.0   77.1   3502.0
32   8   -131.5   149.8   3638.6
32   9   -133.8   -10.6   3644.3
32   10   -217.9   -101.0   3628.9
32   11   -222.2   -425.0   3573.1
32   12   -176.3   -727.1   3648.2
32   13   -50.1   -102.0   3637.4
32   14   -67.8   -427.2   3584.8
32   15   -132.5   -714.5   3698.4
32   16   -547.8   107.7   3367.6
32   17   349.4   95.1   3514.4
32   18   -118.2   420.5   3569.1
33   0   -120.8   509.3   3559.9
33   1   -121.3   356.6   3585.5
33   2   -248.3   337.3   3566.1
33   3   -386.3   203.5   3459.7
33   4   -581.0   92.0   3347.0
33   5   10.6   335.3   3576.3
33   6   171.2   185.5   3576.4
33   7   385.7   76.9   3503.8
33   8   -131.5   149.9   3638.6
33   9   -133.8   -10.4   3644.2
33   10   -217.7   -101.4   3628.8
33   11   -227.1   -424.3   3566.4
33   12   -176.1   -722.4   3650.2
33   13   -50.1   -102.2   3637.4
33   14   -65.2   -429.0   3609.1
33   15   -135.3   -720.2   3701.4
33   16   -548.5   110.5   3365.8
33   17   349.9   95.0   3515.9
33   18   -118.2   420.6   3569.1
34   0   -120.8   509.0   3560.5
34   1   -121.3   356.7   3585.5
34   2   -248.5   337.2   3566.2
34   3   -386.7   204.0   3459.6
34   4   -582.4   96.7   3345.6
34   5   10.8   335.2   3576.3
34   6   171.3   185.5   3576.6
34   7   385.6   77.0   3504.9
34   8   -131.5   150.0   3638.6
34   9   -133.8   -10.1   3644.2
34   10   -217.5   -101.8   3628.7
34   11   -224.5   -427.2   3606.6
34   12   -172.5   -729.4   3659.2
34   13   -50.3   -102.3   3637.4
34   14   -63.7   -429.5   3638.5
34   15   -136.9   -725.4   3702.4
34   16   -549.8   114.6   3364.6
34   17   349.9   95.1   3516.9
34   18   -118.1   420.7   3569.1
