2   0   -125.9   489.3   3570.3
2   1   -123.7   320.1   3570.2
2   2   -263.0   308.0   3575.5
2   3   -229.8   112.3   3461.2
2   4   -100.1   321.5   3412.8
2   5   12.5   304.1   3589.8
2   6   1.7   99.9   3486.7
2   7   1.7   -194.6   3486.7
2   8   -126.1   116.5   3601.3
2   9   -128.9   -51.0   3599.3
2   10   -229.9   -151.7   3623.6
2   11   -209.0   -491.4   3588.0
2   12   -186.9   -793.4   3697.2
2   13   -30.0   -152.1   3622.8
2   14   -134.5   -475.3   3581.6
2   15   -87.5   -770.8   3700.4
2   16   -121.7   286.7   3420.9
2   17   1.7   -109.2   3486.7
2   18   -122.9   388.3   3559.8
3   0   -124.7   491.7   3572.1
3   1   -123.3   323.1   3571.1
3   2   -261.7   309.5   3572.3
3   3   -235.0   110.1   3465.5
3   4   -103.1   314.9   3409.5
3   5   13.1   306.6   3587.1
3   6   7.3   100.0   3490.2
3   7   35.6   -194.1   3507.5
3   8   -126.0   119.9   3604.7
3   9   -129.1   -47.5   3605.0
3   10   -227.6   -153.8   3626.7
3   11   -208.9   -493.9   3598.8
3   12   -183.4   -799.3   3688.9
3   13   -32.1   -153.1   3625.5
3   14   -123.2   -479.3   3589.5
3   15   -90.1   -778.6   3697.3
3   16   -125.1   280.8   3418.8
3   17   35.6   -108.6   3507.5
3   18   -122.4   391.1   3559.9
4   0   -120.9   498.3   3577.0
4   1   -122.0   332.1   3573.8
4   2   -258.5   315.9   3567.6
4   3   -244.4   109.4   3475.9
4   4   -109.5   304.2   3401.3
4   5   13.9   313.6   3583.7
4   6   22.2   102.0   3503.7
4   7   51.4   -188.6   3530.0
4   8   -125.6   129.1   3615.0
4   9   -129.7   -38.0   3620.4
4   10   -225.2   -148.4   3629.7
4   11   -210.6   -489.1   3617.3
4   12   -174.8   -799.0   3671.4
4   13   -36.9   -148.0   3627.7
4   14   -102.3   -479.6   3604.6
4   15   -97.5   -785.8   3680.9
4   16   -132.0   271.8   3413.7
4   17   51.4   -103.1   3530.0
4   18   -120.7   399.6   3560.2
5   0   -116.4   506.5   3583.1
5   1   -120.1   342.8   3577.0
5   2   -253.8   323.0   3562.4
5   3   -252.7   111.1   3480.7
5   4   -111.9   297.0   3392.9
5   5   13.9   320.3   3580.5
5   6   35.4   104.6   3513.2
5   7   47.5   -187.4   3521.3
5   8   -125.1   140.7   3626.0
5   9   -130.4   -26.2   3636.5
5   10   -221.0   -141.5   3631.2
5   11   -213.0   -482.8   3635.4
5   12   -168.6   -797.4   3661.7
5   13   -42.4   -140.7   3631.3
5   14   -80.7   -477.5   3627.5
5   15   -117.0   -787.9   3670.3
5   16   -135.4   266.1   3407.5
5   17   47.5   -101.9   3521.3
5   18   -118.4   409.8   3560.8
6   0   -113.3   511.2   3587.0
6   1   -118.4   348.7   3578.7
6   2   -250.5   327.4   3558.7
6   3   -257.8   111.4   3485.5
6   4   -114.1   292.1   3389.3
6   5   14.0   323.2   3578.0
6   6   43.8   105.6   3515.9
6   7   48.0   -188.6   3515.6
6   8   -124.6   147.1   3631.3
6   9   -130.8   -19.6   3643.4
6   10   -218.6   -137.7   3632.5
6   11   -198.2   -478.3   3625.9
6   12   -170.7   -798.4   3663.5
6   13   -45.0   -135.4   3634.4
6   14   -71.2   -473.0   3606.0
6   15   -130.5   -775.6   3689.5
6   16   -138.0   261.9   3405.3
6   17   48.0   -103.1   3515.6
6   18   -116.3   415.4   3561.3
7   0   -111.8   511.5   3588.4
7   1   -117.0   350.2   3579.0
7   2   -248.7   329.4   3556.6
7   3   -260.1   111.4   3487.5
7   4   -113.9   289.1   3387.7
7   5   15.0   324.2   3576.9
7   6   47.6   105.7   3516.8
7   7   -133.8   203.4   3373.4
7   8   -124.0   148.7   3631.5
7   9   -131.1   -18.0   3641.9
7   10   -217.8   -136.6   3633.5
7   11   -194.1   -474.9   3599.4
7   12   -170.1   -794.1   3669.9
7   13   -45.5   -133.0   3635.6
7   14   -66.5   -470.5   3590.7
7   15   -134.4   -758.3   3724.9
7   16   -138.3   259.5   3404.4
7   17   -103.5   187.0   3397.2
7   18   -114.7   416.9   3561.7
8   0   -111.3   509.4   3588.4
8   1   -116.3   348.9   3578.6
8   2   -248.3   329.9   3555.4
8   3   -260.7   111.2   3487.8
8   4   -114.4   288.5   3387.0
8   5   16.0   324.0   3576.6
8   6   48.0   105.2   3516.6
8   7   -132.7   206.3   3374.0
8   8   -123.6   147.3   3629.2
8   9   -131.2   -19.5   3636.2
8   10   -217.9   -136.5   3633.6
8   11   -208.3   -472.9   3578.3
8   12   -167.0   -786.9   3677.8
8   13   -45.3   -132.1   3635.7
8   14   -65.6   -470.8   3593.7
8   15   -136.4   -761.7   3738.4
8   16   -138.8   259.0   3403.8
8   17   -102.6   189.4   3397.6
8   18   -113.8   415.8   3561.9
9   0   -111.2   506.6   3587.2
9   1   -115.9   346.4   3577.9
9   2   -248.6   329.7   3554.2
9   3   -260.5   110.7   3487.5
9   4   -115.2   289.0   3386.8
9   5   16.9   323.4   3576.6
9   6   46.6   104.4   3516.3
9   7   -126.5   218.3   3375.6
9   8   -123.4   144.6   3626.1
9   9   -131.2   -22.2   3630.5
9   10   -218.4   -137.1   3633.3
9   11   -223.8   -471.7   3565.3
9   12   -167.1   -780.9   3676.8
9   13   -44.8   -132.4   3635.2
9   14   -66.2   -472.0   3600.0
9   15   -133.9   -776.2   3716.8
9   16   -139.5   259.3   3403.6
9   17   -97.7   199.4   3399.0
9   18   -113.5   413.4   3561.9
10   0   -111.3   504.5   3585.7
10   1   -115.8   344.2   3577.3
10   2   -248.8   329.5   3553.0
10   3   -260.1   110.3   3487.2
10   4   -116.4   289.7   3386.7
10   5   17.4   323.1   3576.7
10   6   44.3   103.8   3516.1
10   7   -116.0   238.9   3380.9
10   8   -123.3   142.3   3623.4
10   9   -131.2   -24.5   3627.7
10   10   -219.7   -138.6   3633.9
10   11   -236.1   -473.5   3566.6
10   12   -166.4   -780.4   3674.9
10   13   -43.8   -134.0   3635.1
10   14   -61.6   -474.5   3632.5
10   15   -129.8   -789.9   3671.3
10   16   -140.4   259.8   3403.4
10   17   -89.3   216.5   3403.4
10   18   -113.4   411.4   3561.9
11   0   -111.4   503.0   3584.1
11   1   -115.9   342.4   3576.6
11   2   -248.8   329.3   3551.8
11   3   -259.9   110.0   3486.8
11   4   -116.7   290.1   3386.9
11   5   17.6   322.9   3576.8
11   6   42.9   103.6   3516.0
11   7   -109.2   254.0   3386.5
11   8   -123.3   140.4   3620.7
11   9   -131.0   -26.3   3626.7
11   10   -221.7   -141.0   3634.2
11   11   -227.1   -477.3   3573.1
11   12   -166.8   -786.5   3674.4
11   13   -42.1   -136.6   3635.1
11   14   -58.5   -477.4   3649.7
11   15   -133.6   -796.1   3664.3
11   16   -140.6   260.1   3403.6
11   17   -83.8   228.9   3408.1
11   18   -113.4   409.7   3561.9
12   0   -111.5   502.4   3582.5
12   1   -115.9   341.3   3576.1
12   2   -248.7   329.3   3550.9
12   3   -259.8   110.0   3486.5
12   4   -116.9   290.3   3387.0
12   5   17.5   322.9   3576.8
12   6   42.2   103.6   3516.1
12   7   -106.4   260.4   3388.9
12   8   -123.4   139.4   3618.8
12   9   -130.9   -27.2   3626.8
12   10   -223.1   -142.8   3634.4
12   11   -201.6   -479.2   3583.6
12   12   -170.3   -793.2   3671.9
12   13   -41.1   -138.9   3635.6
12   14   -57.2   -479.6   3658.5
12   15   -131.5   -799.5   3654.3
12   16   -140.7   260.3   3403.6
12   17   -81.7   234.3   3410.1
12   18   -113.4   408.7   3561.8
13   0   -111.5   502.2   3580.6
13   1   -116.0   340.7   3575.8
13   2   -248.4   329.4   3550.2
13   3   -259.8   110.1   3486.2
13   4   -117.0   290.6   3387.0
13   5   17.2   323.0   3576.5
13   6   41.8   103.8   3516.0
13   7   -106.5   260.8   3388.6
13   8   -123.4   138.9   3617.9
13   9   -130.8   -27.5   3627.9
13   10   -223.5   -144.9   3634.5
13   11   -187.8   -481.8   3593.3
13   12   -172.0   -801.2   3668.2
13   13   -40.6   -140.7   3636.3
13   14   -62.4   -481.5   3649.3
13   15   -131.0   -804.0   3650.7
13   16   -140.8   260.5   3403.5
13   17   -81.8   234.7   3409.8
13   18   -113.5   408.1   3561.8
14   0   -111.6   502.2   3578.4
14   1   -116.0   340.4   3575.7
14   2   -248.2   329.5   3551.5
14   3   -260.2   110.8   3486.1
14   4   -118.1   288.9   3386.2
14   5   16.9   323.2   3576.1
14   6   41.7   104.0   3516.1
14   7   -106.4   254.6   3384.6
14   8   -123.5   138.7   3617.4
14   9   -130.7   -27.5   3629.7
14   10   -223.1   -147.6   3634.6
14   11   -183.1   -484.0   3591.2
14   12   -172.4   -805.0   3671.4
14   13   -41.0   -143.4   3637.4
14   14   -66.2   -483.3   3627.2
14   15   -131.8   -804.7   3663.4
14   16   -141.8   259.2   3402.9
14   17   -81.7   229.5   3406.5
14   18   -113.5   407.8   3561.7
15   0   -111.6   502.4   3576.4
15   1   -116.0   340.3   3575.7
15   2   -248.0   329.7   3555.2
15   3   -266.2   112.6   3486.7
15   4   -114.5   269.3   3371.6
15   5   16.6   323.4   3575.6
15   6   43.6   104.3   3517.1
15   7   -107.2   235.2   3371.7
15   8   -123.6   137.0   3618.0
15   9   -130.8   -29.0   3631.7
15   10   -224.7   -142.3   3634.6
15   11   -189.3   -477.9   3583.3
15   12   -171.5   -798.1   3673.7
15   13   -39.8   -138.5   3637.5
15   14   -69.4   -476.6   3606.4
15   15   -131.2   -790.8   3689.0
15   16   -139.8   243.2   3390.8
15   17   -82.0   213.4   3395.9
15   18   -113.5   407.6   3561.7
16   0   -111.6   502.7   3573.8
16   1   -116.1   340.4   3575.8
16   2   -247.6   329.8   3560.4
16   3   -292.8   118.2   3492.0
16   4   -180.0   199.0   3311.7
16   5   16.2   323.7   3575.4
16   6   55.2   105.7   3521.0
16   7   -50.5   176.2   3324.8
16   8   -123.8   135.0   3618.8
16   9   -131.0   -30.7   3633.3
16   10   -223.2   -141.5   3634.6
16   11   -190.7   -476.2   3577.1
16   12   -171.1   -792.4   3678.2
16   13   -41.7   -138.5   3637.2
16   14   -64.0   -477.5   3630.4
16   15   -135.7   -793.4   3699.0
16   16   -198.7   185.7   3341.7
16   17   -32.9   164.5   3357.5
16   18   -113.5   407.7   3561.7
17   0   -111.6   502.9   3572.1
17   1   -116.1   340.7   3575.9
17   2   -247.2   330.1   3565.6
17   3   -330.1   129.0   3507.5
17   4   -316.7   124.6   3294.0
17   5   15.8   324.0   3575.2
17   6   85.9   112.6   3537.3
17   7   79.0   74.5   3331.6
17   8   -123.9   133.6   3619.5
17   9   -131.2   -32.0   3634.1
17   10   -224.5   -135.4   3634.1
17   11   -195.3   -470.5   3579.3
17   12   -170.5   -786.9   3677.9
17   13   -41.9   -135.1   3636.4
17   14   -70.3   -473.8   3624.2
17   15   -134.1   -787.1   3711.4
17   16   -318.8   125.5   3329.5
17   17   80.1   80.9   3365.9
17   18   -113.6   407.8   3561.7
18   0   -111.6   503.0   3571.8
18   1   -116.1   340.9   3576.0
18   2   -246.8   330.3   3568.3
18   3   -358.6   147.7   3502.8
18   4   -457.6   69.8   3333.4
18   5   15.4   324.2   3575.1
18   6   111.3   123.3   3546.6
18   7   203.8   5.7   3399.0
18   8   -124.0   132.8   3620.2
18   9   -131.4   -32.7   3633.3
18   10   -226.2   -126.8   3632.6
18   11   -207.1   -464.6   3610.8
18   12   -168.6   -785.1   3671.6
18   13   -40.6   -127.3   3634.7
18   14   -77.6   -452.5   3562.4
18   15   -125.9   -739.0   3709.0
18   16   -441.3   82.7   3361.6
18   17   188.6   25.2   3423.6
18   18   -113.6   408.0   3561.8
19   0   -111.6   502.9   3572.1
19   1   -116.1   341.2   3576.1
19   2   -246.5   330.5   3569.1
19   3   -384.5   165.6   3505.5
19   4   -553.2   46.0   3405.3
19   5   15.2   324.4   3574.9
19   6   129.9   132.2   3556.1
19   7   290.9   -16.2   3489.8
19   8   -124.1   132.7   3620.5
19   9   -131.5   -32.8   3630.7
19   10   -225.7   -123.3   3630.0
19   11   -233.7   -460.0   3597.4
19   12   -168.0   -771.8   3668.3
19   13   -41.3   -123.9   3632.7
19   14   -77.2   -430.7   3503.8
19   15   -120.0   -689.3   3695.6
19   16   -525.3   65.8   3422.0
19   17   264.2   8.4   3500.9
19   18   -113.6   408.2   3561.8
20   0   -111.6   502.9   3572.7
20   1   -116.1   341.4   3576.2
20   2   -246.3   330.8   3568.8
20   3   -399.6   175.3   3512.5
20   4   -598.6   37.5   3448.1
20   5   14.9   324.6   3574.8
20   6   138.3   137.0   3579.4
20   7   333.8   -17.3   3552.1
20   8   -124.2   132.9   3620.7
20   9   -131.6   -32.6   3626.6
20   10   -224.4   -121.8   3625.7
20   11   -230.0   -459.6   3621.9
20   12   -167.3   -775.2   3664.9
20   13   -42.3   -122.0   3629.8
20   14   -67.5   -443.6   3576.7
20   15   -135.6   -721.1   3716.9
20   16   -565.5   60.4   3458.8
20   17   301.2   8.4   3556.7
20   18   -113.6   408.3   3561.9
21   0   -111.6   502.9   3572.9
21   1   -116.1   341.7   3576.2
21   2   -246.2   331.0   3568.0
21   3   -405.8   179.2   3516.7
21   4   -615.2   35.0   3476.6
21   5   15.3   325.4   3574.6
21   6   142.5   140.4   3593.1
21   7   349.5   -13.3   3585.7
21   8   -124.2   133.3   3620.6
21   9   -131.7   -32.0   3623.3
21   10   -223.5   -122.2   3622.1
21   11   -243.0   -459.1   3606.0
21   12   -167.3   -767.6   3665.0
21   13   -42.9   -121.6   3626.8
21   14   -62.5   -452.0   3617.5
21   15   -133.6   -745.5   3719.8
21   16   -580.2   59.1   3483.3
21   17   315.0   12.4   3587.0
21   18   -113.5   408.5   3562.0
22   0   -111.6   503.0   3572.9
22   1   -116.0   342.0   3576.2
22   2   -246.2   331.2   3566.9
22   3   -405.9   178.9   3518.3
22   4   -615.1   36.6   3475.8
22   5   16.6   327.1   3574.2
22   6   145.0   143.2   3598.7
22   7   351.0   -10.6   3591.5
22   8   -124.2   134.0   3620.5
22   9   -131.6   -31.1   3621.5
22   10   -222.8   -123.4   3620.5
22   11   -255.0   -458.6   3593.3
22   12   -167.1   -763.2   3665.3
22   13   -43.1   -122.0   3625.2
22   14   -60.3   -456.6   3639.5
22   15   -134.4   -761.6   3717.4
22   16   -580.2   60.3   3482.8
22   17   316.6   15.1   3592.7
22   18   -113.3   408.7   3562.0
23   0   -111.6   503.0   3572.7
23   1   -115.7   342.3   3576.2
23   2   -246.1   331.5   3565.9
23   3   -403.3   176.8   3518.2
23   4   -605.3   39.4   3454.8
23   5   17.6   328.0   3574.0
23   6   147.5   145.4   3599.7
23   7   347.7   -9.4   3581.4
23   8   -124.2   134.8   3620.4
23   9   -131.6   -30.0   3620.7
23   10   -223.6   -121.8   3619.6
23   11   -240.8   -457.8   3618.8
23   12   -167.3   -769.8   3663.3
23   13   -43.0   -121.5   3623.2
23   14   -61.2   -457.3   3651.7
23   15   -135.0   -767.7   3714.0
23   16   -571.6   62.3   3465.4
23   17   314.3   16.4   3584.4
23   18   -113.0   408.9   3562.0
24   0   -111.6   503.1   3572.2
24   1   -115.3   342.7   3576.2
24   2   -245.9   331.8   3564.8
24   3   -398.4   174.1   3514.5
24   4   -593.0   40.2   3432.0
24   5   18.6   328.5   3573.8
24   6   148.6   146.1   3597.6
24   7   343.3   -8.3   3562.5
24   8   -124.2   135.8   3620.3
24   9   -131.5   -28.7   3620.4
24   10   -225.8   -116.3   3619.1
24   11   -231.3   -452.2   3636.1
24   12   -168.9   -767.9   3661.6
24   13   -42.8   -120.2   3622.4
24   14   -62.2   -455.9   3656.6
24   15   -136.0   -766.4   3716.0
24   16   -560.6   62.5   3445.8
24   17   310.8   17.5   3568.3
24   18   -112.4   409.1   3562.0
25   0   -111.6   503.2   3571.7
25   1   -114.8   343.0   3576.2
25   2   -245.8   332.1   3563.9
25   3   -394.2   173.8   3506.3
25   4   -585.5   40.2   3419.0
25   5   19.5   328.8   3573.7
25   6   149.7   146.5   3592.4
25   7   340.9   -7.8   3549.7
25   8   -124.2   136.7   3620.2
25   9   -131.5   -27.5   3620.4
25   10   -226.3   -114.1   3619.0
25   11   -223.9   -449.6   3643.7
25   12   -170.3   -766.6   3660.5
25   13   -42.7   -118.5   3622.2
25   14   -61.3   -453.9   3655.7
25   15   -132.5   -765.3   3703.6
25   16   -553.6   62.5   3433.5
25   17   309.0   18.0   3556.8
25   18   -111.9   409.3   3562.0
26   0   -111.6   503.2   3571.1
26   1   -114.4   343.4   3576.2
26   2   -245.6   332.5   3563.3
26   3   -390.1   176.2   3493.4
26   4   -580.7   40.7   3411.2
26   5   20.5   328.9   3573.7
26   6   151.2   147.0   3581.7
26   7   340.0   -6.2   3532.6
26   8   -124.1   137.6   3620.2
26   9   -131.4   -26.3   3621.7
26   10   -225.2   -115.3   3619.2
26   11   -224.9   -453.5   3644.3
26   12   -169.3   -769.6   3660.5
26   13   -43.2   -118.7   3623.1
26   14   -64.6   -455.5   3661.7
26   15   -133.3   -768.6   3686.2
26   16   -548.9   63.3   3424.9
26   17   308.5   19.3   3540.8
26   18   -111.2   409.5   3562.0
27   0   -111.6   503.3   3570.5
27   1   -113.9   343.7   3576.2
27   2   -245.4   332.8   3562.4
27   3   -386.4   180.4   3479.2
27   4   -577.3   46.5   3398.1
27   5   21.0   328.5   3573.7
27   6   152.1   146.9   3576.2
27   7   345.0   4.7   3518.1
27   8   -124.1   138.4   3620.3
27   9   -131.4   -25.1   3623.4
27   10   -225.3   -113.9   3619.2
27   11   -225.2   -452.6   3643.4
27   12   -168.9   -767.4   3660.6
27   13   -43.7   -118.6   3623.5
27   14   -63.7   -455.9   3660.4
27   15   -134.5   -767.4   3683.7
27   16   -545.4   68.8   3411.6
27   17   312.8   28.4   3527.8
27   18   -110.6   409.8   3562.0
28   0   -111.6   503.3   3569.9
28   1   -113.4   344.1   3576.2
28   2   -245.2   333.2   3562.2
28   3   -384.8   186.4   3467.8
28   4   -576.8   57.7   3383.7
28   5   21.7   328.1   3573.8
28   6   152.9   147.0   3573.9
28   7   353.0   17.5   3514.2
28   8   -124.0   139.2   3620.4
28   9   -131.3   -23.9   3625.5
28   10   -225.4   -112.5   3619.2
28   11   -226.1   -450.9   3635.3
28   12   -168.1   -765.3   3661.2
28   13   -44.0   -118.3   3623.8
28   14   -70.0   -455.3   3643.4
28   15   -128.1   -769.8   3667.0
28   16   -544.8   79.1   3397.7
28   17   319.6   39.1   3524.1
28   18   -110.0   410.0   3562.0
29   0   -111.6   503.3   3569.3
29   1   -112.9   344.5   3576.2
29   2   -245.1   333.5   3562.0
29   3   -387.2   191.2   3465.2
29   4   -579.7   70.9   3372.7
29   5   22.2   327.7   3573.9
29   6   154.0   147.4   3572.8
29   7   360.3   27.6   3516.9
29   8   -124.0   139.9   3620.5
29   9   -131.3   -22.8   3627.8
29   10   -224.9   -112.2   3619.3
29   11   -227.7   -449.2   3614.0
29   12   -167.9   -759.4   3661.8
29   13   -44.3   -117.8   3623.9
29   14   -73.8   -453.2   3617.2
29   15   -121.7   -768.2   3647.2
29   16   -547.6   90.9   3388.1
29   17   325.9   47.6   3526.2
29   18   -109.4   410.2   3562.0
30   0   -111.6   503.3   3568.8
30   1   -112.5   344.9   3576.2
30   2   -244.9   333.9   3562.0
30   3   -387.0   194.0   3462.5
30   4   -581.1   79.2   3367.6
30   5   22.8   327.3   3573.9
30   6   155.4   148.2   3572.3
30   7   363.9   30.0   3523.0
30   8   -123.9   140.6   3620.7
30   9   -131.3   -21.8   3628.9
30   10   -224.6   -111.9   3619.3
30   11   -227.6   -447.6   3625.7
30   12   -167.8   -758.0   3661.1
30   13   -44.3   -117.3   3623.9
30   14   -69.0   -451.3   3635.7
30   15   -121.9   -764.8   3655.6
30   16   -548.8   98.4   3383.4
30   17   329.1   49.7   3531.2
30   18   -108.8   410.4   3562.0
31   0   -111.6   503.3   3568.5
31   1   -112.0   345.2   3576.2
31   2   -244.6   334.3   3562.0
31   3   -387.0   196.0   3461.5
31   4   -581.6   83.6   3366.2
31   5   23.3   326.9   3574.0
31   6   157.3   149.4   3571.8
31   7   364.3   28.9   3524.8
31   8   -123.9   141.1   3620.8
31   9   -131.3   -20.8   3629.1
31   10   -224.1   -110.1   3619.3
31   11   -227.2   -444.3   3634.1
31   12   -168.3   -754.5   3660.2
31   13   -44.8   -115.2   3623.9
31   14   -66.0   -447.9   3647.6
31   15   -119.2   -760.2   3661.7
31   16   -549.2   102.3   3382.1
31   17   329.8   49.0   3532.6
31   18   -108.2   410.6   3561.9
32   0   -111.6   503.3   3568.1
32   1   -111.5   345.6   3576.2
32   2   -244.3   334.7   3562.1
32   3   -387.0   197.8   3461.1
32   4   -581.1   85.2   3366.5
32   5   23.8   326.6   3574.0
32   6   159.3   150.9   3571.2
32   7   363.4   25.9   3526.3
32   8   -123.9   141.6   3620.9
32   9   -131.3   -20.0   3629.0
32   10   -223.6   -109.4   3619.3
32   11   -228.3   -441.8   3608.2
32   12   -169.7   -746.5   3659.5
32   13   -45.2   -114.2   3623.9
32   14   -62.6   -445.9   3652.1
32   15   -121.3   -755.5   3669.7
32   16   -548.8   104.0   3382.3
32   17   329.4   46.7   3533.8
32   18   -107.5   410.9   3561.9
33   0   -111.6   503.3   3567.8
33   1   -111.0   346.0   3576.2
33   2   -243.9   335.1   3562.1
33   3   -386.6   198.8   3461.2
33   4   -580.1   86.4   3366.6
33   5   24.2   326.3   3574.1
33   6   161.6   152.6   3571.0
33   7   361.8   22.1   3527.1
33   8   -123.8   142.1   3620.9
33   9   -131.3   -19.2   3628.7
33   10   -223.3   -109.1   3619.3
33   11   -228.9   -440.1   3593.9
33   12   -170.7   -741.5   3658.9
33   13   -45.4   -113.7   3623.9
33   14   -66.9   -444.6   3648.2
33   15   -122.2   -751.8   3682.6
33   16   -547.9   105.2   3382.3
33   17   328.4   43.9   3534.4
33   18   -106.9   411.1   3561.9
34   0   -111.6   503.3   3567.7
34   1   -110.6   346.4   3576.2
34   2   -243.5   335.6   3562.1
34   3   -385.9   199.6   3461.3
34   4   -578.4   87.7   3365.0
34   5   24.5   326.1   3574.1
34   6   164.1   154.5   3571.0
34   7   359.8   18.4   3526.7
34   8   -123.8   142.6   3621.1
34   9   -131.3   -18.5   3628.6
34   10   -223.0   -108.4   3619.3
34   11   -228.1   -439.1   3615.8
34   12   -170.5   -743.0   3657.9
34   13   -45.8   -113.1   3623.9
34   14   -64.8   -443.3   3648.8
34   15   -119.7   -750.6   3667.6
34   16   -546.3   106.4   3381.1
34   17   327.2   41.1   3534.1
34   18   -106.4   411.3   3561.9
35   0   -111.5   503.4   3567.6
35   1   -110.1   346.8   3576.3
35   2   -242.9   335.8   3562.3
35   3   -385.2   200.3   3461.3
35   4   -575.3   89.8   3359.0
35   5   24.8   325.8   3573.8
35   6   166.4   156.3   3571.1
35   7   358.3   15.1   3525.8
35   8   -123.8   142.9   3621.3
35   9   -131.2   -17.9   3628.5
35   10   -222.5   -108.0   3619.3
35   11   -226.6   -438.2   3630.7
35   12   -170.8   -743.7   3655.6
35   13   -45.9   -112.4   3623.9
35   14   -62.2   -441.9   3652.8
35   15   -117.1   -748.7   3651.5
35   16   -543.6   108.2   3376.1
35   17   326.3   38.6   3533.4
35   18   -105.8   411.6   3561.9
36   0   -111.3   503.6   3567.6
36   1   -109.8   347.1   3576.3
36   2   -242.3   335.9   3562.4
36   3   -384.6   200.9   3461.2
36   4   -571.8   92.5   3349.9
36   5   24.8   325.6   3573.4
36   6   167.4   157.2   3571.3
36   7   358.7   13.6   3526.2
36   8   -123.9   143.1   3621.6
36   9   -131.1   -17.6   3628.6
36   10   -222.1   -107.6   3619.3
36   11   -225.2   -437.3   3638.6
36   12   -171.1   -743.6   3652.9
36   13   -45.8   -111.6   3623.9
36   14   -61.3   -440.4   3654.3
36   15   -118.2   -746.6   3653.8
36   16   -540.6   110.6   3368.5
36   17   326.8   37.5   3533.7
36   18   -105.4   411.9   3561.9
37   0   -111.2   503.9   3567.6
37   1   -109.6   347.5   3576.4
37   2   -241.8   335.9   3562.4
37   3   -384.3   201.2   3461.4
37   4   -570.1   94.8   3343.7
37   5   24.7   325.5   3573.4
37   6   167.3   157.3   3571.5
37   7   366.0   21.9   3528.3
37   8   -123.9   143.1   3621.9
37   9   -131.0   -17.5   3628.6
37   10   -221.7   -107.4   3619.3
37   11   -226.3   -436.6   3615.0
37   12   -172.1   -740.5   3647.9
37   13   -45.8   -111.3   3623.9
37   14   -65.4   -440.1   3644.7
37   15   -116.3   -746.9   3646.0
37   16   -539.1   112.5   3363.3
37   17   332.9   44.4   3535.5
37   18   -105.1   412.2   3561.9
38   0   -111.1   504.3   3567.7
38   1   -109.5   347.8   3576.4
38   2   -241.2   335.8   3562.5
38   3   -384.0   201.7   3461.6
38   4   -569.5   97.1   3339.0
38   5   24.5   325.4   3573.4
38   6   166.8   157.1   3571.5
38   7   376.5   37.0   3531.0
38   8   -124.0   142.9   3622.1
38   9   -131.0   -17.6   3628.7
38   10   -221.4   -107.5   3619.3
38   11   -226.9   -435.8   3596.9
38   12   -172.9   -737.4   3645.1
38   13   -45.9   -111.4   3624.0
38   14   -67.5   -439.9   3622.5
38   15   -117.2   -744.3   3650.4
38   16   -538.5   114.6   3359.4
38   17   341.6   57.0   3537.8
38   18   -104.9   412.5   3561.9
39   0   -111.0   504.8   3567.7
39   1   -109.3   348.2   3576.4
39   2   -240.8   335.9   3562.5
39   3   -383.8   202.1   3461.7
39   4   -570.2   100.3   3336.4
39   5   24.3   325.3   3573.5
39   6   166.7   157.3   3571.6
39   7   382.7   46.6   3530.3
39   8   -124.0   142.6   3622.4
39   9   -130.9   -17.8   3628.7
39   10   -221.3   -107.2   3619.3
39   11   -213.1   -435.5   3616.3
39   12   -172.3   -740.5   3647.8
39   13   -45.8   -111.3   3624.0
39   14   -63.5   -439.4   3636.6
39   15   -119.6   -743.3   3657.2
39   16   -539.1   117.3   3357.3
39   17   346.7   65.0   3537.1
39   18   -104.7   412.8   3561.9
40   0   -111.0   505.3   3567.7
40   1   -109.3   348.5   3576.4
40   2   -240.6   336.1   3562.5
40   3   -383.8   202.6   3461.7
40   4   -571.5   104.4   3334.9
40   5   24.0   325.3   3573.5
40   6   166.8   157.6   3571.7
40   7   383.2   48.2   3525.8
40   8   -124.1   142.3   3622.6
40   9   -130.8   -18.0   3628.8
40   10   -221.3   -106.6   3619.3
40   11   -217.3   -434.7   3633.1
40   12   -172.3   -740.3   3652.5
40   13   -45.5   -110.7   3624.0
40   14   -60.6   -438.3   3647.8
40   15   -118.3   -742.3   3651.7
40   16   -540.2   120.8   3356.1
40   17   347.1   66.4   3533.4
40   18   -104.6   413.1   3561.9
41   0   -111.0   506.0   3567.7
41   1   -109.3   348.9   3576.4
41   2   -240.3   336.4   3562.5
41   3   -383.9   203.4   3461.8
41   4   -573.3   110.4   3333.7
41   5   23.6   325.2   3573.5
41   6   166.9   158.1   3571.9
41   7   381.8   48.1   3520.5
41   8   -124.2   142.1   3622.8
41   9   -130.7   -18.2   3628.9
41   10   -221.1   -106.3   3619.2
41   11   -221.1   -434.2   3610.5
41   12   -172.7   -736.8   3649.5
41   13   -45.5   -110.4   3624.0
41   14   -59.0   -437.9   3652.2
41   15   -116.8   -741.6   3640.0
41   16   -541.8   125.9   3355.1
41   17   346.0   66.5   3529.1
41   18   -104.6   413.4   3561.9
42   0   -111.0   506.6   3567.7
42   1   -109.2   349.2   3576.4
42   2   -240.1   336.7   3562.5
42   3   -384.2   204.4   3461.7
42   4   -574.5   114.3   3333.2
42   5   23.2   325.1   3573.6
42   6   167.0   158.6   3572.3
42   7   379.2   47.0   3514.7
42   8   -124.2   142.0   3623.0
42   9   -130.6   -18.3   3628.9
42   10   -220.9   -106.2   3619.2
42   11   -224.6   -433.6   3595.5
42   12   -173.0   -734.2   3646.4
42   13   -45.5   -110.3   3624.0
42   14   -58.7   -437.7   3654.4
42   15   -118.3   -741.2   3652.6
42   16   -542.8   129.3   3354.7
42   17   343.8   65.6   3524.3
42   18   -104.6   413.7   3561.9
43   0   -111.0   507.1   3567.7
43   1   -109.2   349.5   3576.4
43   2   -240.0   337.0   3562.5
43   3   -384.8   205.8   3461.4
43   4   -575.6   117.6   3332.9
43   5   22.9   325.2   3573.6
43   6   167.5   159.4   3572.9
43   7   377.7   45.2   3513.8
43   8   -124.2   142.0   3623.1
43   9   -130.5   -18.3   3629.2
43   10   -220.7   -106.3   3619.2
43   11   -228.9   -432.7   3582.5
43   12   -173.7   -731.0   3643.0
43   13   -45.4   -110.4   3624.0
43   14   -62.9   -437.1   3657.4
43   15   -121.1   -739.5   3679.1
43   16   -543.8   132.3   3354.3
43   17   342.6   64.2   3523.7
43   18   -104.6   414.0   3561.9
44   0   -111.0   507.6   3567.7
44   1   -109.2   349.8   3576.5
44   2   -239.8   337.2   3562.6
44   3   -385.7   207.7   3460.8
44   4   -576.4   119.1   3332.7
44   5   22.6   325.4   3573.6
44   6   167.8   160.1   3573.7
44   7   376.7   43.0   3516.1
44   8   -124.2   142.1   3623.2
44   9   -130.4   -18.1   3629.6
44   10   -220.3   -106.4   3619.2
44   11   -236.4   -428.1   3556.4
44   12   -176.4   -720.7   3635.7
44   13   -45.3   -110.5   3624.0
44   14   -65.7   -437.8   3643.9
44   15   -119.5   -738.6   3687.5
44   16   -544.6   133.8   3354.0
44   17   341.9   62.5   3525.7
44   18   -104.6   414.3   3561.9
45   0   -111.0   508.0   3567.7
45   1   -109.2   350.2   3576.5
45   2   -239.7   337.5   3562.6
45   3   -386.7   209.9   3460.1
45   4   -577.0   119.1   3332.3
45   5   22.4   325.5   3573.6
45   6   167.8   160.4   3574.7
45   7   376.6   41.4   3519.8
45   8   -124.2   142.3   3623.3
45   9   -130.2   -17.9   3630.1
45   10   -220.0   -106.5   3619.3
45   11   -239.8   -430.1   3567.7
45   12   -175.6   -726.9   3636.6
45   13   -45.2   -110.5   3624.0
45   14   -73.6   -437.3   3643.8
45   15   -118.3   -743.2   3679.1
45   16   -545.2   134.2   3353.6
45   17   341.8   61.3   3528.9
45   18   -104.6   414.6   3561.9
46   0   -111.0   508.3   3567.7
46   1   -109.2   350.5   3576.5
46   2   -239.6   337.7   3562.6
46   3   -387.1   210.8   3459.9
46   4   -577.1   119.1   3331.7
46   5   22.2   325.6   3573.6
46   6   167.8   160.8   3575.7
46   7   376.6   39.9   3523.3
46   8   -124.2   142.5   3623.3
46   9   -130.0   -17.7   3630.6
46   10   -219.7   -106.5   3619.3
46   11   -235.2   -432.4   3606.5
46   12   -175.1   -735.1   3642.3
46   13   -45.1   -110.6   3624.0
46   14   -66.9   -437.6   3647.6
46   15   -118.7   -743.4   3682.4
46   16   -545.4   134.4   3353.1
46   17   341.8   60.0   3532.0
46   18   -104.6   414.9   3561.9
47   0   -111.1   508.6   3567.8
47   1   -109.2   350.8   3576.5
47   2   -239.6   338.0   3562.6
47   3   -387.1   211.2   3460.0
47   4   -577.0   119.1   3330.9
47   5   22.1   325.7   3573.7
47   6   167.8   161.0   3576.9
47   7   376.8   38.4   3526.6
47   8   -124.2   142.7   3623.4
47   9   -129.9   -17.4   3631.0
47   10   -219.3   -105.9   3619.3
47   11   -228.9   -433.0   3627.7
47   12   -176.2   -739.0   3652.8
47   13   -45.3   -110.2   3624.1
47   14   -64.1   -437.0   3653.4
47   15   -119.6   -741.0   3697.1
47   16   -545.4   134.4   3352.4
47   17   341.9   58.9   3535.0
47   18   -104.6   415.2   3561.9
48   0   -111.1   508.8   3567.8
48   1   -109.2   351.1   3576.5
48   2   -239.5   338.2   3562.6
48   3   -386.9   211.2   3460.2
48   4   -576.6   119.1   3329.5
48   5   21.9   325.8   3573.7
48   6   167.6   161.1   3578.1
48   7   376.7   36.8   3529.8
48   8   -124.2   143.0   3623.5
48   9   -129.9   -17.1   3631.3
48   10   -219.1   -105.0   3619.3
48   11   -223.1   -432.8   3637.2
48   12   -177.3   -740.4   3657.5
48   13   -45.6   -109.8   3624.2
48   14   -61.6   -436.3   3657.9
48   15   -121.1   -738.1   3709.0
48   16   -545.0   134.4   3351.2
48   17   341.9   57.5   3537.8
48   18   -104.6   415.5   3561.9
49   0   -111.1   509.0   3567.8
49   1   -109.2   351.4   3576.5
49   2   -239.4   338.4   3562.7
49   3   -386.9   211.3   3460.3
49   4   -576.3   119.0   3327.9
49   5   21.8   325.9   3573.7
49   6   167.2   161.1   3578.6
49   7   376.3   35.1   3530.3
49   8   -124.1   143.3   3623.6
49   9   -129.9   -16.8   3631.4
49   10   -219.3   -103.7   3619.0
49   11   -220.3   -431.6   3642.2
49   12   -177.7   -739.6   3660.5
49   13   -45.8   -109.1   3624.2
49   14   -60.6   -435.3   3661.5
49   15   -122.1   -736.7   3709.5
49   16   -544.7   134.4   3350.0
49   17   341.5   56.1   3538.4
49   18   -104.6   415.8   3562.0
50   0   -111.1   509.1   3567.8
50   1   -109.2   351.7   3576.6
50   2   -239.4   338.6   3562.7
50   3   -386.9   211.6   3460.3
50   4   -576.2   118.8   3326.4
50   5   21.7   326.0   3573.7
50   6   166.8   160.9   3579.0
50   7   375.8   33.5   3529.4
50   8   -124.1   143.6   3623.7
50   9   -130.0   -16.5   3631.5
50   10   -219.8   -101.6   3618.5
50   11   -219.0   -429.4   3643.8
50   12   -178.3   -737.4   3664.8
50   13   -45.8   -107.9   3624.2
50   14   -64.6   -434.8   3650.2
50   15   -122.5   -735.6   3704.5
50   16   -544.6   134.2   3348.8
50   17   340.9   54.7   3537.6
50   18   -104.6   416.2   3562.0
51   0   -111.1   509.4   3567.8
51   1   -109.3   352.1   3576.7
51   2   -239.4   338.8   3562.8
51   3   -386.7   211.6   3460.5
51   4   -576.3   118.4   3325.8
51   5   21.5   326.1   3574.1
51   6   166.2   160.6   3579.3
51   7   374.9   31.5   3528.2
51   8   -124.4   144.0   3624.2
51   9   -130.3   -16.1   3631.6
51   10   -220.5   -99.6   3617.8
51   11   -218.3   -427.8   3624.3
51   12   -179.3   -733.0   3665.8
51   13   -45.8   -106.4   3624.2
51   14   -63.2   -433.6   3648.9
51   15   -122.8   -734.1   3701.7
51   16   -544.7   133.9   3348.2
51   17   340.1   53.0   3536.7
51   18   -104.6   416.5   3562.0
52   0   -111.1   509.7   3567.9
52   1   -109.3   352.5   3576.9
52   2   -239.3   339.0   3563.1
52   3   -386.6   211.8   3460.7
52   4   -576.7   117.7   3325.9
52   5   21.2   326.1   3574.6
52   6   165.6   160.3   3579.3
52   7   374.7   30.7   3527.8
52   8   -124.8   144.5   3624.8
52   9   -130.6   -15.6   3631.7
52   10   -221.5   -96.5   3617.0
52   11   -218.9   -424.6   3630.8
52   12   -179.7   -730.3   3666.5
52   13   -45.4   -103.9   3624.1
52   14   -61.8   -430.6   3654.4
52   15   -122.7   -731.7   3699.4
52   16   -545.0   133.4   3348.4
52   17   339.9   52.3   3536.4
52   18   -104.6   416.8   3562.0
53   0   -111.1   510.0   3568.0
53   1   -109.5   352.7   3577.1
53   2   -239.3   339.1   3563.5
53   3   -386.4   211.9   3460.9
53   4   -577.1   116.9   3326.5
53   5   21.0   326.0   3575.3
53   6   164.9   159.8   3579.2
53   7   374.8   30.6   3527.8
53   8   -125.3   144.9   3625.5
53   9   -131.1   -15.3   3631.8
53   10   -220.7   -98.4   3617.2
53   11   -219.4   -426.8   3623.7
53   12   -179.4   -731.4   3665.8
53   13   -46.0   -103.5   3624.3
53   14   -61.0   -430.1   3656.6
53   15   -123.4   -731.2   3697.9
53   16   -545.3   132.8   3348.9
53   17   339.8   52.1   3536.3
53   18   -104.6   417.1   3562.1
54   0   -111.2   510.2   3568.1
54   1   -109.6   353.0   3577.3
54   2   -239.3   339.3   3563.9
54   3   -386.2   212.1   3461.0
54   4   -577.3   116.1   3327.3
54   5   20.7   325.9   3575.9
54   6   164.0   159.2   3579.1
54   7   375.0   30.9   3527.8
54   8   -125.8   145.3   3626.2
54   9   -131.6   -14.9   3631.9
54   10   -218.5   -103.3   3618.2
54   11   -222.7   -431.6   3613.1
54   12   -178.7   -734.0   3664.4
54   13   -47.3   -104.7   3624.7
54   14   -61.7   -431.1   3659.3
54   15   -124.7   -732.3   3697.3
54   16   -545.5   132.1   3349.6
54   17   339.9   52.3   3536.4
54   18   -104.6   417.3   3562.2
