2   0   -344.1   686.8   3467.5
2   1   -341.5   535.2   3472.6
2   2   -481.3   507.1   3476.2
2   3   -467.6   358.7   3350.0
2   4   -319.7   538.8   3324.4
2   5   -198.5   513.4   3504.2
2   6   -180.8   365.7   3377.6
2   7   -335.5   517.3   3287.7
2   8   -350.4   348.9   3520.4
2   9   -351.8   186.1   3527.1
2   10   -446.4   82.3   3549.4
2   11   -404.9   -232.9   3514.3
2   12   -382.0   -519.9   3601.6
2   13   -262.5   79.7   3560.9
2   14   -304.0   -234.7   3519.7
2   15   -295.5   -514.3   3630.5
2   16   -344.3   508.8   3328.6
2   17   -309.7   492.0   3302.7
2   18   -338.5   597.5   3456.5
3   0   -343.2   689.3   3467.8
3   1   -340.6   537.9   3474.0
3   2   -480.6   510.0   3473.3
3   3   -471.2   357.8   3351.3
3   4   -324.2   536.6   3317.9
3   5   -197.4   515.4   3500.8
3   6   -178.2   363.6   3379.3
3   7   -330.4   515.8   3286.5
3   8   -349.4   352.6   3526.5
3   9   -350.5   190.1   3532.8
3   10   -443.2   91.5   3549.6
3   11   -408.4   -224.5   3522.8
3   12   -382.7   -513.0   3600.7
3   13   -262.1   89.4   3561.2
3   14   -298.8   -226.0   3530.3
3   15   -295.2   -508.6   3627.3
3   16   -348.7   506.8   3323.4
3   17   -305.0   490.4   3302.0
3   18   -337.7   599.8   3456.5
4   0   -340.9   697.4   3468.4
4   1   -338.2   547.3   3478.3
4   2   -477.3   518.1   3466.0
4   3   -476.5   356.8   3354.1
4   4   -332.1   532.7   3305.0
4   5   -195.7   522.3   3495.0
4   6   -175.9   359.9   3386.7
4   7   -317.1   512.7   3281.4
4   8   -346.6   366.4   3545.2
4   9   -346.7   204.5   3548.6
4   10   -430.1   114.0   3552.6
4   11   -413.0   -203.2   3536.7
4   12   -382.9   -494.5   3599.4
4   13   -266.9   111.3   3562.8
4   14   -289.0   -205.6   3548.8
4   15   -295.6   -493.3   3624.6
4   16   -356.1   503.4   3313.2
4   17   -293.6   487.2   3299.0
4   18   -335.4   607.3   3456.2
5   0   -338.0   708.3   3468.8
5   1   -334.9   559.1   3482.0
5   2   -471.5   527.6   3458.8
5   3   -480.8   356.2   3356.7
5   4   -339.6   529.0   3289.7
5   5   -195.7   530.1   3488.9
5   6   -172.8   356.0   3394.0
5   7   -300.8   508.0   3272.5
5   8   -342.3   381.8   3562.8
5   9   -341.8   221.0   3565.0
5   10   -416.1   137.3   3555.5
5   11   -417.8   -184.0   3549.2
5   12   -382.1   -478.4   3598.8
5   13   -270.9   133.3   3564.4
5   14   -278.6   -187.8   3567.0
5   15   -295.9   -482.2   3612.5
5   16   -363.1   500.2   3300.8
5   17   -279.5   482.7   3292.8
5   18   -332.5   617.4   3455.5
6   0   -336.1   716.7   3469.2
6   1   -332.5   566.6   3482.4
6   2   -466.4   534.4   3454.4
6   3   -484.3   355.8   3358.3
6   4   -345.5   526.9   3280.1
6   5   -196.9   535.5   3484.9
6   6   -171.0   354.0   3396.4
6   7   -295.9   503.4   3266.9
6   8   -339.2   388.2   3567.9
6   9   -338.5   228.6   3571.9
6   10   -411.5   146.6   3554.9
6   11   -421.7   -176.8   3556.6
6   12   -382.7   -473.2   3598.6
6   13   -269.1   141.0   3564.2
6   14   -271.6   -182.1   3578.0
6   15   -297.2   -480.6   3605.6
6   16   -368.6   498.4   3293.1
6   17   -275.1   478.5   3288.5
6   18   -330.3   624.6   3454.6
7   0   -335.3   721.0   3469.5
7   1   -331.2   569.5   3480.3
7   2   -462.9   538.2   3452.8
7   3   -487.2   355.8   3359.0
7   4   -349.5   526.3   3275.8
7   5   -198.7   538.0   3482.6
7   6   -170.4   353.9   3393.4
7   7   -301.2   501.0   3266.5
7   8   -337.4   388.8   3562.4
7   9   -337.2   230.2   3570.1
7   10   -414.6   145.5   3552.2
7   11   -424.4   -178.4   3559.6
7   12   -384.3   -475.5   3598.4
7   13   -262.6   139.5   3563.2
7   14   -267.8   -184.0   3582.6
7   15   -298.2   -483.8   3604.5
7   16   -372.4   497.9   3289.7
7   17   -279.4   476.5   3287.7
7   18   -329.1   628.2   3453.7
8   0   -335.3   722.1   3470.0
8   1   -330.5   570.0   3477.5
8   2   -460.7   540.0   3452.7
8   3   -488.4   355.8   3359.0
8   4   -350.5   526.0   3275.0
8   5   -200.5   538.9   3481.4
8   6   -169.9   353.1   3391.8
8   7   -300.1   502.2   3266.2
8   8   -336.6   387.1   3553.4
8   9   -336.9   229.3   3563.7
8   10   -419.4   141.9   3549.5
8   11   -426.1   -181.6   3560.5
8   12   -387.1   -478.9   3599.2
8   13   -256.7   136.7   3562.6
8   14   -266.3   -186.3   3583.2
8   15   -298.6   -485.7   3610.8
8   16   -373.5   497.6   3289.0
8   17   -278.4   477.3   3287.1
8   18   -328.6   629.5   3452.8
9   0   -335.6   720.8   3470.8
9   1   -330.3   569.4   3475.4
9   2   -459.3   540.9   3452.9
9   3   -488.8   355.6   3358.8
9   4   -350.1   525.6   3275.7
9   5   -202.0   538.9   3480.9
9   6   -169.4   351.4   3392.6
9   7   -292.3   504.4   3264.4
9   8   -336.3   385.3   3546.0
9   9   -337.2   228.0   3557.4
9   10   -422.4   139.4   3547.6
9   11   -426.8   -183.5   3560.5
9   12   -384.7   -480.8   3598.2
9   13   -254.0   135.2   3562.4
9   14   -266.1   -187.1   3582.9
9   15   -298.6   -487.0   3609.6
9   16   -373.2   497.3   3289.6
9   17   -271.8   478.9   3285.8
9   18   -328.4   629.5   3452.4
10   0   -335.9   719.8   3471.6
10   1   -330.4   568.7   3474.5
10   2   -458.3   541.2   3453.2
10   3   -488.9   355.3   3358.6
10   4   -349.8   525.9   3277.2
10   5   -203.1   539.0   3480.7
10   6   -169.0   350.5   3392.9
10   7   -290.8   504.0   3264.1
10   8   -336.5   382.9   3543.0
10   9   -337.7   225.9   3554.1
10   10   -423.6   138.2   3546.1
10   11   -426.7   -184.0   3560.2
10   12   -379.0   -481.1   3595.0
10   13   -253.8   134.9   3562.0
10   14   -266.3   -186.7   3582.5
10   15   -298.4   -486.0   3617.7
10   16   -373.0   497.4   3290.8
10   17   -270.5   478.4   3285.6
10   18   -328.3   629.1   3452.2
11   0   -336.2   719.0   3472.0
11   1   -330.5   568.1   3474.3
11   2   -457.6   541.4   3453.4
11   3   -488.7   355.1   3358.5
11   4   -349.3   526.2   3279.1
11   5   -203.9   539.2   3480.7
11   6   -168.8   350.0   3393.2
11   7   -290.5   503.4   3264.1
11   8   -336.9   381.0   3542.7
11   9   -338.3   224.2   3552.9
11   10   -423.7   137.7   3545.3
11   11   -426.4   -183.9   3559.8
11   12   -375.3   -481.2   3590.6
11   13   -254.7   135.1   3561.8
11   14   -266.6   -186.0   3582.1
11   15   -298.3   -486.1   3613.1
11   16   -372.5   497.7   3292.3
11   17   -270.2   477.8   3285.7
11   18   -328.4   628.6   3452.1
12   0   -336.3   718.6   3472.1
12   1   -330.6   567.6   3474.5
12   2   -457.0   541.6   3453.6
12   3   -488.6   354.9   3358.4
12   4   -348.9   526.3   3280.1
12   5   -204.5   539.5   3480.6
12   6   -168.6   349.7   3393.4
12   7   -290.5   503.0   3264.3
12   8   -337.3   380.0   3543.8
12   9   -338.9   223.3   3552.8
12   10   -423.4   137.7   3545.0
12   11   -426.0   -183.4   3559.6
12   12   -375.1   -481.0   3589.9
12   13   -256.0   135.6   3561.7
12   14   -267.0   -185.1   3581.8
12   15   -298.0   -485.5   3611.6
12   16   -372.2   497.7   3293.1
12   17   -270.2   477.4   3285.8
12   18   -328.4   628.0   3452.1
13   0   -336.4   718.2   3472.1
13   1   -330.7   567.2   3474.9
13   2   -456.5   541.8   3453.6
13   3   -488.5   354.7   3358.5
13   4   -348.9   526.2   3280.3
13   5   -205.1   539.7   3480.6
13   6   -168.5   349.6   3393.4
13   7   -290.6   502.8   3264.6
13   8   -337.7   380.0   3545.4
13   9   -339.5   223.4   3553.2
13   10   -422.9   138.0   3544.6
13   11   -425.7   -182.8   3559.4
13   12   -377.0   -480.7   3589.7
13   13   -257.4   136.2   3561.7
13   14   -267.2   -184.2   3581.5
13   15   -298.0   -484.3   3613.8
13   16   -372.2   497.6   3293.4
13   17   -270.3   477.3   3286.0
13   18   -328.4   627.5   3452.1
14   0   -336.4   717.9   3472.1
14   1   -330.8   566.9   3475.2
14   2   -456.0   542.1   3453.7
14   3   -488.5   354.6   3358.7
14   4   -349.0   526.0   3280.4
14   5   -205.5   540.0   3480.5
14   6   -168.4   349.5   3393.4
14   7   -290.7   502.9   3264.8
14   8   -338.0   380.3   3546.6
14   9   -339.9   223.8   3553.7
14   10   -422.4   138.3   3544.7
14   11   -425.0   -182.2   3559.3
14   12   -376.2   -480.2   3588.8
14   13   -258.7   136.8   3561.7
14   14   -267.4   -183.4   3581.4
14   15   -298.2   -483.0   3617.3
14   16   -372.2   497.4   3293.4
14   17   -270.3   477.3   3286.2
14   18   -328.4   627.0   3452.1
15   0   -336.4   717.7   3472.0
15   1   -330.9   566.5   3475.4
15   2   -455.6   542.3   3453.7
15   3   -488.6   354.5   3358.9
15   4   -349.1   525.9   3280.4
15   5   -206.0   540.2   3480.4
15   6   -168.3   349.6   3393.3
15   7   -290.8   503.1   3265.1
15   8   -338.3   380.6   3547.3
15   9   -340.5   224.2   3554.2
15   10   -422.2   138.5   3544.9
15   11   -424.7   -181.8   3559.2
15   12   -371.9   -479.6   3587.5
15   13   -260.0   137.4   3561.6
15   14   -267.6   -182.6   3581.3
15   15   -297.5   -482.6   3617.5
15   16   -372.3   497.3   3293.5
15   17   -270.4   477.5   3286.4
15   18   -328.5   626.6   3452.1
16   0   -336.4   716.4   3471.6
16   1   -330.9   566.1   3475.5
16   2   -455.2   542.5   3453.7
16   3   -488.6   354.6   3358.8
16   4   -349.0   526.0   3280.4
16   5   -206.3   540.4   3480.3
16   6   -168.3   349.8   3392.8
16   7   -291.2   503.6   3265.2
16   8   -338.5   380.7   3547.7
16   9   -341.0   224.3   3554.5
16   10   -422.1   138.7   3545.1
16   11   -424.6   -181.6   3559.2
16   12   -376.1   -479.9   3588.7
16   13   -261.1   138.0   3561.6
16   14   -267.7   -181.9   3581.3
16   15   -296.4   -482.0   3617.7
16   16   -372.3   497.4   3293.4
16   17   -270.7   477.9   3286.5
16   18   -328.5   626.2   3452.1
17   0   -336.2   714.8   3471.2
17   1   -331.0   565.6   3475.6
17   2   -454.9   542.7   3453.7
17   3   -488.7   354.7   3358.5
17   4   -348.9   526.0   3280.0
17   5   -206.7   540.5   3480.3
17   6   -168.3   350.2   3391.6
17   7   -292.1   504.4   3265.4
17   8   -338.7   380.4   3548.0
17   9   -341.6   224.2   3554.9
17   10   -422.1   138.8   3545.1
17   11   -424.5   -181.4   3559.2
17   12   -386.9   -480.2   3594.3
17   13   -262.0   138.6   3561.5
17   14   -267.8   -181.2   3581.3
17   15   -295.5   -481.0   3619.0
17   16   -372.2   497.4   3293.1
17   17   -271.5   478.7   3286.4
17   18   -328.5   625.6   3452.1
18   0   -336.1   713.1   3470.8
18   1   -331.0   564.9   3475.6
18   2   -454.7   542.8   3453.7
18   3   -488.7   354.8   3358.2
18   4   -348.9   525.9   3279.3
18   5   -206.9   540.5   3480.2
18   6   -168.4   351.1   3389.4
18   7   -294.2   505.8   3265.7
18   8   -338.9   379.9   3548.2
18   9   -342.1   223.7   3555.1
18   10   -422.1   138.9   3545.0
18   11   -424.5   -181.2   3559.2
18   12   -391.1   -478.2   3607.5
18   13   -262.7   139.0   3561.4
18   14   -267.9   -180.7   3581.3
18   15   -295.2   -479.5   3624.4
18   16   -372.2   497.4   3292.4
18   17   -273.2   480.0   3286.3
18   18   -328.5   624.9   3452.0
19   0   -336.0   711.4   3470.5
19   1   -331.1   563.9   3475.7
19   2   -454.7   542.7   3453.7
19   3   -488.8   354.9   3357.7
19   4   -348.8   525.9   3279.0
19   5   -207.0   540.4   3480.2
19   6   -168.7   352.4   3386.0
19   7   -297.6   507.8   3266.5
19   8   -339.2   379.1   3548.6
19   9   -342.4   222.8   3555.4
19   10   -422.1   138.9   3544.9
19   11   -424.5   -181.1   3559.2
19   12   -388.7   -479.5   3601.1
19   13   -263.1   139.2   3561.3
19   14   -268.0   -180.5   3581.2
19   15   -294.7   -479.8   3624.6
19   16   -372.2   497.4   3292.1
19   17   -276.1   481.9   3286.4
19   18   -328.5   623.9   3452.0
20   0   -335.9   710.0   3470.1
20   1   -331.2   562.9   3475.7
20   2   -454.6   542.7   3453.7
20   3   -488.9   354.8   3357.4
20   4   -348.8   525.9   3278.9
20   5   -207.1   540.2   3480.2
20   6   -168.7   352.8   3384.6
20   7   -299.1   508.4   3267.0
20   8   -339.4   378.0   3548.9
20   9   -342.5   221.8   3555.6
20   10   -422.2   138.9   3544.9
20   11   -424.5   -181.2   3559.1
20   12   -390.8   -479.7   3602.4
20   13   -263.1   139.3   3561.3
20   14   -268.0   -180.5   3580.8
20   15   -295.1   -479.1   3628.4
20   16   -372.2   497.4   3292.0
20   17   -277.4   482.5   3286.6
20   18   -328.5   622.8   3452.0
21   0   -335.8   708.8   3469.8
21   1   -331.2   561.7   3475.8
21   2   -454.7   542.6   3453.7
21   3   -489.0   354.9   3356.8
21   4   -348.6   526.2   3278.8
21   5   -207.1   540.1   3480.1
21   6   -168.7   352.8   3384.0
21   7   -299.7   508.7   3267.3
21   8   -339.6   376.9   3549.3
21   9   -342.7   220.7   3555.8
21   10   -422.4   138.8   3544.9
21   11   -424.6   -181.2   3559.1
21   12   -390.8   -477.9   3612.3
21   13   -263.1   139.2   3561.3
21   14   -268.0   -180.6   3580.2
21   15   -295.8   -477.6   3635.2
21   16   -372.0   497.6   3291.8
21   17   -277.9   482.7   3286.7
21   18   -328.5   621.7   3452.0
22   0   -335.7   707.9   3469.4
22   1   -331.3   560.6   3475.9
22   2   -454.7   542.5   3453.7
22   3   -489.0   354.9   3356.5
22   4   -348.5   526.2   3278.8
22   5   -207.2   539.9   3480.1
22   6   -168.6   352.5   3384.1
22   7   -299.7   508.5   3267.6
22   8   -339.9   375.8   3549.7
22   9   -342.7   219.6   3556.0
22   10   -422.5   138.7   3544.8
22   11   -424.6   -181.3   3559.1
22   12   -390.3   -477.1   3615.7
22   13   -263.0   139.1   3561.3
22   14   -268.0   -180.7   3580.2
22   15   -295.8   -477.7   3634.2
22   16   -371.9   497.7   3291.8
22   17   -277.9   482.5   3287.0
22   18   -328.5   620.5   3451.9
23   0   -335.7   707.3   3469.0
23   1   -331.4   559.6   3475.9
23   2   -454.6   542.5   3453.7
23   3   -489.0   354.8   3356.2
23   4   -348.4   526.3   3278.8
23   5   -207.3   539.8   3480.1
23   6   -168.4   351.9   3384.8
23   7   -299.2   508.0   3267.8
23   8   -340.2   374.8   3550.1
23   9   -342.8   218.5   3556.2
23   10   -422.6   138.7   3544.8
23   11   -424.6   -181.5   3559.1
23   12   -390.2   -477.2   3614.4
23   13   -262.9   139.0   3561.3
23   14   -268.0   -180.8   3580.2
23   15   -296.2   -477.9   3631.9
23   16   -371.9   497.7   3291.7
23   17   -277.4   482.0   3287.3
23   18   -328.5   619.5   3451.9
24   0   -335.7   706.9   3468.6
24   1   -331.4   558.7   3475.9
24   2   -454.6   542.4   3453.7
24   3   -488.9   354.8   3356.1
24   4   -348.4   526.4   3278.9
24   5   -207.5   539.4   3480.0
24   6   -168.2   351.1   3385.7
24   7   -298.4   507.3   3268.2
24   8   -340.4   373.9   3550.4
24   9   -342.8   217.6   3556.3
24   10   -422.8   138.6   3544.8
24   11   -424.5   -181.6   3559.0
24   12   -390.6   -477.4   3612.9
24   13   -262.7   138.9   3561.4
24   14   -268.0   -181.0   3580.2
24   15   -296.5   -478.0   3630.4
24   16   -371.8   497.8   3291.7
24   17   -276.7   481.3   3287.8
24   18   -328.5   618.6   3451.8
25   0   -335.7   706.6   3468.1
25   1   -331.4   557.8   3476.0
25   2   -454.6   542.4   3453.7
25   3   -488.9   354.7   3356.0
25   4   -348.3   526.3   3278.7
25   5   -207.7   538.9   3479.6
25   6   -167.9   349.9   3386.6
25   7   -298.0   506.2   3269.0
25   8   -340.5   372.9   3550.8
25   9   -342.9   216.6   3556.5
25   10   -422.9   138.5   3544.8
25   11   -424.5   -181.7   3558.9
25   12   -390.4   -477.4   3612.8
25   13   -262.7   138.7   3561.5
25   14   -268.1   -181.3   3580.1
25   15   -296.8   -478.1   3630.4
25   16   -371.7   497.7   3291.6
25   17   -276.3   480.2   3288.6
25   18   -328.5   617.6   3451.8
26   0   -335.7   706.5   3467.7
26   1   -331.5   557.1   3476.0
26   2   -454.5   542.4   3453.7
26   3   -488.9   354.7   3355.9
26   4   -348.2   526.3   3278.5
26   5   -207.8   538.7   3479.1
26   6   -167.7   349.3   3387.0
26   7   -298.5   505.3   3269.7
26   8   -340.6   372.2   3551.1
26   9   -342.9   215.8   3556.6
26   10   -423.0   138.4   3544.8
26   11   -424.4   -181.9   3558.9
26   12   -390.1   -477.3   3612.9
26   13   -262.7   138.4   3561.5
26   14   -268.1   -181.7   3579.7
26   15   -297.4   -478.3   3630.3
26   16   -371.6   497.7   3291.4
26   17   -276.7   479.3   3289.3
26   18   -328.5   616.9   3451.7
27   0   -335.7   706.6   3467.4
27   1   -331.5   556.6   3476.0
27   2   -454.3   542.5   3453.6
27   3   -488.9   354.7   3355.9
27   4   -348.1   526.1   3278.1
27   5   -208.0   538.7   3478.6
27   6   -167.6   348.9   3387.2
27   7   -299.5   504.5   3270.4
27   8   -340.7   371.6   3551.3
27   9   -342.9   215.2   3556.7
27   10   -423.1   138.3   3544.8
27   11   -424.4   -182.1   3558.9
27   12   -390.2   -477.1   3614.8
27   13   -262.7   138.0   3561.5
27   14   -268.1   -182.2   3579.5
27   15   -298.0   -478.7   3629.8
27   16   -371.6   497.5   3291.1
27   17   -277.5   478.6   3289.8
27   18   -328.5   616.4   3451.7
28   0   -335.7   706.9   3467.2
28   1   -331.5   556.4   3476.0
28   2   -454.0   542.6   3453.6
28   3   -489.1   354.8   3355.9
28   4   -347.9   525.6   3277.3
28   5   -208.2   538.8   3478.1
28   6   -167.5   348.6   3387.3
28   7   -300.8   503.5   3270.9
28   8   -340.7   371.3   3551.4
28   9   -342.9   214.8   3556.7
28   10   -423.2   138.2   3544.7
28   11   -424.4   -182.3   3558.8
28   12   -390.5   -475.1   3615.4
28   13   -262.8   137.6   3561.5
28   14   -268.2   -182.6   3579.4
28   15   -297.9   -477.3   3628.1
28   16   -371.4   497.1   3290.4
28   17   -278.6   477.7   3290.3
28   18   -328.5   616.2   3451.6
29   0   -335.7   707.2   3467.2
29   1   -331.5   556.3   3476.0
29   2   -453.7   542.8   3453.6
29   3   -489.8   355.0   3356.0
29   4   -347.6   524.7   3276.3
29   5   -208.4   539.0   3477.8
29   6   -167.4   348.6   3387.4
29   7   -302.6   502.1   3271.1
29   8   -340.8   371.1   3551.5
29   9   -342.9   214.5   3556.7
29   10   -423.4   138.1   3544.7
29   11   -424.4   -182.5   3558.8
29   12   -391.0   -472.4   3615.3
29   13   -262.7   137.4   3561.5
29   14   -268.3   -183.0   3579.3
29   15   -297.6   -475.1   3625.6
29   16   -371.3   496.4   3289.6
29   17   -280.1   476.5   3290.5
29   18   -328.5   616.1   3451.6
30   0   -335.8   707.5   3467.1
30   1   -331.5   556.3   3476.0
30   2   -453.5   543.0   3453.6
30   3   -491.0   355.4   3355.9
30   4   -347.8   522.7   3272.9
30   5   -208.7   539.1   3477.6
30   6   -166.9   348.8   3387.4
30   7   -302.4   501.0   3269.8
30   8   -340.8   370.9   3551.5
30   9   -342.9   214.3   3556.8
30   10   -423.5   138.1   3544.7
30   11   -424.4   -182.6   3558.8
30   12   -391.2   -469.9   3614.4
30   13   -262.6   137.3   3561.5
30   14   -268.3   -183.2   3579.3
30   15   -297.3   -473.3   3621.1
30   16   -371.7   494.8   3286.8
30   17   -279.9   475.6   3289.4
30   18   -328.5   616.1   3451.6
31   0   -335.8   708.0   3467.5
31   1   -331.6   556.1   3477.4
31   2   -453.2   543.1   3456.3
31   3   -494.1   357.6   3356.2
31   4   -349.8   516.2   3260.1
31   5   -208.7   539.2   3477.6
31   6   -159.4   350.4   3388.1
31   7   -299.8   496.9   3269.1
31   8   -340.9   370.1   3551.8
31   9   -342.9   213.4   3556.9
31   10   -423.6   138.0   3544.7
31   11   -424.3   -182.8   3558.9
31   12   -391.0   -469.1   3608.7
31   13   -262.5   137.2   3561.5
31   14   -268.3   -183.4   3579.3
31   15   -296.5   -472.7   3610.7
31   16   -373.8   489.8   3276.1
31   17   -276.4   472.5   3289.0
31   18   -328.6   616.1   3453.4
32   0   -335.8   708.5   3468.6
32   1   -331.6   555.7   3481.3
32   2   -453.0   544.1   3467.0
32   3   -500.8   365.7   3359.6
32   4   -366.7   492.2   3221.4
32   5   -208.8   539.3   3480.8
32   6   -136.5   359.8   3392.0
32   7   -284.6   492.4   3266.8
32   8   -341.0   368.3   3552.4
32   9   -343.0   211.6   3557.0
32   10   -423.7   138.0   3544.7
32   11   -424.3   -182.9   3558.9
32   12   -390.5   -470.1   3598.7
32   13   -262.4   137.1   3561.5
32   14   -268.2   -183.5   3579.4
32   15   -296.1   -473.0   3605.8
32   16   -389.0   471.1   3244.4
32   17   -260.0   470.3   3287.6
32   18   -328.6   616.2   3458.4
33   0   -335.9   708.9   3470.0
33   1   -331.7   555.1   3487.2
33   2   -453.1   545.4   3478.0
33   3   -509.7   374.1   3364.5
33   4   -441.7   432.9   3170.0
33   5   -208.9   539.3   3486.9
33   6   -120.5   367.9   3397.3
33   7   -302.4   481.3   3316.4
33   8   -341.2   366.0   3553.1
33   9   -343.0   209.2   3557.2
33   10   -423.8   137.9   3544.6
33   11   -424.2   -183.1   3558.9
33   12   -388.1   -472.5   3589.5
33   13   -262.3   137.1   3561.5
33   14   -268.2   -183.7   3579.4
33   15   -296.1   -474.6   3605.8
33   16   -452.9   423.2   3202.4
33   17   -272.1   462.4   3329.9
33   18   -328.6   616.2   3465.9
34   0   -335.9   709.2   3473.0
34   1   -331.7   554.8   3493.9
34   2   -453.6   546.8   3484.3
34   3   -533.0   382.3   3377.7
34   4   -530.9   382.7   3158.3
34   5   -209.3   539.6   3495.8
34   6   -96.3   374.7   3430.3
34   7   -303.8   460.3   3376.9
34   8   -341.4   364.0   3553.5
34   9   -343.1   207.1   3557.3
34   10   -423.9   137.9   3544.6
34   11   -424.2   -183.2   3559.0
34   12   -384.9   -471.2   3595.8
34   13   -262.2   137.1   3561.5
34   14   -268.2   -183.8   3579.6
34   15   -296.0   -473.5   3613.3
34   16   -531.2   382.7   3194.9
34   17   -269.2   446.0   3385.8
34   18   -328.6   616.6   3474.6
35   0   -335.9   709.7   3477.4
35   1   -331.8   554.9   3500.2
35   2   -453.8   547.9   3488.0
35   3   -557.2   392.6   3388.8
35   4   -633.6   343.6   3184.9
35   5   -209.5   539.8   3500.5
35   6   -71.3   386.6   3459.9
35   7   -292.3   442.3   3408.4
35   8   -341.6   362.8   3553.6
35   9   -343.1   205.8   3557.3
35   10   -423.9   137.8   3544.7
35   11   -424.0   -183.4   3558.9
35   12   -384.7   -470.4   3601.0
35   13   -262.1   137.1   3561.5
35   14   -268.0   -183.9   3579.7
35   15   -296.1   -471.8   3623.6
35   16   -620.9   351.7   3218.9
35   17   -255.5   433.0   3417.0
35   18   -328.6   617.3   3482.9
36   0   -336.0   710.4   3481.3
36   1   -331.9   555.7   3504.9
36   2   -453.5   548.6   3489.3
36   3   -574.4   405.9   3390.6
36   4   -719.7   323.3   3233.6
36   5   -209.7   540.3   3502.4
36   6   -55.3   400.9   3463.7
36   7   -285.7   435.6   3415.8
36   8   -341.8   362.9   3554.3
36   9   -343.1   205.9   3557.4
36   10   -424.0   137.7   3544.7
36   11   -424.0   -183.7   3558.9
36   12   -386.2   -472.5   3597.0
36   13   -262.0   137.0   3561.5
36   14   -268.0   -184.1   3579.8
36   15   -296.4   -473.3   3622.4
36   16   -695.6   337.0   3259.8
36   17   -247.3   429.9   3423.8
36   18   -328.7   618.4   3488.9
37   0   -336.0   711.2   3482.7
37   1   -331.9   557.0   3507.1
37   2   -452.9   549.3   3489.4
37   3   -589.7   416.4   3396.1
37   4   -775.4   314.0   3287.5
37   5   -209.9   541.2   3502.6
37   6   -43.3   411.5   3478.6
37   7   -268.1   448.8   3409.4
37   8   -341.8   364.2   3555.3
37   9   -343.1   207.2   3557.5
37   10   -423.9   137.6   3544.7
37   11   -423.9   -184.0   3559.0
37   12   -387.6   -474.4   3597.7
37   13   -262.0   137.0   3561.5
37   14   -267.9   -184.2   3579.8
37   15   -296.4   -475.7   3617.4
37   16   -744.5   331.0   3305.6
37   17   -230.7   442.6   3420.9
37   18   -328.7   619.8   3491.4
38   0   -336.1   712.0   3480.0
38   1   -331.9   558.7   3506.1
38   2   -452.3   549.8   3487.0
38   3   -600.8   421.8   3403.4
38   4   -804.0   310.6   3324.4
38   5   -210.3   542.6   3501.9
38   6   -38.2   417.6   3504.7
38   7   -250.0   468.8   3411.1
38   8   -341.7   366.9   3556.6
38   9   -343.1   209.8   3557.7
38   10   -423.9   137.4   3544.7
38   11   -423.9   -184.3   3559.0
38   12   -390.7   -476.2   3601.4
38   13   -261.9   137.0   3561.5
38   14   -268.0   -184.4   3579.7
38   15   -296.5   -477.8   3614.1
38   16   -770.1   329.2   3337.5
38   17   -214.7   460.3   3426.7
38   18   -328.8   621.4   3489.6
39   0   -336.2   712.7   3473.4
39   1   -331.9   560.9   3502.5
39   2   -451.7   550.5   3481.4
39   3   -606.6   421.6   3410.1
39   4   -816.1   309.3   3348.3
39   5   -211.0   544.2   3501.0
39   6   -37.9   420.4   3521.4
39   7   -246.1   471.8   3419.1
39   8   -341.5   370.6   3557.5
39   9   -343.0   213.4   3557.8
39   10   -423.8   137.2   3544.7
39   11   -423.9   -184.6   3559.1
39   12   -394.2   -477.9   3603.8
39   13   -261.8   137.0   3561.5
39   14   -268.1   -184.5   3579.7
39   15   -296.7   -479.5   3613.4
39   16   -781.1   328.0   3358.6
39   17   -211.4   463.2   3436.2
39   18   -328.8   623.2   3484.4
40   0   -336.3   714.7   3466.8
40   1   -331.9   563.3   3498.3
40   2   -451.1   551.1   3475.6
40   3   -607.0   419.0   3410.9
40   4   -817.0   308.1   3354.0
40   5   -211.8   546.1   3500.3
40   6   -39.3   421.0   3526.9
40   7   -249.6   468.1   3425.9
40   8   -341.3   374.3   3557.6
40   9   -343.0   217.0   3557.8
40   10   -423.8   137.0   3544.7
40   11   -423.9   -184.9   3559.0
40   12   -394.1   -479.3   3604.5
40   13   -261.8   137.0   3561.5
40   14   -268.2   -184.7   3579.4
40   15   -296.8   -480.8   3613.0
40   16   -782.0   326.6   3363.5
40   17   -214.5   460.2   3442.8
40   18   -328.8   625.2   3478.9
41   0   -336.5   717.0   3462.3
41   1   -331.9   565.3   3494.5
41   2   -450.7   551.5   3471.2
41   3   -604.6   415.2   3409.3
41   4   -812.3   303.5   3350.8
41   5   -212.0   548.1   3499.6
41   6   -41.2   420.1   3526.0
41   7   -254.8   458.1   3426.2
41   8   -341.2   377.3   3557.2
41   9   -342.9   220.0   3557.7
41   10   -423.8   136.8   3544.7
41   11   -423.9   -185.3   3558.9
41   12   -390.1   -480.3   3603.7
41   13   -261.7   137.0   3561.4
41   14   -268.3   -184.9   3578.8
41   15   -296.9   -481.9   3612.5
41   16   -777.7   322.2   3360.6
41   17   -219.2   451.8   3442.8
41   18   -328.9   626.9   3474.0
42   0   -336.6   718.8   3460.1
42   1   -331.9   566.5   3492.0
42   2   -450.8   551.5   3470.2
42   3   -600.5   409.8   3409.2
42   4   -802.6   292.4   3346.2
42   5   -211.5   549.7   3499.0
42   6   -42.8   418.3   3523.1
42   7   -257.9   455.8   3423.4
42   8   -341.1   379.0   3556.8
42   9   -342.9   221.6   3557.7
42   10   -423.8   136.8   3544.7
42   11   -423.9   -188.8   3558.6
42   12   -385.4   -483.3   3604.2
42   13   -261.6   137.0   3561.3
42   14   -268.6   -188.5   3578.2
42   15   -297.1   -485.7   3612.2
42   16   -768.9   312.0   3356.7
42   17   -222.1   449.6   3440.0
42   18   -328.9   627.9   3470.7
43   0   -336.7   720.1   3459.7
43   1   -331.9   567.0   3490.5
43   2   -451.3   551.2   3471.1
43   3   -596.1   404.5   3409.1
43   4   -792.7   283.3   3339.7
43   5   -210.2   550.9   3498.4
43   6   -43.8   415.7   3518.8
43   7   -259.7   456.8   3421.7
43   8   -341.0   379.5   3556.1
43   9   -342.9   222.0   3557.6
43   10   -423.9   136.8   3544.7
43   11   -423.9   -193.7   3558.1
43   12   -382.5   -487.1   3606.2
43   13   -261.6   136.9   3561.2
43   14   -268.8   -193.4   3577.4
43   15   -297.5   -490.1   3612.8
43   16   -759.9   303.5   3351.3
43   17   -223.7   450.0   3437.9
43   18   -328.9   628.4   3469.0
44   0   -336.8   720.9   3460.0
44   1   -331.9   567.1   3489.6
44   2   -452.1   550.7   3471.0
44   3   -594.6   401.5   3408.5
44   4   -787.9   281.2   3331.4
44   5   -208.5   551.7   3497.8
44   6   -43.6   413.9   3514.2
44   7   -261.6   455.3   3422.6
44   8   -341.0   379.1   3554.9
44   9   -342.9   221.6   3557.4
44   10   -423.9   136.8   3544.7
44   11   -423.9   -198.5   3557.6
44   12   -381.9   -490.8   3609.4
44   13   -261.5   136.9   3561.1
44   14   -269.0   -198.2   3577.2
44   15   -297.9   -494.3   3613.5
44   16   -755.7   301.3   3344.2
44   17   -225.3   448.4   3437.8
44   18   -328.9   628.6   3468.3
45   0   -336.7   721.5   3460.7
45   1   -331.9   567.0   3489.0
45   2   -453.1   550.1   3471.3
45   3   -594.6   400.0   3407.9
45   4   -786.3   282.7   3324.6
45   5   -207.3   551.5   3497.7
45   6   -42.9   412.7   3513.5
45   7   -262.3   446.8   3423.5
45   8   -341.0   378.2   3553.2
45   9   -342.9   220.6   3557.1
45   10   -424.0   136.7   3544.7
45   11   -424.0   -202.7   3557.0
45   12   -382.7   -493.7   3613.1
45   13   -261.5   136.8   3561.1
45   14   -269.1   -202.4   3576.1
45   15   -298.3   -497.7   3614.7
45   16   -754.3   302.2   3338.5
45   17   -225.7   441.1   3438.5
45   18   -328.9   628.6   3468.1
46   0   -336.6   721.9   3461.4
46   1   -331.9   566.8   3488.4
46   2   -454.0   549.5   3471.7
46   3   -595.4   399.6   3407.2
46   4   -786.4   283.6   3321.6
46   5   -206.4   551.0   3497.8
46   6   -42.2   411.8   3514.9
46   7   -260.9   439.9   3422.3
46   8   -341.0   377.1   3551.1
46   9   -342.9   219.5   3556.8
46   10   -424.0   136.6   3544.7
46   11   -424.0   -206.2   3556.3
46   12   -384.3   -495.8   3615.8
46   13   -261.5   136.6   3561.1
46   14   -269.3   -206.0   3574.6
46   15   -298.5   -499.9   3616.4
46   16   -754.5   303.0   3335.9
46   17   -224.5   435.2   3437.7
46   18   -328.9   628.6   3468.0
47   0   -336.6   722.2   3462.1
47   1   -331.9   566.6   3488.1
47   2   -454.8   549.0   3472.1
47   3   -596.5   399.7   3406.4
47   4   -787.7   283.8   3320.2
47   5   -205.6   550.4   3498.0
47   6   -41.5   411.0   3516.4
47   7   -259.9   439.3   3422.2
47   8   -341.0   376.1   3549.5
47   9   -342.9   218.5   3556.5
47   10   -424.1   136.6   3544.7
47   11   -424.1   -208.9   3555.4
47   12   -383.7   -497.8   3614.1
47   13   -261.6   136.4   3561.1
47   14   -269.4   -208.9   3574.2
47   15   -298.6   -501.9   3617.3
47   16   -755.8   303.1   3334.5
47   17   -223.5   434.6   3437.9
47   18   -328.9   628.5   3468.1
48   0   -336.5   722.4   3462.9
48   1   -331.8   566.4   3487.8
48   2   -455.5   548.5   3472.3
48   3   -597.7   399.8   3405.5
48   4   -789.9   283.4   3319.1
48   5   -204.9   549.9   3498.3
48   6   -40.8   410.2   3516.3
48   7   -260.1   440.6   3421.7
48   8   -341.0   375.3   3548.3
48   9   -342.9   217.6   3556.4
48   10   -424.2   136.5   3544.7
48   11   -424.2   -211.0   3555.3
48   12   -381.3   -500.3   3607.5
48   13   -261.6   136.1   3561.0
48   14   -269.4   -211.3   3574.3
48   15   -298.7   -503.8   3617.7
48   16   -757.8   302.8   3333.5
48   17   -223.5   435.5   3437.5
48   18   -328.9   628.5   3468.2
49   0   -336.4   722.7   3463.6
49   1   -331.8   566.3   3487.6
49   2   -456.2   548.1   3472.5
49   3   -598.9   400.2   3404.6
49   4   -791.6   283.1   3318.9
49   5   -204.3   549.4   3498.5
49   6   -40.1   409.6   3516.3
49   7   -259.1   445.3   3421.8
49   8   -341.0   374.5   3547.3
49   9   -342.9   216.8   3556.3
49   10   -424.4   136.5   3544.7
49   11   -424.3   -212.7   3555.5
49   12   -375.9   -503.0   3599.6
49   13   -261.6   135.8   3561.0
49   14   -269.5   -213.2   3574.3
49   15   -299.1   -506.2   3617.9
49   16   -759.5   302.6   3333.2
49   17   -222.6   439.4   3437.6
49   18   -328.9   628.5   3468.2
50   0   -336.3   722.9   3464.3
50   1   -331.8   566.2   3487.5
50   2   -456.7   547.7   3472.6
50   3   -599.7   400.3   3403.6
50   4   -793.7   282.5   3318.7
50   5   -203.8   548.9   3498.6
50   6   -39.4   409.0   3516.1
50   7   -258.9   452.5   3423.2
50   8   -341.0   373.9   3546.7
50   9   -342.9   216.1   3556.2
50   10   -424.5   136.5   3544.7
50   11   -424.4   -214.1   3555.8
50   12   -370.6   -506.9   3589.0
50   13   -261.6   135.7   3561.0
50   14   -269.7   -214.7   3574.5
50   15   -299.7   -509.8   3617.2
50   16   -761.4   302.1   3332.8
50   17   -222.3   445.3   3438.7
50   18   -328.9   628.5   3468.2
51   0   -336.2   723.0   3465.0
51   1   -331.8   566.1   3487.3
51   2   -457.3   547.3   3472.6
51   3   -600.1   400.1   3402.6
51   4   -796.3   281.5   3318.0
51   5   -203.3   548.5   3498.7
51   6   -38.9   408.4   3516.1
51   7   -260.5   453.6   3423.7
51   8   -341.0   373.3   3546.3
51   9   -342.9   215.5   3556.2
51   10   -424.6   136.5   3544.6
51   11   -424.4   -215.3   3555.9
51   12   -367.0   -511.2   3580.3
51   13   -261.5   135.6   3561.0
51   14   -270.0   -216.0   3574.8
51   15   -300.1   -514.2   3616.2
51   16   -763.6   301.3   3332.1
51   17   -223.6   446.0   3439.1
51   18   -328.9   628.5   3468.3
52   0   -336.1   723.2   3465.6
52   1   -331.8   566.0   3487.3
52   2   -457.7   547.0   3472.6
52   3   -600.5   399.9   3401.8
52   4   -799.1   280.0   3317.2
52   5   -202.9   548.1   3498.9
52   6   -38.4   407.8   3516.1
52   7   -263.1   451.2   3423.3
52   8   -341.0   372.8   3546.0
52   9   -343.0   213.2   3556.3
52   10   -424.7   136.4   3544.6
52   11   -424.2   -216.2   3555.8
52   12   -368.1   -515.4   3580.4
52   13   -261.4   135.5   3560.9
52   14   -270.3   -217.0   3574.7
52   15   -300.2   -518.6   3611.5
52   16   -766.0   300.0   3331.3
52   17   -225.7   444.0   3438.8
52   18   -328.9   628.5   3468.3
53   0   -336.0   723.3   3466.3
53   1   -331.8   565.9   3487.2
53   2   -458.1   546.7   3472.6
53   3   -600.7   399.6   3400.8
53   4   -799.9   279.7   3317.2
53   5   -202.5   547.8   3499.0
53   6   -38.0   407.3   3516.2
53   7   -264.2   444.5   3424.1
53   8   -340.9   372.2   3545.8
53   9   -343.0   210.4   3556.4
53   10   -424.8   136.4   3544.6
53   11   -424.0   -217.2   3555.5
53   12   -370.2   -518.8   3584.2
53   13   -261.5   135.3   3560.9
53   14   -270.7   -218.1   3574.5
53   15   -300.2   -522.9   3603.9
53   16   -766.7   299.7   3331.1
53   17   -226.5   438.3   3439.4
53   18   -328.9   628.5   3468.3
54   0   -335.9   723.4   3467.0
54   1   -331.8   565.9   3487.1
54   2   -458.5   546.4   3472.6
54   3   -601.0   399.3   3400.3
54   4   -799.7   280.0   3317.4
54   5   -202.2   547.5   3499.1
54   6   -37.7   406.7   3516.3
54   7   -263.6   435.2   3423.0
54   8   -340.9   371.7   3545.6
54   9   -343.0   207.8   3556.6
54   10   -424.9   136.3   3544.6
54   11   -423.8   -218.0   3555.3
54   12   -370.2   -521.7   3581.3
54   13   -261.4   135.2   3560.8
54   14   -271.0   -219.0   3574.0
54   15   -300.1   -526.1   3598.4
54   16   -766.5   299.9   3331.2
54   17   -225.9   430.4   3438.5
54   18   -328.9   628.5   3468.3
55   0   -335.9   723.6   3467.6
55   1   -331.8   565.8   3487.1
55   2   -458.8   546.1   3472.6
55   3   -601.3   399.0   3400.1
55   4   -799.1   280.4   3317.6
55   5   -201.8   547.3   3499.2
55   6   -37.4   406.2   3516.3
55   7   -260.7   426.7   3418.2
55   8   -340.9   371.2   3545.4
55   9   -343.1   205.6   3556.7
55   10   -424.9   136.3   3544.5
55   11   -423.6   -218.7   3555.2
55   12   -370.0   -523.5   3582.5
55   13   -261.3   135.1   3560.7
55   14   -271.4   -219.7   3573.8
55   15   -300.2   -528.1   3597.1
55   16   -766.2   300.2   3331.4
55   17   -223.5   423.3   3434.6
55   18   -328.9   628.5   3468.3
56   0   -335.9   723.6   3468.3
56   1   -331.8   565.7   3487.0
56   2   -459.1   545.9   3472.6
56   3   -601.7   398.7   3399.9
56   4   -798.7   281.1   3317.8
56   5   -201.6   547.0   3499.3
56   6   -37.2   405.7   3516.4
56   7   -258.8   409.7   3416.0
56   8   -340.9   370.6   3545.2
56   9   -343.1   203.8   3556.8
56   10   -425.0   136.3   3544.5
56   11   -410.6   -218.6   3561.6
56   12   -369.7   -525.9   3587.0
56   13   -261.2   135.1   3560.7
56   14   -271.7   -220.3   3573.9
56   15   -300.3   -529.3   3597.7
56   16   -765.9   300.7   3331.5
56   17   -221.9   409.0   3432.7
56   18   -328.9   628.5   3468.3
57   0   -335.9   723.7   3469.0
57   1   -331.8   565.7   3486.9
57   2   -459.3   545.7   3472.6
57   3   -602.0   398.4   3399.7
57   4   -798.6   281.9   3317.8
57   5   -201.3   546.8   3499.3
57   6   -37.1   405.1   3516.4
57   7   -254.4   376.0   3416.1
57   8   -340.9   370.1   3545.0
57   9   -343.1   202.4   3556.9
57   10   -425.1   136.2   3544.4
57   11   -403.8   -218.7   3565.6
57   12   -369.9   -527.3   3590.5
57   13   -261.2   135.1   3560.5
57   14   -272.2   -220.9   3574.0
57   15   -300.6   -530.1   3600.0
57   16   -765.8   301.3   3331.5
57   17   -218.1   380.9   3432.8
57   18   -328.9   628.5   3468.3
58   0   -335.9   723.8   3469.4
58   1   -331.8   565.6   3486.9
58   2   -459.5   545.5   3472.7
58   3   -602.3   398.1   3399.6
58   4   -798.7   283.1   3317.7
58   5   -201.3   546.5   3499.5
58   6   -36.9   404.6   3516.5
58   7   -31.0   332.9   3416.4
58   8   -340.9   369.7   3544.9
58   9   -343.1   201.3   3556.9
58   10   -425.1   136.2   3544.3
58   11   -413.4   -219.7   3561.1
58   12   -370.7   -526.9   3591.4
58   13   -261.1   135.0   3560.4
58   14   -272.3   -221.3   3574.1
58   15   -300.7   -530.6   3602.2
58   16   -766.0   302.3   3331.4
58   17   -32.0   344.9   3433.0
58   18   -328.9   628.5   3468.3
59   0   -335.9   723.9   3469.7
59   1   -331.8   565.6   3486.9
59   2   -459.6   545.2   3472.7
59   3   -602.6   397.9   3399.5
59   4   -798.7   285.0   3317.7
59   5   -201.1   546.3   3499.5
59   6   -36.9   404.1   3516.5
59   7   97.5   315.2   3436.2
59   8   -340.9   369.4   3544.8
59   9   -343.1   200.5   3557.0
59   10   -425.2   136.2   3544.3
59   11   -419.1   -220.4   3558.7
59   12   -371.1   -526.9   3590.8
59   13   -261.0   135.0   3560.3
59   14   -272.4   -221.6   3574.0
59   15   -300.8   -531.0   3603.0
59   16   -766.0   303.8   3331.3
59   17   75.2   330.0   3449.6
59   18   -328.9   628.5   3468.3
60   0   -335.9   724.0   3470.0
60   1   -331.8   565.5   3486.9
60   2   -459.6   544.9   3472.7
60   3   -602.9   397.7   3399.4
60   4   -798.7   287.5   3317.6
60   5   -201.0   546.2   3499.6
60   6   -36.9   403.6   3516.4
60   7   157.7   309.5   3446.0
60   8   -340.9   369.2   3544.8
60   9   -343.1   200.0   3557.0
60   10   -425.2   136.1   3544.2
60   11   -422.0   -220.8   3557.4
60   12   -371.0   -526.4   3591.2
60   13   -260.9   135.0   3560.1
60   14   -272.4   -221.8   3574.0
60   15   -301.2   -530.6   3605.1
60   16   -766.1   305.9   3331.3
60   17   125.3   325.2   3457.8
60   18   -328.9   628.5   3468.3
61   0   -335.9   724.1   3470.4
61   1   -331.8   565.5   3486.9
61   2   -459.6   544.6   3472.7
61   3   -603.3   397.6   3399.3
61   4   -798.8   290.2   3317.7
61   5   -200.9   546.1   3499.6
61   6   -36.9   403.0   3516.4
61   7   179.7   308.9   3449.6
61   8   -340.9   369.1   3544.7
61   9   -343.1   199.6   3557.0
61   10   -425.3   136.1   3544.2
61   11   -423.4   -220.9   3556.8
61   12   -370.1   -525.3   3592.9
61   13   -260.9   135.0   3560.0
61   14   -272.5   -221.7   3574.0
61   15   -302.1   -529.4   3609.8
61   16   -766.2   308.1   3331.3
61   17   143.6   324.6   3460.8
61   18   -328.9   628.5   3468.3
62   0   -335.8   724.1   3470.7
62   1   -331.8   565.4   3486.9
62   2   -459.6   544.2   3472.7
62   3   -603.7   397.5   3399.2
62   4   -799.1   292.9   3317.7
62   5   -200.8   546.0   3499.7
62   6   -37.1   402.3   3516.3
62   7   183.3   310.3   3449.6
62   8   -340.9   369.1   3544.7
62   9   -343.1   199.4   3557.0
62   10   -425.4   136.1   3544.2
62   11   -423.8   -220.8   3556.6
62   12   -370.7   -521.3   3596.8
62   13   -260.8   135.0   3559.8
62   14   -272.7   -221.5   3574.1
62   15   -302.2   -525.1   3615.5
62   16   -766.5   310.3   3331.3
62   17   146.6   325.6   3460.7
62   18   -328.9   628.5   3468.4
63   0   -335.8   724.2   3470.8
63   1   -331.8   565.3   3487.0
63   2   -459.5   543.9   3472.7
63   3   -604.1   397.4   3399.0
63   4   -799.2   295.1   3317.9
63   5   -200.7   545.9   3499.7
63   6   -37.1   401.8   3516.1
63   7   180.7   311.8   3450.1
63   8   -340.9   369.1   3544.7
63   9   -343.1   199.2   3557.0
63   10   -425.4   136.1   3544.2
63   11   -423.9   -220.6   3556.6
63   12   -374.4   -519.0   3597.5
63   13   -260.7   135.0   3559.6
63   14   -272.8   -221.3   3574.1
63   15   -301.4   -522.6   3614.0
63   16   -766.7   312.1   3331.5
63   17   144.4   326.8   3461.1
63   18   -328.9   628.5   3468.5
64   0   -335.8   724.3   3471.0
64   1   -331.8   565.3   3487.1
64   2   -459.5   543.6   3472.7
64   3   -604.4   397.3   3398.9
64   4   -799.1   296.0   3318.3
64   5   -200.6   545.8   3499.7
64   6   -37.1   401.3   3515.8
64   7   176.9   312.9   3451.0
64   8   -340.9   369.1   3544.7
64   9   -343.1   199.2   3557.0
64   10   -425.5   136.0   3544.2
64   11   -423.8   -220.3   3556.5
64   12   -376.3   -519.4   3596.4
64   13   -260.6   135.0   3559.3
64   14   -272.9   -221.0   3574.1
64   15   -300.9   -522.6   3613.6
64   16   -766.7   312.9   3331.7
64   17   141.2   327.7   3461.8
64   18   -328.9   628.5   3468.6
65   0   -335.8   724.4   3471.1
65   1   -331.8   565.2   3487.2
65   2   -459.5   543.5   3472.7
65   3   -604.8   397.2   3398.7
65   4   -799.1   296.6   3318.6
65   5   -200.5   545.8   3499.8
65   6   -36.9   401.0   3515.7
65   7   174.0   313.6   3452.6
65   8   -340.9   369.2   3544.7
65   9   -343.1   199.2   3557.0
65   10   -425.5   136.0   3544.2
65   11   -423.7   -219.9   3556.5
65   12   -377.7   -518.2   3599.3
65   13   -260.6   135.0   3559.1
65   14   -273.1   -220.6   3574.2
65   15   -301.0   -521.3   3615.6
65   16   -766.7   313.4   3332.0
65   17   138.8   328.2   3463.1
65   18   -328.9   628.5   3468.7
66   0   -335.7   724.5   3471.1
66   1   -331.8   565.1   3487.3
66   2   -459.6   543.4   3472.7
66   3   -605.0   397.1   3398.6
66   4   -799.1   297.0   3318.7
66   5   -200.4   545.7   3499.8
66   6   -36.7   400.8   3515.7
66   7   172.2   314.0   3454.4
66   8   -340.9   369.3   3544.6
66   9   -343.1   199.2   3557.0
66   10   -425.6   136.0   3544.2
66   11   -423.6   -219.4   3556.3
66   12   -379.7   -517.5   3604.3
66   13   -260.5   135.0   3559.0
66   14   -273.4   -220.0   3574.2
66   15   -301.9   -520.5   3619.1
66   16   -766.7   313.7   3332.0
66   17   137.4   328.5   3464.6
66   18   -328.9   628.4   3468.8
67   0   -335.7   724.6   3471.1
67   1   -331.8   565.1   3487.4
67   2   -459.6   543.4   3472.7
67   3   -605.2   397.0   3398.4
67   4   -799.0   297.1   3318.8
67   5   -200.3   545.7   3499.8
67   6   -36.5   400.6   3515.8
67   7   171.2   314.3   3455.3
67   8   -340.9   369.5   3544.6
67   9   -343.1   199.3   3556.9
67   10   -425.7   136.0   3544.2
67   11   -423.6   -218.8   3556.2
67   12   -381.0   -516.6   3610.7
67   13   -260.4   135.0   3559.0
67   14   -273.7   -219.4   3574.3
67   15   -302.9   -518.6   3629.9
67   16   -766.7   313.8   3332.0
67   17   136.6   328.7   3465.4
67   18   -328.9   628.4   3468.9
68   0   -335.7   724.6   3471.1
68   1   -331.8   565.0   3487.5
68   2   -459.7   543.4   3472.7
68   3   -605.4   396.8   3398.4
68   4   -798.9   297.2   3318.8
68   5   -200.2   545.6   3499.8
68   6   -36.3   400.4   3515.8
68   7   170.7   314.5   3455.6
68   8   -340.9   369.6   3544.5
68   9   -343.1   199.4   3556.9
68   10   -425.7   136.0   3544.2
68   11   -423.6   -218.0   3556.3
68   12   -381.4   -517.2   3604.9
68   13   -260.4   135.0   3559.0
68   14   -274.1   -218.6   3574.2
68   15   -301.3   -519.8   3620.7
68   16   -766.7   313.8   3332.0
68   17   136.2   328.8   3465.6
68   18   -328.9   628.4   3469.0
69   0   -335.7   724.7   3471.1
69   1   -331.8   564.9   3487.6
69   2   -459.8   543.4   3472.7
69   3   -605.6   396.7   3398.3
69   4   -799.0   297.2   3318.8
69   5   -200.1   545.6   3499.8
69   6   -36.1   400.2   3515.8
69   7   170.7   314.8   3455.8
69   8   -340.9   369.8   3544.5
69   9   -343.1   199.6   3556.9
69   10   -425.8   136.1   3544.2
69   11   -423.5   -216.9   3556.3
69   12   -379.8   -515.1   3604.4
69   13   -260.3   135.0   3559.0
69   14   -274.4   -217.6   3574.3
69   15   -300.5   -519.2   3612.4
69   16   -766.8   313.8   3332.0
69   17   136.2   329.1   3465.8
69   18   -328.9   628.4   3469.1
70   0   -335.6   724.8   3471.1
70   1   -331.8   564.9   3487.7
70   2   -459.8   543.3   3472.7
70   3   -605.8   396.5   3398.3
70   4   -799.1   297.2   3318.7
70   5   -200.1   545.5   3499.8
70   6   -35.9   400.0   3515.7
70   7   170.9   315.3   3455.8
70   8   -340.8   370.0   3544.4
70   9   -343.1   199.8   3556.9
70   10   -425.9   136.1   3544.1
70   11   -423.5   -216.0   3556.2
70   12   -378.9   -513.6   3608.1
70   13   -260.2   135.0   3559.0
70   14   -274.7   -216.7   3574.2
70   15   -300.5   -518.8   3610.2
70   16   -766.9   313.8   3332.0
70   17   136.5   329.4   3465.8
70   18   -328.9   628.4   3469.2
71   0   -335.6   724.9   3471.1
71   1   -331.8   564.8   3487.8
71   2   -459.9   543.3   3472.7
71   3   -606.0   396.4   3398.2
71   4   -799.3   297.3   3318.6
71   5   -200.0   545.5   3499.9
71   6   -35.7   399.8   3515.5
71   7   171.4   315.7   3455.6
71   8   -340.8   370.3   3544.4
71   9   -343.1   200.0   3556.8
71   10   -426.0   136.2   3544.1
71   11   -423.6   -215.1   3556.2
71   12   -379.0   -512.5   3613.0
71   13   -260.2   135.0   3559.0
71   14   -275.0   -215.8   3574.2
71   15   -300.8   -517.9   3615.8
71   16   -767.1   313.8   3331.9
71   17   136.8   329.8   3465.6
71   18   -328.9   628.4   3469.3
72   0   -335.6   725.0   3471.1
72   1   -331.8   564.7   3487.9
72   2   -459.9   543.3   3472.7
72   3   -606.2   396.3   3398.2
72   4   -799.6   297.3   3318.5
72   5   -200.0   545.5   3499.9
72   6   -35.5   399.6   3515.3
72   7   171.7   315.9   3455.4
72   8   -340.8   370.6   3544.3
72   9   -343.1   200.2   3556.8
72   10   -426.1   136.2   3544.1
72   11   -423.6   -214.4   3556.1
72   12   -379.4   -513.7   3600.7
72   13   -260.2   135.0   3559.0
72   14   -275.5   -215.2   3574.1
72   15   -301.0   -517.1   3617.2
72   16   -767.4   313.8   3331.8
72   17   137.2   329.9   3465.3
72   18   -328.9   628.4   3469.4
73   0   -335.6   725.1   3471.0
73   1   -331.8   564.7   3488.0
73   2   -460.0   543.3   3472.7
73   3   -606.4   396.1   3398.1
73   4   -799.9   297.2   3318.4
73   5   -199.9   545.4   3499.9
73   6   -35.3   399.4   3515.0
73   7   172.1   316.0   3454.9
73   8   -340.8   370.9   3544.2
73   9   -343.1   200.5   3556.7
73   10   -426.1   136.2   3544.1
73   11   -423.7   -214.4   3555.9
73   12   -379.6   -514.5   3600.6
73   13   -260.2   134.9   3559.0
73   14   -275.8   -215.2   3574.0
73   15   -301.2   -517.6   3618.6
73   16   -767.7   313.7   3331.7
73   17   137.6   329.9   3465.0
73   18   -328.9   628.4   3469.5
74   0   -335.6   725.2   3471.0
74   1   -331.8   564.6   3488.1
74   2   -460.0   543.3   3472.7
74   3   -606.6   396.0   3398.0
74   4   -800.3   297.1   3318.4
74   5   -199.9   545.4   3499.9
74   6   -35.1   399.2   3515.0
74   7   172.4   316.0   3454.4
74   8   -340.8   371.2   3544.1
74   9   -343.1   200.9   3556.6
74   10   -426.1   136.2   3544.1
74   11   -423.7   -214.3   3555.9
74   12   -379.8   -514.1   3607.4
74   13   -260.2   134.9   3559.0
74   14   -275.9   -215.1   3574.0
74   15   -301.2   -517.9   3621.4
74   16   -768.0   313.6   3331.7
74   17   137.8   329.9   3464.5
74   18   -328.9   628.4   3469.6
75   0   -335.6   725.3   3471.0
75   1   -331.8   564.5   3488.2
75   2   -460.0   543.4   3472.7
75   3   -606.8   395.9   3397.9
75   4   -800.8   296.9   3318.4
75   5   -199.9   545.4   3499.9
75   6   -35.0   398.9   3515.1
75   7   172.8   316.1   3454.1
75   8   -340.8   371.6   3544.0
75   9   -343.1   201.2   3556.6
75   10   -426.2   136.2   3544.1
75   11   -423.7   -213.9   3555.9
75   12   -379.8   -513.9   3612.1
75   13   -260.2   134.9   3559.0
75   14   -275.9   -214.8   3573.8
75   15   -301.2   -517.5   3626.7
75   16   -768.5   313.4   3331.7
75   17   138.2   329.9   3464.3
75   18   -328.9   628.4   3469.7
76   0   -335.6   725.4   3471.0
76   1   -331.8   564.4   3488.3
76   2   -460.1   543.4   3472.7
76   3   -607.0   395.7   3397.9
76   4   -801.3   296.8   3318.4
76   5   -199.8   545.4   3499.9
76   6   -34.8   398.6   3515.1
76   7   173.3   316.1   3454.0
76   8   -340.8   371.9   3543.9
76   9   -343.1   201.5   3556.5
76   10   -426.2   136.2   3544.1
76   11   -423.7   -213.5   3555.7
76   12   -379.7   -513.6   3615.5
76   13   -260.2   134.8   3559.0
76   14   -275.8   -214.4   3573.4
76   15   -301.2   -517.8   3627.0
76   16   -768.9   313.3   3331.7
76   17   138.6   329.9   3464.1
76   18   -328.9   628.4   3469.8
77   0   -335.7   725.5   3471.0
77   1   -331.8   564.4   3488.4
77   2   -460.1   543.4   3472.7
77   3   -607.1   395.6   3397.7
77   4   -801.9   296.6   3318.4
77   5   -199.8   545.3   3499.9
77   6   -34.7   398.3   3515.0
77   7   173.9   316.2   3453.9
77   8   -340.7   372.2   3543.8
77   9   -343.1   201.8   3556.5
77   10   -426.2   136.1   3544.1
77   11   -423.7   -213.1   3555.4
77   12   -379.5   -514.9   3610.0
77   13   -260.1   134.8   3559.0
77   14   -275.8   -213.9   3573.1
77   15   -301.5   -518.9   3621.8
77   16   -769.4   313.1   3331.6
77   17   139.1   329.9   3464.1
77   18   -328.9   628.4   3469.9
78   0   -335.7   725.6   3470.9
78   1   -331.8   564.3   3488.5
78   2   -460.2   543.5   3472.7
78   3   -607.3   395.5   3397.4
78   4   -802.3   296.3   3318.3
78   5   -199.8   545.3   3499.9
78   6   -34.6   398.0   3515.0
78   7   174.4   316.3   3453.8
78   8   -340.7   372.4   3543.8
78   9   -343.1   202.0   3556.4
78   10   -426.2   135.9   3544.1
78   11   -423.8   -212.8   3555.1
78   12   -379.7   -517.3   3595.6
78   13   -260.0   134.7   3559.0
78   14   -275.8   -213.6   3572.6
78   15   -301.8   -520.1   3615.2
78   16   -769.8   312.8   3331.5
78   17   139.6   329.9   3464.0
78   18   -328.9   628.4   3470.1
79   0   -335.7   725.7   3470.9
79   1   -331.8   564.2   3488.6
79   2   -460.2   543.5   3472.7
79   3   -607.4   395.4   3397.2
79   4   -802.7   296.1   3318.2
79   5   -199.8   545.3   3499.9
79   6   -34.5   397.7   3515.0
79   7   174.9   316.3   3453.7
79   8   -340.7   372.6   3543.7
79   9   -343.1   202.1   3556.3
79   10   -426.3   135.8   3544.1
79   11   -423.9   -212.6   3553.7
79   12   -379.9   -516.6   3599.8
79   13   -260.0   134.7   3559.0
79   14   -275.8   -213.3   3572.4
79   15   -302.1   -519.7   3617.1
79   16   -770.2   312.6   3331.4
79   17   140.0   329.9   3463.9
79   18   -328.9   628.4   3470.2
80   0   -335.7   725.9   3470.8
80   1   -331.9   564.1   3488.8
80   2   -460.2   543.6   3472.7
80   3   -607.6   395.3   3397.0
80   4   -803.1   295.9   3318.1
80   5   -199.7   545.3   3499.9
80   6   -34.5   397.3   3515.0
80   7   175.5   316.7   3453.8
80   8   -340.7   372.7   3543.7
80   9   -343.1   202.1   3556.2
80   10   -426.4   135.7   3544.1
80   11   -423.9   -212.5   3551.9
80   12   -380.1   -516.7   3598.9
80   13   -259.8   134.5   3559.0
80   14   -275.8   -213.1   3572.4
80   15   -301.7   -520.9   3606.9
80   16   -770.5   312.5   3331.2
80   17   140.5   330.1   3464.0
80   18   -328.9   628.4   3470.3
81   0   -335.7   726.0   3470.7
81   1   -331.9   564.0   3488.9
81   2   -460.3   543.6   3472.7
81   3   -607.8   395.2   3396.9
81   4   -803.4   295.8   3317.9
81   5   -199.7   545.3   3499.9
81   6   -34.3   397.1   3515.0
81   7   175.9   316.9   3453.8
81   8   -340.7   372.8   3543.7
81   9   -343.1   202.0   3556.1
81   10   -426.6   135.5   3544.0
81   11   -413.9   -211.8   3558.5
81   12   -380.0   -519.2   3592.8
81   13   -259.6   134.4   3558.9
81   14   -275.8   -213.0   3572.3
81   15   -301.0   -522.1   3601.4
81   16   -770.8   312.3   3331.1
81   17   140.9   330.3   3464.0
81   18   -328.9   628.4   3470.4
82   0   -335.8   726.1   3470.5
82   1   -331.9   563.9   3488.9
82   2   -460.3   543.7   3472.7
82   3   -608.0   395.1   3396.8
82   4   -803.7   295.6   3317.9
82   5   -199.7   545.3   3499.9
82   6   -34.1   396.9   3515.0
82   7   176.3   317.0   3453.7
82   8   -340.7   372.8   3543.7
82   9   -343.1   201.7   3556.0
82   10   -426.9   135.3   3544.0
82   11   -418.5   -212.0   3553.7
82   12   -379.7   -520.2   3585.6
82   13   -259.6   133.9   3558.9
82   14   -275.8   -213.2   3572.4
82   15   -300.8   -523.4   3600.6
82   16   -771.1   312.2   3331.0
82   17   141.3   330.3   3463.9
82   18   -328.9   628.4   3470.5
83   0   -335.8   726.2   3470.4
83   1   -331.9   563.9   3489.0
83   2   -460.4   543.8   3472.7
83   3   -608.2   395.1   3396.6
83   4   -804.0   295.4   3317.6
83   5   -199.7   545.3   3499.9
83   6   -33.9   396.8   3515.0
83   7   176.7   317.1   3453.5
83   8   -340.7   372.9   3543.7
83   9   -343.1   201.4   3555.9
83   10   -427.1   135.1   3544.0
83   11   -421.4   -212.0   3551.2
83   12   -378.7   -520.7   3584.8
83   13   -259.5   133.4   3558.9
83   14   -275.8   -213.3   3572.3
83   15   -301.1   -524.3   3603.1
83   16   -771.4   312.1   3330.7
83   17   141.6   330.4   3463.8
83   18   -328.9   628.4   3470.5
84   0   -335.8   726.3   3470.3
84   1   -331.9   563.8   3489.1
84   2   -460.4   543.9   3472.7
84   3   -608.5   395.1   3396.4
84   4   -804.2   295.4   3317.2
84   5   -199.7   545.3   3499.9
84   6   -33.6   396.7   3514.9
84   7   177.1   317.1   3453.4
84   8   -340.7   372.9   3543.7
84   9   -343.1   201.1   3555.8
84   10   -427.4   135.0   3543.9
84   11   -412.2   -211.4   3557.5
84   12   -377.0   -522.5   3584.8
84   13   -259.5   132.9   3558.9
84   14   -275.8   -213.6   3572.1
84   15   -300.6   -525.3   3605.8
84   16   -771.6   312.0   3330.4
84   17   142.0   330.4   3463.6
84   18   -328.9   628.4   3470.6
85   0   -335.9   726.4   3470.2
85   1   -331.9   563.7   3489.2
85   2   -460.5   543.9   3472.7
85   3   -608.8   395.1   3396.1
85   4   -804.4   295.4   3316.6
85   5   -199.7   545.3   3499.9
85   6   -33.3   396.6   3514.9
85   7   177.5   317.2   3453.2
85   8   -340.7   372.9   3543.7
85   9   -343.1   200.7   3555.6
85   10   -427.7   134.8   3543.9
85   11   -406.8   -211.0   3560.9
85   12   -375.3   -523.7   3584.7
85   13   -259.4   132.4   3558.9
85   14   -275.8   -213.9   3572.1
85   15   -300.5   -526.4   3606.2
85   16   -771.8   312.0   3329.9
85   17   142.4   330.5   3463.4
85   18   -328.9   628.4   3470.7
86   0   -335.9   726.5   3469.9
86   1   -331.9   563.6   3489.2
86   2   -460.5   544.0   3472.7
86   3   -609.1   395.2   3395.9
86   4   -804.7   295.4   3316.0
86   5   -199.7   545.3   3499.8
86   6   -33.0   396.6   3514.9
86   7   177.9   317.4   3452.8
86   8   -340.7   372.9   3543.7
86   9   -343.1   200.2   3555.5
86   10   -427.9   134.6   3543.8
86   11   -415.3   -211.5   3555.4
86   12   -375.6   -523.2   3585.5
86   13   -259.1   132.2   3558.9
86   14   -275.8   -213.9   3572.1
86   15   -300.8   -526.7   3607.1
86   16   -772.1   312.0   3329.3
86   17   142.8   330.6   3463.2
86   18   -328.9   628.4   3470.7
87   0   -335.9   726.6   3469.5
87   1   -331.9   563.5   3489.2
87   2   -460.6   544.1   3472.7
87   3   -609.4   395.3   3395.6
87   4   -804.8   295.4   3314.8
87   5   -199.7   545.3   3499.8
87   6   -32.6   396.6   3514.9
87   7   178.3   317.5   3452.3
87   8   -340.7   372.9   3543.7
87   9   -343.1   199.8   3555.4
87   10   -428.2   134.5   3543.8
87   11   -420.2   -211.7   3552.1
87   12   -376.8   -522.6   3588.3
87   13   -258.9   132.0   3558.9
87   14   -275.8   -213.8   3571.9
87   15   -302.1   -526.4   3610.7
87   16   -772.2   312.1   3328.3
87   17   143.2   330.7   3462.7
87   18   -328.9   628.4   3470.7
88   0   -336.0   726.7   3469.1
88   1   -331.9   563.4   3489.3
88   2   -460.6   544.2   3472.7
88   3   -609.9   395.6   3395.2
88   4   -804.9   295.5   3313.6
88   5   -199.7   545.3   3499.8
88   6   -32.2   396.7   3514.9
88   7   178.7   317.8   3451.7
88   8   -340.7   372.8   3543.6
88   9   -343.1   199.3   3555.3
88   10   -428.4   134.3   3543.7
88   11   -422.7   -211.8   3550.5
88   12   -376.5   -522.1   3589.7
88   13   -258.6   131.9   3558.9
88   14   -275.7   -213.7   3571.8
88   15   -301.7   -526.4   3610.8
88   16   -772.4   312.2   3327.2
88   17   143.6   330.9   3462.2
88   18   -328.9   628.4   3470.7
89   0   -336.2   726.8   3468.6
89   1   -331.9   563.3   3489.3
89   2   -460.7   544.3   3472.7
89   3   -610.4   396.0   3394.7
89   4   -804.7   295.7   3311.6
89   5   -199.7   545.3   3499.8
89   6   -31.7   396.8   3514.8
89   7   179.2   318.1   3451.1
89   8   -340.7   372.8   3543.6
89   9   -343.1   198.8   3555.1
89   10   -428.6   134.0   3543.7
89   11   -423.8   -211.8   3549.9
89   12   -374.3   -521.9   3590.1
89   13   -258.4   131.8   3558.9
89   14   -275.7   -213.5   3571.7
89   15   -301.9   -526.4   3611.5
89   16   -772.3   312.4   3325.4
89   17   144.0   331.2   3461.7
89   18   -328.9   628.4   3470.7
90   0   -336.4   726.9   3468.2
90   1   -331.9   563.3   3489.3
90   2   -460.7   544.4   3472.7
90   3   -611.0   396.5   3394.3
90   4   -804.3   296.0   3308.7
90   5   -199.7   545.3   3499.7
90   6   -31.1   397.0   3514.7
90   7   179.8   318.4   3450.6
90   8   -340.7   372.8   3543.6
90   9   -343.1   198.4   3555.0
90   10   -428.7   133.6   3543.6
90   11   -424.1   -211.9   3549.7
90   12   -369.8   -521.8   3590.0
90   13   -258.2   131.4   3558.9
90   14   -275.6   -213.5   3571.7
90   15   -301.5   -527.2   3610.9
90   16   -772.1   312.8   3323.0
90   17   144.6   331.5   3461.3
90   18   -328.9   628.4   3470.7
