7.3 320.0 2400.1 -176.2 -220.4 2342.0 205.6 -209.3 2355.5 12.6 -224.1 2423.3 
4.5 320.6 2390.5 -178.5 -221.6 2339.8 192.0 -206.7 2344.1 10.1 -223.8 2412.9 
1.2 321.3 2379.2 -183.2 -223.5 2336.3 185.5 -209.3 2335.0 7.5 -223.6 2401.1 
-2.5 321.7 2365.8 -190.1 -226.3 2329.6 182.3 -210.4 2322.4 4.3 -222.9 2388.3 
-5.4 321.6 2349.4 -187.6 -226.6 2319.5 182.4 -207.0 2301.8 0.9 -221.7 2374.5 
-7.4 321.8 2334.3 -188.9 -228.4 2307.9 180.3 -204.8 2282.8 -2.0 -220.2 2361.2 
-8.5 322.2 2319.8 -188.2 -230.1 2299.2 176.5 -202.9 2265.1 -4.4 -219.0 2347.2 
-9.0 322.7 2303.4 -187.8 -230.4 2287.4 173.6 -201.4 2244.3 -6.1 -217.9 2331.8 
-9.2 323.1 2283.7 -189.9 -226.8 2269.0 170.7 -199.5 2219.7 -7.5 -217.0 2313.1 
-9.2 323.5 2263.7 -189.7 -226.2 2255.4 165.4 -195.3 2194.7 -9.1 -216.6 2291.5 
