69   0   26.1   485.0   3594.3
69   1   27.0   311.4   3590.5
69   2   -124.5   298.5   3579.4
69   3   -128.6   93.2   3459.1
69   4   68.1   259.7   3419.3
69   5   173.6   294.9   3609.5
69   6   175.9   78.3   3511.0
69   7   175.9   -227.8   3511.0
69   8   26.1   100.5   3627.1
69   9   24.5   -65.6   3636.8
69   10   -76.9   -159.8   3672.2
69   11   -53.9   -514.1   3651.5
69   12   12.9   -832.1   3731.0
69   13   123.4   -160.0   3675.8
69   14   92.6   -511.9   3634.7
69   15   15.9   -814.2   3755.9
69   16   35.3   232.0   3425.9
69   17   175.9   -139.0   3511.0
69   18   27.2   382.0   3578.2
70   0   25.9   487.2   3593.2
70   1   26.7   314.0   3591.0
70   2   -123.7   299.5   3577.5
70   3   -130.2   92.1   3461.5
70   4   63.0   260.8   3417.0
70   5   173.6   297.6   3606.2
70   6   178.2   79.1   3513.0
70   7   189.7   -222.9   3522.8
70   8   26.4   103.5   3630.8
70   9   24.3   -62.8   3641.5
70   10   -75.7   -157.3   3673.3
70   11   -61.0   -510.8   3646.4
70   12   10.1   -829.9   3720.5
70   13   122.1   -157.3   3677.0
70   14   92.8   -509.7   3640.5
70   15   17.9   -817.2   3745.0
70   16   30.8   232.6   3424.4
70   17   189.7   -134.0   3522.8
70   18   26.9   384.4   3577.7
71   0   25.7   494.3   3590.9
71   1   26.5   321.8   3593.3
71   2   -122.2   304.4   3575.2
71   3   -135.2   92.6   3469.4
71   4   50.6   265.7   3414.7
71   5   172.9   305.1   3602.3
71   6   183.3   83.8   3517.1
71   7   193.2   -213.1   3525.1
71   8   27.5   113.3   3641.2
71   9   24.0   -53.6   3653.6
71   10   -71.9   -148.5   3672.8
71   11   -71.5   -499.9   3630.7
71   12   2.0   -821.1   3698.4
71   13   117.3   -149.3   3677.7
71   14   93.7   -502.7   3654.3
71   15   22.4   -818.6   3714.3
71   16   19.6   236.8   3423.9
71   17   193.2   -124.2   3525.1
71   18   26.2   391.5   3577.2
72   0   25.7   503.0   3588.8
72   1   26.4   331.1   3596.0
72   2   -119.5   309.7   3574.8
72   3   -140.0   93.6   3479.1
72   4   38.5   270.8   3413.3
72   5   171.7   313.6   3598.2
72   6   188.1   90.0   3519.8
72   7   192.6   -209.9   3522.0
72   8   28.7   124.4   3651.9
72   9   23.6   -43.5   3666.3
72   10   -66.8   -141.5   3673.1
72   11   -75.4   -491.6   3618.6
72   12   -5.7   -817.3   3682.6
72   13   111.7   -142.0   3678.8
72   14   94.4   -496.5   3665.1
72   15   29.2   -822.6   3678.6
72   16   8.8   241.2   3424.3
72   17   192.6   -121.1   3522.0
72   18   25.7   400.2   3577.3
73   0   25.8   508.5   3587.8
73   1   26.5   336.6   3597.8
73   2   -117.3   313.2   3574.7
73   3   -142.4   95.0   3484.0
73   4   32.1   274.2   3411.6
73   5   170.5   318.4   3595.5
73   6   189.9   94.8   3516.7
73   7   190.3   -208.3   3513.1
73   8   29.4   129.5   3657.0
73   9   23.3   -39.5   3672.8
73   10   -64.1   -141.2   3674.1
73   11   -72.2   -491.7   3617.5
73   12   -9.6   -821.7   3678.9
73   13   109.4   -140.5   3679.6
73   14   90.5   -488.8   3625.5
73   15   37.0   -817.2   3672.8
73   16   3.0   244.4   3423.7
73   17   190.3   -119.5   3513.1
73   18   25.5   405.4   3578.1
74   0   26.0   510.6   3587.7
74   1   26.6   338.3   3598.2
74   2   -116.1   314.8   3574.9
74   3   -142.7   96.1   3484.9
74   4   27.2   278.9   3409.7
74   5   169.7   319.8   3594.0
74   6   189.6   97.0   3513.0
74   7   188.6   -208.5   3509.9
74   8   29.6   128.4   3657.2
74   9   23.3   -41.5   3673.3
74   10   -62.3   -150.0   3676.3
74   11   -68.9   -501.0   3620.1
74   12   -8.4   -832.5   3682.0
74   13   109.4   -146.5   3680.6
74   14   87.1   -491.8   3605.5
74   15   40.8   -820.8   3676.2
74   16   -1.1   248.4   3422.2
74   17   188.6   -119.7   3509.9
74   18   25.6   407.3   3578.8
75   0   26.1   510.7   3588.0
75   1   26.6   338.1   3598.2
75   2   -115.6   315.3   3575.1
75   3   -141.9   97.1   3483.6
75   4   24.0   283.4   3407.8
75   5   169.0   319.6   3593.3
75   6   189.1   97.7   3509.7
75   7   188.2   -208.7   3507.5
75   8   29.5   126.8   3655.1
75   9   23.3   -43.7   3671.1
75   10   -66.2   -154.8   3679.2
75   11   -65.7   -504.7   3616.1
75   12   -6.5   -836.6   3686.4
75   13   111.5   -152.9   3682.0
75   14   91.3   -502.9   3639.4
75   15   36.4   -838.0   3678.5
75   16   -3.6   252.4   3420.4
75   17   188.2   -119.9   3507.5
75   18   25.7   407.3   3579.5
76   0   26.2   509.8   3589.9
76   1   26.6   337.0   3598.2
76   2   -115.4   315.2   3575.3
76   3   -140.7   97.7   3482.1
76   4   23.4   285.8   3406.7
76   5   168.4   318.5   3593.3
76   6   188.2   97.0   3508.8
76   7   -42.8   69.6   3389.3
76   8   29.3   125.5   3653.0
76   9   23.4   -45.6   3667.8
76   10   -71.4   -154.0   3679.5
76   11   -62.2   -502.9   3612.3
76   12   -3.3   -836.6   3688.5
76   13   114.0   -155.4   3682.8
76   14   86.2   -501.4   3616.0
76   15   36.9   -832.4   3695.4
76   16   -3.9   254.4   3419.2
76   17   -4.4   74.0   3409.3
76   18   25.7   406.3   3580.2
77   0   26.2   508.5   3592.6
77   1   26.6   335.6   3598.4
77   2   -115.3   314.8   3575.5
77   3   -138.8   98.5   3479.3
77   4   24.1   288.3   3405.9
77   5   167.8   316.9   3593.6
77   6   173.0   89.5   3580.3
77   7   -28.2   78.9   3393.1
77   8   29.2   122.2   3652.2
77   9   23.2   -49.3   3665.5
77   10   -75.4   -149.4   3678.4
77   11   -64.0   -501.6   3640.8
77   12   1.9   -838.0   3681.6
77   13   115.5   -154.3   3683.3
77   14   91.1   -504.7   3646.2
77   15   31.9   -839.7   3699.5
77   16   -3.1   256.7   3418.2
77   17   6.9   81.3   3416.0
77   18   25.8   405.1   3580.9
78   0   26.2   505.6   3596.2
78   1   26.6   334.1   3598.8
78   2   -115.5   314.5   3575.8
78   3   -137.8   99.0   3477.7
78   4   23.2   290.8   3405.8
78   5   167.2   315.2   3593.8
78   6   176.2   86.8   3558.5
78   7   -18.5   120.1   3389.1
78   8   29.1   118.6   3652.3
78   9   23.1   -53.3   3664.3
78   10   -71.8   -155.0   3678.5
78   11   -68.9   -508.3   3646.8
78   12   15.1   -843.7   3682.7
78   13   114.9   -154.5   3683.5
78   14   90.1   -501.9   3623.3
78   15   32.7   -836.9   3694.3
78   16   -3.6   258.8   3417.8
78   17   14.9   115.2   3412.7
78   18   25.8   403.6   3581.5
79   0   25.9   501.4   3600.1
79   1   26.6   331.6   3599.3
79   2   -116.2   313.9   3576.0
79   3   -137.5   98.9   3477.0
79   4   22.9   291.4   3406.1
79   5   166.9   312.9   3593.8
79   6   186.4   89.1   3531.7
79   7   -5.5   179.9   3395.8
79   8   29.0   114.4   3652.9
79   9   22.9   -57.7   3664.0
79   10   -71.8   -154.1   3678.9
79   11   -67.9   -508.5   3666.1
79   12   24.7   -842.6   3679.2
79   13   114.2   -154.1   3683.6
79   14   94.0   -505.4   3653.6
79   15   30.6   -842.8   3674.9
79   16   -3.8   259.3   3417.9
79   17   26.9   165.1   3416.5
79   18   25.8   401.1   3582.1
80   0   25.4   497.8   3603.0
80   1   26.6   329.5   3599.9
80   2   -117.0   313.9   3576.3
80   3   -137.2   98.9   3477.1
80   4   23.0   291.3   3405.8
80   5   167.1   311.9   3593.9
80   6   189.4   89.7   3518.7
80   7   5.2   222.9   3402.4
80   8   28.9   110.9   3653.7
80   9   22.6   -63.1   3664.2
80   10   -72.7   -150.5   3679.2
80   11   -65.2   -505.4   3674.9
80   12   25.1   -839.0   3677.4
80   13   113.3   -153.2   3683.7
80   14   95.6   -506.6   3672.0
80   15   29.3   -843.9   3667.0
80   16   -3.7   259.3   3417.7
80   17   36.0   200.9   3420.9
80   18   25.8   399.0   3582.8
81   0   24.8   494.9   3604.8
81   1   26.5   327.6   3600.5
81   2   -117.6   314.0   3576.6
81   3   -137.1   99.1   3477.4
81   4   23.3   291.0   3405.5
81   5   167.5   311.5   3593.9
81   6   189.5   88.1   3517.9
81   7   10.8   241.4   3408.0
81   8   28.8   108.0   3654.4
81   9   22.3   -68.6   3664.6
81   10   -71.7   -150.3   3679.1
81   11   -63.8   -505.2   3678.7
81   12   25.7   -837.0   3676.1
81   13   112.3   -152.6   3683.9
81   14   96.2   -506.8   3680.2
81   15   28.4   -842.7   3663.7
81   16   -3.4   259.0   3417.5
81   17   40.6   215.9   3426.1
81   18   25.8   397.1   3583.4
82   0   24.2   492.9   3605.8
82   1   26.5   326.2   3601.1
82   2   -117.9   314.2   3576.9
82   3   -137.1   99.4   3477.6
82   4   23.4   290.9   3405.4
82   5   167.8   311.6   3594.0
82   6   189.6   87.5   3518.1
82   7   12.3   246.8   3410.6
82   8   28.6   105.7   3655.0
82   9   22.0   -73.3   3665.0
82   10   -70.6   -150.7   3679.0
82   11   -62.9   -505.5   3680.1
82   12   24.5   -835.8   3675.8
82   13   111.5   -152.1   3684.2
82   14   96.5   -506.7   3683.0
82   15   28.9   -841.0   3662.9
82   16   -3.3   259.0   3417.5
82   17   41.9   220.3   3428.5
82   18   25.8   395.7   3584.2
83   0   23.8   491.4   3606.2
83   1   26.4   325.1   3601.7
83   2   -117.9   314.1   3577.0
83   3   -137.1   99.5   3477.7
83   4   23.3   290.9   3405.6
83   5   167.9   311.6   3594.0
83   6   189.9   87.3   3518.7
83   7   10.6   245.1   3412.1
83   8   28.4   104.0   3655.5
83   9   21.8   -77.1   3665.5
83   10   -69.2   -152.0   3678.8
83   11   -60.9   -506.6   3676.3
83   12   22.0   -837.4   3677.1
83   13   110.8   -152.0   3684.8
83   14   96.6   -506.5   3684.1
83   15   29.7   -840.5   3662.7
83   16   -3.4   259.0   3417.6
83   17   40.4   218.8   3430.0
83   18   25.8   394.6   3584.9
84   0   23.5   490.6   3606.3
84   1   26.4   324.4   3602.4
84   2   -117.5   314.0   3577.0
84   3   -137.2   99.5   3477.8
84   4   23.0   291.0   3405.8
84   5   167.8   311.8   3594.1
84   6   190.4   87.6   3519.2
84   7   9.2   242.8   3413.3
84   8   28.2   102.8   3655.9
84   9   21.7   -78.1   3666.0
84   10   -69.4   -151.1   3678.9
84   11   -61.7   -504.3   3656.1
84   12   18.6   -832.9   3681.8
84   13   110.3   -151.8   3685.5
84   14   96.7   -506.1   3684.5
84   15   31.3   -839.3   3662.7
84   16   -3.7   259.1   3417.8
84   17   39.4   216.9   3431.0
84   18   25.8   393.9   3585.6
85   0   23.4   490.1   3606.3
85   1   26.3   324.1   3603.0
85   2   -117.1   314.0   3577.1
85   3   -137.3   99.6   3477.9
85   4   22.7   291.1   3405.9
85   5   167.6   312.0   3594.3
85   6   191.1   88.1   3519.5
85   7   8.2   241.1   3414.7
85   8   27.9   102.2   3656.3
85   9   21.6   -77.6   3666.5
85   10   -69.6   -150.6   3679.4
85   11   -68.2   -503.6   3652.3
85   12   16.3   -830.1   3682.4
85   13   109.9   -151.6   3686.5
85   14   95.9   -505.6   3683.2
85   15   33.5   -838.4   3663.2
85   16   -4.0   259.2   3417.9
85   17   38.7   215.6   3432.2
85   18   25.8   393.6   3586.3
86   0   23.4   489.9   3606.3
86   1   26.1   324.0   3603.6
86   2   -116.7   314.2   3577.1
86   3   -137.3   99.9   3478.2
86   4   22.4   291.4   3406.1
86   5   167.3   312.2   3594.6
86   6   191.2   88.6   3519.6
86   7   7.8   240.5   3415.5
86   8   27.2   101.9   3656.6
86   9   21.4   -76.5   3667.0
86   10   -69.6   -150.5   3680.0
86   11   -65.7   -504.0   3666.2
86   12   10.7   -832.1   3678.3
86   13   109.5   -151.4   3687.7
86   14   95.7   -505.2   3682.4
86   15   35.5   -837.2   3663.6
86   16   -4.2   259.5   3418.1
86   17   38.3   215.2   3432.9
86   18   25.8   393.4   3587.0
87   0   23.4   489.8   3606.2
87   1   25.9   324.0   3604.2
87   2   -116.4   314.5   3577.2
87   3   -137.4   100.1   3478.8
87   4   22.0   291.4   3406.1
87   5   167.0   312.4   3594.9
87   6   191.2   89.2   3519.5
87   7   7.6   240.8   3416.0
87   8   26.3   101.9   3656.9
87   9   21.1   -75.2   3667.4
87   10   -69.8   -150.6   3680.4
87   11   -64.8   -504.1   3674.5
87   12   6.4   -832.8   3675.9
87   13   109.1   -151.3   3689.0
87   14   95.7   -504.9   3681.8
87   15   36.7   -836.0   3663.9
87   16   -4.5   259.6   3418.2
87   17   38.2   215.5   3433.3
87   18   25.8   393.4   3587.7
88   0   23.4   489.7   3606.2
88   1   25.7   324.0   3604.8
88   2   -116.0   314.8   3577.3
88   3   -137.4   100.1   3480.0
88   4   21.6   291.1   3406.1
88   5   166.7   312.6   3595.3
88   6   191.0   89.8   3519.3
88   7   7.1   240.8   3416.1
88   8   25.2   101.9   3657.0
88   9   20.9   -74.0   3667.9
88   10   -69.9   -151.0   3680.7
88   11   -71.1   -503.8   3662.2
88   12   6.4   -831.2   3678.7
88   13   108.7   -151.4   3690.4
88   14   95.9   -504.8   3682.3
88   15   36.7   -836.6   3663.8
88   16   -4.9   259.3   3418.4
88   17   37.8   215.7   3433.4
88   18   25.8   393.4   3588.5
89   0   23.4   489.6   3606.2
89   1   25.4   324.1   3605.3
89   2   -115.8   315.1   3577.4
89   3   -137.5   99.8   3482.0
89   4   21.0   290.3   3406.1
89   5   166.4   312.8   3595.6
89   6   190.8   90.3   3519.0
89   7   6.0   239.7   3415.6
89   8   24.1   102.0   3657.1
89   9   20.6   -73.0   3668.5
89   10   -69.6   -152.2   3681.0
89   11   -75.0   -501.8   3635.7
89   12   7.8   -826.3   3684.2
89   13   107.9   -152.4   3692.0
89   14   96.1   -505.5   3683.5
89   15   36.2   -839.6   3663.3
89   16   -5.5   258.5   3418.8
89   17   36.8   214.8   3432.9
89   18   25.8   393.5   3589.1
90   0   23.4   489.6   3606.1
90   1   25.1   324.2   3605.9
90   2   -115.6   315.5   3577.5
90   3   -137.6   99.1   3484.9
90   4   20.1   288.9   3406.3
90   5   166.1   313.0   3595.9
90   6   191.3   90.9   3518.9
90   7   4.0   236.1   3414.6
90   8   23.1   102.1   3657.2
90   9   20.3   -72.1   3669.0
90   10   -69.4   -153.5   3681.4
90   11   -78.2   -502.0   3627.0
90   12   12.6   -825.9   3686.7
90   13   107.3   -153.0   3693.4
90   14   95.7   -506.0   3684.6
90   15   35.6   -842.2   3662.9
90   16   -6.2   257.3   3419.4
90   17   35.2   211.9   3432.0
90   18   25.8   393.5   3589.8
91   0   23.4   489.5   3606.1
91   1   24.9   324.2   3606.4
91   2   -115.4   315.9   3577.6
91   3   -137.7   98.4   3488.0
91   4   19.2   287.3   3406.4
91   5   165.9   313.1   3596.3
91   6   192.2   91.5   3518.7
91   7   2.8   233.4   3414.1
91   8   22.0   102.2   3657.3
91   9   20.0   -71.4   3669.7
91   10   -68.6   -155.6   3681.8
91   11   -81.8   -503.8   3625.2
91   12   17.6   -827.5   3687.9
91   13   106.2   -154.7   3694.9
91   14   95.1   -507.5   3686.4
91   15   34.6   -845.8   3662.1
91   16   -7.0   255.9   3420.0
91   17   34.3   209.8   3431.5
91   18   25.8   393.6   3590.5
