2   0   16.8   482.9   3616.2
2   1   16.6   311.3   3606.7
2   2   -129.1   297.3   3613.3
2   3   -130.6   138.5   3473.7
2   4   37.9   314.3   3418.1
2   5   164.0   295.5   3617.9
2   6   183.5   148.1   3467.6
2   7   5.8   301.9   3383.0
2   8   11.7   108.3   3635.6
2   9   9.9   -58.5   3641.1
2   10   -88.2   -168.6   3671.7
2   11   -61.5   -507.9   3655.4
2   12   -0.9   -840.5   3710.0
2   13   107.6   -164.9   3673.6
2   14   67.8   -501.6   3640.6
2   15   18.3   -826.8   3735.8
2   16   9.8   285.0   3427.4
2   17   35.4   276.3   3397.1
2   18   18.2   379.3   3597.1
3   0   16.1   485.3   3617.2
3   1   16.2   313.9   3608.0
3   2   -129.1   298.9   3609.7
3   3   -131.6   135.9   3474.9
3   4   33.1   312.6   3413.6
3   5   162.9   297.5   3614.2
3   6   185.9   146.4   3467.9
3   7   8.9   300.5   3382.3
3   8   12.0   110.4   3637.6
3   9   10.7   -56.3   3645.6
3   10   -85.3   -166.3   3673.9
3   11   -67.2   -505.0   3652.1
3   12   -1.2   -835.3   3708.4
3   13   106.2   -163.4   3676.2
3   14   70.7   -500.8   3646.6
3   15   20.6   -827.4   3726.4
3   16   5.7   283.2   3423.8
3   17   38.4   274.8   3396.6
3   18   17.6   381.9   3598.1
4   0   14.7   492.6   3620.0
4   1   15.6   322.1   3611.5
4   2   -127.4   303.0   3606.6
4   3   -134.2   134.0   3478.9
4   4   24.8   311.1   3406.4
4   5   160.1   304.1   3608.2
4   6   189.4   146.7   3469.5
4   7   14.7   298.9   3376.8
4   8   14.0   117.3   3644.1
4   9   13.3   -48.7   3658.2
4   10   -77.2   -158.8   3677.6
4   11   -65.8   -498.2   3662.4
4   12   6.5   -826.1   3697.6
4   13   102.1   -158.3   3679.5
4   14   76.1   -496.8   3656.6
4   15   27.4   -823.6   3691.6
4   16   -1.6   281.5   3418.5
4   17   43.8   273.5   3392.3
4   18   16.2   389.9   3600.8
5   0   13.5   500.7   3622.4
5   1   15.1   332.2   3615.5
5   2   -124.6   308.2   3600.7
5   3   -136.7   130.5   3482.1
5   4   16.0   309.6   3400.6
5   5   155.8   311.0   3602.6
5   6   192.9   146.8   3470.4
5   7   19.7   297.9   3372.9
5   8   16.5   125.3   3652.4
5   9   16.3   -40.0   3672.4
5   10   -69.3   -150.8   3681.0
5   11   -63.0   -490.9   3673.6
5   12   21.2   -813.6   3689.0
5   13   97.8   -153.8   3683.4
5   14   81.3   -493.3   3667.7
5   15   32.3   -820.2   3669.1
5   16   -9.4   279.7   3414.2
5   17   48.6   272.7   3389.2
5   18   14.7   399.8   3603.5
6   0   13.1   505.1   3621.0
6   1   14.8   338.5   3617.6
6   2   -122.4   312.1   3593.5
6   3   -138.5   126.3   3482.9
6   4   9.6   307.8   3397.1
6   5   152.8   315.5   3599.7
6   6   195.7   144.5   3473.4
6   7   24.4   295.7   3372.6
6   8   18.0   131.1   3657.2
6   9   18.1   -34.0   3679.5
6   10   -66.3   -147.8   3681.7
6   11   -79.1   -486.0   3654.6
6   12   34.1   -795.6   3692.1
6   13   97.1   -153.2   3686.5
6   14   84.8   -493.4   3677.2
6   15   35.1   -821.9   3662.1
6   16   -15.1   277.6   3411.4
6   17   52.9   270.5   3389.4
6   18   13.8   405.9   3604.8
7   0   13.4   505.4   3616.8
7   1   14.7   340.3   3617.4
7   2   -121.0   313.9   3586.8
7   3   -139.7   122.3   3481.4
7   4   5.9   306.1   3395.7
7   5   151.6   317.6   3598.8
7   6   197.3   140.9   3477.0
7   7   28.3   295.0   3376.9
7   8   18.6   133.5   3658.3
7   9   18.9   -31.6   3680.0
7   10   -67.4   -148.5   3681.1
7   11   -75.2   -487.9   3668.3
7   12   40.1   -797.4   3697.2
7   13   99.7   -154.8   3688.8
7   14   86.0   -495.2   3681.6
7   15   33.3   -823.1   3669.7
7   16   -18.3   275.5   3410.0
7   17   56.4   269.3   3393.6
7   18   13.5   407.7   3604.2
8   0   13.9   502.9   3612.3
8   1   15.2   338.7   3616.2
8   2   -121.0   314.3   3586.2
8   3   -140.8   120.8   3480.3
8   4   4.3   305.1   3394.5
8   5   152.4   317.9   3600.0
8   6   197.8   140.4   3475.7
8   7   27.8   297.6   3382.4
8   8   18.7   132.9   3657.6
8   9   19.1   -32.6   3676.3
8   10   -69.7   -149.5   3679.4
8   11   -68.8   -489.5   3678.9
8   12   38.8   -800.8   3701.3
8   13   102.6   -155.8   3689.6
8   14   87.4   -496.1   3683.3
8   15   31.2   -822.0   3670.3
8   16   -19.9   274.4   3408.8
8   17   56.1   271.4   3397.9
8   18   14.1   406.0   3602.6
9   0   15.3   498.4   3609.9
9   1   17.1   335.0   3614.4
9   2   -120.8   315.1   3589.0
9   3   -144.9   122.1   3480.3
9   4   2.7   303.1   3391.8
9   5   155.3   316.5   3601.1
9   6   204.3   142.3   3471.1
9   7   28.2   297.7   3386.7
9   8   18.8   130.2   3656.7
9   9   19.2   -35.6   3671.5
9   10   -72.2   -149.0   3677.6
9   11   -80.0   -487.8   3655.3
9   12   32.7   -789.4   3712.3
9   13   104.4   -155.7   3689.6
9   14   88.1   -496.0   3683.6
9   15   29.4   -819.7   3670.1
9   16   -21.9   273.0   3406.6
9   17   57.5   271.8   3400.8
9   18   16.5   402.2   3600.5
10   0   17.4   494.3   3608.7
10   1   19.7   331.5   3612.6
10   2   -119.6   316.6   3593.1
10   3   -167.3   128.7   3483.9
10   4   -5.0   292.2   3389.8
10   5   158.6   314.8   3601.5
10   6   224.9   163.2   3454.3
10   7   27.1   299.4   3394.7
10   8   18.9   127.9   3656.3
10   9   19.1   -38.1   3667.6
10   10   -74.5   -146.6   3676.0
10   11   -100.9   -480.7   3625.2
10   12   23.9   -765.6   3723.1
10   13   105.5   -154.4   3689.2
10   14   88.4   -494.7   3683.2
10   15   27.6   -817.8   3669.1
10   16   -32.0   265.0   3405.5
10   17   60.1   276.7   3404.7
10   18   19.9   398.6   3598.2
11   0   19.5   491.1   3608.3
11   1   22.0   329.1   3611.5
11   2   -117.4   317.5   3596.8
11   3   -199.3   136.2   3498.8
11   4   -34.7   243.0   3359.3
11   5   161.1   313.6   3602.2
11   6   264.8   213.6   3440.6
11   7   45.4   318.0   3396.8
11   8   19.0   124.4   3656.7
11   9   19.0   -41.8   3665.2
11   10   -77.3   -141.2   3673.7
11   11   -86.5   -478.4   3652.1
11   12   13.5   -778.6   3720.6
11   13   107.0   -151.2   3688.3
11   14   88.8   -491.4   3682.9
11   15   26.5   -813.4   3673.1
11   16   -62.2   225.3   3382.5
11   17   81.9   300.5   3404.1
11   18   23.0   396.2   3596.7
12   0   20.1   489.2   3608.1
12   1   23.2   327.8   3611.0
12   2   -115.7   318.2   3598.8
12   3   -242.4   149.9   3542.1
12   4   -102.5   153.7   3362.1
12   5   161.8   313.3   3603.5
12   6   307.1   276.7   3450.2
12   7   94.3   355.3   3361.6
12   8   18.9   121.2   3657.4
12   9   18.9   -45.1   3664.1
12   10   -77.6   -139.4   3671.5
12   11   -75.3   -478.4   3666.7
12   12   1.2   -789.7   3709.3
12   13   107.1   -149.3   3686.9
12   14   89.0   -489.6   3682.5
12   15   26.6   -810.3   3686.9
12   16   -125.8   153.2   3392.1
12   17   129.7   342.2   3376.4
12   18   24.5   394.8   3596.0
13   0   19.7   488.5   3608.0
13   1   23.6   327.4   3610.8
13   2   -114.3   318.9   3598.9
13   3   -271.4   165.3   3588.0
13   4   -152.5   80.2   3404.1
13   5   162.9   316.4   3604.8
13   6   343.1   326.5   3481.8
13   7   152.6   382.6   3342.9
13   8   18.8   118.9   3658.3
13   9   18.9   -47.4   3663.6
13   10   -77.1   -138.0   3669.3
13   11   -83.0   -476.3   3644.2
13   12   -6.5   -786.5   3698.5
13   13   106.4   -148.3   3684.6
13   14   88.9   -488.6   3681.9
13   15   27.2   -808.3   3684.5
13   16   -172.3   94.4   3434.7
13   17   184.3   373.3   3366.1
13   18   25.1   394.4   3595.5
14   0   19.2   489.0   3607.9
14   1   23.6   328.0   3610.3
14   2   -113.2   320.6   3598.7
14   3   -280.5   171.6   3620.0
14   4   -184.9   22.3   3450.4
14   5   163.3   320.5   3606.1
14   6   365.2   354.1   3512.7
14   7   192.8   397.1   3341.8
14   8   18.7   117.9   3657.0
14   9   18.6   -48.4   3662.8
14   10   -75.6   -135.3   3666.5
14   11   -87.1   -473.9   3636.1
14   12   -4.4   -785.7   3692.5
14   13   103.9   -146.0   3681.1
14   14   88.1   -486.4   3680.9
14   15   28.5   -808.7   3671.6
14   16   -200.8   47.1   3478.7
14   17   221.5   389.9   3370.3
14   18   25.2   395.1   3595.4
15   0   18.6   490.2   3607.8
15   1   23.5   329.4   3609.2
15   2   -112.2   322.8   3598.3
15   3   -279.6   173.3   3638.5
15   4   -194.9   -6.7   3480.6
15   5   163.4   325.6   3607.4
15   6   370.6   365.8   3517.4
15   7   198.0   405.7   3341.1
15   8   18.5   117.7   3652.9
15   9   18.1   -48.4   3661.8
15   10   -74.2   -131.1   3662.9
15   11   -87.7   -470.1   3633.6
15   12   2.0   -784.7   3687.9
15   13   100.8   -142.7   3676.1
15   14   87.6   -483.1   3679.4
15   15   31.1   -808.5   3652.0
15   16   -209.1   23.2   3506.9
15   17   226.7   399.0   3370.5
15   18   25.1   396.6   3595.3
16   0   18.3   491.5   3607.7
16   1   23.4   330.9   3607.8
16   2   -110.8   324.4   3598.0
16   3   -277.7   174.3   3643.7
16   4   -184.1   -15.4   3499.7
16   5   163.1   330.0   3607.8
16   6   364.8   370.5   3506.3
16   7   186.8   411.5   3334.6
16   8   18.5   118.1   3647.6
16   9   17.7   -47.8   3660.5
16   10   -73.2   -128.9   3661.3
16   11   -86.6   -468.0   3630.1
16   12   19.4   -777.0   3688.3
16   13   98.6   -140.5   3673.7
16   14   87.4   -481.0   3678.6
16   15   33.2   -806.7   3643.9
16   16   -199.7   16.2   3523.7
16   17   216.4   404.7   3363.2
16   18   24.9   398.4   3595.2
17   0   17.9   493.8   3607.3
17   1   23.2   332.5   3606.8
17   2   -109.5   325.8   3597.6
17   3   -275.5   174.6   3642.0
17   4   -177.0   -17.0   3505.3
17   5   161.7   332.1   3607.8
17   6   356.5   371.1   3494.3
17   7   178.0   414.3   3323.5
17   8   18.4   119.0   3643.6
17   9   17.1   -46.6   3659.1
17   10   -73.1   -128.1   3660.6
17   11   -86.3   -466.4   3621.8
17   12   35.7   -764.6   3694.6
17   13   97.3   -139.2   3672.6
17   14   87.4   -479.8   3678.3
17   15   33.5   -804.6   3645.7
17   16   -193.4   14.9   3528.1
17   17   207.7   407.1   3351.9
17   18   24.7   400.2   3595.1
18   0   17.7   496.2   3606.5
18   1   23.1   333.9   3606.3
18   2   -108.4   326.9   3597.4
18   3   -273.5   175.0   3640.1
18   4   -176.8   -16.2   3504.5
18   5   160.1   332.8   3607.6
18   6   352.6   369.2   3490.3
18   7   176.6   414.1   3317.8
18   8   18.4   120.1   3641.7
18   9   16.6   -45.5   3658.0
18   10   -73.5   -128.1   3660.3
18   11   -86.2   -465.3   3612.7
18   12   40.2   -752.6   3709.4
18   13   96.8   -138.6   3672.1
18   14   87.7   -479.2   3678.2
18   15   32.8   -803.0   3657.1
18   16   -192.9   15.7   3527.1
18   17   205.9   406.6   3346.6
18   18   24.6   401.7   3595.0
19   0   17.5   498.7   3603.7
19   1   23.0   335.2   3606.0
19   2   -107.5   327.8   3597.1
19   3   -271.8   175.3   3638.9
19   4   -178.9   -15.5   3503.0
19   5   158.4   332.8   3607.4
19   6   348.9   367.0   3486.7
19   7   178.7   412.9   3309.1
19   8   18.5   121.2   3641.1
19   9   15.9   -44.3   3657.2
19   10   -74.2   -128.4   3660.1
19   11   -85.9   -465.4   3610.8
19   12   42.0   -749.8   3719.8
19   13   96.5   -138.4   3672.0
19   14   87.8   -479.0   3678.1
19   15   32.1   -804.2   3661.1
19   16   -194.4   16.3   3525.6
19   17   207.1   405.2   3338.7
19   18   24.4   403.0   3594.9
20   0   17.3   501.0   3598.4
20   1   22.8   336.5   3606.0
20   2   -106.7   328.7   3595.8
20   3   -270.1   175.8   3638.6
20   4   -185.6   -15.8   3500.4
20   5   157.0   333.0   3606.5
20   6   346.0   364.6   3483.1
20   7   190.3   408.8   3293.3
20   8   18.4   122.4   3641.2
20   9   15.4   -43.2   3656.7
20   10   -75.1   -128.9   3660.0
20   11   -86.1   -465.7   3609.0
20   12   39.9   -749.8   3720.2
20   13   96.5   -138.5   3672.1
20   14   87.8   -479.1   3678.2
20   15   31.9   -803.9   3663.3
20   16   -199.7   16.1   3523.4
20   17   216.2   401.4   3324.9
20   18   24.2   404.3   3594.8
21   0   17.2   502.9   3592.6
21   1   22.7   337.8   3605.9
21   2   -105.9   329.5   3593.6
21   3   -268.4   176.2   3638.1
21   4   -189.0   -15.7   3498.5
21   5   155.7   333.1   3604.9
21   6   340.6   361.6   3475.1
21   7   202.8   406.4   3272.4
21   8   18.4   123.6   3641.5
21   9   15.1   -42.1   3656.3
21   10   -76.0   -129.4   3660.1
21   11   -86.7   -466.1   3608.8
21   12   37.2   -752.3   3713.7
21   13   96.7   -138.8   3672.3
21   14   90.6   -478.2   3653.3
21   15   31.8   -800.0   3670.9
21   16   -202.3   16.3   3521.8
21   17   225.7   399.0   3306.2
21   18   24.1   405.6   3594.6
22   0   17.1   504.5   3586.8
22   1   22.6   339.1   3605.7
22   2   -105.2   330.3   3592.3
22   3   -267.0   176.7   3637.8
22   4   -190.5   -15.2   3497.1
22   5   154.6   333.2   3602.4
22   6   330.3   358.1   3460.3
22   7   209.8   405.8   3247.3
22   8   18.4   124.7   3642.0
22   9   14.9   -40.9   3656.1
22   10   -76.9   -129.0   3660.1
22   11   -86.2   -465.7   3608.7
22   12   35.7   -752.2   3710.8
22   13   97.1   -138.6   3672.4
22   14   91.7   -478.6   3660.3
22   15   31.2   -799.6   3669.2
22   16   -203.2   16.8   3520.6
22   17   229.9   397.9   3282.8
22   18   24.0   406.8   3594.3
23   0   17.0   506.0   3582.2
23   1   22.5   340.6   3605.5
23   2   -104.5   331.1   3591.9
23   3   -266.2   177.3   3637.5
23   4   -191.6   -13.9   3495.2
23   5   153.5   333.6   3597.9
23   6   318.2   353.7   3442.5
23   7   220.1   389.9   3216.6
23   8   18.4   126.0   3642.5
23   9   14.7   -39.7   3655.9
23   10   -77.8   -128.2   3660.2
23   11   -87.9   -464.5   3606.0
23   12   33.7   -749.2   3708.8
23   13   97.5   -138.1   3672.5
23   14   91.3   -478.4   3669.8
23   15   31.7   -798.4   3666.5
23   16   -204.0   17.9   3518.9
23   17   236.4   383.9   3254.3
23   18   23.8   408.2   3593.9
24   0   17.0   507.4   3582.2
24   1   22.4   341.6   3605.3
24   2   -104.1   331.7   3592.0
24   3   -266.2   177.7   3635.2
24   4   -194.0   0.4   3476.1
24   5   152.7   333.9   3595.1
24   6   301.4   344.6   3423.9
24   7   220.7   355.1   3189.0
24   8   18.4   126.9   3642.9
24   9   14.6   -38.9   3655.8
24   10   -78.3   -128.0   3660.2
24   11   -92.5   -463.8   3605.0
24   12   32.4   -745.2   3709.0
24   13   97.5   -137.9   3672.6
24   14   91.0   -478.3   3677.1
24   15   32.2   -797.3   3664.3
24   16   -206.1   30.0   3502.6
24   17   234.1   353.4   3228.2
24   18   23.7   409.2   3593.4
25   0   16.9   508.5   3586.4
25   1   22.3   342.3   3605.2
25   2   -103.8   332.1   3592.7
25   3   -264.5   173.4   3610.2
25   4   -186.4   55.8   3414.4
25   5   152.2   334.2   3594.2
25   6   280.4   312.0   3410.2
25   7   206.8   309.0   3171.6
25   8   18.3   127.5   3643.7
25   9   14.4   -38.3   3655.8
25   10   -78.5   -127.8   3660.3
25   11   -87.9   -466.1   3629.5
25   12   35.3   -753.8   3710.1
25   13   97.8   -137.2   3672.6
25   14   90.6   -477.7   3680.5
25   15   33.0   -796.0   3663.1
25   16   -199.4   75.3   3447.0
25   17   219.1   309.5   3211.3
25   18   23.6   409.8   3593.1
26   0   17.0   509.0   3594.3
26   1   22.2   342.6   3605.3
26   2   -103.7   332.5   3594.6
26   3   -244.0   171.5   3545.8
26   4   -133.1   157.0   3344.4
26   5   151.8   334.4   3593.6
26   6   268.0   259.6   3418.8
26   7   159.9   254.6   3197.0
26   8   18.3   127.9   3644.5
26   9   14.3   -37.9   3655.9
26   10   -78.7   -127.6   3660.3
26   11   -79.1   -467.0   3656.3
26   12   36.1   -762.9   3709.6
26   13   98.3   -136.2   3672.7
26   14   90.3   -476.6   3681.9
26   15   33.7   -794.2   3662.6
26   16   -151.6   159.4   3378.0
26   17   177.9   255.5   3234.0
26   18   23.5   410.2   3593.0
27   0   17.0   508.9   3601.8
27   1   22.2   342.8   3605.5
27   2   -103.7   332.9   3595.5
27   3   -211.1   190.9   3474.5
27   4   -64.9   285.9   3348.9
27   5   151.4   334.6   3587.1
27   6   238.6   204.4   3430.9
27   7   88.2   186.8   3239.9
27   8   18.3   128.3   3645.6
27   9   14.2   -37.5   3657.7
27   10   -78.6   -127.8   3660.9
27   11   -89.5   -467.1   3648.0
27   12   34.8   -759.5   3710.4
27   13   98.7   -135.9   3673.0
27   14   88.6   -475.9   3665.9
27   15   34.2   -795.4   3666.2
27   16   -89.2   270.3   3369.8
27   17   113.2   189.7   3271.8
27   18   23.4   410.3   3592.9
28   0   17.0   508.6   3606.9
28   1   22.2   342.9   3605.7
28   2   -103.9   333.4   3596.0
28   3   -152.6   252.5   3409.8
28   4   14.9   400.8   3372.0
28   5   147.9   334.9   3567.5
28   6   208.2   187.2   3407.2
28   7   9.8   131.7   3310.3
28   8   18.3   128.7   3646.7
28   9   14.2   -36.7   3661.7
28   10   -78.7   -129.1   3662.2
28   11   -91.9   -466.8   3629.6
28   12   33.1   -754.4   3711.0
28   13   99.6   -136.8   3674.1
28   14   87.6   -472.7   3631.1
28   15   36.0   -788.5   3672.6
28   16   -12.9   376.3   3378.3
28   17   42.7   140.8   3326.4
28   18   23.4   410.3   3592.8
29   0   17.0   508.3   3610.0
29   1   22.1   343.0   3605.9
29   2   -103.1   333.1   3596.4
29   3   -94.1   316.9   3381.4
29   4   100.7   470.9   3376.9
29   5   144.5   335.8   3553.4
29   6   137.1   162.3   3415.9
29   7   -86.6   89.0   3354.7
29   8   18.3   129.2   3647.8
29   9   14.3   -35.8   3666.4
29   10   -78.7   -129.7   3664.0
29   11   -79.6   -468.5   3655.3
29   12   36.5   -764.6   3709.8
29   13   100.0   -137.5   3676.7
29   14   90.6   -475.4   3655.3
29   15   34.5   -791.9   3667.7
29   16   68.3   445.2   3377.7
29   17   -49.3   101.2   3364.9
29   18   23.4   410.3   3592.7
30   0   17.2   507.1   3610.8
30   1   22.1   343.1   3605.5
30   2   -104.0   337.2   3600.3
30   3   -42.8   356.8   3381.9
30   4   167.1   503.1   3370.6
30   5   143.5   342.5   3541.5
30   6   81.0   158.4   3427.0
30   7   -155.1   76.9   3393.9
30   8   18.3   129.5   3649.0
30   9   14.3   -35.2   3669.9
30   10   -78.5   -129.9   3666.4
30   11   -78.6   -469.3   3655.8
30   12   37.4   -765.6   3710.3
30   13   99.9   -138.0   3680.4
30   14   92.4   -477.1   3671.3
30   15   33.7   -793.5   3664.5
30   16   132.1   478.7   3372.5
30   17   -115.7   90.5   3399.4
30   18   23.3   410.3   3591.8
31   0   17.5   506.6   3609.9
31   1   22.1   343.5   3604.7
31   2   -106.7   348.3   3608.2
31   3   -19.3   371.1   3390.3
31   4   206.4   491.5   3390.3
31   5   144.0   351.7   3533.5
31   6   58.6   160.5   3433.0
31   7   -186.7   93.7   3417.3
31   8   18.2   129.9   3650.4
31   9   14.3   -34.7   3672.1
31   10   -78.2   -129.9   3669.0
31   11   -76.8   -469.3   3651.7
31   12   37.6   -765.0   3711.0
31   13   99.1   -138.4   3684.9
31   14   93.1   -478.0   3679.7
31   15   33.3   -794.1   3662.6
31   16   168.7   471.3   3390.3
31   17   -145.8   104.9   3419.9
31   18   23.3   410.5   3590.4
32   0   17.7   507.2   3607.8
32   1   22.1   344.0   3603.5
32   2   -104.7   346.4   3602.6
32   3   -14.1   367.6   3385.8
32   4   220.1   464.0   3406.9
32   5   144.1   357.0   3530.0
32   6   57.9   161.4   3438.0
32   7   -191.1   115.5   3418.7
32   8   18.2   132.1   3651.0
32   9   14.4   -32.3   3672.9
32   10   -77.9   -130.1   3672.1
32   11   -76.9   -469.7   3656.1
32   12   36.6   -766.6   3707.1
32   13   98.0   -139.3   3687.0
32   14   93.3   -479.2   3682.8
32   15   33.3   -794.8   3661.9
32   16   181.1   447.9   3403.4
32   17   -149.6   123.1   3421.9
32   18   23.3   410.9   3588.5
33   0   17.7   508.2   3605.8
33   1   22.1   344.3   3602.3
33   2   -103.5   345.6   3600.6
33   3   -27.3   356.8   3382.0
33   4   205.5   454.8   3396.6
33   5   136.5   352.4   3521.2
33   6   61.2   152.4   3435.3
33   7   -185.3   117.9   3396.5
33   8   18.2   134.7   3650.6
33   9   14.5   -29.7   3672.7
33   10   -77.0   -134.0   3678.2
33   11   -79.1   -473.7   3666.8
33   12   34.4   -773.5   3696.1
33   13   95.1   -145.2   3688.1
33   14   95.1   -482.5   3655.6
33   15   33.1   -797.0   3668.4
33   16   166.7   438.4   3394.1
33   17   -144.2   123.6   3403.0
33   18   23.3   411.1   3586.9
34   0   17.7   508.9   3604.0
34   1   22.1   344.0   3601.3
34   2   -102.8   344.4   3597.1
34   3   -55.3   243.5   3442.2
34   4   69.2   159.9   3405.9
34   5   131.5   342.9   3522.3
34   6   67.4   145.5   3429.9
34   7   -172.3   113.8   3365.5
34   8   18.4   136.5   3649.7
34   9   14.7   -27.7   3672.1
34   10   -74.2   -143.1   3682.6
34   11   -84.0   -482.6   3679.1
34   12   25.3   -783.8   3669.4
34   13   92.8   -152.9   3688.8
34   14   95.0   -491.1   3665.2
34   15   32.9   -806.2   3665.9
34   16   48.7   174.1   3411.9
34   17   -132.3   119.1   3376.3
34   18   23.3   410.7   3585.7
35   0   17.6   509.4   3602.7
35   1   22.1   343.6   3600.4
35   2   -101.6   343.8   3602.0
35   3   -79.7   179.6   3481.8
35   4   -42.0   19.1   3379.2
35   5   128.8   337.6   3522.4
35   6   79.4   144.1   3418.1
35   7   -154.6   116.2   3335.6
35   8   18.5   137.9   3648.4
35   9   14.8   -26.2   3671.2
35   10   -76.8   -143.9   3682.3
35   11   -78.3   -483.3   3683.6
35   12   7.9   -789.7   3648.5
35   13   95.9   -153.8   3689.0
35   14   95.3   -492.7   3675.5
35   15   34.9   -807.8   3662.7
35   16   -48.0   46.1   3396.3
35   17   -115.6   120.8   3349.4
35   18   23.3   410.3   3584.9
36   0   17.5   509.9   3602.1
36   1   22.1   343.3   3600.0
36   2   -99.4   344.6   3613.8
36   3   -93.4   149.3   3513.5
36   4   -60.7   168.8   3381.6
36   5   129.4   334.8   3526.1
36   6   109.7   147.1   3407.6
36   7   -123.2   130.9   3319.2
36   8   18.7   139.2   3647.8
36   9   15.0   -24.9   3670.4
36   10   -77.7   -148.4   3680.4
36   11   -88.9   -485.0   3651.6
36   12   -2.2   -791.1   3654.3
36   13   96.9   -158.5   3688.4
36   14   95.6   -485.8   3618.1
36   15   38.3   -792.6   3665.4
36   16   -66.1   165.5   3403.6
36   17   -84.4   133.6   3333.9
36   18   23.3   410.0   3584.4
37   0   17.2   510.0   3602.1
37   1   22.1   343.2   3599.9
37   2   -98.7   345.1   3617.8
37   3   -98.7   133.2   3536.5
37   4   -67.6   252.3   3385.5
37   5   134.0   332.5   3542.4
37   6   158.2   167.0   3400.0
37   7   -72.9   158.0   3306.4
37   8   18.7   140.4   3648.1
37   9   15.1   -23.7   3670.0
37   10   -80.4   -146.3   3678.2
37   11   -101.4   -477.8   3618.0
37   12   -10.8   -779.9   3656.7
37   13   99.4   -157.8   3688.3
37   14   96.8   -489.7   3633.7
37   15   36.4   -799.8   3662.1
37   16   -72.8   232.4   3410.7
37   17   -34.4   159.5   3322.0
37   18   23.2   409.7   3584.1
38   0   16.9   509.8   3602.4
38   1   22.1   343.0   3601.7
38   2   -100.3   346.3   3615.5
38   3   -109.2   123.3   3568.5
38   4   -88.2   263.4   3382.5
38   5   139.3   333.5   3575.6
38   6   198.0   206.1   3406.9
38   7   3.2   213.6   3262.7
38   8   18.6   139.2   3650.1
38   9   15.0   -24.9   3670.9
38   10   -83.6   -134.1   3673.7
38   11   -109.0   -465.5   3609.1
38   12   -15.1   -766.9   3655.9
38   13   105.8   -142.7   3687.7
38   14   97.1   -478.2   3658.6
38   15   38.6   -790.1   3657.2
38   16   -91.7   240.0   3413.5
38   17   35.6   212.3   3286.8
38   18   23.2   409.5   3585.9
39   0   16.2   508.8   3602.8
39   1   20.7   342.8   3604.9
39   2   -103.9   346.2   3602.3
39   3   -102.5   123.4   3552.3
39   4   -151.6   225.7   3343.6
39   5   138.2   333.8   3604.4
39   6   237.9   290.3   3423.0
39   7   89.8   270.6   3235.6
39   8   18.5   137.3   3652.3
39   9   14.8   -26.9   3672.0
39   10   -79.8   -135.6   3672.0
39   11   -108.9   -469.7   3629.7
39   12   -10.1   -771.4   3660.0
39   13   101.9   -143.6   3686.2
39   14   93.6   -481.1   3672.0
39   15   38.2   -794.2   3655.2
39   16   -143.5   208.7   3378.4
39   17   114.4   273.9   3266.8
39   18   21.4   409.3   3589.5
40   0   15.6   508.5   3603.1
40   1   18.0   342.5   3608.2
40   2   -106.2   342.4   3592.7
40   3   -192.3   153.2   3570.0
40   4   -158.9   135.0   3372.9
40   5   137.0   339.4   3623.8
40   6   278.6   358.5   3461.8
40   7   227.4   356.8   3237.1
40   8   18.3   135.4   3654.1
40   9   14.7   -28.8   3673.0
40   10   -74.6   -139.1   3671.7
40   11   -99.1   -475.4   3653.1
40   12   -3.0   -779.7   3671.6
40   13   95.3   -147.4   3685.4
40   14   101.8   -475.5   3621.3
40   15   39.9   -781.4   3660.9
40   16   -164.4   138.0   3405.7
40   17   235.9   357.1   3274.5
40   18   17.9   409.2   3593.4
41   0   15.3   508.4   3599.8
41   1   15.4   342.5   3609.6
41   2   -107.7   338.9   3584.9
41   3   -248.0   179.0   3598.6
41   4   -178.7   63.6   3432.4
41   5   138.6   349.0   3628.2
41   6   306.1   414.8   3496.4
41   7   331.0   462.7   3269.1
41   8   18.3   134.3   3655.7
41   9   14.5   -30.0   3672.6
41   10   -77.2   -127.3   3670.5
41   11   -100.3   -459.5   3621.7
41   12   -1.4   -755.0   3682.0
41   13   98.4   -135.4   3685.1
41   14   101.5   -458.5   3593.3
41   15   42.6   -761.8   3663.7
41   16   -190.2   82.7   3460.1
41   17   326.9   454.7   3307.0
41   18   14.5   409.1   3594.8
42   0   14.9   507.5   3589.9
42   1   13.0   343.0   3608.1
42   2   -109.6   337.0   3580.3
42   3   -269.2   188.8   3625.1
42   4   -213.5   8.9   3484.7
42   5   140.3   357.1   3619.1
42   6   310.2   455.5   3500.8
42   7   399.9   571.6   3322.3
42   8   18.4   134.5   3657.2
42   9   14.3   -30.0   3669.9
42   10   -76.3   -120.6   3668.9
42   11   -100.2   -446.1   3588.1
42   12   5.4   -725.7   3691.9
42   13   96.1   -129.6   3683.4
42   14   102.2   -450.3   3578.2
42   15   42.3   -750.2   3667.6
42   16   -222.8   38.8   3508.1
42   17   385.1   552.4   3352.0
42   18   11.3   409.3   3592.5
43   0   14.5   507.5   3576.3
43   1   11.5   344.8   3603.8
43   2   -110.8   336.7   3577.5
43   3   -272.5   191.3   3643.1
43   4   -233.7   -22.9   3523.9
43   5   140.8   362.6   3606.1
43   6   312.1   489.7   3521.9
43   7   430.2   658.5   3399.8
43   8   18.5   136.9   3657.4
43   9   14.2   -27.9   3664.9
43   10   -74.5   -116.1   3666.6
43   11   -97.6   -439.0   3571.7
43   12   15.2   -706.1   3701.8
43   13   94.0   -124.4   3680.5
43   14   103.6   -446.4   3577.9
43   15   41.7   -745.9   3669.7
43   16   -240.1   12.8   3543.8
43   17   410.6   630.5   3420.2
43   18   9.2   410.7   3586.9
44   0   14.2   509.5   3563.6
44   1   11.5   348.4   3597.0
44   2   -109.8   338.0   3573.2
44   3   -265.4   187.0   3644.4
44   4   -250.4   -44.5   3544.4
44   5   140.6   366.1   3599.3
44   6   308.7   511.3   3540.4
44   7   433.9   709.3   3453.3
44   8   19.1   141.0   3654.8
44   9   14.5   -23.8   3660.0
44   10   -73.2   -113.0   3662.9
44   11   -91.6   -439.7   3580.9
44   12   24.8   -707.8   3707.7
44   13   93.5   -120.0   3677.0
44   14   105.1   -445.0   3585.2
44   15   43.0   -746.7   3668.1
44   16   -252.9   -5.9   3561.0
44   17   413.1   676.3   3467.8
44   18   9.1   413.9   3578.7
45   0   14.0   512.4   3554.4
45   1   12.4   352.2   3589.6
45   2   -108.0   340.0   3567.9
45   3   -260.9   187.9   3641.4
45   4   -255.1   -51.6   3558.1
45   5   140.0   368.4   3596.7
45   6   305.3   520.2   3547.9
45   7   427.3   729.0   3469.6
45   8   19.8   144.8   3649.7
45   9   14.9   -19.8   3655.7
45   10   -72.9   -111.3   3657.7
45   11   -88.4   -443.4   3608.2
45   12   30.2   -723.1   3711.3
45   13   93.6   -118.5   3672.7
45   14   106.5   -446.3   3592.8
45   15   42.9   -752.7   3668.0
45   16   -256.1   -11.7   3572.0
45   17   407.0   694.2   3482.6
45   18   10.1   417.5   3570.7
46   0   13.9   515.5   3551.7
46   1   13.9   355.0   3583.9
46   2   -105.5   341.5   3564.1
46   3   -259.5   190.1   3634.3
46   4   -252.8   -52.1   3561.8
46   5   139.8   370.2   3597.2
46   6   303.4   521.6   3546.8
46   7   420.6   732.0   3466.3
46   8   20.6   146.8   3644.3
46   9   15.4   -17.6   3652.2
46   10   -72.8   -111.0   3652.3
46   11   -85.9   -446.1   3624.7
46   12   21.7   -738.2   3703.8
46   13   94.3   -118.5   3668.1
46   14   107.6   -447.0   3591.9
46   15   43.8   -754.3   3666.8
46   16   -254.0   -11.7   3573.9
46   17   401.1   696.9   3479.7
46   18   11.8   420.3   3565.0
47   0   13.8   518.1   3554.7
47   1   15.3   356.7   3580.7
47   2   -103.7   342.7   3562.4
47   3   -259.6   192.4   3627.9
47   4   -247.3   -42.7   3542.4
47   5   139.2   370.9   3601.2
47   6   302.1   518.6   3544.5
47   7   416.8   726.9   3460.8
47   8   21.4   149.6   3640.2
47   9   15.9   -14.6   3650.0
47   10   -72.9   -111.3   3649.8
47   11   -83.7   -444.2   3630.1
47   12   3.6   -749.7   3686.2
47   13   95.1   -119.0   3666.2
47   14   106.8   -446.8   3604.5
47   15   43.7   -758.4   3666.6
47   16   -249.4   -3.5   3556.6
47   17   397.6   692.1   3474.8
47   18   13.4   422.0   3561.9
48   0   13.7   519.6   3560.9
48   1   16.5   357.6   3579.3
48   2   -102.5   343.4   3562.0
48   3   -259.6   193.4   3623.4
48   4   -242.8   -37.2   3531.2
48   5   138.8   370.8   3604.7
48   6   302.7   513.1   3541.7
48   7   411.3   714.7   3442.6
48   8   21.9   152.3   3637.8
48   9   16.5   -11.7   3648.8
48   10   -73.3   -113.5   3649.3
48   11   -83.2   -444.9   3624.4
48   12   -3.9   -755.0   3671.8
48   13   95.6   -122.0   3666.6
48   14   108.7   -448.1   3603.5
48   15   44.2   -759.1   3666.5
48   16   -245.6   1.2   3546.5
48   17   393.2   681.0   3459.2
48   18   14.7   422.9   3560.6
49   0   13.4   520.1   3568.0
49   1   17.3   358.0   3578.8
49   2   -101.8   343.9   3562.3
49   3   -259.7   193.9   3620.2
49   4   -235.1   -33.4   3519.4
49   5   138.4   370.3   3608.1
49   6   305.5   503.8   3537.4
49   7   405.1   700.9   3420.7
49   8   22.2   152.6   3637.0
49   9   17.0   -11.3   3648.4
49   10   -73.8   -118.0   3649.7
49   11   -83.7   -448.1   3613.7
49   12   -1.0   -754.8   3670.3
49   13   95.3   -127.8   3668.2
49   14   107.7   -455.7   3616.8
49   15   42.7   -767.7   3667.3
49   16   -239.2   4.5   3536.2
49   17   388.5   668.0   3440.1
49   18   15.7   423.3   3560.3
50   0   13.3   520.1   3573.3
50   1   18.0   358.2   3578.8
50   2   -101.2   344.2   3562.6
50   3   -260.1   194.0   3616.0
50   4   -229.0   -28.6   3506.8
50   5   138.7   369.8   3609.7
50   6   307.0   496.1   3530.3
50   7   402.6   688.6   3402.7
50   8   22.3   153.9   3636.3
50   9   17.3   -9.9   3648.1
50   10   -74.9   -120.9   3650.1
50   11   -83.4   -451.7   3617.2
50   12   6.1   -754.1   3679.5
50   13   94.1   -133.4   3670.1
50   14   108.8   -462.4   3623.8
50   15   41.4   -773.6   3667.9
50   16   -234.2   8.5   3525.0
50   17   386.7   656.5   3424.0
50   18   16.7   423.5   3560.4
51   0   13.3   520.1   3576.4
51   1   18.8   358.3   3578.9
51   2   -100.5   344.5   3562.7
51   3   -261.0   193.8   3608.3
51   4   -225.3   -26.1   3495.9
51   5   139.4   369.3   3610.2
51   6   305.4   485.8   3514.3
51   7   402.0   678.2   3387.9
51   8   22.3   155.5   3635.7
51   9   17.4   -8.1   3647.9
51   10   -75.8   -122.4   3650.7
51   11   -83.2   -454.4   3627.0
51   12   11.6   -753.5   3697.9
51   13   95.1   -134.7   3672.5
51   14   107.8   -465.6   3637.4
51   15   40.7   -778.6   3667.3
51   16   -231.3   10.5   3514.7
51   17   385.9   646.1   3409.0
51   18   17.6   423.5   3560.7
52   0   15.0   520.1   3577.7
52   1   19.5   358.3   3579.1
52   2   -99.8   344.8   3562.8
52   3   -262.1   193.1   3594.8
52   4   -221.6   -22.9   3478.0
52   5   140.2   368.8   3610.1
52   6   307.6   469.2   3499.9
52   7   397.0   663.2   3372.1
52   8   22.3   157.0   3635.2
52   9   17.5   -6.4   3647.8
52   10   -76.4   -123.0   3651.4
52   11   -82.8   -456.0   3639.3
52   12   14.2   -755.7   3713.0
52   13   97.1   -133.8   3674.0
52   14   104.8   -466.4   3656.7
52   15   40.4   -782.8   3665.4
52   16   -228.4   13.1   3497.5
52   17   382.1   630.8   3393.4
52   18   18.6   423.6   3560.9
53   0   17.9   520.1   3578.2
53   1   20.2   358.3   3579.2
53   2   -99.0   345.2   3562.8
53   3   -262.7   192.7   3575.6
53   4   -203.7   -10.8   3448.0
53   5   140.8   367.6   3609.7
53   6   320.9   437.2   3498.3
53   7   390.2   631.1   3361.0
53   8   22.3   158.4   3634.6
53   9   17.6   -4.9   3647.6
53   10   -76.6   -123.5   3652.9
53   11   -82.5   -456.7   3637.5
53   12   16.3   -757.9   3715.5
53   13   95.8   -136.1   3674.2
53   14   106.7   -463.2   3621.3
53   15   41.3   -776.9   3668.4
53   16   -213.5   23.1   3469.3
53   17   378.7   598.8   3383.8
53   18   19.5   423.5   3561.2
54   0   21.0   520.2   3578.2
54   1   20.7   358.3   3579.9
54   2   -98.5   345.5   3562.7
54   3   -260.7   191.4   3554.9
54   4   -176.8   29.7   3392.8
54   5   140.8   365.4   3609.3
54   6   331.9   391.1   3500.5
54   7   371.6   583.0   3349.0
54   8   22.3   159.8   3635.2
54   9   17.6   -3.4   3648.4
54   10   -76.4   -123.5   3655.8
54   11   -83.1   -456.0   3628.9
54   12   16.7   -757.4   3704.9
54   13   99.5   -131.3   3675.5
54   14   105.3   -457.1   3608.3
54   15   42.4   -770.1   3669.1
54   16   -190.8   56.6   3419.8
54   17   365.0   551.0   3374.2
54   18   20.2   423.5   3561.7
55   0   22.2   520.3   3578.0
55   1   21.0   358.5   3581.0
55   2   -98.4   345.4   3562.7
55   3   -245.2   181.1   3529.2
55   4   -157.4   87.8   3325.8
55   5   138.5   358.5   3608.1
55   6   324.6   338.5   3490.1
55   7   335.3   533.0   3334.5
55   8   22.3   161.3   3637.6
55   9   17.7   -1.6   3651.5
55   10   -76.7   -124.4   3660.9
55   11   -84.0   -455.5   3620.7
55   12   16.3   -761.5   3682.7
55   13   98.1   -135.4   3676.3
55   14   104.5   -462.8   3613.7
55   15   40.0   -778.7   3670.7
55   16   -172.0   103.2   3359.7
55   17   333.5   500.5   3360.4
55   18   20.6   423.4   3562.4
56   0   22.1   518.8   3577.9
56   1   21.2   357.0   3583.0
56   2   -99.4   344.1   3562.8
56   3   -220.5   168.2   3502.3
56   4   -138.5   154.5   3276.7
56   5   135.1   347.7   3606.7
56   6   306.1   283.5   3480.7
56   7   274.1   472.2   3322.4
56   8   22.3   159.3   3642.1
56   9   17.7   -3.4   3657.2
56   10   -76.0   -129.7   3669.4
56   11   -86.2   -458.7   3614.4
56   12   13.0   -765.7   3668.4
56   13   94.1   -145.2   3678.1
56   14   104.2   -475.1   3631.4
56   15   36.8   -792.3   3670.0
56   16   -152.1   156.7   3314.3
56   17   279.4   440.8   3348.8
56   18   20.8   421.7   3563.6
57   0   21.6   516.0   3577.8
57   1   21.3   354.3   3585.6
57   2   -100.8   341.5   3563.1
57   3   -187.5   154.7   3477.9
57   4   -97.5   239.0   3276.5
57   5   138.7   345.9   3605.7
57   6   265.4   235.0   3463.5
57   7   200.2   432.5   3329.1
57   8   22.3   155.8   3648.2
57   9   17.7   -6.6   3664.8
57   10   -77.5   -127.8   3672.9
57   11   -86.3   -457.6   3622.2
57   12   10.2   -759.5   3702.3
57   13   100.3   -139.0   3681.8
57   14   102.7   -468.7   3631.8
57   15   38.4   -787.5   3671.7
57   16   -112.5   225.1   3310.0
57   17   211.1   399.6   3351.5
57   18   21.0   418.7   3565.4
58   0   21.2   512.6   3577.3
58   1   21.7   352.1   3586.3
58   2   -102.0   338.8   3560.4
58   3   -151.8   150.0   3454.0
58   4   -32.0   298.2   3312.9
58   5   142.3   340.5   3594.1
58   6   220.8   187.1   3457.8
58   7   126.2   356.6   3306.4
58   8   22.3   152.7   3651.7
58   9   17.6   -9.3   3670.4
58   10   -76.8   -126.1   3673.2
58   11   -86.0   -459.2   3643.9
58   12   9.6   -755.3   3740.8
58   13   102.3   -134.9   3683.1
58   14   102.1   -463.4   3618.8
58   15   40.3   -778.6   3675.5
58   16   -51.9   273.7   3336.4
58   17   142.0   328.4   3331.7
58   18   21.5   416.1   3565.3
59   0   20.9   509.1   3576.6
59   1   22.0   349.8   3585.5
59   2   -102.7   335.9   3558.9
59   3   -127.6   147.9   3440.1
59   4   14.5   321.7   3337.3
59   5   141.8   330.9   3575.5
59   6   183.5   145.6   3460.4
59   7   66.1   316.5   3326.5
59   8   22.3   151.1   3652.0
59   9   17.7   -10.4   3673.4
59   10   -74.2   -132.1   3673.9
59   11   -86.1   -466.5   3658.4
59   12   12.8   -764.3   3738.3
59   13   98.6   -142.1   3683.8
59   14   101.1   -474.0   3644.5
59   15   37.4   -789.4   3679.8
59   16   -9.1   292.8   3354.5
59   17   85.7   288.1   3348.8
59   18   21.9   413.7   3564.1
60   0   20.8   505.7   3575.9
60   1   22.2   347.1   3584.4
60   2   -103.7   333.8   3558.1
60   3   -116.9   148.1   3432.5
60   4   39.4   329.3   3354.8
60   5   142.5   325.6   3565.9
60   6   166.1   123.9   3468.1
60   7   33.7   291.5   3343.2
60   8   22.3   149.6   3650.7
60   9   17.8   -11.5   3674.3
60   10   -70.6   -144.8   3675.5
60   11   -88.6   -478.0   3648.2
60   12   16.3   -772.1   3726.7
60   13   95.8   -153.3   3684.4
60   14   102.0   -485.2   3642.1
60   15   34.8   -796.8   3685.4
60   16   13.4   299.1   3367.8
60   17   55.8   263.5   3364.0
60   18   22.2   410.8   3563.0
61   0   20.7   502.3   3575.5
61   1   22.4   344.0   3583.4
61   2   -104.9   332.4   3557.8
61   3   -114.1   145.6   3433.8
61   4   44.2   331.1   3369.5
61   5   143.9   323.1   3562.0
61   6   161.1   116.5   3470.7
61   7   21.8   282.1   3351.1
61   8   22.3   147.8   3648.8
61   9   17.9   -13.0   3673.9
61   10   -74.4   -145.9   3675.6
61   11   -88.1   -478.4   3641.2
61   12   17.1   -775.4   3709.3
61   13   98.1   -157.4   3684.8
61   14   101.8   -490.6   3656.9
61   15   33.0   -804.1   3682.0
61   16   17.8   300.2   3380.2
61   17   45.0   254.5   3371.0
61   18   22.4   407.8   3562.2
62   0   20.7   499.3   3575.4
62   1   22.4   341.2   3582.9
62   2   -105.9   331.4   3557.7
62   3   -115.0   141.2   3440.4
62   4   38.2   327.8   3374.2
62   5   145.4   322.2   3561.0
62   6   162.4   116.2   3470.5
62   7   19.4   279.9   3353.9
62   8   22.2   146.2   3647.4
62   9   17.9   -14.4   3672.9
62   10   -74.4   -150.0   3675.7
62   11   -87.9   -482.2   3642.0
62   12   18.4   -781.1   3695.6
62   13   100.7   -158.2   3684.8
62   14   101.6   -491.8   3669.4
62   15   32.6   -805.6   3679.7
62   16   12.7   296.6   3385.2
62   17   43.2   252.6   3373.3
62   18   22.5   404.9   3561.8
63   0   22.8   496.4   3576.4
63   1   22.5   338.6   3582.7
63   2   -105.7   328.6   3557.9
63   3   -117.8   136.5   3445.2
63   4   30.5   323.9   3378.3
63   5   148.4   324.2   3563.7
63   6   166.7   120.2   3471.6
63   7   20.2   280.5   3356.2
63   8   22.1   144.8   3646.9
63   9   17.8   -15.7   3671.6
63   10   -76.5   -147.7   3675.6
63   11   -87.4   -480.1   3649.1
63   12   16.5   -782.0   3679.9
63   13   102.6   -156.5   3684.4
63   14   101.2   -487.9   3651.0
63   15   34.3   -799.5   3683.5
63   16   5.8   292.6   3389.5
63   17   44.6   253.8   3375.4
63   18   22.7   402.3   3561.6
64   0   26.6   494.0   3578.2
64   1   22.6   336.7   3582.6
64   2   -105.3   326.3   3558.4
64   3   -120.7   133.8   3447.7
64   4   25.4   320.9   3381.6
64   5   150.3   325.3   3568.0
64   6   169.7   124.2   3472.5
64   7   19.3   281.5   3359.7
64   8   21.9   143.9   3646.7
64   9   17.7   -16.7   3669.7
64   10   -77.0   -146.2   3675.5
64   11   -83.9   -478.9   3663.1
64   12   13.0   -782.9   3664.2
64   13   103.4   -154.0   3683.8
64   14   101.0   -485.8   3658.4
64   15   34.8   -797.4   3681.5
64   16   1.1   289.7   3392.6
64   17   44.4   255.3   3378.5
64   18   22.9   400.3   3561.5
65   0   31.6   492.2   3581.2
65   1   22.8   335.6   3582.7
65   2   -104.8   325.0   3559.0
65   3   -123.6   132.9   3448.8
65   4   23.1   318.7   3385.5
65   5   151.0   325.6   3572.9
65   6   171.4   127.5   3473.4
65   7   17.5   281.3   3361.9
65   8   21.7   143.7   3646.7
65   9   17.5   -17.1   3667.1
65   10   -76.5   -144.6   3675.4
65   11   -80.8   -477.1   3666.6
65   12   6.2   -782.6   3649.3
65   13   104.0   -149.9   3682.9
65   14   100.7   -481.9   3664.7
65   15   35.3   -792.9   3679.1
65   16   -1.4   287.8   3396.0
65   17   43.1   255.6   3380.5
65   18   23.2   399.1   3561.5
66   0   35.7   491.0   3584.6
66   1   23.0   335.1   3582.7
66   2   -104.5   324.6   3559.8
66   3   -124.9   133.0   3449.6
66   4   22.4   317.7   3387.7
66   5   151.1   325.4   3575.8
66   6   172.5   128.8   3474.5
66   7   16.5   280.0   3363.2
66   8   21.5   143.9   3646.6
66   9   17.2   -17.1   3664.3
66   10   -75.1   -142.5   3675.3
66   11   -79.9   -474.6   3666.7
66   12   -5.9   -782.0   3642.0
66   13   103.9   -144.6   3681.6
66   14   99.0   -472.7   3636.8
66   15   38.3   -779.3   3680.5
66   16   -2.1   286.9   3398.1
66   17   42.5   254.8   3381.8
66   18   23.5   398.6   3561.5
67   0   37.3   490.3   3588.7
67   1   23.2   334.9   3583.0
67   2   -104.1   324.6   3560.9
67   3   -125.2   133.4   3450.4
67   4   22.2   317.8   3389.9
67   5   151.0   324.9   3576.6
67   6   173.1   128.3   3476.3
67   7   15.4   277.0   3365.2
67   8   21.3   144.2   3646.6
67   9   16.8   -16.8   3662.4
67   10   -73.4   -140.2   3675.0
67   11   -81.2   -470.4   3663.7
67   12   -10.2   -778.8   3643.6
67   13   102.1   -141.6   3679.4
67   14   97.2   -468.7   3636.1
67   15   39.3   -776.3   3680.0
67   16   -2.4   287.0   3400.0
67   17   41.7   252.3   3383.7
67   18   23.8   398.4   3561.8
68   0   37.5   490.5   3592.6
68   1   23.5   334.8   3584.7
68   2   -103.6   324.8   3561.9
68   3   -124.9   134.0   3451.2
68   4   22.8   318.1   3392.5
68   5   151.7   324.9   3576.3
68   6   173.2   126.9   3479.2
68   7   16.7   274.6   3365.9
68   8   21.3   144.2   3646.9
68   9   16.5   -16.8   3661.7
68   10   -71.9   -138.3   3674.7
68   11   -83.4   -468.4   3661.6
68   12   -11.3   -777.1   3651.8
68   13   100.0   -139.8   3677.4
68   14   94.7   -468.5   3646.3
68   15   38.5   -778.4   3677.5
68   16   -1.9   287.4   3402.3
68   17   42.8   250.0   3384.8
68   18   24.3   398.3   3564.0
69   0   37.0   491.4   3595.3
69   1   23.9   334.7   3587.7
69   2   -103.1   325.1   3563.1
69   3   -124.8   134.7   3452.2
69   4   23.5   317.9   3393.8
69   5   152.5   325.0   3576.3
69   6   173.3   125.1   3483.8
69   7   22.5   272.7   3363.8
69   8   21.2   143.7   3647.5
69   9   16.4   -17.1   3661.8
69   10   -71.2   -136.9   3674.5
69   11   -87.3   -465.7   3660.6
69   12   -7.1   -769.7   3688.8
69   13   98.6   -139.3   3675.5
69   14   93.6   -466.9   3641.4
69   15   37.9   -776.8   3678.9
69   16   -1.2   287.4   3403.6
69   17   47.6   248.1   3383.8
69   18   24.8   398.3   3567.8
