2   0   36.7   497.4   3492.8
2   1   39.4   321.0   3490.7
2   2   -109.0   310.0   3488.6
2   3   -106.9   85.8   3403.3
2   4   94.7   227.8   3312.3
2   5   184.8   304.0   3509.9
2   6   176.1   86.2   3409.8
2   7   18.3   270.0   3307.9
2   8   34.6   107.0   3518.0
2   9   31.8   -59.9   3530.3
2   10   -71.5   -165.0   3572.2
2   11   -44.8   -522.2   3557.6
2   12   29.2   -850.1   3584.7
2   13   128.0   -168.4   3580.3
2   14   91.8   -524.3   3555.9
2   15   32.3   -853.6   3597.4
2   16   61.1   204.1   3327.4
2   17   44.6   239.4   3324.9
2   18   40.9   392.6   3481.5
3   0   37.1   498.6   3493.1
3   1   39.7   322.3   3491.6
3   2   -107.9   310.5   3486.6
3   3   -108.3   85.3   3404.2
3   4   88.9   232.0   3312.4
3   5   185.5   305.5   3507.1
3   6   182.7   85.2   3414.7
3   7   24.5   264.9   3307.6
3   8   34.6   108.1   3520.3
3   9   31.6   -59.4   3534.1
3   10   -70.7   -162.9   3572.4
3   11   -45.7   -520.3   3559.3
3   12   28.7   -848.0   3576.6
3   13   127.1   -166.1   3581.0
3   14   93.1   -522.2   3558.8
3   15   34.9   -851.7   3586.4
3   16   56.1   207.6   3327.7
3   17   50.9   235.0   3325.5
3   18   41.3   393.9   3482.0
4   0   38.9   502.5   3494.2
4   1   40.6   326.2   3494.6
4   2   -105.5   313.7   3483.3
4   3   -110.6   87.2   3405.2
4   4   77.7   242.7   3311.0
4   5   187.1   309.9   3502.2
4   6   195.2   86.3   3420.5
4   7   34.4   254.5   3301.8
4   8   34.6   112.3   3527.2
4   9   31.1   -56.4   3545.0
4   10   -68.4   -154.1   3572.1
4   11   -47.3   -513.5   3560.7
4   12   21.3   -841.0   3552.6
4   13   125.3   -156.5   3581.6
4   14   94.3   -514.9   3563.9
4   15   39.8   -844.0   3561.6
4   16   46.3   216.8   3326.7
4   17   61.2   226.5   3321.6
4   18   42.6   397.6   3483.8
5   0   41.2   507.0   3495.3
5   1   41.7   330.9   3497.8
5   2   -102.2   317.4   3480.0
5   3   -113.2   90.0   3405.0
5   4   64.8   254.7   3308.6
5   5   187.9   314.1   3497.3
5   6   210.6   86.8   3429.4
5   7   50.5   241.1   3294.3
5   8   34.8   117.2   3534.2
5   9   30.5   -52.8   3556.2
5   10   -64.8   -144.5   3570.7
5   11   -48.5   -507.9   3562.4
5   12   12.1   -835.8   3529.6
5   13   123.2   -144.8   3581.3
5   14   95.7   -507.3   3568.1
5   15   45.2   -837.1   3541.9
5   16   35.1   227.3   3324.7
5   17   77.2   215.4   3316.8
5   18   44.0   402.1   3485.7
6   0   42.7   509.9   3496.0
6   1   42.5   333.8   3499.4
6   2   -99.8   320.0   3478.0
6   3   -114.6   92.3   3404.1
6   4   54.9   263.1   3306.8
6   5   187.5   316.2   3494.1
6   6   219.3   86.7   3434.7
6   7   63.9   236.5   3291.1
6   8   35.1   119.4   3537.3
6   9   30.1   -53.5   3561.0
6   10   -63.7   -138.5   3568.4
6   11   -49.4   -506.1   3563.8
6   12   -0.2   -836.3   3523.7
6   13   123.1   -136.9   3579.9
6   14   96.6   -503.7   3569.4
6   15   47.1   -834.6   3535.9
6   16   26.6   234.6   3323.0
6   17   89.8   211.5   3315.0
6   18   45.0   404.9   3486.8
7   0   43.4   511.2   3496.3
7   1   42.9   335.0   3499.6
7   2   -98.2   321.3   3476.9
7   3   -115.0   93.8   3402.8
7   4   51.4   267.4   3305.7
7   5   186.8   317.3   3492.6
7   6   221.8   86.9   3436.3
7   7   71.8   238.4   3288.8
7   8   35.5   118.8   3537.2
7   9   30.0   -56.6   3559.5
7   10   -64.8   -136.8   3566.0
7   11   -50.1   -505.1   3564.9
7   12   -5.6   -837.5   3532.3
7   13   124.0   -134.8   3578.0
7   14   97.8   -502.4   3570.2
7   15   47.8   -833.3   3529.8
7   16   23.7   238.5   3321.9
7   17   96.8   213.1   3313.4
7   18   45.4   406.2   3487.2
8   0   43.7   511.6   3496.4
8   1   43.1   335.4   3499.1
8   2   -97.4   322.2   3476.5
8   3   -114.8   95.2   3401.0
8   4   50.7   268.8   3305.8
8   5   186.1   317.9   3492.1
8   6   221.5   87.3   3435.8
8   7   74.6   241.1   3289.8
8   8   35.8   116.8   3535.8
8   9   30.0   -60.4   3554.5
8   10   -66.6   -137.1   3563.7
8   11   -50.0   -507.6   3564.0
8   12   -4.3   -840.9   3546.6
8   13   124.8   -135.4   3576.8
8   14   97.6   -505.2   3570.5
8   15   48.6   -836.2   3526.7
8   16   23.1   239.8   3321.6
8   17   99.1   215.5   3314.1
8   18   45.5   406.6   3487.2
9   0   43.7   511.6   3496.4
9   1   43.1   335.3   3498.5
9   2   -96.7   322.6   3475.8
9   3   -114.7   96.1   3398.6
9   4   51.2   268.7   3306.9
9   5   185.4   318.2   3492.1
9   6   221.0   88.0   3434.1
9   7   74.5   242.7   3291.6
9   8   36.0   114.7   3534.3
9   9   30.0   -63.5   3550.0
9   10   -67.8   -137.6   3563.2
9   11   -53.4   -509.4   3563.5
9   12   2.1   -841.5   3549.9
9   13   125.3   -135.9   3576.5
9   14   97.0   -506.9   3570.6
9   15   49.4   -838.0   3526.2
9   16   23.5   239.9   3322.1
9   17   99.0   216.9   3315.4
9   18   45.5   406.6   3486.9
10   0   43.6   511.4   3496.4
10   1   43.1   335.1   3497.9
10   2   -96.1   322.7   3474.7
10   3   -114.6   97.1   3395.1
10   4   51.9   268.2   3307.4
10   5   184.8   318.6   3492.1
10   6   220.9   89.0   3432.3
10   7   74.5   243.3   3292.9
10   8   36.0   112.9   3532.9
10   9   30.1   -65.9   3547.1
10   10   -68.5   -138.0   3563.2
10   11   -54.2   -508.8   3563.3
10   12   10.6   -839.0   3544.7
10   13   125.5   -136.5   3576.6
10   14   98.8   -506.6   3571.1
10   15   48.5   -837.3   3526.6
10   16   24.2   239.7   3322.0
10   17   98.9   217.6   3316.1
10   18   45.4   406.5   3486.6
11   0   43.5   511.2   3496.3
11   1   43.1   334.9   3497.3
11   2   -95.6   322.7   3473.6
11   3   -114.6   98.5   3390.4
11   4   53.0   267.4   3307.3
11   5   184.4   318.9   3492.2
11   6   220.6   90.0   3430.0
11   7   74.7   243.5   3293.4
11   8   36.0   111.8   3531.7
11   9   30.1   -67.6   3545.7
11   10   -68.6   -138.1   3563.6
11   11   -52.9   -506.9   3563.3
11   12   16.1   -836.2   3541.4
11   13   125.2   -136.9   3576.8
11   14   98.9   -505.1   3571.2
11   15   47.8   -835.7   3527.7
11   16   25.0   239.2   3321.1
11   17   99.0   217.9   3316.2
11   18   45.3   406.3   3486.3
12   0   43.3   511.0   3496.3
12   1   43.0   334.7   3496.8
12   2   -95.0   322.6   3472.4
12   3   -114.7   100.3   3384.5
12   4   56.8   266.9   3304.2
12   5   183.9   319.1   3492.3
12   6   220.4   90.9   3427.7
12   7   73.4   243.8   3291.1
12   8   36.0   111.1   3530.7
12   9   30.0   -68.8   3545.1
12   10   -68.3   -137.9   3564.2
12   11   -52.8   -506.3   3563.5
12   12   14.3   -835.8   3538.5
12   13   124.8   -137.1   3577.0
12   14   97.5   -504.8   3570.9
12   15   47.3   -835.5   3528.3
12   16   28.2   239.1   3317.6
12   17   97.9   218.3   3313.9
12   18   45.3   406.1   3486.0
13   0   43.2   510.8   3496.3
13   1   42.9   334.6   3496.5
13   2   -94.6   322.6   3471.7
13   3   -117.5   100.2   3385.1
13   4   56.3   253.4   3289.1
13   5   183.4   319.2   3493.4
13   6   220.2   91.8   3426.7
13   7   73.9   239.5   3285.2
13   8   35.5   110.8   3530.1
13   9   29.8   -69.4   3546.7
13   10   -68.2   -137.9   3565.1
13   11   -53.5   -505.1   3563.8
13   12   3.3   -835.6   3530.6
13   13   124.3   -137.4   3577.4
13   14   97.7   -503.8   3571.1
13   15   46.2   -834.5   3529.2
13   16   27.3   227.9   3305.1
13   17   98.3   214.9   3308.8
13   18   45.2   406.0   3485.7
14   0   43.2   510.7   3496.3
14   1   42.7   334.5   3496.3
14   2   -94.3   322.8   3471.3
14   3   -130.3   101.7   3386.4
14   4   52.2   218.3   3263.5
14   5   182.9   319.4   3496.1
14   6   221.2   92.6   3428.3
14   7   81.0   228.2   3269.2
14   8   34.8   110.7   3529.8
14   9   29.5   -69.7   3549.7
14   10   -68.4   -138.0   3565.5
14   11   -53.6   -506.7   3563.8
14   12   4.7   -835.7   3519.7
14   13   124.0   -137.9   3577.8
14   14   96.9   -505.8   3571.0
14   15   46.5   -836.7   3530.1
14   16   21.7   198.9   3284.0
14   17   104.4   205.6   3295.7
14   18   45.2   405.9   3485.6
15   0   43.2   510.6   3496.3
15   1   42.5   334.4   3496.2
15   2   -94.1   323.1   3471.2
15   3   -154.0   106.8   3389.3
15   4   -26.4   155.5   3199.4
15   5   182.3   319.8   3500.9
15   6   227.1   92.7   3438.4
15   7   132.6   190.0   3234.3
15   8   34.0   110.9   3529.8
15   9   29.1   -69.8   3553.0
15   10   -68.6   -138.0   3565.6
15   11   -47.4   -505.9   3562.0
15   12   11.1   -834.9   3516.2
15   13   123.6   -138.4   3578.2
15   14   98.6   -506.1   3571.7
15   15   47.3   -837.0   3531.2
15   16   -47.5   147.5   3231.1
15   17   148.2   173.9   3268.3
15   18   45.2   405.8   3485.5
16   0   43.2   510.6   3496.3
16   1   42.2   334.4   3496.2
16   2   -94.2   323.5   3471.2
16   3   -182.1   116.2   3392.7
16   4   -157.3   91.6   3169.5
16   5   181.8   320.1   3504.5
16   6   252.4   96.7   3462.9
16   7   245.4   118.6   3231.6
16   8   33.0   111.5   3530.0
16   9   28.6   -69.9   3555.6
16   10   -68.7   -138.0   3565.6
16   11   -49.4   -504.7   3562.0
16   12   11.7   -834.0   3523.0
16   13   123.0   -138.4   3579.0
16   14   98.9   -504.9   3572.3
16   15   45.5   -835.2   3529.9
16   16   -161.3   95.8   3206.7
16   17   246.5   115.0   3270.2
16   18   45.2   405.8   3485.4
17   0   43.2   510.5   3496.3
17   1   42.0   334.4   3496.2
17   2   -94.2   324.0   3471.2
17   3   -206.7   128.5   3392.3
17   4   -294.9   44.7   3200.3
17   5   181.6   320.2   3504.8
17   6   271.5   103.6   3461.0
17   7   369.5   40.7   3271.4
17   8   32.1   112.5   3530.4
17   9   28.1   -69.8   3557.1
17   10   -68.4   -136.3   3565.5
17   11   -50.1   -504.2   3562.0
17   12   6.1   -835.0   3528.5
17   13   122.0   -136.8   3579.2
17   14   97.4   -504.3   3572.1
17   15   45.2   -834.9   3529.9
17   16   -280.4   58.6   3232.3
17   17   353.3   51.1   3303.0
17   18   45.2   405.8   3485.2
18   0   43.2   510.5   3496.3
18   1   41.8   334.5   3496.2
18   2   -94.3   324.4   3471.3
18   3   -228.0   142.6   3391.2
18   4   -387.4   18.6   3257.6
18   5   181.7   320.1   3500.5
18   6   289.6   108.8   3473.7
18   7   447.5   -3.3   3327.5
18   8   31.3   114.1   3530.8
18   9   27.7   -69.3   3557.9
18   10   -68.0   -133.3   3565.5
18   11   -51.5   -500.8   3562.3
18   12   -4.0   -833.6   3538.1
18   13   120.6   -134.6   3579.1
18   14   97.2   -501.6   3572.3
18   15   46.2   -832.3   3530.6
18   16   -361.0   39.2   3279.9
18   17   421.3   15.3   3351.9
18   18   45.2   405.8   3485.0
19   0   43.2   510.6   3494.1
19   1   41.6   334.6   3495.3
19   2   -94.5   325.0   3471.3
19   3   -238.3   149.3   3392.6
19   4   -432.9   4.0   3313.0
19   5   181.7   320.2   3497.6
19   6   300.9   112.9   3492.7
19   7   483.4   -23.2   3371.3
19   8   30.7   116.5   3531.3
19   9   27.3   -67.8   3558.4
19   10   -68.0   -128.0   3565.5
19   11   -50.2   -493.9   3558.3
19   12   -1.9   -829.9   3542.2
19   13   118.7   -130.9   3578.8
19   14   97.6   -496.7   3572.8
19   15   47.3   -830.3   3530.9
19   16   -400.5   28.1   3326.3
19   17   453.0   -0.5   3391.5
19   18   45.2   405.7   3483.5
20   0   43.2   510.7   3489.1
20   1   41.5   334.8   3493.1
20   2   -94.7   325.4   3471.2
20   3   -243.4   150.2   3400.6
20   4   -448.2   -4.0   3344.5
20   5   181.4   320.4   3496.0
20   6   307.3   116.2   3501.8
20   7   499.0   -32.7   3403.0
20   8   30.3   119.6   3531.7
20   9   26.8   -65.4   3558.6
20   10   -68.2   -122.0   3565.4
20   11   -53.8   -486.7   3559.8
20   12   3.3   -822.3   3547.4
20   13   117.2   -126.3   3578.6
20   14   98.0   -490.8   3573.3
20   15   47.9   -825.4   3531.9
20   16   -414.0   21.7   3353.9
20   17   467.0   -7.9   3419.4
20   18   45.1   405.8   3480.4
21   0   43.2   510.8   3483.5
21   1   41.4   335.0   3490.4
21   2   -95.0   325.8   3471.0
21   3   -244.9   148.4   3409.7
21   4   -447.0   -7.8   3351.6
21   5   181.0   320.6   3495.6
21   6   310.9   118.8   3506.3
21   7   501.7   -34.1   3414.2
21   8   30.1   122.8   3531.9
21   9   26.3   -62.7   3558.4
21   10   -69.6   -114.6   3565.2
21   11   -55.9   -478.0   3562.6
21   12   0.5   -813.4   3544.7
21   13   116.9   -120.5   3578.4
21   14   98.7   -483.7   3574.1
21   15   48.4   -818.3   3534.2
21   16   -413.3   18.3   3361.3
21   17   469.9   -8.6   3429.6
21   18   45.1   405.8   3476.5
22   0   43.2   510.9   3477.9
22   1   41.3   335.2   3487.7
22   2   -95.2   326.1   3470.8
22   3   -244.5   147.3   3412.7
22   4   -442.4   -8.1   3349.1
22   5   180.4   321.0   3496.0
22   6   312.3   120.4   3507.4
22   7   499.9   -30.1   3411.6
22   8   30.0   125.4   3531.7
22   9   26.0   -60.5   3557.8
22   10   -68.5   -114.3   3564.8
22   11   -56.5   -476.5   3565.8
22   12   -1.9   -810.7   3536.3
22   13   115.8   -118.8   3578.0
22   14   98.1   -480.8   3574.9
22   15   49.3   -815.3   3536.9
22   16   -409.4   17.8   3359.7
22   17   468.6   -5.0   3427.5
22   18   45.1   405.8   3472.9
23   0   43.2   510.9   3476.1
23   1   41.3   335.3   3486.1
23   2   -95.4   326.5   3470.7
23   3   -243.5   147.7   3410.0
23   4   -440.3   -4.8   3341.1
23   5   180.1   321.2   3496.9
23   6   313.5   121.8   3506.8
23   7   497.2   -17.9   3393.7
23   8   30.0   126.8   3531.5
23   9   25.6   -59.1   3557.2
23   10   -68.6   -113.1   3564.3
23   11   -56.6   -478.0   3567.4
23   12   -4.1   -811.8   3535.7
23   13   115.0   -117.6   3577.7
23   14   96.8   -482.2   3575.2
23   15   50.4   -816.5   3537.9
23   16   -407.5   20.6   3352.5
23   17   466.6   5.4   3412.5
23   18   45.1   405.8   3470.8
24   0   43.2   510.8   3476.8
24   1   41.3   335.4   3485.5
24   2   -95.7   326.9   3470.6
24   3   -242.7   150.5   3401.8
24   4   -440.7   11.9   3312.5
24   5   179.8   321.4   3498.1
24   6   318.1   125.5   3504.3
24   7   508.4   18.2   3371.3
24   8   30.0   127.3   3531.3
24   9   25.3   -58.8   3556.5
24   10   -66.7   -116.8   3563.9
24   11   -56.6   -482.1   3567.7
24   12   -4.6   -815.1   3531.7
24   13   114.5   -118.2   3577.3
24   14   96.8   -483.3   3575.3
24   15   52.1   -817.2   3538.0
24   16   -407.7   35.0   3327.4
24   17   476.6   36.0   3393.5
24   18   45.1   405.8   3470.0
25   0   43.2   510.6   3479.7
25   1   41.3   335.4   3485.5
25   2   -96.0   327.3   3470.6
25   3   -244.5   159.5   3387.1
25   4   -448.8   64.1   3266.8
25   5   179.7   321.5   3499.4
25   6   335.6   140.4   3500.5
25   7   504.9   91.6   3322.3
25   8   30.0   127.2   3531.1
25   9   25.1   -59.1   3555.6
25   10   -67.7   -115.6   3563.3
25   11   -53.8   -480.1   3558.5
25   12   -5.6   -814.3   3530.1
25   13   114.1   -118.6   3576.6
25   14   96.9   -483.1   3575.2
25   15   53.2   -817.0   3536.7
25   16   -414.7   80.0   3286.9
25   17   476.7   99.7   3352.0
25   18   45.1   405.8   3470.1
26   0   43.2   510.1   3485.6
26   1   41.3   335.3   3487.0
26   2   -96.3   327.8   3471.0
26   3   -259.3   192.9   3365.1
26   4   -457.9   150.2   3208.6
26   5   179.8   321.4   3500.9
26   6   366.0   177.2   3489.3
26   7   504.7   180.9   3275.7
26   8   30.0   126.3   3531.0
26   9   25.1   -60.1   3554.2
26   10   -66.3   -118.7   3562.2
26   11   -52.6   -481.3   3541.6
26   12   -5.4   -816.2   3526.9
26   13   114.1   -119.0   3575.5
26   14   97.1   -482.4   3575.0
26   15   53.6   -815.9   3534.6
26   16   -424.8   157.2   3234.7
26   17   481.6   180.2   3311.3
26   18   45.1   405.8   3472.2
27   0   43.2   509.7   3492.1
27   1   41.3   335.1   3489.7
27   2   -96.5   328.5   3471.8
27   3   -282.1   250.4   3354.1
27   4   -409.6   279.1   3146.2
27   5   180.1   321.3   3502.5
27   6   389.2   236.3   3453.3
27   7   524.8   287.5   3236.4
27   8   29.9   125.0   3531.0
27   9   25.0   -61.6   3552.2
27   10   -67.5   -117.1   3560.5
27   11   -53.6   -478.6   3537.1
27   12   -5.8   -814.4   3527.9
27   13   114.0   -119.2   3573.9
27   14   97.3   -481.5   3574.7
27   15   53.5   -815.5   3533.2
27   16   -388.5   274.2   3180.8
27   17   502.2   278.9   3272.6
27   18   45.1   405.8   3475.8
28   0   43.2   509.8   3495.9
28   1   41.3   334.9   3492.7
28   2   -96.6   329.6   3472.6
28   3   -278.0   327.9   3331.7
28   4   -416.6   392.7   3124.0
28   5   182.5   325.3   3503.7
28   6   393.3   309.6   3413.6
28   7   539.1   404.1   3216.1
28   8   29.9   123.6   3531.0
28   9   25.0   -63.1   3549.0
28   10   -69.0   -113.6   3558.3
28   11   -56.6   -474.4   3537.2
28   12   -5.8   -812.3   3533.4
28   13   113.6   -119.0   3571.3
28   14   97.3   -480.2   3574.2
28   15   52.9   -816.7   3533.8
28   16   -393.6   381.9   3158.6
28   17   514.8   388.4   3249.0
28   18   45.1   405.8   3479.8
29   0   42.6   512.0   3497.2
29   1   40.3   336.7   3495.0
29   2   -99.1   335.8   3473.3
29   3   -261.2   397.5   3317.2
29   4   -397.0   527.7   3136.7
29   5   186.6   339.7   3504.9
29   6   389.6   386.1   3396.5
29   7   452.0   542.6   3207.2
29   8   29.9   123.9   3530.7
29   9   24.9   -62.9   3544.7
29   10   -69.7   -109.9   3555.7
29   11   -68.3   -469.4   3527.1
29   12   -3.8   -805.2   3531.5
29   13   112.8   -118.2   3567.5
29   14   97.1   -478.6   3573.5
29   15   53.1   -815.6   3533.6
29   16   -374.3   506.1   3166.8
29   17   441.6   516.5   3238.7
29   18   43.7   407.8   3483.1
30   0   41.2   517.9   3489.2
30   1   38.5   342.0   3495.8
30   2   -107.0   359.5   3472.4
30   3   -246.2   476.6   3318.4
30   4   -366.7   650.9   3155.0
30   5   188.5   358.9   3504.8
30   6   382.2   446.4   3390.4
30   7   269.0   487.9   3297.3
30   8   30.7   127.3   3530.3
30   9   25.7   -59.9   3541.2
30   10   -69.1   -102.1   3551.6
30   11   -81.9   -461.0   3531.2
30   12   -1.1   -794.1   3536.0
30   13   110.9   -115.3   3562.2
30   14   96.5   -475.0   3572.3
30   15   53.4   -813.1   3533.9
30   16   -346.6   621.9   3182.3
30   17   287.3   480.5   3312.8
30   18   41.1   413.1   3484.4
31   0   38.4   524.5   3474.3
31   1   36.6   350.2   3493.9
31   2   -111.6   375.5   3471.0
31   3   -227.4   536.7   3333.6
31   4   -311.5   743.8   3183.0
31   5   187.6   376.7   3498.1
31   6   362.2   506.0   3389.7
31   7   335.6   653.9   3319.8
31   8   32.3   134.3   3528.9
31   9   26.9   -51.6   3537.7
31   10   -68.1   -86.1   3545.2
31   11   -78.0   -445.1   3529.2
31   12   2.9   -777.8   3537.0
31   13   109.2   -105.0   3554.5
31   14   95.9   -463.9   3570.1
31   15   54.7   -802.3   3535.6
31   16   -297.4   709.3   3208.1
31   17   339.8   629.1   3331.5
31   18   38.0   421.4   3482.3
32   0   34.8   532.8   3457.5
32   1   34.9   360.4   3489.2
32   2   -114.1   388.7   3470.4
32   3   -208.3   576.1   3346.0
32   4   -277.0   801.6   3212.0
32   5   184.3   390.2   3490.3
32   6   342.6   546.6   3390.7
32   7   383.3   749.0   3325.5
32   8   34.9   144.4   3524.8
32   9   28.4   -39.7   3532.6
32   10   -65.1   -68.7   3535.5
32   11   -68.1   -427.5   3522.6
32   12   10.3   -759.3   3543.2
32   13   111.4   -85.7   3545.8
32   14   98.1   -444.4   3553.7
32   15   56.7   -782.8   3539.5
32   16   -265.5   764.0   3234.3
32   17   376.5   715.1   3336.4
32   18   35.0   431.5   3477.5
33   0   30.7   541.9   3445.9
33   1   33.4   370.4   3483.2
33   2   -113.9   394.5   3471.2
33   3   -198.0   589.3   3349.4
33   4   -265.7   820.7   3225.6
33   5   178.9   397.5   3484.0
33   6   334.9   558.9   3388.5
33   7   407.4   787.1   3316.2
33   8   37.1   154.6   3518.0
33   9   30.4   -27.5   3527.2
33   10   -57.2   -66.9   3530.6
33   11   -66.7   -425.4   3522.8
33   12   12.2   -755.9   3546.5
33   13   108.4   -79.4   3543.1
33   14   108.1   -436.3   3521.4
33   15   57.4   -770.9   3542.8
33   16   -254.4   782.1   3246.2
33   17   395.3   749.0   3328.3
33   18   32.2   441.5   3471.7
34   0   25.2   549.4   3443.8
34   1   31.5   377.1   3478.3
34   2   -112.6   394.7   3472.4
34   3   -199.0   588.3   3352.5
34   4   -270.4   812.3   3220.1
34   5   170.8   395.7   3482.2
34   6   331.8   548.7   3384.9
34   7   418.3   786.2   3302.9
34   8   38.2   160.5   3511.4
34   9   32.1   -19.9   3523.0
34   10   -53.3   -72.7   3528.7
34   11   -65.6   -430.9   3525.7
34   12   7.6   -761.6   3552.6
34   13   107.6   -82.8   3542.2
34   14   114.0   -437.1   3494.8
34   15   57.0   -766.9   3545.7
34   16   -258.5   775.0   3242.2
34   17   403.8   746.6   3316.6
34   18   29.3   448.3   3467.4
35   0   20.4   553.2   3452.6
35   1   29.0   379.3   3475.6
35   2   -111.3   389.6   3474.2
35   3   -207.8   575.2   3352.9
35   4   -295.7   788.8   3215.9
35   5   163.5   391.6   3481.4
35   6   333.3   527.0   3378.2
35   7   426.4   763.7   3284.1
35   8   38.2   161.0   3506.3
35   9   33.3   -19.3   3520.2
35   10   -56.3   -75.7   3528.2
35   11   -64.3   -433.8   3523.6
35   12   0.0   -762.5   3571.7
35   13   112.6   -85.7   3543.3
35   14   112.7   -441.7   3518.5
35   15   54.9   -773.1   3545.3
35   16   -281.1   753.1   3238.7
35   17   410.9   724.3   3299.8
35   18   26.0   450.6   3465.5
36   0   17.4   553.6   3467.2
36   1   26.2   379.1   3474.8
36   2   -111.0   383.5   3474.9
36   3   -218.1   557.9   3349.1
36   4   -319.7   761.7   3209.7
36   5   157.9   388.9   3482.0
36   6   332.5   507.7   3369.1
36   7   438.9   735.9   3269.8
36   8   37.7   159.0   3504.3
36   9   34.0   -21.9   3519.1
36   10   -58.4   -81.3   3528.3
36   11   -64.1   -439.2   3522.7
36   12   3.7   -761.6   3596.0
36   13   116.7   -90.3   3544.2
36   14   108.9   -447.0   3539.8
36   15   53.1   -779.4   3546.1
36   16   -302.7   727.7   3232.9
36   17   421.2   697.8   3286.4
36   18   22.5   450.4   3465.3
37   0   16.1   551.7   3479.9
37   1   24.1   377.6   3475.3
37   2   -109.7   376.0   3475.1
37   3   -229.1   539.1   3346.7
37   4   -338.6   738.1   3209.0
37   5   154.0   386.3   3483.2
37   6   329.9   495.4   3362.9
37   7   448.2   715.6   3264.9
37   8   37.1   155.9   3504.5
37   9   34.3   -25.7   3519.1
37   10   -59.8   -87.1   3528.7
37   11   -65.2   -444.8   3524.4
37   12   19.7   -757.1   3617.8
37   13   118.3   -97.0   3544.8
37   14   113.6   -450.4   3505.7
37   15   51.1   -773.4   3561.5
37   16   -320.4   704.9   3232.0
37   17   428.5   678.9   3281.2
37   18   19.9   448.9   3465.9
38   0   15.8   548.8   3487.5
38   1   22.8   375.2   3476.3
38   2   -109.5   371.2   3475.1
38   3   -237.9   523.9   3343.1
38   4   -350.6   720.7   3206.7
38   5   151.4   382.6   3483.7
38   6   326.5   487.4   3358.3
38   7   452.0   702.3   3262.5
38   8   36.5   152.4   3506.0
38   9   34.3   -30.4   3519.6
38   10   -60.6   -92.9   3529.3
38   11   -67.2   -450.4   3528.3
38   12   36.0   -760.5   3608.3
38   13   118.1   -104.6   3545.0
38   14   108.4   -459.8   3530.2
38   15   50.4   -787.3   3553.4
38   16   -331.8   687.9   3229.4
38   17   431.1   666.4   3278.5
38   18   18.4   446.5   3466.8
39   0   16.0   546.1   3489.1
39   1   22.1   372.4   3477.4
39   2   -109.7   368.2   3475.0
39   3   -241.6   516.3   3341.0
39   4   -358.2   710.3   3205.1
39   5   150.3   379.9   3483.7
39   6   323.9   481.6   3354.0
39   7   452.2   693.1   3258.3
39   8   36.1   148.9   3508.2
39   9   34.2   -35.2   3520.5
39   10   -60.1   -98.7   3530.0
39   11   -69.8   -458.4   3535.2
39   12   43.3   -768.1   3601.8
39   13   117.4   -110.4   3545.4
39   14   103.7   -468.9   3543.4
39   15   50.1   -799.4   3547.8
39   16   -338.8   678.0   3227.8
39   17   430.8   657.9   3274.3
39   18   17.6   443.6   3467.5
40   0   16.2   544.6   3487.3
40   1   21.7   370.4   3478.6
40   2   -110.6   367.9   3474.9
40   3   -243.7   513.3   3339.3
40   4   -363.5   704.3   3202.4
40   5   150.2   378.9   3483.8
40   6   322.1   476.9   3349.5
40   7   449.0   686.1   3249.4
40   8   35.5   146.5   3510.8
40   9   34.0   -38.7   3521.5
40   10   -61.5   -98.3   3531.2
40   11   -73.4   -458.6   3532.3
40   12   30.0   -772.3   3595.5
40   13   118.2   -110.9   3546.4
40   14   100.2   -470.6   3550.7
40   15   49.6   -802.5   3548.1
40   16   -343.5   672.5   3225.2
40   17   427.9   651.2   3266.1
40   18   17.3   441.5   3468.3
41   0   16.5   544.1   3482.6
41   1   21.5   369.3   3479.6
41   2   -111.5   369.0   3474.8
41   3   -246.0   510.9   3337.2
41   4   -365.5   701.7   3196.0
41   5   150.3   379.0   3483.8
41   6   323.6   471.9   3347.9
41   7   441.4   677.0   3227.9
41   8   35.0   145.1   3512.7
41   9   33.8   -40.9   3522.6
41   10   -62.8   -95.3   3533.0
41   11   -69.8   -455.2   3544.8
41   12   10.1   -777.2   3592.4
41   13   120.3   -106.6   3548.2
41   14   98.5   -466.1   3555.1
41   15   49.8   -798.7   3552.8
41   16   -345.6   669.9   3219.5
41   17   421.8   642.8   3247.9
41   18   17.3   440.3   3469.1
42   0   16.9   544.0   3477.3
42   1   21.4   368.7   3480.2
42   2   -111.7   369.7   3474.7
42   3   -252.2   499.4   3331.8
42   4   -359.5   695.6   3188.1
42   5   150.5   379.5   3483.8
42   6   328.8   463.6   3349.2
42   7   431.2   665.7   3211.2
42   8   34.4   144.3   3513.9
42   9   33.6   -42.1   3523.5
42   10   -62.8   -93.3   3535.0
42   11   -73.4   -452.4   3533.3
42   12   -1.6   -773.6   3596.7
42   13   122.0   -101.6   3549.7
42   14   99.0   -460.6   3557.6
42   15   50.0   -793.1   3559.5
42   16   -341.6   662.9   3212.1
42   17   414.2   632.0   3234.2
42   18   17.3   439.7   3469.6
43   0   17.3   544.0   3474.4
43   1   21.4   368.4   3480.8
43   2   -111.6   370.2   3474.6
43   3   -262.7   474.3   3323.8
43   4   -345.0   681.2   3180.9
43   5   150.4   379.5   3483.8
43   6   338.6   444.2   3353.3
43   7   419.7   648.4   3205.3
43   8   33.8   143.8   3514.5
43   9   33.4   -42.6   3524.4
43   10   -62.3   -92.4   3537.3
43   11   -80.0   -450.7   3530.6
43   12   -4.2   -770.2   3598.5
43   13   121.1   -100.8   3550.9
43   14   99.7   -459.1   3559.6
43   15   49.7   -791.3   3558.9
43   16   -331.3   646.7   3204.7
43   17   406.2   614.4   3230.0
43   18   17.4   439.4   3470.2
44   0   17.8   543.9   3473.3
44   1   21.3   368.3   3481.3
44   2   -111.2   370.2   3474.5
44   3   -274.4   439.7   3317.9
44   4   -311.1   658.0   3178.3
44   5   150.1   379.1   3483.8
44   6   345.2   405.4   3353.2
44   7   406.7   615.7   3205.0
44   8   33.1   143.4   3514.8
44   9   33.2   -42.9   3525.2
44   10   -61.7   -92.0   3538.4
44   11   -69.2   -449.7   3544.0
44   12   -3.3   -773.9   3596.7
44   13   121.1   -99.0   3551.4
44   14   99.6   -456.6   3560.1
44   15   49.9   -788.6   3556.5
44   16   -305.0   621.6   3201.6
44   17   396.5   580.6   3229.7
44   18   17.6   439.2   3470.7
45   0   18.2   543.7   3473.2
45   1   21.2   368.1   3481.7
45   2   -110.0   368.5   3474.4
45   3   -282.9   389.9   3316.3
45   4   -247.4   608.9   3182.9
45   5   148.8   376.2   3483.7
45   6   343.0   356.7   3352.1
45   7   356.8   575.9   3206.7
45   8   32.4   143.0   3514.9
45   9   33.0   -43.1   3526.0
45   10   -61.1   -92.4   3538.8
45   11   -73.6   -449.6   3538.2
45   12   5.2   -768.9   3600.0
45   13   120.8   -98.3   3551.5
45   14   100.0   -455.4   3560.0
45   15   50.0   -787.0   3553.1
45   16   -253.3   572.4   3205.1
45   17   354.5   539.3   3231.0
45   18   17.7   439.0   3471.3
46   0   18.6   542.7   3473.5
46   1   21.2   367.2   3482.2
46   2   -107.6   363.3   3474.3
46   3   -267.8   325.3   3308.8
46   4   -170.7   541.2   3200.2
46   5   145.9   369.0   3483.5
46   6   327.2   303.0   3348.6
46   7   272.2   517.5   3212.6
46   8   31.6   142.0   3515.0
46   9   32.8   -43.8   3527.0
46   10   -60.6   -92.9   3539.0
46   11   -80.3   -452.1   3529.8
46   12   16.4   -765.2   3597.7
46   13   120.5   -98.0   3551.4
46   14   98.7   -457.3   3560.4
46   15   50.0   -789.1   3552.3
46   16   -186.9   505.2   3218.3
46   17   281.3   481.8   3235.3
46   18   17.9   438.1   3471.9
47   0   21.5   541.4   3473.7
47   1   21.1   366.0   3482.6
47   2   -104.1   355.8   3474.2
47   3   -229.0   256.1   3309.4
47   4   -94.5   469.1   3241.5
47   5   143.6   362.1   3483.3
47   6   284.2   237.4   3351.4
47   7   187.5   455.1   3248.1
47   8   31.1   140.8   3515.2
47   9   32.6   -44.8   3528.1
47   10   -59.8   -94.2   3539.4
47   11   -70.6   -457.4   3545.3
47   12   28.2   -773.3   3593.6
47   13   120.1   -98.0   3551.6
47   14   98.0   -461.2   3560.4
47   15   49.5   -792.9   3553.1
47   16   -116.9   433.6   3252.8
47   17   203.6   418.8   3265.3
47   18   18.0   436.9   3472.4
48   0   26.3   538.9   3474.5
48   1   21.1   364.1   3480.8
48   2   -100.4   346.7   3468.1
48   3   -178.8   196.0   3313.2
48   4   -17.6   397.0   3259.8
48   5   140.7   352.9   3479.4
48   6   240.5   179.4   3366.1
48   7   108.8   384.1   3271.1
48   8   30.7   139.2   3515.0
48   9   32.3   -46.2   3531.2
48   10   -58.8   -99.7   3541.3
48   11   -80.7   -462.9   3533.2
48   12   23.0   -775.5   3595.5
48   13   119.0   -103.2   3553.0
48   14   99.1   -467.2   3560.1
48   15   47.8   -799.0   3553.6
48   16   -44.5   363.5   3268.7
48   17   130.8   350.0   3287.0
48   18   18.1   434.9   3470.1
49   0   28.6   533.6   3475.2
49   1   21.1   359.6   3478.0
49   2   -100.0   339.5   3462.9
49   3   -138.3   154.7   3324.7
49   4   36.9   345.7   3275.6
49   5   140.1   344.6   3474.5
49   6   204.1   138.0   3386.7
49   7   58.4   324.3   3274.8
49   8   30.2   135.1   3515.9
49   9   31.9   -48.3   3537.3
49   10   -57.1   -112.7   3547.3
49   11   -80.1   -478.2   3523.5
49   12   19.0   -788.6   3602.3
49   13   115.9   -117.3   3557.9
49   14   98.2   -484.4   3560.5
49   15   44.3   -815.8   3553.9
49   16   7.7   313.9   3283.8
49   17   82.7   293.2   3293.5
49   18   18.3   430.2   3466.0
50   0   29.2   526.6   3475.6
50   1   21.1   353.5   3475.7
50   2   -102.1   334.3   3461.2
50   3   -122.2   131.3   3338.1
50   4   58.6   315.2   3285.6
50   5   142.0   339.2   3471.3
50   6   183.3   116.4   3399.4
50   7   35.8   297.0   3279.9
50   8   29.6   129.5   3518.8
50   9   31.3   -51.4   3545.6
50   10   -57.9   -126.2   3558.6
50   11   -75.2   -489.6   3512.5
50   12   16.0   -800.0   3605.5
50   13   113.4   -133.3   3569.2
50   14   97.9   -500.1   3561.7
50   15   40.4   -832.1   3554.0
50   16   28.4   284.6   3294.3
50   17   60.4   266.9   3299.8
50   18   18.4   423.7   3462.2
51   0   29.2   520.2   3475.9
51   1   21.1   347.8   3474.7
51   2   -104.9   331.6   3460.1
51   3   -118.6   120.9   3346.6
51   4   63.2   301.7   3291.8
51   5   144.8   336.3   3469.4
51   6   178.2   109.0   3401.7
51   7   30.3   287.7   3280.6
51   8   29.2   124.4   3523.1
51   9   30.5   -54.0   3552.9
51   10   -61.1   -132.7   3565.6
51   11   -74.7   -495.2   3504.7
51   12   16.7   -806.8   3605.3
51   13   115.3   -140.1   3577.3
51   14   97.3   -507.3   3561.6
51   15   38.7   -842.3   3553.7
51   16   32.9   271.6   3300.9
51   17   55.0   257.9   3300.8
51   18   18.5   417.7   3459.5
52   0   29.1   515.6   3476.2
52   1   21.2   343.9   3474.5
52   2   -107.3   330.9   3459.3
52   3   -117.5   119.4   3347.7
52   4   63.4   299.5   3292.1
52   5   147.1   335.3   3469.0
52   6   179.6   108.5   3400.4
52   7   33.0   286.9   3278.6
52   8   28.9   121.4   3527.4
52   9   29.7   -55.4   3557.1
52   10   -64.2   -131.6   3567.9
52   11   -69.7   -495.5   3531.1
52   12   22.7   -814.4   3600.5
52   13   118.4   -137.2   3580.7
52   14   97.4   -502.9   3562.0
52   15   40.6   -838.6   3553.7
52   16   33.3   269.5   3301.4
52   17   57.5   257.1   3298.9
52   18   18.7   413.4   3457.9
53   0   29.0   513.1   3476.3
53   1   21.2   341.9   3474.6
53   2   -108.9   331.5   3458.2
53   3   -118.1   121.2   3346.2
53   4   61.3   301.1   3288.8
53   5   148.6   335.4   3469.2
53   6   184.2   110.5   3399.3
53   7   39.1   287.0   3274.3
53   8   28.6   120.3   3530.4
53   9   28.9   -55.2   3558.8
53   10   -63.2   -135.1   3568.6
53   11   -72.5   -499.7   3537.4
53   12   24.0   -818.7   3600.1
53   13   113.9   -142.8   3581.0
53   14   97.0   -508.4   3561.7
53   15   40.8   -843.5   3553.7
53   16   31.4   271.1   3298.4
53   17   63.2   257.6   3295.1
53   18   18.9   411.1   3457.1
54   0   28.9   511.7   3476.4
54   1   21.3   340.8   3474.7
54   2   -109.8   332.1   3456.9
54   3   -119.2   122.6   3345.5
54   4   57.4   302.9   3283.1
54   5   149.5   335.5   3468.9
54   6   186.0   112.2   3397.3
54   7   41.6   289.5   3273.5
54   8   28.3   120.2   3532.1
54   9   28.1   -54.5   3559.3
54   10   -63.5   -135.1   3569.0
54   11   -67.0   -502.5   3555.6
54   12   22.5   -826.2   3587.7
54   13   112.1   -143.3   3581.4
54   14   96.9   -510.6   3562.0
54   15   41.5   -844.6   3553.3
54   16   27.9   272.8   3293.5
54   17   65.7   259.9   3294.2
54   18   19.2   409.9   3456.7
55   0   28.9   511.1   3476.4
55   1   21.4   340.4   3474.7
55   2   -110.1   333.0   3456.3
55   3   -120.0   123.8   3345.7
55   4   52.9   305.8   3279.8
55   5   149.8   335.5   3468.8
55   6   185.9   113.8   3394.2
55   7   45.1   296.7   3275.6
55   8   27.9   120.5   3532.9
55   9   27.3   -53.3   3559.2
55   10   -63.7   -134.9   3569.2
55   11   -70.7   -501.2   3549.0
55   12   23.1   -822.8   3583.6
55   13   109.1   -144.4   3581.3
55   14   97.5   -511.0   3563.9
55   15   41.8   -843.5   3552.2
55   16   24.1   275.4   3290.8
55   17   68.5   266.2   3295.3
55   18   19.4   409.4   3456.4
56   0   28.9   510.9   3476.4
56   1   21.6   340.4   3474.4
56   2   -110.2   333.8   3456.4
56   3   -120.6   124.4   3347.2
56   4   45.1   312.0   3282.0
56   5   149.9   335.4   3468.1
56   6   185.8   114.8   3391.2
56   7   50.5   306.0   3282.0
56   8   27.6   121.2   3533.2
56   9   26.5   -51.9   3558.9
56   10   -63.9   -133.8   3569.1
56   11   -66.6   -498.6   3562.2
56   12   22.7   -821.9   3578.8
56   13   107.8   -142.8   3581.4
56   14   97.7   -507.5   3565.1
56   15   42.8   -839.0   3553.4
56   16   17.4   280.7   3292.9
56   17   73.1   274.2   3300.2
56   18   19.7   409.3   3456.0
57   0   31.8   510.4   3476.4
57   1   21.8   340.6   3474.1
57   2   -109.9   334.4   3456.8
57   3   -121.0   124.4   3349.5
57   4   27.7   324.1   3284.9
57   5   150.1   335.2   3466.9
57   6   185.9   114.5   3390.8
57   7   61.3   315.7   3289.2
57   8   27.2   122.0   3533.2
57   9   25.7   -50.6   3558.6
57   10   -63.9   -132.2   3568.8
57   11   -60.3   -495.6   3565.5
57   12   14.8   -821.7   3563.0
57   13   107.7   -139.0   3581.4
57   14   97.0   -502.0   3564.1
57   15   44.9   -833.0   3554.9
57   16   2.9   290.8   3295.7
57   17   82.1   282.2   3306.1
57   18   20.1   409.3   3455.5
58   0   36.4   509.8   3476.3
58   1   22.2   340.7   3473.7
58   2   -109.4   334.9   3457.6
58   3   -121.4   124.2   3351.9
58   4   -7.6   342.6   3284.4
58   5   150.4   335.0   3465.7
58   6   186.0   113.8   3391.5
58   7   87.6   327.4   3289.2
58   8   26.8   122.5   3533.2
58   9   24.9   -51.4   3558.6
58   10   -64.4   -130.7   3568.7
58   11   -58.9   -492.3   3570.1
58   12   9.6   -818.9   3551.0
58   13   107.0   -136.9   3581.2
58   14   97.4   -498.0   3565.2
58   15   46.0   -828.3   3555.0
58   16   -26.6   306.2   3295.7
58   17   104.0   291.8   3306.3
58   18   20.7   409.4   3454.9
59   0   39.8   509.3   3476.2
59   1   22.6   340.8   3473.7
59   2   -108.9   335.3   3458.5
59   3   -121.6   125.0   3352.5
59   4   -37.7   354.5   3276.3
59   5   150.5   335.0   3470.2
59   6   185.7   115.9   3390.5
59   7   120.3   342.1   3290.2
59   8   26.4   122.5   3533.3
59   9   24.0   -53.5   3558.7
59   10   -65.6   -129.3   3568.8
59   11   -57.6   -490.7   3570.6
59   12   7.5   -817.7   3557.4
59   13   106.5   -135.5   3581.0
59   14   97.0   -496.5   3564.5
59   15   47.0   -826.2   3555.4
59   16   -51.7   316.2   3289.0
59   17   131.2   304.4   3306.9
59   18   21.4   409.5   3455.0
60   0   41.5   509.3   3476.1
60   1   23.1   340.9   3474.1
60   2   -108.3   335.8   3459.4
60   3   -121.8   126.4   3351.8
60   4   -56.6   356.0   3261.8
60   5   151.1   334.9   3472.8
60   6   185.2   117.8   3387.7
60   7   137.9   349.6   3292.3
60   8   26.1   122.1   3533.5
60   9   23.2   -54.1   3558.5
60   10   -67.1   -128.2   3568.8
60   11   -59.0   -488.1   3557.1
60   12   7.6   -810.0   3589.9
60   13   106.2   -134.7   3580.9
60   14   97.1   -494.6   3564.9
60   15   97.4   -826.5   3565.3
60   16   -67.4   317.7   3276.8
60   17   145.8   311.0   3308.2
60   18   22.2   409.5   3455.5
61   0   41.9   509.5   3476.0
61   1   23.7   341.0   3474.6
61   2   -107.8   336.2   3460.2
61   3   -121.8   128.1   3350.7
61   4   -59.0   356.9   3261.9
61   5   151.9   334.6   3474.0
61   6   184.5   118.4   3386.2
61   7   140.7   350.5   3294.6
61   8   25.7   121.6   3533.7
61   9   22.4   -54.1   3558.3
61   10   -68.1   -128.4   3568.8
61   11   -60.3   -487.0   3561.4
61   12   7.9   -805.9   3618.2
61   13   105.9   -134.3   3580.8
61   14   97.2   -492.8   3565.1
61   15   97.3   -824.3   3565.2
61   16   -69.5   318.7   3276.7
61   17   148.0   311.8   3309.9
61   18   23.1   409.6   3456.1
62   0   41.7   509.7   3475.9
62   1   24.7   341.0   3474.7
62   2   -107.0   336.8   3460.3
62   3   -121.7   128.9   3350.6
62   4   -25.4   346.1   3280.3
62   5   153.2   333.9   3473.5
62   6   183.3   117.6   3385.5
62   7   116.4   341.3   3297.0
62   8   25.3   121.0   3533.9
62   9   21.7   -53.7   3557.9
62   10   -69.1   -128.7   3568.9
62   11   -60.3   -486.0   3568.2
62   12   7.6   -805.8   3623.5
62   13   105.7   -134.2   3580.7
62   14   97.2   -491.2   3565.1
62   15   97.1   -822.3   3565.1
62   16   -41.4   309.9   3292.0
62   17   127.6   304.0   3311.8
62   18   24.5   409.6   3456.3
63   0   41.3   509.9   3475.9
63   1   25.8   341.1   3474.5
63   2   -106.1   337.3   3459.9
63   3   -121.3   129.2   3351.2
63   4   12.5   327.0   3290.4
63   5   154.8   333.0   3471.7
63   6   181.7   115.4   3386.2
63   7   77.3   319.5   3294.0
63   8   25.0   120.5   3534.1
63   9   21.2   -53.3   3557.5
63   10   -69.9   -129.0   3569.0
63   11   -60.1   -488.8   3571.2
63   12   7.7   -810.2   3614.2
63   13   105.8   -134.1   3580.8
63   14   97.0   -493.5   3564.8
63   15   96.8   -827.4   3564.5
63   16   -9.8   294.0   3300.5
63   17   94.7   285.5   3309.3
63   18   26.1   409.6   3456.1
64   0   40.8   510.1   3475.9
64   1   27.2   341.2   3474.3
64   2   -104.9   337.9   3459.4
64   3   -120.5   129.1   3352.4
64   4   35.2   312.4   3296.8
64   5   156.6   332.0   3469.9
64   6   179.3   112.9   3387.7
64   7   50.6   301.6   3294.4
64   8   24.9   120.0   3534.2
64   9   20.9   -52.9   3557.2
64   10   -70.9   -128.7   3569.1
64   11   -60.0   -489.3   3571.3
64   12   8.4   -812.0   3595.1
64   13   106.2   -133.6   3580.8
64   14   96.4   -493.8   3563.9
64   15   96.0   -825.0   3563.2
64   16   9.3   281.9   3306.1
64   17   72.1   270.2   3310.0
64   18   27.9   409.6   3455.7
65   0   40.4   510.3   3475.9
65   1   28.7   341.3   3474.1
65   2   -103.5   338.6   3459.2
65   3   -119.0   129.0   3354.0
65   4   45.0   308.4   3300.6
65   5   158.2   331.0   3469.7
65   6   176.1   110.7   3390.1
65   7   39.6   294.1   3292.4
65   8   24.9   121.8   3533.7
65   9   20.7   -50.3   3556.5
65   10   -71.4   -128.7   3569.1
65   11   -60.0   -490.6   3570.3
65   12   12.3   -813.0   3580.6
65   13   106.4   -133.5   3580.9
65   14   96.4   -495.0   3563.8
65   15   43.0   -823.1   3567.1
65   16   17.7   278.5   3309.5
65   17   62.3   263.5   3308.7
65   18   29.9   409.6   3455.5
66   0   40.0   510.3   3475.9
66   1   29.8   341.3   3474.0
66   2   -102.4   339.0   3459.0
66   3   -116.9   128.6   3355.8
66   4   49.0   308.8   3303.4
66   5   159.3   330.4   3470.4
66   6   174.6   108.2   3396.0
66   7   39.9   289.3   3288.3
66   8   25.0   124.5   3533.0
66   9   20.7   -47.0   3555.9
66   10   -71.7   -128.9   3569.1
66   11   -60.4   -490.0   3570.5
66   12   13.6   -812.1   3571.0
66   13   106.5   -133.6   3581.0
66   14   96.8   -494.3   3565.0
66   15   42.2   -820.4   3571.4
66   16   21.3   278.8   3312.1
66   17   62.4   259.1   3306.3
66   18   31.3   409.6   3455.4
67   0   39.8   510.4   3475.9
67   1   30.7   341.4   3473.9
67   2   -101.4   339.2   3459.0
67   3   -114.3   127.9   3357.8
67   4   50.7   310.0   3303.9
67   5   160.0   329.9   3471.9
67   6   174.1   105.9   3403.7
67   7   43.0   284.1   3284.6
67   8   25.1   127.2   3532.3
67   9   20.7   -43.8   3555.3
67   10   -72.0   -128.9   3569.2
67   11   -60.3   -488.5   3570.7
67   12   14.0   -810.3   3567.2
67   13   106.7   -133.5   3581.2
67   14   96.3   -492.8   3565.1
67   15   41.6   -818.1   3572.9
67   16   23.2   279.7   3312.9
67   17   64.9   254.4   3304.5
67   18   32.5   409.6   3455.4
68   0   39.6   510.4   3475.9
68   1   31.2   341.4   3473.9
68   2   -100.7   339.2   3459.0
68   3   -111.3   127.0   3359.8
68   4   51.1   311.8   3303.5
68   5   160.2   329.8   3474.2
68   6   174.1   105.1   3408.4
68   7   46.2   283.7   3284.4
68   8   25.1   127.4   3532.2
68   9   20.7   -43.1   3555.2
68   10   -72.2   -129.0   3569.2
68   11   -60.2   -486.7   3571.1
68   12   13.8   -808.3   3565.8
68   13   106.9   -133.5   3581.4
68   14   96.7   -491.0   3566.4
68   15   41.8   -815.9   3571.9
68   16   24.0   281.0   3312.9
68   17   67.5   253.9   3305.0
68   18   33.1   409.6   3455.4
69   0   39.5   510.4   3475.8
69   1   31.5   341.5   3474.1
69   2   -100.1   338.9   3459.0
69   3   -110.0   125.7   3362.5
69   4   50.1   312.3   3303.0
69   5   160.1   329.9   3477.8
69   6   174.1   105.8   3410.7
69   7   49.4   287.9   3287.1
69   8   25.2   126.4   3532.5
69   9   20.7   -43.7   3555.3
69   10   -72.5   -128.9   3569.2
69   11   -60.2   -486.5   3571.1
69   12   13.7   -807.7   3565.8
69   13   107.2   -133.2   3581.7
69   14   96.5   -490.6   3566.9
69   15   44.3   -815.6   3567.9
69   16   23.5   281.2   3312.9
69   17   70.2   257.6   3307.7
69   18   33.5   409.6   3455.7
70   0   39.4   510.4   3475.8
70   1   31.6   341.5   3474.6
70   2   -99.8   338.5   3459.0
70   3   -109.4   124.4   3364.8
70   4   49.1   312.3   3302.6
70   5   159.8   330.1   3481.7
70   6   174.2   107.1   3411.9
70   7   47.7   287.3   3286.1
70   8   25.2   125.1   3532.9
70   9   20.7   -44.8   3555.5
70   10   -72.8   -128.5   3569.2
70   11   -60.3   -487.1   3570.9
70   12   13.7   -807.9   3566.1
70   13   107.6   -132.8   3582.0
70   14   96.4   -491.1   3567.9
70   15   43.0   -815.7   3565.3
70   16   22.7   281.0   3313.0
70   17   68.8   257.3   3307.1
70   18   33.7   409.6   3456.3
71   0   39.3   510.5   3475.7
71   1   31.7   341.5   3475.1
71   2   -99.5   338.0   3459.0
71   3   -109.2   123.7   3365.7
71   4   47.3   310.3   3303.0
71   5   159.8   330.0   3483.0
71   6   175.3   107.0   3414.4
71   7   48.5   283.3   3287.8
71   8   25.2   123.8   3533.2
71   9   20.7   -45.8   3555.6
71   10   -73.0   -128.3   3569.2
71   11   -60.3   -486.1   3570.7
71   12   13.1   -806.8   3566.6
71   13   107.9   -132.3   3582.3
71   14   96.8   -490.0   3569.2
71   15   42.9   -814.3   3563.8
71   16   21.2   279.2   3313.5
71   17   69.6   253.9   3308.9
71   18   33.8   409.6   3457.0
72   0   39.3   510.6   3475.6
72   1   31.8   341.5   3475.8
72   2   -99.1   337.4   3459.1
72   3   -108.7   123.2   3366.0
72   4   47.0   309.6   3303.0
72   5   160.0   329.9   3482.8
72   6   176.9   106.8   3415.6
72   7   48.3   279.8   3287.3
72   8   25.2   122.7   3533.5
72   9   20.7   -46.7   3555.8
72   10   -73.4   -127.8   3569.2
72   11   -60.4   -484.8   3570.3
72   12   12.9   -805.1   3566.9
72   13   108.2   -131.8   3582.7
72   14   96.4   -488.6   3568.6
72   15   43.8   -812.9   3563.6
72   16   21.0   278.5   3313.5
72   17   69.8   251.0   3308.7
72   18   33.8   409.6   3457.8
73   0   39.3   510.6   3475.6
73   1   31.8   341.6   3476.4
73   2   -98.7   336.8   3459.1
73   3   -107.2   122.8   3366.1
73   4   47.7   309.9   3302.6
73   5   160.1   329.9   3483.2
73   6   180.5   107.1   3416.3
73   7   47.6   274.5   3284.7
73   8   25.3   122.0   3533.9
73   9   20.7   -47.2   3555.9
73   10   -73.5   -127.5   3569.2
73   11   -60.5   -483.1   3570.1
73   12   12.7   -803.2   3567.2
73   13   108.6   -131.2   3582.9
73   14   97.1   -486.6   3569.3
73   15   43.8   -810.5   3563.4
73   16   21.8   278.7   3313.2
73   17   69.7   246.6   3306.6
73   18   33.9   409.6   3458.6
74   0   39.3   510.7   3475.5
74   1   31.9   341.6   3477.1
74   2   -98.3   336.2   3459.1
74   3   -104.8   122.4   3366.0
74   4   49.4   310.3   3301.6
74   5   160.2   329.9   3483.6
74   6   185.3   107.8   3416.8
74   7   54.6   279.1   3287.2
74   8   25.3   121.5   3534.3
74   9   20.7   -47.5   3556.0
74   10   -73.5   -127.3   3569.2
74   11   -57.0   -484.2   3555.4
74   12   12.0   -804.0   3571.5
74   13   109.2   -130.2   3583.1
74   14   97.1   -487.6   3569.2
74   15   43.7   -811.2   3563.5
74   16   23.7   279.0   3312.3
74   17   76.4   250.5   3308.8
74   18   34.0   409.6   3459.4
75   0   39.3   510.7   3475.4
75   1   32.0   341.6   3477.8
75   2   -97.8   335.6   3459.1
75   3   -101.3   122.1   3365.6
75   4   52.5   310.8   3300.0
75   5   160.4   329.9   3483.5
75   6   187.7   108.0   3417.5
75   7   61.0   287.4   3294.4
75   8   25.4   121.2   3534.6
75   9   20.7   -47.7   3556.0
75   10   -73.7   -126.7   3569.1
75   11   -58.1   -486.7   3560.3
75   12   12.9   -806.2   3570.2
75   13   110.0   -128.7   3583.2
75   14   97.0   -488.9   3568.9
75   15   45.1   -812.4   3563.7
75   16   26.9   279.3   3311.0
75   17   82.2   257.5   3314.9
75   18   34.1   409.6   3460.2
76   0   39.5   510.8   3475.4
76   1   32.2   341.7   3478.5
76   2   -97.1   334.8   3459.4
76   3   -99.6   121.9   3365.0
76   4   54.2   311.2   3299.4
76   5   161.2   330.8   3483.2
76   6   190.8   108.8   3419.3
76   7   63.8   284.5   3290.3
76   8   25.8   121.3   3535.3
76   9   21.2   -47.4   3556.3
76   10   -73.7   -125.1   3569.0
76   11   -54.9   -484.1   3546.7
76   12   11.1   -803.2   3573.7
76   13   111.2   -127.1   3583.5
76   14   97.4   -487.0   3569.2
76   15   46.4   -810.3   3562.2
76   16   28.6   279.6   3310.3
76   17   85.0   255.2   3311.8
76   18   34.2   409.6   3461.0
77   0   39.6   510.8   3475.5
77   1   32.5   341.7   3479.3
77   2   -96.5   334.2   3459.8
77   3   -99.0   122.0   3364.3
77   4   55.3   311.6   3299.4
77   5   161.8   331.6   3483.0
77   6   192.2   109.6   3419.9
77   7   65.5   287.5   3292.5
77   8   26.6   121.7   3536.0
77   9   22.1   -46.8   3556.8
77   10   -72.9   -124.6   3568.8
77   11   -53.1   -480.9   3534.5
77   12   9.3   -798.7   3576.3
77   13   111.1   -128.2   3583.4
77   14   94.8   -485.4   3557.3
77   15   48.4   -808.7   3564.4
77   16   29.6   280.0   3310.2
77   17   86.6   257.8   3313.7
77   18   34.3   409.6   3461.8
78   0   39.7   510.8   3475.7
78   1   32.8   341.8   3480.2
78   2   -96.1   334.0   3460.2
78   3   -98.6   122.6   3363.6
78   4   56.5   312.2   3299.8
78   5   162.3   332.4   3482.7
78   6   193.1   110.7   3419.6
78   7   67.2   288.3   3290.5
78   8   27.5   122.4   3536.7
78   9   23.3   -46.0   3557.3
78   10   -71.7   -124.2   3568.7
78   11   -55.5   -480.9   3551.2
78   12   9.8   -799.3   3572.1
78   13   111.7   -128.7   3583.5
78   14   95.8   -485.4   3559.3
78   15   48.6   -808.4   3564.1
78   16   30.7   280.6   3310.5
78   17   88.2   258.7   3312.0
78   18   34.4   409.6   3462.7
