2   0   -42.8   464.3   3042.4
2   1   -45.0   291.5   3032.9
2   2   -189.3   280.7   3027.1
2   3   -147.5   87.1   2904.5
2   4   -1.4   276.5   2815.5
2   5   95.3   274.0   3055.9
2   6   80.4   65.7   2952.5
2   7   -91.7   189.2   2810.2
2   8   -49.6   82.9   3052.6
2   9   -53.6   -80.0   3049.8
2   10   -157.6   -176.0   3060.6
2   11   -131.2   -522.6   3040.9
2   12   -88.1   -845.8   3071.1
2   13   39.5   -180.3   3086.0
2   14   15.3   -527.6   3082.2
2   15   -31.9   -851.6   3079.7
2   16   -25.7   245.0   2830.3
2   17   -63.0   168.6   2833.9
2   18   -43.5   361.3   3026.3
3   0   -43.3   466.8   3040.9
3   1   -45.3   294.1   3034.2
3   2   -188.4   282.0   3024.8
3   3   -150.1   85.4   2906.7
3   4   -5.4   273.1   2814.0
3   5   95.0   276.2   3054.6
3   6   83.0   66.0   2955.5
3   7   -85.6   191.2   2811.7
3   8   -50.2   85.5   3056.9
3   9   -54.0   -77.6   3055.0
3   10   -156.7   -172.0   3061.9
3   11   -132.8   -518.8   3044.1
3   12   -88.0   -841.9   3067.7
3   13   38.5   -177.0   3087.6
3   14   15.1   -524.3   3084.9
3   15   -28.9   -848.3   3076.6
3   16   -29.5   241.8   2829.5
3   17   -57.5   170.3   2835.6
3   18   -43.7   363.8   3026.7
4   0   -44.6   473.8   3035.5
4   1   -46.1   302.3   3038.2
4   2   -185.8   286.4   3021.8
4   3   -157.3   83.8   2912.9
4   4   -15.5   265.9   2810.8
4   5   93.4   282.6   3052.5
4   6   90.1   68.1   2964.8
4   7   -70.8   193.1   2815.5
4   8   -51.7   94.2   3069.2
4   9   -55.1   -69.7   3068.5
4   10   -151.7   -161.9   3062.7
4   11   -134.9   -509.1   3049.1
4   12   -83.7   -831.6   3063.5
4   13   34.5   -167.5   3088.5
4   14   14.5   -515.0   3089.2
4   15   -24.3   -839.0   3070.9
4   16   -39.1   235.6   2827.8
4   17   -44.0   172.2   2840.4
4   18   -44.2   371.6   3028.0
5   0   -46.2   482.8   3029.4
5   1   -46.9   312.5   3042.6
5   2   -182.0   291.6   3018.4
5   3   -166.5   82.3   2920.0
5   4   -28.3   258.0   2808.0
5   5   91.1   290.6   3050.3
5   6   98.4   71.1   2976.0
5   7   -54.2   193.3   2819.8
5   8   -53.2   104.2   3081.5
5   9   -56.4   -60.9   3082.1
5   10   -146.7   -152.2   3063.6
5   11   -136.7   -499.9   3054.3
5   12   -75.8   -821.0   3059.6
5   13   29.0   -159.6   3089.0
5   14   14.1   -507.3   3093.1
5   15   -20.2   -831.2   3064.7
5   16   -51.4   228.8   2826.7
5   17   -28.7   172.9   2845.9
5   18   -44.8   381.4   3029.7
6   0   -47.2   488.4   3025.9
6   1   -47.3   318.7   3045.0
6   2   -179.4   295.1   3016.0
6   3   -173.1   81.6   2924.3
6   4   -37.0   252.8   2807.1
6   5   89.4   295.7   3049.0
6   6   104.9   72.7   2985.9
6   7   -42.3   190.8   2824.6
6   8   -54.0   108.3   3087.6
6   9   -57.2   -57.9   3088.1
6   10   -145.6   -149.2   3063.9
6   11   -137.8   -497.1   3057.6
6   12   -73.7   -817.9   3055.9
6   13   26.2   -158.7   3089.5
6   14   14.0   -506.5   3095.2
6   15   -18.6   -830.2   3060.1
6   16   -59.7   224.3   2826.6
6   17   -17.7   171.1   2851.5
6   18   -45.2   387.4   3031.1
7   0   -47.7   489.7   3024.7
7   1   -47.4   320.9   3045.7
7   2   -178.1   296.8   3014.6
7   3   -177.5   81.1   2926.8
7   4   -41.4   249.3   2808.1
7   5   88.4   298.1   3048.3
7   6   108.5   73.6   2989.6
7   7   -37.4   189.8   2828.1
7   8   -53.9   109.8   3087.9
7   9   -57.4   -59.0   3087.3
7   10   -148.1   -150.3   3063.6
7   11   -138.8   -498.3   3059.2
7   12   -81.2   -820.5   3054.2
7   13   28.2   -159.8   3090.1
7   14   13.5   -507.5   3096.3
7   15   -18.7   -831.1   3057.9
7   16   -64.1   221.2   2827.9
7   17   -13.1   170.5   2855.0
7   18   -45.4   389.7   3031.9
8   0   -47.9   488.7   3024.7
8   1   -47.4   320.9   3045.4
8   2   -177.5   297.3   3013.8
8   3   -178.8   80.7   2927.7
8   4   -42.9   247.7   2809.6
8   5   88.0   298.8   3048.1
8   6   109.5   74.2   2989.5
8   7   -36.4   189.9   2829.4
8   8   -53.5   109.9   3085.8
8   9   -57.4   -61.9   3083.7
8   10   -151.4   -154.4   3063.9
8   11   -139.8   -502.3   3060.3
8   12   -79.2   -823.9   3050.8
8   13   31.3   -162.5   3091.2
8   14   14.7   -510.2   3096.5
8   15   -20.5   -833.2   3055.6
8   16   -65.5   219.9   2829.3
8   17   -12.1   170.6   2856.1
8   18   -45.4   389.8   3032.3
9   0   -47.9   486.9   3025.4
9   1   -47.4   319.9   3045.0
9   2   -177.4   297.4   3013.7
9   3   -179.2   80.6   2928.0
9   4   -42.9   247.1   2811.3
9   5   87.8   298.8   3048.1
9   6   109.8   74.2   2989.5
9   7   -35.7   189.6   2830.1
9   8   -53.2   109.5   3083.7
9   9   -57.3   -65.1   3080.4
9   10   -153.4   -156.3   3064.4
9   11   -139.8   -504.1   3060.5
9   12   -74.9   -824.9   3048.5
9   13   32.9   -163.8   3091.8
9   14   14.8   -511.4   3096.5
9   15   -22.3   -833.9   3053.3
9   16   -65.6   219.3   2830.8
9   17   -11.5   170.4   2856.7
9   18   -45.5   388.9   3032.4
10   0   -47.9   484.9   3026.2
10   1   -47.3   318.6   3044.7
10   2   -177.5   297.2   3013.8
10   3   -179.2   80.4   2928.1
10   4   -42.2   246.9   2813.1
10   5   87.8   298.6   3048.2
10   6   110.0   73.9   2990.2
10   7   -35.0   189.2   2830.9
10   8   -53.0   106.9   3082.7
10   9   -57.3   -68.2   3078.2
10   10   -153.8   -156.2   3065.0
10   11   -139.9   -504.1   3060.6
10   12   -75.5   -824.9   3046.8
10   13   32.8   -163.5   3092.3
10   14   14.8   -511.1   3096.5
10   15   -22.8   -833.3   3051.4
10   16   -65.1   219.2   2832.3
10   17   -10.9   170.0   2857.5
10   18   -45.5   387.7   3032.4
11   0   -47.8   483.3   3027.0
11   1   -47.3   317.3   3044.6
11   2   -177.7   297.1   3013.9
11   3   -179.3   80.4   2928.2
11   4   -41.6   246.3   2813.9
11   5   87.9   298.4   3048.2
11   6   110.3   73.4   2991.7
11   7   -33.9   188.4   2831.8
11   8   -52.9   104.4   3082.5
11   9   -57.4   -70.2   3077.1
11   10   -152.8   -154.1   3064.9
11   11   -139.6   -501.9   3060.4
11   12   -81.1   -823.8   3047.1
11   13   31.7   -160.7   3092.1
11   14   13.9   -508.4   3096.6
11   15   -21.9   -830.9   3052.4
11   16   -64.5   218.7   2832.9
11   17   -9.9   169.3   2858.5
11   18   -45.5   386.3   3032.3
12   0   -47.8   481.9   3027.8
12   1   -47.2   315.9   3044.5
12   2   -177.9   297.1   3014.0
12   3   -180.2   80.3   2928.5
12   4   -41.3   245.1   2814.5
12   5   88.0   298.2   3048.3
12   6   110.8   73.2   2992.3
12   7   -33.2   187.8   2832.4
12   8   -52.7   102.6   3082.3
12   9   -57.5   -71.2   3076.4
12   10   -151.3   -151.5   3064.5
12   11   -139.5   -499.4   3060.3
12   12   -84.9   -822.1   3048.6
12   13   30.9   -156.8   3091.7
12   14   13.9   -504.5   3096.4
12   15   -20.5   -827.6   3055.8
12   16   -64.4   217.6   2833.5
12   17   -9.2   168.7   2859.0
12   18   -45.4   385.0   3032.3
13   0   -47.7   480.8   3028.5
13   1   -47.2   314.6   3044.3
13   2   -178.1   297.1   3014.0
13   3   -182.3   80.3   2928.7
13   4   -41.1   242.9   2814.9
13   5   88.1   298.1   3048.3
13   6   111.4   73.3   2991.7
13   7   -33.3   187.2   2832.3
13   8   -52.6   101.5   3081.8
13   9   -57.5   -71.5   3076.1
13   10   -150.3   -148.5   3063.8
13   11   -139.5   -496.4   3060.2
13   12   -86.7   -819.4   3049.3
13   13   31.3   -151.6   3091.4
13   14   14.7   -499.3   3096.1
13   15   -19.0   -822.8   3058.0
13   16   -64.7   215.8   2833.9
13   17   -9.2   168.2   2858.9
13   18   -45.4   383.7   3032.2
14   0   -47.7   480.0   3029.2
14   1   -47.2   313.5   3044.2
14   2   -178.2   297.1   3014.0
14   3   -188.8   81.0   2928.0
14   4   -42.0   238.4   2815.5
14   5   88.2   298.0   3048.3
14   6   112.2   74.1   2988.8
14   7   -34.2   187.2   2831.3
14   8   -52.5   100.8   3081.1
14   9   -57.6   -71.5   3076.0
14   10   -149.5   -146.9   3063.3
14   11   -139.5   -494.8   3060.2
14   12   -87.5   -818.0   3049.8
14   13   30.9   -149.5   3090.9
14   14   14.9   -497.3   3096.0
14   15   -18.4   -820.9   3058.4
14   16   -66.4   212.2   2834.3
14   17   -9.8   168.3   2857.5
14   18   -45.4   382.6   3032.2
15   0   -47.7   479.4   3029.9
15   1   -47.1   312.5   3044.0
15   2   -178.4   297.2   3014.0
15   3   -208.3   84.9   2924.6
15   4   -49.1   231.0   2813.9
15   5   88.2   297.9   3048.3
15   6   119.2   76.6   2983.2
15   7   -31.4   189.3   2829.2
15   8   -52.3   100.1   3080.1
15   9   -57.6   -71.6   3075.9
15   10   -149.0   -146.2   3063.0
15   11   -137.1   -493.6   3047.4
15   12   -86.9   -818.4   3052.5
15   13   30.2   -149.4   3090.4
15   14   15.2   -497.1   3095.8
15   15   -18.5   -822.2   3057.5
15   16   -75.7   206.7   2832.3
15   17   -6.3   170.5   2854.9
15   18   -45.4   381.6   3032.2
16   0   -47.7   478.9   3032.2
16   1   -47.1   311.4   3043.7
16   2   -178.6   297.4   3014.1
16   3   -236.2   104.7   2903.8
16   4   -61.5   240.7   2801.2
16   5   88.3   297.9   3048.3
16   6   147.5   95.9   2958.3
16   7   -22.0   209.7   2825.9
16   8   -52.1   99.4   3078.9
16   9   -57.6   -73.7   3075.7
16   10   -148.7   -145.6   3061.6
16   11   -138.2   -493.3   3050.5
16   12   -84.1   -818.2   3051.6
16   13   30.3   -148.8   3089.4
16   14   14.8   -496.6   3095.8
16   15   -18.4   -822.2   3056.8
16   16   -90.6   218.0   2818.3
16   17   6.3   190.7   2848.0
16   18   -45.4   380.6   3032.2
17   0   -47.7   478.5   3036.4
17   1   -47.0   310.6   3043.5
17   2   -179.0   297.6   3016.8
17   3   -269.3   150.8   2872.8
17   4   -120.9   303.0   2754.0
17   5   88.3   297.9   3048.4
17   6   195.9   139.2   2933.7
17   7   25.8   268.6   2813.2
17   8   -51.9   98.8   3077.8
17   9   -57.7   -76.4   3075.6
17   10   -148.7   -144.7   3059.7
17   11   -138.9   -492.5   3054.2
17   12   -83.3   -817.2   3049.8
17   13   30.9   -147.6   3088.2
17   14   14.4   -495.3   3095.8
17   15   -18.1   -820.9   3056.7
17   16   -145.6   277.6   2773.8
17   17   54.2   247.0   2833.2
17   18   -45.4   379.8   3032.3
18   0   -47.7   478.5   3041.8
18   1   -47.0   310.3   3044.5
18   2   -179.4   297.9   3023.5
18   3   -320.2   217.7   2874.3
18   4   -206.1   333.2   2701.2
18   5   88.7   299.6   3052.2
18   6   244.9   222.2   2923.7
18   7   99.5   337.1   2766.5
18   8   -51.7   98.6   3077.4
18   9   -57.8   -78.7   3075.6
18   10   -149.0   -143.4   3058.8
18   11   -139.6   -491.3   3055.8
18   12   -83.1   -815.6   3048.9
18   13   31.8   -146.0   3087.1
18   14   15.1   -493.6   3095.3
18   15   -17.8   -819.0   3056.8
18   16   -225.0   314.0   2730.0
18   17   123.7   318.0   2792.7
18   18   -45.4   379.6   3033.8
19   0   -47.7   479.8   3044.5
19   1   -46.9   311.3   3045.8
19   2   -180.3   301.6   3024.9
19   3   -356.1   290.0   2888.1
19   4   -288.6   380.5   2674.6
19   5   90.7   306.1   3056.7
19   6   286.0   296.0   2954.2
19   7   188.8   392.2   2754.7
19   8   -51.5   99.2   3077.1
19   9   -57.8   -79.6   3075.5
19   10   -149.2   -140.7   3058.3
19   11   -140.1   -488.7   3056.4
19   12   -83.5   -812.6   3048.2
19   13   32.4   -143.1   3085.7
19   14   15.6   -490.7   3094.9
19   15   -17.3   -815.8   3057.1
19   16   -299.7   365.4   2710.1
19   17   204.9   376.2   2788.0
19   18   -45.4   380.7   3035.6
20   0   -47.5   482.7   3041.8
20   1   -46.9   314.5   3046.2
20   2   -182.8   312.6   3019.6
20   3   -372.7   357.1   2898.3
20   4   -375.6   469.1   2683.7
20   5   95.0   321.0   3059.3
20   6   307.0   362.1   2981.6
20   7   271.5   476.1   2769.4
20   8   -51.3   101.5   3076.0
20   9   -57.5   -78.1   3073.7
20   10   -148.6   -132.2   3057.9
20   11   -140.3   -480.2   3056.6
20   12   -85.0   -804.0   3045.5
20   13   31.7   -136.4   3083.6
20   14   15.8   -484.1   3094.1
20   15   -16.5   -809.0   3056.7
20   16   -375.1   450.5   2719.4
20   17   277.4   457.1   2804.8
20   18   -45.4   384.0   3036.4
21   0   -46.8   489.2   3035.1
21   1   -46.8   320.7   3043.8
21   2   -184.3   324.4   3015.4
21   3   -367.2   414.7   2900.0
21   4   -445.2   561.1   2725.0
21   5   95.5   330.9   3059.7
21   6   301.2   416.1   2984.6
21   7   350.7   571.2   2811.9
21   8   -51.1   105.8   3072.4
21   9   -56.8   -74.2   3069.9
21   10   -146.9   -125.0   3057.5
21   11   -140.1   -473.0   3056.1
21   12   -86.4   -796.7   3042.1
21   13   30.1   -130.6   3080.8
21   14   15.5   -478.2   3093.4
21   15   -15.8   -802.9   3055.4
21   16   -432.3   536.7   2754.2
21   17   342.6   545.4   2840.7
21   18   -45.4   390.3   3034.6
22   0   -45.2   497.1   3028.4
22   1   -46.7   328.2   3039.7
22   2   -184.5   334.3   3011.1
22   3   -348.4   461.7   2899.1
22   4   -483.8   630.6   2780.4
22   5   96.2   342.2   3056.1
22   6   286.6   461.6   2981.5
22   7   403.7   644.0   2877.3
22   8   -50.9   113.3   3068.3
22   9   -55.6   -67.5   3065.9
22   10   -145.4   -118.4   3056.7
22   11   -138.5   -464.9   3032.5
22   12   -87.3   -791.7   3039.7
22   13   28.9   -125.9   3078.2
22   14   14.2   -473.0   3069.3
22   15   -15.4   -802.0   3055.3
22   16   -461.4   602.5   2800.2
22   17   384.3   613.6   2894.7
22   18   -45.3   397.7   3030.4
23   0   -43.0   505.0   3022.2
23   1   -46.5   335.6   3034.4
23   2   -184.5   343.9   3006.6
23   3   -337.4   492.2   2903.0
23   4   -493.4   680.0   2817.8
23   5   96.0   351.0   3050.9
23   6   279.2   487.7   2987.0
23   7   421.6   690.2   2921.5
23   8   -50.6   119.4   3063.5
23   9   -54.4   -60.5   3061.1
23   10   -144.3   -112.1   3055.3
23   11   -138.0   -455.4   3004.0
23   12   -88.8   -781.9   3034.6
23   13   28.3   -121.4   3075.2
23   14   16.9   -469.0   3074.2
23   15   -15.3   -798.6   3053.9
23   16   -467.4   648.7   2832.0
23   17   397.9   656.5   2932.4
23   18   -45.2   405.1   3025.1
24   0   -41.2   511.1   3018.0
24   1   -46.3   341.2   3029.5
24   2   -183.5   348.5   3005.4
24   3   -329.9   505.2   2905.0
24   4   -487.3   705.6   2830.1
24   5   94.3   355.1   3047.8
24   6   275.1   497.4   2992.1
24   7   419.9   712.1   2933.6
24   8   -50.2   123.2   3058.4
24   9   -53.1   -55.2   3055.8
24   10   -142.8   -108.9   3052.9
24   11   -139.8   -446.7   2972.9
24   12   -90.9   -769.3   3030.8
24   13   27.8   -119.2   3071.2
24   14   16.4   -464.5   3040.1
24   15   -14.6   -793.1   3055.5
24   16   -461.0   672.2   2842.6
24   17   395.7   676.3   2943.3
24   18   -45.0   410.8   3020.2
25   0   -40.1   515.2   3015.9
25   1   -46.1   344.9   3025.9
25   2   -182.2   350.5   3005.9
25   3   -322.3   510.0   2903.6
25   4   -471.0   717.5   2824.9
25   5   92.4   356.5   3046.5
25   6   272.4   499.0   2994.0
25   7   415.5   716.8   2931.8
25   8   -49.9   127.1   3054.0
25   9   -52.1   -49.8   3051.6
25   10   -141.7   -108.6   3049.4
25   11   -145.1   -444.2   2957.2
25   12   -92.4   -763.4   3028.4
25   13   27.7   -119.3   3069.0
25   14   16.3   -463.2   3021.1
25   15   -14.3   -790.5   3056.5
25   16   -446.2   682.9   2838.0
25   17   391.6   680.5   2942.1
25   18   -44.9   414.4   3016.9
26   0   -39.3   516.5   3016.2
26   1   -45.9   345.9   3024.0
26   2   -181.1   350.1   3007.4
26   3   -313.6   510.6   2899.5
26   4   -453.9   718.9   2811.7
26   5   90.9   356.0   3046.3
26   6   271.5   496.1   2994.1
26   7   413.0   709.7   2920.0
26   8   -49.6   127.2   3051.7
26   9   -51.5   -49.9   3048.9
26   10   -141.5   -109.4   3045.4
26   11   -146.1   -451.2   2998.7
26   12   -90.8   -773.3   3030.4
26   13   28.1   -120.3   3067.6
26   14   18.2   -466.2   3046.2
26   15   -14.7   -793.6   3054.9
26   16   -430.5   684.2   2826.4
26   17   389.4   674.1   2932.3
26   18   -44.8   415.5   3015.2
27   0   -38.8   516.4   3018.0
27   1   -45.8   345.6   3023.3
27   2   -180.4   349.3   3009.7
27   3   -308.5   507.9   2895.5
27   4   -444.5   713.3   2799.8
27   5   89.8   354.3   3046.5
27   6   272.0   490.2   2992.9
27   7   416.4   694.4   2906.8
27   8   -49.3   125.8   3050.9
27   9   -51.2   -52.4   3047.4
27   10   -142.0   -110.0   3043.5
27   11   -146.4   -455.5   3028.1
27   12   -89.8   -778.7   3032.5
27   13   28.9   -121.3   3067.3
27   14   16.4   -466.8   3034.1
27   15   -14.4   -793.7   3055.7
27   16   -421.8   679.0   2815.7
27   17   392.3   660.4   2921.2
27   18   -44.6   415.2   3014.5
28   0   -38.5   515.4   3021.2
28   1   -45.7   344.6   3023.2
28   2   -180.2   348.7   3011.2
28   3   -305.2   504.3   2890.5
28   4   -440.2   707.9   2793.2
28   5   88.7   352.1   3046.9
28   6   275.4   479.4   2989.8
28   7   421.2   677.1   2895.7
28   8   -49.1   124.0   3051.1
28   9   -51.0   -55.5   3046.8
28   10   -142.9   -109.8   3042.7
28   11   -132.8   -456.7   3038.7
28   12   -89.1   -782.4   3034.1
28   13   29.8   -121.7   3067.4
28   14   14.9   -465.8   3021.1
28   15   -14.1   -791.6   3056.2
28   16   -417.7   674.0   2809.4
28   17   396.8   644.2   2911.4
28   18   -44.6   414.2   3014.4
29   0   -38.2   514.2   3024.2
29   1   -45.6   343.5   3023.3
29   2   -180.1   348.5   3012.3
29   3   -303.6   501.7   2887.3
29   4   -439.8   704.3   2790.5
29   5   88.0   350.5   3047.4
29   6   279.1   467.9   2985.3
29   7   425.3   665.9   2893.2
29   8   -49.0   122.4   3051.6
29   9   -51.0   -58.2   3046.6
29   10   -143.9   -109.0   3042.9
29   11   -137.8   -456.8   3050.6
29   12   -89.2   -781.7   3035.9
29   13   30.4   -121.9   3067.7
29   14   14.0   -465.9   3017.6
29   15   -13.9   -791.3   3056.4
29   16   -417.1   670.5   2806.6
29   17   400.9   632.9   2908.5
29   18   -44.5   413.1   3014.5
30   0   -37.9   513.2   3026.5
30   1   -45.5   342.6   3023.6
30   2   -180.1   348.5   3012.5
30   3   -302.8   500.1   2885.2
30   4   -441.5   702.6   2790.2
30   5   87.8   350.0   3048.0
30   6   280.0   461.9   2979.5
30   7   434.7   657.0   2894.9
30   8   -48.8   121.2   3052.2
30   9   -51.0   -60.3   3046.8
30   10   -145.1   -107.6   3043.6
30   11   -141.2   -455.7   3055.6
30   12   -89.5   -779.8   3036.7
30   13   30.6   -122.0   3068.0
30   14   13.9   -465.5   3013.7
30   15   -13.7   -790.3   3056.4
30   16   -418.3   668.8   2806.0
30   17   408.9   624.5   2909.0
30   18   -44.4   412.2   3014.6
31   0   -37.7   512.5   3028.0
31   1   -45.4   342.1   3023.8
31   2   -179.9   348.8   3012.2
31   3   -302.6   499.4   2883.8
31   4   -443.7   701.7   2790.5
31   5   87.5   349.9   3048.6
31   6   279.4   457.1   2972.1
31   7   442.0   651.1   2899.1
31   8   -48.7   120.7   3052.7
31   9   -51.1   -61.6   3047.1
31   10   -146.4   -105.2   3044.0
31   11   -143.2   -453.4   3057.0
31   12   -90.2   -777.0   3036.7
31   13   30.7   -121.9   3068.3
31   14   17.4   -467.7   3041.9
31   15   -14.1   -793.1   3054.8
31   16   -420.2   668.0   2806.0
31   17   414.9   618.8   2911.2
31   18   -44.3   411.6   3014.7
32   0   -37.5   512.3   3028.6
32   1   -45.3   341.8   3024.0
32   2   -179.7   349.1   3011.8
32   3   -302.6   499.2   2882.8
32   4   -444.6   701.7   2790.4
32   5   87.2   350.0   3049.1
32   6   279.1   452.7   2966.2
32   7   445.8   647.2   2902.6
32   8   -48.6   120.5   3053.3
32   9   -51.1   -62.4   3048.6
32   10   -146.7   -104.2   3044.3
32   11   -144.2   -452.3   3056.6
32   12   -90.5   -775.7   3036.7
32   13   30.8   -121.8   3068.9
32   14   19.7   -468.7   3067.1
32   15   -14.1   -793.7   3053.3
32   16   -420.9   668.0   2805.8
32   17   418.0   614.8   2913.2
32   18   -44.3   411.4   3014.8
33   0   -37.5   512.3   3028.8
33   1   -45.2   341.8   3024.2
33   2   -179.5   349.6   3011.0
33   3   -302.2   498.8   2880.9
33   4   -444.2   702.0   2790.1
33   5   87.0   350.2   3049.5
33   6   279.5   449.0   2963.3
33   7   446.4   644.7   2903.6
33   8   -48.6   120.6   3053.8
33   9   -51.1   -62.9   3051.2
33   10   -146.7   -103.7   3044.5
33   11   -144.4   -451.7   3056.0
33   12   -90.7   -774.9   3036.7
33   13   31.1   -121.6   3069.7
33   14   20.3   -469.0   3079.2
33   15   -14.0   -793.8   3053.1
33   16   -420.5   668.2   2805.2
33   17   418.6   612.1   2913.5
33   18   -44.2   411.3   3014.9
34   0   -37.4   512.3   3028.7
34   1   -45.2   341.8   3024.4
34   2   -179.3   350.1   3010.3
34   3   -301.5   498.1   2878.3
34   4   -442.8   702.1   2789.5
34   5   86.7   350.4   3050.1
34   6   279.8   446.7   2962.1
34   7   445.0   643.1   2901.6
34   8   -48.6   120.7   3054.4
34   9   -51.2   -63.1   3055.4
34   10   -146.4   -103.4   3044.7
34   11   -145.4   -449.5   3023.2
34   12   -91.1   -771.4   3035.6
34   13   31.4   -121.7   3070.9
34   14   21.0   -469.3   3084.8
34   15   -13.9   -794.0   3053.5
34   16   -419.2   668.1   2804.3
34   17   417.5   610.3   2911.7
34   18   -44.1   411.3   3015.0
35   0   -37.3   512.4   3028.5
35   1   -45.0   341.8   3024.6
35   2   -179.0   350.6   3009.4
35   3   -301.1   497.5   2876.3
35   4   -441.8   701.6   2788.2
35   5   86.6   350.6   3050.5
35   6   280.0   445.3   2961.6
35   7   443.2   641.5   2897.9
35   8   -48.6   120.9   3055.0
35   9   -51.2   -63.2   3059.5
35   10   -146.0   -103.2   3045.0
35   11   -145.8   -450.2   3035.7
35   12   -90.7   -772.4   3036.0
35   13   31.6   -121.8   3072.4
35   14   20.1   -469.5   3087.9
35   15   -13.7   -794.1   3054.8
35   16   -418.3   667.6   2802.9
35   17   416.0   608.8   2908.5
35   18   -43.9   411.3   3015.0
36   0   -36.9   512.5   3028.3
36   1   -44.8   341.9   3024.8
36   2   -178.7   351.2   3009.2
36   3   -300.7   496.9   2874.7
36   4   -440.9   700.5   2786.0
36   5   86.5   350.8   3051.1
36   6   280.1   444.1   2961.3
36   7   441.6   639.1   2891.8
36   8   -48.6   121.1   3055.6
36   9   -51.2   -63.3   3062.2
36   10   -145.6   -103.1   3045.3
36   11   -145.7   -450.5   3047.9
36   12   -90.6   -772.7   3036.4
36   13   31.6   -121.9   3074.0
36   14   15.5   -468.6   3063.2
36   15   -13.4   -794.0   3057.1
36   16   -417.6   666.5   2800.8
36   17   414.7   606.6   2903.4
36   18   -43.6   411.3   3015.1
37   0   -36.4   512.5   3028.2
37   1   -44.6   341.9   3025.0
37   2   -178.4   351.8   3009.1
37   3   -300.4   496.5   2873.5
37   4   -440.1   699.0   2782.1
37   5   86.6   350.9   3051.3
37   6   280.5   442.8   2960.8
37   7   440.0   636.3   2883.7
37   8   -48.6   121.2   3056.2
37   9   -51.2   -63.3   3063.6
37   10   -145.4   -102.9   3045.5
37   11   -145.1   -450.6   3051.7
37   12   -90.6   -773.0   3036.5
37   13   31.9   -121.3   3074.4
37   14   16.7   -468.4   3069.5
37   15   -13.4   -793.9   3057.0
37   16   -416.9   665.3   2797.3
37   17   413.4   604.1   2896.5
37   18   -43.4   411.4   3015.1
38   0   -35.8   512.6   3028.0
38   1   -44.4   342.0   3025.1
38   2   -178.2   352.4   3009.1
38   3   -300.4   496.3   2872.9
38   4   -439.7   697.6   2777.6
38   5   86.7   351.0   3051.4
38   6   280.8   441.5   2960.1
38   7   439.3   634.7   2879.2
38   8   -48.6   121.3   3056.8
38   9   -51.2   -63.3   3064.1
38   10   -145.1   -102.5   3045.6
38   11   -146.6   -445.6   3006.7
38   12   -92.0   -764.9   3032.9
38   13   32.2   -120.3   3074.5
38   14   18.5   -467.6   3079.6
38   15   -13.3   -792.4   3056.6
38   16   -416.5   664.1   2793.5
38   17   412.9   602.5   2892.7
38   18   -43.0   411.4   3015.2
39   0   -35.2   512.6   3027.9
39   1   -44.1   342.0   3025.3
39   2   -177.9   352.9   3009.1
39   3   -300.6   496.5   2872.8
39   4   -440.1   697.1   2775.3
39   5   86.8   350.9   3051.3
39   6   281.2   439.9   2959.2
39   7   438.9   633.2   2875.3
39   8   -48.7   121.3   3057.4
39   9   -51.3   -63.2   3064.2
39   10   -144.8   -102.4   3045.7
39   11   -146.3   -447.6   3029.3
39   12   -91.4   -768.2   3033.1
39   13   32.1   -119.7   3074.5
39   14   19.4   -467.1   3084.4
39   15   -13.3   -791.5   3056.4
39   16   -416.9   663.7   2791.6
39   17   412.6   601.0   2889.3
39   18   -42.7   411.4   3015.2
40   0   -34.6   512.7   3027.7
40   1   -43.9   342.1   3025.5
40   2   -177.7   353.4   3009.1
40   3   -301.0   496.7   2873.3
40   4   -440.9   697.2   2774.3
40   5   87.0   350.9   3051.2
40   6   281.3   439.2   2958.3
40   7   439.0   631.9   2871.5
40   8   -48.7   121.3   3058.0
40   9   -51.3   -63.1   3064.1
40   10   -144.3   -102.9   3045.8
40   11   -145.4   -449.4   3044.5
40   12   -91.0   -770.8   3033.6
40   13   31.7   -119.7   3074.5
40   14   20.0   -467.2   3086.3
40   15   -13.4   -791.5   3056.2
40   16   -417.6   663.8   2790.8
40   17   412.7   599.8   2885.9
40   18   -42.4   411.5   3015.3
41   0   -34.0   512.7   3027.6
41   1   -43.6   342.2   3025.7
41   2   -177.4   353.9   3009.1
41   3   -301.5   497.1   2874.0
41   4   -442.1   697.5   2774.1
41   5   87.2   350.8   3051.1
41   6   281.2   438.9   2957.4
41   7   439.3   631.6   2869.3
41   8   -48.7   121.2   3058.7
41   9   -51.3   -63.0   3063.9
41   10   -143.8   -103.5   3045.9
41   11   -144.1   -450.8   3052.3
41   12   -90.6   -772.7   3034.2
41   13   31.4   -119.8   3074.4
41   14   16.2   -467.1   3073.6
41   15   -13.3   -792.3   3056.8
41   16   -418.6   664.1   2790.7
41   17   412.9   599.5   2884.0
41   18   -42.0   411.6   3015.3
42   0   -33.4   512.8   3027.4
42   1   -43.4   342.3   3025.8
42   2   -177.1   354.4   3009.1
42   3   -302.1   497.5   2874.6
42   4   -443.3   698.1   2774.3
42   5   87.4   350.7   3051.1
42   6   281.1   438.9   2957.0
42   7   439.8   632.0   2869.0
42   8   -48.7   121.1   3059.3
42   9   -51.3   -63.1   3063.8
42   10   -143.1   -104.8   3046.1
42   11   -142.5   -452.4   3055.6
42   12   -90.2   -774.6   3034.5
42   13   31.3   -119.8   3074.4
42   14   18.1   -467.1   3079.9
42   15   -13.3   -791.8   3056.5
42   16   -419.8   664.7   2791.0
42   17   413.4   599.8   2883.6
42   18   -41.7   411.6   3015.4
43   0   -32.9   512.9   3027.3
43   1   -43.1   342.4   3025.9
43   2   -176.9   354.8   3009.0
43   3   -302.8   498.1   2875.8
43   4   -444.7   698.8   2775.1
43   5   87.6   350.6   3051.1
43   6   281.1   438.9   2956.8
43   7   440.6   632.8   2870.0
43   8   -48.7   120.9   3059.6
43   9   -51.3   -63.2   3063.1
43   10   -143.0   -105.0   3046.1
43   11   -141.8   -455.4   3056.1
43   12   -89.7   -777.7   3034.5
43   13   31.3   -119.6   3074.3
43   14   17.5   -469.7   3078.3
43   15   -13.6   -794.6   3056.3
43   16   -421.1   665.4   2791.9
43   17   414.0   600.5   2884.4
43   18   -41.4   411.7   3015.4
44   0   -32.4   512.9   3027.2
44   1   -42.9   342.5   3026.0
44   2   -176.5   354.9   3009.0
44   3   -303.8   499.0   2877.9
44   4   -446.7   699.9   2777.0
44   5   87.8   350.5   3051.2
44   6   281.2   439.0   2956.7
44   7   441.8   633.7   2871.5
44   8   -48.8   120.7   3059.7
44   9   -51.3   -63.3   3062.0
44   10   -143.4   -104.6   3046.0
44   11   -130.0   -455.5   3049.2
44   12   -89.2   -779.6   3034.5
44   13   31.4   -119.3   3074.2
44   14   18.7   -470.3   3084.0
44   15   -13.6   -794.5   3056.0
44   16   -422.9   666.4   2793.8
44   17   415.0   601.3   2885.7
44   18   -41.0   411.8   3015.4
45   0   -31.8   513.0   3027.1
45   1   -42.6   342.6   3026.0
45   2   -176.2   355.1   3009.0
45   3   -304.9   500.0   2880.3
45   4   -449.1   701.6   2780.7
45   5   88.1   350.3   3051.2
45   6   281.3   439.0   2956.7
45   7   443.2   634.5   2873.3
45   8   -48.8   120.4   3059.6
45   9   -51.3   -63.6   3060.7
45   10   -143.8   -104.2   3045.8
45   11   -135.3   -455.2   3050.8
45   12   -89.3   -778.5   3034.8
45   13   31.3   -119.2   3074.1
45   14   14.9   -468.1   3052.6
45   15   -13.2   -792.3   3057.7
45   16   -425.1   668.0   2797.3
45   17   416.2   601.9   2887.2
45   18   -40.7   411.9   3015.5
46   0   -31.2   513.1   3026.9
46   1   -42.3   342.7   3026.0
46   2   -175.9   355.2   3009.0
46   3   -306.2   501.0   2882.9
46   4   -452.0   704.4   2788.8
46   5   88.4   350.2   3051.3
46   6   281.4   439.1   2956.8
46   7   444.4   635.1   2875.8
46   8   -48.8   120.1   3059.5
46   9   -51.3   -63.8   3059.2
46   10   -143.8   -104.6   3045.8
46   11   -138.6   -455.2   3052.0
46   12   -89.3   -777.9   3034.9
46   13   31.1   -119.2   3073.9
46   14   12.9   -465.6   3029.1
46   15   -12.8   -789.0   3058.5
46   16   -427.7   670.5   2804.5
46   17   417.3   602.4   2889.3
46   18   -40.3   412.0   3015.5
47   0   -30.9   513.2   3026.8
47   1   -42.1   342.8   3026.0
47   2   -175.7   355.3   3008.9
47   3   -307.6   502.1   2885.9
47   4   -454.7   707.1   2797.1
47   5   88.7   350.1   3051.4
47   6   281.6   439.1   2956.8
47   7   445.7   635.6   2878.9
47   8   -48.8   119.8   3059.4
47   9   -51.3   -64.0   3057.4
47   10   -143.8   -104.7   3045.5
47   11   -140.3   -454.7   3052.6
47   12   -89.3   -777.2   3034.9
47   13   30.9   -119.1   3073.5
47   14   15.5   -466.8   3054.0
47   15   -13.1   -790.7   3057.4
47   16   -430.2   672.9   2811.9
47   17   418.3   602.8   2891.9
47   18   -40.0   412.0   3015.6
48   0   -30.6   513.2   3026.8
48   1   -41.8   342.8   3026.0
48   2   -175.4   355.4   3008.9
48   3   -308.2   502.5   2887.3
48   4   -456.0   708.6   2802.4
48   5   89.0   349.9   3051.4
48   6   281.7   439.1   2956.8
48   7   446.9   636.0   2882.6
48   8   -48.9   119.5   3059.3
48   9   -51.3   -64.3   3055.2
48   10   -144.0   -104.7   3045.1
48   11   -141.2   -454.1   3052.8
48   12   -89.4   -776.4   3036.1
48   13   30.6   -118.9   3073.0
48   14   17.2   -467.1   3071.5
48   15   -13.2   -791.0   3056.6
48   16   -431.3   674.2   2816.5
48   17   419.3   603.2   2894.9
48   18   -39.6   412.1   3015.7
49   0   -30.4   513.3   3026.7
49   1   -41.5   342.9   3026.0
49   2   -175.0   355.4   3008.9
49   3   -308.4   502.5   2887.9
49   4   -456.5   709.2   2805.9
49   5   89.3   349.8   3051.5
49   6   281.9   439.1   2956.9
49   7   447.7   635.7   2884.3
49   8   -48.9   119.1   3059.2
49   9   -51.3   -64.4   3052.4
49   10   -144.4   -104.2   3044.6
49   11   -141.5   -453.0   3052.6
49   12   -89.4   -775.4   3040.3
49   13   30.3   -118.6   3072.2
49   14   18.4   -466.8   3080.2
49   15   -13.3   -790.7   3056.3
49   16   -431.8   674.8   2819.6
49   17   420.1   603.0   2896.4
49   18   -39.2   412.1   3015.7
50   0   -30.2   513.3   3026.6
50   1   -41.2   343.0   3026.0
50   2   -174.6   355.5   3008.9
50   3   -308.4   502.3   2888.3
50   4   -456.6   709.6   2808.9
50   5   89.7   349.6   3051.6
50   6   282.2   439.1   2957.0
50   7   448.7   634.9   2885.3
50   8   -48.9   118.9   3059.2
50   9   -51.3   -64.4   3050.3
50   10   -145.0   -103.2   3044.0
50   11   -141.7   -451.7   3052.2
50   12   -89.4   -774.1   3047.0
50   13   30.1   -118.2   3071.4
50   14   18.4   -466.3   3084.4
50   15   -13.2   -790.1   3056.2
50   16   -431.9   675.0   2822.1
50   17   420.9   602.3   2897.3
50   18   -38.8   412.2   3015.8
51   0   -30.0   513.4   3026.6
51   1   -40.8   343.0   3026.0
51   2   -174.1   355.6   3008.9
51   3   -308.5   502.1   2888.5
51   4   -456.4   709.6   2810.9
51   5   90.0   349.5   3051.6
51   6   282.3   439.2   2957.1
51   7   449.7   633.9   2886.0
51   8   -49.0   118.6   3059.1
51   9   -51.3   -64.5   3049.1
51   10   -144.9   -103.4   3043.6
51   11   -141.3   -451.4   3043.6
51   12   -88.8   -773.6   3050.5
51   13   30.0   -118.1   3071.0
51   14   15.6   -465.9   3077.1
51   15   -13.1   -790.6   3056.5
51   16   -431.8   675.0   2823.8
51   17   421.8   601.5   2897.8
51   18   -38.3   412.2   3015.8
52   0   -29.9   513.4   3026.5
52   1   -40.5   343.0   3026.1
52   2   -173.6   355.7   3008.8
52   3   -308.5   501.8   2888.8
52   4   -456.0   709.4   2811.5
52   5   90.2   349.3   3051.6
52   6   282.5   439.3   2957.2
52   7   449.8   633.6   2886.2
52   8   -49.0   118.4   3059.1
52   9   -51.3   -64.5   3048.4
52   10   -144.7   -103.9   3043.1
52   11   -129.9   -451.3   3044.7
52   12   -88.3   -774.9   3051.2
52   13   30.0   -118.2   3070.7
52   14   17.5   -465.7   3079.7
52   15   -13.1   -790.0   3056.4
52   16   -431.4   674.8   2824.4
52   17   421.9   601.3   2898.0
52   18   -37.9   412.2   3015.9
53   0   -29.9   513.4   3026.4
53   1   -40.0   343.0   3026.1
53   2   -172.9   355.8   3008.8
53   3   -308.5   501.4   2889.1
53   4   -455.6   709.0   2811.6
53   5   90.7   349.2   3051.7
53   6   282.9   439.4   2957.6
53   7   449.9   633.7   2886.3
53   8   -49.0   118.3   3059.1
53   9   -51.3   -64.6   3048.1
53   10   -144.6   -104.3   3042.8
53   11   -135.5   -451.6   3048.2
53   12   -88.3   -774.4   3050.5
53   13   30.0   -118.2   3070.4
53   14   14.6   -463.5   3047.8
53   15   -12.8   -787.3   3057.4
53   16   -431.0   674.4   2824.5
53   17   422.1   601.3   2898.1
53   18   -37.3   412.2   3015.9
54   0   -29.9   513.4   3026.4
54   1   -39.7   343.0   3026.1
54   2   -172.2   355.8   3008.8
54   3   -308.4   500.9   2889.1
54   4   -455.1   708.5   2811.0
54   5   91.0   349.2   3051.7
54   6   283.4   439.5   2958.1
54   7   450.0   633.8   2886.3
54   8   -49.1   118.2   3059.1
54   9   -51.3   -64.6   3048.1
54   10   -144.5   -104.6   3042.2
54   11   -138.9   -451.8   3050.1
54   12   -88.6   -774.1   3047.3
54   13   30.2   -118.3   3070.2
54   14   13.2   -460.5   3020.3
54   15   -12.4   -782.5   3057.4
54   16   -430.6   673.9   2824.1
54   17   422.2   601.4   2898.2
54   18   -36.8   412.2   3015.9
55   0   -30.0   513.4   3026.3
55   1   -39.3   343.1   3026.1
55   2   -171.6   355.9   3008.7
55   3   -308.3   500.4   2889.1
55   4   -454.7   708.0   2810.4
55   5   91.4   349.2   3051.6
55   6   284.0   439.4   2958.7
55   7   450.2   633.9   2886.3
55   8   -49.1   118.1   3059.1
55   9   -51.3   -64.6   3048.1
55   10   -144.4   -104.7   3041.5
55   11   -140.8   -451.8   3050.8
55   12   -89.3   -773.8   3045.6
55   13   30.3   -118.3   3069.8
55   14   15.9   -462.7   3047.9
55   15   -12.7   -785.5   3056.3
55   16   -430.3   673.4   2823.5
55   17   422.5   601.5   2898.3
55   18   -36.3   412.2   3016.0
56   0   -30.1   513.4   3026.3
56   1   -38.9   343.1   3026.1
56   2   -171.0   355.9   3008.7
56   3   -308.3   499.7   2889.1
56   4   -454.3   707.6   2809.7
56   5   91.8   349.2   3051.6
56   6   284.5   439.5   2959.1
56   7   450.5   634.4   2886.6
56   8   -49.1   118.1   3059.1
56   9   -51.3   -64.6   3048.1
56   10   -144.4   -104.8   3040.8
56   11   -141.5   -451.7   3050.7
56   12   -89.6   -773.6   3044.9
56   13   30.5   -118.3   3069.5
56   14   18.3   -463.8   3069.2
56   15   -13.0   -786.6   3055.4
56   16   -429.9   672.9   2822.9
56   17   422.9   601.9   2898.7
56   18   -35.8   412.2   3016.0
57   0   -30.2   513.5   3026.2
57   1   -38.5   343.1   3026.1
57   2   -170.3   355.9   3008.6
57   3   -308.4   498.8   2889.1
57   4   -454.0   707.3   2809.4
57   5   92.2   349.2   3051.5
57   6   284.9   439.6   2959.4
57   7   450.9   635.0   2887.0
57   8   -49.1   118.1   3059.1
57   9   -51.3   -64.6   3048.1
57   10   -144.3   -104.8   3040.3
57   11   -141.6   -451.6   3050.3
57   12   -89.7   -773.4   3044.8
57   13   30.6   -118.3   3069.2
57   14   19.0   -464.3   3078.8
57   15   -13.1   -787.3   3055.0
57   16   -429.7   672.6   2822.7
57   17   423.2   602.4   2899.1
57   18   -35.3   412.2   3016.0
58   0   -30.3   513.5   3026.1
58   1   -38.1   343.1   3026.1
58   2   -169.7   355.9   3008.6
58   3   -308.6   498.0   2889.0
58   4   -453.7   707.1   2809.2
58   5   92.6   349.2   3051.5
58   6   285.3   439.8   2959.7
58   7   451.4   635.7   2887.3
58   8   -49.2   118.1   3059.0
58   9   -51.3   -64.6   3048.1
58   10   -144.2   -105.1   3040.9
58   11   -141.5   -451.7   3050.2
58   12   -89.7   -773.5   3045.2
58   13   30.6   -118.3   3069.0
58   14   16.3   -461.8   3043.4
58   15   -12.8   -784.1   3055.1
58   16   -429.5   672.3   2822.5
58   17   423.7   603.0   2899.4
58   18   -34.8   412.2   3016.0
59   0   -30.4   513.5   3026.1
59   1   -37.7   343.2   3026.2
59   2   -169.0   355.8   3008.6
59   3   -308.4   497.4   2889.1
59   4   -453.5   706.9   2808.8
59   5   93.0   349.2   3051.4
59   6   285.7   440.0   2960.0
59   7   452.0   636.4   2888.0
59   8   -49.2   118.1   3059.0
59   9   -51.3   -64.6   3048.1
59   10   -144.1   -105.5   3041.8
59   11   -141.2   -452.0   3050.4
59   12   -89.7   -773.7   3046.8
59   13   30.7   -118.4   3068.9
59   14   18.3   -463.1   3061.9
59   15   -13.2   -785.6   3054.7
59   16   -429.3   672.0   2822.2
59   17   424.3   603.7   2900.0
59   18   -34.2   412.2   3016.1
60   0   -30.5   513.4   3026.0
60   1   -37.4   343.2   3026.2
60   2   -168.5   355.8   3008.6
60   3   -308.2   497.0   2889.3
60   4   -453.2   706.7   2808.0
60   5   93.3   349.2   3051.4
60   6   286.0   440.1   2960.3
60   7   452.6   637.0   2889.1
60   8   -49.2   118.1   3059.0
60   9   -51.3   -64.5   3048.2
60   10   -144.0   -105.7   3042.0
60   11   -141.0   -452.0   3050.7
60   12   -89.6   -773.6   3048.8
60   13   30.7   -118.3   3068.9
60   14   19.1   -463.7   3073.2
60   15   -13.4   -786.4   3055.0
60   16   -429.1   671.7   2821.6
60   17   424.9   604.2   2901.0
60   18   -33.8   412.2   3016.1
61   0   -30.6   513.4   3025.9
61   1   -37.2   343.2   3026.2
61   2   -168.0   355.6   3008.6
61   3   -307.8   496.6   2889.3
61   4   -453.0   706.3   2806.9
61   5   93.4   349.2   3051.3
61   6   286.2   440.2   2960.7
61   7   453.1   637.4   2889.3
61   8   -49.2   118.2   3059.0
61   9   -51.3   -64.5   3048.2
61   10   -143.8   -105.8   3041.8
61   11   -140.9   -452.0   3050.4
61   12   -89.6   -773.5   3050.8
61   13   30.8   -118.2   3068.8
61   14   20.0   -463.8   3079.1
61   15   -13.6   -786.5   3055.1
61   16   -428.8   671.3   2820.6
61   17   425.2   604.6   2901.2
61   18   -33.5   412.2   3016.2
62   0   -30.6   513.4   3025.8
62   1   -37.0   343.2   3026.3
62   2   -167.5   355.5   3008.6
62   3   -307.5   496.2   2889.3
62   4   -452.6   705.8   2805.4
62   5   93.6   349.2   3051.3
62   6   286.3   440.3   2960.9
62   7   453.4   637.7   2889.2
62   8   -49.2   118.2   3059.0
62   9   -51.3   -64.5   3048.2
62   10   -143.7   -106.0   3042.1
62   11   -140.8   -452.0   3050.4
62   12   -89.6   -773.4   3053.2
62   13   30.9   -118.0   3068.8
62   14   16.7   -463.3   3063.0
62   15   -13.5   -786.8   3055.9
62   16   -428.4   670.9   2819.4
62   17   425.6   604.8   2901.1
62   18   -33.3   412.2   3016.2
63   0   -30.7   513.4   3025.5
63   1   -36.9   343.3   3026.3
63   2   -167.2   355.4   3008.6
63   3   -307.1   495.8   2889.1
63   4   -452.3   705.3   2803.4
63   5   93.6   349.2   3051.2
63   6   286.3   440.3   2961.0
63   7   453.8   637.9   2888.9
63   8   -49.2   118.2   3059.0
63   9   -51.3   -64.5   3048.2
63   10   -143.5   -106.2   3042.8
63   11   -140.6   -452.1   3050.4
63   12   -89.6   -773.4   3055.1
63   13   30.9   -117.8   3068.9
63   14   19.0   -463.3   3072.4
63   15   -13.5   -786.2   3055.7
63   16   -428.1   670.4   2817.7
63   17   425.9   605.0   2900.9
63   18   -33.1   412.2   3016.3
64   0   -30.7   513.4   3024.9
64   1   -36.8   343.3   3026.3
64   2   -166.9   355.3   3008.5
64   3   -306.8   495.5   2888.8
64   4   -451.9   704.8   2801.2
64   5   93.6   349.2   3051.2
64   6   286.3   440.2   2961.1
64   7   454.4   637.9   2888.8
64   8   -49.2   118.3   3059.0
64   9   -51.3   -64.5   3048.2
64   10   -143.3   -106.4   3043.6
64   11   -140.5   -452.1   3050.3
64   12   -89.6   -773.3   3056.0
64   13   30.9   -117.6   3069.0
64   14   16.7   -460.8   3042.6
64   15   -13.1   -783.0   3056.3
64   16   -427.7   669.9   2815.8
64   17   426.4   605.0   2900.8
64   18   -33.0   412.2   3016.3
65   0   -30.7   513.5   3024.1
65   1   -36.8   343.3   3026.4
65   2   -166.7   355.3   3008.5
65   3   -306.5   495.2   2888.7
65   4   -451.4   704.3   2798.4
65   5   93.6   349.3   3051.1
65   6   286.3   440.2   2961.1
65   7   455.1   637.9   2888.7
65   8   -49.1   118.3   3059.0
65   9   -51.3   -64.5   3048.3
65   10   -143.0   -106.6   3044.5
65   11   -140.4   -452.2   3050.5
65   12   -89.6   -773.3   3055.7
65   13   30.9   -117.4   3069.2
65   14   16.3   -458.1   3019.1
65   15   -12.7   -778.6   3056.5
65   16   -427.3   669.4   2813.4
65   17   427.0   605.0   2900.8
65   18   -33.0   412.2   3016.4
66   0   -30.7   513.5   3023.3
66   1   -36.8   343.3   3026.3
66   2   -166.6   355.2   3008.4
66   3   -306.4   495.1   2888.7
66   4   -450.9   703.7   2794.9
66   5   93.5   349.3   3051.0
66   6   286.2   440.2   2961.2
66   7   455.9   638.0   2888.7
66   8   -49.1   118.3   3059.0
66   9   -51.3   -64.5   3048.3
66   10   -142.7   -106.8   3044.8
66   11   -140.4   -452.3   3050.6
66   12   -89.6   -773.2   3055.5
66   13   30.8   -117.2   3069.3
66   14   16.1   -456.5   3007.5
66   15   -12.5   -776.2   3056.5
66   16   -426.8   668.9   2810.5
66   17   427.7   605.0   2900.8
66   18   -33.0   412.2   3016.4
67   0   -30.7   513.5   3022.4
67   1   -36.7   343.4   3026.3
67   2   -166.5   355.1   3008.4
67   3   -306.2   494.9   2888.7
67   4   -450.3   703.0   2791.1
67   5   93.5   349.3   3050.9
67   6   286.2   440.1   2961.5
67   7   457.1   637.8   2888.6
67   8   -49.1   118.4   3059.0
67   9   -51.3   -64.5   3048.4
67   10   -142.4   -107.0   3044.8
67   11   -141.1   -452.3   3048.9
67   12   -89.6   -773.0   3054.2
67   13   30.9   -116.8   3069.3
67   14   16.1   -455.5   3002.8
67   15   -12.3   -774.7   3056.4
67   16   -426.3   668.3   2807.4
67   17   428.7   604.8   2900.7
67   18   -33.0   412.2   3016.3
68   0   -30.7   513.5   3021.6
68   1   -36.7   343.4   3026.3
68   2   -166.3   355.1   3008.3
68   3   -306.1   494.8   2888.7
68   4   -450.2   703.0   2789.3
68   5   93.4   349.3   3050.9
68   6   286.4   439.7   2961.6
68   7   458.2   637.5   2888.5
68   8   -49.0   118.4   3059.0
68   9   -51.3   -64.5   3048.4
68   10   -142.0   -107.0   3044.6
68   11   -141.5   -452.2   3047.9
68   12   -89.7   -772.7   3053.5
68   13   31.0   -116.3   3069.1
68   14   16.1   -454.7   3001.6
68   15   -12.2   -773.7   3056.3
68   16   -426.2   668.3   2805.9
68   17   429.5   604.5   2900.7
68   18   -33.0   412.2   3016.3
69   0   -30.7   513.5   3020.6
69   1   -36.7   343.4   3026.3
69   2   -166.3   355.0   3008.3
69   3   -305.8   494.6   2888.5
69   4   -450.1   703.1   2788.5
69   5   93.3   349.4   3050.8
69   6   286.4   439.2   2961.7
69   7   458.2   637.7   2888.3
69   8   -49.0   118.4   3059.0
69   9   -51.3   -64.5   3048.5
69   10   -141.8   -107.1   3044.5
69   11   -141.7   -452.1   3047.5
69   12   -89.7   -772.4   3053.2
69   13   30.9   -116.2   3069.0
69   14   16.2   -454.5   3001.7
69   15   -12.2   -773.4   3056.2
69   16   -426.1   668.3   2805.2
69   17   429.6   604.7   2900.5
69   18   -33.0   412.2   3016.3
70   0   -30.7   513.5   3019.6
70   1   -36.7   343.5   3026.3
70   2   -166.2   355.0   3008.2
70   3   -305.5   494.3   2888.1
70   4   -450.1   703.1   2788.3
70   5   93.3   349.4   3050.7
70   6   286.5   438.9   2961.7
70   7   458.2   637.8   2888.0
70   8   -48.9   118.4   3059.0
70   9   -51.3   -64.5   3048.5
70   10   -141.6   -107.1   3044.5
70   11   -141.3   -451.9   3049.0
70   12   -89.7   -772.1   3053.1
70   13   30.7   -116.1   3069.0
70   14   17.0   -456.5   3016.3
70   15   -12.5   -776.8   3056.8
70   16   -426.0   668.3   2804.9
70   17   429.6   604.6   2900.3
70   18   -33.0   412.2   3016.3
