2   0   -100.3   470.9   3230.1
2   1   -106.5   301.9   3216.8
2   2   -253.2   298.2   3210.7
2   3   -222.4   87.8   3097.7
2   4   -72.0   284.4   3006.6
2   5   29.2   278.3   3250.0
2   6   9.5   80.9   3113.6
2   7   9.5   -228.9   3113.6
2   8   -118.4   69.3   3246.3
2   9   -123.8   -93.3   3245.3
2   10   -227.1   -162.1   3267.0
2   11   -215.3   -520.6   3238.2
2   12   -153.3   -845.6   3309.7
2   13   -27.5   -164.7   3280.9
2   14   -63.6   -522.6   3291.0
2   15   -92.1   -858.4   3322.1
2   16   -97.1   251.6   3021.8
2   17   9.5   -139.0   3113.6
2   18   -102.8   373.7   3207.7
3   0   -100.5   473.1   3229.5
3   1   -107.0   304.1   3217.8
3   2   -252.4   299.1   3207.4
3   3   -222.7   87.3   3096.9
3   4   -73.6   285.1   3006.0
3   5   29.4   280.5   3247.9
3   6   12.7   78.6   3119.6
3   7   28.9   -242.6   3149.7
3   8   -119.7   71.9   3249.4
3   9   -125.2   -91.1   3249.9
3   10   -227.5   -162.5   3267.7
3   11   -215.4   -521.2   3243.3
3   12   -151.8   -847.1   3305.9
3   13   -30.5   -166.2   3283.0
3   14   -63.0   -524.3   3292.4
3   15   -93.4   -860.2   3315.7
3   16   -98.5   252.1   3021.1
3   17   28.9   -152.7   3149.7
3   18   -103.1   375.9   3208.1
4   0   -101.0   480.8   3228.8
4   1   -108.4   311.4   3221.0
4   2   -250.0   302.4   3203.3
4   3   -223.3   89.2   3094.9
4   4   -75.7   289.0   3006.2
4   5   29.1   288.0   3245.8
4   6   22.7   77.9   3133.1
4   7   42.3   -233.2   3159.5
4   8   -123.0   80.6   3257.7
4   9   -128.6   -83.7   3262.3
4   10   -226.6   -162.2   3268.9
4   11   -215.7   -523.3   3249.8
4   12   -149.0   -850.4   3300.7
4   13   -35.4   -164.1   3285.1
4   14   -63.0   -524.7   3294.6
4   15   -97.2   -860.3   3302.4
4   16   -100.3   255.7   3021.0
4   17   42.3   -143.3   3159.5
4   18   -103.9   382.9   3209.7
5   0   -101.4   491.0   3228.3
5   1   -110.0   320.7   3224.8
5   2   -246.5   306.4   3198.6
5   3   -223.4   91.5   3092.7
5   4   -76.7   292.2   3004.6
5   5   27.4   296.0   3242.8
5   6   33.9   75.6   3152.9
5   7   44.8   -236.6   3172.5
5   8   -126.4   91.8   3266.4
5   9   -132.2   -74.6   3274.8
5   10   -225.2   -159.8   3269.6
5   11   -216.0   -522.8   3256.7
5   12   -148.6   -851.7   3293.9
5   13   -39.1   -157.3   3287.3
5   14   -62.0   -519.8   3296.7
5   15   -98.7   -854.7   3281.5
5   16   -101.1   258.8   3019.3
5   17   44.8   -146.7   3172.5
5   18   -104.9   391.8   3211.8
6   0   -101.7   497.9   3228.0
6   1   -111.0   326.4   3226.8
6   2   -243.9   308.8   3195.7
6   3   -223.9   92.6   3091.7
6   4   -77.2   292.9   3002.4
6   5   25.7   301.1   3240.7
6   6   40.9   74.5   3164.4
6   7   44.6   -235.7   3170.4
6   8   -127.9   98.9   3269.6
6   9   -133.9   -71.4   3278.1
6   10   -226.0   -153.6   3269.2
6   11   -216.0   -520.5   3260.5
6   12   -148.5   -850.6   3289.9
6   13   -40.5   -149.7   3288.1
6   14   -62.3   -516.0   3298.5
6   15   -99.4   -851.0   3273.6
6   16   -101.6   259.5   3017.3
6   17   44.6   -145.8   3170.4
6   18   -105.8   397.5   3213.4
7   0   -101.9   501.0   3227.9
7   1   -111.4   328.4   3227.2
7   2   -242.6   309.9   3194.4
7   3   -224.6   92.9   3091.7
7   4   -77.8   292.5   3001.4
7   5   24.8   303.5   3239.7
7   6   44.7   74.0   3170.4
7   7   -115.6   186.3   2995.8
7   8   -127.9   101.5   3268.1
7   9   -134.1   -71.7   3274.8
7   10   -225.8   -150.3   3269.0
7   11   -216.2   -518.1   3262.3
7   12   -148.0   -848.6   3288.7
7   13   -43.4   -149.1   3287.7
7   14   -61.9   -516.5   3298.7
7   15   -99.9   -852.0   3277.4
7   16   -102.2   259.3   3016.4
7   17   -88.7   167.5   3025.1
7   18   -106.3   399.6   3214.3
8   0   -102.0   501.9   3227.9
8   1   -111.4   328.3   3226.7
8   2   -241.9   310.2   3193.8
8   3   -225.3   92.5   3092.1
8   4   -79.3   292.6   3001.5
8   5   24.3   304.4   3239.4
8   6   46.2   74.3   3170.9
8   7   -111.9   194.3   2998.4
8   8   -127.2   101.5   3264.7
8   9   -133.3   -73.1   3269.6
8   10   -225.3   -148.0   3268.4
8   11   -216.3   -515.3   3263.0
8   12   -147.8   -845.9   3288.1
8   13   -44.1   -148.2   3286.9
8   14   -61.4   -515.1   3298.5
8   15   -98.1   -851.1   3280.5
8   16   -103.6   259.3   3016.6
8   17   -85.6   174.3   3027.2
8   18   -106.5   399.7   3214.7
9   0   -102.0   501.5   3227.8
9   1   -111.3   327.2   3225.8
9   2   -241.7   310.1   3193.5
9   3   -226.1   91.9   3092.7
9   4   -81.5   293.3   3002.4
9   5   24.1   304.5   3239.4
9   6   46.5   75.6   3167.0
9   7   -106.3   211.9   3004.8
9   8   -126.5   100.2   3260.6
9   9   -132.1   -74.4   3264.4
9   10   -224.9   -145.7   3266.9
9   11   -216.1   -515.5   3262.9
9   12   -148.1   -846.2   3288.2
9   13   -42.2   -144.8   3285.7
9   14   -63.2   -513.8   3299.6
9   15   -94.1   -850.4   3281.6
9   16   -105.6   259.7   3017.5
9   17   -81.0   189.1   3032.1
9   18   -106.6   398.7   3214.9
10   0   -102.1   500.6   3227.8
10   1   -111.2   325.7   3225.2
10   2   -241.6   309.8   3193.7
10   3   -226.9   91.4   3093.4
10   4   -83.5   293.8   3003.8
10   5   24.1   304.3   3239.5
10   6   45.9   78.8   3157.9
10   7   -103.7   232.1   3008.7
10   8   -125.8   98.8   3257.9
10   9   -130.8   -75.5   3262.1
10   10   -224.1   -144.5   3266.2
10   11   -216.4   -514.4   3262.9
10   12   -149.0   -845.9   3288.1
10   13   -43.2   -148.1   3284.3
10   14   -69.0   -517.0   3286.2
10   15   -88.2   -855.1   3286.8
10   16   -107.4   260.1   3018.7
10   17   -78.8   206.5   3033.8
10   18   -106.5   397.3   3214.9
11   0   -102.1   498.4   3227.7
11   1   -111.0   324.2   3224.9
11   2   -241.5   309.5   3193.9
11   3   -227.0   91.0   3093.6
11   4   -85.3   294.9   3004.7
11   5   24.2   304.1   3239.7
11   6   45.3   81.0   3151.5
11   7   -104.3   245.3   3011.6
11   8   -125.2   97.4   3256.6
11   9   -129.4   -77.0   3262.2
11   10   -223.4   -146.5   3266.0
11   11   -216.6   -515.2   3263.1
11   12   -149.0   -848.8   3288.2
11   13   -48.2   -159.7   3283.5
11   14   -67.1   -525.9   3255.0
11   15   -84.8   -861.8   3297.6
11   16   -108.9   260.9   3019.5
11   17   -79.4   217.9   3035.1
11   18   -106.5   395.8   3214.9
12   0   -102.2   495.8   3227.6
12   1   -110.9   322.7   3224.8
12   2   -241.5   309.2   3194.1
12   3   -227.0   90.8   3093.6
12   4   -86.2   295.5   3004.9
12   5   24.3   303.9   3239.7
12   6   44.5   83.3   3145.2
12   7   -108.2   251.9   3011.9
12   8   -124.7   96.2   3256.2
12   9   -128.1   -79.1   3264.0
12   10   -222.8   -148.9   3266.0
12   11   -216.8   -516.1   3263.3
12   12   -148.8   -851.4   3288.3
12   13   -45.8   -162.6   3285.5
12   14   -65.6   -526.1   3241.2
12   15   -83.4   -863.5   3295.8
12   16   -109.7   261.4   3019.7
12   17   -82.8   223.7   3034.2
12   18   -106.5   394.4   3214.9
13   0   -102.2   493.5   3227.5
13   1   -110.7   321.4   3224.8
13   2   -241.4   309.0   3194.2
13   3   -227.0   90.7   3093.4
13   4   -86.8   295.9   3004.9
13   5   24.4   303.7   3239.8
13   6   43.6   84.6   3141.6
13   7   -112.3   253.7   3011.9
13   8   -124.2   95.1   3256.2
13   9   -127.0   -81.1   3265.9
13   10   -222.6   -146.8   3266.0
13   11   -216.5   -512.5   3263.3
13   12   -149.9   -848.4   3288.1
13   13   -38.0   -152.0   3287.5
13   14   -61.2   -515.4   3262.0
13   15   -83.9   -854.8   3277.6
13   16   -110.2   261.7   3019.6
13   17   -86.3   225.5   3033.5
13   18   -106.4   393.1   3214.9
14   0   -102.2   491.5   3227.5
14   1   -110.6   320.3   3224.9
14   2   -241.3   308.8   3194.2
14   3   -227.0   90.7   3093.2
14   4   -87.3   296.2   3004.8
14   5   24.4   303.6   3239.8
14   6   42.7   84.8   3140.8
14   7   -114.7   253.2   3012.0
14   8   -123.8   94.2   3256.4
14   9   -126.2   -82.7   3267.7
14   10   -221.5   -145.7   3266.1
14   11   -216.3   -510.1   3263.3
14   12   -150.8   -845.7   3287.5
14   13   -37.7   -152.9   3287.3
14   14   -59.9   -515.9   3281.2
14   15   -85.3   -854.9   3263.4
14   16   -110.6   262.0   3019.5
14   17   -88.5   225.2   3033.4
14   18   -106.4   392.0   3214.8
15   0   -102.3   490.1   3227.4
15   1   -110.5   319.3   3224.9
15   2   -241.2   308.8   3194.3
15   3   -226.9   90.8   3093.0
15   4   -87.3   296.5   3004.8
15   5   24.3   303.5   3239.9
15   6   42.4   83.7   3143.3
15   7   -113.2   251.5   3011.9
15   8   -123.4   93.4   3256.7
15   9   -125.7   -83.8   3269.0
15   10   -220.3   -144.5   3266.2
15   11   -216.0   -507.8   3263.3
15   12   -151.5   -842.9   3287.2
15   13   -36.3   -149.9   3287.0
15   14   -60.3   -512.1   3293.5
15   15   -86.5   -850.9   3263.2
15   16   -110.6   262.2   3019.5
15   17   -87.3   223.6   3033.8
15   18   -106.4   391.0   3214.8
16   0   -102.3   489.1   3227.5
16   1   -110.3   318.7   3225.0
16   2   -241.0   308.9   3194.5
16   3   -227.0   91.1   3092.9
16   4   -87.1   296.6   3004.8
16   5   24.2   303.6   3239.9
16   6   42.3   83.1   3144.9
16   7   -111.3   250.8   3011.1
16   8   -122.9   93.1   3257.0
16   9   -125.6   -83.9   3269.8
16   10   -218.7   -142.0   3265.9
16   11   -215.7   -506.7   3263.0
16   12   -152.0   -841.1   3287.1
16   13   -35.1   -144.2   3285.8
16   14   -60.4   -507.8   3298.2
16   15   -88.5   -846.5   3268.5
16   16   -110.4   262.3   3019.5
16   17   -85.7   222.8   3033.4
16   18   -106.3   390.4   3214.8
17   0   -102.3   488.5   3227.5
17   1   -110.2   318.4   3225.0
17   2   -240.7   309.1   3194.6
17   3   -227.0   91.3   3092.9
17   4   -86.9   296.6   3004.7
17   5   23.9   303.8   3239.9
17   6   42.3   83.0   3145.8
17   7   -109.8   249.7   3009.4
17   8   -122.5   93.1   3257.2
17   9   -125.5   -83.8   3270.1
17   10   -218.4   -141.2   3265.8
17   11   -215.8   -506.0   3263.1
17   12   -152.3   -839.9   3285.2
17   13   -40.0   -150.7   3284.5
17   14   -60.6   -514.7   3298.7
17   15   -93.1   -853.0   3276.8
17   16   -110.2   262.3   3019.4
17   17   -84.5   221.9   3032.1
17   18   -106.3   390.1   3214.8
18   0   -102.2   488.1   3227.6
18   1   -110.1   318.3   3225.1
18   2   -240.4   309.3   3194.6
18   3   -227.1   91.6   3092.9
18   4   -86.5   296.5   3004.7
18   5   23.6   303.9   3239.8
18   6   42.3   83.0   3146.3
18   7   -109.0   249.3   3008.5
18   8   -122.0   93.2   3257.3
18   9   -125.4   -83.7   3270.3
18   10   -218.3   -140.8   3265.8
18   11   -215.7   -505.1   3263.0
18   12   -152.6   -838.5   3284.4
18   13   -38.2   -147.9   3284.6
18   14   -60.7   -511.3   3297.5
18   15   -97.5   -849.1   3290.8
18   16   -110.0   262.3   3019.4
18   17   -83.8   221.6   3031.4
18   18   -106.3   389.9   3214.8
19   0   -102.2   487.7   3227.7
19   1   -109.9   318.2   3225.2
19   2   -240.1   309.5   3194.7
19   3   -227.2   91.8   3093.0
19   4   -86.2   296.3   3004.6
19   5   23.3   304.1   3239.8
19   6   42.2   83.1   3146.7
19   7   -109.1   248.7   3008.1
19   8   -121.5   93.5   3257.5
19   9   -125.3   -83.8   3270.3
19   10   -218.2   -140.6   3265.7
19   11   -215.7   -504.0   3263.0
19   12   -152.9   -837.1   3284.3
19   13   -37.5   -146.9   3284.7
19   14   -60.5   -509.5   3296.6
19   15   -98.6   -846.9   3292.6
19   16   -109.7   262.2   3019.4
19   17   -83.9   221.1   3031.2
19   18   -106.3   389.8   3214.8
20   0   -102.2   487.4   3227.8
20   1   -109.8   318.1   3225.2
20   2   -239.7   309.7   3194.8
20   3   -227.2   91.9   3093.3
20   4   -86.0   296.0   3004.7
20   5   23.1   304.3   3239.8
20   6   42.1   83.2   3147.1
20   7   -109.1   247.4   3007.1
20   8   -121.0   93.9   3257.6
20   9   -125.3   -84.0   3270.3
20   10   -218.3   -140.6   3265.7
20   11   -215.7   -503.2   3263.0
20   12   -153.2   -835.9   3284.7
20   13   -38.6   -149.1   3284.5
20   14   -68.1   -510.4   3287.8
20   15   -95.6   -848.3   3292.1
20   16   -109.6   262.0   3019.4
20   17   -83.9   220.1   3030.4
20   18   -106.2   389.8   3214.8
21   0   -102.1   487.1   3227.9
21   1   -109.6   318.1   3225.3
21   2   -239.5   309.9   3194.8
21   3   -227.5   91.9   3093.9
21   4   -86.1   295.5   3004.6
21   5   22.8   304.5   3240.0
21   6   42.2   83.0   3148.3
21   7   -107.5   246.8   3006.3
21   8   -120.4   94.1   3258.1
21   9   -125.2   -84.7   3270.2
21   10   -218.8   -141.8   3265.8
21   11   -215.8   -503.7   3263.1
21   12   -153.0   -835.9   3285.7
21   13   -42.7   -156.8   3284.0
21   14   -64.4   -517.9   3290.1
21   15   -100.3   -854.6   3299.9
21   16   -109.7   261.6   3019.5
21   17   -82.5   219.5   3029.9
21   18   -106.2   389.7   3214.8
22   0   -101.9   486.8   3228.0
22   1   -109.5   318.1   3225.5
22   2   -239.2   310.0   3194.9
22   3   -228.8   91.8   3094.5
22   4   -86.9   294.7   3004.6
22   5   22.7   304.6   3240.0
22   6   43.3   82.6   3150.0
22   7   -103.2   247.7   3006.3
22   8   -119.9   94.3   3258.9
22   9   -125.1   -85.9   3270.1
22   10   -219.3   -143.4   3265.7
22   11   -216.0   -504.6   3263.1
22   12   -152.8   -836.5   3286.0
22   13   -41.0   -157.4   3284.4
22   14   -68.5   -516.8   3271.5
22   15   -98.2   -851.4   3307.3
22   16   -110.6   260.9   3019.5
22   17   -78.8   220.2   3030.3
22   18   -106.1   389.6   3214.8
23   0   -101.8   486.4   3228.1
23   1   -109.3   318.0   3225.7
23   2   -239.2   310.0   3198.0
23   3   -244.2   94.2   3093.3
23   4   -96.5   293.3   3004.8
23   5   22.5   304.8   3240.0
23   6   59.9   86.4   3148.0
23   7   -89.7   252.1   3008.3
23   8   -119.4   94.3   3259.6
23   9   -125.1   -87.1   3270.2
23   10   -219.2   -143.4   3265.7
23   11   -215.9   -506.2   3263.0
23   12   -152.5   -837.8   3286.2
23   13   -36.6   -150.2   3285.1
23   14   -64.5   -511.5   3282.3
23   15   -99.6   -846.4   3307.2
23   16   -121.1   260.1   3019.6
23   17   -64.7   224.5   3031.6
23   18   -106.1   389.5   3214.8
24   0   -100.1   486.1   3228.2
24   1   -108.6   318.0   3225.8
24   2   -238.8   310.2   3202.3
24   3   -288.8   122.1   3071.7
24   4   -113.1   303.1   3005.3
24   5   24.2   305.7   3235.8
24   6   104.0   107.4   3134.9
24   7   -50.6   280.7   3012.4
24   8   -118.8   94.3   3260.3
24   9   -125.1   -87.8   3270.4
24   10   -218.3   -139.9   3265.7
24   11   -215.6   -504.3   3262.8
24   12   -153.1   -835.8   3286.1
24   13   -32.7   -137.6   3285.3
24   14   -60.9   -500.7   3288.6
24   15   -99.7   -835.8   3302.2
24   16   -142.3   272.9   3016.4
24   17   -24.9   251.8   3032.8
24   18   -105.4   389.5   3214.8
25   0   -97.2   485.8   3228.9
25   1   -107.8   318.1   3226.1
25   2   -238.2   310.6   3212.1
25   3   -334.0   188.8   3046.4
25   4   -141.0   339.8   2960.1
25   5   25.9   308.8   3240.9
25   6   167.4   168.1   3130.2
25   7   8.7   338.7   3008.7
25   8   -118.3   94.7   3261.3
25   9   -125.3   -87.4   3270.7
25   10   -217.2   -133.3   3265.4
25   11   -215.6   -497.7   3262.9
25   12   -154.5   -829.2   3285.8
25   13   -34.0   -132.4   3284.3
25   14   -62.9   -495.5   3282.8
25   15   -99.0   -830.5   3304.0
25   16   -173.2   314.6   2974.5
25   17   35.1   310.3   3029.0
25   18   -104.4   389.5   3214.8
26   0   -93.9   485.6   3229.8
26   1   -106.8   318.2   3227.4
26   2   -238.6   313.6   3219.3
26   3   -375.5   274.0   3043.9
26   4   -205.1   377.0   2892.0
26   5   28.5   314.5   3249.1
26   6   217.1   243.9   3141.8
26   7   88.0   405.3   2985.6
26   8   -117.9   95.1   3262.2
26   9   -125.5   -86.9   3270.7
26   10   -214.6   -132.3   3265.2
26   11   -214.9   -495.3   3248.6
26   12   -154.9   -828.0   3290.1
26   13   -38.3   -134.7   3282.7
26   14   -61.5   -497.0   3268.5
26   15   -100.7   -832.5   3310.4
26   16   -233.4   360.0   2917.3
26   17   109.5   378.4   3011.6
26   18   -103.3   389.6   3216.3
27   0   -91.3   485.8   3231.0
27   1   -105.8   318.5   3229.8
27   2   -240.6   321.0   3221.4
27   3   -413.5   346.8   3069.2
27   4   -294.9   428.0   2862.5
27   5   33.2   324.2   3255.5
27   6   248.8   315.7   3164.8
27   7   173.4   474.0   2976.6
27   8   -117.5   95.5   3262.8
27   9   -125.6   -86.8   3269.8
27   10   -214.1   -129.8   3264.4
27   11   -213.7   -492.0   3251.2
27   12   -155.4   -826.4   3290.1
27   13   -39.2   -133.3   3280.9
27   14   -60.1   -494.3   3256.8
27   15   -102.6   -828.3   3313.8
27   16   -314.5   414.5   2896.9
27   17   185.9   447.6   3008.0
27   18   -102.0   389.8   3219.3
28   0   -89.9   486.5   3231.9
28   1   -104.7   319.2   3232.3
28   2   -242.5   330.7   3219.1
28   3   -425.3   408.0   3084.8
28   4   -389.4   524.1   2868.1
28   5   38.0   335.3   3259.4
28   6   255.1   387.4   3174.4
28   7   254.0   554.2   2981.5
28   8   -117.1   96.4   3263.2
28   9   -125.7   -86.5   3267.5
28   10   -214.8   -125.2   3262.9
28   11   -213.3   -486.6   3256.3
28   12   -156.2   -821.7   3288.7
28   13   -38.9   -130.1   3278.3
28   14   -56.5   -490.7   3271.0
28   15   -106.8   -825.7   3306.8
28   16   -395.4   504.8   2904.2
28   17   254.2   526.4   3013.7
28   18   -100.8   390.6   3222.4
29   0   -89.1   490.2   3232.5
29   1   -103.7   322.0   3234.2
29   2   -243.4   341.9   3214.9
29   3   -412.0   458.2   3083.6
29   4   -464.6   615.5   2900.4
29   5   41.5   345.6   3261.2
29   6   244.2   442.4   3170.9
29   7   326.1   627.7   3020.6
29   8   -116.6   99.4   3263.5
29   9   -125.7   -84.2   3263.7
29   10   -217.1   -115.2   3260.4
29   11   -213.5   -475.7   3256.3
29   12   -158.2   -810.5   3287.6
29   13   -37.5   -122.4   3275.8
29   14   -55.6   -482.2   3281.5
29   15   -107.0   -817.7   3301.0
29   16   -456.0   589.4   2930.9
29   17   312.5   596.9   3045.7
29   18   -99.5   393.4   3224.8
30   0   -88.9   497.0   3230.5
30   1   -102.6   327.4   3235.1
30   2   -242.5   351.1   3212.5
30   3   -394.1   494.8   3085.9
30   4   -507.1   680.4   2952.5
30   5   43.1   353.8   3261.3
30   6   233.8   477.0   3171.9
30   7   366.2   676.4   3075.4
30   8   -115.9   104.1   3263.4
30   9   -124.8   -79.8   3259.6
30   10   -216.1   -108.7   3256.5
30   11   -213.2   -468.4   3256.0
30   12   -159.3   -802.5   3286.9
30   13   -36.9   -116.6   3272.5
30   14   -54.4   -475.6   3285.4
30   15   -106.5   -810.8   3298.6
30   16   -488.4   649.5   2974.8
30   17   344.2   643.1   3091.5
30   18   -98.4   398.8   3226.1
31   0   -89.1   505.0   3226.0
31   1   -101.5   334.1   3235.3
31   2   -240.1   357.2   3211.3
31   3   -382.1   513.5   3089.2
31   4   -519.4   720.4   2992.3
31   5   43.4   360.0   3260.6
31   6   231.9   492.2   3180.1
31   7   376.9   706.0   3109.5
31   8   -115.0   109.5   3262.9
31   9   -122.8   -74.8   3256.2
31   10   -212.9   -107.2   3253.6
31   11   -212.5   -466.3   3255.9
31   12   -159.2   -801.0   3286.8
31   13   -37.6   -115.9   3271.0
31   14   -58.1   -473.9   3268.2
31   15   -105.1   -808.3   3303.9
31   16   -496.5   685.9   3008.4
31   17   352.7   670.3   3121.2
31   18   -97.2   405.5   3226.5
32   0   -89.6   511.9   3220.4
32   1   -100.3   340.1   3235.2
32   2   -237.3   361.5   3210.8
32   3   -376.0   523.9   3095.6
32   4   -516.5   742.4   3008.3
32   5   42.6   362.8   3260.6
32   6   231.7   496.7   3189.2
32   7   375.6   720.2   3126.3
32   8   -113.8   116.3   3261.9
32   9   -119.7   -68.3   3253.3
32   10   -209.2   -106.2   3250.6
32   11   -211.8   -464.5   3255.6
32   12   -159.2   -798.9   3287.9
32   13   -36.8   -115.2   3270.4
32   14   -58.1   -472.4   3255.3
32   15   -104.7   -804.4   3307.8
32   16   -493.0   706.0   3022.8
32   17   351.6   683.0   3136.8
32   18   -96.0   411.5   3226.6
33   0   -90.1   517.1   3216.6
33   1   -99.2   344.8   3234.9
33   2   -234.4   363.3   3210.8
33   3   -373.1   525.0   3097.7
33   4   -506.6   750.5   3011.2
33   5   41.3   363.8   3261.0
33   6   231.2   495.9   3193.6
33   7   373.2   721.6   3127.4
33   8   -112.7   122.5   3260.9
33   9   -117.1   -62.0   3251.3
33   10   -206.2   -104.8   3247.5
33   11   -211.1   -462.5   3255.0
33   12   -159.5   -796.6   3288.8
33   13   -35.2   -113.6   3270.2
33   14   -58.4   -469.7   3246.8
33   15   -103.4   -800.4   3308.9
33   16   -484.3   712.9   3025.7
33   17   349.5   684.0   3138.4
33   18   -94.9   416.1   3226.5
34   0   -90.6   520.6   3214.9
34   1   -98.5   347.8   3234.7
34   2   -232.1   363.8   3211.0
34   3   -371.6   520.8   3095.4
34   4   -500.1   748.0   3007.7
34   5   40.0   363.9   3261.7
34   6   230.4   493.2   3194.8
34   7   371.6   716.0   3120.0
34   8   -111.5   127.4   3260.1
34   9   -115.4   -56.8   3250.2
34   10   -204.5   -102.7   3245.7
34   11   -210.7   -459.8   3254.6
34   12   -160.2   -793.1   3289.4
34   13   -33.3   -110.5   3270.3
34   14   -54.4   -466.6   3261.0
34   15   -102.1   -799.0   3299.8
34   16   -478.7   710.1   3022.3
34   17   348.0   678.9   3132.5
34   18   -94.3   419.0   3226.4
35   0   -91.1   522.6   3214.5
35   1   -97.9   349.4   3234.5
35   2   -230.4   363.7   3211.2
35   3   -368.8   515.5   3089.6
35   4   -497.8   736.8   2993.9
35   5   38.9   363.8   3262.6
35   6   230.1   490.1   3195.1
35   7   372.7   709.0   3116.1
35   8   -110.6   128.4   3259.9
35   9   -114.4   -55.7   3249.8
35   10   -204.3   -103.0   3246.0
35   11   -212.1   -459.5   3248.3
35   12   -160.8   -790.0   3292.6
35   13   -34.8   -114.7   3269.9
35   14   -56.2   -470.4   3259.2
35   15   -101.6   -802.6   3293.4
35   16   -476.3   699.9   3009.8
35   17   348.9   672.5   3129.3
35   18   -93.8   420.5   3226.3
36   0   -91.5   523.5   3214.8
36   1   -97.4   350.1   3234.4
36   2   -229.2   363.2   3211.4
36   3   -366.2   510.7   3084.3
36   4   -500.2   722.1   2980.6
36   5   38.2   363.6   3263.5
36   6   230.3   486.6   3195.0
36   7   372.8   702.0   3113.5
36   8   -109.8   127.7   3259.9
36   9   -114.0   -56.7   3249.7
36   10   -205.0   -103.8   3247.6
36   11   -213.4   -458.8   3228.8
36   12   -161.4   -784.0   3297.5
36   13   -34.3   -117.0   3270.0
36   14   -58.4   -471.6   3249.0
36   15   -100.5   -802.4   3295.8
36   16   -477.9   686.9   2997.9
36   17   349.1   666.1   3127.1
36   18   -93.4   421.2   3226.3
37   0   -91.8   524.0   3215.4
37   1   -96.8   350.3   3234.4
37   2   -228.0   362.7   3211.6
37   3   -364.9   507.6   3082.1
37   4   -503.9   709.4   2971.7
37   5   37.7   363.3   3264.4
37   6   231.7   481.8   3194.9
37   7   373.6   694.2   3111.1
37   8   -109.0   126.3   3260.1
37   9   -113.8   -56.9   3250.3
37   10   -206.1   -104.7   3250.4
37   11   -214.2   -456.6   3205.5
37   12   -161.9   -776.1   3299.6
37   13   -32.7   -118.3   3270.6
37   14   -60.3   -471.5   3240.5
37   15   -99.3   -801.1   3301.9
37   16   -480.7   675.8   2990.1
37   17   350.0   658.8   3125.0
37   18   -93.0   421.4   3226.2
38   0   -92.0   524.2   3217.1
38   1   -96.3   350.4   3234.3
38   2   -227.0   362.0   3211.7
38   3   -364.4   505.5   3081.7
38   4   -508.1   701.1   2969.2
38   5   37.5   362.9   3264.8
38   6   234.5   475.6   3195.2
38   7   373.3   687.7   3109.7
38   8   -108.2   125.1   3260.2
38   9   -113.7   -56.4   3251.2
38   10   -206.4   -105.0   3253.0
38   11   -213.0   -458.2   3231.3
38   12   -159.7   -782.6   3301.6
38   13   -31.1   -117.4   3271.3
38   14   -55.3   -471.0   3261.5
38   15   -100.8   -801.6   3308.1
38   16   -484.1   668.5   2987.9
38   17   350.2   652.4   3124.0
38   18   -92.5   421.3   3226.2
39   0   -92.3   524.4   3220.0
39   1   -95.9   350.4   3234.3
39   2   -226.1   361.3   3211.8
39   3   -364.4   503.8   3082.2
39   4   -508.9   697.5   2969.2
39   5   37.2   362.6   3264.9
39   6   237.7   468.6   3195.9
39   7   371.9   682.1   3109.3
39   8   -107.5   124.2   3260.4
39   9   -113.6   -55.5   3252.7
39   10   -206.5   -105.2   3254.3
39   11   -214.4   -456.7   3216.2
39   12   -159.2   -776.5   3302.3
39   13   -30.4   -117.0   3272.0
39   14   -57.7   -470.2   3262.3
39   15   -99.7   -800.4   3311.3
39   16   -484.8   665.2   2988.1
39   17   349.6   646.5   3123.7
39   18   -92.3   421.2   3226.2
40   0   -92.6   524.5   3223.8
40   1   -95.7   350.4   3234.3
40   2   -225.4   360.5   3211.9
40   3   -364.6   502.5   3083.2
40   4   -508.8   696.2   2971.2
40   5   36.9   362.4   3264.9
40   6   239.8   464.0   3197.2
40   7   370.4   678.7   3109.6
40   8   -106.6   123.7   3260.5
40   9   -113.7   -56.1   3254.4
40   10   -206.3   -103.9   3254.3
40   11   -213.6   -456.5   3233.9
40   12   -157.2   -779.4   3302.0
40   13   -30.1   -115.3   3272.5
40   14   -54.1   -468.1   3280.1
40   15   -100.4   -798.7   3311.3
40   16   -484.8   663.9   2989.9
40   17   348.6   642.9   3124.2
40   18   -92.2   421.2   3226.2
41   0   -92.9   524.5   3226.9
41   1   -95.5   350.4   3234.5
41   2   -224.6   359.3   3211.5
41   3   -364.6   501.9   3084.9
41   4   -508.8   696.0   2975.4
41   5   36.3   361.1   3264.4
41   6   239.4   462.4   3197.9
41   7   370.9   675.9   3110.8
41   8   -105.9   123.6   3261.0
41   9   -113.9   -56.8   3256.6
41   10   -206.2   -101.9   3254.3
41   11   -212.7   -454.8   3249.9
41   12   -154.4   -779.7   3301.2
41   13   -29.9   -113.4   3273.3
41   14   -58.9   -464.4   3257.1
41   15   -98.2   -791.0   3312.1
41   16   -484.8   663.7   2993.6
41   17   349.0   640.3   3125.3
41   18   -92.2   421.1   3226.2
42   0   -93.1   524.4   3229.0
42   1   -95.4   350.5   3234.6
42   2   -223.6   357.5   3210.7
42   3   -364.7   501.5   3087.8
42   4   -509.3   697.0   2983.4
42   5   35.7   360.0   3264.1
42   6   238.1   462.3   3198.1
42   7   371.9   673.6   3112.0
42   8   -105.4   124.0   3261.9
42   9   -113.9   -57.2   3259.5
42   10   -206.4   -99.5   3254.3
42   11   -212.2   -452.3   3257.5
42   12   -152.1   -777.6   3300.7
42   13   -30.0   -112.4   3274.3
42   14   -54.5   -463.5   3276.4
42   15   -98.9   -791.3   3308.5
42   16   -485.2   664.4   3000.8
42   17   349.6   638.4   3126.4
42   18   -92.2   421.1   3226.2
43   0   -93.2   524.2   3230.3
43   1   -95.3   350.6   3234.9
43   2   -223.0   356.5   3210.6
43   3   -365.4   502.0   3091.8
43   4   -510.0   698.6   2992.1
43   5   35.5   359.7   3264.0
43   6   237.3   462.4   3198.2
43   7   371.6   672.6   3113.1
43   8   -105.1   124.5   3262.9
43   9   -113.9   -57.3   3263.1
43   10   -206.1   -98.5   3254.5
43   11   -211.9   -450.9   3259.4
43   12   -150.2   -775.4   3301.1
43   13   -30.1   -112.1   3275.7
43   14   -51.8   -463.0   3290.4
43   15   -99.6   -791.0   3309.7
43   16   -485.9   665.9   3008.7
43   17   349.2   637.6   3127.3
43   18   -92.3   421.0   3226.2
44   0   -93.3   524.1   3231.1
44   1   -95.3   350.7   3235.1
44   2   -222.9   356.3   3210.5
44   3   -367.0   503.4   3096.4
44   4   -510.8   700.9   3000.1
44   5   35.4   359.8   3264.1
44   6   236.7   462.7   3198.1
44   7   370.9   672.2   3114.1
44   8   -104.9   125.1   3263.9
44   9   -113.9   -57.2   3266.0
44   10   -205.6   -98.3   3254.8
44   11   -211.6   -450.2   3259.8
44   12   -151.5   -774.3   3301.2
44   13   -30.3   -112.0   3277.6
44   14   -50.2   -462.6   3298.3
44   15   -100.0   -790.3   3312.6
44   16   -486.8   667.9   3016.1
44   17   348.6   637.3   3128.1
44   18   -92.3   421.0   3226.2
45   0   -93.3   523.9   3231.8
45   1   -95.2   350.8   3235.4
45   2   -222.8   356.4   3210.5
45   3   -368.9   505.2   3102.1
45   4   -511.2   702.9   3006.3
45   5   35.5   360.3   3264.1
45   6   236.3   463.1   3198.0
45   7   370.0   672.3   3115.1
45   8   -104.6   125.7   3265.0
45   9   -113.8   -56.8   3267.7
45   10   -205.2   -98.1   3255.1
45   11   -211.8   -449.4   3259.7
45   12   -154.1   -773.1   3301.2
45   13   -30.5   -111.9   3279.5
45   14   -50.1   -461.9   3302.3
45   15   -100.1   -789.3   3314.0
45   16   -487.5   669.9   3022.3
45   17   347.7   637.4   3128.9
45   18   -92.3   421.0   3226.2
46   0   -93.4   523.7   3232.2
46   1   -95.2   350.9   3235.7
46   2   -222.8   356.6   3210.6
46   3   -370.1   506.6   3106.1
46   4   -510.9   704.0   3009.7
46   5   35.6   360.7   3264.2
46   6   235.9   463.5   3197.9
46   7   368.7   672.7   3116.2
46   8   -104.4   126.2   3266.1
46   9   -113.7   -56.5   3268.9
46   10   -204.9   -98.3   3255.6
46   11   -214.6   -448.9   3256.4
46   12   -156.1   -774.7   3301.8
46   13   -30.7   -112.0   3282.0
46   14   -49.3   -461.7   3302.7
46   15   -100.6   -791.7   3314.5
46   16   -487.4   671.1   3025.8
46   17   346.6   637.8   3129.8
46   18   -92.3   420.9   3226.2
47   0   -93.4   523.6   3232.4
47   1   -95.1   351.1   3235.9
47   2   -222.8   356.8   3210.6
47   3   -370.8   507.6   3109.3
47   4   -509.9   704.2   3010.3
47   5   35.5   360.9   3264.3
47   6   235.3   463.9   3198.0
47   7   367.6   673.2   3117.6
47   8   -104.3   126.7   3267.2
47   9   -113.6   -56.2   3269.5
47   10   -204.7   -98.6   3256.0
47   11   -215.4   -448.6   3255.1
47   12   -161.2   -775.3   3302.0
47   13   -30.7   -112.3   3283.0
47   14   -49.1   -461.6   3302.1
47   15   -100.7   -791.9   3314.3
47   16   -486.7   671.4   3026.8
47   17   345.6   638.3   3131.0
47   18   -92.3   420.9   3226.2
48   0   -93.4   523.4   3233.0
48   1   -95.0   351.2   3236.2
48   2   -222.8   356.9   3210.6
48   3   -370.8   508.0   3110.7
48   4   -508.6   704.2   3010.4
48   5   35.5   361.1   3264.3
48   6   234.9   464.1   3198.2
48   7   366.4   673.9   3119.3
48   8   -103.9   127.1   3268.3
48   9   -113.4   -55.9   3269.7
48   10   -204.4   -98.8   3256.1
48   11   -215.6   -448.2   3254.6
48   12   -163.3   -774.5   3301.9
48   13   -30.1   -111.9   3283.1
48   14   -48.7   -460.6   3300.7
48   15   -100.6   -790.1   3314.2
48   16   -485.6   671.5   3027.1
48   17   344.5   638.9   3132.4
48   18   -92.3   420.9   3226.2
49   0   -93.4   523.1   3233.7
49   1   -94.9   351.3   3236.4
49   2   -222.7   356.9   3210.6
49   3   -370.5   508.0   3111.2
49   4   -507.7   703.7   3010.6
49   5   35.5   361.2   3264.3
49   6   234.5   464.3   3198.5
49   7   366.2   673.6   3120.6
49   8   -103.3   127.5   3269.4
49   9   -113.2   -55.6   3269.8
49   10   -204.1   -98.8   3256.1
49   11   -215.3   -447.6   3254.8
49   12   -163.4   -772.8   3301.5
49   13   -29.2   -110.8   3283.0
49   14   -49.2   -458.9   3299.8
49   15   -99.9   -787.3   3314.0
49   16   -484.8   671.1   3027.4
49   17   344.2   638.8   3133.6
49   18   -92.3   420.9   3226.2
50   0   -93.4   522.9   3234.5
50   1   -94.8   351.5   3236.7
50   2   -222.6   357.0   3210.7
50   3   -370.1   508.0   3111.6
50   4   -507.2   703.2   3011.0
50   5   35.5   361.4   3264.3
50   6   234.1   464.5   3198.9
50   7   366.2   673.0   3121.1
50   8   -102.9   127.9   3270.5
50   9   -113.0   -55.3   3269.7
50   10   -203.7   -98.5   3256.1
50   11   -214.8   -446.8   3255.3
50   12   -161.9   -770.5   3301.1
50   13   -28.2   -109.3   3282.7
50   14   -55.7   -455.3   3270.5
50   15   -97.2   -779.1   3317.3
50   16   -484.3   670.7   3027.8
50   17   344.2   638.2   3134.0
50   18   -92.3   420.9   3226.2
51   0   -93.4   522.6   3235.5
51   1   -94.7   351.6   3236.9
51   2   -222.6   357.0   3210.7
51   3   -369.7   508.1   3112.1
51   4   -506.7   702.7   3011.5
51   5   35.5   361.6   3264.3
51   6   233.9   464.4   3199.3
51   7   366.5   672.5   3122.3
51   8   -102.5   128.2   3271.6
51   9   -112.8   -55.0   3269.7
51   10   -203.4   -98.0   3256.2
51   11   -214.6   -445.7   3255.9
51   12   -160.3   -768.0   3300.5
51   13   -28.0   -108.7   3282.8
51   14   -52.1   -454.8   3283.7
51   15   -97.3   -779.0   3311.8
51   16   -483.8   670.3   3028.2
51   17   344.4   637.8   3135.2
51   18   -92.3   420.8   3226.2
52   0   -93.4   522.3   3236.6
52   1   -94.6   351.7   3237.2
52   2   -222.5   357.1   3210.7
52   3   -369.2   508.1   3112.4
52   4   -506.1   702.5   3012.1
52   5   35.5   361.9   3264.3
52   6   233.8   464.4   3199.7
52   7   366.8   671.9   3123.4
52   8   -102.2   128.6   3272.8
52   9   -112.5   -54.8   3269.7
52   10   -203.1   -97.7   3256.4
52   11   -214.6   -444.7   3256.5
52   12   -160.7   -766.1   3299.8
52   13   -28.4   -109.0   3283.2
52   14   -49.8   -454.9   3292.3
52   15   -96.7   -779.1   3303.6
52   16   -483.3   670.1   3028.9
52   17   344.6   637.3   3136.1
52   18   -92.3   420.8   3226.2
53   0   -93.4   522.1   3237.4
53   1   -94.6   351.9   3237.4
53   2   -222.4   357.1   3210.7
53   3   -368.7   508.1   3112.7
53   4   -505.6   702.3   3012.9
53   5   35.5   362.1   3264.3
53   6   233.7   464.3   3200.3
53   7   367.0   671.3   3124.4
53   8   -102.0   129.0   3273.9
53   9   -112.4   -54.5   3269.7
53   10   -202.8   -97.5   3256.6
53   11   -214.4   -443.9   3257.4
53   12   -163.7   -764.9   3299.6
53   13   -29.1   -109.7   3284.0
53   14   -48.5   -455.3   3297.2
53   15   -96.1   -779.0   3299.4
53   16   -482.8   669.9   3029.6
53   17   344.8   636.8   3137.0
53   18   -92.3   420.8   3226.2
54   0   -93.3   521.8   3238.0
54   1   -94.6   352.0   3237.6
54   2   -222.3   357.2   3210.7
54   3   -368.4   507.9   3112.9
54   4   -504.9   702.4   3013.8
54   5   35.5   362.4   3264.3
54   6   233.6   464.1   3201.0
54   7   367.6   670.4   3124.7
54   8   -102.0   129.4   3274.7
54   9   -112.4   -53.9   3269.7
54   10   -202.3   -96.7   3256.8
54   11   -214.7   -442.4   3257.8
54   12   -170.3   -763.4   3299.7
54   13   -29.6   -108.8   3283.9
54   14   -48.9   -453.8   3299.9
54   15   -96.0   -777.1   3298.2
54   16   -482.2   670.0   3030.3
54   17   345.2   636.0   3137.4
54   18   -92.3   420.8   3226.2
55   0   -93.3   521.6   3238.4
55   1   -94.6   352.2   3237.8
55   2   -222.3   357.2   3210.7
55   3   -368.0   507.6   3113.0
55   4   -504.2   702.5   3014.3
55   5   35.5   362.5   3264.3
55   6   233.4   464.0   3201.4
55   7   368.3   669.5   3125.1
55   8   -102.0   129.9   3275.2
55   9   -112.4   -53.0   3269.6
55   10   -201.6   -95.4   3256.9
55   11   -214.4   -440.5   3258.0
55   12   -167.8   -760.4   3299.5
55   13   -30.1   -107.1   3283.5
55   14   -48.6   -451.6   3300.3
55   15   -96.2   -774.0   3299.4
55   16   -481.5   670.0   3030.8
55   17   345.8   635.2   3137.8
55   18   -92.3   420.8   3226.2
56   0   -93.3   521.3   3238.7
56   1   -94.6   352.3   3237.8
56   2   -222.2   357.3   3210.7
56   3   -367.7   507.3   3113.1
56   4   -503.5   702.8   3014.8
56   5   35.4   362.5   3264.3
56   6   233.1   463.8   3202.0
56   7   368.5   668.8   3124.7
56   8   -102.0   130.5   3275.5
56   9   -112.4   -51.9   3269.6
56   10   -201.1   -94.6   3257.0
56   11   -213.9   -439.1   3258.0
56   12   -163.1   -757.6   3299.0
56   13   -30.5   -106.2   3282.8
56   14   -48.5   -450.1   3299.9
56   15   -95.7   -771.8   3300.3
56   16   -480.9   670.3   3031.2
56   17   346.0   634.6   3137.6
56   18   -92.3   420.8   3226.2
