3   0   -73.3   736.7   3265.4
3   1   -69.7   543.8   3263.8
3   2   -217.4   525.6   3261.3
3   3   -255.4   330.3   3089.4
3   4   -68.3   541.2   3030.2
3   5   75.2   539.5   3278.6
3   6   146.0   319.2   3153.7
3   7   -8.7   534.5   3041.2
3   8   -55.9   310.4   3299.6
3   9   -52.4   126.5   3304.1
3   10   -160.4   7.7   3315.5
3   11   -127.1   -383.2   3293.1
3   12   -62.3   -760.6   3418.6
3   13   49.6   3.7   3342.5
3   14   -44.5   -377.8   3342.5
3   15   -106.8   -764.3   3438.1
3   16   -99.5   506.0   3040.1
3   17   17.1   498.7   3059.9
3   18   -74.3   621.9   3251.9
4   0   -72.7   736.9   3264.2
4   1   -69.5   544.3   3264.1
4   2   -217.3   526.2   3259.2
4   3   -255.5   328.5   3090.4
4   4   -70.5   539.2   3028.2
4   5   75.5   539.8   3277.1
4   6   146.8   318.0   3155.5
4   7   -6.7   532.0   3040.9
4   8   -56.2   311.0   3300.8
4   9   -52.5   126.7   3305.3
4   10   -159.6   7.7   3315.0
4   11   -128.3   -383.9   3299.3
4   12   -63.2   -762.1   3417.6
4   13   49.4   4.6   3342.2
4   14   -44.8   -377.4   3344.2
4   15   -108.5   -763.5   3435.3
4   16   -101.3   504.1   3038.6
4   17   18.8   496.3   3060.0
4   18   -74.0   622.4   3251.7
5   0   -71.0   738.8   3260.9
5   1   -69.2   547.0   3264.8
5   2   -216.3   528.6   3258.9
5   3   -255.7   326.0   3096.5
5   4   -77.3   534.2   3022.3
5   5   76.2   542.2   3275.8
5   6   147.9   317.1   3161.0
5   7   -2.4   526.4   3040.3
5   8   -56.8   312.7   3304.9
5   9   -52.7   126.6   3308.7
5   10   -157.6   9.1   3314.3
5   11   -131.1   -386.0   3307.0
5   12   -64.1   -762.0   3415.0
5   13   49.3   7.9   3340.8
5   14   -44.8   -377.2   3347.1
5   15   -111.2   -760.0   3428.9
5   16   -107.0   499.5   3034.7
5   17   22.6   491.5   3060.5
5   18   -73.4   625.0   3251.5
6   0   -69.0   741.8   3256.8
6   1   -68.8   551.4   3265.8
6   2   -215.1   532.2   3256.7
6   3   -256.0   324.4   3101.4
6   4   -82.5   530.6   3016.9
6   5   76.4   545.3   3274.1
6   6   148.7   317.5   3164.9
6   7   0.9   522.7   3038.4
6   8   -57.7   316.6   3309.5
6   9   -53.1   127.3   3312.7
6   10   -155.3   10.5   3313.5
6   11   -133.5   -389.5   3310.7
6   12   -65.4   -759.4   3412.6
6   13   48.4   10.8   3339.3
6   14   -44.4   -378.9   3350.1
6   15   -113.7   -755.8   3420.7
6   16   -111.4   496.2   3031.0
6   17   25.5   488.5   3059.5
6   18   -72.5   629.2   3251.3
7   0   -67.6   743.9   3254.1
7   1   -68.7   555.2   3266.4
7   2   -213.9   534.7   3253.9
7   3   -256.2   323.3   3103.7
7   4   -87.1   527.3   3015.3
7   5   76.3   547.4   3273.2
7   6   149.1   318.0   3167.7
7   7   3.9   518.7   3038.3
7   8   -58.4   320.4   3312.4
7   9   -53.4   128.2   3315.4
7   10   -153.9   11.4   3313.2
7   11   -135.4   -393.4   3320.2
7   12   -66.1   -759.2   3412.2
7   13   47.5   12.2   3338.6
7   14   -44.5   -382.3   3352.2
7   15   -115.1   -754.4   3413.6
7   16   -115.2   493.3   3030.1
7   17   28.1   485.3   3059.9
7   18   -72.0   632.9   3251.2
8   0   -66.9   745.9   3252.8
8   1   -68.6   557.5   3266.7
8   2   -213.2   536.0   3252.7
8   3   -256.1   323.7   3103.6
8   4   -87.8   527.5   3014.3
8   5   76.1   548.7   3272.9
8   6   149.2   318.4   3169.1
8   7   4.7   517.8   3037.8
8   8   -58.9   323.1   3313.5
8   9   -53.6   128.8   3316.6
8   10   -153.3   11.7   3313.0
8   11   -134.8   -398.0   3319.2
8   12   -66.6   -759.2   3413.4
8   13   47.2   12.8   3338.5
8   14   -44.5   -386.7   3353.5
8   15   -115.5   -754.7   3413.8
8   16   -115.9   493.6   3029.2
8   17   28.8   484.6   3059.7
8   18   -71.8   635.1   3251.2
9   0   -66.5   747.6   3252.4
9   1   -68.6   558.7   3266.7
9   2   -212.9   536.5   3252.1
9   3   -256.1   323.9   3103.5
9   4   -87.4   528.4   3013.7
9   5   76.1   549.4   3272.8
9   6   149.2   318.8   3169.7
9   7   4.4   518.3   3037.2
9   8   -59.3   324.7   3313.5
9   9   -53.7   129.4   3317.0
9   10   -153.2   11.8   3312.9
9   11   -134.9   -401.5   3321.8
9   12   -66.6   -760.4   3414.6
9   13   47.2   12.9   3338.1
9   14   -43.8   -390.5   3354.6
9   15   -115.2   -754.6   3420.4
9   16   -115.5   494.3   3028.6
9   17   28.6   485.1   3059.2
9   18   -71.7   636.3   3251.2
10   0   -66.4   748.7   3252.3
10   1   -68.7   559.1   3266.6
10   2   -212.8   536.6   3251.9
10   3   -256.2   323.9   3103.4
10   4   -86.5   529.2   3013.2
10   5   76.2   549.5   3272.7
10   6   149.1   318.9   3169.7
10   7   3.7   519.4   3036.4
10   8   -59.5   325.5   3312.8
10   9   -53.7   130.4   3317.0
10   10   -153.3   11.7   3312.7
10   11   -134.6   -404.2   3321.9
10   12   -66.4   -759.4   3414.9
10   13   47.3   12.7   3337.6
10   14   -44.7   -393.0   3355.5
10   15   -114.9   -754.3   3418.6
10   16   -114.8   495.0   3028.2
10   17   28.0   485.9   3058.6
10   18   -71.7   636.8   3251.2
11   0   -66.3   749.5   3252.3
11   1   -68.7   559.3   3266.4
11   2   -212.9   536.5   3251.7
11   3   -256.3   323.6   3103.6
11   4   -85.8   529.9   3012.8
11   5   76.3   549.5   3272.8
11   6   149.1   318.9   3169.4
11   7   3.0   520.4   3035.5
11   8   -59.7   325.9   3312.0
11   9   -53.8   131.8   3316.8
11   10   -153.5   11.7   3312.6
11   11   -134.8   -405.8   3322.3
11   12   -66.5   -757.2   3413.1
11   13   47.6   12.5   3337.0
11   14   -46.5   -394.3   3356.1
11   15   -114.7   -753.7   3405.5
11   16   -114.2   495.5   3028.0
11   17   27.3   486.8   3057.8
11   18   -71.7   636.9   3251.2
12   0   -66.3   750.1   3252.4
12   1   -68.7   559.2   3266.3
12   2   -213.0   536.3   3251.7
12   3   -256.3   323.4   3103.6
12   4   -85.2   530.7   3012.6
12   5   76.4   549.3   3272.8
12   6   148.9   318.8   3169.1
12   7   2.3   521.4   3034.9
12   8   -59.7   326.1   3311.5
12   9   -53.9   133.3   3316.6
12   10   -153.7   11.6   3312.4
12   11   -134.9   -407.0   3322.9
12   12   -66.4   -755.8   3411.1
12   13   47.8   12.4   3336.8
12   14   -48.5   -395.0   3356.2
12   15   -114.0   -752.9   3397.8
12   16   -113.8   496.1   3027.7
12   17   26.8   487.6   3057.3
12   18   -71.7   636.9   3251.2
13   0   -66.3   750.6   3252.5
13   1   -68.7   559.2   3266.2
13   2   -213.1   536.1   3251.8
13   3   -256.3   323.3   3103.5
13   4   -84.7   531.2   3012.2
13   5   76.5   549.2   3272.8
13   6   148.7   318.7   3168.9
13   7   1.8   522.1   3034.4
13   8   -59.8   326.3   3311.3
13   9   -53.9   134.6   3316.4
13   10   -153.8   11.6   3312.1
13   11   -134.8   -407.5   3322.8
13   12   -66.4   -754.4   3410.0
13   13   47.9   12.3   3336.7
13   14   -50.6   -395.2   3356.0
13   15   -114.8   -751.2   3397.2
13   16   -113.3   496.6   3027.4
13   17   26.3   488.2   3056.9
13   18   -71.7   636.9   3251.2
14   0   -66.3   750.9   3252.6
14   1   -68.7   559.1   3266.3
14   2   -213.2   536.0   3251.8
14   3   -256.4   322.9   3104.0
14   4   -84.4   531.2   3011.7
14   5   76.7   549.2   3272.9
14   6   148.6   318.6   3168.8
14   7   1.4   522.7   3034.1
14   8   -59.6   324.0   3311.9
14   9   -53.8   133.0   3316.5
14   10   -154.1   11.7   3311.9
14   11   -134.7   -407.1   3321.6
14   12   -66.2   -751.8   3410.0
14   13   48.2   12.5   3336.7
14   14   -51.2   -394.5   3355.8
14   15   -113.1   -748.5   3402.2
14   16   -113.1   496.5   3027.1
14   17   25.9   488.7   3056.5
14   18   -71.7   636.8   3251.2
15   0   -66.3   751.2   3252.6
15   1   -68.7   559.2   3266.4
15   2   -213.3   535.9   3251.9
15   3   -256.4   322.7   3104.1
15   4   -84.0   531.2   3011.3
15   5   76.8   549.1   3272.9
15   6   148.5   318.5   3168.8
15   7   1.1   523.1   3033.7
15   8   -59.4   321.2   3312.9
15   9   -53.7   130.2   3316.7
15   10   -154.4   12.0   3311.6
15   11   -134.8   -406.3   3319.5
15   12   -65.4   -748.5   3410.4
15   13   48.6   12.8   3336.7
15   14   -51.6   -393.3   3355.7
15   15   -112.7   -745.1   3407.5
15   16   -112.7   496.4   3026.8
15   17   25.7   489.0   3056.2
15   18   -71.7   636.8   3251.2
16   0   -66.3   751.4   3252.6
16   1   -68.7   559.2   3266.5
16   2   -213.4   535.9   3251.9
16   3   -256.4   322.7   3104.1
16   4   -83.6   531.4   3011.3
16   5   76.9   549.1   3272.9
16   6   148.5   318.4   3168.9
16   7   1.0   523.3   3033.5
16   8   -59.2   318.9   3313.8
16   9   -53.6   127.2   3316.8
16   10   -154.7   12.3   3311.3
16   11   -134.8   -405.2   3318.8
16   12   -65.2   -746.3   3410.5
16   13   48.9   13.2   3336.7
16   14   -51.7   -392.2   3355.6
16   15   -109.9   -743.4   3408.4
16   16   -112.4   496.7   3026.8
16   17   25.6   489.1   3056.1
16   18   -71.7   636.8   3251.2
17   0   -66.3   751.6   3252.6
17   1   -68.7   559.2   3266.6
17   2   -213.5   535.8   3251.9
17   3   -256.4   322.6   3104.0
17   4   -83.3   531.7   3011.4
17   5   77.0   549.0   3272.9
17   6   148.6   318.3   3169.1
17   7   1.0   523.4   3033.5
17   8   -59.1   317.1   3314.5
17   9   -53.5   124.5   3316.8
17   10   -154.9   12.7   3311.0
17   11   -134.6   -404.1   3318.4
17   12   -65.3   -745.9   3410.4
17   13   48.9   13.3   3336.6
17   14   -51.7   -391.3   3355.5
17   15   -109.7   -742.8   3412.1
17   16   -112.2   496.8   3026.8
17   17   25.6   489.2   3056.1
17   18   -71.7   636.8   3251.2
18   0   -66.3   751.7   3252.6
18   1   -68.7   559.2   3266.6
18   2   -213.6   535.8   3251.9
18   3   -256.5   322.6   3104.0
18   4   -83.2   531.8   3011.3
18   5   77.1   549.0   3272.9
18   6   148.6   318.2   3169.1
18   7   0.9   523.6   3033.5
18   8   -59.0   315.8   3314.9
18   9   -53.4   122.3   3316.7
18   10   -155.2   13.1   3310.7
18   11   -134.5   -403.0   3318.2
18   12   -65.5   -745.4   3411.3
18   13   48.8   13.2   3336.5
18   14   -51.6   -390.7   3355.5
18   15   -113.2   -742.3   3412.8
18   16   -112.0   496.9   3026.8
18   17   25.5   489.3   3056.1
18   18   -71.7   636.8   3251.2
19   0   -66.3   751.8   3252.6
19   1   -68.7   559.2   3266.6
19   2   -213.7   535.7   3251.9
19   3   -256.5   322.5   3104.0
19   4   -83.0   531.9   3011.2
19   5   77.1   548.9   3273.0
19   6   148.6   318.2   3168.9
19   7   0.6   524.0   3033.8
19   8   -58.9   314.9   3315.2
19   9   -53.4   120.5   3316.5
19   10   -155.4   13.3   3310.4
19   11   -134.5   -402.6   3318.2
19   12   -67.8   -746.1   3411.6
19   13   48.6   13.0   3336.3
19   14   -51.0   -391.0   3355.4
19   15   -110.4   -743.4   3414.4
19   16   -111.9   497.0   3026.7
19   17   25.2   489.7   3056.3
19   18   -71.7   636.8   3251.2
20   0   -66.3   751.9   3252.6
20   1   -68.6   559.1   3266.6
20   2   -213.7   535.7   3251.9
20   3   -256.5   322.5   3104.0
20   4   -82.9   532.0   3011.1
20   5   77.1   548.7   3272.9
20   6   148.6   318.2   3168.5
20   7   0.1   524.7   3034.6
20   8   -58.9   314.2   3315.2
20   9   -53.3   119.1   3316.2
20   10   -155.5   13.5   3310.1
20   11   -134.5   -402.6   3318.3
20   12   -69.0   -747.1   3411.7
20   13   48.5   12.8   3336.1
20   14   -50.7   -391.4   3355.4
20   15   -110.0   -743.9   3417.8
20   16   -111.9   497.1   3026.6
20   17   24.9   490.3   3056.9
20   18   -71.7   636.8   3251.2
21   0   -66.3   752.0   3252.6
21   1   -68.6   559.1   3266.6
21   2   -213.8   535.6   3251.9
21   3   -256.5   322.4   3103.9
21   4   -82.9   531.9   3010.4
21   5   77.1   548.6   3272.9
21   6   148.6   318.1   3168.3
21   7   -0.4   525.4   3035.8
21   8   -58.9   313.7   3315.2
21   9   -53.3   118.0   3316.0
21   10   -155.7   13.6   3309.7
21   11   -134.6   -403.3   3318.3
21   12   -69.6   -748.9   3411.9
21   13   48.5   12.7   3335.8
21   14   -50.0   -392.5   3355.3
21   15   -107.9   -745.7   3420.9
21   16   -111.9   497.0   3026.0
21   17   24.5   490.8   3057.9
21   18   -71.7   636.8   3251.2
22   0   -66.3   752.0   3252.6
22   1   -68.6   559.1   3266.6
22   2   -213.8   535.6   3251.9
22   3   -256.5   322.4   3103.9
22   4   -83.0   531.6   3009.4
22   5   77.0   548.3   3272.9
22   6   148.7   317.9   3168.3
22   7   -0.5   525.7   3036.5
22   8   -58.9   313.3   3315.2
22   9   -53.3   117.2   3315.6
22   10   -156.0   14.0   3309.3
22   11   -134.7   -403.7   3318.5
22   12   -69.8   -749.5   3412.0
22   13   48.6   12.7   3335.5
22   14   -50.0   -393.3   3355.3
22   15   -107.7   -746.8   3421.2
22   16   -111.9   496.7   3025.2
22   17   24.4   491.0   3058.5
22   18   -71.7   636.8   3251.2
23   0   -66.3   752.1   3252.6
23   1   -68.6   559.1   3266.5
23   2   -213.9   535.6   3251.9
23   3   -256.6   322.3   3103.9
23   4   -83.1   531.1   3008.1
23   5   77.0   548.2   3272.9
23   6   148.8   317.6   3168.7
23   7   -0.6   525.9   3037.8
23   8   -58.8   313.0   3315.1
23   9   -53.3   116.5   3315.3
23   10   -156.2   14.2   3308.8
23   11   -134.8   -403.9   3318.6
23   12   -69.5   -748.8   3412.2
23   13   48.6   12.7   3335.2
23   14   -50.7   -393.6   3355.4
23   15   -107.3   -746.5   3421.1
23   16   -112.0   496.3   3024.0
23   17   24.3   491.2   3059.6
23   18   -71.7   636.8   3251.2
24   0   -66.3   752.1   3252.6
24   1   -68.6   559.1   3266.5
24   2   -213.9   535.5   3251.9
24   3   -256.6   322.3   3103.9
24   4   -82.9   530.6   3007.3
24   5   76.8   547.7   3272.9
24   6   148.9   317.1   3168.8
24   7   -0.8   526.2   3039.2
24   8   -58.8   312.7   3314.9
24   9   -53.3   115.9   3314.9
24   10   -156.3   14.2   3308.5
24   11   -135.0   -404.8   3318.9
24   12   -69.1   -749.9   3412.7
24   13   48.6   12.6   3335.3
24   14   -49.8   -394.9   3355.3
24   15   -107.3   -747.8   3421.3
24   16   -111.8   495.9   3023.4
24   17   24.2   491.3   3060.8
24   18   -71.7   636.8   3251.2
25   0   -66.3   752.1   3252.6
25   1   -68.6   559.0   3266.4
25   2   -214.0   535.5   3251.9
25   3   -256.6   322.3   3103.8
25   4   -82.4   530.2   3006.8
25   5   76.5   547.1   3272.8
25   6   149.1   316.7   3168.6
25   7   -0.6   526.1   3039.3
25   8   -58.8   312.4   3314.8
25   9   -53.2   115.4   3314.6
25   10   -156.4   14.2   3307.9
25   11   -134.7   -404.3   3318.8
25   12   -69.0   -749.8   3412.9
25   13   48.5   12.6   3335.5
25   14   -50.8   -394.2   3355.5
25   15   -107.1   -747.8   3421.1
25   16   -111.5   495.5   3023.0
25   17   24.3   491.2   3060.9
25   18   -71.7   636.8   3251.2
26   0   -66.3   752.2   3252.6
26   1   -68.6   559.0   3266.4
26   2   -214.0   535.5   3251.9
26   3   -256.7   322.3   3103.7
26   4   -81.9   529.7   3006.5
26   5   76.4   546.9   3272.8
26   6   149.1   316.5   3168.6
26   7   -0.5   526.1   3039.5
26   8   -58.8   312.2   3314.6
26   9   -53.2   115.1   3314.2
26   10   -156.5   14.2   3307.6
26   11   -135.0   -404.9   3318.6
26   12   -69.1   -749.2   3412.3
26   13   48.5   12.6   3335.6
26   14   -51.4   -394.7   3355.6
26   15   -106.5   -747.5   3420.0
26   16   -111.1   495.1   3022.7
26   17   24.4   491.1   3061.0
26   18   -71.7   636.8   3251.2
27   0   -66.3   752.2   3252.6
27   1   -68.6   559.0   3266.3
27   2   -214.0   535.5   3251.9
27   3   -256.7   322.2   3103.7
27   4   -81.9   529.7   3006.5
27   5   76.4   546.8   3272.8
27   6   149.1   316.3   3168.6
27   7   -0.5   526.1   3039.6
27   8   -58.8   312.0   3314.4
27   9   -53.2   114.7   3313.9
27   10   -156.6   14.2   3307.5
27   11   -135.0   -405.2   3318.6
27   12   -69.3   -748.4   3411.4
27   13   48.5   12.5   3335.5
27   14   -52.5   -394.7   3355.7
27   15   -105.8   -746.8   3418.5
27   16   -111.0   495.1   3022.7
27   17   24.4   491.2   3061.1
27   18   -71.7   636.8   3251.2
28   0   -66.3   752.2   3252.6
28   1   -68.6   559.0   3266.3
28   2   -214.0   535.4   3251.9
28   3   -256.7   322.2   3103.6
28   4   -82.0   530.0   3006.6
28   5   76.5   546.8   3272.7
28   6   149.1   316.2   3168.6
28   7   -0.5   526.2   3039.9
28   8   -58.8   311.7   3314.1
28   9   -53.2   114.4   3313.4
28   10   -156.6   14.1   3307.4
28   11   -135.4   -404.4   3318.7
28   12   -68.8   -748.2   3410.3
28   13   48.5   12.5   3335.3
28   14   -54.1   -393.4   3355.7
28   15   -105.6   -746.9   3413.5
28   16   -111.2   495.4   3022.8
28   17   24.4   491.2   3061.3
28   18   -71.7   636.7   3251.2
29   0   -66.3   752.2   3252.6
29   1   -68.6   558.9   3266.2
29   2   -214.1   535.4   3251.9
29   3   -256.7   322.2   3103.5
29   4   -82.2   530.4   3006.9
29   5   76.5   546.9   3272.7
29   6   149.0   316.1   3168.7
29   7   -0.6   526.4   3040.3
29   8   -58.8   311.4   3313.7
29   9   -53.2   114.1   3313.0
29   10   -156.7   14.1   3307.4
29   11   -135.6   -403.4   3319.1
29   12   -67.3   -748.1   3407.5
29   13   48.5   12.5   3335.1
29   14   -55.2   -392.1   3355.6
29   15   -108.2   -747.2   3403.2
29   16   -111.3   495.7   3023.0
29   17   24.3   491.4   3061.7
29   18   -71.7   636.7   3251.2
30   0   -66.3   752.3   3252.6
30   1   -68.6   558.9   3266.1
30   2   -214.1   535.4   3251.9
30   3   -256.7   322.2   3103.4
30   4   -82.6   531.0   3007.2
30   5   76.6   546.9   3272.7
30   6   149.0   315.9   3169.1
30   7   -0.5   526.3   3040.5
30   8   -58.8   311.1   3313.3
30   9   -53.2   113.9   3312.6
30   10   -156.8   14.0   3307.4
30   11   -135.0   -402.5   3319.5
30   12   -64.2   -747.8   3404.7
30   13   48.5   12.5   3335.1
30   14   -53.2   -391.6   3355.5
30   15   -110.8   -746.3   3404.2
30   16   -111.6   496.2   3023.2
30   17   24.4   491.2   3061.9
30   18   -71.7   636.7   3251.2
31   0   -66.4   752.3   3252.6
31   1   -68.6   558.8   3265.9
31   2   -214.1   535.4   3251.9
31   3   -256.7   322.1   3103.4
31   4   -82.7   531.2   3007.3
31   5   76.6   546.9   3272.7
31   6   149.0   315.6   3169.7
31   7   -0.2   526.0   3040.6
31   8   -58.8   310.8   3312.9
31   9   -53.2   113.7   3312.1
31   10   -156.8   14.0   3307.4
31   11   -134.1   -401.5   3319.2
31   12   -63.9   -749.1   3402.6
31   13   48.5   12.5   3335.0
31   14   -46.3   -392.2   3355.5
31   15   -114.2   -746.3   3407.0
31   16   -111.7   496.3   3023.3
31   17   24.6   491.0   3062.1
31   18   -71.7   636.7   3251.2
32   0   -66.4   752.3   3252.6
32   1   -68.6   558.8   3265.8
32   2   -214.1   535.4   3251.9
32   3   -256.7   322.1   3103.3
32   4   -82.8   531.3   3007.2
32   5   76.7   546.9   3272.7
32   6   149.0   315.2   3170.4
32   7   0.1   525.6   3040.8
32   8   -58.8   310.5   3312.4
32   9   -53.2   113.5   3311.6
32   10   -156.9   14.0   3307.4
32   11   -134.1   -401.0   3317.9
32   12   -64.1   -748.7   3402.5
32   13   48.4   12.5   3335.0
32   14   -44.6   -392.2   3355.3
32   15   -114.1   -745.5   3412.1
32   16   -111.8   496.4   3023.3
32   17   25.0   490.5   3062.4
32   18   -71.7   636.7   3251.2
33   0   -66.4   752.3   3252.6
33   1   -68.6   558.8   3265.7
33   2   -214.1   535.4   3251.9
33   3   -256.8   322.0   3103.3
33   4   -82.8   531.3   3007.2
33   5   76.7   546.9   3272.7
33   6   149.1   314.7   3171.3
33   7   0.6   525.0   3040.9
33   8   -58.8   310.2   3312.0
33   9   -53.2   113.3   3311.2
33   10   -157.0   14.0   3307.4
33   11   -133.5   -400.7   3315.6
33   12   -64.9   -749.3   3404.2
33   13   48.4   12.5   3334.9
33   14   -41.5   -392.5   3355.3
33   15   -113.9   -745.3   3420.8
33   16   -111.8   496.4   3023.2
33   17   25.3   490.0   3062.6
33   18   -71.7   636.7   3251.2
34   0   -66.4   752.4   3252.6
34   1   -68.6   558.7   3265.6
34   2   -214.2   535.4   3251.9
34   3   -256.8   322.0   3103.3
34   4   -82.8   531.4   3007.2
34   5   76.7   546.9   3272.7
34   6   149.2   314.6   3171.7
34   7   0.8   524.7   3040.7
34   8   -58.8   310.0   3311.6
34   9   -53.2   113.1   3310.7
34   10   -157.1   14.1   3307.4
34   11   -134.2   -401.8   3315.7
34   12   -66.4   -750.0   3406.2
34   13   48.5   12.7   3334.7
34   14   -42.3   -393.4   3355.1
34   15   -113.1   -747.0   3417.8
34   16   -111.8   496.5   3023.2
34   17   25.5   489.7   3062.5
34   18   -71.7   636.7   3251.2
35   0   -66.4   752.4   3252.6
35   1   -68.6   558.7   3265.5
35   2   -214.2   535.4   3251.9
35   3   -256.8   321.9   3103.3
35   4   -82.8   531.4   3007.2
35   5   76.7   546.9   3272.7
35   6   149.2   314.5   3171.8
35   7   0.9   524.6   3040.6
35   8   -58.8   309.8   3311.3
35   9   -53.2   113.0   3310.3
35   10   -157.2   14.2   3307.4
35   11   -134.3   -402.1   3315.9
35   12   -66.8   -748.9   3408.6
35   13   48.6   12.9   3334.5
35   14   -42.2   -393.6   3354.9
35   15   -112.9   -746.9   3415.7
35   16   -111.8   496.5   3023.2
35   17   25.6   489.6   3062.4
35   18   -71.7   636.7   3251.2
36   0   -66.5   752.4   3252.6
36   1   -68.6   558.7   3265.4
36   2   -214.2   535.4   3251.9
36   3   -256.8   321.9   3103.2
36   4   -82.8   531.5   3007.2
36   5   76.8   546.9   3272.7
36   6   149.2   314.4   3171.9
36   7   0.9   524.5   3040.5
36   8   -58.8   309.6   3310.9
36   9   -53.2   112.9   3309.8
36   10   -157.2   14.3   3307.4
36   11   -134.3   -401.9   3315.9
36   12   -66.3   -747.3   3410.1
36   13   48.5   12.8   3334.3
36   14   -42.5   -393.5   3354.6
36   15   -113.2   -745.8   3415.5
36   16   -111.8   496.6   3023.2
36   17   25.7   489.5   3062.4
36   18   -71.7   636.7   3251.2
37   0   -66.5   752.4   3252.7
37   1   -68.6   558.6   3265.3
37   2   -214.2   535.4   3251.9
37   3   -256.8   321.9   3103.0
37   4   -82.8   531.6   3007.2
37   5   76.8   546.9   3272.7
37   6   149.2   314.3   3171.9
37   7   0.9   524.5   3040.5
37   8   -58.8   309.5   3310.5
37   9   -53.2   112.7   3309.4
37   10   -157.3   14.3   3307.4
37   11   -134.0   -401.5   3315.5
37   12   -65.5   -747.0   3410.3
37   13   48.3   12.6   3334.1
37   14   -42.8   -393.4   3354.6
37   15   -114.8   -745.6   3416.3
37   16   -111.8   496.6   3023.2
37   17   25.7   489.4   3062.4
37   18   -71.7   636.7   3251.2
38   0   -66.5   752.5   3252.7
38   1   -68.6   558.6   3265.3
38   2   -214.2   535.3   3251.9
38   3   -256.8   321.9   3102.9
38   4   -82.7   531.7   3007.2
38   5   76.8   546.9   3272.7
38   6   149.4   314.1   3172.2
38   7   1.0   524.3   3040.6
38   8   -58.8   309.3   3310.1
38   9   -53.2   112.6   3309.0
38   10   -157.5   14.6   3307.4
38   11   -134.0   -400.8   3314.7
38   12   -64.0   -746.5   3408.8
38   13   48.3   12.6   3333.9
38   14   -43.8   -392.7   3354.6
38   15   -115.2   -745.5   3416.0
38   16   -111.7   496.7   3023.2
38   17   25.8   489.2   3062.5
38   18   -71.7   636.7   3251.2
39   0   -66.5   752.5   3252.7
39   1   -68.6   558.5   3265.2
39   2   -214.2   535.3   3251.9
39   3   -257.9   322.1   3102.9
39   4   -82.7   531.2   3007.6
39   5   76.8   546.9   3272.7
39   6   150.3   314.2   3172.4
39   7   1.1   523.8   3040.8
39   8   -58.8   309.2   3309.7
39   9   -53.2   112.5   3308.6
39   10   -157.9   15.3   3307.4
39   11   -134.0   -399.9   3313.7
39   12   -63.4   -746.6   3405.8
39   13   48.3   12.8   3333.7
39   14   -45.7   -391.8   3354.5
39   15   -114.2   -745.9   3414.0
39   16   -111.9   496.4   3023.4
39   17   26.0   488.9   3062.7
39   18   -71.7   636.7   3251.2
40   0   -66.6   752.5   3252.7
40   1   -68.6   558.5   3265.1
40   2   -214.2   535.3   3252.4
40   3   -262.6   323.1   3103.2
40   4   -84.8   527.1   3009.6
40   5   76.9   547.0   3272.7
40   6   154.8   315.5   3172.9
40   7   2.7   520.3   3042.8
40   8   -58.7   309.0   3309.4
40   9   -53.2   112.3   3308.2
40   10   -158.6   16.5   3307.4
40   11   -134.0   -398.6   3312.0
40   12   -64.6   -746.5   3404.1
40   13   48.6   13.5   3333.5
40   14   -47.2   -390.6   3354.4
40   15   -115.4   -745.8   3413.6
40   16   -114.5   493.1   3025.2
40   17   28.1   486.1   3064.5
40   18   -71.7   636.7   3251.2
41   0   -66.6   752.6   3252.7
41   1   -68.6   558.5   3265.0
41   2   -214.2   535.3   3253.1
41   3   -279.2   329.3   3105.9
41   4   -89.0   518.6   3012.5
41   5   76.9   547.0   3272.7
41   6   174.2   324.6   3176.4
41   7   7.4   514.2   3046.4
41   8   -58.7   308.7   3309.3
41   9   -53.2   112.1   3307.8
41   10   -158.8   17.2   3307.4
41   11   -134.1   -398.3   3309.5
41   12   -67.7   -747.3   3403.7
41   13   49.0   14.5   3333.3
41   14   -46.9   -390.0   3354.3
41   15   -116.5   -746.0   3413.9
41   16   -120.7   487.0   3028.1
41   17   35.2   482.6   3068.1
41   18   -71.7   636.7   3251.2
42   0   -66.6   752.6   3252.6
42   1   -68.6   558.4   3265.2
42   2   -214.1   535.5   3258.7
42   3   -307.4   346.0   3108.6
42   4   -100.5   510.7   3013.0
42   5   76.9   547.0   3272.7
42   6   203.1   340.3   3180.8
42   7   30.7   515.5   3043.0
42   8   -58.7   308.3   3309.2
42   9   -53.1   111.7   3307.4
42   10   -158.8   17.5   3307.4
42   11   -134.2   -398.8   3309.1
42   12   -68.6   -749.0   3403.5
42   13   49.5   15.8   3333.3
42   14   -46.7   -389.5   3354.3
42   15   -116.2   -746.6   3413.3
42   16   -135.0   483.3   3029.0
42   17   59.4   486.3   3066.0
42   18   -71.7   636.7   3251.4
43   0   -66.7   752.6   3252.5
43   1   -68.6   558.3   3266.7
43   2   -213.6   535.8   3269.3
43   3   -330.2   373.1   3108.3
43   4   -112.2   514.1   3000.4
43   5   78.4   548.9   3272.9
43   6   233.2   365.1   3181.7
43   7   65.9   530.1   3026.6
43   8   -58.7   307.5   3309.6
43   9   -53.1   110.9   3307.3
43   10   -158.6   17.9   3307.4
43   11   -134.5   -399.7   3309.8
43   12   -69.1   -750.9   3403.8
43   13   50.3   17.8   3333.5
43   14   -46.6   -388.5   3354.2
43   15   -115.8   -746.6   3412.7
43   16   -148.5   490.6   3018.3
43   17   93.8   502.6   3052.5
43   18   -71.7   636.7   3253.3
44   0   -66.7   752.6   3252.9
44   1   -68.6   558.2   3270.0
44   2   -213.2   536.2   3280.4
44   3   -350.7   410.1   3104.7
44   4   -138.9   528.3   2963.0
44   5   80.4   551.9   3275.5
44   6   263.9   398.3   3182.0
44   7   123.7   561.8   3001.4
44   8   -58.6   306.3   3310.3
44   9   -53.1   109.7   3307.3
44   10   -158.3   18.1   3307.4
44   11   -134.5   -400.3   3308.1
44   12   -69.0   -751.5   3404.3
44   13   50.5   18.9   3333.6
44   14   -46.7   -388.3   3354.1
44   15   -113.4   -747.5   3412.6
44   16   -174.1   508.6   2986.6
44   17   147.0   534.6   3031.5
44   18   -71.7   636.7   3257.4
45   0   -66.8   752.3   3254.0
45   1   -68.6   558.0   3274.8
45   2   -213.7   536.8   3287.6
45   3   -375.6   439.8   3111.5
45   4   -194.8   555.1   2930.5
45   5   82.3   555.4   3283.4
45   6   293.5   449.6   3183.9
45   7   196.7   601.2   2969.2
45   8   -58.6   304.7   3311.3
45   9   -53.0   108.1   3307.3
45   10   -158.1   18.5   3307.4
45   11   -134.7   -400.4   3308.6
45   12   -68.9   -751.7   3404.7
45   13   50.5   19.5   3333.6
45   14   -47.0   -388.1   3354.0
45   15   -105.1   -748.4   3414.4
45   16   -224.9   535.9   2960.6
45   17   212.8   575.9   3005.0
45   18   -71.7   636.7   3263.4
46   0   -66.8   751.9   3256.2
46   1   -68.5   557.8   3279.9
46   2   -217.1   540.6   3290.4
46   3   -408.6   489.6   3125.6
46   4   -264.1   596.1   2906.8
46   5   84.1   558.2   3289.4
46   6   313.7   494.5   3188.1
46   7   277.3   653.4   2958.7
46   8   -58.4   303.2   3312.6
46   9   -53.0   106.1   3307.4
46   10   -157.7   19.0   3307.4
46   11   -134.9   -400.1   3310.9
46   12   -69.0   -750.9   3404.6
46   13   50.1   19.9   3333.5
46   14   -47.6   -387.8   3353.8
46   15   -94.7   -748.0   3418.0
46   16   -288.2   578.4   2943.3
46   17   283.4   626.9   2996.9
46   18   -71.7   636.7   3269.8
47   0   -67.1   751.6   3258.2
47   1   -68.5   557.7   3284.3
47   2   -222.0   546.7   3290.6
47   3   -432.1   551.7   3140.6
47   4   -332.3   652.9   2891.3
47   5   87.0   562.4   3292.9
47   6   327.0   539.5   3192.1
47   7   345.5   717.4   2969.8
47   8   -58.3   302.4   3314.6
47   9   -53.2   104.6   3307.4
47   10   -156.5   21.0   3307.4
47   11   -134.8   -397.5   3309.4
47   12   -69.4   -748.6   3404.2
47   13   47.9   21.6   3332.9
47   14   -47.9   -385.9   3353.6
47   15   -101.6   -745.2   3420.2
47   16   -348.9   636.0   2932.8
47   17   342.4   687.7   3006.8
47   18   -71.6   636.7   3274.8
48   0   -67.5   750.4   3260.1
48   1   -68.5   557.6   3286.7
48   2   -227.6   555.2   3289.7
48   3   -442.4   605.9   3149.3
48   4   -388.9   727.8   2889.9
48   5   90.4   568.5   3294.5
48   6   331.9   586.7   3192.4
48   7   397.9   784.4   2989.5
48   8   -58.3   302.6   3317.1
48   9   -53.8   104.3   3307.2
48   10   -155.2   24.8   3307.4
48   11   -134.8   -393.4   3308.6
48   12   -69.9   -746.1   3403.6
48   13   44.5   24.5   3332.0
48   14   -47.1   -383.4   3353.3
48   15   -104.4   -743.7   3420.9
48   16   -397.8   707.5   2933.1
48   17   387.0   751.5   3023.3
48   18   -71.6   636.7   3277.3
49   0   -67.9   749.3   3261.5
49   1   -68.5   557.6   3287.8
49   2   -232.9   564.8   3288.2
49   3   -439.2   649.3   3146.4
49   4   -435.5   817.1   2910.0
49   5   93.6   575.4   3294.9
49   6   329.7   630.9   3190.8
49   7   436.9   842.9   3017.2
49   8   -58.4   303.7   3319.2
49   9   -54.6   104.7   3306.8
49   10   -155.0   30.5   3307.4
49   11   -135.1   -387.7   3308.5
49   12   -70.7   -741.9   3402.7
49   13   40.9   28.1   3330.7
49   14   -47.2   -380.6   3353.1
49   15   -101.2   -742.4   3421.2
49   16   -436.2   789.2   2949.4
49   17   419.0   807.6   3046.1
49   18   -71.6   636.7   3278.0
50   0   -68.4   749.1   3262.6
50   1   -68.5   558.1   3287.8
50   2   -236.2   571.7   3283.3
50   3   -425.4   684.8   3136.2
50   4   -470.6   894.1   2942.4
50   5   96.3   583.4   3294.9
50   6   319.4   672.3   3184.2
50   7   461.9   890.9   3045.2
50   8   -58.7   305.4   3320.6
50   9   -55.6   105.8   3306.5
50   10   -156.6   37.2   3307.4
50   11   -135.5   -382.7   3310.5
50   12   -71.5   -737.7   3401.8
50   13   38.1   31.5   3329.5
50   14   -46.8   -379.5   3352.9
50   15   -99.7   -741.5   3421.3
50   16   -463.2   859.3   2974.7
50   17   438.2   854.5   3068.3
50   18   -71.6   637.1   3277.6
51   0   -68.9   750.3   3263.2
51   1   -68.6   559.1   3287.1
51   2   -237.1   575.6   3276.4
51   3   -404.9   716.9   3127.6
51   4   -501.7   945.1   2968.5
51   5   97.7   589.8   3294.3
51   6   305.9   704.5   3177.0
51   7   472.3   928.9   3069.6
51   8   -59.1   307.4   3320.9
51   9   -56.6   107.2   3306.2
51   10   -159.0   43.8   3307.4
51   11   -135.8   -378.0   3309.3
51   12   -72.4   -733.2   3401.2
51   13   36.5   35.4   3327.8
51   14   -45.8   -378.2   3352.6
51   15   -98.7   -740.2   3421.8
51   16   -485.6   907.0   2995.0
51   17   444.5   891.5   3087.5
51   18   -71.6   638.1   3276.5
52   0   -69.2   752.2   3263.5
52   1   -68.7   560.4   3285.3
52   2   -236.2   576.8   3269.5
52   3   -393.0   737.9   3127.9
52   4   -522.4   975.3   2992.7
52   5   97.5   592.7   3290.7
52   6   299.7   720.7   3174.8
52   7   470.4   956.8   3090.2
52   8   -59.6   309.3   3319.2
52   9   -57.7   108.5   3305.9
52   10   -160.7   48.2   3307.3
52   11   -136.4   -371.7   3308.7
52   12   -73.6   -726.4   3400.3
52   13   37.4   40.8   3325.9
52   14   -43.2   -371.2   3351.8
52   15   -96.6   -732.6   3420.6
52   16   -500.9   935.7   3015.2
52   17   441.9   917.5   3104.3
52   18   -71.6   639.4   3274.6
53   0   -69.5   754.1   3259.7
53   1   -68.9   561.9   3281.6
53   2   -234.6   577.2   3264.7
53   3   -386.0   748.8   3129.1
53   4   -529.7   991.9   3014.4
53   5   96.3   593.2   3286.0
53   6   296.4   730.6   3177.6
53   7   464.9   973.6   3108.7
53   8   -60.2   311.2   3315.1
53   9   -58.6   109.8   3303.6
53   10   -162.1   51.5   3307.0
53   11   -136.9   -364.8   3308.4
53   12   -74.8   -719.0   3399.3
53   13   40.0   47.8   3323.8
53   14   -40.1   -360.7   3350.8
53   15   -94.6   -721.5   3417.2
53   16   -505.8   951.4   3033.5
53   17   436.8   933.1   3120.2
53   18   -71.6   641.0   3271.0
54   0   -69.9   755.5   3253.7
54   1   -69.1   563.2   3276.4
54   2   -232.8   576.4   3260.6
54   3   -382.7   752.1   3128.6
54   4   -534.3   996.9   3022.6
54   5   94.2   591.8   3283.1
54   6   294.9   737.2   3188.1
54   7   457.0   988.6   3128.4
54   8   -61.3   312.7   3310.4
54   9   -59.5   110.9   3299.4
54   10   -163.2   53.3   3306.0
54   11   -137.4   -359.3   3308.2
54   12   -75.7   -712.5   3399.2
54   13   40.5   51.2   3320.9
54   14   -38.5   -353.5   3350.0
54   15   -93.5   -713.6   3415.1
54   16   -509.0   956.1   3040.3
54   17   430.0   946.7   3138.4
54   18   -71.6   642.3   3265.7
55   0   -70.3   755.9   3247.0
55   1   -69.3   564.0   3270.9
55   2   -230.7   574.4   3257.3
55   3   -381.2   751.4   3128.0
55   4   -539.1   994.8   3025.2
55   5   91.8   589.3   3281.5
55   6   294.7   741.4   3203.7
55   7   451.0   993.9   3131.0
55   8   -62.2   313.5   3305.8
55   9   -60.2   111.6   3294.4
55   10   -163.5   53.7   3303.4
55   11   -137.8   -355.5   3307.6
55   12   -76.2   -707.9   3398.5
55   13   39.1   51.9   3319.3
55   14   -37.9   -349.7   3349.5
55   15   -93.0   -709.1   3412.9
55   16   -512.8   954.2   3042.3
55   17   424.9   951.8   3143.1
55   18   -71.6   643.1   3259.9
56   0   -70.9   755.7   3243.2
56   1   -69.5   564.4   3266.4
56   2   -229.1   572.8   3256.9
56   3   -381.6   748.9   3128.9
56   4   -546.4   987.7   3025.4
56   5   89.7   587.2   3281.2
56   6   294.0   743.1   3214.1
56   7   449.4   993.0   3128.7
56   8   -62.9   313.8   3301.4
56   9   -60.6   111.9   3288.9
56   10   -163.9   53.8   3297.8
56   11   -137.9   -352.6   3306.5
56   12   -76.2   -704.5   3397.5
56   13   37.7   52.5   3318.1
56   14   -37.4   -346.7   3349.0
56   15   -93.4   -706.1   3409.3
56   16   -518.9   947.9   3042.7
56   17   423.5   951.4   3143.0
56   18   -71.6   643.6   3255.4
57   0   -71.5   756.2   3241.8
57   1   -69.6   564.6   3263.6
57   2   -227.8   571.2   3257.9
57   3   -383.0   745.0   3130.2
57   4   -556.3   977.0   3024.9
57   5   88.1   585.3   3281.1
57   6   293.0   743.1   3219.9
57   7   451.0   989.6   3126.8
57   8   -63.6   313.7   3298.3
57   9   -61.1   111.9   3284.8
57   10   -164.3   53.8   3291.2
57   11   -137.2   -354.1   3302.1
57   12   -75.0   -707.0   3397.3
57   13   36.4   52.8   3317.2
57   14   -37.9   -348.0   3348.9
57   15   -95.3   -710.2   3403.8
57   16   -527.4   938.4   3042.4
57   17   424.6   948.5   3142.3
57   18   -71.5   643.8   3252.6
58   0   -71.9   756.8   3241.7
58   1   -69.7   564.6   3262.1
58   2   -226.5   569.4   3259.5
58   3   -385.8   738.9   3131.2
58   4   -565.3   966.1   3024.4
58   5   86.8   583.4   3281.2
58   6   291.6   742.5   3222.8
58   7   454.5   985.5   3125.9
58   8   -64.1   313.3   3296.4
58   9   -61.5   111.8   3282.3
58   10   -164.7   53.6   3287.7
58   11   -136.3   -356.2   3293.1
58   12   -74.6   -711.2   3397.7
58   13   35.5   52.9   3316.5
58   14   -38.6   -350.0   3348.9
58   15   -96.9   -716.5   3404.5
58   16   -535.3   928.2   3042.2
58   17   427.3   945.0   3142.1
58   18   -71.5   643.9   3251.2
59   0   -72.1   757.5   3242.2
59   1   -69.8   564.6   3261.4
59   2   -226.0   569.4   3262.5
59   3   -390.6   730.4   3130.2
59   4   -572.8   955.3   3022.7
59   5   86.6   583.9   3281.6
59   6   292.4   742.3   3224.6
59   7   461.7   980.5   3125.9
59   8   -64.3   312.9   3295.5
59   9   -61.6   111.7   3281.1
59   10   -164.8   53.5   3286.6
59   11   -136.9   -355.9   3294.5
59   12   -74.5   -713.0   3398.5
59   13   34.9   52.6   3315.9
59   14   -40.0   -349.6   3348.8
59   15   -97.0   -718.5   3402.1
59   16   -542.4   917.8   3040.6
59   17   433.5   940.8   3142.4
59   18   -71.5   643.9   3250.6
60   0   -72.2   758.2   3243.2
60   1   -69.8   564.5   3261.1
60   2   -226.1   570.4   3264.4
60   3   -396.1   721.6   3127.3
60   4   -577.6   949.0   3022.7
60   5   87.1   586.2   3282.2
60   6   294.9   742.4   3226.1
60   7   467.6   978.0   3125.3
60   8   -64.5   312.5   3295.1
60   9   -61.7   111.7   3280.6
60   10   -164.7   53.3   3286.3
60   11   -137.2   -354.5   3297.6
60   12   -74.5   -712.7   3399.0
60   13   34.7   52.4   3315.5
60   14   -42.3   -347.8   3348.4
60   15   -97.0   -718.5   3394.8
60   16   -547.3   911.1   3040.1
60   17   438.8   938.8   3142.1
60   18   -71.5   643.8   3250.4
61   0   -72.3   758.8   3244.5
61   1   -69.8   564.5   3261.1
61   2   -226.3   571.4   3265.0
61   3   -400.2   714.9   3124.2
61   4   -581.2   944.8   3023.0
61   5   87.3   587.4   3282.5
61   6   296.7   741.9   3227.5
61   7   469.3   977.2   3124.0
61   8   -64.5   312.1   3294.9
61   9   -61.7   111.7   3280.5
61   10   -164.5   53.0   3286.3
61   11   -137.3   -352.9   3298.9
61   12   -74.0   -711.6   3398.7
61   13   34.7   52.1   3315.0
61   14   -43.4   -346.0   3347.6
61   15   -96.9   -717.3   3390.7
61   16   -551.0   906.5   3039.9
61   17   440.5   938.0   3141.2
61   18   -71.5   643.8   3250.5
62   0   -72.3   759.2   3245.8
62   1   -69.8   564.4   3261.1
62   2   -226.2   571.6   3265.1
62   3   -403.5   707.7   3120.8
62   4   -583.3   940.9   3023.1
62   5   87.2   587.8   3282.5
62   6   297.9   741.0   3228.3
62   7   469.6   977.0   3122.9
62   8   -64.6   311.7   3294.8
62   9   -61.6   111.8   3280.5
62   10   -164.2   52.2   3286.6
62   11   -136.6   -356.0   3298.9
62   12   -73.2   -715.1   3399.6
62   13   34.8   51.6   3314.8
62   14   -44.0   -348.7   3346.9
62   15   -97.8   -720.6   3391.3
62   16   -553.3   902.0   3039.4
62   17   440.9   937.7   3140.5
62   18   -71.5   643.8   3250.5
63   0   -72.3   759.6   3247.1
63   1   -69.8   564.3   3261.1
63   2   -226.0   571.5   3264.8
63   3   -405.0   704.1   3119.0
63   4   -585.6   937.8   3022.7
63   5   87.1   587.7   3282.4
63   6   298.6   739.7   3227.9
63   7   469.0   977.3   3122.6
63   8   -64.6   311.3   3294.8
63   9   -61.5   111.8   3280.7
63   10   -163.8   51.1   3286.8
63   11   -136.0   -357.0   3298.7
63   12   -73.3   -716.7   3399.9
63   13   34.9   51.0   3314.7
63   14   -44.3   -349.3   3345.5
63   15   -96.6   -720.8   3397.5
63   16   -555.5   898.8   3038.7
63   17   440.6   937.7   3140.1
63   18   -71.5   643.8   3250.6
64   0   -72.2   759.9   3248.4
64   1   -69.8   564.3   3261.2
64   2   -225.7   571.2   3264.4
64   3   -405.5   702.9   3118.6
64   4   -586.8   936.6   3022.7
64   5   86.9   587.5   3282.3
64   6   299.3   738.1   3226.7
64   7   468.1   977.7   3122.9
64   8   -64.6   311.0   3294.7
64   9   -61.5   111.8   3280.8
64   10   -163.2   49.5   3287.1
64   11   -135.5   -357.4   3298.8
64   12   -73.5   -717.0   3400.0
64   13   34.8   49.9   3314.7
64   14   -44.2   -349.2   3345.0
64   15   -96.0   -719.1   3406.8
64   16   -556.6   897.7   3038.7
64   17   439.9   937.8   3140.2
64   18   -71.5   643.8   3250.6
65   0   -72.3   760.2   3249.7
65   1   -69.8   564.3   3261.2
65   2   -225.6   571.1   3264.2
65   3   -405.9   702.8   3118.7
65   4   -587.5   936.4   3022.6
65   5   86.7   587.3   3282.3
65   6   299.9   736.4   3224.9
65   7   467.1   978.3   3123.4
65   8   -64.6   310.6   3294.7
65   9   -61.4   111.7   3280.9
65   10   -162.7   47.9   3287.4
65   11   -134.0   -360.0   3299.1
65   12   -72.9   -720.8   3401.2
65   13   34.8   48.8   3314.7
65   14   -44.5   -351.4   3345.0
65   15   -96.3   -721.7   3412.2
65   16   -557.2   897.4   3038.6
65   17   439.3   938.0   3140.3
65   18   -71.5   643.8   3250.7
66   0   -72.3   760.4   3251.0
66   1   -69.8   564.2   3261.2
66   2   -225.5   571.2   3264.1
66   3   -406.2   703.1   3119.1
66   4   -587.8   936.5   3022.3
66   5   86.6   587.3   3282.3
66   6   299.9   735.5   3222.7
66   7   466.9   978.9   3124.0
66   8   -64.6   310.2   3294.6
66   9   -61.4   111.5   3281.1
66   10   -162.2   46.0   3287.6
66   11   -133.6   -365.4   3299.2
66   12   -72.1   -725.8   3402.7
66   13   34.6   47.2   3314.7
66   14   -45.2   -356.3   3345.4
66   15   -97.7   -726.2   3414.8
66   16   -557.6   897.6   3038.4
66   17   439.1   938.3   3140.4
66   18   -71.5   643.8   3250.7
67   0   -72.3   760.5   3251.9
67   1   -69.8   564.2   3261.2
67   2   -225.5   571.2   3264.0
67   3   -406.4   703.5   3119.7
67   4   -588.1   936.8   3022.0
67   5   86.5   587.2   3282.3
67   6   299.7   734.9   3220.4
67   7   466.9   979.2   3124.0
67   8   -64.6   309.8   3294.5
67   9   -61.4   111.4   3281.2
67   10   -162.2   45.0   3287.9
67   11   -132.5   -367.7   3298.9
67   12   -71.4   -730.0   3404.0
67   13   34.9   46.5   3314.8
67   14   -45.1   -358.4   3345.7
67   15   -99.0   -730.3   3415.4
67   16   -557.8   897.9   3038.3
67   17   439.0   938.5   3140.0
67   18   -71.5   643.8   3250.7
68   0   -72.3   760.6   3252.4
68   1   -69.8   564.1   3261.2
68   2   -225.4   571.2   3264.0
68   3   -406.7   703.9   3120.2
68   4   -588.2   937.0   3021.8
68   5   86.4   587.2   3282.3
68   6   299.8   734.6   3219.8
68   7   466.7   978.9   3122.6
68   8   -64.7   309.4   3294.4
68   9   -61.4   111.2   3281.3
68   10   -162.6   44.5   3288.2
68   11   -132.3   -369.4   3298.1
68   12   -72.0   -732.8   3405.3
68   13   35.2   46.0   3314.9
68   14   -44.7   -360.2   3345.9
68   15   -99.6   -733.4   3416.0
68   16   -558.0   898.2   3038.2
68   17   438.9   938.2   3138.8
68   18   -71.5   643.8   3250.8
