3   0   -5.6   764.1   3768.6
3   1   -7.4   563.7   3778.0
3   2   -169.2   558.0   3779.2
3   3   -206.6   294.0   3725.6
3   4   22.5   429.4   3591.7
3   5   150.4   553.8   3789.2
3   6   178.6   285.8   3752.8
3   7   -25.9   441.6   3602.3
3   8   -6.8   321.7   3813.5
3   9   -6.3   130.8   3819.9
3   10   -112.8   11.9   3845.1
3   11   -113.4   -413.9   3847.6
3   12   -154.8   -793.9   3845.3
3   13   100.3   14.2   3851.1
3   14   73.8   -409.4   3885.8
3   15   77.2   -790.3   3916.7
3   16   -15.7   406.8   3614.0
3   17   8.2   415.7   3627.4
3   18   -7.7   644.7   3766.1
4   0   -5.1   765.4   3768.3
4   1   -6.9   565.3   3778.5
4   2   -168.5   559.1   3778.8
4   3   -207.9   295.2   3727.3
4   4   21.0   430.8   3592.6
4   5   151.0   555.4   3788.1
4   6   180.9   287.3   3754.2
4   7   -24.4   441.4   3602.6
4   8   -6.2   323.4   3814.9
4   9   -5.8   132.1   3821.1
4   10   -112.1   12.8   3845.2
4   11   -114.1   -413.4   3847.7
4   12   -154.4   -793.5   3844.2
4   13   100.6   14.9   3851.5
4   14   76.2   -409.3   3885.1
4   15   76.8   -790.4   3913.7
4   16   -17.1   408.2   3615.0
4   17   9.8   415.7   3627.9
4   18   -7.2   646.3   3766.4
5   0   -3.8   768.5   3767.6
5   1   -5.5   569.8   3780.3
5   2   -166.3   562.6   3778.2
5   3   -210.4   298.9   3729.8
5   4   20.9   431.7   3595.3
5   5   151.8   558.7   3786.1
5   6   187.1   291.1   3754.5
5   7   -22.6   440.1   3602.7
5   8   -4.7   328.3   3818.7
5   9   -4.5   135.0   3824.4
5   10   -109.6   13.8   3845.4
5   11   -114.7   -411.5   3850.6
5   12   -152.8   -791.4   3838.4
5   13   100.6   15.7   3852.4
5   14   79.3   -407.9   3883.8
5   15   76.7   -789.3   3903.6
5   16   -17.6   409.6   3617.7
5   17   12.4   415.3   3628.0
5   18   -5.8   650.7   3767.4
6   0   -1.8   772.3   3766.8
6   1   -3.6   574.7   3782.6
6   2   -163.3   566.1   3777.6
6   3   -213.4   302.8   3732.4
6   4   19.5   433.3   3597.7
6   5   152.5   561.8   3785.0
6   6   193.7   294.6   3757.2
6   7   -19.5   436.8   3603.3
6   8   -3.0   333.5   3822.9
6   9   -2.9   137.0   3828.0
6   10   -107.0   15.6   3845.9
6   11   -115.6   -409.7   3857.5
6   12   -150.6   -790.0   3845.1
6   13   100.7   16.7   3852.7
6   14   82.5   -407.4   3882.7
6   15   76.9   -789.3   3891.9
6   16   -19.3   411.6   3620.1
6   17   16.0   413.1   3629.0
6   18   -3.9   655.5   3769.1
7   0   -0.4   775.1   3766.3
7   1   -2.3   577.8   3784.3
7   2   -160.9   568.1   3777.2
7   3   -214.6   305.0   3734.5
7   4   15.9   436.4   3598.0
7   5   152.8   563.8   3785.0
7   6   198.9   297.0   3760.3
7   7   -15.8   433.5   3604.5
7   8   -1.7   336.7   3825.5
7   9   -1.9   137.0   3830.3
7   10   -105.4   17.4   3846.4
7   11   -116.2   -409.7   3859.8
7   12   -148.7   -789.7   3837.4
7   13   100.7   17.6   3852.4
7   14   84.2   -408.5   3882.0
7   15   78.0   -790.5   3883.5
7   16   -22.5   414.5   3620.7
7   17   20.0   410.7   3630.5
7   18   -2.5   658.5   3770.4
8   0   0.3   776.7   3766.2
8   1   -1.7   579.1   3784.9
8   2   -159.6   569.0   3777.0
8   3   -215.1   305.9   3736.7
8   4   12.4   438.3   3598.2
8   5   152.9   564.7   3784.7
8   6   202.7   298.4   3761.5
8   7   -12.9   431.8   3605.8
8   8   -1.2   338.0   3825.6
8   9   -1.5   136.1   3831.0
8   10   -104.8   18.0   3846.8
8   11   -116.4   -411.9   3860.5
8   12   -148.8   -791.8   3834.4
8   13   100.9   18.1   3852.3
8   14   84.9   -410.8   3881.6
8   15   79.5   -793.0   3881.3
8   16   -25.5   416.2   3621.3
8   17   23.0   409.6   3631.7
8   18   -1.8   659.9   3771.2
9   0   0.7   777.6   3766.4
9   1   -1.5   579.5   3784.8
9   2   -159.0   569.4   3776.9
9   3   -215.4   306.3   3737.6
9   4   10.8   437.9   3597.8
9   5   152.8   565.1   3784.7
9   6   205.4   299.3   3761.3
9   7   -10.9   431.4   3607.0
9   8   -1.2   338.1   3824.4
9   9   -1.6   135.4   3830.7
9   10   -105.0   18.1   3846.9
9   11   -116.6   -414.8   3859.8
9   12   -149.1   -794.8   3833.6
9   13   101.2   18.8   3852.3
9   14   84.1   -413.1   3881.9
9   15   80.1   -795.4   3883.7
9   16   -26.9   416.0   3621.1
9   17   25.1   409.4   3632.7
9   18   -1.6   660.3   3771.6
10   0   0.8   778.0   3766.8
10   1   -1.5   579.4   3784.5
10   2   -158.7   569.5   3776.9
10   3   -215.4   306.4   3738.0
10   4   10.3   436.3   3597.5
10   5   152.7   565.3   3784.7
10   6   205.8   299.6   3761.1
10   7   -10.3   431.0   3607.4
10   8   -1.3   337.8   3822.6
10   9   -1.9   135.0   3830.1
10   10   -105.5   17.8   3846.6
10   11   -116.6   -414.8   3859.4
10   12   -149.1   -794.8   3833.3
10   13   101.3   19.0   3852.2
10   14   83.2   -412.6   3882.3
10   15   80.0   -794.7   3888.9
10   16   -27.3   414.7   3620.9
10   17   25.7   409.1   3633.0
10   18   -1.5   660.3   3771.7
11   0   0.8   778.1   3767.1
11   1   -1.5   579.1   3784.0
11   2   -158.6   569.5   3776.9
11   3   -215.5   306.5   3738.2
11   4   10.7   433.1   3597.1
11   5   152.6   565.4   3784.7
11   6   204.9   299.5   3760.9
11   7   -10.4   430.5   3607.3
11   8   -1.5   337.3   3820.7
11   9   -2.2   134.7   3829.3
11   10   -105.9   17.6   3846.3
11   11   -116.4   -412.6   3859.3
11   12   -149.3   -792.7   3835.1
11   13   101.1   19.3   3852.2
11   14   82.7   -409.8   3882.2
11   15   79.5   -792.0   3890.3
11   16   -27.0   412.0   3620.6
11   17   25.5   408.7   3632.9
11   18   -1.5   660.1   3771.7
12   0   0.7   778.2   3767.3
12   1   -1.6   578.8   3783.6
12   2   -158.5   569.5   3776.9
12   3   -215.5   306.5   3738.2
12   4   10.3   432.6   3597.4
12   5   152.4   565.4   3784.6
12   6   203.5   299.4   3760.8
12   7   -10.8   430.0   3606.8
12   8   -1.7   336.9   3819.4
12   9   -2.6   134.6   3828.6
12   10   -106.3   17.6   3846.1
12   11   -116.4   -413.3   3859.3
12   12   -149.6   -793.5   3837.6
12   13   100.9   19.6   3852.1
12   14   83.0   -410.2   3881.2
12   15   78.7   -792.3   3891.6
12   16   -27.4   411.6   3620.8
12   17   24.9   408.2   3632.5
12   18   -1.6   659.8   3771.7
13   0   0.7   778.2   3767.4
13   1   -1.7   578.6   3783.4
13   2   -158.4   569.5   3776.9
13   3   -215.5   306.3   3739.8
13   4   9.4   431.8   3597.8
13   5   152.3   565.4   3784.6
13   6   203.0   299.4   3760.3
13   7   -11.5   429.1   3606.3
13   8   -1.9   336.5   3818.5
13   9   -3.0   134.5   3828.1
13   10   -106.6   17.7   3846.0
13   11   -116.5   -414.8   3859.3
13   12   -149.7   -794.9   3836.6
13   13   100.5   20.0   3851.9
13   14   83.1   -411.4   3881.0
13   15   77.8   -793.5   3892.2
13   16   -28.1   410.9   3621.5
13   17   24.3   407.4   3632.0
13   18   -1.6   659.6   3771.6
14   0   0.7   778.2   3767.2
14   1   -1.7   578.4   3783.2
14   2   -158.3   569.6   3776.9
14   3   -215.6   306.0   3742.0
14   4   8.4   431.3   3598.4
14   5   152.2   565.5   3784.5
14   6   202.6   299.4   3760.1
14   7   -12.3   427.8   3605.7
14   8   -2.1   336.2   3817.9
14   9   -3.4   134.4   3827.5
14   10   -106.9   17.9   3845.9
14   11   -116.8   -416.5   3859.4
14   12   -149.9   -796.5   3835.9
14   13   100.1   20.4   3851.8
14   14   83.0   -412.9   3880.7
14   15   77.1   -795.0   3892.1
14   16   -28.9   410.4   3622.3
14   17   23.5   406.4   3631.4
14   18   -1.6   659.4   3771.6
15   0   0.7   778.1   3766.8
15   1   -1.8   578.2   3783.0
15   2   -158.3   569.6   3776.9
15   3   -215.8   305.8   3744.6
15   4   7.3   431.1   3599.0
15   5   152.1   565.5   3784.5
15   6   202.6   299.4   3760.0
15   7   -13.4   426.0   3605.1
15   8   -2.3   336.0   3817.4
15   9   -3.8   134.3   3827.0
15   10   -107.0   17.7   3845.9
15   11   -117.0   -418.4   3859.5
15   12   -150.0   -798.5   3835.4
15   13   99.7   20.7   3851.6
15   14   82.7   -414.5   3880.7
15   15   76.9   -796.5   3891.4
15   16   -29.9   410.2   3623.3
15   17   22.6   404.9   3631.0
15   18   -1.6   659.3   3771.5
16   0   0.7   778.1   3766.3
16   1   -1.9   578.0   3782.7
16   2   -158.2   569.6   3776.9
16   3   -215.8   305.8   3744.9
16   4   6.8   432.5   3599.3
16   5   152.2   565.7   3784.3
16   6   202.6   299.6   3760.1
16   7   -14.1   425.6   3604.9
16   8   -2.5   335.8   3816.9
16   9   -4.1   134.2   3826.6
16   10   -107.2   17.7   3845.8
16   11   -117.1   -420.0   3859.7
16   12   -150.2   -800.2   3838.5
16   13   99.3   21.0   3851.3
16   14   82.2   -415.6   3880.8
16   15   76.7   -797.7   3890.7
16   16   -30.3   411.4   3623.6
16   17   22.0   404.6   3630.8
16   18   -1.7   659.1   3771.3
17   0   0.7   778.0   3765.9
17   1   -1.9   577.9   3782.3
17   2   -158.2   569.6   3776.9
17   3   -215.8   305.9   3744.2
17   4   6.0   436.9   3600.0
17   5   152.3   566.0   3784.1
17   6   202.6   299.8   3760.0
17   7   -14.6   426.1   3604.8
17   8   -2.7   335.7   3816.4
17   9   -4.6   134.1   3826.1
17   10   -107.5   17.5   3845.7
17   11   -117.0   -421.3   3859.9
17   12   -150.4   -801.7   3844.1
17   13   98.9   21.3   3851.0
17   14   81.6   -416.5   3880.9
17   15   76.4   -798.6   3889.9
17   16   -30.9   415.1   3624.0
17   17   21.6   405.0   3630.7
17   18   -1.7   659.0   3770.9
18   0   0.6   778.0   3765.7
18   1   -2.0   577.7   3781.9
18   2   -158.2   569.6   3776.9
18   3   -215.8   306.1   3742.2
18   4   3.5   447.4   3601.8
18   5   152.4   566.1   3784.0
18   6   202.6   299.9   3760.0
18   7   -15.5   427.6   3605.0
18   8   -2.9   335.6   3816.1
18   9   -4.9   134.0   3825.7
18   10   -107.7   17.4   3845.5
18   11   -117.0   -422.1   3860.0
18   12   -150.6   -802.7   3848.3
18   13   98.7   21.5   3850.6
18   14   81.3   -417.0   3880.9
18   15   76.1   -799.2   3887.5
18   16   -33.0   423.9   3625.2
18   17   20.9   406.3   3630.9
18   18   -1.7   658.9   3770.5
19   0   0.6   777.9   3765.5
19   1   -2.0   577.6   3781.4
19   2   -158.2   569.6   3776.9
19   3   -215.7   306.5   3739.1
19   4   4.9   449.9   3601.2
19   5   152.5   566.0   3781.1
19   6   202.6   299.6   3760.1
19   7   -15.4   429.9   3606.0
19   8   -3.0   335.5   3815.9
19   9   -5.1   133.9   3825.2
19   10   -107.8   17.3   3845.3
19   11   -117.1   -422.5   3860.0
19   12   -150.8   -803.2   3851.9
19   13   98.5   21.7   3850.1
19   14   80.4   -417.0   3880.6
19   15   76.2   -799.2   3882.6
19   16   -31.9   426.0   3624.1
19   17   21.0   408.2   3631.7
19   18   -1.7   658.7   3769.8
20   0   0.6   777.8   3765.4
20   1   -2.1   577.5   3780.9
20   2   -158.2   569.6   3776.8
20   3   -215.8   307.8   3731.6
20   4   5.2   457.3   3601.0
20   5   152.7   566.0   3777.5
20   6   202.9   299.5   3756.9
20   7   -13.0   437.2   3606.4
20   8   -3.2   335.5   3816.0
20   9   -5.3   133.9   3824.9
20   10   -107.4   17.9   3844.8
20   11   -117.3   -422.5   3860.0
20   12   -151.1   -803.2   3852.5
20   13   98.2   22.8   3849.3
20   14   79.2   -416.5   3880.5
20   15   76.5   -798.7   3876.6
20   16   -31.6   432.4   3622.8
20   17   23.0   414.3   3631.5
20   18   -1.7   658.6   3769.1
21   0   0.6   777.6   3765.4
21   1   -2.1   577.3   3780.3
21   2   -158.2   569.6   3776.8
21   3   -217.3   311.3   3717.1
21   4   -5.5   482.6   3600.5
21   5   152.8   565.9   3771.6
21   6   209.1   303.2   3733.7
21   7   1.9   469.3   3604.2
21   8   -3.4   333.2   3816.7
21   9   -5.5   131.5   3824.9
21   10   -106.4   19.8   3844.1
21   11   -117.5   -420.7   3860.1
21   12   -151.3   -801.4   3852.8
21   13   97.4   25.0   3848.2
21   14   78.1   -414.3   3880.5
21   15   76.9   -796.5   3874.8
21   16   -40.8   454.1   3619.9
21   17   36.4   441.6   3625.8
21   18   -1.7   658.3   3768.2
22   0   0.6   777.4   3765.7
22   1   -2.2   577.2   3778.9
22   2   -158.6   570.5   3776.8
22   3   -234.9   325.0   3693.0
22   4   -30.0   517.3   3599.9
22   5   152.9   565.9   3764.0
22   6   238.0   317.6   3702.9
22   7   38.9   512.5   3607.3
22   8   -3.7   331.3   3817.7
22   9   -5.7   129.4   3824.9
22   10   -104.6   22.5   3843.3
22   11   -117.4   -418.4   3859.7
22   12   -151.1   -799.1   3852.9
22   13   96.1   28.3   3846.9
22   14   77.1   -411.4   3880.3
22   15   77.9   -793.6   3874.1
22   16   -64.2   485.2   3615.4
22   17   72.1   480.1   3623.2
22   18   -1.7   658.1   3766.2
23   0   0.6   777.2   3766.3
23   1   -2.2   577.2   3776.4
23   2   -159.3   572.5   3776.7
23   3   -280.3   373.1   3653.4
23   4   -52.7   552.2   3605.3
23   5   153.5   567.3   3755.3
23   6   281.2   352.1   3663.7
23   7   85.2   565.3   3605.6
23   8   -3.9   330.5   3818.7
23   9   -5.9   128.6   3824.8
23   10   -102.9   26.9   3842.1
23   11   -117.5   -414.7   3859.7
23   12   -150.8   -795.4   3852.8
23   13   95.1   33.5   3845.5
23   14   77.0   -406.9   3880.3
23   15   79.0   -789.1   3874.7
23   16   -90.6   522.4   3613.3
23   17   117.9   529.8   3615.3
23   18   -1.7   657.9   3762.6
24   0   0.6   777.0   3766.6
24   1   -2.2   577.4   3774.7
24   2   -162.8   582.8   3781.7
24   3   -325.8   444.2   3629.2
24   4   -82.3   609.6   3602.7
24   5   157.9   576.6   3761.0
24   6   321.6   412.3   3632.9
24   7   128.3   631.4   3577.1
24   8   -4.1   331.4   3820.9
24   9   -6.0   129.3   3824.8
24   10   -102.6   39.7   3840.6
24   11   -118.0   -398.3   3859.3
24   12   -148.1   -779.3   3853.1
24   13   96.7   49.0   3844.1
24   14   78.1   -387.9   3879.0
24   15   79.4   -770.1   3876.9
24   16   -122.9   582.0   3607.2
24   17   160.5   594.9   3586.4
24   18   -1.7   657.9   3759.6
25   0   0.5   779.4   3766.6
25   1   -2.3   579.9   3774.4
25   2   -164.7   593.6   3789.9
25   3   -359.9   527.1   3624.2
25   4   -117.5   672.2   3549.4
25   5   161.9   588.0   3764.2
25   6   353.5   494.6   3607.6
25   7   167.7   710.0   3523.3
25   8   -4.2   334.6   3822.5
25   9   -6.1   132.2   3824.5
25   10   -102.6   50.0   3838.9
25   11   -118.8   -382.8   3858.9
25   12   -144.9   -764.1   3853.3
25   13   94.8   56.8   3843.1
25   14   78.6   -375.0   3878.3
25   15   79.5   -757.2   3878.6
25   16   -157.9   648.0   3561.9
25   17   198.6   674.0   3537.4
25   18   -1.7   660.3   3758.6
26   0   0.5   783.7   3766.4
26   1   -2.3   584.2   3774.5
26   2   -165.4   602.1   3795.2
26   3   -373.4   609.7   3626.7
26   4   -184.4   749.6   3470.7
26   5   164.3   597.8   3762.5
26   6   369.5   583.4   3593.5
26   7   215.2   795.8   3461.9
26   8   -4.2   338.5   3823.1
26   9   -6.2   135.7   3824.3
26   10   -102.4   54.8   3838.1
26   11   -118.8   -372.8   3858.3
26   12   -143.2   -754.3   3853.4
26   13   93.6   60.1   3842.6
26   14   79.1   -366.7   3877.8
26   15   79.6   -748.9   3878.6
26   16   -215.8   726.2   3496.7
26   17   240.9   760.4   3483.8
26   18   -1.7   664.5   3758.6
27   0   0.5   790.6   3766.3
27   1   -2.3   591.0   3774.5
27   2   -166.6   613.9   3797.1
27   3   -374.9   680.0   3634.5
27   4   -261.7   820.0   3417.1
27   5   166.1   609.8   3757.5
27   6   375.9   652.3   3589.9
27   7   265.0   870.5   3427.0
27   8   -4.2   344.0   3823.0
27   9   -6.1   140.5   3824.1
27   10   -102.3   55.9   3837.9
27   11   -117.8   -367.3   3857.7
27   12   -142.5   -748.7   3853.5
27   13   92.4   59.8   3842.7
27   14   79.8   -362.4   3877.8
27   15   79.7   -744.7   3879.1
27   16   -280.4   796.6   3453.3
27   17   283.5   834.1   3454.2
27   18   -1.6   671.4   3758.7
28   0   -0.1   799.6   3765.0
28   1   -2.2   599.9   3774.4
28   2   -167.7   627.5   3797.6
28   3   -372.5   731.5   3644.7
28   4   -324.8   884.4   3401.1
28   5   166.7   621.4   3753.5
28   6   370.6   715.1   3595.6
28   7   320.6   933.6   3404.7
28   8   -4.0   351.1   3823.4
28   9   -5.9   146.1   3824.1
28   10   -102.0   56.4   3838.0
28   11   -116.8   -363.1   3857.4
28   12   -142.1   -744.5   3853.6
28   13   92.2   59.8   3843.1
28   14   80.5   -358.8   3877.8
28   15   79.8   -741.0   3880.6
28   16   -332.7   858.9   3441.7
28   17   328.9   897.2   3436.5
28   18   -1.6   680.3   3758.6
29   0   -0.8   810.6   3758.0
29   1   -2.1   610.9   3773.2
29   2   -169.7   645.0   3792.3
29   3   -368.1   774.0   3648.5
29   4   -372.6   948.1   3407.0
29   5   167.1   635.7   3748.3
29   6   347.0   772.6   3591.8
29   7   381.8   992.7   3403.0
29   8   -3.4   360.6   3823.7
29   9   -5.5   155.6   3823.9
29   10   -100.9   58.6   3838.0
29   11   -115.5   -358.0   3857.1
29   12   -141.8   -739.3   3853.7
29   13   91.7   61.8   3843.3
29   14   80.9   -353.9   3877.5
29   15   79.8   -736.2   3881.4
29   16   -371.9   919.1   3447.3
29   17   376.1   956.0   3434.5
29   18   -1.6   691.2   3757.1
30   0   -1.3   823.0   3750.1
30   1   -2.0   623.4   3770.3
30   2   -171.3   665.3   3786.5
30   3   -356.1   811.1   3642.1
30   4   -415.0   1006.9   3424.1
30   5   167.4   651.5   3745.8
30   6   326.1   812.2   3587.5
30   7   418.3   1035.9   3416.1
30   8   -2.9   371.2   3822.3
30   9   -5.3   167.0   3823.4
30   10   -100.0   60.1   3837.9
30   11   -115.4   -354.1   3856.8
30   12   -141.5   -735.5   3853.7
30   13   90.9   63.2   3843.2
30   14   82.7   -350.7   3871.1
30   15   79.7   -732.8   3881.7
30   16   -405.3   974.3   3460.4
30   17   403.0   998.6   3444.7
30   18   -1.6   703.6   3753.7
31   0   -1.8   834.5   3744.8
31   1   -1.9   634.9   3766.1
31   2   -171.7   678.0   3774.1
31   3   -339.0   836.7   3624.6
31   4   -450.9   1053.9   3451.9
31   5   168.1   669.2   3744.7
31   6   313.7   837.2   3581.7
31   7   437.3   1068.7   3431.8
31   8   -2.6   383.4   3818.4
31   9   -5.4   180.2   3822.4
31   10   -99.9   60.7   3838.0
31   11   -116.2   -351.7   3857.0
31   12   -141.4   -733.2   3853.7
31   13   90.3   63.8   3843.2
31   14   83.6   -348.6   3867.7
31   15   79.7   -730.6   3881.7
31   16   -432.3   1017.7   3480.7
31   17   416.8   1030.1   3456.8
31   18   -1.6   715.1   3749.5
32   0   -2.1   844.3   3742.1
32   1   -1.8   644.7   3761.4
32   2   -171.5   689.8   3761.7
32   3   -332.3   852.9   3611.2
32   4   -471.1   1089.2   3479.6
32   5   167.1   680.9   3744.7
32   6   310.4   848.0   3580.2
32   7   442.9   1087.0   3441.5
32   8   -2.4   394.6   3812.8
32   9   -5.6   192.6   3820.8
32   10   -100.1   60.8   3838.0
32   11   -117.3   -350.2   3857.0
32   12   -141.3   -731.7   3853.5
32   13   89.7   63.9   3843.2
32   14   83.7   -347.2   3866.1
32   15   79.5   -729.2   3882.0
32   16   -448.0   1049.8   3501.5
32   17   420.8   1047.1   3464.6
32   18   -1.6   724.9   3744.9
33   0   -2.5   852.8   3741.2
33   1   -1.8   653.0   3757.0
33   2   -169.5   695.1   3755.7
33   3   -329.1   859.6   3606.8
33   4   -479.4   1105.9   3497.4
33   5   164.9   687.6   3744.9
33   6   310.4   850.3   3579.9
33   7   444.5   1095.8   3450.3
33   8   -2.3   404.5   3806.2
33   9   -5.8   203.5   3818.8
33   10   -99.6   61.7   3837.9
33   11   -117.8   -348.1   3856.8
33   12   -141.2   -729.7   3853.5
33   13   88.2   64.7   3843.0
33   14   81.7   -345.0   3871.5
33   15   79.2   -727.1   3882.3
33   16   -454.4   1064.8   3515.6
33   17   422.2   1054.9   3471.9
33   18   -1.6   733.4   3741.1
34   0   -3.1   859.0   3742.0
34   1   -1.8   659.2   3753.4
34   2   -166.9   696.8   3753.2
34   3   -328.6   860.0   3606.3
34   4   -482.4   1111.8   3510.1
34   5   161.9   688.9   3744.2
34   6   310.9   849.1   3581.1
34   7   444.4   1098.3   3456.9
34   8   -2.3   412.1   3800.7
34   9   -6.1   212.1   3816.9
34   10   -98.8   62.8   3837.7
34   11   -118.6   -346.1   3856.7
34   12   -141.2   -727.7   3852.0
34   13   86.3   65.5   3842.7
34   14   80.2   -343.0   3875.3
34   15   78.9   -725.2   3882.6
34   16   -456.7   1069.8   3526.1
34   17   422.1   1056.8   3477.6
34   18   -1.6   739.7   3738.1
35   0   -3.6   862.9   3743.1
35   1   -1.8   663.1   3751.1
35   2   -164.7   697.0   3752.6
35   3   -330.4   859.3   3610.2
35   4   -483.9   1112.5   3517.5
35   5   158.6   686.6   3742.9
35   6   311.1   846.7   3583.9
35   7   444.6   1096.9   3461.9
35   8   -2.2   417.3   3797.0
35   9   -6.3   217.9   3815.3
35   10   -98.0   63.9   3837.6
35   11   -118.7   -344.3   3856.7
35   12   -141.2   -725.8   3848.8
35   13   84.4   66.4   3842.5
35   14   79.2   -341.3   3876.9
35   15   78.6   -723.6   3882.7
35   16   -458.3   1070.3   3532.9
35   17   422.3   1055.2   3482.2
35   18   -1.6   743.6   3736.1
36   0   -4.4   865.2   3744.2
36   1   -1.8   665.5   3749.7
36   2   -162.8   696.5   3752.9
36   3   -333.7   858.9   3617.3
36   4   -483.9   1110.2   3516.2
36   5   156.4   685.0   3740.5
36   6   312.5   845.3   3585.8
36   7   445.6   1094.6   3461.4
36   8   -2.2   420.7   3794.4
36   9   -6.6   221.8   3814.0
36   10   -97.3   65.3   3837.4
36   11   -118.9   -342.2   3856.9
36   12   -141.3   -723.8   3847.4
36   13   82.5   67.5   3842.2
36   14   78.6   -339.5   3878.2
36   15   78.2   -721.8   3882.7
36   16   -458.8   1068.3   3533.0
36   17   423.4   1053.0   3482.1
36   18   -1.7   746.1   3735.0
37   0   -5.5   867.5   3745.2
37   1   -1.8   667.9   3748.9
37   2   -161.3   696.5   3753.4
37   3   -338.8   861.1   3629.9
37   4   -483.0   1108.9   3512.1
37   5   154.9   685.2   3736.6
37   6   315.6   845.0   3586.3
37   7   450.5   1092.3   3457.3
37   8   -2.2   423.8   3792.6
37   9   -6.7   225.3   3812.8
37   10   -96.6   67.4   3837.1
37   11   -118.5   -339.7   3856.7
37   12   -141.5   -721.2   3846.7
37   13   81.3   69.4   3841.8
37   14   78.4   -337.2   3877.9
37   15   77.9   -719.4   3882.6
37   16   -458.9   1067.6   3531.7
37   17   428.0   1051.1   3478.8
37   18   -1.7   748.5   3734.5
38   0   -6.2   868.9   3746.0
38   1   -1.8   669.4   3748.7
38   2   -160.2   696.7   3754.3
38   3   -341.8   862.0   3637.5
38   4   -482.9   1108.7   3510.8
38   5   153.9   685.5   3734.6
38   6   318.5   844.5   3587.7
38   7   461.0   1087.6   3456.1
38   8   -2.2   425.9   3791.9
38   9   -6.7   227.7   3812.0
38   10   -96.1   70.6   3836.7
38   11   -118.5   -336.1   3856.7
38   12   -141.5   -717.6   3846.1
38   13   80.1   72.0   3841.3
38   14   78.2   -334.2   3877.7
38   15   77.5   -716.5   3882.6
38   16   -459.4   1067.6   3531.9
38   17   437.3   1047.1   3478.0
38   18   -1.7   750.1   3734.3
39   0   -6.1   869.8   3746.3
39   1   -2.3   670.3   3748.6
39   2   -160.2   697.2   3755.3
39   3   -343.4   861.8   3639.8
39   4   -483.8   1109.3   3511.9
39   5   152.7   686.0   3732.5
39   6   322.1   843.9   3590.0
39   7   468.3   1083.5   3454.1
39   8   -2.3   427.4   3791.7
39   9   -6.7   229.3   3811.1
39   10   -96.3   75.2   3836.4
39   11   -118.2   -331.2   3856.4
39   12   -141.3   -712.7   3846.4
39   13   79.0   75.3   3840.7
39   14   78.1   -330.6   3877.4
39   15   77.0   -712.9   3882.4
39   16   -460.4   1068.1   3533.2
39   17   444.0   1043.6   3476.8
39   18   -2.3   751.0   3734.3
40   0   -5.4   870.0   3746.5
40   1   -3.1   670.5   3748.7
40   2   -160.8   697.2   3756.3
40   3   -344.5   861.1   3640.5
40   4   -485.1   1109.3   3514.3
40   5   151.5   686.5   3729.9
40   6   327.7   841.6   3592.7
40   7   475.2   1075.9   3449.3
40   8   -2.4   428.0   3791.8
40   9   -6.7   230.0   3810.2
40   10   -97.8   79.6   3836.0
40   11   -118.4   -326.8   3856.2
40   12   -141.0   -708.3   3846.7
40   13   78.6   77.5   3839.9
40   14   78.0   -328.2   3876.5
40   15   76.9   -710.5   3882.3
40   16   -461.7   1067.9   3535.3
40   17   450.7   1036.9   3473.2
40   18   -3.4   751.2   3734.3
41   0   -4.6   869.8   3746.7
41   1   -4.1   670.3   3748.7
41   2   -161.9   697.0   3757.3
41   3   -346.2   860.5   3641.9
41   4   -486.8   1108.3   3516.6
41   5   150.3   686.7   3727.3
41   6   334.2   833.7   3591.5
41   7   477.9   1067.9   3445.3
41   8   -2.5   425.7   3792.3
41   9   -6.8   227.6   3809.3
41   10   -97.5   80.9   3835.0
41   11   -118.3   -325.2   3855.9
41   12   -141.0   -706.7   3846.8
41   13   78.5   79.1   3839.1
41   14   78.0   -326.5   3875.2
41   15   76.9   -708.7   3882.2
41   16   -463.3   1067.0   3537.5
41   17   454.0   1028.8   3469.7
41   18   -4.6   751.0   3734.3
42   0   -3.8   869.4   3747.0
42   1   -4.9   670.0   3748.7
42   2   -162.8   696.7   3758.4
42   3   -347.7   860.1   3643.9
42   4   -488.5   1108.2   3520.1
42   5   149.4   686.9   3728.5
42   6   338.2   824.2   3589.2
42   7   475.4   1063.8   3446.4
42   8   -2.6   422.3   3792.9
42   9   -6.8   224.2   3808.2
42   10   -96.5   80.8   3833.5
42   11   -118.0   -325.1   3855.6
42   12   -140.9   -706.6   3846.4
42   13   78.7   80.2   3838.0
42   14   77.9   -325.2   3874.2
42   15   76.9   -707.4   3882.0
42   16   -465.0   1066.9   3540.7
42   17   452.6   1023.9   3470.2
42   18   -5.7   750.6   3734.3
43   0   -3.1   869.2   3744.2
43   1   -5.7   669.6   3748.7
43   2   -163.7   696.4   3759.0
43   3   -348.8   859.5   3644.5
43   4   -488.9   1106.6   3518.3
43   5   148.7   687.1   3729.3
43   6   339.7   819.7   3588.2
43   7   474.2   1061.6   3446.8
43   8   -2.7   419.1   3793.5
43   9   -6.9   220.9   3806.6
43   10   -95.3   80.2   3831.6
43   11   -117.7   -325.4   3855.2
43   12   -141.0   -706.9   3845.4
43   13   78.2   80.3   3836.2
43   14   77.8   -324.9   3873.1
43   15   76.9   -707.1   3881.8
43   16   -465.5   1065.4   3539.3
43   17   451.8   1021.3   3470.4
43   18   -6.7   750.2   3734.3
44   0   -2.5   869.0   3736.3
44   1   -6.5   669.2   3748.8
44   2   -164.5   696.0   3759.3
44   3   -349.4   858.8   3644.0
44   4   -488.9   1104.1   3514.1
44   5   147.8   687.3   3729.6
44   6   339.7   818.5   3588.3
44   7   474.0   1060.4   3447.0
44   8   -2.7   416.4   3793.9
44   9   -6.9   218.1   3804.5
44   10   -95.0   80.4   3829.4
44   11   -117.6   -324.9   3854.7
44   12   -141.0   -706.4   3843.9
44   13   77.4   80.1   3833.8
44   14   77.7   -324.9   3872.3
44   15   77.0   -707.1   3881.8
44   16   -465.7   1063.2   3535.7
44   17   451.6   1020.1   3470.6
44   18   -7.7   749.9   3734.3
45   0   -2.1   868.0   3723.9
45   1   -6.9   669.0   3748.8
45   2   -164.9   695.8   3759.4
45   3   -349.0   858.4   3642.4
45   4   -489.2   1101.1   3509.5
45   5   147.2   687.5   3729.7
45   6   338.9   820.0   3589.2
45   7   474.8   1059.7   3446.7
45   8   -2.7   414.3   3794.3
45   9   -7.0   216.0   3802.2
45   10   -94.8   80.6   3827.1
45   11   -117.5   -324.6   3854.2
45   12   -141.1   -706.0   3842.1
45   13   76.8   79.7   3831.0
45   14   77.6   -324.9   3871.6
45   15   77.0   -707.1   3881.8
45   16   -465.8   1060.7   3531.6
45   17   452.1   1019.8   3470.5
45   18   -8.3   749.6   3734.3
46   0   -2.3   865.7   3710.0
46   1   -7.3   668.8   3748.8
46   2   -165.1   695.6   3759.4
46   3   -348.6   857.4   3640.6
46   4   -489.5   1099.3   3508.4
46   5   146.8   687.7   3729.5
46   6   337.5   823.2   3590.8
46   7   476.3   1059.1   3446.4
46   8   -2.7   412.8   3794.5
46   9   -7.0   214.4   3801.2
46   10   -96.1   80.2   3825.5
46   11   -117.8   -324.9   3853.9
46   12   -141.3   -706.2   3840.1
46   13   78.4   79.9   3830.3
46   14   77.9   -324.6   3871.4
46   15   77.1   -706.8   3881.1
46   16   -466.0   1059.0   3530.4
46   17   453.2   1019.8   3470.5
46   18   -8.7   749.4   3734.3
47   0   -2.3   864.2   3702.5
47   1   -7.3   668.7   3748.8
47   2   -165.1   696.0   3759.6
47   3   -348.4   856.3   3638.5
47   4   -488.9   1098.6   3508.8
47   5   146.6   688.1   3729.5
47   6   336.4   826.4   3592.2
47   7   477.5   1059.3   3447.0
47   8   -2.6   411.6   3794.9
47   9   -7.0   213.3   3801.2
47   10   -97.6   79.5   3825.4
47   11   -118.1   -325.6   3853.9
47   12   -141.5   -706.9   3838.5
47   13   80.1   79.5   3830.7
47   14   78.2   -325.0   3871.4
47   15   77.3   -707.2   3879.7
47   16   -465.5   1058.2   3530.4
47   17   454.0   1020.5   3471.2
47   18   -8.8   749.3   3734.3
48   0   -2.2   864.1   3701.3
48   1   -7.3   668.7   3748.9
48   2   -164.9   696.0   3759.8
48   3   -348.0   854.6   3636.3
48   4   -488.0   1097.9   3510.2
48   5   146.8   688.9   3729.5
48   6   335.8   829.2   3593.3
48   7   478.2   1060.7   3448.9
48   8   -2.4   411.0   3795.5
48   9   -7.0   212.6   3801.6
48   10   -99.5   79.6   3825.7
48   11   -118.5   -325.6   3853.8
48   12   -141.9   -706.9   3839.1
48   13   82.6   80.3   3831.3
48   14   78.6   -324.3   3871.0
48   15   77.4   -706.5   3879.2
48   16   -464.7   1057.4   3531.2
48   17   454.5   1022.1   3473.0
48   18   -8.8   749.3   3734.3
49   0   -1.6   864.4   3702.6
49   1   -7.1   668.7   3748.9
49   2   -164.4   695.8   3759.9
49   3   -347.3   852.6   3633.8
49   4   -487.3   1097.0   3511.3
49   5   147.0   689.8   3729.5
49   6   336.4   830.1   3593.8
49   7   477.4   1063.3   3452.1
49   8   -2.2   410.4   3795.8
49   9   -6.9   212.1   3802.0
49   10   -100.9   79.2   3826.0
49   11   -118.9   -326.0   3853.7
49   12   -142.2   -707.3   3839.6
49   13   84.4   80.3   3831.6
49   14   78.9   -324.3   3870.8
49   15   77.5   -706.5   3879.8
49   16   -464.0   1056.3   3531.7
49   17   453.9   1024.4   3475.7
49   18   -8.7   749.3   3734.3
50   0   -1.3   864.8   3704.4
50   1   -7.0   668.7   3749.0
50   2   -164.0   695.6   3760.0
50   3   -346.9   850.7   3631.7
50   4   -486.8   1096.2   3511.7
50   5   146.7   689.3   3729.5
50   6   336.6   829.6   3594.6
50   7   476.1   1065.8   3456.9
50   8   -2.0   409.8   3795.9
50   9   -6.9   211.5   3802.3
50   10   -101.9   78.6   3826.3
50   11   -119.0   -326.6   3853.6
50   12   -142.7   -707.9   3839.7
50   13   85.5   79.8   3831.9
50   14   79.0   -324.8   3870.9
50   15   77.6   -706.9   3882.4
50   16   -463.5   1055.3   3531.7
50   17   452.9   1026.5   3479.8
50   18   -8.5   749.3   3734.3
51   0   -0.1   865.5   3707.7
51   1   -6.8   668.6   3748.9
51   2   -162.5   692.0   3759.8
51   3   -344.5   847.5   3630.6
51   4   -485.7   1093.2   3512.8
51   5   146.0   687.3   3729.5
51   6   336.2   828.3   3595.8
51   7   475.4   1066.4   3461.3
51   8   -1.7   409.3   3796.0
51   9   -6.9   211.0   3802.5
51   10   -102.7   78.1   3826.6
51   11   -119.2   -327.2   3853.6
51   12   -143.0   -708.5   3839.9
51   13   86.3   79.2   3832.2
51   14   79.2   -325.4   3871.0
51   15   77.6   -707.3   3886.7
51   16   -462.2   1052.2   3532.5
51   17   452.2   1026.7   3483.7
51   18   -8.4   749.2   3734.3
52   0   1.5   866.5   3714.0
52   1   -6.6   668.6   3748.9
52   2   -160.4   686.9   3759.5
52   3   -341.7   844.3   3631.6
52   4   -484.2   1088.9   3513.7
52   5   144.7   683.6   3729.7
52   6   335.0   826.3   3597.7
52   7   474.5   1065.3   3465.8
52   8   -1.5   408.9   3796.0
52   9   -6.8   210.7   3802.7
52   10   -103.4   77.6   3826.8
52   11   -119.4   -327.7   3853.6
52   12   -143.4   -709.0   3839.9
52   13   86.9   78.6   3832.3
52   14   79.2   -326.0   3871.0
52   15   77.6   -708.0   3885.5
52   16   -460.4   1048.1   3533.3
52   17   451.2   1025.5   3487.8
52   18   -8.2   749.2   3734.3
53   0   3.2   867.3   3721.7
53   1   -6.4   668.6   3748.9
53   2   -160.2   686.4   3759.5
53   3   -341.4   843.7   3631.4
53   4   -483.4   1087.2   3511.9
53   5   144.4   681.8   3729.8
53   6   334.8   825.2   3598.8
53   7   474.1   1065.2   3469.4
53   8   -1.3   408.7   3796.0
53   9   -6.8   210.5   3802.8
53   10   -104.0   77.2   3826.9
53   11   -119.5   -328.0   3853.6
53   12   -143.6   -709.3   3840.0
53   13   87.4   78.1   3832.4
53   14   79.3   -326.4   3871.0
53   15   77.7   -708.6   3880.3
53   16   -459.8   1046.6   3531.8
53   17   450.9   1025.2   3490.9
53   18   -7.9   749.2   3734.3
54   0   4.4   867.7   3725.1
54   1   -6.2   668.6   3748.9
54   2   -161.2   689.7   3759.7
54   3   -343.2   844.6   3629.9
54   4   -483.2   1087.6   3508.0
54   5   144.5   681.4   3730.0
54   6   335.5   824.1   3599.2
54   7   473.3   1065.0   3470.9
54   8   -1.4   408.6   3796.0
54   9   -6.8   210.4   3802.8
54   10   -104.5   76.9   3826.9
54   11   -119.6   -328.4   3853.7
54   12   -143.6   -709.7   3840.3
54   13   87.8   77.6   3832.3
54   14   79.4   -326.9   3871.1
54   15   77.8   -709.1   3877.7
54   16   -459.9   1047.1   3528.3
54   17   450.4   1024.9   3492.3
54   18   -7.7   749.2   3734.3
55   0   5.1   867.7   3726.5
55   1   -6.2   668.5   3748.9
55   2   -160.9   688.8   3759.6
55   3   -342.8   844.2   3630.2
55   4   -482.6   1086.2   3506.6
55   5   144.6   681.3   3730.2
55   6   335.9   823.1   3598.9
55   7   472.7   1064.7   3471.2
55   8   -1.6   408.4   3795.9
55   9   -6.9   210.2   3802.8
55   10   -105.1   76.6   3826.9
55   11   -119.8   -328.7   3853.5
55   12   -143.6   -710.0   3840.3
55   13   88.1   77.1   3832.2
55   14   79.4   -327.3   3871.1
55   15   78.0   -709.6   3877.1
55   16   -459.3   1045.8   3527.2
55   17   449.9   1024.5   3492.5
55   18   -7.6   749.1   3734.3
56   0   5.1   866.0   3727.0
56   1   -6.3   666.7   3748.9
56   2   -160.6   685.8   3759.5
56   3   -341.8   842.7   3631.0
56   4   -481.7   1084.3   3506.5
56   5   144.1   678.2   3730.3
56   6   334.5   822.0   3599.7
56   7   472.1   1063.0   3471.6
56   8   -1.9   406.6   3796.0
56   9   -7.0   208.4   3802.9
56   10   -105.6   76.4   3826.9
56   11   -119.9   -328.9   3853.2
56   12   -143.6   -710.3   3840.2
56   13   88.4   76.7   3832.1
56   14   79.5   -327.8   3871.2
56   15   78.4   -710.0   3877.7
56   16   -458.4   1044.0   3527.3
56   17   449.2   1022.8   3493.0
56   18   -7.7   747.3   3734.3
57   0   4.6   863.2   3727.3
57   1   -6.4   663.9   3749.0
57   2   -159.9   680.8   3759.4
57   3   -339.9   840.2   3632.4
57   4   -480.4   1081.6   3507.3
57   5   144.6   676.2   3730.6
57   6   333.4   822.0   3600.0
57   7   472.5   1062.3   3471.4
57   8   -2.0   403.8   3796.3
57   9   -7.1   205.6   3803.0
57   10   -106.0   76.2   3826.9
57   11   -120.0   -329.1   3852.9
57   12   -143.6   -710.5   3840.5
57   13   88.7   76.2   3831.8
57   14   79.6   -328.2   3871.2
57   15   78.6   -710.4   3879.8
57   16   -457.0   1041.4   3528.1
57   17   449.3   1022.3   3492.8
57   18   -7.7   744.5   3734.3
58   0   4.0   859.9   3727.5
58   1   -6.4   660.6   3749.1
58   2   -160.4   678.0   3759.5
58   3   -339.6   838.3   3632.4
58   4   -479.7   1080.7   3507.6
58   5   145.3   674.4   3730.8
58   6   332.3   822.6   3600.4
58   7   473.3   1062.0   3470.8
58   8   -2.1   400.6   3796.7
58   9   -7.3   200.2   3803.2
58   10   -106.6   76.2   3826.8
58   11   -120.1   -329.2   3852.7
58   12   -143.6   -710.5   3840.7
58   13   88.9   75.9   3831.8
58   14   79.6   -328.5   3871.3
58   15   78.6   -710.7   3881.0
58   16   -456.4   1040.3   3528.4
58   17   449.8   1022.1   3492.4
58   18   -7.7   741.2   3734.3
59   0   3.4   856.5   3727.7
59   1   -6.4   657.1   3749.2
59   2   -161.2   676.6   3759.6
59   3   -340.1   836.5   3631.7
59   4   -479.3   1080.7   3507.8
59   5   146.4   673.2   3732.2
59   6   331.0   823.3   3600.5
59   7   474.2   1061.8   3470.4
59   8   -2.1   397.2   3797.0
59   9   -7.4   194.2   3803.4
59   10   -107.1   76.2   3826.8
59   11   -120.3   -329.2   3852.8
59   12   -143.6   -710.5   3840.8
59   13   88.9   75.5   3831.9
59   14   79.6   -328.9   3871.4
59   15   78.6   -711.1   3881.6
59   16   -456.1   1040.0   3528.4
59   17   450.3   1022.1   3492.1
59   18   -7.8   737.7   3734.3
60   0   2.9   853.0   3727.9
60   1   -6.4   653.6   3749.2
60   2   -162.1   675.7   3759.8
60   3   -340.2   835.8   3630.9
60   4   -479.5   1080.9   3507.3
60   5   147.4   672.5   3734.5
60   6   330.0   823.4   3601.0
60   7   474.6   1061.5   3470.0
60   8   -2.1   393.6   3797.3
60   9   -7.6   188.2   3803.6
60   10   -107.8   75.8   3826.8
60   11   -120.5   -329.6   3852.7
60   12   -143.6   -711.0   3840.9
60   13   89.2   74.8   3832.0
60   14   79.3   -329.7   3870.7
60   15   78.6   -711.8   3881.7
60   16   -456.3   1040.0   3527.9
60   17   450.5   1021.8   3491.9
60   18   -7.8   734.1   3734.3
61   0   2.6   850.5   3728.1
61   1   -6.5   651.1   3749.2
61   2   -162.7   675.3   3759.9
61   3   -339.9   835.6   3630.0
61   4   -480.0   1080.9   3506.6
61   5   148.0   672.2   3738.0
61   6   328.9   822.8   3601.8
61   7   474.4   1060.5   3470.1
61   8   -2.1   390.9   3797.4
61   9   -7.7   183.7   3803.8
61   10   -108.3   75.4   3826.8
61   11   -120.7   -330.0   3852.5
61   12   -143.7   -711.4   3841.0
61   13   89.6   74.2   3832.1
61   14   79.2   -330.3   3869.5
61   15   78.6   -712.4   3881.8
61   16   -456.6   1040.1   3527.1
61   17   450.2   1020.9   3492.1
61   18   -7.8   731.7   3734.3
