2   0   34.2   766.7   3778.7
2   1   30.5   565.4   3776.2
2   2   -131.4   560.4   3794.8
2   3   -185.3   293.8   3768.6
2   4   4.0   449.0   3596.3
2   5   189.3   555.2   3770.0
2   6   222.2   284.5   3751.6
2   7   106.8   29.8   3644.9
2   8   34.2   298.1   3803.2
2   9   34.2   101.9   3812.8
2   10   -70.5   13.3   3849.2
2   11   -85.6   -410.5   3860.2
2   12   -102.6   -793.9   3874.8
2   13   141.7   15.2   3844.5
2   14   128.5   -408.7   3850.8
2   15   127.1   -792.7   3843.4
2   16   -27.6   423.2   3625.0
2   17   126.0   72.3   3662.7
2   18   29.3   647.3   3767.9
3   0   34.1   767.2   3778.8
3   1   31.0   565.9   3776.0
3   2   -130.4   560.6   3794.6
3   3   -185.8   294.3   3769.8
3   4   2.1   450.4   3596.9
3   5   189.9   555.3   3768.7
3   6   223.4   284.7   3751.0
3   7   113.5   25.7   3651.5
3   8   34.0   299.0   3803.2
3   9   34.0   102.6   3812.3
3   10   -69.9   14.9   3847.8
3   11   -85.1   -408.9   3862.2
3   12   -103.0   -792.2   3871.2
3   13   141.4   17.7   3842.3
3   14   130.5   -406.4   3849.3
3   15   127.8   -790.4   3844.0
3   16   -29.2   424.4   3625.7
3   17   131.8   68.8   3668.1
3   18   30.1   647.7   3767.7
4   0   33.7   768.6   3778.7
4   1   32.1   567.3   3775.7
4   2   -128.6   562.4   3794.1
4   3   -188.1   296.8   3770.7
4   4   -0.5   454.7   3598.2
4   5   190.9   555.8   3767.8
4   6   225.1   285.4   3749.3
4   7   128.5   16.2   3668.8
4   8   32.9   302.4   3803.6
4   9   33.1   105.0   3811.3
4   10   -68.1   19.0   3844.6
4   11   -83.9   -406.1   3866.2
4   12   -103.0   -789.4   3868.8
4   13   139.2   23.2   3838.3
4   14   129.9   -402.6   3847.9
4   15   128.0   -786.7   3845.1
4   16   -31.8   428.4   3626.9
4   17   144.7   61.0   3682.2
4   18   31.8   649.2   3767.0
5   0   33.1   770.3   3778.4
5   1   33.1   569.1   3775.3
5   2   -126.9   564.9   3793.3
5   3   -189.8   300.2   3768.6
5   4   -1.4   459.6   3597.8
5   5   191.3   555.8   3765.4
5   6   226.9   285.5   3746.9
5   7   145.2   4.7   3696.9
5   8   31.4   307.3   3804.2
5   9   31.9   108.2   3810.1
5   10   -66.0   22.0   3841.5
5   11   -83.1   -406.2   3870.1
5   12   -102.3   -789.3   3860.5
5   13   136.0   27.5   3834.4
5   14   128.6   -401.7   3848.7
5   15   126.9   -785.8   3847.5
5   16   -32.8   433.0   3626.2
5   17   158.8   51.5   3705.3
5   18   33.7   650.9   3766.2
6   0   32.7   771.5   3778.1
6   1   33.7   570.4   3775.0
6   2   -125.4   566.4   3792.2
6   3   -189.6   302.1   3766.1
6   4   -1.3   462.5   3595.9
6   5   190.9   555.5   3764.0
6   6   228.0   285.6   3744.0
6   7   152.1   -1.7   3713.5
6   8   30.3   311.2   3804.8
6   9   31.0   110.4   3809.3
6   10   -65.3   22.7   3840.2
6   11   -83.0   -407.2   3872.4
6   12   -102.0   -790.4   3858.5
6   13   134.7   29.6   3832.5
6   14   128.1   -401.5   3850.4
6   15   126.9   -785.5   3846.5
6   16   -32.7   435.8   3624.3
6   17   164.8   46.2   3718.6
6   18   34.8   652.2   3765.6
7   0   32.4   772.2   3777.8
7   1   33.9   571.1   3775.0
7   2   -124.4   566.8   3791.1
7   3   -188.3   302.5   3763.6
7   4   -2.0   464.9   3593.3
7   5   190.5   555.7   3764.1
7   6   228.3   286.0   3741.5
7   7   152.8   -3.4   3718.6
7   8   29.9   313.0   3805.3
7   9   30.5   111.1   3808.9
7   10   -65.7   21.3   3840.4
7   11   -83.1   -406.9   3873.7
7   12   -102.5   -790.1   3855.9
7   13   135.3   29.9   3833.3
7   14   128.4   -399.5   3852.8
7   15   126.5   -783.6   3851.5
7   16   -33.1   437.8   3621.6
7   17   165.4   44.8   3722.4
7   18   35.2   652.8   3765.4
8   0   32.2   772.5   3777.6
8   1   34.0   571.4   3775.0
8   2   -123.8   566.7   3790.6
8   3   -186.8   302.2   3763.7
8   4   1.0   465.4   3596.0
8   5   190.3   556.1   3764.2
8   6   228.5   286.5   3740.9
8   7   147.6   -0.9   3710.8
8   8   29.8   313.0   3805.4
8   9   30.4   110.4   3808.8
8   10   -66.9   19.0   3840.9
8   11   -83.3   -410.1   3874.3
8   12   -102.7   -793.0   3851.2
8   13   136.9   29.1   3834.4
8   14   129.5   -401.1   3854.2
8   15   126.2   -785.2   3857.9
8   16   -30.3   438.2   3624.0
8   17   161.1   47.0   3715.9
8   18   35.3   653.1   3765.4
9   0   32.2   772.6   3777.5
9   1   34.0   571.5   3775.0
9   2   -123.5   566.7   3789.7
9   3   -185.5   301.7   3765.3
9   4   1.8   464.4   3596.9
9   5   190.0   556.3   3764.4
9   6   229.2   286.7   3743.9
9   7   145.2   2.3   3700.2
9   8   29.9   311.9   3805.5
9   9   30.4   108.9   3808.7
9   10   -68.0   17.3   3841.3
9   11   -83.4   -414.2   3874.4
9   12   -102.7   -797.0   3848.8
9   13   138.2   28.0   3834.9
9   14   129.9   -404.4   3854.9
9   15   126.0   -788.5   3857.6
9   16   -29.4   437.3   3625.0
9   17   159.2   49.7   3707.5
9   18   35.3   653.2   3765.5
10   0   32.2   772.6   3777.4
10   1   34.0   571.5   3775.0
10   2   -123.4   566.6   3789.1
10   3   -185.4   301.5   3766.0
10   4   1.4   461.3   3594.4
10   5   189.7   556.5   3764.5
10   6   230.0   286.8   3747.5
10   7   143.8   4.6   3695.0
10   8   30.0   310.5   3805.6
10   9   30.5   107.3   3808.8
10   10   -68.5   16.5   3841.6
10   11   -83.4   -417.4   3874.3
10   12   -103.2   -800.1   3847.9
10   13   138.7   27.3   3835.2
10   14   129.6   -407.6   3855.3
10   15   126.1   -791.5   3850.3
10   16   -29.7   434.7   3623.0
10   17   158.1   51.6   3703.8
10   18   35.2   653.2   3765.5
11   0   32.2   772.6   3777.4
11   1   34.0   571.4   3775.1
11   2   -123.4   566.5   3788.0
11   3   -185.2   301.3   3766.2
11   4   0.1   461.8   3593.9
11   5   189.5   556.7   3764.5
11   6   230.2   287.0   3748.0
11   7   145.3   3.9   3698.3
11   8   30.1   309.1   3805.7
11   9   30.6   105.8   3808.9
11   10   -68.5   15.7   3841.8
11   11   -83.3   -416.4   3873.9
11   12   -103.6   -799.1   3848.4
11   13   138.6   26.3   3835.6
11   14   129.6   -406.7   3855.5
11   15   126.1   -790.1   3836.8
11   16   -30.8   435.0   3622.6
11   17   159.5   51.1   3706.5
11   18   35.2   653.2   3765.5
12   0   32.2   772.6   3777.4
12   1   33.9   571.4   3775.1
12   2   -123.3   566.5   3787.6
12   3   -185.1   301.3   3765.7
12   4   -2.1   466.6   3595.6
12   5   189.3   556.8   3764.6
12   6   230.4   287.1   3749.3
12   7   142.8   5.9   3694.5
12   8   30.2   308.0   3805.8
12   9   30.7   104.6   3809.0
12   10   -67.9   14.8   3841.9
12   11   -83.1   -417.2   3873.7
12   12   -104.4   -800.1   3853.3
12   13   138.0   25.1   3835.9
12   14   129.4   -407.9   3855.8
12   15   126.2   -791.3   3835.2
12   16   -32.6   439.0   3624.0
12   17   157.4   52.7   3703.7
12   18   35.1   653.1   3765.5
13   0   32.2   772.6   3777.5
13   1   33.9   571.4   3775.1
13   2   -123.2   566.6   3787.6
13   3   -185.0   301.4   3764.8
13   4   -3.4   471.1   3597.9
13   5   189.2   556.9   3764.6
13   6   230.6   287.2   3749.9
13   7   129.2   18.0   3671.2
13   8   30.3   307.1   3805.8
13   9   30.8   103.7   3809.1
13   10   -67.1   13.8   3842.1
13   11   -83.1   -415.5   3873.6
13   12   -104.5   -798.6   3856.1
13   13   137.0   23.3   3836.4
13   14   129.4   -407.0   3855.6
13   15   126.2   -790.8   3845.1
13   16   -33.7   442.8   3625.8
13   17   146.1   62.9   3684.3
13   18   35.0   653.1   3765.5
14   0   32.2   772.5   3777.5
14   1   33.9   571.4   3775.1
14   2   -123.2   566.6   3787.5
14   3   -185.0   301.4   3764.3
14   4   -1.1   468.0   3597.0
14   5   189.0   557.0   3764.6
14   6   230.7   287.4   3749.3
14   7   128.3   19.9   3663.8
14   8   30.5   306.5   3805.9
14   9   30.8   103.0   3809.2
14   10   -66.7   13.5   3842.4
14   11   -83.2   -415.5   3873.5
14   12   -104.7   -798.7   3856.8
14   13   136.5   22.4   3836.6
14   14   129.2   -407.5   3855.8
14   15   126.3   -791.2   3840.5
14   16   -31.7   440.3   3624.9
14   17   145.4   64.5   3678.0
14   18   35.0   653.1   3765.5
15   0   32.2   772.5   3777.5
15   1   33.9   571.3   3775.1
15   2   -123.1   566.6   3787.4
15   3   -185.0   301.5   3763.1
15   4   1.3   462.9   3593.5
15   5   188.9   557.1   3764.6
15   6   230.7   287.6   3747.4
15   7   140.8   11.7   3678.9
15   8   30.6   306.2   3806.0
15   9   30.9   102.5   3809.3
15   10   -66.7   13.6   3842.5
15   11   -83.4   -415.9   3873.6
15   12   -105.0   -799.1   3856.6
15   13   136.4   22.2   3836.7
15   14   129.0   -408.2   3856.0
15   15   126.4   -791.7   3835.0
15   16   -29.8   436.0   3621.8
15   17   155.8   57.6   3690.3
15   18   34.9   653.1   3765.5
16   0   32.2   772.6   3777.5
16   1   33.9   571.3   3775.1
16   2   -123.0   566.5   3787.3
16   3   -185.0   301.7   3761.0
16   4   1.8   460.7   3589.7
16   5   188.8   557.2   3764.6
16   6   230.6   288.0   3743.5
16   7   154.0   3.3   3705.3
16   8   30.7   306.0   3806.0
16   9   31.0   102.3   3809.4
16   10   -66.8   14.0   3842.5
16   11   -83.4   -415.3   3873.7
16   12   -105.3   -798.5   3856.8
16   13   136.5   22.4   3836.7
16   14   128.9   -407.9   3856.3
16   15   126.5   -791.5   3836.0
16   16   -29.3   434.2   3618.3
16   17   166.8   50.7   3711.7
16   18   34.8   653.1   3765.5
17   0   32.2   772.6   3777.5
17   1   33.8   571.3   3775.1
17   2   -123.0   566.5   3787.1
17   3   -185.2   302.2   3756.5
17   4   5.7   460.1   3588.5
17   5   188.6   557.3   3764.6
17   6   230.6   288.7   3736.6
17   7   159.9   -0.5   3717.7
17   8   30.7   305.9   3806.0
17   9   31.1   102.2   3809.5
17   10   -67.0   14.5   3842.6
17   11   -83.6   -415.1   3873.9
17   12   -105.7   -798.3   3856.7
17   13   136.6   22.6   3836.6
17   14   128.9   -407.9   3856.3
17   15   126.5   -791.7   3839.3
17   16   -26.1   433.8   3616.5
17   17   171.7   47.7   3720.8
17   18   34.8   653.1   3765.5
18   0   32.2   772.6   3777.5
18   1   33.8   571.3   3775.1
18   2   -123.0   566.5   3787.0
18   3   -186.2   303.6   3747.6
18   4   16.2   459.4   3592.3
18   5   188.5   557.3   3764.6
18   6   230.7   290.4   3724.9
18   7   154.4   1.3   3720.4
18   8   30.8   306.0   3806.0
18   9   31.1   102.3   3809.6
18   10   -67.0   14.7   3842.6
18   11   -83.7   -415.8   3874.1
18   12   -106.2   -798.9   3856.1
18   13   136.6   22.7   3836.5
18   14   128.9   -408.7   3856.0
18   15   126.5   -792.7   3847.6
18   16   -17.5   433.5   3618.2
18   17   167.1   49.5   3721.2
18   18   34.7   653.1   3765.5
19   0   32.2   772.6   3777.5
19   1   33.8   571.3   3775.1
19   2   -123.0   566.5   3786.7
19   3   -188.9   306.0   3737.5
19   4   23.8   460.2   3594.8
19   5   188.5   557.4   3764.6
19   6   231.9   291.2   3720.4
19   7   156.8   1.2   3720.7
19   8   30.8   306.1   3806.0
19   9   31.1   102.4   3809.7
19   10   -67.0   15.0   3842.5
19   11   -83.8   -417.2   3874.3
19   12   -106.7   -800.2   3855.4
19   13   136.6   22.9   3836.4
19   14   129.0   -410.3   3855.8
19   15   126.5   -794.4   3849.2
19   16   -11.6   434.5   3618.6
19   17   169.3   49.6   3720.6
19   18   34.7   653.1   3765.5
20   0   32.2   772.5   3777.5
20   1   33.7   571.3   3775.1
20   2   -123.0   566.5   3786.7
20   3   -196.4   309.5   3729.9
20   4   22.4   456.6   3588.4
20   5   188.4   557.5   3764.6
20   6   234.6   292.8   3714.2
20   7   160.6   2.4   3720.0
20   8   30.8   306.3   3805.9
20   9   31.1   102.7   3809.8
20   10   -67.0   15.3   3842.5
20   11   -83.9   -418.3   3874.5
20   12   -107.3   -801.3   3855.1
20   13   136.6   23.2   3836.2
20   14   129.0   -411.4   3855.8
20   15   126.5   -795.6   3852.8
20   16   -14.0   432.1   3612.0
20   17   172.9   50.8   3719.0
20   18   34.6   653.1   3765.5
21   0   32.2   772.5   3777.5
21   1   33.7   571.2   3775.1
21   2   -123.0   566.5   3786.7
21   3   -213.5   315.7   3727.9
21   4   2.9   444.9   3568.2
21   5   188.4   557.5   3764.6
21   6   244.6   296.2   3707.9
21   7   160.1   9.0   3718.7
21   8   30.8   306.6   3805.9
21   9   31.1   103.1   3809.9
21   10   -67.0   15.7   3842.5
21   11   -84.1   -419.4   3874.8
21   12   -107.5   -802.4   3855.0
21   13   136.6   23.5   3836.1
21   14   129.1   -412.6   3855.8
21   15   126.5   -796.8   3852.4
21   16   -33.2   423.4   3594.8
21   17   174.2   56.9   3716.9
21   18   34.6   653.0   3765.5
22   0   32.2   772.5   3777.4
22   1   33.7   571.2   3775.1
22   2   -123.4   567.1   3786.6
22   3   -227.1   321.2   3728.5
22   4   -46.8   411.0   3517.7
22   5   188.5   557.7   3764.6
22   6   267.0   303.0   3706.9
22   7   113.9   213.5   3602.7
22   8   30.8   306.9   3805.9
22   9   31.1   103.5   3810.0
22   10   -67.3   16.4   3842.5
22   11   -83.9   -420.0   3874.4
22   12   -107.5   -803.1   3855.2
22   13   136.7   24.0   3835.7
22   14   129.1   -413.4   3855.8
22   15   126.5   -797.6   3847.4
22   16   -76.8   396.0   3552.8
22   17   139.7   227.7   3620.1
22   18   34.6   653.0   3765.6
23   0   32.2   772.5   3777.4
23   1   33.7   571.2   3775.2
23   2   -124.4   568.7   3786.4
23   3   -234.8   325.0   3730.1
23   4   -116.2   366.2   3471.6
23   5   188.6   557.8   3764.6
23   6   284.3   308.8   3706.8
23   7   157.5   291.0   3497.1
23   8   30.8   307.2   3805.8
23   9   31.1   104.1   3810.1
23   10   -67.8   17.8   3842.7
23   11   -84.0   -420.0   3874.5
23   12   -107.2   -803.2   3855.1
23   13   136.9   24.6   3835.1
23   14   129.1   -414.1   3855.8
23   15   126.6   -798.4   3852.6
23   16   -135.9   359.4   3514.7
23   17   178.6   293.5   3532.1
23   18   34.6   653.0   3765.8
24   0   32.2   772.5   3778.1
24   1   33.6   571.1   3776.1
24   2   -124.7   570.1   3790.7
24   3   -248.5   333.4   3732.5
24   4   -198.9   335.7   3444.2
24   5   188.9   558.1   3767.1
24   6   299.0   317.2   3700.2
24   7   209.7   300.5   3431.6
24   8   30.8   307.6   3806.8
24   9   31.1   104.6   3810.5
24   10   -68.6   19.4   3842.9
24   11   -84.2   -419.8   3874.8
24   12   -106.6   -803.0   3854.9
24   13   136.9   25.0   3834.9
24   14   129.1   -415.0   3855.8
24   15   126.7   -799.3   3858.2
24   16   -207.1   335.4   3492.3
24   17   224.5   303.2   3476.4
24   18   34.5   652.9   3766.6
25   0   32.2   772.5   3779.3
25   1   33.6   571.1   3777.7
25   2   -125.1   571.0   3794.4
25   3   -270.8   348.9   3732.2
25   4   -266.0   304.0   3436.2
25   5   189.2   558.4   3770.9
25   6   308.7   329.9   3681.9
25   7   271.6   277.2   3392.2
25   8   30.7   307.9   3808.4
25   9   31.1   105.2   3811.0
25   10   -69.7   21.5   3843.1
25   11   -84.5   -418.8   3875.3
25   12   -105.4   -802.1   3854.6
25   13   136.8   25.3   3834.7
25   14   129.0   -415.8   3855.8
25   15   126.7   -800.2   3863.2
25   16   -266.8   311.5   3485.5
25   17   277.8   286.0   3440.5
25   18   34.5   652.9   3768.2
26   0   32.2   772.7   3780.8
26   1   33.6   571.1   3780.4
26   2   -125.9   571.6   3795.7
26   3   -287.2   362.3   3726.8
26   4   -336.3   271.3   3442.8
26   5   189.4   558.5   3776.7
26   6   310.4   344.3   3659.5
26   7   347.4   247.1   3380.8
26   8   30.5   308.2   3810.5
26   9   31.1   105.8   3811.4
26   10   -71.4   25.0   3843.4
26   11   -84.5   -416.2   3875.3
26   12   -104.0   -799.6   3854.4
26   13   136.4   25.6   3834.5
26   14   129.0   -416.4   3855.9
26   15   126.8   -800.8   3859.7
26   16   -328.2   286.4   3490.1
26   17   341.3   263.4   3427.3
26   18   34.5   652.9   3771.0
27   0   32.5   772.8   3783.9
27   1   33.5   571.0   3784.0
27   2   -126.5   571.8   3796.2
27   3   -295.8   376.6   3707.9
27   4   -415.4   242.2   3466.8
27   5   190.6   560.3   3779.9
27   6   314.0   358.5   3643.3
27   7   410.4   225.2   3389.9
27   8   30.3   308.8   3812.7
27   9   31.1   106.7   3811.8
27   10   -72.7   30.3   3843.5
27   11   -84.4   -411.9   3875.0
27   12   -102.4   -795.5   3854.1
27   13   135.3   27.2   3834.3
27   14   128.9   -415.7   3855.8
27   15   126.8   -800.2   3856.4
27   16   -395.6   264.5   3507.0
27   17   394.4   247.4   3432.1
27   18   34.5   652.9   3775.1
28   0   33.0   772.8   3787.3
28   1   33.4   571.0   3787.0
28   2   -127.1   572.4   3795.8
28   3   -300.2   386.8   3693.7
28   4   -466.2   223.7   3496.5
28   5   192.2   563.3   3781.3
28   6   318.1   369.0   3634.9
28   7   449.1   211.0   3406.7
28   8   30.1   310.3   3814.4
28   9   31.1   108.2   3812.0
28   10   -72.4   34.9   3843.1
28   11   -84.3   -403.9   3874.5
28   12   -100.7   -787.6   3854.3
28   13   133.9   30.5   3833.9
28   14   128.8   -409.1   3855.5
28   15   126.9   -793.6   3853.4
28   16   -438.6   250.9   3529.3
28   17   427.3   237.3   3444.7
28   18   34.5   652.9   3778.3
29   0   33.8   772.8   3789.6
29   1   33.4   571.0   3788.8
29   2   -127.4   573.3   3795.0
29   3   -300.5   390.9   3686.1
29   4   -491.8   225.0   3508.3
29   5   193.9   567.2   3781.6
29   6   326.3   376.7   3635.4
29   7   472.0   204.8   3423.8
29   8   29.9   312.7   3815.6
29   9   31.0   110.4   3812.1
29   10   -71.3   39.3   3842.5
29   11   -84.3   -394.7   3873.4
29   12   -99.8   -778.6   3854.8
29   13   133.3   36.0   3833.7
29   14   128.8   -398.7   3855.0
29   15   126.9   -783.4   3853.2
29   16   -459.9   252.7   3537.9
29   17   447.7   233.4   3459.1
29   18   34.5   653.0   3780.4
30   0   34.6   773.5   3791.1
30   1   33.3   571.7   3789.9
30   2   -128.4   576.8   3794.1
30   3   -300.6   393.2   3685.1
30   4   -502.5   230.2   3517.8
30   5   194.9   570.8   3781.5
30   6   333.0   381.7   3638.5
30   7   488.4   203.4   3441.9
30   8   29.7   316.0   3816.3
30   9   31.0   113.2   3812.1
30   10   -70.1   42.3   3842.0
30   11   -84.0   -386.8   3872.4
30   12   -99.2   -771.0   3859.0
30   13   132.7   40.0   3833.5
30   14   128.7   -389.8   3854.7
30   15   127.0   -774.5   3853.0
30   16   -468.8   257.4   3545.7
30   17   462.5   233.1   3474.7
30   18   34.5   653.7   3781.4
31   0   35.4   774.6   3791.8
31   1   33.3   572.8   3790.2
31   2   -129.2   580.8   3793.1
31   3   -302.5   394.4   3687.2
31   4   -506.5   235.9   3524.3
31   5   195.5   574.1   3781.1
31   6   340.4   385.1   3642.4
31   7   497.5   204.6   3454.3
31   8   29.5   319.2   3816.3
31   9   31.0   115.7   3812.1
31   10   -69.4   42.3   3841.8
31   11   -83.8   -382.5   3871.8
31   12   -99.0   -766.8   3860.9
31   13   132.7   41.3   3833.5
31   14   128.4   -384.2   3854.5
31   15   127.2   -769.0   3852.8
31   16   -472.5   262.4   3551.4
31   17   471.3   234.7   3485.6
31   18   34.5   654.8   3781.8
32   0   36.2   776.0   3792.2
32   1   33.3   574.1   3790.3
32   2   -129.2   583.0   3792.0
32   3   -305.5   395.3   3691.0
32   4   -509.2   240.5   3531.3
32   5   195.1   575.8   3780.7
32   6   341.2   384.5   3644.3
32   7   500.2   207.0   3460.5
32   8   29.4   321.8   3816.1
32   9   30.9   117.6   3812.2
32   10   -68.5   39.9   3841.6
32   11   -83.5   -381.2   3871.4
32   12   -99.2   -765.7   3863.3
32   13   133.1   40.7   3833.6
32   14   128.0   -381.2   3854.4
32   15   127.2   -766.1   3855.8
32   16   -475.2   266.3   3558.0
32   17   473.7   236.6   3491.1
32   18   34.5   656.1   3781.9
33   0   37.0   777.4   3792.3
33   1   33.2   575.5   3789.7
33   2   -128.7   584.2   3790.7
33   3   -306.1   395.0   3693.0
33   4   -509.3   243.2   3535.7
33   5   194.2   576.5   3778.0
33   6   343.2   383.0   3646.8
33   7   499.6   209.2   3462.1
33   8   29.4   323.7   3815.8
33   9   30.9   119.1   3812.2
33   10   -68.7   38.5   3841.7
33   11   -83.4   -380.0   3871.2
33   12   -99.4   -764.6   3866.7
33   13   133.7   40.0   3833.8
33   14   127.9   -379.2   3854.2
33   15   127.2   -764.1   3859.6
33   16   -475.5   268.5   3561.9
33   17   473.6   238.2   3492.9
33   18   34.5   657.6   3781.2
34   0   38.0   778.7   3792.3
34   1   33.2   576.9   3788.3
34   2   -128.1   584.9   3789.2
34   3   -305.8   394.9   3694.0
34   4   -508.5   244.1   3538.3
34   5   193.1   576.7   3772.4
34   6   345.6   379.6   3651.5
34   7   498.2   211.1   3461.5
34   8   29.3   325.2   3814.1
34   9   30.8   120.2   3812.1
34   10   -69.3   38.4   3841.6
34   11   -83.4   -377.9   3871.0
34   12   -99.6   -762.6   3874.4
34   13   134.2   39.9   3833.7
34   14   127.9   -377.2   3854.0
34   15   127.2   -762.1   3862.5
34   16   -474.7   269.3   3564.2
34   17   472.8   239.1   3493.2
34   18   34.5   659.0   3779.9
35   0   39.0   780.0   3790.4
35   1   33.2   578.2   3786.0
35   2   -127.5   585.3   3787.5
35   3   -305.5   394.9   3694.5
35   4   -506.8   243.0   3540.2
35   5   192.2   576.6   3769.1
35   6   346.1   377.8   3653.5
35   7   497.5   211.7   3461.6
35   8   29.3   326.2   3810.8
35   9   30.8   121.1   3811.9
35   10   -70.2   38.9   3841.3
35   11   -83.4   -375.9   3870.6
35   12   -99.5   -760.5   3883.3
35   13   134.5   39.8   3833.4
35   14   127.9   -375.6   3853.9
35   15   127.2   -760.6   3866.2
35   16   -473.2   268.3   3565.9
35   17   472.3   239.4   3493.6
35   18   34.5   660.4   3777.9
36   0   40.0   780.9   3786.8
36   1   33.2   579.0   3782.7
36   2   -127.1   585.4   3785.4
36   3   -305.7   394.8   3695.6
36   4   -503.7   240.6   3540.5
36   5   191.6   576.3   3766.7
36   6   345.7   376.8   3653.5
36   7   497.6   210.6   3462.9
36   8   29.3   326.6   3806.8
36   9   30.7   121.6   3811.6
36   10   -70.3   38.6   3841.0
36   11   -83.4   -374.9   3870.2
36   12   -99.4   -759.7   3881.2
36   13   134.6   39.7   3833.1
36   14   127.9   -374.5   3853.7
36   15   127.2   -759.5   3869.0
36   16   -470.7   266.3   3566.4
36   17   472.3   238.3   3494.7
36   18   34.5   661.2   3774.9
37   0   40.8   781.5   3782.1
37   1   33.2   579.4   3779.4
37   2   -126.9   585.4   3782.1
37   3   -306.2   394.2   3696.1
37   4   -499.7   237.1   3539.1
37   5   191.2   575.8   3765.8
37   6   345.2   376.2   3653.5
37   7   497.1   209.5   3463.9
37   8   29.2   326.3   3803.4
37   9   30.6   121.6   3811.2
37   10   -70.3   36.4   3840.7
37   11   -83.4   -376.2   3869.7
37   12   -99.3   -761.1   3881.0
37   13   135.0   38.3   3832.9
37   14   127.9   -375.0   3853.5
37   15   127.1   -760.1   3869.9
37   16   -467.5   263.3   3565.2
37   17   471.8   237.3   3495.5
37   18   34.5   661.6   3771.7
