49   0   -4.6   697.9   3411.2
49   1   -5.2   498.4   3435.3
49   2   -164.3   487.7   3430.7
49   3   -246.8   236.5   3386.3
49   4   -382.2   58.0   3213.2
49   5   156.6   488.6   3433.1
49   6   229.5   237.5   3373.9
49   7   317.1   30.1   3202.4
49   8   -8.5   253.1   3474.5
49   9   -10.1   55.2   3472.1
49   10   -113.6   9.8   3503.2
49   11   -104.4   -387.6   3502.4
49   12   -51.8   -765.3   3560.8
49   13   93.8   8.6   3500.4
49   14   74.0   -388.2   3486.3
49   15   -3.8   -756.5   3570.8
49   16   -359.6   87.8   3242.1
49   17   302.5   64.7   3230.9
49   18   -4.0   579.2   3422.4
50   0   -4.7   698.9   3410.4
50   1   -5.2   499.6   3435.4
50   2   -164.3   489.1   3430.9
50   3   -246.7   238.1   3386.0
50   4   -382.3   57.4   3214.7
50   5   156.4   489.5   3432.5
50   6   228.8   238.2   3373.6
50   7   318.3   31.6   3201.4
50   8   -8.8   254.6   3474.7
50   9   -9.8   56.6   3471.9
50   10   -113.7   13.6   3501.7
50   11   -103.5   -383.9   3500.4
50   12   -53.1   -762.3   3561.5
50   13   94.4   12.8   3498.8
50   14   73.8   -384.1   3485.2
50   15   -3.1   -754.0   3566.9
50   16   -359.7   87.5   3243.3
50   17   303.4   66.0   3230.1
50   18   -4.0   580.3   3422.5
51   0   -5.0   701.7   3407.7
51   1   -5.1   502.8   3435.9
51   2   -163.6   492.1   3431.5
51   3   -246.6   241.3   3385.9
51   4   -382.6   56.7   3217.3
51   5   155.7   491.3   3431.5
51   6   228.2   239.6   3374.1
51   7   318.6   33.5   3199.9
51   8   -9.4   258.9   3475.1
51   9   -9.2   62.2   3471.9
51   10   -109.4   16.0   3502.8
51   11   -100.8   -382.7   3501.3
51   12   -57.4   -761.8   3558.9
51   13   91.2   15.1   3500.4
51   14   73.7   -383.1   3486.4
51   15   -1.2   -754.3   3560.9
51   16   -359.9   87.5   3245.4
51   17   303.5   67.9   3229.0
51   18   -3.7   583.5   3423.0
52   0   -5.2   704.9   3404.6
52   1   -4.9   506.6   3436.7
52   2   -162.5   495.8   3432.7
52   3   -246.4   245.3   3385.9
52   4   -382.7   55.8   3220.3
52   5   154.7   493.2   3430.0
52   6   227.6   241.1   3374.5
52   7   318.2   34.9   3197.8
52   8   -10.2   264.8   3475.5
52   9   -8.4   70.3   3472.3
52   10   -107.4   21.1   3502.7
52   11   -98.4   -381.1   3502.3
52   12   -61.5   -760.1   3553.6
52   13   91.0   20.9   3499.6
52   14   72.8   -380.9   3491.9
52   15   3.2   -753.4   3554.2
52   16   -360.0   87.4   3247.9
52   17   303.1   69.3   3227.2
52   18   -3.2   587.3   3423.8
53   0   -5.3   707.0   3402.6
53   1   -4.6   509.2   3437.3
53   2   -161.2   498.1   3433.9
53   3   -246.3   248.0   3386.1
53   4   -382.7   55.1   3221.8
53   5   154.1   494.4   3429.2
53   6   227.1   241.8   3374.8
53   7   318.3   35.5   3196.0
53   8   -10.8   269.6   3475.5
53   9   -8.0   77.6   3473.0
53   10   -107.2   25.1   3501.6
53   11   -97.2   -380.3   3501.7
53   12   -64.1   -760.8   3546.4
53   13   92.4   25.6   3497.4
53   14   71.6   -379.3   3492.4
53   15   8.0   -754.1   3550.2
53   16   -359.9   87.2   3249.2
53   17   303.1   69.9   3225.8
53   18   -2.5   589.9   3424.4
54   0   -5.2   708.1   3401.8
54   1   -4.3   510.4   3437.5
54   2   -160.3   499.3   3434.0
54   3   -246.1   249.1   3386.3
54   4   -382.9   54.5   3222.0
54   5   153.7   494.9   3428.8
54   6   227.1   242.0   3374.9
54   7   318.7   35.3   3194.6
54   8   -10.9   272.3   3475.2
54   9   -7.8   82.8   3473.9
54   10   -108.2   27.7   3499.8
54   11   -96.5   -378.3   3499.2
54   12   -65.3   -761.5   3547.4
54   13   94.4   29.0   3494.5
54   14   70.5   -376.3   3488.3
54   15   9.6   -754.2   3548.5
54   16   -360.1   86.9   3249.4
54   17   303.4   69.7   3224.6
54   18   -2.0   591.1   3424.7
55   0   -5.0   708.6   3401.7
55   1   -4.1   510.9   3437.6
55   2   -159.7   499.9   3434.0
55   3   -246.0   249.5   3386.4
55   4   -383.1   54.1   3221.7
55   5   153.5   495.0   3428.7
55   6   227.3   241.9   3375.0
55   7   318.9   34.6   3194.0
55   8   -10.9   273.7   3474.9
55   9   -7.7   84.4   3474.7
55   10   -109.4   29.7   3499.3
55   11   -96.7   -377.3   3496.9
55   12   -65.8   -761.2   3546.4
55   13   95.4   30.4   3494.3
55   14   70.9   -375.9   3488.0
55   15   10.0   -754.8   3547.9
55   16   -360.2   86.6   3249.1
55   17   303.6   69.2   3224.2
55   18   -1.8   591.6   3424.9
56   0   -4.6   708.7   3401.8
56   1   -4.0   511.0   3437.6
56   2   -159.4   500.1   3434.0
56   3   -245.9   249.7   3386.4
56   4   -383.1   53.8   3221.3
56   5   153.2   495.0   3428.7
56   6   227.5   241.9   3375.0
56   7   319.0   33.8   3193.9
56   8   -10.8   274.3   3474.5
56   9   -7.7   84.0   3475.4
56   10   -110.1   29.7   3499.0
56   11   -97.2   -377.6   3495.8
56   12   -65.6   -764.6   3544.3
56   13   95.8   30.2   3494.3
56   14   70.0   -376.5   3487.3
56   15   9.4   -758.2   3548.6
56   16   -360.3   86.5   3248.8
56   17   303.7   68.5   3224.1
56   18   -1.6   591.7   3425.0
57   0   -4.1   708.7   3402.1
57   1   -3.9   510.9   3437.5
57   2   -159.2   500.2   3433.9
57   3   -245.9   249.7   3386.5
57   4   -383.2   53.3   3221.4
57   5   153.0   494.9   3428.7
57   6   228.2   241.9   3375.1
57   7   318.6   33.6   3193.1
57   8   -10.7   274.4   3474.1
57   9   -7.7   82.7   3475.7
57   10   -110.5   29.1   3498.8
57   11   -97.8   -378.2   3495.2
57   12   -65.0   -768.1   3547.5
57   13   96.0   29.2   3494.5
57   14   69.5   -377.4   3486.5
57   15   8.6   -762.3   3550.0
57   16   -360.3   86.1   3248.9
57   17   303.5   68.3   3223.4
57   18   -1.6   591.7   3425.1
58   0   -3.7   708.7   3402.3
58   1   -3.9   510.9   3437.5
58   2   -159.1   500.3   3433.9
58   3   -245.8   249.8   3386.5
58   4   -383.2   52.9   3221.2
58   5   152.8   494.9   3428.8
58   6   228.4   242.0   3375.1
58   7   318.0   33.8   3191.9
58   8   -10.6   274.1   3473.8
58   9   -7.7   81.2   3475.9
58   10   -109.7   24.3   3499.0
58   11   -98.2   -383.9   3495.0
58   12   -64.3   -770.8   3551.5
58   13   95.8   25.7   3494.8
58   14   71.1   -381.9   3487.5
58   15   8.1   -764.0   3551.2
58   16   -360.3   85.7   3248.8
58   17   303.1   68.5   3222.4
58   18   -1.6   591.6   3425.1
59   0   -3.5   708.6   3402.5
59   1   -3.9   510.8   3437.4
59   2   -159.0   500.4   3433.8
59   3   -245.7   249.8   3386.5
59   4   -383.2   52.4   3220.9
59   5   152.7   494.9   3428.8
59   6   228.4   242.0   3375.1
59   7   317.6   34.2   3190.5
59   8   -10.5   273.6   3473.5
59   9   -7.8   79.6   3476.0
59   10   -110.1   20.8   3499.3
59   11   -98.6   -389.2   3495.1
59   12   -63.9   -773.9   3553.1
59   13   95.8   21.5   3495.2
59   14   71.0   -387.8   3487.6
59   15   7.4   -767.7   3552.8
59   16   -360.2   85.3   3248.5
59   17   302.8   68.8   3221.3
59   18   -1.6   591.6   3425.1
60   0   -3.3   708.6   3402.6
60   1   -3.9   510.7   3437.3
60   2   -158.9   500.4   3433.8
60   3   -245.5   249.8   3386.4
60   4   -383.0   52.1   3220.6
60   5   152.6   494.9   3428.8
60   6   228.4   242.0   3375.2
60   7   317.6   34.1   3190.0
60   8   -10.5   273.0   3473.4
60   9   -7.9   80.1   3476.0
60   10   -110.9   19.4   3499.6
60   11   -98.6   -391.0   3495.1
60   12   -64.0   -775.1   3552.2
60   13   96.4   19.6   3495.7
60   14   70.9   -390.1   3487.5
60   15   7.2   -768.9   3554.0
60   16   -360.1   85.0   3248.2
60   17   302.7   68.7   3220.9
60   18   -1.6   591.5   3425.1
61   0   -3.3   708.6   3402.8
61   1   -3.9   510.7   3437.3
61   2   -158.8   500.5   3433.8
61   3   -245.4   249.7   3386.3
61   4   -383.0   51.8   3220.3
61   5   152.5   495.0   3428.8
61   6   228.4   242.0   3375.2
61   7   317.7   33.7   3190.1
61   8   -10.5   272.4   3473.5
61   9   -7.9   81.6   3476.0
61   10   -111.6   20.2   3499.8
61   11   -98.4   -388.7   3495.0
61   12   -64.4   -774.4   3551.4
61   13   96.8   19.9   3495.9
61   14   70.3   -388.4   3487.2
61   15   7.3   -768.7   3554.3
61   16   -360.1   84.8   3248.0
61   17   302.8   68.4   3220.9
61   18   -1.6   591.5   3425.1
62   0   -3.2   708.6   3402.9
62   1   -3.9   510.7   3437.3
62   2   -158.7   500.5   3433.8
62   3   -245.3   249.7   3386.2
62   4   -382.9   51.7   3220.1
62   5   152.4   495.0   3428.8
62   6   228.2   241.9   3375.4
62   7   317.7   33.6   3190.1
62   8   -10.5   272.0   3473.6
62   9   -7.9   81.4   3475.9
62   10   -112.5   23.4   3500.0
62   11   -98.2   -383.1   3494.9
62   12   -64.8   -771.3   3550.7
62   13   97.3   22.3   3495.9
62   14   69.8   -383.4   3486.7
62   15   7.7   -766.2   3554.0
62   16   -360.0   84.7   3247.8
62   17   302.8   68.3   3221.0
62   18   -1.6   591.5   3425.1
63   0   -3.2   708.7   3403.0
63   1   -3.9   510.7   3437.4
63   2   -158.6   500.6   3433.8
63   3   -245.3   249.7   3386.3
63   4   -382.8   51.8   3220.0
63   5   152.3   495.1   3428.8
63   6   228.1   241.9   3375.5
63   7   317.7   33.6   3190.2
63   8   -10.5   271.8   3473.8
63   9   -7.9   80.4   3475.9
63   10   -112.4   25.3   3500.0
63   11   -98.5   -380.5   3495.0
63   12   -64.8   -770.8   3550.6
63   13   97.3   24.4   3495.9
63   14   69.9   -380.7   3485.9
63   15   7.7   -765.4   3554.3
63   16   -359.9   84.8   3247.7
63   17   302.7   68.3   3221.1
63   18   -1.6   591.5   3425.1
64   0   -3.2   708.7   3403.2
64   1   -3.9   510.7   3437.4
64   2   -158.6   500.6   3433.8
64   3   -245.3   249.7   3386.4
64   4   -382.7   51.9   3220.1
64   5   152.2   495.1   3428.8
64   6   228.2   241.9   3375.6
64   7   317.4   33.4   3190.7
64   8   -10.5   271.6   3473.9
64   9   -7.8   79.1   3475.8
64   10   -111.9   26.4   3499.9
64   11   -98.4   -378.4   3495.0
64   12   -64.6   -770.2   3550.5
64   13   97.1   26.1   3495.9
64   14   70.4   -377.9   3485.1
64   15   7.8   -764.0   3554.3
64   16   -359.8   84.9   3247.8
64   17   302.5   68.1   3221.5
64   18   -1.6   591.5   3425.1
65   0   -3.2   708.7   3403.3
65   1   -3.9   510.7   3437.4
65   2   -158.5   500.7   3433.8
65   3   -245.4   249.8   3386.4
65   4   -382.6   52.1   3220.2
65   5   152.2   495.2   3428.8
65   6   228.2   242.0   3375.6
65   7   317.1   33.1   3191.3
65   8   -10.5   271.5   3474.0
65   9   -7.8   78.0   3475.7
65   10   -111.2   27.1   3499.7
65   11   -98.4   -376.4   3495.0
65   12   -64.3   -769.1   3550.2
65   13   96.6   27.2   3495.8
65   14   70.9   -375.5   3484.8
65   15   7.7   -762.3   3554.3
65   16   -359.7   85.1   3247.9
65   17   302.3   67.9   3222.0
65   18   -1.6   591.5   3425.1
66   0   -3.2   708.7   3403.4
66   1   -3.9   510.7   3437.4
66   2   -158.4   500.7   3433.8
66   3   -245.4   249.9   3386.4
66   4   -382.4   52.3   3220.3
66   5   152.1   495.2   3428.8
66   6   228.2   242.1   3375.7
66   7   317.0   33.1   3191.8
66   8   -10.5   271.5   3474.0
66   9   -7.8   77.1   3475.6
66   10   -110.7   27.3   3499.6
66   11   -98.4   -374.9   3495.0
66   12   -63.8   -768.1   3550.2
66   13   95.9   27.2   3495.7
66   14   71.0   -374.3   3484.6
66   15   7.5   -761.6   3554.1
66   16   -359.6   85.3   3248.0
66   17   302.2   67.9   3222.4
66   18   -1.6   591.5   3425.1
67   0   -3.2   708.8   3403.6
67   1   -3.9   510.7   3437.4
67   2   -158.4   500.7   3433.8
67   3   -245.5   250.1   3386.4
67   4   -382.3   52.5   3220.4
67   5   152.1   495.3   3428.8
67   6   228.2   242.2   3375.9
67   7   316.6   33.1   3192.1
67   8   -10.5   271.5   3474.1
67   9   -7.7   76.3   3475.5
67   10   -110.4   27.3   3499.5
67   11   -98.5   -374.7   3495.0
67   12   -63.1   -768.0   3550.7
67   13   95.1   26.2   3495.5
67   14   71.0   -375.2   3484.6
67   15   7.0   -762.6   3554.2
67   16   -359.5   85.4   3248.1
67   17   301.9   67.9   3222.8
67   18   -1.6   591.5   3425.1
68   0   -3.2   708.8   3403.8
68   1   -3.9   510.7   3437.4
68   2   -158.3   500.8   3433.8
68   3   -245.5   250.3   3386.4
68   4   -382.0   52.8   3220.3
68   5   152.0   495.3   3428.8
68   6   228.2   242.3   3376.1
68   7   316.2   33.2   3192.4
68   8   -10.5   271.6   3474.1
68   9   -7.7   75.8   3475.4
68   10   -110.2   27.3   3499.5
68   11   -98.5   -374.1   3494.9
68   12   -63.0   -767.4   3551.3
68   13   94.7   25.6   3495.5
68   14   71.0   -375.2   3484.6
68   15   7.1   -762.7   3554.2
68   16   -359.2   85.7   3247.9
68   17   301.5   68.0   3223.1
68   18   -1.6   591.5   3425.1
69   0   -3.2   708.9   3404.2
69   1   -3.9   510.7   3437.5
69   2   -158.2   500.7   3433.8
69   3   -245.4   250.4   3386.4
69   4   -381.7   53.2   3220.0
69   5   151.9   495.2   3428.9
69   6   228.2   242.3   3376.4
69   7   315.9   33.3   3192.7
69   8   -10.5   271.6   3474.2
69   9   -7.8   75.3   3475.4
69   10   -110.4   27.0   3499.6
69   11   -98.6   -374.8   3494.9
69   12   -63.0   -768.0   3551.5
69   13   94.7   25.1   3495.6
69   14   71.1   -376.0   3484.5
69   15   7.2   -763.5   3554.5
69   16   -359.0   86.1   3247.7
69   17   301.3   68.1   3223.3
69   18   -1.6   591.5   3425.1
70   0   -3.1   708.9   3404.4
70   1   -3.8   510.7   3437.5
70   2   -158.2   500.7   3433.8
70   3   -245.4   250.4   3386.4
70   4   -381.5   53.5   3219.6
70   5   151.8   495.1   3429.0
70   6   228.2   242.3   3376.7
70   7   315.8   33.5   3192.8
70   8   -10.5   271.6   3474.2
70   9   -7.9   75.0   3475.4
70   10   -110.6   26.6   3499.6
70   11   -98.6   -376.2   3494.8
70   12   -63.1   -769.5   3551.4
70   13   94.8   24.7   3495.8
70   14   71.1   -377.4   3484.4
70   15   7.4   -764.8   3554.8
70   16   -358.8   86.3   3247.4
70   17   301.2   68.3   3223.5
70   18   -1.6   591.4   3425.1
71   0   -3.1   708.9   3404.6
71   1   -3.8   510.7   3437.5
71   2   -158.1   500.6   3433.8
71   3   -245.4   250.5   3386.4
71   4   -381.4   53.6   3219.4
71   5   151.7   495.0   3429.3
71   6   228.2   242.3   3377.1
71   7   315.6   33.5   3193.0
71   8   -10.4   271.6   3474.3
71   9   -8.0   74.8   3475.5
71   10   -110.9   26.3   3499.7
71   11   -98.6   -377.2   3494.6
71   12   -63.0   -770.4   3551.3
71   13   94.9   24.5   3495.9
71   14   71.8   -378.4   3484.2
71   15   7.3   -765.6   3555.0
71   16   -358.8   86.4   3247.3
71   17   301.1   68.3   3223.7
71   18   -1.6   591.4   3425.1
72   0   -3.1   708.9   3404.9
72   1   -3.8   510.7   3437.5
72   2   -158.1   500.5   3433.8
72   3   -245.4   250.5   3386.4
72   4   -381.5   53.6   3219.3
72   5   151.7   494.9   3429.5
72   6   228.2   242.2   3378.0
72   7   315.5   33.7   3193.3
72   8   -10.4   271.7   3474.4
72   9   -8.0   74.6   3475.5
72   10   -111.1   26.2   3499.7
72   11   -98.6   -377.8   3494.4
72   12   -62.7   -771.0   3551.5
72   13   95.0   24.5   3495.9
72   14   72.0   -378.9   3484.1
72   15   7.2   -766.1   3555.2
72   16   -358.8   86.4   3247.2
72   17   301.0   68.5   3224.1
72   18   -1.6   591.4   3425.1
73   0   -3.1   709.0   3405.1
73   1   -3.8   510.7   3437.5
73   2   -158.0   500.3   3433.8
73   3   -245.4   250.5   3386.4
73   4   -381.6   53.5   3219.2
73   5   151.6   494.9   3429.6
73   6   228.2   242.2   3378.7
73   7   315.5   33.9   3193.5
73   8   -10.4   271.7   3474.5
73   9   -8.1   74.4   3475.5
73   10   -111.0   25.8   3499.7
73   11   -98.6   -378.8   3494.3
73   12   -62.5   -771.5   3551.6
73   13   95.0   24.3   3495.9
73   14   72.2   -379.7   3484.1
73   15   7.1   -766.1   3555.8
73   16   -358.9   86.3   3247.1
73   17   300.9   68.6   3224.4
73   18   -1.6   591.4   3425.1
74   0   -3.1   709.0   3405.4
74   1   -3.8   510.7   3437.6
74   2   -157.9   500.1   3433.7
74   3   -245.4   250.5   3386.5
74   4   -381.8   53.3   3219.0
74   5   151.6   494.9   3429.7
74   6   228.2   242.1   3379.8
74   7   315.3   34.2   3193.6
74   8   -10.4   271.7   3474.6
74   9   -8.1   74.3   3475.5
74   10   -110.9   25.3   3499.7
74   11   -98.6   -379.8   3494.3
74   12   -62.4   -771.2   3551.6
74   13   94.9   24.2   3495.9
74   14   72.5   -380.3   3484.2
74   15   7.1   -765.3   3556.6
74   16   -359.0   86.2   3246.9
74   17   300.8   68.8   3224.7
74   18   -1.6   591.4   3425.1
75   0   -3.1   709.0   3405.6
75   1   -3.8   510.6   3437.6
75   2   -157.9   500.1   3433.7
75   3   -245.4   250.6   3386.5
75   4   -382.0   53.0   3218.8
75   5   151.6   494.9   3429.7
75   6   228.2   242.0   3381.4
75   7   315.2   34.5   3193.8
75   8   -10.4   271.8   3474.6
75   9   -8.2   74.3   3475.5
75   10   -110.8   25.4   3499.6
75   11   -98.6   -380.2   3494.3
75   12   -62.5   -770.7   3551.5
75   13   94.8   24.3   3495.9
75   14   72.5   -380.7   3484.1
75   15   7.2   -764.6   3557.7
75   16   -359.2   86.0   3246.8
75   17   300.7   69.0   3225.0
75   18   -1.6   591.4   3425.1
76   0   -3.1   709.0   3405.8
76   1   -3.8   510.6   3437.6
76   2   -157.9   500.1   3433.7
76   3   -245.4   250.7   3386.6
76   4   -382.3   52.8   3218.6
76   5   151.6   494.8   3429.7
76   6   228.1   242.0   3381.8
76   7   315.2   34.2   3193.7
76   8   -10.4   271.8   3474.7
76   9   -8.2   74.2   3475.5
76   10   -110.8   25.4   3499.6
76   11   -98.6   -380.9   3494.3
76   12   -62.5   -770.5   3551.5
76   13   94.6   24.3   3495.9
76   14   72.5   -381.4   3484.1
76   15   7.3   -764.1   3558.9
76   16   -359.4   85.8   3246.6
76   17   300.7   68.9   3225.1
76   18   -1.6   591.4   3425.1
77   0   -3.1   709.0   3405.8
77   1   -3.8   510.6   3437.6
77   2   -157.9   500.0   3433.7
77   3   -245.4   250.8   3386.6
77   4   -382.5   52.6   3218.4
77   5   151.6   494.8   3429.7
77   6   228.1   242.1   3382.0
77   7   315.3   33.9   3193.8
77   8   -10.4   271.8   3474.7
77   9   -8.2   74.2   3475.5
77   10   -110.5   24.8   3499.6
77   11   -98.9   -385.0   3495.0
77   12   -62.3   -772.7   3551.8
77   13   94.3   23.8   3495.9
77   14   73.0   -385.5   3484.8
77   15   6.8   -766.2   3559.5
77   16   -359.7   85.6   3246.4
77   17   300.7   68.6   3225.2
77   18   -1.6   591.4   3425.1
78   0   -3.1   709.0   3405.9
78   1   -3.8   510.6   3437.6
78   2   -157.8   500.0   3433.7
78   3   -245.4   250.9   3386.5
78   4   -382.7   52.6   3218.0
78   5   151.7   494.8   3429.7
78   6   228.1   242.2   3382.1
78   7   315.4   33.4   3194.1
78   8   -10.4   271.8   3474.7
78   9   -8.3   74.1   3475.5
78   10   -110.4   24.5   3499.6
78   11   -98.5   -385.4   3494.9
78   12   -62.6   -772.1   3551.7
78   13   94.1   23.6   3496.0
78   14   72.6   -385.9   3485.2
78   15   7.5   -765.8   3559.4
78   16   -359.8   85.7   3246.0
78   17   300.8   68.2   3225.5
78   18   -1.6   591.3   3425.1
