18   0   79.6   705.7   3528.6
18   1   82.4   510.4   3573.1
18   2   -79.7   513.4   3586.3
18   3   -317.7   443.2   3478.3
18   4   -464.4   510.9   3229.7
18   5   245.7   507.2   3584.6
18   6   422.7   449.4   3388.2
18   7   563.1   475.2   3128.5
18   8   76.8   273.3   3624.3
18   9   76.2   76.0   3620.5
18   10   -29.8   32.3   3647.1
18   11   -13.5   -369.5   3604.2
18   12   30.6   -753.5   3700.1
18   13   181.6   32.4   3649.5
18   14   141.5   -365.8   3591.9
18   15   93.7   -741.1   3716.4
18   16   -439.9   499.6   3271.2
18   17   539.7   470.9   3171.8
18   18   84.3   590.1   3555.9
19   0   80.1   706.6   3529.7
19   1   82.1   511.2   3573.5
19   2   -80.1   514.3   3585.3
19   3   -318.6   448.2   3477.8
19   4   -471.8   514.2   3233.4
19   5   245.4   507.3   3582.2
19   6   422.7   451.8   3386.3
19   7   571.3   476.0   3131.9
19   8   75.9   274.4   3625.3
19   9   75.2   77.6   3620.9
19   10   -30.5   33.2   3646.2
19   11   -13.6   -369.3   3608.0
19   12   32.0   -754.2   3696.6
19   13   180.5   33.4   3648.7
19   14   142.4   -365.8   3594.7
19   15   94.8   -742.2   3714.4
19   16   -446.3   503.2   3274.1
19   17   546.5   472.0   3174.3
19   18   84.1   590.8   3556.1
20   0   82.1   709.8   3531.5
20   1   80.8   514.2   3574.4
20   2   -81.5   518.3   3582.4
20   3   -321.8   462.3   3477.9
20   4   -501.6   523.3   3255.6
20   5   244.9   509.7   3573.3
20   6   425.5   457.7   3381.9
20   7   599.8   482.4   3147.9
20   8   73.0   279.0   3627.8
20   9   72.2   83.4   3621.8
20   10   -32.9   36.9   3644.0
20   11   -14.0   -368.2   3616.2
20   12   30.7   -754.0   3690.2
20   13   176.2   35.9   3647.2
20   14   143.9   -366.9   3603.8
20   15   99.1   -745.9   3706.9
20   16   -471.7   513.1   3292.6
20   17   570.8   478.2   3186.9
20   18   83.4   593.6   3556.4
21   0   85.1   714.3   3530.3
21   1   79.3   518.9   3573.8
21   2   -83.0   523.0   3575.0
21   3   -327.5   478.9   3478.0
21   4   -542.4   536.3   3294.4
21   5   244.4   513.9   3557.2
21   6   438.4   464.4   3381.3
21   7   644.7   495.9   3180.6
21   8   69.6   286.3   3630.2
21   9   68.6   91.8   3623.5
21   10   -32.8   34.5   3642.5
21   11   -13.4   -376.1   3625.2
21   12   33.9   -760.7   3687.3
21   13   170.2   35.9   3645.8
21   14   146.6   -373.7   3619.7
21   15   101.3   -753.9   3705.0
21   16   -506.6   526.7   3325.0
21   17   610.4   490.7   3214.1
21   18   82.7   598.0   3554.5
22   0   87.1   716.8   3524.4
22   1   78.4   522.2   3570.6
22   2   -83.8   525.7   3569.1
22   3   -332.5   489.4   3479.5
22   4   -576.8   546.7   3334.7
22   5   244.7   516.8   3546.7
22   6   454.7   468.1   3391.0
22   7   684.4   504.3   3215.3
22   8   67.5   292.3   3631.2
22   9   66.1   98.5   3625.0
22   10   -35.4   36.8   3643.0
22   11   -13.0   -378.7   3629.9
22   12   33.9   -761.0   3683.7
22   13   167.1   36.8   3645.5
22   14   148.6   -378.5   3624.8
22   15   103.3   -758.0   3695.6
22   16   -536.1   537.1   3358.8
22   17   646.1   498.3   3244.5
22   18   82.2   600.9   3549.8
23   0   88.0   717.4   3515.7
23   1   78.1   523.7   3566.0
23   2   -84.1   526.6   3564.9
23   3   -337.3   495.0   3485.2
23   4   -599.7   552.7   3367.8
23   5   245.5   518.6   3541.6
23   6   470.6   468.7   3408.1
23   7   706.9   507.7   3237.3
23   8   66.6   296.1   3631.1
23   9   64.8   102.6   3626.0
23   10   -37.4   38.4   3644.4
23   11   -13.0   -381.1   3631.2
23   12   34.7   -762.5   3681.9
23   13   165.9   37.0   3645.9
23   14   148.9   -382.3   3621.1
23   15   104.2   -759.1   3699.8
23   16   -556.0   543.1   3387.4
23   17   667.5   501.2   3265.8
23   18   82.0   602.0   3543.7
24   0   88.2   717.0   3507.6
24   1   78.0   524.3   3561.2
24   2   -84.2   526.5   3560.7
24   3   -343.5   497.8   3501.4
24   4   -610.1   555.2   3387.3
24   5   246.2   519.0   3539.6
24   6   481.1   468.1   3421.5
24   7   721.7   509.0   3255.1
24   8   66.5   297.9   3630.0
24   9   64.4   104.7   3626.4
24   10   -38.8   39.2   3644.8
24   11   -12.8   -383.0   3630.6
24   12   35.7   -763.4   3680.5
24   13   165.8   36.9   3646.5
24   14   149.0   -384.7   3613.8
24   15   102.4   -753.7   3716.6
24   16   -565.6   545.7   3406.3
24   17   681.6   502.2   3282.8
24   18   82.0   602.1   3537.5
25   0   88.2   717.0   3503.6
25   1   78.1   524.2   3557.1
25   2   -84.3   526.4   3559.3
25   3   -347.8   499.2   3517.5
25   4   -614.7   556.8   3402.4
25   5   246.8   518.8   3539.2
25   6   487.1   466.6   3430.7
25   7   730.9   509.2   3268.6
25   8   66.6   297.9   3628.6
25   9   64.4   105.5   3626.5
25   10   -39.9   39.5   3644.6
25   11   -12.7   -384.7   3630.1
25   12   37.1   -763.6   3681.3
25   13   166.2   36.4   3647.4
25   14   149.3   -387.1   3612.4
25   15   98.4   -752.6   3722.9
25   16   -570.2   547.2   3421.6
25   17   690.3   502.1   3295.6
25   18   82.0   601.8   3532.5
26   0   88.1   717.0   3502.7
26   1   78.4   523.8   3554.1
26   2   -84.1   526.3   3559.3
26   3   -348.9   500.3   3527.8
26   4   -616.2   558.0   3413.4
26   5   247.6   518.5   3539.2
26   6   489.6   465.8   3436.0
26   7   735.2   508.0   3276.3
26   8   66.9   296.7   3627.4
26   9   64.5   105.3   3626.6
26   10   -40.7   39.0   3644.6
26   11   -12.8   -386.9   3629.8
26   12   38.7   -764.4   3682.7
26   13   166.9   35.7   3647.8
26   14   149.8   -389.6   3612.5
26   15   95.7   -753.2   3725.3
26   16   -571.7   548.4   3432.4
26   17   694.3   501.0   3302.9
26   18   82.3   601.3   3529.1
27   0   88.0   716.9   3503.1
27   1   78.8   523.2   3552.2
27   2   -84.0   526.1   3560.0
27   3   -348.4   501.6   3532.9
27   4   -617.0   559.6   3421.9
27   5   248.5   518.1   3539.3
27   6   490.5   465.3   3439.3
27   7   735.7   507.2   3278.8
27   8   67.3   294.5   3626.5
27   9   64.6   104.5   3626.5
27   10   -41.4   38.1   3644.5
27   11   -12.5   -388.5   3629.0
27   12   40.2   -764.9   3682.5
27   13   167.9   34.9   3648.0
27   14   149.7   -391.0   3611.1
27   15   95.4   -754.2   3722.9
27   16   -572.2   549.9   3440.4
27   17   694.8   500.2   3305.6
27   18   82.7   600.6   3527.1
28   0   87.9   716.5   3504.2
28   1   79.3   522.3   3551.3
28   2   -84.0   526.0   3561.1
28   3   -347.3   503.1   3534.6
28   4   -614.9   560.8   3421.5
28   5   249.7   517.7   3539.4
28   6   491.0   464.9   3441.4
28   7   735.4   506.6   3279.6
28   8   67.6   292.1   3625.9
28   9   64.8   103.1   3626.5
28   10   -42.0   36.3   3644.6
28   11   -13.5   -389.2   3629.3
28   12   42.3   -764.6   3681.9
28   13   169.1   33.5   3648.1
28   14   150.5   -391.3   3611.8
28   15   96.6   -756.2   3715.4
28   16   -570.3   551.2   3440.4
28   17   694.6   499.6   3306.6
28   18   83.2   599.8   3526.1
29   0   87.8   715.9   3505.4
29   1   79.8   521.4   3550.9
29   2   -84.0   525.9   3562.2
29   3   -346.2   504.4   3534.9
29   4   -613.6   563.1   3422.1
29   5   251.0   517.3   3539.4
29   6   491.3   464.8   3442.1
29   7   735.7   506.0   3280.2
29   8   68.0   290.1   3625.8
29   9   65.0   101.5   3626.5
29   10   -42.2   33.7   3644.6
29   11   -14.0   -390.0   3629.4
29   12   42.9   -764.8   3681.4
29   13   170.2   31.8   3648.0
29   14   150.9   -391.2   3612.3
29   15   98.1   -757.1   3710.8
29   16   -569.0   553.3   3440.9
29   17   695.0   499.1   3307.2
29   18   83.8   598.9   3525.8
30   0   87.6   715.3   3506.7
30   1   80.5   520.5   3550.9
30   2   -83.9   525.8   3563.3
30   3   -345.1   505.8   3534.7
30   4   -612.2   566.0   3422.0
30   5   252.4   516.9   3539.3
30   6   491.8   465.1   3442.1
30   7   737.3   505.4   3281.6
30   8   68.5   288.6   3625.8
30   9   65.3   100.3   3626.5
30   10   -42.2   32.6   3644.5
30   11   -13.5   -390.7   3628.8
30   12   42.5   -764.2   3682.7
30   13   170.7   30.8   3647.8
30   14   150.8   -391.8   3612.0
30   15   100.5   -757.2   3709.0
30   16   -567.7   556.0   3440.8
30   17   696.4   498.7   3308.3
30   18   84.5   598.0   3525.8
31   0   87.5   714.6   3507.6
31   1   81.2   519.6   3550.9
31   2   -83.8   525.8   3564.3
31   3   -344.1   507.2   3534.4
31   4   -611.0   569.5   3422.3
31   5   254.1   516.5   3539.2
31   6   492.8   465.7   3442.0
31   7   738.8   505.2   3281.9
31   8   68.9   287.7   3626.0
31   9   65.5   99.5   3626.5
31   10   -41.9   32.2   3644.4
31   11   -13.6   -393.1   3628.8
31   12   41.8   -765.9   3683.7
31   13   170.7   30.0   3647.4
31   14   150.7   -394.5   3611.8
31   15   100.9   -759.1   3710.2
31   16   -566.5   559.1   3441.0
31   17   697.8   498.6   3308.5
31   18   85.3   597.1   3525.9
32   0   87.3   713.8   3508.2
32   1   82.0   518.8   3551.1
32   2   -83.6   525.8   3565.3
32   3   -343.3   507.6   3534.2
32   4   -609.9   572.4   3422.8
32   5   255.8   516.2   3539.0
32   6   494.1   466.4   3441.8
32   7   740.2   505.3   3281.7
32   8   69.4   287.1   3626.2
32   9   65.7   99.0   3626.5
32   10   -41.5   32.2   3644.2
32   11   -12.5   -391.8   3627.6
32   12   39.8   -764.6   3683.9
32   13   171.0   30.7   3647.0
32   14   150.2   -392.5   3610.8
32   15   101.1   -756.0   3712.7
32   16   -565.5   561.6   3441.4
32   17   699.2   498.8   3308.4
32   18   86.2   596.2   3526.0
33   0   87.1   713.0   3508.7
33   1   82.9   517.9   3551.2
33   2   -83.4   525.9   3566.1
33   3   -342.5   507.7   3534.1
33   4   -609.3   573.4   3423.3
33   5   257.6   515.9   3538.9
33   6   495.6   467.1   3441.6
33   7   742.2   505.3   3281.9
33   8   70.1   286.6   3626.3
33   9   66.0   98.6   3626.6
33   10   -41.1   32.5   3643.9
33   11   -12.7   -391.0   3626.8
33   12   36.3   -765.5   3683.4
33   13   171.7   32.2   3646.6
33   14   149.6   -390.3   3608.8
33   15   101.7   -754.8   3712.4
33   16   -564.8   562.4   3441.7
33   17   701.1   498.9   3308.5
33   18   87.2   595.3   3526.1
34   0   86.9   712.2   3509.2
34   1   84.0   517.1   3551.3
34   2   -83.3   525.9   3566.3
34   3   -342.0   507.5   3534.0
34   4   -608.5   573.7   3422.8
34   5   259.6   515.8   3538.6
34   6   497.3   468.1   3441.2
34   7   744.8   505.2   3282.6
34   8   71.5   286.2   3626.4
34   9   66.9   98.4   3626.6
34   10   -40.3   33.0   3643.4
34   11   -12.1   -387.2   3624.9
34   12   32.6   -763.7   3682.9
34   13   172.7   32.7   3646.1
34   14   149.4   -386.4   3608.2
34   15   102.6   -753.3   3710.0
34   16   -564.0   562.7   3441.3
34   17   703.6   499.0   3309.1
34   18   88.2   594.5   3526.1
35   0   86.7   711.4   3509.9
35   1   85.2   516.2   3551.5
35   2   -83.3   525.9   3566.4
35   3   -341.5   507.5   3533.9
35   4   -607.4   574.1   3421.4
35   5   261.3   515.3   3538.6
35   6   498.9   469.2   3441.1
35   7   746.3   505.4   3282.1
35   8   73.6   285.7   3626.6
35   9   68.2   98.2   3626.6
35   10   -39.3   33.5   3642.8
35   11   -13.1   -386.8   3624.8
35   12   29.9   -764.5   3682.9
35   13   173.7   32.5   3645.9
35   14   149.4   -386.6   3608.1
35   15   102.5   -754.6   3709.5
35   16   -563.1   563.0   3440.1
35   17   705.1   499.3   3308.6
35   18   89.1   593.6   3526.2
36   0   86.6   710.5   3510.6
36   1   86.7   515.3   3551.7
36   2   -83.2   525.9   3566.5
36   3   -341.0   507.4   3533.9
36   4   -605.8   574.7   3419.2
36   5   262.8   514.6   3538.6
36   6   500.2   470.2   3440.8
36   7   747.1   505.8   3280.8
36   8   76.6   285.2   3626.8
36   9   69.8   98.0   3626.6
36   10   -38.0   33.7   3642.3
36   11   -14.2   -385.8   3625.3
36   12   30.3   -763.4   3682.7
36   13   174.6   31.3   3646.3
36   14   150.3   -387.0   3609.6
36   15   102.1   -754.2   3712.7
36   16   -561.7   563.5   3438.3
36   17   705.9   499.9   3307.5
36   18   90.1   592.7   3526.4
37   0   86.4   709.7   3511.3
37   1   88.3   514.4   3551.8
37   2   -82.9   525.9   3566.6
37   3   -340.2   507.4   3533.9
37   4   -604.9   574.1   3418.5
37   5   264.3   513.8   3538.7
37   6   501.2   471.1   3440.2
37   7   747.4   506.4   3279.1
37   8   79.9   284.8   3626.9
37   9   71.7   97.7   3626.6
37   10   -35.9   32.6   3641.9
37   11   -14.8   -387.0   3625.8
37   12   31.2   -763.9   3682.9
37   13   175.1   28.4   3646.9
37   14   151.2   -389.8   3611.1
37   15   101.1   -755.0   3718.7
37   16   -560.8   563.0   3437.8
37   17   706.4   500.6   3305.9
37   18   91.2   591.9   3526.5
38   0   86.3   709.1   3512.0
38   1   90.0   513.8   3552.0
38   2   -82.3   526.1   3566.7
38   3   -339.0   507.3   3533.9
38   4   -603.9   573.2   3418.3
38   5   265.7   513.1   3538.8
38   6   501.9   472.0   3439.6
38   7   747.2   507.3   3277.0
38   8   83.4   284.5   3627.0
38   9   74.3   97.6   3626.6
38   10   -32.8   30.3   3641.4
38   11   -15.4   -389.0   3627.0
38   12   33.8   -765.0   3683.3
38   13   175.4   23.7   3647.4
38   14   151.5   -394.0   3611.9
38   15   100.0   -756.0   3726.9
38   16   -559.8   562.3   3437.6
38   17   706.3   501.4   3304.1
38   18   92.3   591.3   3526.7
39   0   86.2   708.8   3512.8
39   1   91.1   513.4   3552.2
39   2   -81.7   526.2   3566.8
39   3   -337.8   507.2   3533.6
39   4   -603.0   572.3   3418.2
39   5   266.6   512.5   3538.8
39   6   502.2   473.1   3439.2
39   7   746.4   508.1   3274.7
39   8   85.1   284.5   3627.1
39   9   76.5   97.7   3626.6
39   10   -31.3   31.5   3641.3
39   11   -14.9   -387.7   3627.0
39   12   34.3   -761.9   3683.2
39   13   177.9   24.2   3648.2
39   14   151.0   -393.1   3611.4
39   15   99.4   -752.2   3729.6
39   16   -558.8   561.4   3437.4
39   17   705.7   502.2   3302.1
39   18   93.2   590.9   3526.9
40   0   86.3   708.6   3513.7
40   1   91.7   513.2   3552.5
40   2   -81.3   526.2   3567.1
40   3   -336.7   507.2   3533.4
40   4   -602.2   571.3   3418.1
40   5   267.1   512.0   3538.9
40   6   502.1   474.0   3439.0
40   7   745.2   509.0   3272.8
40   8   85.6   284.5   3627.1
40   9   77.9   97.8   3626.6
40   10   -28.8   28.6   3641.0
40   11   -15.3   -390.5   3627.8
40   12   36.0   -763.5   3683.8
40   13   176.1   18.3   3648.3
40   14   151.3   -398.9   3612.2
40   15   98.0   -757.8   3727.5
40   16   -557.9   560.6   3437.4
40   17   704.7   503.2   3300.5
40   18   93.7   590.7   3527.2
41   0   86.6   708.6   3514.6
41   1   91.9   513.0   3552.9
41   2   -81.1   526.2   3567.3
41   3   -335.6   507.0   3533.4
41   4   -601.4   570.4   3418.1
41   5   267.3   511.7   3538.9
41   6   501.7   474.5   3438.8
41   7   743.7   510.2   3271.1
41   8   85.5   284.6   3627.1
41   9   78.7   97.9   3626.6
41   10   -28.4   29.1   3640.9
41   11   -15.0   -391.5   3627.7
41   12   36.7   -764.1   3684.0
41   13   178.1   20.0   3648.9
41   14   150.8   -398.5   3612.0
41   15   97.8   -759.4   3719.5
41   16   -557.1   559.9   3437.3
41   17   703.3   504.3   3299.1
41   18   94.1   590.6   3527.7
42   0   86.9   708.6   3515.6
42   1   91.9   513.0   3553.4
42   2   -81.0   526.2   3567.7
42   3   -334.8   506.9   3533.5
42   4   -600.7   569.4   3417.9
42   5   267.4   511.4   3538.9
42   6   501.2   475.4   3438.9
42   7   741.8   511.3   3269.3
42   8   85.1   284.6   3627.1
42   9   79.1   97.9   3626.6
42   10   -28.6   30.4   3641.0
42   11   -15.4   -389.1   3628.2
42   12   36.6   -761.8   3683.6
42   13   178.9   20.4   3649.2
42   14   150.4   -396.9   3611.9
42   15   98.1   -757.3   3721.1
42   16   -556.4   559.0   3437.2
42   17   701.7   505.3   3297.6
42   18   94.2   590.5   3528.4
43   0   87.0   708.6   3516.4
43   1   91.8   512.9   3554.0
43   2   -81.1   526.2   3568.0
43   3   -336.1   506.7   3533.4
43   4   -601.6   568.9   3416.7
43   5   267.4   511.3   3538.9
43   6   502.4   476.2   3438.3
43   7   741.2   512.6   3266.2
43   8   84.7   284.6   3627.2
43   9   79.4   97.9   3626.6
43   10   -28.6   31.4   3641.0
43   11   -14.9   -387.1   3627.7
43   12   36.3   -759.0   3682.4
43   13   179.8   21.6   3649.4
43   14   149.9   -394.4   3610.5
43   15   98.6   -755.1   3716.5
43   16   -557.3   558.5   3436.2
43   17   701.4   506.5   3294.9
43   18   94.2   590.5   3529.2
44   0   87.1   708.6   3517.1
44   1   91.6   512.8   3554.7
44   2   -81.3   526.2   3568.4
44   3   -338.2   506.4   3533.1
44   4   -603.2   569.1   3415.5
44   5   267.3   511.1   3538.9
44   6   504.3   477.2   3437.5
44   7   741.6   514.1   3263.3
44   8   84.2   284.6   3627.2
44   9   79.6   97.8   3626.7
44   10   -28.6   32.3   3641.0
44   11   -14.9   -386.9   3627.5
44   12   36.2   -758.7   3682.0
44   13   180.5   23.0   3649.5
44   14   149.7   -393.6   3610.0
44   15   98.5   -756.1   3708.7
44   16   -559.0   558.7   3435.1
44   17   702.0   507.9   3292.4
44   18   94.1   590.5   3530.0
45   0   87.1   708.6   3517.4
45   1   91.4   512.8   3555.2
45   2   -81.5   526.2   3568.8
45   3   -340.3   506.0   3532.9
45   4   -604.9   569.7   3414.6
45   5   267.2   511.0   3538.9
45   6   506.3   478.3   3436.7
45   7   742.0   515.0   3260.3
45   8   83.7   284.5   3627.3
45   9   79.6   97.8   3626.7
45   10   -28.5   33.1   3641.0
45   11   -14.9   -386.3   3627.1
45   12   35.8   -757.1   3681.7
45   13   181.1   24.5   3649.6
45   14   149.6   -392.2   3609.8
45   15   98.9   -753.8   3708.8
45   16   -560.8   559.1   3434.3
45   17   702.7   508.9   3289.7
45   18   94.0   590.5   3530.7
46   0   87.1   708.6   3517.5
46   1   91.2   512.7   3555.6
46   2   -81.6   526.3   3569.4
46   3   -342.2   505.7   3532.7
46   4   -606.3   570.2   3413.8
46   5   267.1   510.8   3538.9
46   6   508.0   479.1   3435.9
46   7   742.9   516.2   3258.5
46   8   83.2   284.5   3627.3
46   9   79.5   97.8   3626.7
46   10   -28.6   34.2   3641.0
46   11   -15.0   -385.4   3626.9
46   12   35.3   -755.4   3681.8
46   13   181.9   27.0   3649.8
46   14   149.7   -389.8   3609.6
46   15   99.7   -749.2   3713.5
46   16   -562.3   559.5   3433.6
46   17   703.8   510.0   3288.0
46   18   93.9   590.5   3531.2
47   0   87.1   708.6   3517.5
47   1   90.9   512.7   3555.9
47   2   -81.8   526.4   3569.9
47   3   -343.7   505.5   3532.6
47   4   -607.7   570.6   3413.5
47   5   267.0   510.6   3538.9
47   6   509.4   480.0   3435.3
47   7   743.9   516.8   3257.1
47   8   82.5   284.4   3627.4
47   9   79.5   97.7   3626.7
47   10   -28.8   36.0   3641.0
47   11   -14.9   -381.6   3626.2
47   12   33.8   -751.2   3681.8
47   13   182.9   30.3   3650.1
47   14   150.0   -384.5   3609.4
47   15   100.7   -743.3   3713.7
47   16   -563.7   559.7   3433.3
47   17   704.8   510.7   3286.8
47   18   93.8   590.5   3531.6
