2   0   -139.0   694.3   3524.0
2   1   -139.1   504.4   3535.3
2   2   -294.6   489.7   3553.4
2   3   -318.3   260.0   3434.7
2   4   -149.9   475.2   3356.2
2   5   16.5   489.5   3551.5
2   6   60.5   260.0   3438.2
2   7   -116.4   466.7   3355.2
2   8   -138.8   266.4   3592.8
2   9   -140.8   89.7   3594.6
2   10   -246.1   16.2   3617.8
2   11   -231.5   -356.8   3599.2
2   12   -194.4   -715.3   3656.2
2   13   -39.5   8.7   3618.6
2   14   -73.5   -363.2   3605.6
2   15   -102.4   -718.3   3684.7
2   16   -178.0   439.4   3369.3
2   17   -86.9   432.3   3369.0
2   18   -139.2   580.5   3516.9
3   0   -138.8   694.3   3523.5
3   1   -139.0   504.9   3535.9
3   2   -294.9   490.4   3552.4
3   3   -317.5   260.2   3434.5
3   4   -150.7   476.1   3354.4
3   5   16.8   490.1   3550.5
3   6   60.5   259.4   3439.9
3   7   -113.7   466.4   3353.0
3   8   -138.5   267.3   3595.4
3   9   -140.6   90.0   3597.2
3   10   -244.5   14.1   3619.5
3   11   -232.9   -359.4   3604.6
3   12   -194.8   -718.5   3656.1
3   13   -40.1   8.0   3620.0
3   14   -71.7   -364.5   3611.8
3   15   -102.8   -720.5   3683.8
3   16   -178.5   440.1   3367.7
3   17   -84.7   431.9   3367.4
3   18   -139.2   580.8   3517.0
4   0   -138.1   695.4   3522.4
4   1   -138.7   507.4   3537.9
4   2   -294.8   492.7   3550.6
4   3   -316.1   261.5   3434.6
4   4   -152.1   478.5   3352.1
4   5   17.1   492.5   3548.3
4   6   59.5   258.8   3444.2
4   7   -108.4   466.1   3347.3
4   8   -137.6   270.9   3602.3
4   9   -140.1   90.9   3604.1
4   10   -242.5   13.7   3620.5
4   11   -236.3   -362.1   3608.8
4   12   -197.2   -722.3   3655.9
4   13   -41.3   7.8   3621.4
4   14   -70.0   -367.1   3616.1
4   15   -103.7   -725.4   3676.6
4   16   -179.4   442.4   3365.8
4   17   -80.4   431.6   3363.4
4   18   -139.1   582.8   3517.3
5   0   -137.3   697.2   3521.3
5   1   -138.4   511.3   3540.0
5   2   -294.1   495.8   3548.4
5   3   -314.6   263.3   3434.8
5   4   -153.4   481.3   3349.2
5   5   16.6   495.9   3546.6
5   6   58.7   258.3   3451.5
5   7   -100.8   465.2   3341.0
5   8   -136.6   275.4   3609.8
5   9   -139.5   91.4   3611.4
5   10   -239.2   12.0   3621.4
5   11   -239.1   -367.9   3611.7
5   12   -199.3   -729.4   3656.8
5   13   -42.4   8.6   3621.1
5   14   -68.5   -370.6   3617.4
5   15   -107.5   -730.9   3669.3
5   16   -180.2   445.0   3363.4
5   17   -74.2   430.7   3359.4
5   18   -138.9   586.3   3517.9
6   0   -136.9   698.5   3520.6
6   1   -138.1   514.5   3541.4
6   2   -293.0   498.1   3546.4
6   3   -313.8   264.6   3434.9
6   4   -154.2   482.7   3346.3
6   5   15.3   497.9   3545.9
6   6   58.5   258.2   3456.5
6   7   -95.8   464.5   3336.8
6   8   -135.9   278.2   3614.2
6   9   -139.2   90.6   3615.4
6   10   -237.6   12.5   3621.9
6   11   -240.6   -372.8   3612.3
6   12   -199.7   -734.5   3658.1
6   13   -42.4   10.7   3619.7
6   14   -67.4   -374.0   3621.0
6   15   -119.4   -734.1   3665.2
6   16   -180.8   446.3   3361.1
6   17   -70.0   430.1   3356.8
6   18   -138.8   589.3   3518.4
7   0   -136.9   700.1   3520.2
7   1   -138.1   516.4   3541.9
7   2   -292.1   499.3   3544.9
7   3   -313.6   265.2   3434.7
7   4   -154.4   482.9   3344.6
7   5   14.1   498.9   3545.4
7   6   58.3   258.6   3457.6
7   7   -93.8   465.0   3334.5
7   8   -135.6   279.1   3615.7
7   9   -139.1   89.5   3616.3
7   10   -236.7   12.8   3622.0
7   11   -240.5   -375.3   3615.4
7   12   -199.1   -737.3   3657.1
7   13   -42.5   11.8   3618.4
7   14   -65.5   -375.4   3631.5
7   15   -124.3   -735.7   3664.5
7   16   -180.9   446.6   3359.6
7   17   -68.5   430.6   3355.0
7   18   -138.8   591.1   3518.7
8   0   -137.1   701.6   3520.1
8   1   -138.1   517.3   3541.9
8   2   -291.2   499.7   3544.0
8   3   -313.8   265.4   3434.4
8   4   -154.1   482.5   3343.4
8   5   13.0   499.2   3545.2
8   6   58.0   259.5   3456.2
8   7   -93.9   466.3   3333.3
8   8   -135.5   279.1   3615.5
8   9   -139.1   88.9   3614.7
8   10   -236.3   13.1   3621.8
8   11   -240.0   -379.9   3616.4
8   12   -197.9   -739.7   3655.5
8   13   -42.6   12.4   3616.6
8   14   -66.1   -379.7   3632.0
8   15   -124.9   -737.8   3664.6
8   16   -180.8   446.3   3358.6
8   17   -68.6   431.8   3353.8
8   18   -138.9   592.0   3518.9
9   0   -137.3   702.7   3520.1
9   1   -138.1   517.6   3541.7
9   2   -290.6   499.8   3543.4
9   3   -314.1   265.4   3434.4
9   4   -154.0   481.7   3342.5
9   5   12.2   499.3   3545.1
9   6   58.0   260.1   3455.2
9   7   -94.0   466.7   3332.1
9   8   -135.5   278.5   3614.4
9   9   -139.1   88.8   3611.5
9   10   -236.1   13.5   3621.4
9   11   -239.6   -384.0   3616.9
9   12   -196.0   -742.9   3653.0
9   13   -42.7   12.7   3615.5
9   14   -67.1   -383.9   3627.8
9   15   -118.4   -741.5   3665.2
9   16   -180.6   445.7   3357.8
9   17   -68.6   432.3   3352.7
9   18   -138.9   592.5   3518.9
10   0   -137.6   703.6   3520.2
10   1   -138.1   517.7   3541.5
10   2   -290.1   500.0   3543.6
10   3   -314.6   265.7   3434.5
10   4   -154.3   481.7   3342.1
10   5   11.8   499.7   3545.1
10   6   58.1   260.8   3454.7
10   7   -94.8   466.4   3331.2
10   8   -135.5   278.1   3613.6
10   9   -139.2   89.4   3608.2
10   10   -236.0   13.8   3621.0
10   11   -239.3   -384.5   3617.7
10   12   -194.6   -743.0   3653.1
10   13   -42.9   13.0   3615.4
10   14   -66.4   -384.4   3630.1
10   15   -123.3   -741.0   3666.3
10   16   -181.0   445.7   3357.5
10   17   -69.3   432.1   3351.8
10   18   -139.0   592.6   3518.9
11   0   -137.9   704.3   3520.3
11   1   -138.2   517.7   3541.3
11   2   -289.8   500.2   3544.1
11   3   -316.7   266.4   3434.6
11   4   -157.7   483.0   3341.4
11   5   11.4   499.9   3545.0
11   6   59.3   261.4   3454.4
11   7   -95.1   466.1   3331.3
11   8   -135.5   278.0   3612.8
11   9   -139.2   90.2   3605.5
11   10   -235.8   14.0   3620.7
11   11   -239.3   -383.3   3618.9
11   12   -194.1   -741.9   3654.7
11   13   -43.1   13.1   3615.4
11   14   -65.7   -383.2   3633.6
11   15   -118.9   -740.7   3668.0
11   16   -184.2   446.9   3356.9
11   17   -69.4   432.0   3351.8
11   18   -139.0   592.6   3518.9
12   0   -138.0   704.8   3520.4
12   1   -138.2   517.6   3540.9
12   2   -289.7   500.2   3541.6
12   3   -335.8   273.4   3425.4
12   4   -165.0   483.8   3340.1
12   5   11.3   500.1   3543.2
12   6   70.2   264.3   3452.4
12   7   -94.4   463.5   3334.1
12   8   -135.5   278.3   3612.2
12   9   -139.3   91.1   3604.1
12   10   -235.9   14.3   3620.5
12   11   -239.6   -385.0   3619.2
12   12   -193.5   -741.6   3657.8
12   13   -43.1   13.5   3615.5
12   14   -66.7   -384.8   3629.4
12   15   -111.8   -741.3   3669.6
12   16   -193.5   448.7   3354.3
12   17   -67.0   430.3   3353.8
12   18   -139.0   592.6   3518.6
13   0   -138.1   705.1   3521.6
13   1   -138.2   517.6   3540.7
13   2   -288.9   500.5   3546.4
13   3   -369.2   291.9   3422.3
13   4   -214.9   496.4   3304.7
13   5   11.0   500.7   3546.2
13   6   100.2   279.7   3451.9
13   7   -73.1   473.0   3336.2
13   8   -135.6   279.0   3611.7
13   9   -139.4   92.1   3603.6
13   10   -236.3   14.8   3620.5
13   11   -239.6   -384.1   3619.3
13   12   -193.0   -740.2   3659.1
13   13   -42.9   14.2   3615.6
13   14   -66.8   -383.8   3627.0
13   15   -108.3   -740.0   3671.0
13   16   -240.6   462.3   3324.3
13   17   -44.2   440.8   3355.5
13   18   -139.0   592.5   3518.3
14   0   -138.1   705.1   3528.0
14   1   -138.2   517.5   3542.1
14   2   -287.7   501.3   3556.2
14   3   -409.5   320.8   3427.6
14   4   -306.4   493.9   3246.0
14   5   10.6   501.7   3553.4
14   6   137.3   304.0   3457.5
14   7   -5.9   500.2   3317.2
14   8   -135.5   280.0   3611.8
14   9   -139.6   92.7   3603.6
14   10   -236.8   15.6   3620.4
14   11   -239.6   -381.9   3619.4
14   12   -192.5   -738.3   3659.4
14   13   -42.6   15.3   3615.7
14   14   -65.8   -381.3   3629.2
14   15   -106.9   -738.2   3671.0
14   16   -323.4   465.1   3276.3
14   17   17.9   467.5   3340.6
14   18   -139.1   592.5   3520.1
15   0   -137.9   705.1   3537.2
15   1   -138.2   517.2   3547.1
15   2   -287.4   501.5   3566.1
15   3   -456.0   366.1   3441.7
15   4   -402.6   488.0   3203.5
15   5   11.0   503.5   3564.1
15   6   176.0   346.2   3459.8
15   7   94.2   523.8   3266.1
15   8   -135.5   280.6   3612.8
15   9   -139.8   92.3   3603.8
15   10   -237.9   18.0   3620.5
15   11   -239.7   -381.0   3618.8
15   12   -192.3   -739.8   3659.3
15   13   -42.0   17.3   3615.8
15   14   -67.8   -380.8   3625.2
15   15   -106.5   -739.9   3671.2
15   16   -411.3   467.8   3243.2
15   17   107.7   494.2   3298.4
15   18   -139.1   592.5   3526.3
16   0   -137.7   705.5   3544.3
16   1   -138.2   516.7   3554.6
16   2   -290.4   504.3   3570.6
16   3   -489.4   408.4   3449.2
16   4   -508.0   491.6   3185.0
16   5   13.1   505.5   3570.8
16   6   208.4   388.0   3463.8
16   7   210.2   524.6   3229.1
16   8   -135.5   280.9   3614.1
16   9   -140.0   91.2   3604.7
16   10   -239.5   21.1   3620.8
16   11   -239.8   -381.5   3617.9
16   12   -192.3   -741.5   3658.6
16   13   -42.0   18.4   3616.4
16   14   -68.4   -383.2   3625.4
16   15   -107.2   -743.5   3671.6
16   16   -504.9   477.8   3229.1
16   17   209.8   501.9   3268.2
16   18   -139.0   592.5   3535.5
17   0   -137.4   705.8   3548.0
17   1   -138.2   516.3   3562.4
17   2   -295.8   511.1   3571.4
17   3   -510.6   444.5   3451.2
17   4   -602.4   504.5   3189.0
17   5   17.3   510.6   3573.4
17   6   231.3   428.8   3464.0
17   7   315.4   523.9   3217.0
17   8   -135.4   281.4   3615.6
17   9   -140.2   90.3   3605.9
17   10   -241.4   26.4   3621.1
17   11   -239.7   -379.6   3615.2
17   12   -192.7   -740.2   3657.7
17   13   -42.6   19.8   3617.3
17   14   -68.7   -385.3   3625.1
17   15   -108.2   -746.2   3672.3
17   16   -587.1   494.4   3232.7
17   17   301.4   508.0   3258.1
17   18   -139.0   592.5   3545.1
18   0   -137.0   705.9   3549.0
18   1   -138.1   516.0   3568.4
18   2   -301.7   520.2   3569.4
18   3   -523.1   469.1   3449.4
18   4   -686.2   525.0   3218.5
18   5   21.8   516.9   3573.5
18   6   245.8   461.8   3462.3
18   7   399.7   521.5   3227.8
18   8   -135.4   282.5   3617.1
18   9   -140.4   90.5   3607.2
18   10   -243.2   34.1   3621.4
18   11   -239.6   -373.8   3609.5
18   12   -193.7   -736.5   3656.3
18   13   -43.8   22.6   3618.5
18   14   -69.0   -384.8   3623.8
18   15   -109.4   -747.8   3672.7
18   16   -659.1   515.7   3257.0
18   17   374.1   511.5   3266.9
18   18   -139.0   592.5   3552.5
19   0   -136.7   705.6   3546.4
19   1   -138.1   515.8   3571.5
19   2   -304.6   524.4   3563.9
19   3   -530.9   487.0   3446.4
19   4   -743.9   542.7   3255.3
19   5   25.2   521.9   3570.5
19   6   255.2   485.6   3460.8
19   7   459.2   520.7   3254.3
19   8   -135.4   284.1   3618.2
19   9   -140.5   92.0   3608.6
19   10   -242.1   37.0   3621.3
19   11   -239.6   -372.8   3606.7
19   12   -193.6   -737.2   3656.3
19   13   -45.0   26.6   3620.1
19   14   -68.8   -382.7   3622.3
19   15   -110.7   -747.6   3672.8
19   16   -708.5   533.4   3287.2
19   17   425.3   514.8   3288.7
19   18   -139.0   592.5   3556.1
20   0   -136.3   705.2   3539.8
20   1   -138.1   516.0   3571.1
20   2   -305.8   525.8   3556.9
20   3   -536.1   498.1   3444.0
20   4   -782.2   558.2   3296.0
20   5   26.8   524.1   3565.0
20   6   261.5   498.6   3460.6
20   7   498.4   526.7   3286.9
20   8   -135.4   286.1   3618.8
20   9   -140.7   94.6   3609.6
20   10   -239.6   37.3   3621.0
20   11   -239.4   -370.8   3606.8
20   12   -193.7   -733.8   3656.6
20   13   -45.9   30.6   3621.9
20   14   -68.0   -377.2   3622.8
20   15   -110.6   -740.6   3672.1
20   16   -741.3   548.2   3320.7
20   17   459.0   522.0   3315.8
20   18   -139.0   592.5   3555.2
21   0   -136.0   704.5   3530.6
21   1   -138.1   516.2   3568.1
21   2   -306.0   525.9   3551.8
21   3   -538.1   503.6   3443.7
21   4   -803.7   568.2   3332.9
21   5   27.2   524.9   3560.7
21   6   264.3   504.3   3462.9
21   7   518.4   537.4   3314.2
21   8   -135.4   287.9   3618.7
21   9   -140.7   97.2   3610.3
21   10   -237.0   34.5   3620.7
21   11   -238.8   -370.6   3609.7
21   12   -192.1   -732.2   3660.0
21   13   -46.6   31.6   3624.0
21   14   -67.1   -373.3   3625.7
21   15   -110.1   -735.9   3671.8
21   16   -759.4   557.4   3351.4
21   17   476.0   531.9   3339.0
21   18   -139.0   592.5   3551.2
22   0   -135.7   704.1   3523.0
22   1   -138.1   516.5   3564.1
22   2   -305.7   525.6   3549.3
22   3   -539.1   506.8   3446.8
22   4   -811.8   572.7   3358.3
22   5   27.1   525.1   3557.5
22   6   266.3   506.4   3468.8
22   7   524.4   547.2   3333.4
22   8   -135.4   289.1   3618.4
22   9   -140.6   99.2   3610.7
22   10   -239.7   39.1   3620.9
22   11   -238.7   -365.0   3610.7
22   12   -190.8   -726.6   3663.1
22   13   -45.6   33.5   3624.9
22   14   -67.8   -370.1   3624.0
22   15   -109.9   -733.1   3671.7
22   16   -766.3   561.7   3373.0
22   17   481.4   540.4   3356.0
22   18   -139.0   592.5   3545.9
23   0   -135.3   704.1   3517.4
23   1   -138.1   516.8   3560.2
23   2   -305.3   525.5   3548.6
23   3   -540.9   507.9   3456.3
23   4   -811.9   575.1   3371.7
23   5   26.7   525.1   3556.0
23   6   267.4   507.3   3477.6
23   7   522.8   552.3   3344.9
23   8   -135.4   289.7   3618.1
23   9   -140.6   100.5   3610.9
23   10   -241.5   42.4   3620.8
23   11   -238.6   -363.5   3611.0
23   12   -190.8   -726.3   3665.0
23   13   -43.5   37.1   3625.0
23   14   -67.9   -368.3   3622.2
23   15   -109.8   -732.4   3671.8
23   16   -766.7   563.9   3385.8
23   17   480.2   544.8   3367.0
23   18   -139.0   592.6   3540.9
24   0   -135.0   704.3   3514.2
24   1   -138.1   517.0   3556.9
24   2   -304.8   525.4   3548.5
24   3   -542.8   508.2   3468.8
24   4   -807.9   575.2   3375.7
24   5   26.2   525.1   3555.2
24   6   267.3   508.0   3484.7
24   7   518.9   554.9   3351.3
24   8   -135.4   289.8   3617.9
24   9   -140.6   101.3   3610.9
24   10   -242.0   43.4   3620.6
24   11   -238.7   -361.5   3611.2
24   12   -191.1   -723.9   3665.5
24   13   -42.4   38.8   3624.7
24   14   -67.5   -365.4   3622.0
24   15   -109.4   -729.2   3671.5
24   16   -763.7   564.1   3391.2
24   17   477.0   547.1   3373.5
24   18   -139.0   592.6   3536.7
25   0   -134.6   704.5   3512.8
25   1   -138.1   517.2   3554.8
25   2   -304.5   525.4   3548.6
25   3   -543.5   508.8   3477.1
25   4   -803.2   574.6   3375.5
25   5   25.9   525.0   3554.8
25   6   266.4   509.0   3488.1
25   7   514.6   556.4   3353.0
25   8   -135.4   289.5   3617.9
25   9   -140.6   101.6   3610.9
25   10   -242.3   43.9   3620.1
25   11   -238.7   -358.7   3610.9
25   12   -191.5   -721.2   3665.1
25   13   -41.8   39.8   3623.9
25   14   -67.0   -362.1   3622.2
25   15   -109.1   -726.1   3671.1
25   16   -759.9   563.7   3392.4
25   17   473.2   548.5   3375.5
25   18   -138.9   592.6   3534.0
26   0   -134.4   704.7   3512.3
26   1   -138.1   517.3   3553.6
26   2   -304.3   525.4   3548.9
26   3   -543.3   508.9   3481.3
26   4   -799.2   574.3   3374.3
26   5   25.7   525.0   3554.5
26   6   265.5   510.2   3489.3
26   7   510.7   557.6   3352.2
26   8   -135.4   289.0   3617.9
26   9   -140.6   101.6   3610.9
26   10   -242.3   44.0   3619.4
26   11   -238.8   -356.0   3610.9
26   12   -192.0   -717.5   3664.3
26   13   -41.7   40.1   3623.7
26   14   -66.7   -359.2   3622.7
26   15   -108.8   -722.1   3670.5
26   16   -756.5   563.4   3392.1
26   17   469.8   549.7   3375.0
26   18   -138.9   592.6   3532.5
27   0   -134.2   704.9   3512.2
27   1   -138.1   517.3   3553.1
27   2   -304.2   525.4   3549.3
27   3   -543.1   508.9   3483.3
27   4   -796.6   574.5   3373.2
27   5   25.6   525.0   3554.1
27   6   265.0   511.4   3489.4
27   7   507.7   558.9   3349.9
27   8   -135.4   288.4   3618.0
27   9   -140.6   101.4   3610.9
27   10   -242.2   44.0   3618.6
27   11   -238.8   -353.7   3610.7
27   12   -192.3   -715.2   3663.8
27   13   -41.7   40.3   3623.5
27   14   -66.5   -356.7   3622.2
27   15   -109.9   -719.3   3669.9
27   16   -754.3   563.5   3391.6
27   17   467.3   551.0   3373.2
27   18   -138.9   592.6   3531.8
28   0   -134.0   705.0   3512.4
28   1   -138.0   517.4   3552.9
28   2   -304.1   525.5   3549.5
28   3   -542.7   508.9   3483.8
28   4   -795.1   575.0   3372.1
28   5   25.6   525.0   3553.6
28   6   264.7   512.4   3488.9
28   7   505.4   559.8   3346.3
28   8   -135.4   287.8   3618.0
28   9   -140.6   101.2   3610.9
28   10   -242.1   43.8   3617.8
28   11   -238.6   -355.5   3610.5
28   12   -192.0   -718.2   3664.0
28   13   -41.7   40.3   3623.4
28   14   -66.6   -358.3   3620.9
28   15   -111.5   -721.8   3669.8
28   16   -753.0   564.0   3390.7
28   17   465.3   551.9   3370.1
28   18   -138.9   592.6   3531.5
29   0   -133.9   705.1   3512.5
29   1   -138.0   517.4   3552.8
29   2   -304.1   525.6   3549.9
29   3   -542.4   508.9   3483.7
29   4   -794.4   575.8   3370.9
29   5   25.7   525.0   3552.9
29   6   264.5   512.7   3487.7
29   7   503.9   560.9   3342.5
29   8   -135.4   287.2   3618.1
29   9   -140.6   101.0   3610.9
29   10   -241.9   43.5   3617.5
29   11   -238.6   -355.5   3610.6
29   12   -192.0   -718.3   3663.7
29   13   -41.7   40.4   3623.3
29   14   -66.5   -357.8   3619.5
29   15   -112.0   -721.3   3669.1
29   16   -752.4   564.7   3389.7
29   17   464.0   552.8   3366.7
29   18   -138.9   592.7   3531.5
30   0   -133.6   705.1   3512.6
30   1   -138.0   517.4   3552.8
30   2   -304.0   525.6   3550.2
30   3   -542.1   508.9   3483.5
30   4   -794.0   576.8   3369.9
30   5   25.8   525.0   3552.3
30   6   264.3   512.7   3486.3
30   7   503.7   561.3   3340.2
30   8   -135.4   286.8   3618.2
30   9   -140.6   100.9   3610.9
30   10   -241.7   43.1   3617.4
30   11   -238.7   -354.6   3610.7
30   12   -192.2   -716.8   3663.2
30   13   -41.7   40.5   3623.2
30   14   -66.4   -356.5   3619.6
30   15   -111.8   -719.3   3668.3
30   16   -752.0   565.5   3388.8
30   17   463.8   553.2   3364.5
30   18   -138.8   592.7   3531.5
31   0   -133.4   705.2   3512.8
31   1   -138.0   517.4   3552.9
31   2   -304.0   525.7   3550.6
31   3   -541.8   508.9   3483.1
31   4   -793.3   577.4   3368.3
31   5   25.9   525.0   3552.0
31   6   263.9   512.8   3484.2
31   7   503.7   561.3   3338.3
31   8   -135.4   286.5   3618.2
31   9   -140.6   100.8   3610.9
31   10   -241.5   42.6   3617.3
31   11   -238.5   -357.7   3610.3
31   12   -191.6   -720.8   3663.0
31   13   -41.6   40.5   3623.2
31   14   -66.6   -359.1   3619.6
31   15   -111.1   -723.1   3668.1
31   16   -751.4   565.9   3387.4
31   17   463.7   553.2   3362.6
31   18   -138.8   592.7   3531.5
32   0   -133.3   705.2   3512.8
32   1   -137.9   517.4   3552.9
32   2   -303.9   525.7   3550.9
32   3   -541.5   508.9   3482.6
32   4   -791.9   577.6   3365.6
32   5   26.0   524.9   3551.8
32   6   263.1   512.8   3481.1
32   7   504.0   561.2   3337.2
32   8   -135.4   286.2   3618.3
32   9   -140.6   100.7   3610.9
32   10   -241.4   42.4   3617.1
32   11   -238.5   -361.6   3610.1
32   12   -191.2   -725.5   3662.0
32   13   -41.5   40.6   3623.0
32   14   -67.1   -362.5   3619.3
32   15   -111.1   -727.4   3667.7
32   16   -750.2   566.1   3385.1
32   17   463.8   553.1   3361.2
32   18   -138.8   592.7   3531.6
33   0   -133.2   705.3   3513.0
33   1   -137.9   517.4   3552.9
33   2   -303.9   525.8   3551.2
33   3   -541.3   508.9   3482.1
33   4   -790.1   577.3   3362.8
33   5   26.0   524.9   3551.7
33   6   262.3   512.8   3478.2
33   7   503.8   561.0   3336.1
33   8   -135.4   286.0   3618.3
33   9   -140.6   100.6   3610.9
33   10   -240.2   40.1   3616.8
33   11   -238.4   -367.0   3610.2
33   12   -190.7   -731.8   3661.6
33   13   -41.4   40.4   3622.9
33   14   -67.5   -365.9   3619.1
33   15   -111.7   -731.6   3667.4
33   16   -748.6   565.9   3382.7
33   17   463.5   553.0   3359.8
33   18   -138.7   592.8   3531.6
