7   0   14.8   754.6   3334.8
7   1   18.3   561.5   3344.4
7   2   -127.3   542.0   3374.7
7   3   -222.7   345.2   3225.8
7   4   -35.7   547.0   3134.3
7   5   170.0   550.3   3332.5
7   6   235.5   352.6   3169.1
7   7   34.7   551.9   3105.6
7   8   29.6   317.8   3405.3
7   9   35.6   134.7   3409.6
7   10   -68.0   41.9   3432.0
7   11   -28.2   -340.7   3441.0
7   12   32.2   -729.0   3536.4
7   13   143.8   49.0   3437.9
7   14   74.1   -328.9   3455.7
7   15   -8.9   -716.8   3534.5
7   16   -66.9   513.4   3149.5
7   17   68.1   518.7   3116.2
7   18   14.8   638.7   3325.1
8   0   15.4   755.4   3332.9
8   1   19.5   562.3   3344.5
8   2   -125.2   541.2   3373.6
8   3   -226.3   348.4   3224.0
8   4   -41.1   548.7   3126.8
8   5   170.7   550.2   3330.7
8   6   242.3   353.6   3169.2
8   7   43.1   551.9   3099.6
8   8   30.7   319.5   3406.6
8   9   36.2   136.1   3411.1
8   10   -66.4   40.3   3432.5
8   11   -29.8   -343.6   3443.9
8   12   31.0   -732.0   3535.8
8   13   143.9   47.8   3437.6
8   14   72.4   -330.8   3458.1
8   15   -9.5   -719.1   3531.4
8   16   -72.0   515.3   3143.0
8   17   76.3   518.8   3111.2
8   18   15.9   639.5   3324.8
9   0   16.7   758.1   3328.5
9   1   22.7   565.2   3346.7
9   2   -121.5   547.4   3380.8
9   3   -237.5   370.2   3224.7
9   4   -84.1   536.9   3075.0
9   5   173.0   553.3   3339.8
9   6   258.0   366.2   3174.2
9   7   88.1   552.7   3058.0
9   8   33.6   324.5   3411.5
9   9   37.8   139.4   3415.8
9   10   -65.3   41.9   3434.4
9   11   -31.3   -345.0   3447.7
9   12   29.1   -732.4   3532.7
9   13   145.4   48.6   3437.6
9   14   66.4   -330.9   3462.5
9   15   -10.0   -719.4   3525.3
9   16   -109.5   509.2   3100.0
9   17   116.3   521.6   3077.3
9   18   19.2   642.0   3326.0
10   0   17.7   761.3   3324.3
10   1   26.2   568.5   3353.1
10   2   -119.6   556.4   3389.8
10   3   -273.5   390.1   3263.5
10   4   -166.7   505.9   3050.4
10   5   176.6   557.2   3342.4
10   6   292.3   389.8   3176.2
10   7   179.3   546.4   2991.3
10   8   36.5   328.3   3419.1
10   9   39.6   139.9   3421.9
10   10   -61.3   41.0   3436.4
10   11   -31.2   -352.1   3452.9
10   12   28.3   -737.6   3530.0
10   13   144.4   46.3   3437.9
10   14   62.3   -338.4   3467.9
10   15   -10.6   -725.6   3519.9
10   16   -184.3   486.8   3085.9
10   17   197.8   520.4   3022.1
10   18   22.9   645.3   3332.0
11   0   18.0   762.9   3322.3
11   1   28.4   570.7   3361.1
11   2   -119.7   564.5   3399.6
11   3   -310.0   426.8   3287.2
11   4   -264.2   494.2   3027.8
11   5   180.1   561.4   3343.2
11   6   335.1   410.0   3196.2
11   7   294.4   531.7   2957.6
11   8   38.1   329.5   3426.1
11   9   40.8   137.6   3426.5
11   10   -59.8   45.0   3438.0
11   11   -33.3   -351.6   3458.0
11   12   25.8   -734.5   3526.1
11   13   144.7   49.4   3438.9
11   14   59.5   -338.1   3470.6
11   15   -9.4   -723.2   3511.3
11   16   -271.7   483.1   3071.0
11   17   301.0   511.5   2997.4
11   18   25.3   647.6   3340.4
12   0   17.7   762.8   3321.9
12   1   29.4   571.7   3368.1
12   2   -120.8   568.4   3405.2
12   3   -335.5   460.1   3297.8
12   4   -369.7   496.5   3023.1
12   5   181.6   563.4   3343.6
12   6   363.6   425.8   3211.0
12   7   400.7   523.9   2951.9
12   8   38.4   328.9   3430.8
12   9   41.4   134.4   3429.1
12   10   -57.0   45.6   3439.5
12   11   -33.6   -355.8   3460.2
12   12   26.0   -735.3   3525.7
12   13   142.3   48.5   3440.2
12   14   59.3   -344.2   3471.7
12   15   -11.8   -725.5   3508.0
12   16   -364.0   490.4   3068.8
12   17   394.5   507.6   2995.1
12   18   26.5   648.8   3348.2
13   0   17.1   761.8   3322.3
13   1   29.6   572.1   3373.5
13   2   -122.4   570.2   3407.9
13   3   -346.6   484.7   3294.0
13   4   -468.1   511.1   3037.3
13   5   182.1   564.4   3343.8
13   6   381.5   462.2   3203.9
13   7   485.7   518.8   2940.9
13   8   38.1   327.7   3434.3
13   9   41.7   131.7   3430.3
13   10   -56.4   47.8   3440.4
13   11   -34.2   -358.8   3461.3
13   12   25.8   -735.2   3524.9
13   13   141.8   50.4   3442.0
13   14   59.3   -347.7   3472.2
13   15   -12.3   -725.9   3506.6
13   16   -448.0   506.7   3080.1
13   17   468.4   509.3   2984.7
13   18   26.9   649.4   3354.3
14   0   16.4   760.6   3323.3
14   1   29.5   572.3   3376.9
14   2   -123.9   571.1   3408.8
14   3   -352.7   501.4   3291.0
14   4   -535.6   528.9   3063.5
14   5   182.3   564.9   3344.1
14   6   386.6   490.2   3192.6
14   7   547.2   515.5   2946.4
14   8   37.6   326.8   3436.9
14   9   41.8   130.3   3430.8
14   10   -57.5   53.1   3441.1
14   11   -25.1   -355.3   3472.3
14   12   26.4   -732.1   3524.6
14   13   143.1   56.2   3444.1
14   14   60.8   -345.5   3472.1
14   15   -12.2   -721.0   3506.6
14   16   -505.3   524.3   3101.4
14   17   520.6   511.2   2987.4
14   18   27.0   649.8   3358.0
15   0   15.7   759.8   3324.6
15   1   29.4   572.5   3378.5
15   2   -125.5   571.7   3406.8
15   3   -358.2   511.7   3290.8
15   4   -580.3   545.6   3093.0
15   5   182.5   565.5   3344.2
15   6   383.4   504.3   3180.8
15   7   591.0   516.4   2966.2
15   8   37.2   326.3   3438.2
15   9   41.9   130.1   3430.8
15   10   -57.7   57.0   3441.2
15   11   -29.7   -351.7   3467.3
15   12   25.4   -724.1   3523.2
15   13   143.6   60.7   3444.7
15   14   62.3   -340.9   3471.7
15   15   -12.2   -712.6   3507.9
15   16   -543.4   539.9   3126.0
15   17   556.5   514.4   3002.0
15   18   26.9   650.0   3359.8
16   0   14.9   759.4   3325.4
16   1   29.2   572.7   3378.3
16   2   -127.8   572.0   3399.2
16   3   -365.9   515.9   3293.7
16   4   -617.4   566.1   3135.3
16   5   182.9   566.2   3344.0
16   6   386.9   507.8   3183.1
16   7   621.4   518.7   2992.2
16   8   36.8   326.2   3438.6
16   9   41.8   130.6   3430.7
16   10   -57.1   58.5   3441.0
16   11   -32.3   -351.6   3464.4
16   12   25.2   -720.9   3523.0
16   13   143.3   62.8   3444.9
16   14   62.8   -340.1   3471.3
16   15   -11.5   -709.1   3510.2
16   16   -575.5   557.7   3161.7
16   17   582.4   516.9   3024.0
16   18   26.8   650.2   3359.3
17   0   14.2   759.4   3325.6
17   1   29.0   573.0   3375.9
17   2   -129.5   572.1   3390.1
17   3   -375.0   517.4   3304.8
17   4   -646.0   574.7   3180.3
17   5   183.6   567.3   3343.7
17   6   392.1   508.0   3189.4
17   7   644.5   521.3   3019.8
17   8   36.5   326.8   3438.3
17   9   41.8   131.9   3430.6
17   10   -56.7   59.2   3440.8
17   11   -34.5   -350.0   3462.4
17   12   24.8   -717.0   3522.2
17   13   142.9   63.4   3444.8
17   14   63.4   -338.4   3470.9
17   15   -10.0   -705.1   3515.1
17   16   -600.9   565.2   3201.0
17   17   602.5   519.1   3048.0
17   18   26.7   650.4   3356.2
18   0   13.7   759.7   3325.3
18   1   28.9   573.5   3371.9
18   2   -130.0   573.2   3385.2
18   3   -381.2   518.3   3319.2
18   4   -657.7   578.4   3207.7
18   5   184.6   569.1   3343.4
18   6   397.3   507.5   3196.3
18   7   658.5   522.9   3042.0
18   8   36.3   327.9   3437.6
18   9   41.8   133.7   3430.5
18   10   -56.5   59.5   3440.5
18   11   -35.2   -350.3   3461.8
18   12   25.0   -715.9   3522.3
18   13   142.6   63.7   3444.7
18   14   63.2   -338.7   3470.9
18   15   -10.3   -704.0   3517.0
18   16   -611.6   568.4   3226.3
18   17   615.0   520.3   3067.7
18   18   26.6   650.6   3351.2
19   0   13.5   759.7   3323.1
19   1   28.9   574.1   3367.6
19   2   -129.9   574.9   3383.3
19   3   -383.9   518.3   3329.8
19   4   -661.6   582.4   3228.9
19   5   186.1   572.4   3343.1
19   6   401.3   506.1   3202.0
19   7   665.0   523.2   3056.2
19   8   36.2   329.3   3436.8
19   9   41.7   135.5   3430.5
19   10   -56.3   59.7   3440.3
19   11   -35.1   -351.3   3461.3
19   12   25.4   -715.9   3522.6
19   13   142.4   63.9   3444.6
19   14   62.8   -339.6   3470.8
19   15   -9.7   -704.5   3514.3
19   16   -615.3   571.7   3245.7
19   17   621.0   520.4   3080.5
19   18   26.6   650.9   3345.9
20   0   13.5   759.3   3318.8
20   1   28.8   574.6   3363.9
20   2   -129.6   577.1   3382.9
20   3   -385.3   517.7   3340.7
20   4   -661.4   582.6   3243.1
20   5   187.5   575.8   3342.9
20   6   404.4   503.8   3207.3
20   7   668.0   523.0   3066.5
20   8   36.1   330.6   3435.9
20   9   41.6   137.1   3430.4
20   10   -56.3   59.6   3439.8
20   11   -35.1   -352.8   3460.4
20   12   25.6   -716.9   3522.8
20   13   142.3   63.9   3444.4
20   14   62.4   -340.9   3470.6
20   15   -9.2   -706.0   3512.5
20   16   -615.3   571.8   3259.3
20   17   624.1   519.8   3090.0
20   18   26.5   651.2   3341.3
21   0   13.6   758.8   3315.0
21   1   28.8   575.0   3361.3
21   2   -129.2   579.0   3383.2
21   3   -385.6   517.0   3348.5
21   4   -661.3   579.3   3254.6
21   5   187.9   577.5   3342.6
21   6   406.6   501.8   3211.7
21   7   666.9   521.6   3069.2
21   8   36.0   331.6   3435.1
21   9   41.6   138.2   3430.4
21   10   -56.3   59.4   3439.4
21   11   -35.0   -354.3   3459.0
21   12   25.6   -718.3   3522.8
21   13   142.4   63.7   3444.3
21   14   61.5   -342.3   3470.5
21   15   -9.1   -707.7   3511.8
21   16   -615.3   568.9   3270.3
21   17   623.5   518.3   3092.9
21   18   26.5   651.5   3338.0
22   0   13.6   758.4   3313.1
22   1   28.8   575.2   3359.7
22   2   -128.5   579.4   3383.6
22   3   -385.4   516.5   3352.5
22   4   -661.5   573.4   3264.2
22   5   187.9   578.0   3342.3
22   6   407.7   499.4   3214.6
22   7   662.5   519.0   3067.1
22   8   35.9   332.2   3434.5
22   9   41.6   138.7   3430.3
22   10   -56.4   59.3   3438.9
22   11   -34.8   -355.7   3457.5
22   12   25.6   -719.7   3522.7
22   13   142.4   63.5   3444.1
22   14   60.6   -343.5   3470.6
22   15   -9.3   -709.4   3511.6
22   16   -615.4   563.9   3279.0
22   17   620.1   515.7   3091.7
22   18   26.5   651.7   3336.2
23   0   13.7   758.1   3312.4
23   1   28.8   575.4   3359.0
23   2   -128.0   579.4   3384.1
23   3   -385.1   516.6   3353.8
23   4   -662.3   567.7   3272.0
23   5   187.8   577.9   3342.0
23   6   407.6   496.7   3215.7
23   7   657.9   515.5   3064.0
23   8   35.8   332.5   3434.1
23   9   41.6   138.9   3430.3
23   10   -56.6   59.0   3438.4
23   11   -34.8   -356.9   3456.9
23   12   25.3   -721.2   3522.7
23   13   142.3   62.9   3444.0
23   14   59.2   -344.8   3470.6
23   15   -9.5   -711.2   3511.7
23   16   -616.1   559.2   3285.7
23   17   616.2   512.4   3089.3
23   18   26.5   651.9   3335.3
24   0   13.8   757.9   3312.5
24   1   28.7   575.5   3358.6
24   2   -127.7   579.3   3384.7
24   3   -384.8   516.6   3353.6
24   4   -662.6   564.8   3277.1
24   5   187.6   577.5   3341.8
24   6   407.0   493.9   3216.1
24   7   654.4   513.3   3062.1
24   8   35.7   332.6   3433.7
24   9   41.5   138.8   3430.2
24   10   -56.7   58.8   3437.8
24   11   -34.8   -358.2   3456.8
24   12   23.8   -722.6   3522.9
24   13   142.2   62.4   3444.0
24   14   57.6   -346.1   3470.7
24   15   -9.6   -712.7   3511.8
24   16   -616.3   556.7   3289.8
24   17   613.1   510.0   3087.8
24   18   26.5   652.1   3335.0
