12   0   6.1   753.3   3372.9
12   1   14.2   562.9   3408.4
12   2   -153.1   557.7   3440.4
12   3   -392.8   449.2   3363.9
12   4   -372.0   507.1   3070.1
12   5   182.8   558.0   3405.0
12   6   375.6   408.7   3280.0
12   7   429.6   508.6   3002.1
12   8   21.2   302.2   3447.8
12   9   26.4   119.0   3443.0
12   10   -80.8   34.4   3464.9
12   11   -33.4   -371.5   3440.5
12   12   41.1   -740.6   3521.4
12   13   136.2   41.2   3474.5
12   14   54.8   -360.0   3469.3
12   15   -25.0   -730.5   3537.6
12   16   -375.5   497.4   3119.0
12   17   420.6   491.9   3048.4
12   18   12.0   644.5   3396.0
13   0   6.0   754.1   3371.8
13   1   14.0   563.9   3408.4
13   2   -153.4   558.7   3439.6
13   3   -395.0   454.1   3364.4
13   4   -390.1   511.0   3071.8
13   5   182.6   559.2   3404.1
13   6   376.6   411.8   3278.8
13   7   446.0   510.0   3006.1
13   8   21.2   303.7   3449.2
13   9   26.3   120.3   3443.3
13   10   -80.7   36.8   3463.8
13   11   -34.7   -369.8   3446.1
13   12   39.6   -739.5   3522.3
13   13   135.9   43.3   3472.8
13   14   54.8   -358.4   3471.4
13   15   -23.3   -729.6   3535.3
13   16   -390.9   501.6   3120.6
13   17   434.5   493.6   3051.6
13   18   11.7   645.4   3395.7
14   0   5.5   756.0   3367.1
14   1   13.5   566.7   3407.4
14   2   -153.7   560.4   3435.4
14   3   -400.7   468.5   3363.4
14   4   -464.0   524.4   3094.0
14   5   182.2   563.0   3398.4
14   6   385.4   425.3   3278.5
14   7   504.1   505.3   3027.2
14   8   21.6   308.8   3452.7
14   9   26.1   124.5   3444.1
14   10   -79.6   42.2   3461.6
14   11   -37.0   -366.3   3455.2
14   12   29.3   -737.8   3522.5
14   13   134.1   47.8   3469.7
14   14   52.2   -355.0   3474.4
14   15   -16.5   -728.0   3531.3
14   16   -453.6   515.1   3138.9
14   17   484.5   491.9   3069.1
14   18   11.0   647.9   3393.1
15   0   4.9   759.1   3359.0
15   1   13.1   570.3   3404.4
15   2   -153.5   562.7   3430.5
15   3   -407.3   488.5   3362.9
15   4   -566.1   540.6   3150.7
15   5   181.7   567.5   3390.8
15   6   399.0   445.3   3280.4
15   7   586.5   499.4   3076.3
15   8   22.1   316.3   3456.3
15   9   25.9   130.2   3445.3
15   10   -77.8   47.5   3459.8
15   11   -40.1   -364.5   3463.5
15   12   26.0   -736.3   3522.1
15   13   132.0   52.5   3467.0
15   14   46.7   -352.4   3478.3
15   15   -15.4   -726.5   3525.1
15   16   -539.9   531.9   3186.0
15   17   555.4   490.3   3110.3
15   18   10.2   651.0   3387.9
16   0   4.3   762.5   3350.6
16   1   12.9   573.3   3400.2
16   2   -153.4   565.7   3425.4
16   3   -413.3   507.0   3364.7
16   4   -651.8   551.8   3232.9
16   5   181.6   571.4   3382.2
16   6   412.1   461.9   3285.5
16   7   655.0   495.3   3133.7
16   8   22.7   323.0   3457.9
16   9   25.8   134.9   3446.4
16   10   -77.1   50.7   3459.0
16   11   -42.4   -364.9   3469.2
16   12   21.1   -735.5   3523.3
16   13   131.0   55.4   3465.9
16   14   50.0   -353.7   3480.8
16   15   -8.2   -727.0   3520.1
16   16   -612.2   544.2   3254.8
16   17   614.7   489.6   3159.0
16   18   9.8   653.6   3381.6
17   0   3.9   765.3   3342.6
17   1   13.0   575.4   3395.0
17   2   -154.0   569.0   3418.7
17   3   -419.4   518.7   3377.1
17   4   -702.1   559.6   3311.6
17   5   181.9   574.6   3375.1
17   6   421.6   469.2   3296.4
17   7   699.9   495.8   3197.1
17   8   23.2   328.2   3457.8
17   9   25.7   138.2   3446.9
17   10   -77.1   52.0   3458.4
17   11   -43.4   -367.0   3471.9
17   12   16.3   -736.5   3524.3
17   13   131.0   56.5   3465.4
17   14   48.4   -355.5   3481.9
17   15   -9.6   -727.1   3519.3
17   16   -655.0   552.8   3322.5
17   17   653.5   491.4   3213.6
17   18   9.7   655.3   3374.7
18   0   3.7   767.8   3336.0
18   1   13.1   576.8   3389.0
18   2   -154.0   571.2   3412.5
18   3   -423.1   527.4   3402.9
18   4   -721.3   562.9   3349.1
18   5   182.0   576.3   3371.8
18   6   428.4   470.7   3318.1
18   7   719.0   499.6   3235.3
18   8   23.5   331.5   3455.0
18   9   25.7   140.1   3446.5
18   10   -77.6   52.4   3457.8
18   11   -43.0   -369.5   3473.0
18   12   16.7   -738.2   3524.8
18   13   131.2   56.8   3465.3
18   14   46.0   -357.8   3482.3
18   15   -11.3   -728.6   3519.9
18   16   -671.5   557.0   3358.1
18   17   670.5   494.8   3249.1
18   18   9.8   656.4   3367.5
19   0   3.5   770.0   3330.9
19   1   13.2   577.8   3383.1
19   2   -153.9   572.8   3407.4
19   3   -423.2   530.6   3425.7
19   4   -714.6   573.3   3345.7
19   5   181.7   577.2   3370.5
19   6   432.4   471.2   3343.8
19   7   721.9   504.3   3254.6
19   8   23.7   333.4   3449.5
19   9   25.7   140.8   3445.3
19   10   -78.2   52.8   3456.8
19   11   -42.3   -370.7   3473.3
19   12   20.7   -738.1   3526.8
19   13   131.6   56.9   3465.3
19   14   49.9   -360.1   3482.5
19   15   -14.9   -728.7   3524.4
19   16   -666.0   566.2   3359.0
19   17   673.6   498.8   3269.5
19   18   9.8   657.4   3361.4
20   0   3.4   771.7   3327.2
20   1   13.3   578.5   3378.5
20   2   -153.4   574.1   3405.6
20   3   -421.5   530.8   3441.9
20   4   -703.9   588.5   3345.3
20   5   181.4   577.6   3370.2
20   6   434.5   472.8   3359.8
20   7   722.2   512.4   3270.0
20   8   23.8   334.1   3443.3
20   9   25.8   140.8   3443.8
20   10   -78.9   53.3   3455.8
20   11   -42.3   -372.1   3473.1
20   12   28.1   -737.6   3527.5
20   13   131.9   57.0   3465.2
20   14   48.0   -361.5   3482.4
20   15   -14.4   -730.0   3525.4
20   16   -656.8   578.8   3361.4
20   17   674.3   505.8   3285.0
20   18   9.9   658.3   3357.4
21   0   3.3   773.2   3324.6
21   1   13.4   579.4   3375.8
21   2   -152.9   575.2   3405.0
21   3   -420.1   529.9   3448.8
21   4   -711.7   577.9   3407.9
21   5   181.0   577.9   3370.3
21   6   435.7   475.4   3371.2
21   7   720.1   526.0   3280.7
21   8   23.8   334.8   3439.3
21   9   25.9   140.9   3442.4
21   10   -79.5   54.0   3454.7
21   11   -42.2   -372.7   3472.8
21   12   23.1   -739.1   3527.9
21   13   132.1   57.4   3465.1
21   14   47.0   -362.4   3482.4
21   15   -13.6   -731.3   3525.5
21   16   -663.1   569.8   3414.7
21   17   672.6   517.6   3295.8
21   18   10.0   659.2   3355.0
22   0   3.3   774.3   3323.2
22   1   13.4   580.0   3374.4
22   2   -152.7   576.1   3405.2
22   3   -419.2   529.2   3451.8
22   4   -714.6   571.3   3453.4
22   5   180.8   578.1   3370.5
22   6   436.3   477.5   3374.6
22   7   715.8   539.2   3279.6
22   8   23.8   335.4   3437.3
22   9   25.9   141.0   3441.2
22   10   -80.2   55.0   3453.7
22   11   -41.9   -372.5   3472.1
22   12   10.3   -741.3   3528.4
22   13   132.4   58.0   3465.1
22   14   45.9   -362.5   3482.3
22   15   -12.6   -732.3   3525.0
22   16   -665.3   564.2   3453.1
22   17   669.2   528.9   3295.4
22   18   10.0   659.8   3353.8
23   0   3.2   775.0   3322.3
23   1   13.4   580.5   3373.8
23   2   -152.6   576.8   3405.4
23   3   -418.6   528.8   3453.1
23   4   -715.1   568.9   3476.9
23   5   180.6   578.3   3370.7
23   6   436.8   479.7   3374.2
23   7   712.2   546.1   3272.5
23   8   23.7   335.9   3436.5
23   9   26.0   141.1   3440.4
23   10   -80.8   56.2   3452.7
23   11   -42.0   -372.1   3471.3
23   12   10.3   -741.4   3528.4
23   13   132.7   58.9   3465.3
23   14   45.4   -362.3   3482.2
23   15   -12.1   -732.8   3524.7
23   16   -665.7   562.2   3473.0
23   17   666.3   535.0   3289.5
23   18   10.0   660.3   3353.3
24   0   3.2   775.6   3322.0
24   1   13.4   580.8   3373.7
24   2   -152.6   577.1   3405.6
24   3   -418.2   528.6   3453.7
24   4   -715.4   568.4   3481.4
24   5   180.6   578.4   3370.8
24   6   437.0   481.0   3373.3
24   7   709.9   547.4   3266.1
24   8   23.7   336.2   3436.5
24   9   26.1   141.1   3440.0
24   10   -80.7   56.5   3452.5
24   11   -43.5   -372.8   3472.3
24   12   21.8   -739.5   3527.9
24   13   132.7   59.3   3465.6
24   14   45.3   -362.7   3482.2
24   15   -12.0   -733.0   3523.8
24   16   -665.8   561.7   3476.8
24   17   664.5   536.4   3284.0
24   18   10.0   660.7   3353.2
25   0   3.1   776.0   3321.9
25   1   13.4   581.0   3373.7
25   2   -152.5   577.1   3405.8
25   3   -417.9   528.4   3454.4
25   4   -713.6   579.4   3464.0
25   5   180.6   578.5   3370.9
25   6   437.2   482.0   3372.4
25   7   708.6   547.0   3260.8
25   8   23.6   336.4   3436.8
25   9   26.2   141.1   3439.8
25   10   -80.6   56.7   3452.6
25   11   -43.7   -373.5   3474.8
25   12   18.8   -740.4   3528.0
25   13   132.8   59.7   3466.0
25   14   45.2   -363.5   3482.2
25   15   -11.9   -732.9   3523.3
25   16   -664.3   570.9   3462.4
25   17   663.3   536.2   3279.4
25   18   10.0   660.9   3353.2
26   0   3.1   776.4   3321.9
26   1   13.3   581.2   3373.9
26   2   -152.4   576.9   3405.9
26   3   -417.8   528.3   3454.2
26   4   -714.2   576.4   3460.0
26   5   180.7   578.6   3370.9
26   6   437.5   482.8   3371.5
26   7   706.8   546.0   3254.7
26   8   23.5   336.5   3437.3
26   9   26.3   141.0   3439.8
26   10   -80.3   56.8   3453.0
26   11   -43.6   -374.4   3476.7
26   12   16.8   -740.8   3528.0
26   13   132.7   59.9   3466.7
26   14   45.3   -364.3   3482.2
26   15   -11.7   -732.7   3523.1
26   16   -664.8   568.4   3459.0
26   17   661.9   535.5   3274.2
26   18   10.0   661.0   3353.2
27   0   3.0   776.7   3322.0
27   1   13.3   581.4   3374.1
27   2   -152.4   576.8   3406.1
27   3   -417.9   528.3   3453.6
27   4   -714.9   572.4   3459.1
27   5   180.8   578.7   3371.0
27   6   437.8   483.8   3370.8
27   7   705.8   545.1   3249.9
27   8   23.4   336.6   3437.9
27   9   26.4   141.0   3439.8
27   10   -80.1   56.9   3453.5
27   11   -43.1   -375.1   3477.4
27   12   16.7   -740.7   3528.1
27   13   132.7   60.2   3467.5
27   14   45.3   -364.9   3482.4
27   15   -11.6   -732.2   3523.2
27   16   -665.4   565.0   3458.2
27   17   661.1   534.9   3270.1
27   18   10.0   661.2   3353.3
28   0   2.9   776.9   3322.0
28   1   13.3   581.6   3374.3
28   2   -152.4   576.8   3406.2
28   3   -418.0   528.4   3453.2
28   4   -715.4   569.6   3459.4
28   5   180.8   578.7   3371.0
28   6   438.0   484.3   3370.3
28   7   705.4   544.8   3247.8
28   8   23.3   336.7   3438.5
28   9   26.4   141.0   3439.9
28   10   -79.9   56.9   3454.2
28   11   -42.6   -375.7   3477.6
28   12   16.8   -740.5   3528.1
28   13   132.6   60.5   3468.4
28   14   45.3   -365.3   3482.7
28   15   -11.7   -731.7   3523.3
28   16   -665.8   562.7   3458.3
28   17   660.9   534.7   3268.2
28   18   10.0   661.4   3353.3
29   0   1.8   777.0   3322.1
29   1   13.3   581.7   3374.4
29   2   -152.4   576.7   3406.3
29   3   -418.1   528.5   3452.8
29   4   -715.6   569.1   3457.1
29   5   181.0   578.8   3371.1
29   6   438.3   484.7   3368.8
29   7   706.2   544.6   3247.1
29   8   23.3   336.7   3439.2
29   9   26.4   140.8   3440.0
29   10   -79.8   57.0   3454.9
29   11   -42.4   -376.5   3476.8
29   12   16.6   -740.6   3528.1
29   13   132.5   60.9   3469.6
29   14   45.5   -365.7   3483.0
29   15   -11.8   -731.5   3523.2
29   16   -666.0   562.3   3456.4
29   17   661.6   534.7   3267.4
29   18   10.0   661.4   3353.4
30   0   0.2   776.9   3322.1
30   1   13.3   581.7   3374.6
30   2   -152.4   576.6   3406.5
30   3   -418.3   528.8   3452.5
30   4   -715.9   568.5   3452.8
30   5   181.1   578.8   3371.1
30   6   438.3   484.6   3366.0
30   7   707.6   545.0   3247.8
30   8   23.2   336.6   3439.9
30   9   26.5   140.7   3440.0
30   10   -79.7   57.1   3455.7
30   11   -42.3   -377.3   3476.7
30   12   16.5   -741.2   3527.8
30   13   132.4   61.4   3470.9
30   14   45.9   -366.3   3483.5
30   15   -12.1   -731.7   3523.1
30   16   -666.3   561.9   3452.7
30   17   662.7   534.9   3267.5
30   18   10.0   661.4   3353.4
