2   0   -28.3   469.6   3223.3
2   1   -29.8   301.7   3222.4
2   2   -176.0   289.7   3215.7
2   3   -129.3   98.4   3085.0
2   4   5.8   312.0   3029.2
2   5   112.7   279.9   3240.5
2   6   82.9   79.4   3119.1
2   7   -83.1   247.4   3013.3
2   8   -36.9   91.3   3251.2
2   9   -41.9   -72.5   3252.5
2   10   -147.5   -167.6   3265.8
2   11   -121.4   -519.5   3253.4
2   12   -61.1   -845.1   3279.9
2   13   52.3   -171.1   3291.1
2   14   25.1   -523.1   3285.2
2   15   -6.0   -852.4   3255.7
2   16   -16.7   276.4   3038.5
2   17   -55.4   219.4   3030.9
2   18   -27.4   372.2   3212.8
3   0   -28.3   471.5   3223.7
3   1   -30.1   303.6   3223.4
3   2   -175.7   290.8   3214.6
3   3   -131.2   97.7   3086.1
3   4   2.8   311.3   3028.0
3   5   112.5   282.0   3239.6
3   6   84.6   79.7   3121.0
3   7   -79.8   248.2   3013.5
3   8   -37.4   93.2   3254.9
3   9   -42.5   -71.4   3256.8
3   10   -147.1   -164.1   3266.1
3   11   -124.0   -517.2   3254.6
3   12   -63.2   -842.8   3275.9
3   13   50.4   -169.6   3292.1
3   14   26.0   -522.7   3285.0
3   15   -7.7   -851.8   3255.8
3   16   -19.5   275.7   3037.7
3   17   -52.4   220.1   3031.5
3   18   -27.7   374.0   3212.9
4   0   -28.4   477.9   3224.3
4   1   -31.1   309.9   3226.3
4   2   -174.5   294.5   3211.1
4   3   -135.2   96.8   3088.6
4   4   -5.0   310.1   3022.4
4   5   110.9   287.7   3237.6
4   6   87.9   81.1   3126.2
4   7   -71.5   250.2   3012.8
4   8   -38.5   99.8   3265.6
4   9   -44.1   -66.4   3268.3
4   10   -144.5   -154.0   3267.1
4   11   -127.7   -511.1   3259.5
4   12   -68.1   -837.2   3272.5
4   13   46.7   -161.1   3293.3
4   14   27.7   -518.2   3285.0
4   15   -9.3   -847.0   3256.4
4   16   -26.7   274.6   3033.4
4   17   -44.9   222.1   3031.7
4   18   -28.7   379.7   3213.3
5   0   -28.6   486.0   3225.0
5   1   -32.7   317.5   3229.2
5   2   -172.9   299.0   3207.6
5   3   -139.2   96.4   3091.6
5   4   -13.2   307.5   3012.4
5   5   108.1   294.7   3235.0
5   6   91.3   83.6   3131.4
5   7   -65.3   249.7   3010.0
5   8   -39.8   107.3   3277.0
5   9   -46.0   -60.8   3280.0
5   10   -142.0   -140.4   3267.4
5   11   -131.9   -501.3   3258.9
5   12   -72.8   -827.6   3271.4
5   13   42.6   -149.1   3293.5
5   14   29.1   -509.9   3284.4
5   15   -8.5   -839.1   3261.2
5   16   -34.2   272.3   3025.6
5   17   -39.2   222.0   3030.2
5   18   -30.4   386.8   3213.5
6   0   -29.0   491.1   3225.3
6   1   -34.0   322.0   3230.6
6   2   -171.7   301.5   3205.5
6   3   -141.1   95.9   3093.4
6   4   -18.1   306.0   3006.1
6   5   105.7   299.4   3232.2
6   6   93.7   84.6   3134.9
6   7   -62.8   246.6   3007.7
6   8   -40.7   110.5   3283.0
6   9   -47.4   -60.6   3285.4
6   10   -140.9   -133.3   3267.5
6   11   -134.5   -497.4   3260.1
6   12   -74.7   -823.7   3274.8
6   13   40.5   -141.9   3292.7
6   14   30.0   -506.0   3283.9
6   15   -8.2   -835.3   3263.9
6   16   -38.6   271.0   3020.6
6   17   -36.7   219.6   3028.9
6   18   -31.8   391.1   3213.6
7   0   -29.4   493.4   3225.3
7   1   -34.7   323.7   3230.7
7   2   -170.4   302.2   3204.4
7   3   -141.7   95.4   3093.7
7   4   -20.8   305.9   3004.1
7   5   104.2   301.9   3229.3
7   6   95.5   84.4   3137.4
7   7   -63.5   240.5   3005.9
7   8   -41.0   109.7   3284.3
7   9   -48.2   -63.8   3284.3
7   10   -141.5   -131.7   3267.3
7   11   -135.8   -499.2   3262.1
7   12   -74.7   -825.3   3276.6
7   13   40.4   -139.5   3291.3
7   14   30.3   -506.8   3283.7
7   15   -8.6   -836.1   3264.9
7   16   -40.9   270.9   3019.1
7   17   -37.0   214.5   3027.8
7   18   -32.7   392.7   3213.5
8   0   -29.6   494.1   3225.1
8   1   -35.0   323.7   3230.2
8   2   -169.5   302.6   3204.3
8   3   -143.1   95.0   3094.6
8   4   -22.1   305.2   3004.1
8   5   103.3   303.2   3228.0
8   6   98.1   84.3   3138.9
8   7   -63.3   237.8   3006.9
8   8   -41.0   109.2   3282.7
8   9   -48.3   -65.5   3280.9
8   10   -143.5   -131.9   3267.1
8   11   -136.2   -501.8   3262.6
8   12   -74.3   -827.8   3277.5
8   13   41.5   -139.3   3291.4
8   14   30.3   -509.1   3283.7
8   15   -9.2   -838.4   3265.0
8   16   -42.3   270.2   3019.2
8   17   -36.4   212.2   3028.9
8   18   -33.0   392.8   3213.3
9   0   -29.6   493.9   3224.9
9   1   -35.0   322.9   3229.5
9   2   -168.9   303.0   3204.4
9   3   -156.4   94.1   3095.2
9   4   -26.0   299.0   3006.2
9   5   102.7   303.8   3227.4
9   6   109.5   84.7   3139.6
9   7   -56.5   236.8   3012.0
9   8   -40.8   109.0   3280.1
9   9   -48.3   -66.4   3277.2
9   10   -145.3   -133.0   3267.0
9   11   -136.2   -505.1   3262.9
9   12   -73.8   -831.0   3277.6
9   13   42.7   -140.0   3291.9
9   14   30.2   -512.0   3283.8
9   15   -10.0   -841.1   3264.4
9   16   -47.7   264.9   3021.1
9   17   -28.9   211.4   3033.3
9   18   -33.1   392.2   3213.1
10   0   -29.5   493.3   3224.7
10   1   -35.0   321.9   3228.9
10   2   -168.6   303.4   3204.5
10   3   -196.6   101.3   3091.0
10   4   -46.2   291.6   3009.5
10   5   102.3   304.2   3227.3
10   6   151.5   93.3   3140.5
10   7   -17.9   241.2   3016.6
10   8   -40.8   106.8   3278.3
10   9   -48.3   -68.7   3273.6
10   10   -145.5   -133.3   3267.1
10   11   -136.0   -506.5   3262.8
10   12   -73.7   -832.4   3277.0
10   13   42.5   -139.8   3291.2
10   14   30.2   -512.8   3283.9
10   15   -10.5   -841.8   3264.0
10   16   -71.3   259.9   3023.1
10   17   10.4   216.5   3037.3
10   18   -33.1   391.3   3212.9
11   0   -29.4   492.6   3224.6
11   1   -35.0   320.9   3228.3
11   2   -168.4   303.8   3206.1
11   3   -253.8   142.5   3070.9
11   4   -76.1   311.4   3004.2
11   5   101.9   304.3   3227.2
11   6   210.3   131.0   3126.8
11   7   32.5   272.5   3009.0
11   8   -40.9   104.2   3276.4
11   9   -48.4   -71.2   3270.3
11   10   -144.9   -133.2   3267.2
11   11   -135.8   -507.5   3262.8
11   12   -74.2   -833.6   3275.9
11   13   41.5   -139.3   3289.9
11   14   30.1   -513.6   3283.9
11   15   -10.8   -842.5   3264.0
11   16   -105.7   283.2   3015.4
11   17   62.1   248.9   3028.6
11   18   -33.1   390.4   3212.8
12   0   -29.3   492.2   3224.5
12   1   -35.0   320.1   3228.0
12   2   -168.4   304.9   3211.4
12   3   -312.4   202.8   3072.3
12   4   -90.4   279.0   3024.3
12   5   101.0   304.9   3232.0
12   6   260.5   210.1   3111.6
12   7   107.9   330.6   2952.8
12   8   -41.0   102.1   3273.6
12   9   -48.6   -73.2   3266.6
12   10   -144.0   -131.7   3267.1
12   11   -135.8   -506.9   3262.8
12   12   -75.8   -833.3   3275.4
12   13   40.0   -138.1   3287.3
12   14   30.0   -513.3   3284.0
12   15   -10.0   -842.4   3264.7
12   16   -127.4   266.3   3032.3
12   17   133.3   310.6   2979.2
12   18   -33.0   389.8   3213.4
13   0   -29.2   492.7   3224.4
13   1   -35.0   320.2   3228.0
13   2   -169.8   309.4   3214.2
13   3   -355.0   273.8   3086.7
13   4   -245.1   340.7   2933.6
13   5   102.6   311.0   3237.8
13   6   300.9   285.0   3132.4
13   7   208.2   382.7   2927.2
13   8   -41.1   101.7   3270.5
13   9   -48.8   -73.6   3263.8
13   10   -142.7   -127.3   3266.8
13   11   -135.6   -502.2   3262.7
13   12   -78.9   -829.2   3275.0
13   13   38.0   -134.8   3283.9
13   14   30.0   -509.8   3283.8
13   15   -8.5   -839.1   3266.3
13   16   -262.9   329.5   2959.1
13   17   223.5   366.4   2961.4
13   18   -33.0   390.0   3214.4
14   0   -29.1   495.5   3221.2
14   1   -34.9   322.5   3228.1
14   2   -172.0   318.1   3214.8
14   3   -368.1   346.6   3091.9
14   4   -396.3   442.0   2918.5
14   5   107.7   327.5   3241.1
14   6   323.9   351.9   3153.4
14   7   356.2   468.5   2961.3
14   8   -40.9   103.8   3268.3
14   9   -48.3   -71.7   3261.9
14   10   -142.3   -117.8   3265.7
14   11   -135.5   -491.8   3262.1
14   12   -82.6   -819.3   3274.5
14   13   37.9   -128.2   3279.6
14   14   30.1   -502.1   3283.5
14   15   -8.3   -831.5   3267.6
14   16   -391.3   426.0   2947.4
14   17   350.9   449.1   2993.3
14   18   -33.0   392.5   3215.2
15   0   -30.8   500.9   3215.9
15   1   -34.8   327.6   3228.1
15   2   -175.3   333.5   3211.2
15   3   -364.4   407.1   3086.3
15   4   -493.8   532.7   2954.4
15   5   109.8   339.8   3241.8
15   6   322.3   405.5   3153.3
15   7   458.0   545.4   3049.1
15   8   -40.6   108.2   3266.8
15   9   -47.2   -68.0   3260.8
15   10   -141.7   -108.6   3263.7
15   11   -135.7   -483.5   3261.4
15   12   -84.1   -811.3   3274.0
15   13   40.0   -119.5   3276.1
15   14   30.4   -494.3   3282.9
15   15   -8.2   -823.8   3268.2
15   16   -472.3   511.7   2976.4
15   17   435.7   522.1   3066.5
15   18   -33.0   397.6   3215.7
16   0   -33.3   507.7   3207.5
16   1   -34.8   334.6   3227.4
16   2   -175.2   343.8   3206.4
16   3   -357.9   449.4   3090.9
16   4   -531.7   604.5   2998.8
16   5   109.9   349.8   3240.4
16   6   321.8   445.6   3181.1
16   7   502.1   607.2   3121.9
16   8   -40.3   114.0   3264.6
16   9   -46.3   -63.4   3259.7
16   10   -139.9   -103.4   3260.0
16   11   -135.8   -476.4   3260.4
16   12   -84.2   -804.1   3273.5
16   13   41.6   -112.6   3272.1
16   14   30.7   -485.3   3281.9
16   15   -7.5   -814.8   3268.7
16   16   -502.8   578.7   3014.1
16   17   472.2   580.3   3131.8
16   18   -33.0   404.8   3215.5
17   0   -36.2   514.7   3198.7
17   1   -34.7   342.3   3224.9
17   2   -174.1   352.2   3200.7
17   3   -353.3   481.2   3105.8
17   4   -533.4   658.9   3029.6
17   5   108.2   356.3   3238.5
17   6   319.1   466.8   3210.3
17   7   508.8   645.8   3168.5
17   8   -40.2   120.1   3260.4
17   9   -45.4   -58.6   3258.5
17   10   -137.8   -100.4   3254.2
17   11   -135.7   -470.3   3258.8
17   12   -84.5   -798.0   3273.2
17   13   41.8   -109.0   3268.7
17   14   30.8   -478.5   3280.7
17   15   -6.7   -808.1   3268.7
17   16   -503.4   629.3   3042.3
17   17   477.2   616.0   3175.5
17   18   -33.0   412.5   3213.7
18   0   -39.6   520.9   3193.4
18   1   -34.8   348.7   3221.3
18   2   -173.1   358.9   3197.8
18   3   -349.4   497.7   3112.5
18   4   -520.5   688.5   3039.5
18   5   106.0   361.6   3238.0
18   6   317.2   474.4   3226.2
18   7   499.3   665.3   3188.5
18   8   -40.1   125.1   3254.4
18   9   -44.6   -54.6   3256.2
18   10   -135.3   -98.1   3246.9
18   11   -135.6   -468.4   3257.1
18   12   -83.6   -795.8   3273.2
18   13   41.2   -106.5   3264.5
18   14   30.7   -476.5   3279.2
18   15   -6.2   -806.2   3268.2
18   16   -492.0   656.7   3051.7
18   17   468.9   633.5   3194.8
18   18   -33.1   419.1   3210.8
19   0   -42.3   525.8   3191.9
19   1   -34.8   353.5   3217.9
19   2   -171.7   362.3   3197.3
19   3   -344.8   505.4   3115.4
19   4   -509.5   697.0   3037.1
19   5   103.3   364.0   3238.3
19   6   314.7   475.0   3233.5
19   7   480.3   676.5   3192.1
19   8   -40.0   128.8   3249.4
19   9   -44.0   -51.7   3253.1
19   10   -134.2   -97.3   3244.2
19   11   -135.5   -466.0   3255.0
19   12   -83.6   -793.3   3273.2
19   13   40.7   -105.6   3263.1
19   14   30.7   -474.0   3277.5
19   15   -5.5   -803.8   3267.7
19   16   -482.1   665.0   3050.1
19   17   452.6   642.9   3199.0
19   18   -33.2   423.9   3208.0
20   0   -44.0   528.2   3194.2
20   1   -34.9   355.5   3216.0
20   2   -170.7   363.3   3198.0
20   3   -342.6   505.2   3114.8
20   4   -500.3   697.2   3030.8
20   5   101.1   364.6   3239.2
20   6   312.1   474.3   3235.0
20   7   465.3   681.6   3188.5
20   8   -40.0   130.1   3246.3
20   9   -43.6   -51.2   3249.1
20   10   -133.9   -97.3   3242.9
20   11   -135.5   -463.6   3253.0
20   12   -84.1   -790.8   3273.1
20   13   40.4   -105.4   3262.4
20   14   30.5   -471.5   3275.1
20   15   -4.8   -801.3   3267.8
20   16   -474.0   665.2   3044.8
20   17   439.8   647.0   3196.2
20   18   -33.3   425.9   3206.5
21   0   -45.2   529.1   3200.0
21   1   -34.9   355.9   3215.3
21   2   -169.9   363.3   3199.1
21   3   -340.1   502.6   3111.0
21   4   -495.0   692.9   3023.0
21   5   99.4   364.3   3240.6
21   6   309.6   473.6   3233.5
21   7   461.2   679.3   3182.5
21   8   -40.0   130.0   3244.7
21   9   -43.4   -51.8   3245.9
21   10   -133.8   -97.6   3242.1
21   11   -135.4   -461.4   3252.1
21   12   -85.0   -788.6   3272.9
21   13   40.4   -105.6   3262.1
21   14   30.4   -469.2   3273.7
21   15   -4.1   -799.1   3268.8
21   16   -469.2   661.2   3037.7
21   17   435.9   645.1   3191.0
21   18   -33.4   426.4   3206.1
22   0   -45.9   528.8   3208.7
22   1   -35.0   355.7   3215.2
22   2   -169.3   362.9   3200.4
22   3   -337.3   498.8   3104.9
22   4   -491.7   687.3   3016.0
22   5   98.0   363.8   3242.7
22   6   307.1   473.4   3230.4
22   7   459.2   675.5   3173.4
22   8   -40.0   129.5   3244.0
22   9   -43.1   -52.8   3244.2
22   10   -133.9   -97.9   3241.6
22   11   -135.4   -459.3   3251.6
22   12   -86.1   -786.7   3272.6
22   13   40.6   -106.0   3262.1
22   14   30.2   -467.2   3273.1
22   15   -4.4   -797.1   3270.6
22   16   -466.0   655.9   3030.8
22   17   433.8   641.8   3182.9
22   18   -33.5   426.2   3206.3
23   0   -46.2   527.7   3217.6
23   1   -35.1   355.2   3215.5
23   2   -168.9   362.4   3201.1
23   3   -334.8   495.2   3098.6
23   4   -490.1   681.3   3010.3
23   5   96.6   363.2   3245.4
23   6   304.4   473.3   3225.9
23   7   458.0   670.6   3163.1
23   8   -40.0   128.9   3243.8
23   9   -42.9   -53.8   3243.6
23   10   -134.1   -98.0   3241.6
23   11   -135.5   -457.6   3251.5
23   12   -86.7   -784.9   3272.2
23   13   40.8   -106.3   3262.4
23   14   30.0   -465.6   3273.0
23   15   -4.1   -795.5   3271.9
23   16   -464.2   650.2   3025.0
23   17   432.4   637.7   3173.5
23   18   -33.6   425.7   3206.7
24   0   -46.1   526.5   3224.2
24   1   -35.3   354.6   3216.3
24   2   -168.6   361.9   3201.4
24   3   -333.7   493.0   3095.7
24   4   -488.9   675.0   3002.9
24   5   95.3   362.7   3247.8
24   6   302.1   472.3   3219.4
24   7   458.2   666.0   3156.8
24   8   -40.0   128.8   3245.2
24   9   -42.9   -54.2   3243.7
24   10   -134.4   -98.1   3241.7
24   11   -135.5   -456.1   3251.4
24   12   -87.0   -783.4   3272.9
24   13   41.1   -106.5   3263.1
24   14   29.8   -464.3   3273.2
24   15   -3.8   -794.1   3267.7
24   16   -463.1   644.7   3018.4
24   17   432.2   633.7   3167.2
24   18   -33.8   425.1   3207.3
25   0   -45.9   525.5   3227.8
25   1   -35.4   354.1   3217.5
25   2   -168.4   361.4   3201.5
25   3   -333.3   491.4   3094.2
25   4   -487.9   670.5   2997.7
25   5   94.2   362.4   3250.2
25   6   299.9   470.5   3211.1
25   7   458.9   662.0   3153.3
25   8   -40.0   129.3   3248.4
25   9   -42.8   -54.0   3244.2
25   10   -134.8   -98.0   3241.9
25   11   -135.6   -458.2   3252.1
25   12   -86.7   -785.3   3274.3
25   13   41.3   -106.7   3263.9
25   14   29.4   -466.6   3273.7
25   15   -3.8   -796.4   3267.5
25   16   -462.1   640.7   3013.8
25   17   432.4   630.0   3163.0
25   18   -34.0   424.5   3207.8
26   0   -45.5   524.9   3229.2
26   1   -35.6   353.7   3219.2
26   2   -168.1   360.7   3201.5
26   3   -332.9   490.0   3093.3
26   4   -486.8   668.2   2995.8
26   5   93.8   361.9   3250.0
26   6   298.8   469.0   3204.6
26   7   459.5   659.1   3149.8
26   8   -39.9   130.6   3253.4
26   9   -42.8   -52.9   3245.9
26   10   -135.1   -98.2   3242.0
26   11   -135.6   -458.5   3251.8
26   12   -87.0   -785.5   3275.4
26   13   41.8   -107.1   3265.4
26   14   29.9   -467.3   3273.7
26   15   -3.9   -796.9   3265.5
26   16   -461.1   638.5   3012.1
26   17   432.7   627.4   3158.9
26   18   -34.2   423.9   3208.4
27   0   -45.1   524.4   3229.5
27   1   -35.9   353.4   3220.8
27   2   -167.9   359.9   3201.5
27   3   -332.6   488.6   3092.5
27   4   -485.6   667.0   2994.6
27   5   93.7   361.3   3248.4
27   6   298.3   467.9   3199.8
27   7   460.1   656.8   3145.7
27   8   -39.9   132.1   3258.3
27   9   -42.8   -51.8   3249.2
27   10   -135.4   -98.4   3242.2
27   11   -135.7   -457.9   3251.7
27   12   -87.2   -784.8   3275.8
27   13   42.4   -107.7   3267.7
27   14   29.9   -467.0   3274.0
27   15   -3.8   -796.4   3262.8
27   16   -460.1   637.3   3011.0
27   17   433.1   625.3   3154.7
27   18   -34.6   423.4   3208.9
28   0   -44.7   524.0   3229.2
28   1   -36.2   352.9   3222.1
28   2   -167.7   358.8   3201.5
28   3   -331.9   487.0   3091.4
28   4   -484.3   665.9   2993.1
28   5   93.8   360.6   3245.2
28   6   298.2   466.7   3195.0
28   7   462.1   655.0   3144.3
28   8   -39.8   133.5   3261.8
28   9   -42.7   -51.0   3253.7
28   10   -135.6   -98.5   3242.5
28   11   -135.7   -456.8   3251.8
28   12   -87.4   -783.6   3275.8
28   13   43.0   -108.3   3271.0
28   14   30.0   -466.5   3274.4
28   15   -3.4   -795.6   3258.3
28   16   -458.9   636.1   3009.5
28   17   434.8   623.6   3152.7
28   18   -35.0   422.8   3209.4
29   0   -44.3   523.6   3228.8
29   1   -36.6   352.4   3222.9
29   2   -167.5   357.6   3201.5
29   3   -331.0   486.0   3090.5
29   4   -483.3   665.0   2991.3
29   5   93.4   360.1   3243.9
29   6   297.9   465.1   3192.2
29   7   462.2   653.3   3140.8
29   8   -39.8   134.4   3263.6
29   9   -42.7   -50.6   3257.0
29   10   -135.6   -98.3   3242.7
29   11   -135.7   -455.3   3252.3
29   12   -87.5   -782.1   3275.6
29   13   43.6   -108.6   3272.4
29   14   30.1   -465.4   3274.6
29   15   -2.8   -794.2   3252.7
29   16   -457.9   635.1   3007.9
29   17   434.9   621.9   3149.3
29   18   -35.6   422.2   3209.9
30   0   -44.0   523.2   3228.2
30   1   -37.0   351.9   3223.5
30   2   -167.5   356.3   3201.5
30   3   -329.8   485.1   3089.5
30   4   -482.8   664.5   2991.4
30   5   92.9   359.6   3243.2
30   6   297.9   463.4   3191.4
30   7   461.9   652.1   3139.3
30   8   -39.8   134.7   3264.2
30   9   -42.7   -50.5   3259.0
30   10   -135.6   -97.9   3242.7
30   11   -135.7   -457.1   3252.9
30   12   -87.2   -783.8   3276.1
30   13   43.9   -108.5   3272.8
30   14   29.9   -467.6   3274.7
30   15   -2.7   -796.6   3257.9
30   16   -457.3   634.6   3007.7
30   17   434.6   620.7   3148.0
30   18   -36.2   421.6   3210.4
31   0   -43.8   522.9   3226.8
31   1   -37.5   351.3   3223.7
31   2   -167.8   355.4   3201.5
31   3   -328.8   484.6   3088.2
31   4   -482.6   664.7   2991.9
31   5   92.3   359.2   3242.9
31   6   297.9   461.6   3191.0
31   7   461.5   651.0   3138.9
31   8   -39.7   134.6   3264.3
31   9   -42.7   -50.6   3260.1
31   10   -135.4   -97.6   3242.8
31   11   -135.7   -457.0   3252.7
31   12   -87.1   -783.4   3278.5
31   13   44.0   -108.4   3273.0
31   14   29.9   -467.7   3274.7
31   15   -2.8   -796.7   3273.7
31   16   -456.9   634.6   3007.9
31   17   434.2   619.4   3147.6
31   18   -36.8   421.0   3210.7
32   0   -43.6   522.9   3224.6
32   1   -38.0   350.9   3223.8
32   2   -168.3   355.0   3201.5
32   3   -327.9   484.2   3086.6
32   4   -482.3   665.4   2992.8
32   5   91.8   359.2   3242.8
32   6   298.1   459.9   3190.7
32   7   461.4   649.9   3138.8
32   8   -39.7   134.3   3264.1
32   9   -42.7   -50.7   3260.5
32   10   -135.2   -97.4   3242.9
32   11   -135.7   -456.0   3252.9
32   12   -87.1   -781.7   3284.3
32   13   43.9   -108.3   3273.3
32   14   30.0   -466.7   3274.8
32   15   -3.4   -795.7   3279.4
32   16   -456.6   635.2   3008.4
32   17   434.2   618.2   3147.5
32   18   -37.5   420.6   3210.9
33   0   -43.4   523.1   3220.7
33   1   -38.5   350.7   3223.9
33   2   -168.8   354.7   3201.5
33   3   -327.2   484.1   3085.2
33   4   -482.0   666.6   2993.7
33   5   91.3   359.3   3242.5
33   6   298.5   458.0   3190.4
33   7   461.6   648.8   3138.8
33   8   -39.7   134.1   3263.9
33   9   -42.7   -50.7   3260.6
33   10   -135.0   -97.1   3243.1
33   11   -135.7   -454.5   3252.9
33   12   -87.3   -778.9   3294.3
33   13   43.7   -108.0   3273.6
33   14   30.0   -465.3   3274.8
33   15   -3.2   -794.3   3275.9
33   16   -456.2   636.2   3008.9
33   17   434.4   617.0   3147.4
33   18   -38.1   420.4   3211.0
34   0   -43.2   523.4   3214.4
34   1   -39.0   350.6   3223.8
34   2   -169.3   354.5   3201.4
34   3   -326.4   484.0   3083.6
34   4   -481.4   668.2   2994.7
34   5   91.0   359.6   3242.1
34   6   298.7   457.0   3189.9
34   7   462.8   647.6   3138.8
34   8   -39.7   133.9   3263.8
34   9   -42.7   -50.6   3260.6
34   10   -134.9   -96.8   3243.2
34   11   -135.8   -453.0   3253.0
34   12   -87.0   -776.6   3299.3
34   13   43.5   -107.7   3273.7
34   14   29.9   -463.7   3274.8
34   15   -3.4   -792.7   3276.1
34   16   -455.6   637.5   3009.5
34   17   435.4   615.9   3147.3
34   18   -38.7   420.3   3211.0
35   0   -43.0   523.3   3208.0
35   1   -39.4   350.6   3223.8
35   2   -169.9   354.3   3201.4
35   3   -325.7   484.0   3082.3
35   4   -480.3   670.8   2995.8
35   5   90.7   360.0   3241.9
35   6   298.5   456.2   3188.9
35   7   465.2   645.7   3138.4
35   8   -39.7   133.7   3263.8
35   9   -42.7   -50.5   3260.6
35   10   -134.8   -96.4   3243.3
35   11   -135.9   -454.9   3253.3
35   12   -86.1   -777.9   3302.5
35   13   43.4   -107.4   3273.6
35   14   29.4   -465.7   3274.8
35   15   -5.0   -794.4   3276.2
35   16   -454.6   639.7   3010.2
35   17   437.4   614.2   3146.8
35   18   -39.3   420.2   3211.0
36   0   -42.8   523.1   3203.4
36   1   -39.9   350.5   3223.8
36   2   -170.5   354.1   3201.3
36   3   -325.2   484.7   3081.9
36   4   -478.7   674.8   2996.8
36   5   90.4   360.1   3241.7
36   6   298.2   455.5   3187.4
36   7   469.3   643.0   3137.6
36   8   -39.7   133.5   3263.8
36   9   -42.7   -50.5   3260.6
36   10   -134.9   -95.8   3243.3
36   11   -136.0   -457.0   3253.5
36   12   -85.8   -779.6   3304.4
36   13   43.4   -106.9   3273.5
36   14   28.8   -468.0   3274.7
36   15   -4.8   -796.6   3277.8
36   16   -453.1   643.1   3011.0
36   17   440.8   611.8   3145.9
36   18   -39.9   420.2   3211.0
37   0   -42.6   522.7   3200.6
37   1   -40.2   350.4   3223.8
37   2   -171.1   353.8   3201.3
37   3   -324.6   485.8   3082.1
37   4   -477.5   679.1   2997.4
37   5   90.2   360.2   3241.6
37   6   297.8   454.7   3185.5
37   7   473.8   640.6   3136.6
37   8   -39.7   133.2   3263.8
37   9   -42.7   -50.6   3260.5
37   10   -134.9   -95.1   3243.4
37   11   -136.1   -460.0   3253.3
37   12   -85.7   -782.3   3304.8
37   13   43.4   -106.5   3273.4
37   14   28.6   -471.2   3274.6
37   15   -4.7   -799.7   3280.0
37   16   -452.0   646.9   3011.5
37   17   444.4   609.6   3144.8
37   18   -40.4   420.0   3211.0
38   0   -42.6   522.4   3199.3
38   1   -40.4   350.2   3223.8
38   2   -171.5   353.6   3201.3
38   3   -323.6   487.0   3082.0
38   4   -477.4   682.1   2997.4
38   5   90.1   360.1   3241.4
38   6   297.4   453.8   3183.0
38   7   477.2   639.0   3135.6
38   8   -39.7   132.7   3263.7
38   9   -42.7   -50.8   3260.5
38   10   -134.8   -95.0   3243.6
38   11   -136.1   -462.0   3253.0
38   12   -85.5   -784.2   3304.3
38   13   43.3   -106.3   3273.2
38   14   28.5   -473.2   3274.4
38   15   -5.1   -801.6   3281.8
38   16   -451.7   649.6   3011.5
38   17   447.3   608.1   3143.5
38   18   -40.7   419.8   3211.0
39   0   -42.5   522.1   3198.7
39   1   -40.5   350.1   3223.7
39   2   -171.7   353.5   3201.2
39   3   -322.2   488.4   3081.9
39   4   -477.6   683.9   2996.7
39   5   90.2   359.9   3241.3
39   6   296.8   452.9   3179.9
39   7   479.7   637.5   3133.7
39   8   -39.7   132.3   3263.7
39   9   -42.7   -50.9   3260.5
39   10   -134.6   -94.9   3243.7
39   11   -136.1   -464.1   3252.7
39   12   -85.3   -786.1   3304.2
39   13   43.1   -106.2   3273.1
39   14   28.6   -475.3   3274.1
39   15   -5.5   -803.4   3282.7
39   16   -451.7   651.3   3010.9
39   17   449.2   606.7   3141.4
39   18   -40.7   419.6   3211.0
40   0   -42.5   521.9   3198.6
40   1   -40.4   350.0   3223.7
40   2   -171.8   353.4   3201.2
40   3   -320.5   490.0   3081.6
40   4   -477.5   684.9   2995.7
40   5   90.4   359.7   3241.2
40   6   296.3   452.0   3176.8
40   7   482.6   634.1   3130.3
40   8   -39.7   132.0   3263.6
40   9   -42.7   -51.0   3260.4
40   10   -134.5   -94.8   3243.7
40   11   -136.0   -465.4   3252.6
40   12   -84.9   -787.1   3304.4
40   13   42.9   -106.3   3272.9
40   14   28.3   -476.6   3273.8
40   15   -5.6   -804.6   3283.3
40   16   -451.4   652.5   3010.0
40   17   451.6   603.8   3138.1
40   18   -40.7   419.5   3211.0
41   0   -42.5   521.7   3198.6
41   1   -40.2   349.9   3223.6
41   2   -171.6   353.5   3201.2
41   3   -318.5   491.8   3081.5
41   4   -476.5   685.9   2994.8
41   5   90.9   359.7   3241.1
41   6   296.6   451.2   3175.0
41   7   486.4   630.2   3129.2
41   8   -39.7   131.6   3263.4
41   9   -42.7   -51.2   3260.4
41   10   -134.3   -94.8   3243.7
41   11   -136.0   -466.8   3252.6
41   12   -84.3   -788.3   3304.5
41   13   42.7   -106.2   3272.6
41   14   28.3   -478.0   3273.7
41   15   -5.7   -805.9   3283.8
41   16   -450.1   653.5   3009.3
41   17   454.7   600.3   3136.9
41   18   -40.3   419.4   3211.0
42   0   -42.6   521.5   3198.7
42   1   -39.8   349.7   3223.6
42   2   -171.4   353.6   3201.2
42   3   -316.3   493.6   3081.3
42   4   -474.6   686.8   2994.1
42   5   91.6   359.6   3241.0
42   6   297.3   450.3   3174.6
42   7   490.0   625.8   3129.1
42   8   -39.7   131.2   3263.1
42   9   -42.7   -51.4   3260.2
42   10   -134.2   -94.9   3243.7
42   11   -136.0   -465.0   3252.4
42   12   -84.5   -786.4   3304.0
42   13   42.5   -106.3   3272.3
42   14   28.7   -476.3   3273.6
42   15   -5.2   -804.0   3283.6
42   16   -448.2   654.6   3008.6
42   17   457.9   596.6   3136.7
42   18   -39.8   419.2   3211.0
43   0   -42.6   521.3   3198.8
43   1   -39.4   349.6   3223.5
43   2   -171.1   353.6   3201.3
43   3   -314.1   495.3   3081.2
43   4   -471.1   688.1   2993.2
43   5   92.3   359.6   3241.0
43   6   298.3   449.3   3174.3
43   7   492.1   622.5   3129.1
43   8   -39.7   130.8   3262.8
43   9   -42.7   -51.6   3260.1
43   10   -134.0   -95.1   3243.7
43   11   -135.9   -462.1   3252.3
43   12   -85.0   -783.7   3302.3
43   13   42.1   -106.9   3272.0
43   14   28.9   -473.8   3273.6
43   15   -4.4   -801.4   3283.1
43   16   -445.0   656.0   3007.8
43   17   459.8   593.6   3136.6
43   18   -39.3   419.1   3211.0
44   0   -42.5   521.2   3198.9
44   1   -38.9   349.6   3223.4
44   2   -170.7   353.8   3201.3
44   3   -312.5   496.5   3081.2
44   4   -469.0   688.1   2992.8
44   5   93.2   359.6   3240.8
44   6   299.7   447.9   3174.2
44   7   492.3   620.9   3129.3
44   8   -39.7   130.5   3262.4
44   9   -42.7   -51.8   3259.9
44   10   -133.9   -95.3   3243.7
44   11   -136.0   -462.7   3252.6
44   12   -85.0   -784.8   3298.7
44   13   41.5   -107.7   3271.6
44   14   28.8   -475.0   3273.5
44   15   -3.8   -802.6   3282.7
44   16   -442.9   656.2   3007.5
44   17   460.2   592.1   3136.8
44   18   -38.6   419.0   3211.0
45   0   -42.4   521.1   3199.0
45   1   -38.4   349.5   3223.0
45   2   -170.3   353.9   3201.3
45   3   -311.3   497.6   3081.6
45   4   -468.2   687.1   2992.8
45   5   94.2   359.7   3240.7
45   6   301.4   446.2   3174.4
45   7   491.4   620.3   3129.3
45   8   -39.7   130.0   3260.8
45   9   -42.7   -52.2   3258.8
45   10   -134.2   -95.2   3243.5
45   11   -136.0   -464.2   3252.7
45   12   -84.9   -786.9   3292.0
45   13   41.4   -107.8   3270.9
45   14   28.5   -476.7   3273.4
45   15   -3.5   -804.2   3281.8
45   16   -442.1   655.5   3007.6
45   17   459.7   591.3   3136.8
45   18   -37.9   419.0   3211.0
46   0   -41.7   521.0   3199.1
46   1   -37.8   349.3   3222.5
46   2   -169.8   354.0   3201.3
46   3   -310.3   498.3   3081.9
46   4   -467.6   685.9   2993.0
46   5   95.4   359.8   3239.7
46   6   303.8   444.2   3174.6
46   7   489.9   620.6   3129.2
46   8   -39.7   129.4   3258.8
46   9   -42.8   -52.6   3257.2
46   10   -134.3   -95.4   3243.4
46   11   -136.0   -462.9   3252.1
46   12   -85.3   -786.4   3284.5
46   13   41.2   -107.8   3270.5
46   14   28.4   -475.3   3273.2
46   15   -3.3   -802.7   3280.8
46   16   -441.4   654.6   3007.8
46   17   458.9   591.2   3136.8
46   18   -37.2   418.9   3211.0
47   0   -40.1   520.9   3199.2
47   1   -37.2   349.2   3222.0
47   2   -169.3   354.1   3201.3
47   3   -309.7   498.3   3081.9
47   4   -466.9   684.7   2993.4
47   5   96.8   360.0   3238.9
47   6   306.3   442.1   3174.9
47   7   488.0   621.3   3129.1
47   8   -39.8   128.9   3256.8
47   9   -42.8   -53.1   3255.4
47   10   -134.4   -95.5   3243.3
47   11   -136.0   -462.8   3252.2
47   12   -85.6   -787.0   3274.9
47   13   41.0   -107.6   3270.3
47   14   27.8   -474.8   3272.8
47   15   -3.3   -802.2   3279.7
47   16   -440.7   653.6   3008.1
47   17   457.7   591.5   3136.7
47   18   -36.3   418.9   3211.0
48   0   -37.4   520.9   3199.3
48   1   -36.5   349.2   3221.4
48   2   -168.8   354.3   3201.3
48   3   -309.3   497.8   3081.6
48   4   -466.1   683.7   2993.8
48   5   98.2   360.3   3237.9
48   6   308.9   440.1   3175.1
48   7   486.1   622.5   3128.9
48   8   -39.8   128.4   3254.3
48   9   -42.8   -53.5   3253.3
48   10   -134.4   -95.8   3243.3
48   11   -136.0   -464.0   3252.2
48   12   -85.8   -788.4   3271.0
48   13   40.7   -107.4   3270.1
48   14   27.3   -475.5   3272.2
48   15   -3.4   -802.8   3277.6
48   16   -440.0   652.8   3008.4
48   17   456.6   592.1   3136.6
48   18   -35.5   418.8   3211.0
49   0   -33.6   520.9   3199.4
49   1   -35.9   349.1   3220.9
49   2   -168.3   354.4   3201.3
49   3   -309.0   497.1   3080.9
49   4   -465.4   683.0   2994.3
49   5   99.4   360.2   3236.8
49   6   310.8   439.0   3175.6
49   7   485.2   623.1   3128.6
49   8   -39.8   128.0   3252.4
49   9   -42.8   -53.8   3251.5
49   10   -134.3   -96.0   3243.2
49   11   -136.0   -466.3   3252.4
49   12   -85.5   -790.7   3268.2
49   13   40.4   -107.0   3270.0
49   14   27.0   -477.2   3271.2
49   15   -3.6   -804.4   3275.0
49   16   -439.3   652.0   3008.7
49   17   456.1   592.4   3136.4
49   18   -34.7   418.8   3211.0
50   0   -28.7   520.8   3199.9
50   1   -34.4   349.1   3220.7
50   2   -166.0   353.5   3201.2
50   3   -307.7   495.3   3081.1
50   4   -463.7   681.2   2995.0
50   5   101.3   360.1   3236.2
50   6   313.0   438.6   3175.9
50   7   485.2   624.1   3128.2
50   8   -39.2   127.8   3251.8
50   9   -42.6   -54.1   3250.9
50   10   -134.0   -96.3   3243.2
50   11   -135.8   -465.1   3252.2
50   12   -85.7   -789.4   3268.1
50   13   40.3   -107.4   3269.9
50   14   27.7   -476.2   3270.8
50   15   -3.6   -803.1   3270.2
50   16   -437.7   650.2   3009.4
50   17   456.5   593.2   3136.2
50   18   -32.8   418.8   3211.0
51   0   -23.5   520.7   3200.6
51   1   -31.8   349.2   3220.7
51   2   -162.6   353.0   3201.1
51   3   -306.1   493.2   3081.5
51   4   -461.9   679.1   2995.5
51   5   103.9   359.7   3236.2
51   6   315.2   438.9   3175.7
51   7   486.1   625.2   3128.0
51   8   -38.1   127.6   3251.8
51   9   -42.3   -54.5   3250.9
51   10   -133.6   -96.7   3243.1
51   11   -135.7   -462.6   3252.3
51   12   -86.2   -786.7   3269.1
51   13   40.4   -108.2   3269.9
51   14   28.4   -474.0   3271.0
51   15   -3.6   -800.8   3268.2
51   16   -435.9   648.1   3009.9
51   17   457.6   594.2   3135.9
51   18   -29.9   418.8   3210.9
52   0   -18.8   520.7   3201.4
52   1   -28.6   349.3   3220.8
52   2   -158.7   353.2   3201.1
52   3   -304.4   491.2   3081.7
52   4   -460.1   677.0   2995.8
52   5   107.2   359.0   3236.4
52   6   317.3   440.1   3175.1
52   7   487.9   626.7   3127.6
52   8   -36.8   127.5   3252.3
52   9   -41.9   -54.9   3251.3
52   10   -133.0   -96.9   3243.1
52   11   -135.6   -462.5   3252.4
52   12   -86.2   -786.5   3269.8
52   13   40.6   -108.6   3269.9
52   14   27.8   -474.1   3271.1
52   15   -3.7   -800.8   3267.3
52   16   -434.2   646.0   3010.1
52   17   459.4   595.6   3135.5
52   18   -26.1   418.8   3210.9
53   0   -17.1   520.8   3202.2
53   1   -25.9   349.3   3220.9
53   2   -155.8   354.0   3201.1
53   3   -303.5   489.8   3082.1
53   4   -458.9   675.6   2995.5
53   5   109.6   358.1   3236.8
53   6   318.1   441.9   3174.1
53   7   489.9   627.5   3127.4
53   8   -35.4   127.4   3253.0
53   9   -41.5   -55.3   3252.3
53   10   -132.4   -97.3   3243.2
53   11   -137.4   -460.6   3235.0
53   12   -86.7   -782.4   3270.2
53   13   40.3   -110.1   3269.9
53   14   25.0   -473.3   3260.4
53   15   -3.6   -799.8   3268.6
53   16   -433.0   644.6   3010.0
53   17   461.3   596.5   3135.2
53   18   -23.0   418.8   3210.9
