2   0   -359.2   676.1   3290.2
2   1   -353.3   521.6   3300.2
2   2   -496.8   499.4   3306.1
2   3   -485.1   309.9   3195.1
2   4   -315.0   470.2   3136.6
2   5   -208.4   503.9   3320.6
2   6   -196.4   309.7   3217.9
2   7   -340.6   479.6   3126.1
2   8   -356.0   330.1   3349.9
2   9   -355.9   165.9   3356.2
2   10   -452.7   75.8   3376.9
2   11   -414.5   -248.5   3338.7
2   12   -397.0   -537.4   3447.5
2   13   -262.0   74.1   3387.9
2   14   -304.5   -251.0   3364.9
2   15   -302.8   -540.4   3474.0
2   16   -343.4   443.5   3146.3
2   17   -316.5   451.3   3141.4
2   18   -352.4   585.7   3283.6
3   0   -358.5   678.9   3291.1
3   1   -353.1   524.6   3302.8
3   2   -496.3   501.7   3303.5
3   3   -485.0   311.3   3193.9
3   4   -316.6   472.0   3133.9
3   5   -207.9   506.4   3318.2
3   6   -194.3   309.7   3222.0
3   7   -337.0   475.4   3123.5
3   8   -355.8   333.6   3355.2
3   9   -355.5   169.5   3361.4
3   10   -450.0   80.2   3376.7
3   11   -416.6   -244.8   3347.6
3   12   -394.9   -536.1   3445.3
3   13   -262.8   79.4   3387.7
3   14   -300.7   -246.0   3374.6
3   15   -304.6   -537.8   3472.4
3   16   -344.7   445.2   3143.9
3   17   -313.2   447.8   3139.9
3   18   -352.2   588.4   3285.3
4   0   -356.7   686.1   3294.0
4   1   -352.5   532.5   3310.2
4   2   -494.3   507.6   3298.7
4   3   -485.4   314.7   3193.5
4   4   -322.4   474.9   3126.8
4   5   -208.2   511.8   3311.8
4   6   -190.1   310.5   3228.1
4   7   -329.0   468.0   3118.2
4   8   -355.0   344.2   3371.0
4   9   -354.2   180.5   3375.5
4   10   -440.5   92.3   3378.3
4   11   -419.7   -233.9   3365.5
4   12   -386.1   -528.6   3442.3
4   13   -268.0   92.3   3387.7
4   14   -293.4   -233.6   3392.1
4   15   -305.3   -530.1   3469.0
4   16   -349.6   448.2   3137.9
4   17   -305.9   441.8   3136.5
4   18   -351.7   595.5   3289.9
5   0   -354.5   693.9   3297.8
5   1   -351.6   541.1   3318.6
5   2   -491.0   513.8   3294.2
5   3   -486.5   317.7   3195.3
5   4   -329.2   477.4   3120.1
5   5   -209.0   517.9   3306.7
5   6   -184.7   312.3   3235.4
5   7   -320.0   459.3   3110.9
5   8   -353.5   355.4   3388.2
5   9   -352.4   192.4   3390.1
5   10   -430.7   105.1   3380.0
5   11   -423.3   -222.3   3380.0
5   12   -380.3   -520.7   3438.8
5   13   -272.7   105.6   3387.3
5   14   -286.2   -220.6   3409.7
5   15   -308.7   -521.5   3466.1
5   16   -355.4   450.8   3132.6
5   17   -297.5   434.8   3131.6
5   18   -351.0   603.1   3295.4
6   0   -353.0   698.5   3300.6
6   1   -350.8   545.8   3322.9
6   2   -488.3   518.1   3292.1
6   3   -487.5   319.7   3197.2
6   4   -333.9   480.1   3116.2
6   5   -209.8   521.9   3303.8
6   6   -181.3   313.4   3241.5
6   7   -314.6   453.9   3106.7
6   8   -352.2   359.5   3394.4
6   9   -351.1   197.1   3396.4
6   10   -428.2   108.5   3379.6
6   11   -426.2   -219.6   3390.1
6   12   -379.6   -520.8   3437.2
6   13   -271.7   109.4   3386.3
6   14   -281.6   -216.8   3420.5
6   15   -306.9   -521.0   3463.3
6   16   -359.5   453.4   3129.7
6   17   -292.4   430.5   3129.2
6   18   -350.3   607.6   3299.2
7   0   -352.2   700.2   3302.2
7   1   -350.3   547.1   3323.8
7   2   -486.6   520.3   3291.6
7   3   -488.1   321.0   3198.6
7   4   -336.3   482.1   3114.4
7   5   -210.7   524.0   3302.7
7   6   -179.9   313.7   3246.5
7   7   -311.8   451.3   3105.9
7   8   -351.3   357.8   3392.7
7   9   -350.3   195.9   3394.9
7   10   -431.3   106.3   3378.1
7   11   -428.1   -221.9   3394.6
7   12   -381.6   -524.5   3437.1
7   13   -266.9   107.5   3385.8
7   14   -279.5   -218.4   3425.6
7   15   -303.1   -524.3   3463.0
7   16   -361.6   455.3   3128.5
7   17   -289.8   428.3   3129.3
7   18   -350.0   609.3   3301.1
8   0   -351.9   700.1   3302.9
8   1   -350.1   546.7   3323.1
8   2   -485.5   521.4   3292.0
8   3   -489.2   321.4   3200.4
8   4   -338.5   482.7   3114.7
8   5   -211.4   525.1   3302.6
8   6   -179.6   313.4   3251.5
8   7   -309.6   449.3   3107.5
8   8   -351.0   353.9   3388.5
8   9   -350.0   192.3   3390.4
8   10   -435.1   103.8   3376.8
8   11   -429.3   -224.4   3396.0
8   12   -382.3   -527.4   3437.2
8   13   -262.8   105.0   3386.2
8   14   -278.9   -220.8   3427.4
8   15   -302.1   -527.3   3462.7
8   16   -363.7   455.9   3129.0
8   17   -287.9   426.7   3131.5
8   18   -349.8   609.5   3301.8
9   0   -351.8   699.2   3303.1
9   1   -350.1   545.7   3322.1
9   2   -484.7   521.9   3292.4
9   3   -490.5   321.5   3201.7
9   4   -339.6   482.8   3115.2
9   5   -212.1   525.6   3302.9
9   6   -179.9   313.5   3253.5
9   7   -309.6   449.5   3108.5
9   8   -351.0   349.7   3384.3
9   9   -349.9   188.3   3386.1
9   10   -437.3   101.6   3376.1
9   11   -429.6   -226.6   3396.2
9   12   -381.1   -529.4   3437.4
9   13   -260.8   102.7   3386.5
9   14   -278.6   -223.1   3427.4
9   15   -305.6   -529.3   3463.1
9   16   -364.7   455.9   3129.6
9   17   -288.0   426.8   3132.7
9   18   -349.8   608.8   3302.0
10   0   -351.9   697.9   3303.2
10   1   -350.1   544.5   3321.2
10   2   -484.2   522.1   3292.7
10   3   -491.9   321.9   3201.8
10   4   -339.5   482.9   3115.9
10   5   -212.7   525.9   3303.4
10   6   -180.3   313.9   3253.8
10   7   -310.3   450.2   3108.4
10   8   -351.1   346.1   3381.2
10   9   -349.9   185.0   3383.6
10   10   -437.9   100.7   3375.9
10   11   -429.8   -227.4   3395.8
10   12   -380.6   -530.0   3437.5
10   13   -260.6   101.5   3386.8
10   14   -278.3   -224.4   3426.4
10   15   -306.5   -530.3   3463.8
10   16   -364.9   456.1   3130.2
10   17   -288.6   427.5   3132.7
10   18   -349.8   607.9   3302.0
11   0   -351.9   696.6   3303.2
11   1   -350.1   543.3   3320.4
11   2   -483.7   522.2   3292.9
11   3   -492.9   322.6   3200.8
11   4   -338.6   483.5   3116.4
11   5   -213.2   526.1   3303.9
11   6   -180.4   314.4   3253.4
11   7   -310.9   450.9   3107.8
11   8   -351.3   343.4   3378.7
11   9   -349.9   182.5   3382.2
11   10   -437.6   100.6   3375.8
11   11   -429.8   -227.5   3395.4
11   12   -380.3   -530.0   3437.6
11   13   -261.4   100.8   3387.0
11   14   -278.5   -225.2   3426.1
11   15   -303.9   -531.1   3464.0
11   16   -364.3   456.7   3130.5
11   17   -289.2   428.1   3132.1
11   18   -349.8   607.0   3301.9
12   0   -351.9   695.3   3303.1
12   1   -350.2   542.4   3320.1
12   2   -483.3   522.4   3293.0
12   3   -492.1   323.8   3198.8
12   4   -336.8   485.3   3116.0
12   5   -213.7   526.3   3304.3
12   6   -180.5   315.0   3252.4
12   7   -311.6   451.8   3106.8
12   8   -351.6   342.2   3377.9
12   9   -350.0   181.3   3381.8
12   10   -436.8   100.9   3375.9
12   11   -429.6   -227.3   3394.9
12   12   -380.1   -529.6   3437.6
12   13   -262.3   101.0   3387.1
12   14   -279.0   -224.9   3426.5
12   15   -302.5   -531.0   3463.9
12   16   -362.7   458.4   3129.8
12   17   -289.8   429.0   3131.1
12   18   -349.8   606.1   3301.8
13   0   -351.9   694.1   3303.1
13   1   -350.3   541.5   3320.0
13   2   -482.9   522.5   3293.1
13   3   -490.6   324.8   3196.9
13   4   -335.0   487.2   3115.2
13   5   -214.1   526.5   3304.7
13   6   -180.6   315.8   3250.8
13   7   -312.4   452.8   3105.3
13   8   -351.8   341.7   3377.7
13   9   -350.1   181.0   3381.9
13   10   -435.9   101.4   3375.9
13   11   -429.5   -226.8   3394.6
13   12   -380.2   -529.1   3437.6
13   13   -263.2   101.6   3387.0
13   14   -278.7   -224.5   3425.2
13   15   -302.3   -530.4   3464.1
13   16   -361.0   460.2   3128.8
13   17   -290.4   430.0   3129.6
13   18   -349.8   605.2   3301.7
14   0   -351.9   693.1   3303.0
14   1   -350.4   540.8   3320.0
14   2   -482.5   522.6   3293.1
14   3   -488.6   325.6   3195.4
14   4   -333.5   489.2   3113.9
14   5   -214.5   526.7   3305.0
14   6   -180.7   316.7   3248.7
14   7   -313.2   454.0   3103.5
14   8   -352.1   341.9   3377.8
14   9   -350.1   181.3   3382.0
14   10   -434.9   101.9   3376.0
14   11   -429.3   -226.3   3394.5
14   12   -380.2   -528.5   3437.5
14   13   -263.8   102.8   3386.8
14   14   -278.9   -223.4   3425.3
14   15   -302.6   -529.3   3464.0
14   16   -359.4   461.9   3127.4
14   17   -291.1   431.1   3127.7
14   18   -349.8   604.4   3301.4
15   0   -351.9   692.3   3303.0
15   1   -350.4   540.1   3319.8
15   2   -482.1   522.8   3293.2
15   3   -487.9   325.6   3195.7
15   4   -333.5   489.6   3112.8
15   5   -214.9   526.9   3305.3
15   6   -180.7   317.8   3246.2
15   7   -314.1   455.2   3101.5
15   8   -352.2   342.3   3377.8
15   9   -350.1   181.6   3382.2
15   10   -434.0   102.5   3376.1
15   11   -429.2   -225.7   3394.4
15   12   -380.3   -528.0   3437.4
15   13   -264.3   104.1   3386.5
15   14   -279.2   -222.0   3425.9
15   15   -303.4   -527.9   3463.8
15   16   -359.2   462.3   3126.6
15   17   -291.8   432.3   3125.6
15   18   -349.8   603.7   3301.2
16   0   -351.9   691.7   3302.9
16   1   -350.4   539.4   3319.5
16   2   -481.8   522.9   3293.2
16   3   -487.6   325.1   3197.1
16   4   -334.5   489.3   3111.8
16   5   -215.2   527.1   3305.5
16   6   -180.6   318.8   3243.7
16   7   -314.5   456.2   3099.2
16   8   -352.3   342.5   3377.5
16   9   -350.1   181.9   3382.3
16   10   -433.2   103.0   3376.1
16   11   -429.0   -225.2   3394.5
16   12   -380.3   -527.6   3437.3
16   13   -265.0   104.9   3386.0
16   14   -279.3   -221.1   3425.9
16   15   -304.8   -527.0   3463.6
16   16   -360.0   461.9   3126.0
16   17   -292.2   433.3   3123.3
16   18   -349.8   603.0   3300.8
17   0   -351.9   691.4   3302.9
17   1   -350.4   538.9   3319.2
17   2   -481.4   523.1   3293.2
17   3   -487.6   324.8   3198.1
17   4   -335.4   489.2   3110.9
17   5   -215.6   527.4   3305.5
17   6   -180.5   319.6   3242.1
17   7   -314.2   456.8   3097.0
17   8   -352.4   342.6   3377.1
17   9   -350.1   182.1   3382.4
17   10   -432.4   103.5   3376.1
17   11   -428.9   -224.7   3394.4
17   12   -380.3   -527.2   3437.0
17   13   -265.7   105.4   3385.8
17   14   -279.3   -220.7   3425.5
17   15   -305.3   -526.5   3463.7
17   16   -360.7   461.8   3125.4
17   17   -291.9   434.0   3121.1
17   18   -349.8   602.5   3300.5
18   0   -351.9   691.3   3302.9
18   1   -350.4   538.6   3318.9
18   2   -481.1   523.3   3293.2
18   3   -487.7   324.7   3198.7
18   4   -336.4   489.3   3109.9
18   5   -216.0   527.6   3305.4
18   6   -180.4   320.4   3240.6
18   7   -313.8   457.2   3094.6
18   8   -352.4   342.7   3376.9
18   9   -350.1   182.2   3382.4
18   10   -431.8   104.0   3376.1
18   11   -428.7   -224.3   3394.3
18   12   -380.3   -526.9   3436.5
18   13   -266.3   105.8   3385.7
18   14   -279.3   -220.4   3425.1
18   15   -305.0   -526.1   3463.8
18   16   -361.6   461.9   3124.7
18   17   -291.5   434.4   3118.9
18   18   -349.8   602.1   3300.1
19   0   -351.9   691.3   3302.9
19   1   -350.4   538.3   3318.6
19   2   -480.7   523.5   3293.3
19   3   -487.7   325.3   3198.1
19   4   -337.8   488.8   3109.6
19   5   -216.4   527.8   3305.3
19   6   -180.4   321.0   3239.2
19   7   -312.4   456.7   3093.6
19   8   -352.4   342.7   3376.8
19   9   -350.1   182.2   3382.5
19   10   -431.3   104.3   3376.1
19   11   -428.6   -224.0   3394.1
19   12   -380.1   -526.5   3436.2
19   13   -266.9   105.8   3385.6
19   14   -279.2   -220.5   3424.6
19   15   -303.9   -526.2   3464.1
19   16   -362.8   461.6   3124.3
19   17   -290.4   434.1   3117.8
19   18   -349.8   601.8   3299.8
20   0   -351.9   691.4   3302.9
20   1   -350.4   538.0   3318.4
20   2   -480.4   523.7   3293.3
20   3   -487.8   326.2   3196.6
20   4   -339.7   488.4   3109.3
20   5   -216.7   528.0   3305.2
20   6   -180.4   321.4   3238.6
20   7   -311.0   456.1   3094.8
20   8   -352.4   342.6   3376.7
20   9   -350.1   182.2   3382.6
20   10   -430.8   104.7   3376.1
20   11   -428.4   -223.7   3394.0
20   12   -379.7   -526.2   3436.1
20   13   -267.5   106.0   3385.6
20   14   -279.3   -220.3   3424.9
20   15   -302.9   -526.1   3464.6
20   16   -364.4   461.4   3123.8
20   17   -289.2   433.7   3118.8
20   18   -349.8   601.5   3299.4
21   0   -351.9   691.5   3302.9
21   1   -350.4   537.7   3318.1
21   2   -480.1   523.8   3293.3
21   3   -487.8   327.4   3194.5
21   4   -341.6   488.1   3108.9
21   5   -217.0   528.2   3305.1
21   6   -180.5   321.6   3238.6
21   7   -309.4   455.2   3096.8
21   8   -352.4   342.5   3376.7
21   9   -350.1   182.1   3382.6
21   10   -430.3   105.1   3376.0
21   11   -428.2   -223.3   3393.9
21   12   -379.3   -525.8   3436.0
21   13   -268.1   106.1   3385.6
21   14   -279.6   -220.1   3425.6
21   15   -301.2   -526.0   3466.0
21   16   -365.9   461.3   3123.2
21   17   -287.9   432.9   3120.5
21   18   -349.8   601.2   3299.0
22   0   -351.9   691.7   3302.8
22   1   -350.4   537.5   3317.8
22   2   -479.9   524.0   3293.3
22   3   -487.8   328.1   3193.4
22   4   -344.0   487.4   3108.3
22   5   -217.3   528.4   3305.0
22   6   -180.5   321.8   3238.6
22   7   -307.9   454.4   3099.0
22   8   -352.4   342.3   3376.8
22   9   -350.1   181.9   3382.7
22   10   -429.8   105.5   3375.9
22   11   -428.0   -222.8   3393.8
22   12   -378.7   -525.3   3435.9
22   13   -268.7   106.3   3385.5
22   14   -279.9   -219.8   3426.4
22   15   -297.8   -525.6   3469.5
22   16   -368.0   460.9   3122.5
22   17   -286.7   432.3   3122.2
22   18   -349.8   600.9   3298.7
23   0   -351.9   691.8   3302.8
23   1   -350.4   537.2   3317.6
23   2   -479.6   524.1   3293.4
23   3   -487.8   328.3   3193.1
23   4   -346.0   486.1   3107.9
23   5   -217.6   528.5   3304.9
23   6   -180.6   322.0   3238.5
23   7   -306.6   453.6   3100.4
23   8   -352.4   342.1   3376.9
23   9   -350.1   181.7   3382.7
23   10   -429.5   105.9   3375.7
23   11   -427.9   -222.5   3393.8
23   12   -378.5   -525.0   3435.8
23   13   -269.2   106.5   3385.5
23   14   -279.8   -219.8   3425.5
23   15   -293.8   -524.8   3474.9
23   16   -369.6   459.8   3122.1
23   17   -285.6   431.6   3123.5
23   18   -349.8   600.6   3298.3
24   0   -351.9   692.0   3302.8
24   1   -350.4   536.9   3317.3
24   2   -479.4   524.2   3293.4
24   3   -487.8   328.4   3193.3
24   4   -347.3   484.8   3108.1
24   5   -217.8   528.6   3304.8
24   6   -180.6   322.0   3238.6
24   7   -305.1   452.8   3101.4
24   8   -352.4   341.9   3376.9
24   9   -350.1   181.5   3382.8
24   10   -429.1   106.3   3375.5
24   11   -427.8   -222.1   3393.7
24   12   -378.6   -524.7   3435.7
24   13   -269.6   106.7   3385.4
24   14   -279.7   -219.6   3425.0
24   15   -293.2   -524.6   3474.9
24   16   -370.8   458.7   3122.3
24   17   -284.3   431.0   3124.2
24   18   -349.8   600.3   3297.9
25   0   -351.9   692.2   3302.8
25   1   -350.4   536.7   3317.1
25   2   -479.2   524.3   3293.4
25   3   -487.7   328.2   3193.8
25   4   -347.1   485.2   3107.6
25   5   -218.0   528.8   3304.7
25   6   -180.5   322.1   3239.0
25   7   -304.6   453.4   3100.3
25   8   -352.4   341.8   3377.0
25   9   -350.0   181.3   3382.8
25   10   -429.0   106.5   3375.3
25   11   -427.7   -221.9   3393.7
25   12   -380.1   -524.8   3435.6
25   13   -269.8   106.9   3385.4
25   14   -279.8   -219.5   3424.9
25   15   -293.4   -524.9   3473.0
25   16   -370.5   459.0   3122.0
25   17   -283.9   431.5   3123.4
25   18   -349.8   600.1   3297.6
26   0   -351.9   692.4   3302.8
26   1   -350.4   536.7   3316.8
26   2   -479.0   524.5   3293.4
26   3   -487.5   328.2   3194.1
26   4   -345.9   486.6   3106.8
26   5   -218.3   528.9   3304.5
26   6   -180.3   322.1   3239.3
26   7   -304.2   454.8   3098.6
26   8   -352.4   341.7   3377.0
26   9   -350.0   181.3   3382.8
26   10   -428.9   106.6   3375.1
26   11   -427.7   -221.9   3393.6
26   12   -380.8   -524.8   3435.6
26   13   -269.8   106.9   3385.3
26   14   -279.8   -219.5   3424.9
26   15   -295.1   -525.7   3466.2
26   16   -369.5   460.2   3121.4
26   17   -283.6   432.7   3122.0
26   18   -349.8   600.0   3297.2
27   0   -351.9   692.6   3302.8
27   1   -350.4   536.7   3316.4
27   2   -478.8   524.7   3293.4
27   3   -487.2   328.4   3194.1
27   4   -344.4   488.3   3105.9
27   5   -218.6   529.1   3304.3
27   6   -180.1   322.2   3239.7
27   7   -304.1   456.2   3096.9
27   8   -352.4   341.7   3377.0
27   9   -350.0   181.3   3382.8
27   10   -428.9   106.6   3374.8
27   11   -427.7   -221.8   3393.5
27   12   -381.0   -524.8   3435.6
27   13   -269.8   106.9   3385.3
27   14   -279.9   -219.5   3425.0
27   15   -299.2   -526.1   3461.6
27   16   -368.2   461.6   3120.6
27   17   -283.4   433.9   3120.7
27   18   -349.8   600.0   3296.7
28   0   -351.9   692.8   3302.8
28   1   -350.4   536.7   3315.9
28   2   -478.5   524.8   3293.4
28   3   -486.7   328.6   3194.0
28   4   -342.8   490.0   3105.2
28   5   -218.8   529.2   3304.2
28   6   -179.9   322.2   3240.1
28   7   -304.5   457.3   3095.6
28   8   -352.4   341.8   3377.0
28   9   -350.0   181.3   3382.8
28   10   -429.0   106.6   3374.5
28   11   -427.7   -221.8   3393.5
28   12   -380.6   -524.8   3435.7
28   13   -269.8   106.9   3385.2
28   14   -279.9   -219.5   3425.4
28   15   -302.8   -526.2   3459.1
28   16   -366.8   463.1   3120.0
28   17   -283.7   434.8   3119.7
28   18   -349.8   600.0   3296.1
29   0   -351.9   693.0   3302.8
29   1   -350.4   536.8   3315.5
29   2   -478.3   524.9   3293.4
29   3   -486.4   328.8   3193.7
29   4   -341.5   491.5   3104.7
29   5   -219.1   529.3   3304.0
29   6   -179.8   322.2   3240.4
29   7   -305.2   458.1   3094.7
29   8   -352.4   341.9   3377.0
29   9   -350.0   181.4   3382.8
29   10   -429.0   106.7   3374.3
29   11   -427.7   -221.8   3393.4
29   12   -380.5   -524.7   3435.7
29   13   -269.7   106.9   3385.0
29   14   -279.9   -219.5   3425.3
29   15   -305.5   -526.5   3455.2
29   16   -365.6   464.3   3119.5
29   17   -284.3   435.4   3119.0
29   18   -349.8   600.0   3295.5
30   0   -351.9   693.1   3302.8
30   1   -350.4   536.8   3315.0
30   2   -478.1   525.0   3293.4
30   3   -486.6   328.9   3193.7
30   4   -340.6   492.3   3104.2
30   5   -219.3   529.4   3303.7
30   6   -179.8   322.2   3240.6
30   7   -306.0   458.5   3094.0
30   8   -352.4   341.9   3376.9
30   9   -350.0   181.4   3382.8
30   10   -429.1   106.7   3374.0
30   11   -427.7   -221.8   3393.4
30   12   -380.5   -524.8   3435.7
30   13   -269.7   106.8   3385.0
30   14   -279.8   -219.6   3425.3
30   15   -302.5   -527.2   3450.8
30   16   -364.9   465.1   3119.1
30   17   -284.9   435.8   3118.4
30   18   -349.8   600.0   3295.0
31   0   -351.9   693.2   3302.8
31   1   -350.4   536.9   3314.6
31   2   -477.9   525.1   3293.2
31   3   -486.9   328.9   3193.6
31   4   -340.0   492.9   3103.9
31   5   -219.6   529.4   3303.6
31   6   -179.7   322.1   3240.9
31   7   -306.6   458.6   3093.4
31   8   -352.4   341.8   3376.8
31   9   -350.0   181.3   3382.8
31   10   -429.1   106.6   3373.8
31   11   -427.7   -221.9   3393.3
31   12   -380.7   -524.9   3435.8
31   13   -269.6   106.8   3384.9
31   14   -279.7   -219.6   3425.3
31   15   -296.4   -527.7   3450.3
31   16   -364.5   465.5   3118.9
31   17   -285.5   435.8   3118.0
31   18   -349.8   600.0   3294.4
32   0   -351.9   693.2   3302.6
32   1   -350.4   536.8   3313.9
32   2   -477.7   525.3   3290.8
32   3   -487.8   328.0   3193.3
32   4   -340.2   492.6   3104.1
32   5   -219.8   529.5   3303.2
32   6   -179.7   322.0   3241.3
32   7   -307.2   458.2   3092.9
32   8   -352.3   341.5   3376.1
32   9   -350.0   181.0   3382.2
32   10   -429.1   106.5   3373.4
32   11   -427.6   -222.0   3393.2
32   12   -381.1   -525.1   3435.5
32   13   -269.6   106.7   3384.9
32   14   -279.7   -219.7   3425.1
32   15   -295.9   -527.8   3450.0
32   16   -364.8   465.2   3118.9
32   17   -286.0   435.5   3117.6
32   18   -349.8   600.1   3293.8
33   0   -351.9   693.3   3302.3
33   1   -350.4   536.8   3313.1
33   2   -477.5   525.3   3288.4
33   3   -488.1   327.1   3192.9
33   4   -340.2   492.7   3104.2
33   5   -220.0   529.6   3303.1
33   6   -179.8   321.9   3241.5
33   7   -307.7   458.3   3092.6
33   8   -352.3   341.1   3374.9
33   9   -350.1   180.6   3381.3
33   10   -429.2   106.4   3372.9
33   11   -427.6   -222.1   3393.1
33   12   -381.4   -525.3   3434.8
33   13   -269.6   106.7   3384.7
33   14   -279.8   -219.8   3424.7
33   15   -302.8   -527.3   3451.0
33   16   -364.9   465.1   3119.0
33   17   -286.4   435.6   3117.4
33   18   -349.8   600.1   3293.2
34   0   -351.9   693.4   3301.9
34   1   -350.4   536.7   3312.3
34   2   -477.4   525.4   3288.4
34   3   -488.0   327.3   3192.7
34   4   -339.8   493.2   3103.9
34   5   -220.2   529.6   3303.0
34   6   -179.8   322.0   3241.8
34   7   -308.0   458.4   3092.4
34   8   -352.1   340.6   3373.4
34   9   -350.1   180.1   3380.2
34   10   -429.4   106.4   3372.3
34   11   -427.6   -222.1   3392.9
34   12   -381.7   -525.5   3434.0
34   13   -269.6   106.7   3384.4
34   14   -279.9   -219.9   3423.9
34   15   -307.5   -526.9   3451.6
34   16   -364.5   465.5   3118.7
34   17   -286.6   435.7   3117.3
34   18   -349.8   600.1   3292.6
35   0   -351.9   693.4   3301.6
35   1   -350.3   536.6   3311.5
35   2   -477.2   525.4   3288.4
35   3   -487.9   327.5   3192.3
35   4   -339.3   493.6   3103.6
35   5   -220.4   529.7   3303.0
35   6   -179.8   322.0   3241.8
35   7   -308.2   458.6   3092.2
35   8   -351.9   340.1   3371.9
35   9   -350.1   179.6   3379.0
35   10   -429.5   106.4   3371.6
35   11   -427.7   -222.1   3392.7
35   12   -382.0   -525.7   3432.8
35   13   -269.6   106.7   3384.1
35   14   -280.1   -219.9   3423.3
35   15   -310.5   -526.7   3451.9
35   16   -364.1   465.9   3118.4
35   17   -286.8   435.9   3117.1
35   18   -349.8   600.1   3292.0
36   0   -352.0   693.4   3301.4
36   1   -350.3   536.6   3310.6
36   2   -477.1   525.5   3288.5
36   3   -488.4   328.0   3191.5
36   4   -339.4   494.1   3102.7
36   5   -220.5   529.8   3303.0
36   6   -179.1   322.9   3239.8
36   7   -309.2   459.9   3091.6
36   8   -351.7   339.6   3370.3
36   9   -350.1   179.1   3377.9
36   10   -429.7   106.4   3370.9
36   11   -427.7   -222.1   3392.5
36   12   -382.3   -525.9   3431.7
36   13   -269.6   106.8   3383.7
36   14   -280.2   -220.0   3422.5
36   15   -310.8   -526.7   3451.5
36   16   -364.2   466.4   3117.5
36   17   -287.5   437.1   3116.3
36   18   -349.8   600.1   3291.4
37   0   -352.0   693.4   3301.1
37   1   -350.2   536.5   3309.9
37   2   -477.1   525.5   3288.7
37   3   -490.7   333.1   3182.7
37   4   -336.6   498.0   3100.3
37   5   -220.7   529.9   3303.0
37   6   -170.9   331.5   3223.4
37   7   -313.5   473.5   3093.4
37   8   -351.4   339.2   3369.3
37   9   -350.1   178.7   3376.8
37   10   -429.8   106.4   3370.2
37   11   -427.7   -222.0   3392.3
37   12   -382.7   -526.0   3430.7
37   13   -269.6   106.8   3383.1
37   14   -280.2   -219.9   3422.3
37   15   -309.0   -526.9   3450.9
37   16   -362.3   470.5   3114.0
37   17   -289.7   449.8   3115.1
37   18   -349.8   600.1   3290.7
38   0   -352.0   693.5   3300.7
38   1   -350.1   536.5   3309.2
38   2   -475.6   523.3   3288.8
38   3   -508.3   359.9   3151.1
38   4   -329.8   507.9   3099.0
38   5   -220.8   530.0   3303.0
38   6   -139.6   366.8   3190.5
38   7   -313.6   499.8   3102.9
38   8   -351.1   339.1   3368.7
38   9   -350.1   178.6   3375.7
38   10   -430.0   106.5   3369.5
38   11   -427.8   -222.0   3392.1
38   12   -382.9   -526.2   3429.0
38   13   -269.5   106.8   3382.2
38   14   -280.0   -219.9   3422.2
38   15   -307.9   -527.0   3450.2
38   16   -359.5   483.2   3107.7
38   17   -284.6   477.6   3117.5
38   18   -349.8   600.1   3290.1
39   0   -351.9   693.6   3301.5
39   1   -350.1   536.5   3309.3
39   2   -476.3   525.2   3295.6
39   3   -537.8   396.2   3134.7
39   4   -363.1   542.0   3063.8
39   5   -221.8   530.6   3310.9
39   6   -98.2   403.2   3191.7
39   7   -275.0   538.4   3104.8
39   8   -350.8   338.8   3368.6
39   9   -350.0   178.2   3375.1
39   10   -429.8   107.5   3368.8
39   11   -427.7   -221.0   3391.7
39   12   -383.1   -525.3   3428.0
39   13   -269.9   107.6   3381.1
39   14   -279.8   -218.9   3422.4
39   15   -307.3   -526.3   3448.5
39   16   -392.2   517.7   3075.6
39   17   -245.5   515.9   3119.3
39   18   -349.8   600.1   3290.2
40   0   -351.9   694.6   3303.5
40   1   -350.0   536.7   3311.7
40   2   -477.9   528.6   3302.9
40   3   -580.6   441.2   3135.9
40   4   -415.4   575.9   3031.4
40   5   -222.7   531.5   3320.3
40   6   -56.3   458.0   3210.6
40   7   -217.6   570.6   3082.1
40   8   -350.5   338.3   3370.4
40   9   -350.0   177.6   3374.9
40   10   -429.5   109.3   3367.9
40   11   -427.7   -219.2   3391.4
40   12   -383.4   -523.6   3427.7
40   13   -270.5   108.8   3379.8
40   14   -280.0   -217.4   3423.3
40   15   -306.8   -525.0   3448.7
40   16   -442.9   553.4   3048.8
40   17   -190.8   551.8   3103.5
40   18   -349.8   600.4   3292.9
41   0   -351.9   696.5   3306.7
41   1   -349.9   537.7   3315.9
41   2   -480.0   533.3   3306.2
41   3   -623.6   499.5   3151.4
41   4   -499.0   622.3   2997.3
41   5   -221.6   535.2   3326.8
41   6   -26.7   517.6   3239.3
41   7   -131.8   625.2   3065.4
41   8   -350.2   338.3   3374.4
41   9   -350.0   176.0   3375.0
41   10   -429.4   112.0   3367.1
41   11   -427.7   -216.5   3391.0
41   12   -383.9   -520.9   3427.6
41   13   -271.2   110.5   3379.2
41   14   -280.1   -215.8   3423.4
41   15   -306.3   -523.2   3450.4
41   16   -519.6   601.8   3023.0
41   17   -114.4   607.2   3094.4
41   18   -349.8   601.4   3297.3
42   0   -351.9   700.2   3309.3
42   1   -349.8   540.7   3319.8
42   2   -482.1   540.7   3307.2
42   3   -649.6   550.0   3167.6
42   4   -581.5   693.1   2996.7
42   5   -219.5   542.1   3328.4
42   6   -14.3   572.5   3257.5
42   7   -55.1   699.5   3069.2
42   8   -349.9   340.3   3378.7
42   9   -349.9   176.2   3375.1
42   10   -429.8   116.2   3366.4
42   11   -427.8   -212.3   3390.5
42   12   -384.6   -516.9   3427.2
42   13   -272.1   112.7   3378.9
42   14   -280.2   -213.6   3423.2
42   15   -305.6   -520.9   3452.7
42   16   -592.8   669.3   3025.2
42   17   -48.3   678.3   3100.6
42   18   -349.8   604.3   3301.1
43   0   -351.9   705.9   3310.8
43   1   -349.7   546.0   3322.0
43   2   -483.5   549.7   3306.6
43   3   -660.4   596.8   3181.9
43   4   -660.6   763.6   3020.3
43   5   -217.6   550.7   3325.2
43   6   -14.8   622.7   3269.7
43   7   9.9   777.3   3098.7
43   8   -349.5   345.2   3381.8
43   9   -349.9   179.1   3375.1
43   10   -431.1   122.8   3365.2
43   11   -428.2   -205.6   3389.9
43   12   -385.4   -510.3   3426.4
43   13   -273.0   116.0   3378.8
43   14   -280.2   -210.3   3422.7
43   15   -304.9   -517.7   3453.2
43   16   -660.6   735.8   3047.2
43   17   5.8   751.5   3127.2
43   18   -349.8   609.6   3303.1
44   0   -352.0   712.5   3311.0
44   1   -349.7   552.9   3323.0
44   2   -483.7   558.3   3305.1
44   3   -659.4   637.7   3192.7
44   4   -733.1   817.4   3065.1
44   5   -216.4   559.9   3320.1
44   6   -19.5   657.3   3274.7
44   7   58.7   839.1   3150.1
44   8   -349.2   352.6   3383.9
44   9   -349.9   186.3   3375.1
44   10   -433.2   132.8   3363.3
44   11   -428.8   -195.6   3388.8
44   12   -386.5   -500.4   3425.2
44   13   -272.9   122.4   3378.7
44   14   -280.1   -204.1   3421.7
44   15   -303.6   -511.5   3452.9
44   16   -720.9   787.5   3086.4
44   17   45.8   808.8   3170.9
44   18   -349.8   616.4   3303.7
45   0   -352.0   718.7   3308.5
45   1   -349.6   559.9   3322.2
45   2   -482.7   564.6   3299.6
45   3   -654.2   665.0   3196.4
45   4   -774.6   853.3   3112.4
45   5   -215.9   568.3   3313.8
45   6   -28.5   685.9   3276.6
45   7   93.6   877.2   3201.4
45   8   -348.9   361.4   3384.8
45   9   -349.9   195.7   3375.2
45   10   -433.7   141.5   3361.1
45   11   -429.0   -186.8   3387.8
45   12   -387.6   -491.7   3424.1
45   13   -271.2   132.2   3378.6
45   14   -279.6   -194.5   3420.1
45   15   -301.9   -502.0   3451.4
45   16   -754.6   821.9   3126.4
45   17   73.3   845.3   3214.0
45   18   -349.8   623.2   3302.2
46   0   -352.1   723.9   3303.1
46   1   -349.5   565.5   3319.4
46   2   -481.0   567.7   3292.7
46   3   -654.5   677.1   3203.8
46   4   -791.7   874.6   3147.7
46   5   -216.8   572.5   3309.2
46   6   -33.0   696.9   3280.3
46   7   111.5   893.5   3247.6
46   8   -348.6   369.1   3383.5
46   9   -349.9   204.2   3375.2
46   10   -433.1   146.0   3359.0
46   11   -428.8   -182.2   3387.1
46   12   -388.2   -487.3   3423.6
46   13   -270.5   138.2   3378.3
46   14   -279.4   -188.6   3418.7
46   15   -301.0   -496.3   3448.7
46   16   -768.8   841.7   3157.1
46   17   87.5   860.8   3253.0
46   18   -349.8   628.6   3298.8
47   0   -352.2   727.8   3298.3
47   1   -349.5   569.2   3316.0
47   2   -479.5   569.0   3291.7
47   3   -657.2   681.9   3219.5
47   4   -798.6   882.6   3164.2
47   5   -218.5   574.6   3310.9
47   6   -33.8   697.5   3290.8
47   7   119.3   895.7   3263.7
47   8   -348.3   374.2   3380.1
47   9   -349.8   210.1   3375.0
47   10   -432.8   147.1   3357.5
47   11   -428.8   -181.1   3385.9
47   12   -388.7   -486.1   3423.4
47   13   -270.2   139.8   3377.9
47   14   -279.3   -187.1   3418.2
47   15   -300.8   -495.2   3443.2
47   16   -775.0   849.1   3173.4
47   17   93.7   862.7   3268.2
47   18   -349.8   632.3   3295.2
48   0   -352.3   729.9   3294.9
48   1   -349.4   571.0   3313.1
48   2   -478.5   569.1   3292.3
48   3   -658.3   681.4   3226.4
48   4   -799.6   882.2   3165.5
48   5   -220.3   575.6   3316.1
48   6   -32.1   691.8   3300.4
48   7   121.9   889.7   3264.9
48   8   -348.0   376.5   3375.8
48   9   -349.8   213.0   3374.6
48   10   -432.8   146.5   3356.3
48   11   -428.8   -181.7   3384.9
48   12   -389.2   -486.7   3423.4
48   13   -269.8   139.4   3377.4
48   14   -279.2   -187.4   3417.8
48   15   -300.8   -496.0   3437.4
48   16   -776.0   848.7   3175.7
48   17   96.2   856.7   3270.8
48   18   -349.8   634.2   3292.7
49   0   -352.4   730.9   3293.3
49   1   -349.3   571.7   3311.2
49   2   -477.9   568.6   3294.2
49   3   -657.8   679.1   3227.3
49   4   -799.3   877.2   3159.3
49   5   -221.5   575.9   3320.3
49   6   -29.2   683.8   3305.7
49   7   125.1   879.5   3261.2
49   8   -347.9   377.0   3372.4
49   9   -349.7   214.2   3374.2
49   10   -433.0   145.2   3355.2
49   11   -428.8   -183.0   3384.2
49   12   -389.6   -488.0   3423.4
49   13   -269.2   138.2   3376.8
49   14   -279.0   -188.6   3417.5
49   15   -300.8   -497.4   3433.5
49   16   -775.7   844.2   3170.6
49   17   99.3   846.9   3268.6
49   18   -349.8   635.0   3291.2
50   0   -352.4   731.3   3294.4
50   1   -349.3   571.7   3310.4
50   2   -477.5   568.0   3296.9
50   3   -656.7   676.4   3226.4
50   4   -800.1   871.7   3157.9
50   5   -222.7   576.1   3325.5
50   6   -27.1   676.8   3308.3
50   7   128.5   867.8   3256.2
50   8   -347.8   376.7   3370.5
50   9   -349.7   214.3   3373.8
50   10   -433.6   143.4   3354.9
50   11   -428.9   -184.8   3383.9
50   12   -390.0   -489.8   3423.6
50   13   -268.5   136.2   3376.2
50   14   -278.9   -190.6   3417.3
50   15   -300.7   -499.4   3434.3
50   16   -776.2   839.1   3169.3
50   17   102.6   836.0   3264.9
50   18   -349.8   635.2   3290.8
51   0   -352.5   731.1   3298.3
51   1   -349.3   571.5   3310.6
51   2   -477.4   567.4   3300.1
51   3   -655.9   674.0   3226.2
51   4   -799.6   868.1   3159.7
51   5   -223.0   576.0   3328.4
51   6   -25.5   672.9   3311.4
51   7   132.2   857.2   3249.6
51   8   -347.8   375.9   3369.8
51   9   -349.7   213.8   3373.6
51   10   -434.4   141.6   3355.3
51   11   -429.0   -186.7   3383.8
51   12   -390.5   -491.7   3423.8
51   13   -268.0   134.0   3375.9
51   14   -278.8   -192.8   3417.2
51   15   -300.3   -501.3   3439.1
51   16   -775.7   835.7   3170.8
51   17   105.9   826.5   3259.9
51   18   -349.8   635.1   3291.4
52   0   -352.5   730.8   3303.6
52   1   -349.3   571.3   3311.5
52   2   -477.3   566.8   3302.1
52   3   -655.6   671.9   3225.7
52   4   -798.5   865.7   3159.7
52   5   -222.8   575.6   3329.3
52   6   -24.4   670.6   3312.3
52   7   133.8   851.9   3245.8
52   8   -347.8   374.8   3369.7
52   9   -349.6   213.0   3373.5
52   10   -434.9   140.9   3355.7
52   11   -428.7   -187.4   3383.8
52   12   -391.2   -492.6   3423.9
52   13   -267.5   133.4   3375.7
52   14   -278.6   -193.4   3417.2
52   15   -300.1   -501.8   3440.9
52   16   -774.7   833.4   3170.7
52   17   107.4   821.7   3256.9
52   18   -349.8   635.0   3292.6
53   0   -352.5   730.5   3307.6
53   1   -349.3   571.1   3312.6
53   2   -477.4   566.5   3302.8
53   3   -655.9   670.4   3225.2
53   4   -797.5   864.8   3159.8
53   5   -222.3   575.3   3329.2
53   6   -23.3   668.9   3312.7
53   7   133.7   850.2   3244.6
53   8   -347.7   373.6   3369.8
53   9   -349.6   212.0   3373.4
53   10   -435.1   141.0   3356.0
53   11   -428.6   -187.5   3383.4
53   12   -392.0   -492.7   3423.7
53   13   -267.0   133.8   3375.6
53   14   -278.4   -193.0   3417.1
53   15   -299.8   -501.3   3442.3
53   16   -773.9   832.4   3170.7
53   17   107.6   820.0   3256.0
53   18   -349.8   634.9   3294.1
54   0   -352.5   730.3   3310.6
54   1   -349.3   570.9   3313.8
54   2   -477.5   566.4   3303.1
54   3   -656.1   669.8   3225.0
54   4   -797.0   864.7   3159.8
54   5   -221.9   575.0   3329.1
54   6   -22.7   668.3   3312.8
54   7   133.5   850.0   3244.2
54   8   -347.7   372.4   3370.1
54   9   -349.6   210.9   3373.3
54   10   -435.2   141.1   3356.7
54   11   -428.3   -187.4   3384.0
54   12   -393.0   -492.9   3423.6
54   13   -267.0   134.2   3375.6
54   14   -278.3   -192.7   3417.0
54   15   -299.5   -500.9   3443.7
54   16   -773.5   832.2   3170.7
54   17   107.5   819.7   3255.6
54   18   -349.8   634.8   3295.7
55   0   -352.5   730.3   3312.3
55   1   -349.3   570.7   3315.2
55   2   -477.6   566.3   3303.3
55   3   -656.0   669.7   3224.8
55   4   -796.6   865.0   3159.6
55   5   -221.6   574.7   3329.2
55   6   -22.4   668.2   3312.8
55   7   133.4   850.4   3244.0
55   8   -347.7   371.2   3370.5
55   9   -349.7   209.8   3373.2
55   10   -435.1   141.2   3357.4
55   11   -428.3   -187.3   3384.2
55   12   -394.2   -493.0   3423.3
55   13   -267.2   134.5   3375.5
55   14   -278.3   -192.4   3416.8
55   15   -299.4   -500.6   3444.2
55   16   -773.2   832.5   3170.4
55   17   107.4   820.0   3255.4
55   18   -349.8   634.8   3297.4
56   0   -352.5   730.5   3312.8
56   1   -349.3   570.6   3316.6
56   2   -477.7   566.2   3303.6
56   3   -655.7   670.0   3224.7
56   4   -796.3   865.6   3159.0
56   5   -221.3   574.4   3329.4
56   6   -22.4   668.5   3312.8
56   7   133.5   851.0   3243.7
56   8   -347.7   370.0   3370.9
56   9   -349.7   208.7   3373.1
56   10   -435.0   141.3   3358.3
56   11   -428.2   -187.3   3384.4
56   12   -395.5   -493.1   3424.1
56   13   -267.4   134.8   3375.4
56   14   -278.5   -192.1   3416.9
56   15   -299.3   -500.3   3444.5
56   16   -772.8   833.0   3169.9
56   17   107.5   820.5   3255.2
56   18   -349.8   634.8   3299.3
57   0   -352.5   730.8   3312.8
57   1   -349.3   570.5   3318.2
57   2   -477.7   566.2   3303.9
57   3   -655.4   670.3   3224.7
57   4   -795.5   866.6   3158.2
57   5   -221.0   574.2   3329.6
57   6   -22.3   668.8   3312.9
57   7   133.7   851.6   3243.4
57   8   -347.7   369.0   3371.3
57   9   -349.7   207.7   3373.2
57   10   -434.9   141.4   3359.2
57   11   -428.2   -187.3   3384.5
57   12   -396.4   -493.1   3425.4
57   13   -267.8   134.8   3375.4
57   14   -278.5   -192.2   3417.0
57   15   -299.3   -500.4   3444.9
57   16   -772.2   833.9   3169.3
57   17   107.7   821.1   3255.0
57   18   -349.8   634.8   3301.3
58   0   -352.5   731.1   3312.4
58   1   -349.3   570.4   3319.7
58   2   -477.7   566.2   3304.0
58   3   -655.1   670.9   3224.9
58   4   -794.5   868.1   3157.1
58   5   -220.8   574.0   3329.7
58   6   -22.3   669.0   3312.9
58   7   134.1   852.3   3243.2
58   8   -347.7   368.1   3371.7
58   9   -349.7   206.9   3373.2
58   10   -434.9   141.5   3360.1
58   11   -428.3   -187.3   3384.5
58   12   -396.5   -493.0   3426.6
58   13   -268.2   134.4   3375.5
58   14   -278.5   -192.5   3417.2
58   15   -299.3   -500.7   3445.4
58   16   -771.2   835.3   3168.4
58   17   108.0   821.8   3254.8
58   18   -349.8   634.7   3303.1
59   0   -352.5   731.3   3312.0
59   1   -349.3   570.3   3321.0
59   2   -477.6   566.4   3304.1
59   3   -654.7   671.7   3224.9
59   4   -793.1   870.1   3155.3
59   5   -220.6   573.9   3329.8
59   6   -22.2   669.1   3312.9
59   7   134.5   853.2   3242.9
59   8   -347.8   367.3   3372.1
59   9   -349.7   206.1   3373.3
59   10   -435.0   141.4   3361.3
59   11   -428.4   -187.5   3384.5
59   12   -396.5   -492.9   3428.3
59   13   -268.6   134.0   3375.6
59   14   -278.4   -193.0   3417.4
59   15   -299.3   -501.2   3445.6
59   16   -770.0   837.0   3166.9
59   17   108.4   822.5   3254.5
59   18   -349.8   634.7   3304.8
60   0   -352.5   731.5   3311.6
60   1   -349.3   570.2   3322.4
60   2   -477.6   566.6   3304.2
60   3   -654.1   672.9   3225.1
60   4   -791.4   872.1   3152.6
60   5   -220.5   573.7   3329.8
60   6   -22.2   669.2   3312.9
60   7   134.9   854.1   3242.6
60   8   -347.8   366.7   3372.9
60   9   -349.7   205.6   3373.4
60   10   -435.1   141.4   3362.7
60   11   -428.4   -187.6   3385.2
60   12   -396.3   -493.0   3429.1
60   13   -269.0   133.5   3375.9
60   14   -278.6   -193.4   3418.3
60   15   -299.4   -501.7   3445.8
60   16   -768.5   838.9   3164.7
60   17   108.7   823.3   3254.3
60   18   -349.8   634.7   3306.4
61   0   -352.5   731.6   3311.2
61   1   -349.3   570.2   3323.7
61   2   -477.6   566.8   3304.3
61   3   -653.4   674.5   3225.5
61   4   -789.4   874.4   3149.2
61   5   -220.5   573.6   3329.8
61   6   -22.2   669.2   3312.8
61   7   135.3   855.0   3242.3
61   8   -347.8   366.5   3374.3
61   9   -349.7   205.3   3373.5
61   10   -435.3   141.3   3363.6
61   11   -428.3   -187.7   3386.1
61   12   -395.9   -493.2   3429.3
61   13   -269.1   133.3   3376.2
61   14   -279.1   -193.5   3419.6
61   15   -299.7   -502.0   3446.0
61   16   -766.7   841.1   3161.9
61   17   109.0   824.0   3254.0
61   18   -349.8   634.7   3307.6
62   0   -352.5   731.6   3310.9
62   1   -349.3   570.3   3324.8
62   2   -477.6   567.0   3304.4
62   3   -652.5   676.3   3225.9
62   4   -787.2   876.7   3145.2
62   5   -220.5   573.5   3329.9
62   6   -22.3   669.2   3312.6
62   7   135.6   855.9   3241.9
62   8   -347.8   366.4   3376.0
62   9   -349.7   205.3   3373.7
62   10   -435.4   141.3   3364.2
62   11   -428.4   -187.7   3386.5
62   12   -395.6   -493.4   3428.8
62   13   -269.1   133.2   3376.8
62   14   -279.5   -193.6   3420.2
62   15   -300.1   -502.1   3446.1
62   16   -764.8   843.3   3158.6
62   17   109.3   824.8   3253.7
62   18   -349.8   634.7   3308.7
63   0   -352.5   731.7   3310.7
63   1   -349.3   570.4   3325.9
63   2   -477.6   567.2   3304.5
63   3   -651.5   678.5   3226.3
63   4   -785.9   877.7   3140.3
63   5   -220.5   573.4   3329.9
63   6   -22.4   669.1   3312.5
63   7   135.4   856.9   3241.5
63   8   -347.8   366.6   3378.5
63   9   -349.7   205.6   3374.0
63   10   -435.4   141.3   3364.3
63   11   -428.5   -187.7   3386.5
63   12   -395.0   -493.4   3427.9
63   13   -269.0   133.4   3377.4
63   14   -279.9   -193.5   3420.1
63   15   -300.7   -502.0   3446.3
63   16   -763.5   844.5   3154.6
63   17   109.1   825.6   3253.3
63   18   -349.8   634.7   3309.3
64   0   -352.5   731.7   3310.6
64   1   -349.3   570.6   3327.0
64   2   -477.6   567.5   3304.6
64   3   -650.4   680.7   3226.7
64   4   -785.9   877.9   3136.6
64   5   -220.6   573.3   3329.9
64   6   -22.4   669.0   3312.3
64   7   134.8   857.6   3241.1
64   8   -347.9   367.3   3382.4
64   9   -349.7   206.4   3374.4
64   10   -435.4   141.4   3364.3
64   11   -428.7   -187.7   3386.3
64   12   -394.5   -493.5   3426.8
64   13   -269.0   133.6   3378.1
64   14   -280.2   -193.5   3419.3
64   15   -301.0   -502.0   3446.4
64   16   -763.3   845.1   3151.6
64   17   108.6   826.2   3252.9
64   18   -349.8   634.7   3309.6
65   0   -352.5   731.7   3310.6
65   1   -349.4   570.9   3328.1
65   2   -477.6   567.7   3304.6
65   3   -649.6   682.3   3227.0
65   4   -786.5   878.0   3135.0
65   5   -220.7   573.2   3330.0
65   6   -22.5   668.8   3312.2
65   7   133.9   858.3   3240.6
65   8   -347.9   368.1   3386.7
65   9   -349.7   207.5   3374.9
65   10   -435.4   141.7   3364.3
65   11   -428.9   -187.5   3385.9
65   12   -394.5   -493.4   3425.4
65   13   -268.9   134.0   3378.9
65   14   -280.5   -193.3   3418.9
65   15   -301.2   -501.7   3446.5
65   16   -763.7   845.4   3150.3
65   17   107.8   826.7   3252.6
65   18   -349.8   634.7   3309.7
66   0   -352.5   731.7   3310.6
66   1   -349.4   571.1   3328.9
66   2   -477.7   567.8   3304.7
66   3   -649.4   682.8   3226.9
66   4   -787.0   877.9   3134.4
66   5   -220.8   573.1   3330.1
66   6   -22.5   668.6   3312.2
66   7   133.4   858.5   3240.3
66   8   -347.9   368.6   3389.9
66   9   -349.7   208.1   3375.3
66   10   -435.4   142.0   3364.3
66   11   -429.3   -187.2   3385.2
66   12   -394.9   -493.0   3425.3
66   13   -268.9   134.5   3380.0
66   14   -280.9   -193.0   3418.6
66   15   -301.2   -501.5   3446.6
66   16   -764.1   845.4   3149.8
66   17   107.4   826.9   3252.3
66   18   -349.8   634.7   3309.7
67   0   -352.5   731.7   3310.6
67   1   -349.4   571.2   3329.3
67   2   -477.7   568.0   3304.7
67   3   -649.5   682.8   3226.7
67   4   -787.5   878.0   3134.3
67   5   -220.9   573.0   3330.2
67   6   -22.6   668.4   3312.1
67   7   133.2   858.7   3240.0
67   8   -348.0   368.6   3391.9
67   9   -349.7   208.3   3375.7
67   10   -435.4   142.3   3364.3
67   11   -429.7   -187.1   3384.4
67   12   -395.4   -492.7   3426.3
67   13   -268.9   134.8   3381.3
67   14   -281.2   -192.8   3418.5
67   15   -301.0   -501.3   3447.0
67   16   -764.5   845.4   3149.7
67   17   107.3   827.0   3252.0
67   18   -349.8   634.7   3309.7
68   0   -352.5   731.7   3310.6
68   1   -349.4   571.3   3329.5
68   2   -477.8   568.2   3304.8
68   3   -649.7   682.6   3226.5
68   4   -788.1   878.2   3134.5
68   5   -221.0   573.0   3330.2
68   6   -22.5   668.1   3312.1
68   7   133.2   858.8   3239.6
68   8   -348.0   368.4   3393.0
68   9   -349.7   208.2   3376.0
68   10   -435.4   142.4   3364.4
68   11   -430.0   -187.0   3383.0
68   12   -395.9   -492.2   3428.2
68   13   -268.8   135.4   3382.9
68   14   -281.2   -192.4   3418.2
68   15   -300.8   -500.9   3447.4
68   16   -765.1   845.6   3149.8
68   17   107.3   827.0   3251.7
68   18   -349.8   634.7   3309.7
69   0   -352.5   731.7   3310.6
69   1   -349.4   571.3   3329.6
69   2   -477.9   568.3   3304.9
69   3   -650.0   682.3   3226.3
69   4   -788.8   878.7   3135.0
69   5   -221.0   573.0   3330.4
69   6   -22.4   667.9   3312.1
69   7   133.4   859.2   3239.1
69   8   -348.0   368.1   3393.5
69   9   -349.8   207.8   3376.5
69   10   -435.3   142.6   3364.5
69   11   -430.4   -187.0   3382.3
69   12   -396.2   -491.8   3429.7
69   13   -268.7   136.0   3384.7
69   14   -281.2   -192.1   3418.0
69   15   -300.5   -500.5   3447.8
69   16   -765.6   846.0   3150.2
69   17   107.4   827.3   3251.3
69   18   -349.8   634.7   3309.7
70   0   -352.5   731.7   3310.6
70   1   -349.4   571.3   3329.6
70   2   -477.9   568.3   3304.9
70   3   -650.1   682.0   3226.3
70   4   -789.6   879.4   3135.5
70   5   -221.1   573.0   3330.4
70   6   -22.3   667.6   3312.1
70   7   133.7   859.7   3238.5
70   8   -348.0   367.6   3393.8
70   9   -349.8   207.4   3377.1
70   10   -435.1   142.7   3364.6
70   11   -430.8   -186.9   3382.1
70   12   -396.3   -491.8   3429.2
70   13   -268.5   136.5   3385.9
70   14   -281.1   -191.8   3417.2
70   15   -300.5   -500.2   3447.7
70   16   -766.3   846.5   3150.6
70   17   107.7   827.6   3250.8
70   18   -349.8   634.7   3309.6
71   0   -352.5   731.8   3310.6
71   1   -349.4   571.3   3329.6
71   2   -477.9   568.4   3305.0
71   3   -650.2   681.8   3226.2
71   4   -790.1   879.9   3135.5
71   5   -221.1   573.0   3330.5
71   6   -22.2   667.3   3312.1
71   7   133.8   860.1   3237.8
71   8   -348.1   367.2   3393.8
71   9   -349.8   206.9   3377.7
71   10   -435.0   142.9   3364.8
71   11   -431.0   -186.7   3382.2
71   12   -396.3   -492.0   3427.2
71   13   -268.5   136.8   3386.9
71   14   -281.1   -191.8   3416.0
71   15   -300.6   -500.1   3447.3
71   16   -766.8   846.9   3150.6
71   17   107.8   828.0   3250.1
71   18   -349.8   634.7   3309.6
72   0   -352.5   731.8   3310.6
72   1   -349.4   571.3   3329.6
72   2   -477.9   568.4   3305.1
72   3   -650.3   681.7   3226.2
72   4   -790.4   880.3   3135.3
72   5   -221.1   573.0   3330.5
72   6   -22.0   667.0   3312.0
72   7   133.9   860.4   3237.0
72   8   -348.1   366.9   3393.9
72   9   -349.8   206.5   3378.3
72   10   -434.9   143.1   3364.9
72   11   -431.4   -186.6   3382.3
72   12   -396.2   -491.9   3426.6
72   13   -268.6   136.9   3387.4
72   14   -281.2   -191.9   3414.5
72   15   -300.5   -500.1   3446.7
72   16   -767.1   847.2   3150.4
72   17   107.9   828.2   3249.5
72   18   -349.8   634.7   3309.6
73   0   -352.5   731.8   3310.6
73   1   -349.4   571.3   3329.6
73   2   -477.9   568.4   3305.2
73   3   -650.3   681.5   3226.1
73   4   -790.7   880.6   3135.1
73   5   -221.1   573.0   3330.5
73   6   -21.8   666.7   3312.0
73   7   133.8   860.6   3235.9
73   8   -348.1   366.6   3393.9
73   9   -349.8   206.1   3378.9
73   10   -434.8   143.3   3365.1
73   11   -432.0   -186.3   3382.1
73   12   -396.2   -491.7   3426.3
73   13   -268.7   136.9   3387.5
73   14   -281.3   -192.0   3412.6
73   15   -300.5   -500.2   3446.1
73   16   -767.3   847.5   3150.3
73   17   107.9   828.3   3248.6
73   18   -349.8   634.7   3309.6
74   0   -352.5   731.8   3310.6
74   1   -349.4   571.3   3329.6
74   2   -477.9   568.4   3305.3
74   3   -650.3   681.4   3226.0
74   4   -790.9   880.9   3134.9
74   5   -221.1   573.0   3330.5
74   6   -21.7   666.3   3312.0
74   7   133.5   860.5   3234.2
74   8   -348.1   366.3   3394.0
74   9   -349.8   205.8   3379.4
74   10   -434.6   143.7   3365.2
74   11   -432.6   -186.1   3381.8
74   12   -396.3   -491.3   3426.1
74   13   -268.9   137.0   3387.5
74   14   -281.4   -192.1   3411.1
74   15   -300.5   -500.2   3445.2
74   16   -767.5   847.6   3150.1
74   17   107.7   828.2   3247.2
74   18   -349.8   634.7   3309.6
75   0   -352.5   731.8   3310.6
75   1   -349.4   571.3   3329.6
75   2   -477.9   568.4   3305.4
75   3   -650.4   681.3   3226.0
75   4   -791.1   881.0   3134.8
75   5   -221.1   573.0   3330.5
75   6   -21.5   666.1   3312.0
75   7   133.1   860.3   3232.1
75   8   -348.2   366.2   3394.0
75   9   -349.8   205.6   3380.0
75   10   -434.5   144.2   3365.2
75   11   -433.3   -185.6   3381.2
75   12   -396.4   -490.7   3426.0
75   13   -269.1   137.1   3387.5
75   14   -281.5   -192.1   3410.9
75   15   -300.3   -500.2   3445.1
75   16   -767.7   847.7   3150.0
75   17   107.4   827.9   3245.4
75   18   -349.8   634.7   3309.6
76   0   -352.5   731.8   3310.6
76   1   -349.4   571.2   3329.6
76   2   -477.9   568.4   3305.6
76   3   -650.5   681.1   3226.1
76   4   -791.2   881.1   3134.8
76   5   -221.1   573.0   3330.5
76   6   -21.4   665.9   3311.9
76   7   132.6   859.9   3229.6
76   8   -348.2   366.1   3394.1
76   9   -349.8   205.5   3380.6
76   10   -434.4   144.8   3365.3
76   11   -434.0   -185.0   3380.6
76   12   -396.5   -490.0   3426.0
76   13   -269.4   137.2   3387.4
76   14   -281.7   -191.9   3411.7
76   15   -299.9   -500.2   3445.1
76   16   -767.8   847.8   3150.0
76   17   106.9   827.5   3243.3
76   18   -349.8   634.7   3309.6
77   0   -352.5   731.8   3310.6
77   1   -349.4   571.2   3329.6
77   2   -477.9   568.4   3305.7
77   3   -650.6   681.0   3226.1
77   4   -791.3   881.2   3134.7
77   5   -221.1   573.0   3330.5
77   6   -21.3   665.6   3311.9
77   7   131.9   859.3   3226.7
77   8   -348.2   366.1   3394.1
77   9   -349.8   205.4   3381.1
77   10   -434.4   145.6   3365.4
77   11   -434.2   -184.4   3379.5
77   12   -396.5   -489.2   3426.1
77   13   -269.6   137.3   3387.3
77   14   -281.8   -191.8   3412.0
77   15   -299.7   -500.2   3444.8
77   16   -767.9   847.8   3150.0
77   17   106.4   827.0   3240.9
77   18   -349.8   634.7   3309.6
78   0   -352.5   731.8   3310.6
78   1   -349.4   571.2   3329.6
78   2   -477.9   568.4   3305.8
78   3   -650.7   680.7   3226.1
78   4   -791.4   881.1   3134.7
78   5   -221.1   573.0   3330.5
78   6   -21.1   665.3   3311.7
78   7   131.1   858.6   3223.7
78   8   -348.3   366.1   3394.2
78   9   -349.8   205.4   3381.6
78   10   -434.4   146.4   3365.5
78   11   -434.3   -183.7   3378.4
78   12   -396.4   -488.3   3426.3
78   13   -269.9   137.5   3387.3
78   14   -282.0   -191.6   3412.2
78   15   -299.8   -500.1   3444.8
78   16   -768.0   847.7   3149.9
78   17   105.8   826.4   3238.3
78   18   -349.8   634.7   3309.6
79   0   -352.5   731.8   3310.6
79   1   -349.5   571.2   3329.6
79   2   -477.9   568.4   3306.0
79   3   -650.7   680.6   3226.0
79   4   -791.6   881.0   3134.5
79   5   -221.1   573.0   3330.5
79   6   -21.0   665.2   3311.5
79   7   130.7   858.2   3221.6
79   8   -348.3   366.1   3394.2
79   9   -349.8   205.3   3382.1
79   10   -434.3   146.8   3365.6
79   11   -434.3   -183.3   3378.6
79   12   -396.2   -487.8   3426.8
79   13   -270.1   137.6   3387.3
79   14   -282.1   -191.6   3412.3
79   15   -300.0   -500.0   3445.5
79   16   -768.1   847.6   3149.8
79   17   105.4   826.0   3236.6
79   18   -349.8   634.7   3309.6
80   0   -352.5   731.8   3310.6
80   1   -349.5   571.2   3329.6
80   2   -477.9   568.4   3306.5
80   3   -650.6   680.4   3225.7
80   4   -791.8   880.8   3134.5
80   5   -221.1   573.1   3330.6
80   6   -21.0   665.2   3311.3
80   7   130.8   858.3   3221.4
80   8   -348.3   366.2   3394.2
80   9   -349.8   205.4   3382.3
80   10   -434.1   147.0   3365.6
80   11   -434.2   -183.1   3378.7
80   12   -395.8   -487.6   3427.3
80   13   -270.4   137.6   3387.2
80   14   -282.2   -191.6   3412.3
80   15   -300.0   -500.0   3445.8
80   16   -768.2   847.4   3149.7
80   17   105.5   826.1   3236.4
80   18   -349.8   634.7   3309.6
81   0   -352.5   731.8   3310.6
81   1   -349.5   571.2   3329.6
81   2   -477.9   568.4   3306.7
81   3   -650.5   680.2   3225.4
81   4   -792.0   880.7   3134.5
81   5   -221.0   573.1   3330.6
81   6   -21.0   665.1   3311.1
81   7   131.0   858.4   3221.4
81   8   -348.3   366.2   3394.2
81   9   -349.8   205.4   3382.5
81   10   -434.0   147.2   3365.7
81   11   -434.0   -182.9   3378.8
81   12   -395.8   -487.5   3427.2
81   13   -270.5   137.6   3387.2
81   14   -282.2   -191.6   3412.3
81   15   -300.0   -500.0   3445.8
81   16   -768.4   847.3   3149.6
81   17   105.7   826.2   3236.3
81   18   -349.8   634.7   3309.6
82   0   -352.5   731.8   3310.6
82   1   -349.5   571.2   3329.6
82   2   -477.9   568.4   3306.8
82   3   -650.5   680.0   3225.1
82   4   -792.3   880.6   3134.4
82   5   -221.0   573.1   3330.6
82   6   -21.0   665.1   3310.8
82   7   131.2   858.6   3221.3
82   8   -348.4   366.4   3394.2
82   9   -349.8   205.5   3382.6
82   10   -433.9   147.3   3365.8
82   11   -433.7   -182.9   3379.0
82   12   -395.8   -487.5   3427.1
82   13   -270.6   137.7   3387.2
82   14   -282.2   -191.6   3412.3
82   15   -300.0   -500.0   3445.8
82   16   -768.7   847.1   3149.5
82   17   105.8   826.3   3236.2
82   18   -349.8   634.7   3309.6
83   0   -352.5   731.9   3310.5
83   1   -349.5   571.2   3329.6
83   2   -478.0   568.4   3306.7
83   3   -650.2   679.6   3223.9
83   4   -792.4   880.5   3134.1
83   5   -221.0   573.1   3330.6
83   6   -21.0   665.1   3310.0
83   7   131.5   858.8   3221.2
83   8   -348.4   366.5   3394.1
83   9   -349.8   205.6   3382.4
83   10   -433.9   147.4   3365.8
83   11   -433.6   -182.8   3379.2
83   12   -395.7   -487.5   3427.0
83   13   -270.7   137.7   3387.2
83   14   -282.3   -191.5   3412.2
83   15   -300.0   -500.0   3446.3
83   16   -768.7   847.0   3149.1
83   17   106.1   826.5   3236.0
83   18   -349.8   634.7   3309.6
84   0   -352.5   731.9   3310.4
84   1   -349.5   571.2   3329.6
84   2   -478.0   568.4   3306.7
84   3   -649.8   679.2   3222.4
84   4   -792.5   880.4   3133.8
84   5   -221.0   573.1   3330.6
84   6   -21.1   665.1   3309.0
84   7   131.8   859.0   3221.1
84   8   -348.4   366.6   3393.9
84   9   -349.8   205.8   3382.1
84   10   -434.0   147.5   3365.8
84   11   -433.5   -182.7   3379.3
84   12   -395.7   -487.5   3427.0
84   13   -270.8   137.8   3387.2
84   14   -282.3   -191.5   3412.2
84   15   -300.1   -499.6   3449.2
84   16   -768.7   846.9   3148.5
84   17   106.3   826.7   3235.8
84   18   -349.8   634.7   3309.6
85   0   -352.5   731.9   3310.2
85   1   -349.5   571.2   3329.6
85   2   -478.0   568.4   3306.6
85   3   -649.5   678.4   3220.5
85   4   -792.3   880.2   3133.2
85   5   -221.0   573.1   3330.6
85   6   -21.2   665.0   3307.1
85   7   132.2   859.3   3220.9
85   8   -348.4   366.7   3393.6
85   9   -349.8   205.9   3381.8
85   10   -434.0   147.6   3365.9
85   11   -433.5   -182.6   3379.3
85   12   -395.8   -487.4   3427.1
85   13   -270.9   137.8   3387.0
85   14   -282.5   -191.5   3412.2
85   15   -300.2   -499.4   3450.6
85   16   -768.5   846.5   3147.8
85   17   106.6   826.9   3235.3
85   18   -349.8   634.7   3309.6
86   0   -352.5   731.9   3309.8
86   1   -349.5   571.2   3329.5
86   2   -478.0   568.4   3306.6
86   3   -649.1   677.4   3218.4
86   4   -792.0   880.0   3133.2
86   5   -220.9   573.1   3330.6
86   6   -21.4   664.8   3304.3
86   7   132.7   859.7   3220.3
86   8   -348.5   366.9   3393.3
86   9   -349.8   206.0   3381.4
86   10   -434.1   147.7   3365.9
86   11   -433.5   -182.5   3379.3
86   12   -395.8   -487.4   3427.2
86   13   -270.9   137.9   3386.8
86   14   -282.6   -191.4   3412.2
86   15   -300.5   -499.2   3451.7
86   16   -768.2   846.2   3147.4
86   17   107.0   827.2   3234.3
86   18   -349.8   634.7   3309.6
87   0   -352.5   731.9   3309.4
87   1   -349.5   571.1   3329.4
87   2   -478.0   568.4   3306.6
87   3   -649.0   676.0   3216.5
87   4   -791.7   879.9   3133.3
87   5   -220.9   573.1   3330.5
87   6   -22.0   664.5   3299.4
87   7   133.5   860.2   3219.7
87   8   -348.5   367.0   3393.0
87   9   -349.8   206.1   3381.1
87   10   -434.1   147.8   3365.8
87   11   -433.5   -182.5   3379.1
87   12   -395.8   -487.3   3427.4
87   13   -271.0   138.0   3386.6
87   14   -282.8   -191.4   3412.1
87   15   -300.8   -499.0   3453.4
87   16   -767.9   845.9   3147.2
87   17   107.6   827.6   3233.0
87   18   -349.8   634.7   3309.6
88   0   -352.5   731.9   3307.8
88   1   -349.5   571.1   3329.3
88   2   -478.1   568.4   3306.6
88   3   -649.3   674.8   3215.5
88   4   -791.1   879.6   3132.0
88   5   -220.9   573.1   3330.5
88   6   -22.8   664.0   3293.4
88   7   134.5   860.9   3219.0
88   8   -348.5   367.1   3392.7
88   9   -349.8   206.2   3380.8
88   10   -434.0   147.8   3365.8
88   11   -433.5   -182.5   3378.9
88   12   -395.8   -487.3   3427.4
88   13   -271.1   138.0   3386.4
88   14   -283.0   -191.3   3411.9
88   15   -301.1   -498.0   3459.8
88   16   -767.5   845.4   3145.9
88   17   108.3   828.1   3231.4
88   18   -349.8   634.7   3309.6
89   0   -352.5   731.7   3304.5
89   1   -349.5   571.1   3329.3
89   2   -478.1   568.4   3306.6
89   3   -649.5   674.3   3215.2
89   4   -791.0   879.6   3131.1
89   5   -220.9   573.1   3330.5
89   6   -23.0   663.8   3290.7
89   7   134.7   860.5   3215.5
89   8   -348.5   367.2   3392.3
89   9   -349.8   206.3   3380.6
89   10   -434.0   147.9   3365.8
89   11   -433.4   -182.4   3379.0
89   12   -395.7   -487.3   3427.4
89   13   -271.1   138.1   3386.0
89   14   -283.2   -191.3   3411.6
89   15   -301.6   -497.7   3461.6
89   16   -767.4   845.4   3145.1
89   17   108.4   827.7   3228.0
89   18   -349.8   634.7   3309.6
90   0   -352.5   731.3   3299.5
90   1   -349.5   571.0   3329.1
90   2   -478.1   568.4   3306.6
90   3   -649.6   674.2   3215.3
90   4   -791.1   879.8   3130.5
90   5   -220.8   573.1   3330.5
90   6   -23.1   663.6   3289.7
90   7   134.9   860.3   3213.5
90   8   -348.6   367.2   3391.7
90   9   -349.9   206.2   3380.3
90   10   -433.9   147.8   3365.8
90   11   -433.2   -182.5   3378.9
90   12   -395.6   -487.4   3427.3
90   13   -271.2   138.1   3385.6
90   14   -283.2   -191.3   3411.4
90   15   -301.8   -496.5   3468.1
90   16   -767.5   845.5   3144.6
90   17   108.6   827.5   3226.2
90   18   -349.8   634.7   3309.5
91   0   -352.5   730.6   3294.0
91   1   -349.5   571.0   3328.9
91   2   -478.2   568.4   3306.6
91   3   -649.8   674.3   3215.4
91   4   -791.3   880.0   3130.1
91   5   -220.8   573.1   3330.4
91   6   -23.0   663.5   3289.4
91   7   135.1   859.7   3211.2
91   8   -348.6   367.2   3390.9
91   9   -349.9   206.2   3380.1
91   10   -433.9   147.8   3365.7
91   11   -433.0   -182.6   3378.9
91   12   -395.3   -487.5   3427.1
91   13   -271.2   138.1   3385.1
91   14   -283.2   -191.3   3411.2
91   15   -302.0   -494.7   3476.5
91   16   -767.7   845.7   3144.3
91   17   108.7   827.0   3224.2
91   18   -349.8   634.7   3309.5
92   0   -352.5   729.9   3289.9
92   1   -349.5   570.9   3328.6
92   2   -478.2   568.4   3306.6
92   3   -649.7   674.3   3215.3
92   4   -791.4   880.1   3129.8
92   5   -220.8   573.1   3330.3
92   6   -22.9   663.4   3289.3
92   7   135.2   859.1   3208.9
92   8   -348.7   367.2   3390.1
92   9   -349.9   206.1   3379.8
92   10   -433.9   147.8   3365.6
92   11   -432.8   -182.6   3378.9
92   12   -395.2   -487.6   3426.8
92   13   -271.2   138.1   3384.5
92   14   -283.2   -191.2   3411.1
92   15   -302.3   -494.4   3478.0
92   16   -767.8   845.8   3144.1
92   17   108.8   826.5   3222.3
92   18   -349.8   634.7   3309.3
93   0   -352.5   729.5   3287.4
93   1   -349.6   570.9   3328.3
93   2   -478.2   568.4   3306.5
93   3   -649.7   674.3   3215.0
93   4   -791.6   880.2   3129.6
93   5   -220.7   573.1   3330.1
93   6   -22.8   663.3   3289.4
93   7   135.6   858.7   3208.3
93   8   -348.7   367.2   3389.1
93   9   -349.9   206.1   3379.5
93   10   -433.9   147.8   3365.5
93   11   -432.6   -182.6   3378.9
93   12   -395.1   -487.7   3426.7
93   13   -271.2   138.2   3383.6
93   14   -283.2   -191.2   3410.9
93   15   -302.7   -494.3   3478.2
93   16   -767.9   845.9   3143.8
93   17   109.2   826.1   3221.9
93   18   -349.8   634.7   3309.2
94   0   -352.4   729.3   3286.2
94   1   -349.6   570.8   3327.9
94   2   -478.3   568.5   3306.5
94   3   -649.6   674.3   3214.6
94   4   -791.7   880.3   3129.3
94   5   -220.7   573.1   3329.9
94   6   -22.6   663.2   3289.6
94   7   136.3   858.3   3208.2
94   8   -348.8   367.3   3388.1
94   9   -349.9   206.1   3379.2
94   10   -433.9   147.8   3365.4
94   11   -432.3   -182.6   3378.8
94   12   -394.5   -487.8   3426.4
94   13   -271.2   138.2   3382.5
94   14   -283.2   -191.1   3410.7
94   15   -302.6   -495.3   3472.9
94   16   -768.0   846.0   3143.5
94   17   109.8   825.8   3221.8
94   18   -349.8   634.7   3309.0
95   0   -352.4   729.3   3285.7
95   1   -349.6   570.8   3327.4
95   2   -478.4   568.6   3306.5
95   3   -649.6   674.3   3214.1
95   4   -791.8   880.4   3129.1
95   5   -220.7   573.2   3329.6
95   6   -22.3   663.1   3289.7
95   7   137.1   857.8   3208.4
95   8   -348.8   367.4   3387.0
95   9   -349.9   206.2   3378.8
95   10   -433.8   147.8   3365.3
95   11   -432.0   -182.7   3378.8
95   12   -393.9   -487.9   3425.6
95   13   -271.2   138.1   3381.1
95   14   -283.1   -191.1   3410.5
95   15   -301.7   -497.9   3456.4
95   16   -768.1   846.1   3143.2
95   17   110.5   825.3   3221.9
95   18   -349.8   634.7   3308.6
96   0   -352.4   729.4   3285.6
96   1   -349.6   570.7   3326.7
96   2   -478.5   568.7   3306.4
96   3   -649.5   674.2   3213.4
96   4   -791.8   880.5   3128.9
96   5   -220.6   573.2   3329.0
96   6   -22.1   663.0   3289.9
96   7   138.5   856.9   3208.8
96   8   -348.9   367.5   3385.9
96   9   -349.9   206.2   3378.5
96   10   -433.8   147.7   3365.1
96   11   -431.9   -182.8   3378.7
96   12   -393.0   -488.1   3424.5
96   13   -271.2   138.1   3379.7
96   14   -283.1   -191.0   3410.1
96   15   -301.0   -499.7   3442.6
96   16   -768.1   846.1   3143.0
96   17   111.7   824.6   3222.3
96   18   -349.8   634.7   3308.1
97   0   -352.5   729.5   3285.7
97   1   -349.6   570.7   3326.1
97   2   -478.6   568.8   3306.4
97   3   -649.2   674.0   3212.5
97   4   -791.9   880.5   3128.8
97   5   -220.5   573.2   3328.3
97   6   -21.8   662.9   3290.0
97   7   139.1   856.6   3209.0
97   8   -349.0   367.4   3384.8
97   9   -349.9   206.1   3378.2
97   10   -433.8   147.7   3364.8
97   11   -431.9   -182.8   3378.6
97   12   -390.8   -488.0   3423.6
97   13   -271.2   138.1   3378.0
97   14   -283.1   -191.0   3409.7
97   15   -300.5   -500.8   3431.9
97   16   -768.1   846.1   3142.7
97   17   112.3   824.3   3222.5
97   18   -349.8   634.7   3307.5
98   0   -352.5   729.7   3285.9
98   1   -349.6   570.6   3325.2
98   2   -478.6   568.8   3306.3
98   3   -648.9   673.9   3211.5
98   4   -791.8   880.4   3128.7
98   5   -220.5   573.2   3327.4
98   6   -21.5   662.9   3290.3
98   7   139.3   856.4   3208.9
98   8   -349.0   367.4   3383.6
98   9   -349.9   206.0   3377.9
98   10   -433.8   147.7   3364.5
98   11   -431.9   -182.9   3378.6
98   12   -387.0   -487.6   3423.0
98   13   -271.2   138.2   3376.3
98   14   -283.1   -190.9   3409.3
98   15   -300.2   -501.0   3429.9
98   16   -768.0   846.0   3142.5
98   17   112.5   824.2   3222.5
98   18   -349.8   634.7   3306.8
99   0   -352.5   730.0   3286.1
99   1   -349.7   570.6   3324.3
99   2   -478.7   568.8   3306.2
99   3   -648.8   673.8   3211.2
99   4   -791.8   880.3   3128.7
99   5   -220.4   573.2   3326.4
99   6   -21.2   663.0   3290.6
99   7   139.3   856.5   3208.8
99   8   -349.2   367.3   3382.4
99   9   -349.9   205.9   3377.5
99   10   -433.7   147.7   3364.0
99   11   -431.9   -182.9   3378.5
99   12   -382.6   -487.0   3422.6
99   13   -271.2   138.2   3374.5
99   14   -283.0   -190.7   3408.9
99   15   -300.2   -500.6   3432.6
99   16   -768.0   845.9   3142.4
99   17   112.5   824.2   3222.4
99   18   -349.8   634.7   3306.0
100   0   -352.5   730.2   3286.3
100   1   -349.7   570.6   3323.3
100   2   -478.7   568.8   3306.1
100   3   -648.8   673.9   3211.0
100   4   -791.8   880.3   3128.6
100   5   -220.4   573.2   3325.3
100   6   -20.9   663.0   3290.9
100   7   139.2   856.6   3208.8
100   8   -349.3   367.3   3381.3
100   9   -349.9   205.8   3377.2
100   10   -433.7   147.7   3363.4
100   11   -431.9   -182.9   3378.3
100   12   -382.9   -487.1   3422.6
100   13   -271.2   138.3   3372.7
100   14   -283.0   -190.5   3408.3
100   15   -300.2   -500.3   3434.4
100   16   -768.0   845.9   3142.3
100   17   112.5   824.4   3222.4
100   18   -349.8   634.7   3304.9
101   0   -352.5   730.5   3286.6
101   1   -349.7   570.6   3322.2
101   2   -478.7   568.7   3306.0
101   3   -648.9   673.9   3210.9
101   4   -791.8   880.3   3128.5
101   5   -220.3   573.2   3324.2
101   6   -20.6   663.1   3291.2
101   7   139.1   856.9   3208.8
101   8   -349.5   367.3   3380.3
101   9   -349.9   205.8   3376.9
101   10   -433.6   147.7   3362.8
101   11   -431.9   -182.9   3378.2
101   12   -387.7   -487.8   3422.7
101   13   -271.2   138.3   3372.0
101   14   -283.0   -190.5   3407.8
101   15   -300.2   -500.2   3434.9
101   16   -768.0   845.9   3142.2
101   17   112.5   824.6   3222.5
101   18   -349.8   634.7   3303.9
102   0   -352.5   730.7   3286.9
102   1   -349.8   570.6   3321.2
102   2   -478.7   568.7   3305.9
102   3   -648.9   673.9   3210.9
102   4   -791.8   880.3   3128.4
102   5   -220.3   573.2   3323.2
102   6   -20.4   663.1   3291.3
102   7   139.1   857.1   3209.0
102   8   -349.6   367.4   3379.3
102   9   -349.9   205.8   3376.6
102   10   -433.5   147.7   3362.0
102   11   -432.0   -182.9   3378.1
102   12   -391.2   -488.3   3422.8
102   13   -271.2   138.4   3371.7
102   14   -283.0   -190.6   3406.9
102   15   -300.3   -500.3   3434.6
102   16   -768.0   845.9   3142.1
102   17   112.5   824.8   3222.7
102   18   -349.8   634.7   3302.9
103   0   -352.5   730.9   3287.2
103   1   -349.8   570.6   3320.2
103   2   -478.7   568.7   3305.8
103   3   -649.0   674.0   3210.8
103   4   -791.8   880.4   3128.3
103   5   -220.2   573.2   3322.1
103   6   -20.1   663.2   3291.5
103   7   139.0   857.4   3209.3
103   8   -349.8   367.4   3378.3
103   9   -349.9   205.8   3376.3
103   10   -433.4   147.8   3361.2
103   11   -432.0   -182.9   3377.9
103   12   -391.8   -488.4   3422.7
103   13   -271.2   138.4   3371.7
103   14   -283.0   -190.7   3405.8
103   15   -300.3   -500.4   3433.8
103   16   -768.0   846.0   3142.0
103   17   112.5   825.0   3223.0
103   18   -349.8   634.7   3301.8
104   0   -352.5   731.2   3287.5
104   1   -349.9   570.6   3319.3
104   2   -478.7   568.7   3305.6
104   3   -649.1   674.0   3210.8
104   4   -791.8   880.4   3128.1
104   5   -220.2   573.2   3320.9
104   6   -19.8   663.2   3291.7
104   7   138.8   858.0   3209.9
104   8   -350.0   367.6   3377.6
104   9   -350.0   205.9   3376.0
104   10   -433.3   147.8   3360.3
104   11   -432.0   -182.8   3377.7
104   12   -391.3   -488.3   3422.5
104   13   -271.1   138.5   3371.7
104   14   -283.0   -190.7   3405.3
104   15   -300.4   -500.5   3432.5
104   16   -768.0   846.0   3141.9
104   17   112.4   825.5   3223.5
104   18   -349.8   634.7   3300.8
105   0   -352.5   731.3   3287.9
105   1   -349.9   570.6   3318.4
105   2   -478.7   568.7   3305.5
105   3   -649.2   674.1   3210.8
105   4   -791.8   880.5   3127.9
105   5   -220.1   573.1   3319.6
105   6   -19.5   663.1   3291.8
105   7   138.4   858.7   3210.4
105   8   -350.2   367.7   3377.1
105   9   -350.0   206.1   3375.7
105   10   -433.2   147.9   3359.3
105   11   -432.1   -182.7   3377.5
105   12   -391.8   -488.3   3422.3
105   13   -271.1   138.7   3371.7
105   14   -283.0   -190.6   3405.1
105   15   -300.3   -500.5   3431.9
105   16   -768.0   846.1   3141.8
105   17   112.1   826.1   3224.0
105   18   -349.8   634.7   3299.9
106   0   -352.5   731.5   3288.2
106   1   -350.0   570.7   3317.6
106   2   -478.7   568.7   3305.4
106   3   -649.2   674.2   3210.9
106   4   -791.8   880.5   3127.9
106   5   -220.0   573.1   3318.4
106   6   -19.2   663.1   3292.0
106   7   138.1   859.2   3210.9
106   8   -350.4   368.0   3376.8
106   9   -350.0   206.3   3375.4
106   10   -433.0   148.0   3358.2
106   11   -432.1   -182.6   3377.1
106   12   -392.7   -488.3   3422.3
106   13   -271.0   138.8   3371.7
106   14   -283.0   -190.5   3405.0
106   15   -300.2   -500.4   3431.6
106   16   -768.0   846.1   3141.7
106   17   111.9   826.5   3224.4
106   18   -349.8   634.7   3298.9
107   0   -352.5   731.7   3288.5
107   1   -350.0   570.7   3316.8
107   2   -478.7   568.7   3305.2
107   3   -649.3   674.3   3210.9
107   4   -791.8   880.6   3127.8
107   5   -220.0   573.1   3317.2
107   6   -18.9   663.0   3292.2
107   7   138.2   859.8   3212.4
107   8   -350.6   368.2   3376.6
107   9   -350.0   206.6   3375.1
107   10   -432.9   148.2   3357.2
107   11   -432.2   -182.5   3376.6
107   12   -392.1   -488.1   3422.1
107   13   -270.9   139.0   3371.8
107   14   -282.9   -190.3   3404.9
107   15   -300.4   -500.3   3431.7
107   16   -768.0   846.2   3141.6
107   17   112.0   827.0   3225.7
107   18   -349.8   634.7   3297.9
108   0   -352.5   731.8   3288.7
108   1   -350.0   570.8   3316.1
108   2   -478.7   568.7   3305.1
108   3   -649.4   674.3   3210.9
108   4   -791.8   880.6   3127.8
108   5   -219.9   573.1   3316.1
108   6   -18.6   662.9   3292.3
108   7   138.4   860.4   3214.3
108   8   -350.8   368.5   3376.4
108   9   -350.0   206.8   3374.9
108   10   -432.8   148.2   3356.8
108   11   -432.2   -182.5   3376.2
108   12   -391.0   -488.0   3422.0
108   13   -270.9   139.1   3371.8
108   14   -282.9   -190.3   3404.8
108   15   -300.5   -500.2   3432.1
108   16   -768.0   846.3   3141.6
108   17   112.2   827.5   3227.3
108   18   -349.8   634.7   3297.0
109   0   -352.5   731.9   3289.0
109   1   -350.1   570.8   3315.4
109   2   -478.7   568.8   3304.9
109   3   -649.5   674.4   3211.0
109   4   -791.7   880.7   3127.7
109   5   -219.9   573.2   3315.6
109   6   -18.4   662.8   3292.4
109   7   138.4   860.6   3215.1
109   8   -351.0   368.8   3376.3
109   9   -350.0   207.1   3374.6
109   10   -432.8   148.2   3356.9
109   11   -432.3   -182.6   3375.8
109   12   -390.6   -488.1   3421.6
109   13   -270.9   139.2   3371.8
109   14   -282.9   -190.3   3404.8
109   15   -300.4   -500.3   3432.2
109   16   -768.0   846.3   3141.6
109   17   112.2   827.6   3228.0
109   18   -349.8   634.7   3296.1
110   0   -352.5   732.0   3289.2
110   1   -350.2   570.8   3314.9
110   2   -478.7   568.8   3304.8
110   3   -649.6   674.6   3211.0
110   4   -791.6   880.9   3127.7
110   5   -219.9   573.2   3315.6
110   6   -18.3   662.7   3292.5
110   7   138.3   860.7   3215.4
110   8   -351.2   369.0   3376.3
110   9   -350.0   207.3   3374.4
110   10   -432.8   148.2   3356.9
110   11   -432.3   -182.7   3375.4
110   12   -390.4   -488.7   3417.2
110   13   -270.9   139.3   3371.8
110   14   -282.9   -190.3   3404.8
110   15   -300.3   -500.3   3431.9
110   16   -768.0   846.5   3141.6
110   17   112.2   827.7   3228.3
110   18   -349.8   634.7   3295.5
111   0   -352.5   732.0   3289.4
111   1   -350.2   570.9   3314.6
111   2   -478.8   568.8   3304.7
111   3   -649.7   674.7   3211.1
111   4   -791.6   881.0   3127.7
111   5   -219.9   573.3   3315.7
111   6   -18.2   662.7   3292.6
111   7   138.2   860.7   3215.4
111   8   -351.5   369.2   3376.2
111   9   -350.1   207.4   3374.1
111   10   -432.9   148.2   3356.9
111   11   -432.3   -182.7   3374.9
111   12   -390.6   -489.4   3413.1
111   13   -270.9   139.4   3371.8
111   14   -282.9   -190.2   3404.8
111   15   -300.2   -500.4   3431.4
111   16   -767.9   846.6   3141.6
111   17   112.2   827.7   3228.3
111   18   -349.8   634.7   3295.0
112   0   -352.6   732.0   3289.6
112   1   -350.3   570.9   3314.4
112   2   -478.9   568.7   3304.5
112   3   -649.9   674.8   3211.1
112   4   -791.6   881.1   3127.7
112   5   -219.8   573.4   3315.9
112   6   -18.1   662.8   3292.8
112   7   138.2   860.6   3215.3
112   8   -351.7   369.3   3376.1
112   9   -350.1   207.5   3373.8
112   10   -432.8   148.2   3356.9
112   11   -432.3   -182.8   3374.4
112   12   -390.8   -489.7   3411.5
112   13   -270.9   139.5   3371.8
112   14   -282.9   -190.2   3404.8
112   15   -300.2   -500.5   3431.0
112   16   -767.9   846.7   3141.6
112   17   112.1   827.7   3228.2
112   18   -349.8   634.7   3294.8
113   0   -352.6   732.1   3289.7
113   1   -350.3   570.8   3314.4
113   2   -479.0   568.7   3304.4
113   3   -650.0   674.9   3211.1
113   4   -791.5   881.1   3127.6
113   5   -219.8   573.4   3316.4
113   6   -18.0   662.8   3293.0
113   7   138.1   860.5   3215.2
113   8   -351.8   369.3   3376.0
113   9   -350.1   207.5   3373.6
113   10   -432.8   148.2   3356.9
113   11   -432.3   -182.9   3374.3
113   12   -390.9   -489.9   3410.5
113   13   -270.9   139.5   3371.8
113   14   -282.9   -190.2   3404.8
113   15   -300.3   -500.6   3430.5
113   16   -768.0   846.8   3141.6
113   17   112.1   827.6   3228.1
113   18   -349.8   634.7   3294.8
114   0   -352.6   732.1   3289.8
114   1   -350.3   570.8   3314.4
114   2   -479.1   568.7   3304.3
114   3   -650.2   675.0   3211.2
114   4   -791.5   881.2   3127.6
114   5   -219.7   573.4   3316.8
114   6   -17.9   662.8   3293.2
114   7   137.9   860.4   3215.0
114   8   -351.9   369.3   3375.9
114   9   -350.1   207.5   3373.3
114   10   -432.8   148.2   3356.9
114   11   -432.3   -183.0   3374.3
114   12   -390.9   -490.1   3409.8
114   13   -270.9   139.5   3371.8
114   14   -282.9   -190.2   3404.8
114   15   -300.3   -500.7   3430.3
114   16   -768.0   846.8   3141.5
114   17   112.0   827.5   3228.1
114   18   -349.8   634.7   3294.8
115   0   -352.6   732.1   3290.0
115   1   -350.3   570.8   3314.4
115   2   -479.2   568.6   3304.1
115   3   -650.4   675.1   3211.1
115   4   -791.5   881.2   3127.6
115   5   -219.7   573.5   3317.6
115   6   -17.9   662.8   3293.4
115   7   137.8   860.2   3214.9
115   8   -351.9   369.4   3375.9
115   9   -350.1   207.5   3373.0
115   10   -432.8   148.2   3356.8
115   11   -432.3   -183.0   3374.3
115   12   -390.9   -490.3   3409.7
115   13   -271.0   139.6   3371.8
115   14   -282.9   -190.3   3404.8
115   15   -300.3   -500.8   3430.5
115   16   -768.0   846.9   3141.5
115   17   111.8   827.3   3228.0
115   18   -349.8   634.7   3294.9
116   0   -352.6   732.1   3290.2
116   1   -350.3   570.8   3314.4
116   2   -479.3   568.6   3304.0
116   3   -650.5   675.1   3211.1
116   4   -791.5   881.3   3127.5
116   5   -219.7   573.5   3318.6
116   6   -18.0   662.8   3293.7
116   7   137.6   860.0   3214.8
116   8   -351.9   369.4   3375.8
116   9   -350.1   207.5   3372.8
116   10   -432.8   148.2   3356.8
116   11   -432.3   -183.1   3374.3
116   12   -391.1   -490.3   3410.8
116   13   -271.0   139.6   3371.8
116   14   -282.9   -190.3   3404.8
116   15   -300.5   -500.8   3431.0
116   16   -768.0   846.9   3141.5
116   17   111.7   827.1   3227.9
116   18   -349.8   634.7   3294.9
117   0   -352.7   732.2   3290.4
117   1   -350.3   570.8   3314.4
117   2   -479.5   568.5   3303.8
117   3   -650.7   675.2   3211.2
117   4   -791.5   881.3   3127.5
117   5   -219.6   573.5   3319.0
117   6   -17.8   662.8   3294.2
117   7   137.5   859.9   3214.5
117   8   -351.9   369.5   3375.8
117   9   -350.1   207.5   3372.5
117   10   -432.8   148.2   3356.8
117   11   -432.3   -183.2   3374.3
117   12   -391.4   -490.3   3412.3
117   13   -271.0   139.6   3371.8
117   14   -282.9   -190.4   3405.2
117   15   -300.5   -500.9   3431.2
117   16   -768.0   847.0   3141.4
117   17   111.6   827.0   3227.8
117   18   -349.8   634.7   3294.9
118   0   -352.7   732.2   3290.5
118   1   -350.3   570.7   3314.5
118   2   -479.6   568.5   3303.7
118   3   -651.0   675.3   3211.3
118   4   -791.5   881.4   3127.4
118   5   -219.5   573.5   3319.0
118   6   -17.6   662.9   3294.7
118   7   137.3   859.8   3214.2
118   8   -351.9   369.5   3375.7
118   9   -350.1   207.6   3372.3
118   10   -432.8   148.1   3356.8
118   11   -432.3   -183.3   3374.3
118   12   -391.8   -490.3   3414.1
118   13   -271.0   139.6   3371.8
118   14   -282.9   -190.4   3405.8
118   15   -301.1   -501.0   3431.7
118   16   -768.0   847.1   3141.4
118   17   111.5   827.0   3227.6
118   18   -349.8   634.7   3295.0
119   0   -352.7   732.2   3290.7
119   1   -350.3   570.7   3314.5
119   2   -479.7   568.4   3303.5
119   3   -651.3   675.3   3211.3
119   4   -791.4   881.5   3127.4
119   5   -219.3   573.5   3319.0
119   6   -17.4   663.1   3295.0
119   7   137.2   859.7   3213.9
119   8   -351.9   369.6   3375.7
119   9   -350.1   207.6   3372.1
119   10   -432.8   148.1   3356.8
119   11   -432.3   -183.4   3374.3
119   12   -392.2   -490.6   3414.0
119   13   -271.0   139.6   3371.9
119   14   -282.9   -190.4   3406.0
119   15   -301.3   -501.1   3431.4
119   16   -768.1   847.1   3141.4
119   17   111.4   827.0   3227.4
119   18   -349.8   634.7   3295.0
120   0   -352.7   732.3   3290.9
120   1   -350.3   570.7   3314.5
120   2   -479.9   568.4   3303.4
120   3   -651.5   675.4   3211.3
120   4   -791.4   881.5   3127.3
120   5   -219.1   573.6   3319.0
120   6   -17.3   663.1   3294.2
120   7   137.4   860.1   3214.4
120   8   -351.9   369.7   3375.7
120   9   -350.1   207.6   3372.0
120   10   -432.8   148.0   3356.8
120   11   -432.3   -183.6   3374.4
120   12   -392.7   -491.1   3412.5
120   13   -271.0   139.6   3371.9
120   14   -282.9   -190.5   3406.1
120   15   -301.2   -501.3   3430.9
120   16   -768.1   847.2   3141.3
120   17   111.7   827.3   3227.7
120   18   -349.8   634.7   3295.0
121   0   -352.8   732.3   3291.1
121   1   -350.3   570.7   3314.5
121   2   -480.0   568.3   3303.2
121   3   -651.7   675.5   3211.3
121   4   -791.4   881.6   3127.3
121   5   -218.9   573.6   3319.0
121   6   -17.1   663.1   3293.7
121   7   137.6   860.4   3214.6
121   8   -351.9   369.8   3375.7
121   9   -350.1   207.7   3371.9
121   10   -432.8   147.9   3356.9
121   11   -432.3   -183.7   3374.4
121   12   -393.3   -491.6   3410.4
121   13   -271.0   139.6   3372.1
121   14   -282.9   -190.5   3406.2
121   15   -301.2   -501.5   3430.6
121   16   -768.1   847.2   3141.3
121   17   111.8   827.5   3227.8
121   18   -349.8   634.7   3295.0
122   0   -352.8   732.3   3291.4
122   1   -350.3   570.7   3314.6
122   2   -480.2   568.2   3303.2
122   3   -651.8   675.6   3211.3
122   4   -791.4   881.7   3127.3
122   5   -218.7   573.6   3319.0
122   6   -16.9   663.2   3293.4
122   7   137.6   860.6   3214.7
122   8   -351.8   369.8   3375.6
122   9   -350.1   207.7   3371.9
122   10   -432.8   147.9   3356.9
122   11   -432.3   -183.9   3374.5
122   12   -393.5   -492.2   3408.2
122   13   -271.0   139.6   3372.4
122   14   -282.9   -190.6   3406.3
122   15   -301.2   -501.7   3430.0
122   16   -768.1   847.3   3141.3
122   17   111.9   827.7   3227.8
122   18   -349.8   634.7   3295.1
