2   0   -38.1   464.7   3037.0
2   1   -43.3   295.5   3041.2
2   2   -189.2   284.4   3039.2
2   3   -169.7   77.9   2932.6
2   4   -22.8   262.8   2835.1
2   5   100.0   280.2   3060.9
2   6   98.3   72.2   2955.5
2   7   98.3   -227.6   2955.5
2   8   -46.7   86.8   3061.8
2   9   -49.8   -74.2   3057.7
2   10   -153.7   -169.0   3065.7
2   11   -135.4   -515.3   3032.4
2   12   -74.6   -833.1   3084.9
2   13   44.9   -172.3   3091.2
2   14   13.9   -519.2   3081.0
2   15   -19.0   -845.3   3081.8
2   16   -47.3   232.0   2851.3
2   17   98.3   -140.6   2955.5
2   18   -42.2   365.4   3034.3
3   0   -38.2   467.6   3038.0
3   1   -43.8   298.7   3042.9
3   2   -188.4   286.1   3036.3
3   3   -171.8   77.6   2934.1
3   4   -25.7   260.7   2832.7
3   5   99.4   282.8   3059.6
3   6   99.9   72.1   2961.5
3   7   108.4   -228.6   2991.3
3   8   -47.3   89.8   3066.3
3   9   -50.3   -71.9   3062.3
3   10   -152.4   -165.6   3066.5
3   11   -137.0   -513.2   3036.4
3   12   -73.4   -830.9   3083.5
3   13   43.9   -168.6   3091.0
3   14   15.7   -516.6   3082.4
3   15   -17.9   -842.6   3080.7
3   16   -50.1   230.2   2849.6
3   17   108.4   -141.5   2991.3
3   18   -42.6   368.4   3035.0
4   0   -38.5   476.2   3040.9
4   1   -44.8   307.9   3047.9
4   2   -186.4   291.4   3034.1
4   3   -176.9   78.7   2941.2
4   4   -33.0   256.0   2828.6
4   5   97.5   290.5   3057.3
4   6   106.9   74.6   2974.9
4   7   120.6   -220.4   3001.2
4   8   -48.4   98.9   3079.4
4   9   -51.5   -64.3   3075.1
4   10   -146.5   -158.1   3069.9
4   11   -139.1   -509.6   3044.4
4   12   -74.0   -828.3   3076.6
4   13   38.4   -160.6   3091.1
4   14   18.3   -512.6   3085.4
4   15   -17.7   -838.0   3075.5
4   16   -57.0   226.5   2847.4
4   17   120.6   -133.4   3001.2
4   18   -43.6   377.2   3037.5
5   0   -38.9   487.0   3044.4
5   1   -46.0   318.8   3053.5
5   2   -183.2   297.4   3031.8
5   3   -182.7   81.0   2946.9
5   4   -39.5   251.7   2823.4
5   5   94.3   298.9   3054.8
5   6   113.7   78.1   2987.8
5   7   120.0   -218.3   2999.7
5   8   -49.5   109.1   3092.8
5   9   -52.7   -56.0   3089.4
5   10   -140.8   -151.9   3073.5
5   11   -141.2   -507.6   3054.1
5   12   -73.9   -827.1   3067.2
5   13   33.0   -154.3   3091.6
5   14   20.2   -510.4   3088.2
5   15   -18.5   -834.8   3067.1
5   16   -63.4   223.3   2844.0
5   17   120.0   -131.2   2999.7
5   18   -44.8   387.8   3040.6
6   0   -39.2   493.2   3046.8
6   1   -46.9   324.7   3056.4
6   2   -181.3   301.2   3030.1
6   3   -186.9   82.2   2951.0
6   4   -43.8   248.3   2820.5
6   5   92.0   304.2   3053.2
6   6   117.4   80.3   2995.9
6   7   119.0   -218.4   2999.9
6   8   -50.1   112.9   3097.8
6   9   -53.5   -53.7   3095.7
6   10   -140.5   -147.4   3074.3
6   11   -142.8   -507.3   3058.4
6   12   -73.5   -827.2   3063.4
6   13   32.9   -149.5   3091.5
6   14   21.2   -509.6   3089.7
6   15   -20.9   -833.1   3060.7
6   16   -67.6   220.7   2842.2
6   17   119.0   -131.3   2999.9
6   18   -45.8   393.6   3042.9
7   0   -39.5   494.1   3047.6
7   1   -47.3   326.0   3056.7
7   2   -180.5   302.7   3028.7
7   3   -188.6   82.2   2953.5
7   4   -45.5   245.9   2819.4
7   5   91.0   306.5   3052.5
7   6   118.4   81.1   2999.9
7   7   -66.7   156.3   2840.9
7   8   -50.2   111.5   3095.6
7   9   -53.9   -57.5   3094.0
7   10   -143.6   -144.1   3073.4
7   11   -143.6   -507.7   3059.0
7   12   -72.4   -827.5   3061.8
7   13   35.1   -146.5   3091.4
7   14   21.5   -510.1   3090.2
7   15   -21.1   -833.6   3059.4
7   16   -69.4   218.6   2841.8
7   17   -36.0   143.8   2867.5
7   18   -46.4   395.1   3044.2
8   0   -39.8   492.1   3047.2
8   1   -47.5   324.6   3055.5
8   2   -180.4   303.1   3027.5
8   3   -189.3   81.6   2955.0
8   4   -46.6   244.5   2819.5
8   5   90.8   307.2   3052.3
8   6   117.5   81.1   3001.3
8   7   -66.7   159.5   2842.3
8   8   -50.2   107.3   3089.2
8   9   -54.2   -63.7   3087.5
8   10   -147.0   -142.5   3072.1
8   11   -143.8   -508.4   3056.6
8   12   -72.0   -828.2   3062.1
8   13   36.8   -145.8   3091.5
8   14   21.5   -511.7   3090.8
8   15   -19.9   -835.6   3061.6
8   16   -70.4   217.4   2842.0
8   17   -36.0   146.4   2868.7
8   18   -46.6   394.0   3044.7
9   0   -40.0   488.8   3046.4
9   1   -47.5   321.9   3054.2
9   2   -180.6   302.9   3026.4
9   3   -189.7   80.8   2955.5
9   4   -47.8   243.3   2820.4
9   5   91.0   307.1   3052.2
9   6   116.9   80.8   3001.5
9   7   -60.9   169.7   2842.4
9   8   -50.2   102.1   3083.4
9   9   -54.2   -70.7   3081.5
9   10   -149.1   -144.4   3071.0
9   11   -144.2   -511.0   3056.8
9   12   -71.6   -830.6   3062.0
9   13   38.0   -147.1   3091.8
9   14   21.6   -513.7   3091.1
9   15   -19.7   -837.6   3063.0
9   16   -71.4   216.2   2842.9
9   17   -31.2   154.9   2868.8
9   18   -46.7   391.5   3044.9
10   0   -40.1   485.3   3045.4
10   1   -47.5   318.9   3053.3
10   2   -181.0   302.4   3025.3
10   3   -189.7   80.3   2954.8
10   4   -48.6   242.7   2821.3
10   5   91.4   306.6   3052.3
10   6   116.3   80.4   3001.2
10   7   -53.1   180.8   2842.1
10   8   -50.1   96.9   3079.9
10   9   -54.3   -77.4   3077.9
10   10   -149.2   -149.5   3070.6
10   11   -144.3   -514.3   3057.2
10   12   -73.9   -834.5   3061.9
10   13   38.5   -150.2   3091.9
10   14   22.4   -514.9   3091.3
10   15   -20.0   -838.7   3063.6
10   16   -72.1   215.7   2843.6
10   17   -24.9   164.1   2868.5
10   18   -46.7   388.6   3044.9
11   0   -40.1   482.5   3044.4
11   1   -47.5   316.4   3052.9
11   2   -181.1   302.2   3024.4
11   3   -189.6   80.3   2953.1
11   4   -49.1   242.7   2822.0
11   5   91.6   306.3   3052.4
11   6   115.9   80.1   3000.8
11   7   -47.2   187.6   2841.9
11   8   -50.1   92.9   3078.4
11   9   -54.3   -83.0   3076.1
11   10   -150.0   -150.1   3070.3
11   11   -144.1   -515.0   3056.2
11   12   -77.4   -835.9   3062.1
11   13   38.6   -151.6   3092.0
11   14   22.1   -516.4   3091.2
11   15   -20.3   -840.3   3063.7
11   16   -72.5   215.6   2843.8
11   17   -20.0   169.7   2868.3
11   18   -46.6   386.2   3044.9
12   0   -40.1   480.6   3043.3
12   1   -47.4   314.8   3052.7
12   2   -180.8   302.0   3023.7
12   3   -189.5   80.7   2950.7
12   4   -49.2   243.0   2822.4
12   5   91.5   306.2   3052.4
12   6   114.8   80.1   3000.3
12   7   -44.3   190.7   2842.1
12   8   -50.1   90.2   3077.9
12   9   -54.3   -86.9   3075.4
12   10   -151.0   -147.7   3070.0
12   11   -143.9   -513.8   3055.1
12   12   -82.7   -835.7   3062.5
12   13   38.2   -151.8   3092.0
12   14   21.6   -517.9   3090.9
12   15   -20.9   -841.7   3063.3
12   16   -72.6   215.9   2843.8
12   17   -17.8   172.2   2868.4
12   18   -46.6   384.6   3044.8
13   0   -40.1   479.3   3042.3
13   1   -47.4   313.9   3052.7
13   2   -180.3   302.1   3022.7
13   3   -189.5   81.3   2948.1
13   4   -49.6   243.3   2822.6
13   5   91.2   306.3   3052.4
13   6   113.4   80.1   3000.1
13   7   -42.9   191.6   2842.7
13   8   -50.1   88.8   3078.0
13   9   -54.4   -89.0   3075.1
13   10   -151.5   -143.1   3069.6
13   11   -143.8   -510.0   3053.1
13   12   -89.1   -833.0   3063.6
13   13   37.0   -150.8   3091.8
13   14   20.7   -517.9   3090.5
13   15   -20.6   -841.8   3062.9
13   16   -72.9   216.3   2843.5
13   17   -16.8   173.1   2868.9
13   18   -46.6   383.7   3044.8
14   0   -40.1   478.5   3041.3
14   1   -47.4   313.5   3052.7
14   2   -179.8   302.4   3022.4
14   3   -189.4   82.3   2945.9
14   4   -50.0   243.7   2822.6
14   5   90.8   306.5   3052.4
14   6   111.8   80.3   3000.0
14   7   -42.4   191.7   2843.3
14   8   -50.1   88.2   3078.2
14   9   -54.5   -89.9   3075.1
14   10   -149.8   -143.3   3069.3
14   11   -143.8   -508.5   3052.7
14   12   -91.9   -832.0   3063.8
14   13   35.8   -149.8   3091.5
14   14   21.4   -515.2   3090.4
14   15   -20.4   -839.1   3061.8
14   16   -73.3   216.8   2843.1
14   17   -16.7   173.1   2869.4
14   18   -46.6   383.3   3044.8
15   0   -40.1   478.1   3040.6
15   1   -47.4   313.4   3052.7
15   2   -179.3   302.7   3022.2
15   3   -189.2   83.3   2943.9
15   4   -50.4   244.2   2822.3
15   5   90.3   306.7   3052.4
15   6   110.4   80.4   2999.9
15   7   -42.3   191.6   2843.9
15   8   -50.2   88.2   3078.5
15   9   -54.6   -89.8   3075.2
15   10   -148.2   -143.2   3068.9
15   11   -143.8   -509.4   3052.9
15   12   -92.4   -833.0   3063.8
15   13   34.8   -148.2   3091.2
15   14   21.7   -514.6   3090.6
15   15   -20.4   -838.3   3061.1
15   16   -73.5   217.4   2842.6
15   17   -16.8   173.1   2869.9
15   18   -46.5   383.2   3044.8
16   0   -40.2   477.9   3040.1
16   1   -47.4   313.4   3052.8
16   2   -178.8   303.0   3022.1
16   3   -188.9   84.3   2941.8
16   4   -49.9   244.6   2822.1
16   5   89.8   307.0   3052.3
16   6   109.4   80.7   2999.5
16   7   -42.3   191.7   2844.3
16   8   -50.2   88.6   3078.7
16   9   -54.6   -89.1   3075.2
16   10   -146.8   -142.9   3068.5
16   11   -143.7   -509.8   3052.1
16   12   -91.8   -833.2   3064.0
16   13   34.3   -146.4   3090.9
16   14   21.5   -513.4   3090.6
16   15   -20.1   -837.2   3060.9
16   16   -73.0   217.9   2842.0
16   17   -17.0   173.2   2870.1
16   18   -46.5   383.2   3044.8
17   0   -40.2   477.8   3039.9
17   1   -47.4   313.4   3052.9
17   2   -178.4   303.3   3022.0
17   3   -188.7   84.6   2941.8
17   4   -50.0   244.0   2822.5
17   5   89.3   307.2   3052.3
17   6   107.7   81.0   2999.0
17   7   -42.4   192.2   2844.2
17   8   -50.2   89.4   3078.9
17   9   -54.7   -87.9   3075.2
17   10   -145.4   -141.8   3067.7
17   11   -143.5   -508.0   3051.4
17   12   -91.0   -831.3   3064.0
17   13   34.0   -143.5   3090.6
17   14   21.0   -509.8   3090.4
17   15   -19.5   -833.8   3061.3
17   16   -73.1   217.4   2842.4
17   17   -17.3   173.7   2870.0
17   18   -46.5   383.2   3044.8
18   0   -40.2   477.9   3039.7
18   1   -47.4   313.5   3052.9
18   2   -177.9   303.6   3022.0
18   3   -188.4   84.5   2942.8
18   4   -51.0   243.1   2823.0
18   5   88.9   307.5   3052.3
18   6   107.6   81.3   2998.8
18   7   -41.7   192.0   2844.3
18   8   -50.2   90.3   3079.0
18   9   -54.7   -86.3   3075.2
18   10   -144.5   -140.5   3066.6
18   11   -143.5   -506.8   3050.9
18   12   -88.8   -829.8   3064.1
18   13   33.7   -141.6   3090.1
18   14   21.2   -508.1   3090.0
18   15   -19.3   -832.1   3061.6
18   16   -73.9   216.7   2843.0
18   17   -16.8   173.6   2870.1
18   18   -46.5   383.3   3044.8
19   0   -40.2   477.9   3039.6
19   1   -47.4   313.5   3053.0
19   2   -177.6   303.8   3021.9
19   3   -188.1   84.5   2943.3
19   4   -51.5   242.6   2823.5
19   5   88.5   307.7   3052.3
19   6   107.6   81.5   2998.7
19   7   -41.1   191.7   2844.6
19   8   -50.2   91.5   3079.2
19   9   -54.7   -84.6   3075.3
19   10   -144.2   -138.9   3065.5
19   11   -143.5   -506.7   3050.6
19   12   -85.5   -829.0   3064.2
19   13   33.5   -139.9   3089.7
19   14   21.8   -507.8   3090.1
19   15   -19.7   -831.7   3061.6
19   16   -74.2   216.2   2843.4
19   17   -16.3   173.4   2870.3
19   18   -46.5   383.3   3044.7
20   0   -40.2   478.0   3039.5
20   1   -47.4   313.6   3052.9
20   2   -177.2   304.0   3021.8
20   3   -188.0   84.5   2943.8
20   4   -51.7   241.9   2824.0
20   5   88.2   307.9   3052.2
20   6   107.6   81.8   2998.7
20   7   -40.9   191.4   2844.9
20   8   -50.2   92.7   3079.2
20   9   -54.6   -83.5   3075.3
20   10   -144.7   -139.4   3065.0
20   11   -143.6   -505.7   3051.0
20   12   -83.3   -827.6   3064.3
20   13   33.7   -141.1   3089.6
20   14   22.2   -507.5   3090.5
20   15   -19.8   -831.3   3061.6
20   16   -74.5   215.7   2843.9
20   17   -16.2   173.1   2870.6
20   18   -46.5   383.3   3044.6
21   0   -40.2   478.0   3039.4
21   1   -47.4   313.6   3052.4
21   2   -177.0   304.1   3021.6
21   3   -188.1   84.4   2944.2
21   4   -51.4   240.6   2824.1
21   5   87.9   308.1   3052.2
21   6   107.2   82.0   2998.5
21   7   -41.3   191.2   2845.3
21   8   -50.2   93.7   3079.1
21   9   -54.5   -83.4   3075.4
21   10   -145.8   -141.5   3065.0
21   11   -143.8   -505.2   3051.6
21   12   -83.6   -827.2   3064.3
21   13   33.8   -144.9   3089.7
21   14   22.5   -508.7   3091.2
21   15   -20.1   -832.3   3061.3
21   16   -74.2   214.6   2844.2
21   17   -16.6   173.0   2870.8
21   18   -46.5   383.3   3043.9
22   0   -40.2   477.9   3039.4
22   1   -47.4   313.6   3051.6
22   2   -176.8   304.2   3021.5
22   3   -188.4   84.3   2944.9
22   4   -50.2   237.5   2823.3
22   5   87.6   308.3   3052.1
22   6   106.5   82.2   2998.5
22   7   -42.0   190.8   2845.2
22   8   -50.2   94.6   3079.0
22   9   -54.4   -82.2   3075.5
22   10   -146.9   -144.4   3065.0
22   11   -143.8   -505.2   3051.7
22   12   -85.1   -827.4   3064.3
22   13   34.1   -149.3   3089.8
22   14   22.3   -510.2   3092.0
22   15   -20.3   -833.7   3060.8
22   16   -73.2   212.0   2843.6
22   17   -17.2   172.7   2870.8
22   18   -46.5   383.3   3042.8
23   0   -40.2   477.8   3039.4
23   1   -47.4   313.7   3050.5
23   2   -176.7   304.3   3021.3
23   3   -188.9   84.0   2945.7
23   4   -46.6   232.9   2820.4
23   5   87.3   308.5   3052.1
23   6   105.4   82.3   2998.3
23   7   -43.9   191.2   2843.4
23   8   -50.2   95.3   3078.8
23   9   -54.3   -80.7   3075.6
23   10   -147.5   -147.6   3065.0
23   11   -143.8   -505.8   3051.5
23   12   -84.7   -828.0   3064.2
23   13   34.4   -153.1   3089.9
23   14   22.4   -511.4   3092.9
23   15   -20.5   -834.7   3060.1
23   16   -70.3   208.1   2841.3
23   17   -19.1   173.1   2869.2
23   18   -46.5   383.3   3041.4
24   0   -40.2   477.7   3039.4
24   1   -47.4   313.7   3049.3
24   2   -176.6   304.3   3021.1
24   3   -189.5   83.8   2946.5
24   4   -42.8   229.1   2817.7
24   5   87.0   308.8   3052.0
24   6   105.0   82.6   2998.3
24   7   -45.3   191.7   2840.9
24   8   -50.2   95.8   3078.7
24   9   -54.2   -79.1   3075.6
24   10   -147.8   -147.2   3065.0
24   11   -143.8   -505.4   3051.5
24   12   -83.2   -827.3   3063.8
24   13   35.2   -151.9   3090.0
24   14   21.9   -510.2   3093.1
24   15   -20.1   -833.5   3059.7
24   16   -67.2   204.8   2839.1
24   17   -20.3   173.5   2867.2
24   18   -46.5   383.3   3039.9
25   0   -40.2   477.5   3039.4
25   1   -47.4   313.7   3048.3
25   2   -176.5   304.4   3020.9
25   3   -190.5   83.9   2946.3
25   4   -40.4   228.1   2815.6
25   5   86.7   309.0   3051.9
25   6   105.7   83.1   2997.2
25   7   -46.9   192.6   2838.7
25   8   -50.1   96.2   3078.6
25   9   -54.3   -79.4   3075.6
25   10   -147.1   -146.1   3065.0
25   11   -143.8   -505.7   3051.4
25   12   -79.8   -826.9   3063.6
25   13   35.3   -149.3   3090.0
25   14   21.7   -508.9   3092.9
25   15   -19.9   -832.4   3060.1
25   16   -65.5   204.0   2837.4
25   17   -21.5   174.4   2865.1
25   18   -46.5   383.3   3038.6
26   0   -40.2   477.3   3039.4
26   1   -47.3   313.8   3047.7
26   2   -176.3   304.5   3020.7
26   3   -194.9   85.9   2941.7
26   4   -40.1   231.0   2813.8
26   5   86.5   309.1   3051.8
26   6   122.4   87.9   2989.6
26   7   -36.3   197.3   2834.0
26   8   -50.1   96.4   3078.5
26   9   -54.4   -79.9   3075.5
26   10   -146.0   -143.3   3065.1
26   11   -143.7   -505.9   3051.3
26   12   -77.2   -826.6   3063.5
26   13   34.7   -145.6   3089.8
26   14   21.7   -508.2   3092.8
26   15   -19.8   -831.7   3060.4
26   16   -65.9   206.8   2835.1
26   17   -9.8   179.1   2859.9
26   18   -46.5   383.3   3037.8
27   0   -40.2   477.2   3039.5
27   1   -47.3   313.8   3047.2
27   2   -176.2   304.6   3020.6
27   3   -224.1   110.6   2911.3
27   4   -51.5   256.7   2810.0
27   5   86.3   309.2   3051.4
27   6   164.4   117.3   2961.0
27   7   -6.0   238.2   2826.8
27   8   -50.1   96.5   3078.5
27   9   -54.5   -79.5   3075.4
27   10   -145.3   -137.6   3065.1
27   11   -143.6   -503.1   3050.8
27   12   -77.6   -823.9   3063.6
27   13   34.7   -138.8   3089.5
27   14   21.4   -504.3   3092.5
27   15   -19.2   -828.1   3061.3
27   16   -80.2   232.3   2826.8
27   17   22.4   218.0   2849.2
27   18   -46.4   383.3   3037.2
28   0   -40.2   477.0   3039.6
28   1   -47.3   313.8   3047.0
28   2   -176.3   304.5   3024.8
28   3   -266.7   161.7   2881.3
28   4   -109.2   318.9   2769.8
28   5   86.1   309.3   3051.3
28   6   216.4   178.0   2933.5
28   7   48.8   314.2   2807.8
28   8   -50.1   96.6   3078.5
28   9   -54.7   -78.1   3075.3
28   10   -144.9   -131.6   3064.9
28   11   -143.5   -496.4   3051.2
28   12   -80.2   -817.8   3063.2
28   13   33.6   -134.1   3088.8
28   14   21.8   -499.0   3091.9
28   15   -18.6   -823.0   3063.0
28   16   -135.4   292.7   2788.4
28   17   76.7   291.5   2828.7
28   18   -46.4   383.3   3036.9
29   0   -40.2   476.9   3039.7
29   1   -47.3   313.8   3047.0
29   2   -176.3   304.5   3029.1
29   3   -309.9   231.8   2870.3
29   4   -177.8   370.8   2716.4
29   5   85.9   309.5   3051.3
29   6   257.0   259.8   2925.7
29   7   115.3   392.8   2770.9
29   8   -50.1   96.5   3078.6
29   9   -54.8   -76.3   3075.2
29   10   -145.2   -125.2   3064.3
29   11   -143.6   -487.8   3051.2
29   12   -82.7   -809.7   3062.9
29   13   31.8   -131.1   3087.8
29   14   22.0   -493.9   3091.0
29   15   -18.0   -818.2   3065.4
29   16   -199.8   347.7   2742.0
29   17   138.9   370.6   2796.7
29   18   -46.4   383.3   3036.8
30   0   -40.1   478.6   3039.9
30   1   -47.3   314.6   3047.0
30   2   -177.3   307.5   3030.1
30   3   -335.8   303.7   2870.8
30   4   -252.7   433.8   2678.9
30   5   87.3   313.8   3051.5
30   6   279.6   334.1   2936.5
30   7   195.4   469.9   2749.3
30   8   -50.2   97.0   3079.0
30   9   -54.8   -73.9   3074.8
30   10   -145.5   -119.9   3063.2
30   11   -143.6   -482.8   3051.0
30   12   -84.1   -804.9   3062.7
30   13   30.3   -129.2   3086.3
30   14   21.7   -492.2   3089.9
30   15   -17.9   -816.7   3066.5
30   16   -266.5   412.1   2710.9
30   17   209.4   447.3   2780.5
30   18   -46.4   384.1   3036.8
31   0   -40.0   481.6   3039.6
31   1   -47.1   317.4   3046.7
31   2   -180.3   317.8   3028.2
31   3   -341.3   371.2   2871.4
31   4   -337.1   513.0   2671.1
31   5   91.6   328.4   3052.5
31   6   283.5   399.1   2940.8
31   7   288.3   557.9   2758.7
31   8   -49.4   98.7   3077.7
31   9   -53.9   -71.6   3072.7
31   10   -144.7   -117.4   3061.7
31   11   -143.5   -478.9   3051.3
31   12   -84.9   -801.2   3062.5
31   13   29.7   -128.5   3084.3
31   14   22.1   -490.0   3088.8
31   15   -17.6   -814.7   3067.2
31   16   -337.8   489.3   2704.5
31   17   287.5   531.5   2789.1
31   18   -46.4   387.0   3036.8
32   0   -40.0   486.5   3038.6
32   1   -46.8   322.2   3046.1
32   2   -181.9   329.4   3021.6
32   3   -328.8   429.5   2868.6
32   4   -407.9   584.2   2693.5
32   5   92.9   338.3   3052.8
32   6   270.8   445.0   2939.1
32   7   359.8   625.1   2802.7
32   8   -48.0   101.9   3075.3
32   9   -52.5   -69.4   3069.0
32   10   -143.1   -115.2   3059.3
32   11   -143.4   -474.8   3050.8
32   12   -85.6   -797.2   3062.6
32   13   29.9   -127.5   3081.1
32   14   22.0   -486.9   3087.2
32   15   -17.2   -811.8   3067.8
32   16   -394.8   558.5   2722.7
32   17   345.1   595.1   2825.4
32   18   -46.4   391.8   3036.8
33   0   -39.9   492.5   3035.4
33   1   -46.5   328.3   3043.8
33   2   -180.9   336.5   3014.6
33   3   -320.8   464.9   2872.5
33   4   -448.6   634.7   2732.7
33   5   92.5   345.3   3051.8
33   6   262.4   470.2   2941.0
33   7   396.5   666.5   2854.2
33   8   -46.9   106.3   3071.0
33   9   -51.2   -65.4   3064.4
33   10   -141.8   -113.5   3055.9
33   11   -143.1   -471.0   3050.3
33   12   -86.1   -793.6   3062.7
33   13   30.6   -126.0   3076.1
33   14   22.1   -483.3   3085.3
33   15   -16.8   -808.4   3068.5
33   16   -427.4   606.4   2756.0
33   17   374.3   633.7   2868.7
33   18   -46.4   398.0   3035.2
34   0   -39.8   499.1   3029.9
34   1   -46.3   334.1   3039.9
34   2   -179.4   340.6   3009.6
34   3   -318.4   479.7   2876.1
34   4   -465.6   662.8   2764.5
34   5   91.2   349.5   3050.3
34   6   262.7   480.3   2950.9
34   7   415.7   682.8   2888.2
34   8   -46.0   110.6   3065.7
34   9   -50.2   -61.1   3059.7
34   10   -140.7   -111.7   3051.2
34   11   -143.0   -467.4   3049.4
34   12   -86.6   -790.0   3062.4
34   13   31.5   -123.8   3073.1
34   14   21.5   -479.1   3084.6
34   15   -16.1   -804.4   3068.6
34   16   -441.1   632.3   2783.1
34   17   390.2   649.0   2898.7
34   18   -46.3   403.9   3031.8
35   0   -39.7   504.3   3024.5
35   1   -46.2   338.3   3035.7
35   2   -178.3   342.6   3008.4
35   3   -318.9   483.8   2880.5
35   4   -470.7   671.2   2777.6
35   5   89.5   351.7   3049.3
35   6   265.9   481.9   2962.1
35   7   423.9   683.8   2901.9
35   8   -45.6   113.6   3060.8
35   9   -49.3   -57.8   3055.6
35   10   -140.0   -111.0   3046.4
35   11   -142.8   -465.2   3048.3
35   12   -87.1   -787.9   3061.2
35   13   32.0   -123.0   3070.9
35   14   20.3   -476.7   3084.8
35   15   -15.6   -802.1   3068.0
35   16   -445.4   639.9   2794.7
35   17   397.5   650.2   2911.9
35   18   -46.3   408.1   3027.9
36   0   -39.5   507.2   3021.7
36   1   -46.1   340.1   3032.6
36   2   -177.5   342.4   3009.6
36   3   -321.2   480.9   2884.7
36   4   -470.7   668.1   2779.0
36   5   87.9   351.7   3049.6
36   6   268.8   476.9   2967.7
36   7   422.5   679.6   2902.7
36   8   -45.4   114.7   3057.5
36   9   -48.8   -58.3   3052.4
36   10   -139.4   -111.0   3041.6
36   11   -142.8   -463.9   3046.8
36   12   -87.3   -786.7   3060.8
36   13   32.6   -122.9   3068.8
36   14   19.4   -475.3   3084.4
36   15   -15.3   -800.8   3067.8
36   16   -445.8   636.9   2796.6
36   17   396.8   645.8   2913.5
36   18   -46.3   409.9   3024.9
37   0   -39.5   508.5   3020.7
37   1   -46.1   340.3   3031.0
37   2   -176.6   340.5   3012.4
37   3   -322.7   473.3   2886.2
37   4   -469.5   659.2   2775.5
37   5   86.5   350.5   3050.7
37   6   271.3   468.8   2969.4
37   7   419.6   672.8   2899.1
37   8   -45.4   114.9   3055.7
37   9   -48.3   -60.3   3051.2
37   10   -139.0   -111.5   3039.6
37   11   -142.6   -463.4   3046.0
37   12   -86.9   -788.5   3060.6
37   13   33.3   -123.3   3068.1
37   14   16.4   -474.7   3075.4
37   15   -15.0   -803.2   3068.3
37   16   -445.1   628.2   2794.0
37   17   394.9   638.8   2910.8
37   18   -46.3   410.1   3023.3
38   0   -39.8   508.9   3020.7
38   1   -46.1   339.9   3030.4
38   2   -175.8   338.6   3015.1
38   3   -324.1   464.2   2885.5
38   4   -469.8   648.1   2770.3
38   5   85.3   349.0   3052.2
38   6   272.5   461.4   2969.7
38   7   419.1   664.7   2895.2
38   8   -45.4   114.8   3055.0
38   9   -47.8   -62.2   3051.3
38   10   -138.6   -111.9   3039.0
38   11   -142.4   -463.1   3045.8
38   12   -86.7   -789.0   3060.6
38   13   34.0   -123.8   3068.0
38   14   15.8   -472.7   3044.3
38   15   -14.5   -799.8   3071.3
38   16   -445.5   617.4   2789.5
38   17   394.6   630.8   2907.6
38   18   -46.3   409.7   3022.8
39   0   -40.5   508.9   3021.2
39   1   -46.1   339.2   3030.5
39   2   -175.3   337.3   3016.7
39   3   -323.9   460.0   2885.2
39   4   -469.4   641.4   2766.6
39   5   84.5   347.8   3053.7
39   6   273.2   456.5   2970.0
39   7   420.4   657.4   2891.6
39   8   -45.4   114.7   3055.0
39   9   -47.3   -63.7   3051.9
39   10   -138.5   -111.4   3038.8
39   11   -142.2   -462.0   3045.7
39   12   -86.9   -787.9   3060.5
39   13   34.8   -124.1   3067.8
39   14   19.2   -473.4   3056.7
39   15   -14.9   -801.2   3069.9
39   16   -445.2   611.2   2786.4
39   17   395.9   624.0   2904.7
39   18   -46.3   409.0   3022.8
40   0   -41.6   508.8   3021.7
40   1   -46.1   338.5   3030.9
40   2   -174.8   336.2   3016.8
40   3   -323.7   457.6   2884.6
40   4   -469.5   637.7   2765.1
40   5   84.2   347.4   3054.3
40   6   273.7   454.3   2970.4
40   7   424.2   651.6   2890.4
40   8   -45.5   114.6   3055.9
40   9   -46.9   -64.6   3052.8
40   10   -138.3   -111.3   3039.0
40   11   -141.9   -461.4   3045.9
40   12   -87.4   -787.1   3060.0
40   13   35.5   -124.1   3067.9
40   14   17.9   -472.1   3040.0
40   15   -14.3   -798.7   3071.0
40   16   -445.2   607.7   2785.0
40   17   399.1   618.7   2903.8
40   18   -46.4   408.3   3023.1
41   0   -42.8   508.6   3022.4
41   1   -46.2   337.9   3031.5
41   2   -174.8   336.0   3016.1
41   3   -323.7   456.9   2883.5
41   4   -469.6   636.6   2764.3
41   5   84.1   347.2   3055.0
41   6   274.0   453.2   2970.9
41   7   423.8   650.1   2889.8
41   8   -45.5   114.6   3057.4
41   9   -46.7   -65.0   3053.8
41   10   -138.0   -111.3   3039.4
41   11   -141.4   -461.1   3046.2
41   12   -87.9   -786.5   3058.8
41   13   36.0   -123.9   3068.0
41   14   16.8   -470.2   3025.2
41   15   -13.6   -795.1   3071.1
41   16   -445.3   606.7   2784.2
41   17   398.8   617.3   2903.3
41   18   -46.4   407.7   3023.4
42   0   -44.0   508.7   3023.3
42   1   -46.2   337.7   3032.2
42   2   -174.9   336.4   3015.5
42   3   -323.4   456.7   2882.0
42   4   -469.4   636.7   2764.2
42   5   84.0   347.3   3055.6
42   6   274.5   452.4   2971.8
42   7   422.9   649.6   2889.8
42   8   -45.5   114.8   3059.5
42   9   -46.6   -65.0   3054.7
42   10   -137.7   -111.5   3039.8
42   11   -140.9   -461.0   3046.6
42   12   -87.7   -786.0   3057.0
42   13   36.5   -123.6   3068.2
42   14   20.3   -471.1   3053.9
42   15   -14.0   -796.8   3067.8
42   16   -445.1   606.7   2783.8
42   17   398.2   616.7   2903.5
42   18   -46.4   407.4   3023.7
43   0   -45.2   508.8   3024.2
43   1   -46.2   337.7   3033.2
43   2   -175.1   337.0   3015.2
43   3   -322.9   456.7   2880.4
43   4   -469.1   637.3   2764.3
43   5   83.9   347.5   3056.1
43   6   274.1   452.5   2971.3
43   7   422.7   649.5   2890.3
43   8   -45.5   115.2   3062.5
43   9   -46.6   -64.7   3055.6
43   10   -137.3   -111.6   3040.3
43   11   -140.6   -460.9   3047.1
43   12   -87.6   -785.7   3055.2
43   13   36.8   -123.2   3068.5
43   14   18.6   -470.1   3041.3
43   15   -13.6   -795.5   3066.7
43   16   -444.7   607.2   2783.7
43   17   397.9   616.6   2903.8
43   18   -46.4   407.3   3024.0
44   0   -46.4   509.0   3025.1
44   1   -46.2   337.7   3034.0
44   2   -175.4   337.7   3015.1
44   3   -321.9   456.6   2878.1
44   4   -468.5   638.0   2764.9
44   5   83.8   347.7   3056.8
44   6   273.1   452.9   2970.4
44   7   422.9   649.2   2891.1
44   8   -45.5   115.6   3065.1
44   9   -46.6   -64.2   3056.4
44   10   -137.0   -111.5   3040.8
44   11   -139.3   -460.6   3047.3
44   12   -85.9   -785.0   3055.0
44   13   37.3   -122.3   3068.8
44   14   20.9   -470.2   3057.9
44   15   -13.8   -796.1   3062.9
44   16   -444.1   607.8   2783.7
44   17   397.9   616.5   2904.3
44   18   -46.4   407.3   3024.3
45   0   -47.2   509.1   3025.9
45   1   -46.2   337.8   3034.7
45   2   -175.6   338.4   3015.0
45   3   -320.6   456.4   2875.7
45   4   -467.7   638.6   2765.4
45   5   83.8   347.9   3057.0
45   6   272.8   452.9   2969.8
45   7   422.6   648.9   2891.5
45   8   -45.5   116.0   3067.2
45   9   -46.6   -63.8   3057.2
45   10   -136.7   -111.2   3041.3
45   11   -138.7   -460.2   3047.3
45   12   -85.0   -784.3   3055.0
45   13   37.7   -121.1   3069.2
45   14   23.1   -469.3   3073.1
45   15   -13.8   -794.8   3059.3
45   16   -443.2   608.3   2783.8
45   17   397.6   616.3   2904.6
45   18   -46.4   407.3   3024.6
46   0   -47.7   509.3   3026.5
46   1   -46.2   337.8   3035.2
46   2   -175.7   338.8   3014.9
46   3   -319.0   456.3   2873.4
46   4   -466.4   639.2   2766.1
46   5   83.8   348.0   3056.8
46   6   272.6   452.9   2968.9
46   7   422.4   648.6   2891.7
46   8   -45.5   116.3   3068.4
46   9   -46.6   -63.5   3058.0
46   10   -136.4   -110.8   3042.0
46   11   -138.4   -459.7   3047.0
46   12   -84.8   -783.6   3055.0
46   13   38.2   -119.7   3069.5
46   14   19.3   -466.2   3048.1
46   15   -13.2   -791.4   3059.6
46   16   -441.8   608.7   2784.0
46   17   397.5   616.0   2904.6
46   18   -46.4   407.3   3024.7
47   0   -47.9   509.3   3026.9
47   1   -46.2   337.9   3035.4
47   2   -175.7   339.0   3014.9
47   3   -317.4   456.6   2871.9
47   4   -464.6   640.4   2766.5
47   5   83.8   348.0   3056.5
47   6   272.2   452.8   2967.7
47   7   422.2   648.5   2891.8
47   8   -45.5   116.5   3069.0
47   9   -46.6   -63.3   3058.5
47   10   -136.0   -110.2   3042.3
47   11   -138.5   -460.4   3046.5
47   12   -84.9   -784.2   3055.1
47   13   38.7   -117.9   3069.9
47   14   20.1   -466.8   3058.9
47   15   -13.3   -792.5   3059.2
47   16   -440.1   609.8   2784.1
47   17   397.2   615.9   2904.4
47   18   -46.4   407.3   3024.8
48   0   -48.0   509.4   3027.1
48   1   -46.2   337.9   3035.4
48   2   -175.6   339.2   3014.8
48   3   -315.6   457.5   2870.5
48   4   -462.4   642.1   2766.2
48   5   83.8   348.0   3056.1
48   6   271.8   452.6   2966.0
48   7   421.8   648.8   2891.7
48   8   -45.5   116.6   3069.2
48   9   -46.6   -63.1   3058.9
48   10   -135.6   -109.8   3042.5
48   11   -138.6   -460.4   3045.8
48   12   -85.4   -784.2   3055.1
48   13   38.4   -117.5   3069.9
48   14   21.9   -467.2   3072.4
48   15   -13.4   -792.6   3058.6
48   16   -437.9   611.3   2783.6
48   17   396.8   616.1   2904.1
48   18   -46.4   407.3   3024.8
49   0   -48.0   509.5   3027.3
49   1   -46.2   337.9   3035.3
49   2   -175.6   339.3   3014.7
49   3   -313.5   459.4   2869.0
49   4   -460.2   643.6   2764.5
49   5   83.8   348.0   3055.7
49   6   271.6   452.6   2963.9
49   7   421.3   649.3   2891.2
49   8   -45.5   116.6   3069.2
49   9   -46.6   -62.9   3059.0
49   10   -135.3   -109.6   3042.6
49   11   -138.5   -460.1   3046.0
49   12   -85.8   -783.8   3055.0
49   13   37.7   -117.8   3069.9
49   14   19.0   -466.1   3048.2
49   15   -13.1   -791.1   3060.2
49   16   -435.7   612.9   2781.9
49   17   396.4   616.5   2903.3
49   18   -46.4   407.3   3024.7
50   0   -48.0   509.5   3027.4
50   1   -46.2   337.9   3035.3
50   2   -175.6   339.4   3014.6
50   3   -311.7   462.1   2868.0
50   4   -457.6   645.4   2760.9
50   5   83.8   348.0   3055.4
50   6   271.6   452.5   2961.1
50   7   420.8   650.2   2890.5
50   8   -45.5   116.6   3069.1
50   9   -46.7   -62.8   3059.0
50   10   -135.1   -109.4   3042.5
50   11   -138.5   -459.7   3046.2
50   12   -86.1   -783.3   3054.7
50   13   37.3   -117.9   3069.8
50   14   20.8   -466.8   3061.6
50   15   -13.3   -792.1   3059.6
50   16   -433.3   614.8   2778.8
50   17   395.9   617.3   2902.3
50   18   -46.4   407.3   3024.6
51   0   -48.0   509.5   3027.5
51   1   -46.2   337.9   3035.2
51   2   -175.5   339.5   3014.5
51   3   -310.6   465.4   2867.8
51   4   -455.2   647.5   2756.7
51   5   83.8   348.0   3055.0
51   6   271.9   452.3   2958.3
51   7   420.7   651.1   2888.9
51   8   -45.5   116.7   3069.0
51   9   -46.7   -62.7   3059.1
51   10   -134.9   -109.3   3042.4
51   11   -138.6   -462.3   3046.2
51   12   -85.9   -785.9   3054.4
51   13   37.0   -117.9   3069.7
51   14   21.2   -470.1   3069.3
51   15   -13.8   -795.6   3059.1
51   16   -431.1   617.1   2775.2
51   17   395.9   617.9   2900.5
51   18   -46.4   407.3   3024.6
52   0   -48.0   509.5   3027.7
52   1   -46.2   337.8   3035.2
52   2   -175.5   339.5   3014.4
52   3   -310.0   468.2   2867.6
52   4   -453.8   649.6   2754.5
52   5   83.8   348.0   3054.5
52   6   272.3   452.2   2955.6
52   7   422.5   650.2   2887.3
52   8   -45.5   116.7   3068.9
52   9   -46.7   -62.6   3059.0
52   10   -134.7   -109.3   3042.4
52   11   -138.6   -463.0   3046.1
52   12   -86.2   -786.6   3054.0
52   13   36.7   -118.1   3069.7
52   14   22.7   -471.4   3073.9
52   15   -14.3   -796.8   3058.8
52   16   -429.9   619.4   2773.4
52   17   397.5   617.2   2898.7
52   18   -46.4   407.3   3024.6
53   0   -47.9   509.5   3027.8
53   1   -46.2   337.8   3035.1
53   2   -175.4   339.6   3014.2
53   3   -309.7   470.0   2867.2
53   4   -452.8   651.4   2753.6
53   5   83.8   348.0   3054.1
53   6   272.6   452.0   2953.0
53   7   424.1   648.5   2884.2
53   8   -45.5   116.7   3068.8
53   9   -46.7   -62.5   3059.0
53   10   -134.6   -109.3   3042.1
53   11   -138.5   -462.7   3046.0
53   12   -86.6   -786.4   3053.3
53   13   36.3   -118.5   3069.6
53   14   23.3   -471.6   3077.1
53   15   -14.6   -796.7   3058.5
53   16   -429.0   621.2   2772.6
53   17   398.9   615.7   2895.6
53   18   -46.4   407.3   3024.5
54   0   -47.9   509.5   3027.8
54   1   -46.2   337.8   3035.1
54   2   -175.4   339.6   3014.0
54   3   -309.7   470.6   2866.4
54   4   -451.5   652.6   2753.0
54   5   83.9   348.0   3053.6
54   6   273.3   451.9   2951.9
54   7   425.2   645.8   2878.5
54   8   -45.5   116.6   3068.7
54   9   -46.7   -62.5   3059.0
54   10   -134.4   -109.3   3041.7
54   11   -138.4   -462.0   3046.0
54   12   -87.2   -785.7   3052.4
54   13   36.1   -118.6   3069.5
54   14   23.5   -471.1   3078.5
54   15   -14.6   -796.1   3058.3
54   16   -427.9   622.2   2771.9
54   17   399.9   613.4   2890.7
54   18   -46.4   407.2   3024.5
55   0   -47.9   509.5   3027.8
55   1   -46.2   337.8   3035.0
55   2   -175.3   339.7   3013.8
55   3   -309.6   471.0   2865.6
55   4   -450.0   653.1   2752.3
55   5   83.9   348.1   3053.1
55   6   274.0   451.8   2951.4
55   7   427.6   641.2   2872.8
55   8   -45.5   116.6   3068.5
55   9   -46.7   -62.5   3059.0
55   10   -134.3   -109.3   3041.1
55   11   -138.5   -461.1   3045.8
55   12   -87.6   -784.9   3052.0
55   13   36.1   -118.7   3069.5
55   14   23.3   -470.3   3078.8
55   15   -14.5   -795.3   3058.1
55   16   -426.6   622.7   2771.2
55   17   402.0   609.7   2885.9
55   18   -46.4   407.2   3024.5
56   0   -47.8   509.5   3027.8
56   1   -46.2   337.7   3034.6
56   2   -175.3   339.9   3012.4
56   3   -309.7   471.7   2864.7
56   4   -448.3   654.2   2751.7
56   5   83.9   347.9   3052.6
56   6   274.3   451.7   2951.3
56   7   430.7   636.1   2868.9
56   8   -45.6   116.3   3067.1
56   9   -46.7   -62.8   3058.2
56   10   -134.2   -109.2   3040.4
56   11   -138.5   -460.3   3045.6
56   12   -88.0   -784.1   3051.9
56   13   35.9   -118.5   3069.4
56   14   22.8   -469.3   3078.8
56   15   -14.4   -794.3   3058.0
56   16   -425.2   623.7   2770.5
56   17   404.6   605.4   2882.6
56   18   -46.4   407.2   3024.5
57   0   -47.8   509.5   3027.8
57   1   -46.2   337.6   3034.0
57   2   -175.1   340.2   3009.7
57   3   -310.0   472.6   2863.5
57   4   -446.6   655.6   2751.0
57   5   84.0   347.8   3052.0
57   6   274.3   451.4   2951.5
57   7   431.4   633.2   2867.1
57   8   -45.6   115.6   3064.4
57   9   -46.8   -63.5   3056.7
57   10   -134.2   -109.1   3039.5
57   11   -138.5   -459.6   3045.2
57   12   -88.3   -783.4   3051.9
57   13   35.6   -118.2   3069.2
57   14   22.6   -468.4   3078.5
57   15   -14.3   -793.4   3058.1
57   16   -423.8   625.1   2769.7
57   17   405.2   602.9   2881.2
57   18   -46.4   407.2   3024.4
58   0   -47.8   509.5   3027.7
58   1   -46.2   337.5   3033.1
58   2   -175.0   340.4   3007.1
58   3   -310.0   473.2   2862.7
58   4   -445.8   656.3   2750.8
58   5   84.0   347.4   3051.4
58   6   273.9   451.1   2952.0
58   7   432.1   630.6   2866.9
58   8   -45.7   114.8   3061.1
58   9   -46.8   -64.4   3054.9
58   10   -134.4   -109.1   3038.6
58   11   -138.4   -459.1   3045.2
58   12   -88.4   -783.0   3051.9
58   13   35.3   -118.0   3069.0
58   14   19.2   -467.5   3065.4
58   15   -14.0   -793.2   3059.0
58   16   -423.2   625.8   2769.5
58   17   405.8   600.7   2881.1
58   18   -46.4   407.2   3024.4
59   0   -47.7   509.5   3027.6
59   1   -46.2   337.5   3032.5
59   2   -175.0   340.6   3005.9
59   3   -309.4   473.5   2862.3
59   4   -445.2   656.3   2751.1
59   5   84.1   347.2   3050.9
59   6   273.6   450.6   2952.2
59   7   432.9   628.4   2866.8
59   8   -45.8   114.0   3058.5
59   9   -46.9   -65.3   3052.6
59   10   -134.6   -109.3   3037.7
59   11   -138.4   -458.8   3045.1
59   12   -88.3   -782.6   3052.2
59   13   35.0   -117.8   3068.6
59   14   20.7   -467.1   3069.0
59   15   -14.0   -792.6   3058.8
59   16   -422.6   625.9   2769.6
59   17   406.3   598.8   2881.1
59   18   -46.4   407.2   3024.4
60   0   -47.7   509.5   3027.5
60   1   -46.3   337.4   3032.1
60   2   -175.2   340.7   3005.4
60   3   -308.4   473.6   2862.2
60   4   -444.9   656.0   2751.5
60   5   84.4   347.2   3050.3
60   6   273.3   450.0   2952.2
60   7   432.9   627.5   2867.1
60   8   -45.9   113.2   3056.8
60   9   -47.0   -66.2   3050.8
60   10   -134.9   -109.4   3037.2
60   11   -138.4   -458.7   3044.8
60   12   -88.2   -782.5   3052.4
60   13   34.8   -117.7   3068.3
60   14   22.2   -466.7   3076.4
60   15   -13.9   -791.7   3058.4
60   16   -422.1   625.6   2769.9
60   17   406.3   597.9   2881.2
60   18   -46.4   407.2   3024.4
61   0   -47.7   509.5   3027.4
61   1   -46.3   337.4   3031.8
61   2   -175.4   340.8   3005.3
61   3   -307.3   473.7   2862.1
61   4   -444.5   656.3   2752.1
61   5   84.6   347.1   3049.8
61   6   273.2   449.4   2952.0
61   7   432.6   627.3   2867.3
61   8   -46.0   112.5   3055.9
61   9   -47.0   -67.0   3049.7
61   10   -135.1   -109.6   3037.0
61   11   -138.5   -458.7   3044.3
61   12   -88.2   -782.4   3052.5
61   13   34.7   -117.7   3067.9
61   14   22.5   -466.5   3078.9
61   15   -13.8   -791.4   3058.2
61   16   -421.6   625.9   2770.4
61   17   406.1   597.7   2881.4
61   18   -46.4   407.2   3024.3
62   0   -47.7   509.5   3027.4
62   1   -46.3   337.4   3031.7
62   2   -175.6   340.9   3005.4
62   3   -306.8   473.6   2862.2
62   4   -444.0   657.1   2752.7
62   5   84.8   347.1   3049.3
62   6   273.1   448.7   2951.9
62   7   432.4   627.7   2867.5
62   8   -45.9   112.0   3055.6
62   9   -47.1   -67.8   3049.0
62   10   -135.3   -109.8   3036.9
62   11   -138.4   -458.7   3043.9
62   12   -88.3   -782.4   3052.5
62   13   34.8   -117.9   3067.6
62   14   22.8   -466.4   3079.8
62   15   -13.7   -791.3   3058.2
62   16   -421.1   626.5   2770.9
62   17   405.9   597.9   2881.6
62   18   -46.4   407.2   3024.3
63   0   -47.7   509.5   3027.3
63   1   -46.3   337.4   3031.6
63   2   -175.7   341.1   3005.4
63   3   -306.5   473.4   2862.2
63   4   -443.7   658.2   2753.2
63   5   84.9   347.1   3048.8
63   6   273.2   448.0   2951.5
63   7   432.1   628.7   2868.0
63   8   -45.8   111.6   3055.5
63   9   -47.2   -68.4   3048.7
63   10   -135.6   -110.0   3036.9
63   11   -138.3   -458.8   3043.7
63   12   -88.3   -782.5   3052.5
63   13   34.8   -118.1   3067.2
63   14   22.9   -466.5   3080.1
63   15   -13.6   -791.4   3058.1
63   16   -420.8   627.4   2771.4
63   17   405.6   598.6   2881.9
63   18   -46.4   407.2   3024.3
64   0   -47.6   509.5   3027.2
64   1   -46.2   337.4   3031.6
64   2   -175.9   341.2   3005.4
64   3   -306.3   473.3   2862.3
64   4   -443.5   659.6   2753.7
64   5   85.1   347.0   3048.3
64   6   273.3   447.3   2951.1
64   7   431.7   630.0   2868.4
64   8   -45.7   111.3   3055.5
64   9   -47.2   -69.1   3048.6
64   10   -135.8   -110.2   3036.8
64   11   -138.2   -458.8   3043.6
64   12   -88.3   -782.5   3052.5
64   13   35.0   -118.4   3066.7
64   14   18.5   -466.5   3065.4
64   15   -13.3   -792.1   3059.0
64   16   -420.6   628.5   2771.8
64   17   405.3   599.5   2882.2
64   18   -46.4   407.2   3024.2
65   0   -47.6   509.5   3027.1
65   1   -46.2   337.4   3031.6
65   2   -176.1   341.3   3005.5
65   3   -306.0   473.2   2862.2
65   4   -443.8   660.5   2753.9
65   5   85.2   347.0   3047.8
65   6   273.6   446.6   2950.9
65   7   431.5   631.2   2868.6
65   8   -45.5   111.1   3055.6
65   9   -47.3   -69.5   3048.5
65   10   -135.9   -110.2   3036.8
65   11   -138.0   -458.8   3043.7
65   12   -88.2   -782.5   3052.4
65   13   35.4   -118.1   3066.1
65   14   20.6   -466.2   3070.7
65   15   -13.1   -791.6   3058.7
65   16   -420.8   629.3   2771.9
65   17   405.2   600.4   2882.3
65   18   -46.4   407.2   3024.2
66   0   -47.6   509.5   3026.9
66   1   -46.1   337.4   3031.6
66   2   -176.1   341.4   3005.5
66   3   -305.9   473.2   2862.3
66   4   -444.4   660.8   2753.7
66   5   85.3   347.0   3047.6
66   6   273.8   445.8   2950.7
66   7   431.8   631.4   2868.5
66   8   -45.2   111.0   3055.6
66   9   -47.3   -69.9   3048.5
66   10   -135.9   -110.3   3036.8
66   11   -137.7   -458.7   3043.8
66   12   -88.2   -782.5   3052.4
66   13   35.5   -118.1   3065.9
66   14   22.0   -466.1   3075.8
66   15   -12.8   -791.2   3058.4
66   16   -421.3   629.5   2771.8
66   17   405.5   600.5   2882.2
66   18   -46.4   407.2   3024.2
67   0   -47.6   509.5   3026.8
67   1   -46.1   337.4   3031.6
67   2   -176.2   341.4   3005.5
67   3   -305.8   473.3   2862.5
67   4   -444.7   660.9   2753.2
67   5   85.4   347.0   3047.5
67   6   274.1   444.9   2950.6
67   7   432.2   631.1   2868.2
67   8   -45.0   110.9   3055.7
67   9   -47.3   -70.2   3048.5
67   10   -135.9   -110.3   3036.8
67   11   -137.4   -458.7   3044.2
67   12   -88.2   -782.5   3052.2
67   13   35.5   -118.2   3065.7
67   14   19.1   -465.3   3052.6
67   15   -12.2   -790.4   3059.7
67   16   -421.6   629.6   2771.4
67   17   405.9   600.1   2882.0
67   18   -46.4   407.2   3024.2
68   0   -47.6   509.5   3026.7
68   1   -46.1   337.4   3031.6
68   2   -176.3   341.4   3005.4
68   3   -305.7   473.4   2862.8
68   4   -445.1   660.9   2752.9
68   5   85.4   347.0   3047.6
68   6   274.4   443.8   2950.4
68   7   432.6   630.4   2867.9
68   8   -44.9   110.9   3055.7
68   9   -47.3   -70.5   3048.5
68   10   -135.9   -110.4   3036.8
68   11   -137.2   -458.7   3044.3
68   12   -88.2   -782.5   3052.1
68   13   35.5   -118.3   3065.7
68   14   21.3   -465.8   3063.1
68   15   -12.1   -790.9   3059.0
68   16   -421.9   629.7   2771.2
68   17   406.2   599.3   2881.7
68   18   -46.4   407.2   3024.1
69   0   -47.6   509.5   3026.5
69   1   -46.0   337.4   3031.6
69   2   -176.3   341.3   3005.4
69   3   -305.8   473.7   2863.4
69   4   -445.4   660.9   2752.7
69   5   85.5   347.1   3047.6
69   6   275.0   442.5   2950.2
69   7   432.9   629.7   2867.6
69   8   -44.9   111.0   3055.7
69   9   -47.4   -70.7   3048.5
69   10   -136.0   -110.4   3036.8
69   11   -137.2   -458.7   3044.3
69   12   -88.2   -782.5   3051.9
69   13   35.6   -118.3   3065.7
69   14   22.5   -466.1   3071.1
69   15   -11.7   -791.2   3058.4
69   16   -422.2   629.7   2771.2
69   17   406.5   598.5   2881.4
69   18   -46.4   407.2   3024.1
70   0   -47.6   509.5   3026.3
70   1   -46.0   337.4   3031.6
70   2   -176.4   341.2   3005.4
70   3   -306.0   474.1   2864.1
70   4   -446.0   661.0   2752.7
70   5   85.7   347.2   3047.6
70   6   275.7   441.1   2949.9
70   7   433.1   629.0   2867.3
70   8   -44.8   111.1   3055.8
70   9   -47.4   -70.8   3048.5
70   10   -136.0   -110.5   3036.8
70   11   -137.2   -458.7   3044.3
70   12   -88.3   -782.5   3051.7
70   13   35.6   -118.4   3065.7
70   14   23.0   -466.2   3075.1
70   15   -11.1   -791.3   3058.0
70   16   -422.6   629.8   2771.3
70   17   406.8   597.7   2881.1
70   18   -46.4   407.2   3024.1
71   0   -47.6   509.5   3026.2
71   1   -46.0   337.4   3031.5
71   2   -176.5   341.0   3005.4
71   3   -306.2   474.5   2864.8
71   4   -446.3   661.4   2753.1
71   5   85.9   347.4   3047.6
71   6   276.5   439.5   2949.6
71   7   432.3   629.3   2867.6
71   8   -44.8   111.2   3055.8
71   9   -47.4   -71.0   3048.5
71   10   -136.0   -110.6   3036.8
71   11   -137.2   -458.8   3044.1
71   12   -88.3   -782.5   3051.5
71   13   35.6   -118.5   3065.7
71   14   20.2   -465.9   3059.3
71   15   -10.9   -791.5   3058.5
71   16   -422.9   630.3   2771.7
71   17   406.3   597.7   2881.3
71   18   -46.4   407.2   3024.0
72   0   -47.6   509.5   3026.0
72   1   -46.0   337.4   3031.5
72   2   -176.5   340.9   3005.3
72   3   -306.4   475.0   2865.7
72   4   -446.7   661.9   2753.3
72   5   86.2   347.6   3047.6
72   6   277.4   437.8   2949.3
72   7   431.0   630.3   2868.2
72   8   -44.7   111.3   3055.9
72   9   -47.4   -71.0   3048.5
72   10   -136.0   -110.7   3036.8
72   11   -137.2   -462.0   3044.2
72   12   -88.0   -785.7   3051.4
72   13   35.7   -118.5   3065.7
72   14   21.2   -469.4   3062.4
72   15   -11.4   -795.0   3058.0
72   16   -423.4   630.8   2772.1
72   17   405.4   598.2   2881.7
72   18   -46.4   407.2   3024.0
73   0   -47.6   509.5   3025.7
73   1   -46.0   337.5   3031.9
73   2   -176.7   340.7   3006.2
73   3   -306.5   475.4   2867.0
73   4   -447.0   662.3   2753.9
73   5   86.2   347.6   3047.8
73   6   277.7   436.9   2949.2
73   7   430.5   630.8   2868.4
73   8   -44.6   111.6   3057.5
73   9   -47.4   -70.9   3049.1
73   10   -135.9   -110.8   3036.8
73   11   -137.2   -463.1   3044.1
73   12   -88.1   -786.8   3051.4
73   13   35.8   -118.6   3065.7
73   14   22.6   -470.6   3071.0
73   15   -11.8   -795.7   3057.4
73   16   -423.6   631.1   2772.7
73   17   405.0   598.5   2881.9
73   18   -46.4   407.2   3024.0
74   0   -47.6   509.5   3025.3
74   1   -46.0   337.6   3032.6
74   2   -176.9   340.6   3008.1
74   3   -306.3   475.2   2868.6
74   4   -446.9   662.2   2754.8
74   5   86.2   347.6   3048.1
74   6   277.6   436.5   2949.2
74   7   430.3   631.2   2868.6
74   8   -44.6   112.1   3060.6
74   9   -47.3   -70.4   3050.1
74   10   -135.8   -110.8   3037.0
74   11   -137.2   -463.0   3044.3
74   12   -88.4   -786.7   3051.3
74   13   36.0   -118.7   3065.8
74   14   23.4   -470.5   3077.6
74   15   -12.4   -795.2   3057.0
74   16   -423.5   631.1   2773.8
74   17   404.8   598.7   2882.0
74   18   -46.4   407.2   3024.0
