2   0   -433.4   670.7   3265.5
2   1   -429.2   507.4   3260.3
2   2   -569.0   490.2   3261.4
2   3   -514.5   319.2   3124.9
2   4   -363.8   513.7   3104.0
2   5   -301.3   495.3   3309.2
2   6   -303.7   317.0   3171.3
2   7   -303.7   27.0   3171.3
2   8   -427.3   308.6   3299.9
2   9   -426.3   146.6   3303.3
2   10   -525.4   56.2   3320.4
2   11   -507.8   -279.6   3298.9
2   12   -458.8   -598.2   3423.3
2   13   -331.9   55.6   3340.8
2   14   -369.7   -279.0   3330.2
2   15   -391.6   -605.0   3442.7
2   16   -388.9   481.3   3107.5
2   17   -303.7   111.1   3171.3
2   18   -429.9   574.0   3247.0
3   0   -432.7   672.6   3265.0
3   1   -428.7   509.6   3261.5
3   2   -568.1   491.6   3257.1
3   3   -519.7   315.8   3126.2
3   4   -370.8   510.5   3099.2
3   5   -299.1   497.4   3303.7
3   6   -298.9   314.5   3173.6
3   7   -274.8   12.2   3185.2
3   8   -426.7   311.5   3305.7
3   9   -425.6   149.3   3308.9
3   10   -523.3   63.2   3320.9
3   11   -507.7   -272.1   3303.3
3   12   -460.9   -593.0   3418.8
3   13   -331.9   62.1   3341.6
3   14   -366.7   -272.1   3335.8
3   15   -385.7   -600.3   3436.2
3   16   -395.6   478.0   3103.7
3   17   -274.8   96.4   3185.2
3   18   -429.4   575.8   3246.7
4   0   -430.6   679.4   3264.3
4   1   -427.2   517.5   3265.0
4   2   -564.5   496.9   3248.8
4   3   -529.7   312.2   3128.4
4   4   -383.2   505.0   3086.9
4   5   -296.8   502.7   3296.2
4   6   -286.4   311.8   3181.1
4   7   -262.0   16.5   3195.8
4   8   -425.3   321.7   3320.6
4   9   -423.7   158.5   3323.3
4   10   -514.8   79.5   3323.0
4   11   -507.1   -255.1   3313.1
4   12   -464.6   -578.8   3408.8
4   13   -336.5   76.0   3342.8
4   14   -360.9   -257.8   3341.8
4   15   -373.5   -587.5   3424.5
4   16   -407.6   472.9   3093.8
4   17   -262.0   100.6   3195.8
4   18   -427.8   582.6   3246.5
5   0   -428.2   688.4   3263.7
5   1   -425.3   527.9   3268.1
5   2   -558.8   503.1   3240.2
5   3   -539.9   308.7   3131.8
5   4   -394.8   498.4   3073.7
5   5   -295.6   508.5   3287.6
5   6   -272.7   307.6   3194.0
5   7   -259.6   13.3   3207.0
5   8   -423.7   333.4   3334.2
5   9   -421.5   168.6   3338.0
5   10   -505.3   96.4   3325.1
5   11   -506.6   -237.9   3321.9
5   12   -469.1   -563.3   3395.7
5   13   -341.6   90.4   3344.1
5   14   -354.1   -243.5   3349.0
5   15   -364.1   -573.0   3413.9
5   16   -419.0   466.8   3083.4
5   17   -259.6   97.5   3207.0
5   18   -425.8   592.0   3246.4
6   0   -426.7   694.2   3263.4
6   1   -423.9   534.6   3268.7
6   2   -554.2   507.4   3235.1
6   3   -545.5   306.8   3134.7
6   4   -401.8   494.9   3066.1
6   5   -295.6   512.1   3282.5
6   6   -264.3   306.3   3198.9
6   7   -260.0   16.1   3200.5
6   8   -422.7   338.3   3337.3
6   9   -419.9   172.2   3343.8
6   10   -501.9   104.0   3325.0
6   11   -506.7   -230.3   3326.3
6   12   -473.0   -555.2   3385.3
6   13   -342.0   96.4   3344.6
6   14   -350.2   -237.7   3354.4
6   15   -363.9   -564.8   3410.1
6   16   -425.8   463.6   3077.6
6   17   -260.0   100.3   3200.5
6   18   -424.3   598.7   3246.3
7   0   -426.2   696.3   3263.4
7   1   -423.2   537.6   3267.7
7   2   -551.5   509.6   3232.8
7   3   -546.9   306.0   3136.4
7   4   -404.6   493.7   3062.4
7   5   -296.0   513.9   3280.0
7   6   -260.7   305.2   3202.9
7   7   -398.7   424.1   3037.9
7   8   -422.5   338.0   3333.9
7   9   -419.4   171.0   3342.6
7   10   -504.5   103.9   3323.3
7   11   -506.9   -230.8   3327.0
7   12   -474.5   -552.7   3382.8
7   13   -337.3   95.9   3345.0
7   14   -349.2   -238.4   3356.4
7   15   -360.3   -562.4   3408.9
7   16   -428.3   462.4   3074.7
7   17   -375.7   404.3   3065.6
7   18   -423.4   602.0   3246.3
8   0   -426.3   697.2   3263.9
8   1   -422.9   538.3   3266.2
8   2   -550.1   510.5   3232.1
8   3   -546.6   305.9   3137.1
8   4   -405.1   493.7   3061.0
8   5   -296.5   514.7   3279.1
8   6   -260.0   305.3   3203.4
8   7   -400.0   431.0   3045.4
8   8   -422.5   335.7   3328.5
8   9   -419.3   168.1   3337.8
8   10   -508.4   101.9   3321.6
8   11   -506.7   -233.2   3326.3
8   12   -475.3   -551.3   3386.4
8   13   -332.4   94.7   3345.6
8   14   -349.3   -239.8   3357.2
8   15   -353.8   -561.1   3408.0
8   16   -428.7   462.4   3073.7
8   17   -376.8   410.1   3071.8
8   18   -423.1   603.2   3246.3
9   0   -426.7   697.5   3264.8
9   1   -422.9   538.1   3265.0
9   2   -549.3   510.8   3232.0
9   3   -545.4   306.1   3137.0
9   4   -405.0   494.5   3060.6
9   5   -297.0   515.0   3278.9
9   6   -260.7   305.9   3202.3
9   7   -402.0   444.3   3058.6
9   8   -422.7   333.6   3323.5
9   9   -419.4   165.5   3331.8
9   10   -511.1   100.4   3319.9
9   11   -506.6   -234.9   3325.9
9   12   -475.6   -549.9   3390.6
9   13   -330.2   94.4   3346.2
9   14   -349.5   -240.3   3357.2
9   15   -354.5   -559.3   3407.7
9   16   -428.4   463.1   3073.3
9   17   -378.6   421.2   3082.6
9   18   -422.9   603.4   3246.3
10   0   -427.1   697.7   3265.5
10   1   -422.9   537.7   3264.3
10   2   -548.8   510.8   3232.1
10   3   -542.7   306.6   3136.5
10   4   -404.3   496.4   3060.2
10   5   -297.3   515.2   3278.9
10   6   -261.7   306.8   3200.3
10   7   -406.9   451.2   3064.8
10   8   -422.8   332.6   3320.8
10   9   -419.6   164.1   3327.7
10   10   -511.7   100.0   3319.1
10   11   -506.6   -235.6   3325.4
10   12   -475.8   -548.6   3390.9
10   13   -330.1   95.1   3346.3
10   14   -349.6   -239.9   3357.0
10   15   -355.9   -557.1   3407.5
10   16   -427.4   464.8   3072.9
10   17   -382.8   427.1   3087.5
10   18   -422.9   603.2   3246.3
11   0   -427.5   697.7   3265.9
11   1   -422.9   537.3   3264.2
11   2   -548.4   510.7   3232.3
11   3   -538.3   307.2   3135.8
11   4   -403.3   499.4   3059.5
11   5   -297.6   515.4   3279.0
11   6   -262.7   307.3   3199.4
11   7   -410.4   450.7   3063.8
11   8   -422.9   332.8   3319.9
11   9   -419.7   164.0   3326.1
11   10   -511.1   100.4   3318.8
11   11   -506.6   -235.5   3325.1
11   12   -475.8   -547.6   3387.6
11   13   -331.1   96.1   3346.0
11   14   -349.5   -239.2   3356.8
11   15   -356.8   -555.0   3407.2
11   16   -425.8   467.3   3072.3
11   17   -385.8   426.8   3086.4
11   18   -422.9   602.9   3246.3
12   0   -428.0   697.8   3266.1
12   1   -423.0   537.1   3264.2
12   2   -548.0   510.6   3232.2
12   3   -533.4   307.8   3134.9
12   4   -402.3   502.6   3058.7
12   5   -297.9   515.5   3279.1
12   6   -263.6   307.6   3198.9
12   7   -408.1   454.8   3063.2
12   8   -423.0   333.7   3319.8
12   9   -419.8   164.5   3325.8
12   10   -510.1   100.7   3318.8
12   11   -506.7   -235.3   3325.1
12   12   -475.7   -546.8   3384.5
12   13   -332.5   96.5   3345.7
12   14   -349.4   -239.0   3356.7
12   15   -357.5   -553.6   3406.9
12   16   -424.1   470.2   3071.4
12   17   -384.0   430.2   3085.8
12   18   -423.0   602.6   3246.3
13   0   -428.3   697.9   3266.2
13   1   -423.0   536.8   3264.3
13   2   -547.7   510.6   3232.0
13   3   -530.3   308.4   3134.0
13   4   -401.6   505.0   3058.3
13   5   -298.1   515.6   3279.1
13   6   -264.1   307.9   3198.6
13   7   -404.1   459.3   3062.6
13   8   -423.1   334.8   3319.7
13   9   -419.9   165.3   3326.2
13   10   -509.1   100.9   3318.9
13   11   -506.7   -235.3   3325.0
13   12   -475.8   -546.0   3383.3
13   13   -333.7   96.4   3345.5
13   14   -349.3   -239.2   3356.9
13   15   -358.0   -552.8   3406.6
13   16   -423.0   472.2   3070.9
13   17   -380.8   434.1   3085.2
13   18   -423.0   602.3   3246.3
14   0   -428.4   697.5   3266.2
14   1   -423.0   536.3   3264.4
14   2   -547.7   510.5   3231.7
14   3   -530.1   308.9   3132.6
14   4   -401.3   506.0   3058.6
14   5   -298.1   515.7   3279.1
14   6   -263.6   308.2   3198.4
14   7   -398.3   467.8   3066.9
14   8   -423.2   335.2   3319.8
14   9   -419.9   165.6   3326.9
14   10   -508.3   100.9   3319.0
14   11   -506.8   -235.3   3325.0
14   12   -475.8   -545.2   3382.4
14   13   -334.6   96.1   3345.3
14   14   -349.2   -239.6   3357.5
14   15   -358.3   -552.4   3406.4
14   16   -422.7   473.2   3070.9
14   17   -375.8   441.2   3088.8
14   18   -423.0   601.7   3246.3
15   0   -428.4   696.9   3266.0
15   1   -423.1   535.4   3264.4
15   2   -547.7   510.3   3231.4
15   3   -530.7   309.3   3131.2
15   4   -401.3   506.6   3059.1
15   5   -298.0   515.7   3279.1
15   6   -262.6   308.4   3198.2
15   7   -394.5   474.0   3071.4
15   8   -423.2   335.2   3319.9
15   9   -420.0   165.5   3327.7
15   10   -507.9   101.0   3319.1
15   11   -506.8   -235.3   3325.0
15   12   -475.8   -544.3   3382.0
15   13   -335.0   96.1   3345.3
15   14   -349.1   -239.7   3358.3
15   15   -358.3   -551.7   3406.2
15   16   -422.8   473.7   3071.1
15   17   -372.5   446.4   3092.5
15   18   -423.0   600.8   3246.3
16   0   -428.4   696.1   3265.8
16   1   -423.1   534.5   3264.5
16   2   -547.8   510.2   3231.3
16   3   -531.9   309.2   3130.8
16   4   -401.4   506.1   3059.3
16   5   -297.8   515.6   3279.2
16   6   -262.6   308.5   3198.0
16   7   -395.8   472.9   3071.0
16   8   -423.2   334.8   3320.0
16   9   -420.0   165.2   3328.5
16   10   -507.5   101.1   3319.3
16   11   -506.8   -233.9   3325.0
16   12   -476.0   -542.2   3381.5
16   13   -335.1   96.2   3345.4
16   14   -348.9   -238.2   3359.4
16   15   -358.2   -549.6   3406.0
16   16   -423.1   473.3   3071.2
16   17   -373.6   445.5   3092.2
16   18   -423.0   599.9   3246.3
17   0   -428.3   695.2   3265.6
17   1   -423.1   533.5   3264.5
17   2   -547.9   509.8   3231.1
17   3   -532.1   309.0   3130.4
17   4   -401.4   505.8   3059.2
17   5   -297.6   515.6   3279.2
17   6   -263.4   308.6   3197.3
17   7   -398.5   470.2   3068.7
17   8   -423.2   334.2   3320.2
17   9   -420.0   164.6   3329.3
17   10   -507.3   101.2   3319.4
17   11   -506.8   -232.4   3324.9
17   12   -476.2   -540.2   3381.0
17   13   -335.3   96.3   3345.7
17   14   -348.7   -236.7   3360.4
17   15   -358.0   -547.8   3405.2
17   16   -423.2   473.0   3071.1
17   17   -376.0   443.2   3090.1
17   18   -423.0   598.8   3246.3
18   0   -428.2   694.3   3265.4
18   1   -423.1   532.5   3264.6
18   2   -547.8   509.4   3231.0
18   3   -531.7   308.8   3130.1
18   4   -401.3   505.6   3058.8
18   5   -297.4   515.6   3279.2
18   6   -264.4   308.8   3196.4
18   7   -399.9   469.6   3067.4
18   8   -423.2   333.4   3320.4
18   9   -419.9   163.9   3330.0
18   10   -507.0   101.3   3319.5
18   11   -506.8   -231.2   3324.9
18   12   -476.4   -538.6   3380.7
18   13   -335.4   96.2   3346.1
18   14   -348.4   -235.7   3362.1
18   15   -357.8   -546.6   3404.1
18   16   -423.0   472.8   3070.7
18   17   -377.3   442.8   3088.9
18   18   -423.0   597.8   3246.3
19   0   -428.1   693.4   3265.2
19   1   -423.1   531.5   3264.7
19   2   -547.7   508.8   3230.9
19   3   -531.0   308.5   3129.6
19   4   -401.1   505.5   3058.3
19   5   -297.2   515.5   3279.2
19   6   -264.9   309.3   3194.9
19   7   -399.6   472.4   3068.2
19   8   -423.2   332.6   3320.6
19   9   -419.9   163.1   3330.7
19   10   -506.9   101.3   3319.5
19   11   -506.8   -230.4   3324.9
19   12   -476.6   -537.2   3380.3
19   13   -335.6   96.1   3346.6
19   14   -348.2   -235.0   3364.1
19   15   -357.6   -545.6   3403.5
19   16   -422.7   472.7   3070.2
19   17   -377.1   445.2   3089.3
19   18   -423.0   596.7   3246.3
20   0   -428.0   692.4   3265.0
20   1   -423.1   530.4   3264.7
20   2   -547.5   508.3   3230.8
20   3   -530.7   308.1   3129.3
20   4   -401.0   505.3   3057.8
20   5   -297.0   515.5   3279.2
20   6   -265.3   309.9   3193.3
20   7   -398.8   476.2   3069.5
20   8   -423.2   331.6   3320.9
20   9   -419.9   162.2   3331.4
20   10   -506.7   101.4   3319.6
20   11   -506.8   -229.7   3324.9
20   12   -476.7   -535.7   3380.0
20   13   -335.7   96.2   3347.3
20   14   -348.0   -234.1   3367.2
20   15   -357.5   -544.3   3403.2
20   16   -422.6   472.4   3069.7
20   17   -376.5   448.5   3090.2
20   18   -423.0   595.7   3246.3
21   0   -427.9   691.4   3264.8
21   1   -423.1   529.4   3264.8
21   2   -547.3   507.7   3230.7
21   3   -530.5   307.6   3129.2
21   4   -401.2   504.8   3057.4
21   5   -296.9   515.5   3279.2
21   6   -265.6   310.8   3191.4
21   7   -399.0   478.8   3070.0
21   8   -423.2   330.6   3321.2
21   9   -419.9   161.2   3332.0
21   10   -506.5   101.5   3319.5
21   11   -506.8   -228.9   3324.9
21   12   -476.9   -534.3   3379.9
21   13   -335.6   96.4   3347.4
21   14   -348.0   -233.2   3368.2
21   15   -357.4   -542.9   3403.1
21   16   -422.7   471.9   3069.3
21   17   -376.7   450.8   3090.3
21   18   -423.0   594.6   3246.3
22   0   -427.9   690.5   3264.6
22   1   -423.1   528.5   3264.9
22   2   -546.9   507.2   3230.6
22   3   -530.4   307.1   3129.1
22   4   -401.4   504.1   3056.4
22   5   -296.9   515.6   3279.2
22   6   -265.5   309.8   3194.2
22   7   -396.6   478.0   3070.8
22   8   -423.2   329.5   3321.5
22   9   -419.9   160.2   3332.7
22   10   -506.3   101.7   3319.4
22   11   -506.8   -227.5   3325.0
22   12   -477.1   -532.8   3379.7
22   13   -335.5   96.6   3347.5
22   14   -348.0   -231.7   3368.0
22   15   -357.3   -541.1   3403.2
22   16   -422.9   471.2   3068.5
22   17   -374.7   449.9   3091.3
22   18   -423.0   593.7   3246.3
23   0   -427.7   688.7   3264.2
23   1   -423.1   527.6   3264.9
23   2   -546.6   506.8   3230.5
23   3   -530.3   306.7   3129.2
23   4   -401.5   503.2   3055.1
23   5   -296.9   515.8   3279.2
23   6   -265.2   308.9   3196.9
23   7   -394.3   476.8   3071.0
23   8   -423.2   328.4   3321.9
23   9   -419.9   159.1   3333.5
23   10   -506.1   101.8   3319.5
23   11   -506.8   -226.1   3325.0
23   12   -477.2   -531.6   3379.9
23   13   -335.4   96.9   3347.6
23   14   -348.1   -230.2   3367.6
23   15   -357.2   -539.8   3403.8
23   16   -422.9   470.4   3067.4
23   17   -372.8   448.8   3092.0
23   18   -423.0   592.7   3246.3
24   0   -427.6   686.7   3263.8
24   1   -423.1   526.8   3265.0
24   2   -546.1   506.4   3230.5
24   3   -530.2   306.4   3129.1
24   4   -401.2   502.5   3054.5
24   5   -297.1   515.9   3279.1
24   6   -265.0   308.2   3199.3
24   7   -392.9   475.3   3071.4
24   8   -423.2   327.3   3322.2
24   9   -419.8   158.0   3334.3
24   10   -505.9   102.0   3319.5
24   11   -506.8   -224.9   3325.0
24   12   -477.3   -531.0   3379.3
24   13   -335.3   97.2   3347.7
24   14   -348.0   -228.9   3367.5
24   15   -357.1   -538.8   3404.6
24   16   -422.7   469.9   3066.9
24   17   -371.6   447.4   3092.7
24   18   -423.0   591.9   3246.3
25   0   -427.5   685.1   3263.5
25   1   -423.1   526.3   3265.0
25   2   -545.3   506.2   3230.4
25   3   -530.1   306.2   3129.0
25   4   -400.8   502.0   3054.4
25   5   -297.4   516.2   3279.0
25   6   -264.9   308.2   3200.4
25   7   -392.5   474.7   3071.5
25   8   -423.2   326.4   3322.6
25   9   -419.8   157.1   3335.0
25   10   -505.7   102.1   3319.6
25   11   -506.8   -224.1   3325.0
25   12   -477.3   -530.6   3379.0
25   13   -335.3   97.4   3347.7
25   14   -348.0   -228.1   3367.6
25   15   -357.0   -538.2   3405.5
25   16   -422.3   469.3   3066.8
25   17   -371.2   446.9   3093.0
25   18   -423.0   591.3   3246.3
26   0   -427.4   683.9   3263.3
26   1   -423.1   526.0   3265.1
26   2   -544.6   506.1   3230.4
26   3   -530.1   306.0   3129.3
26   4   -400.4   501.2   3054.2
26   5   -297.9   516.6   3278.8
26   6   -264.8   308.6   3200.5
26   7   -392.7   474.8   3071.6
26   8   -423.2   325.7   3322.9
26   9   -419.8   156.4   3335.5
26   10   -505.5   102.2   3319.7
26   11   -506.8   -223.7   3325.0
26   12   -477.1   -530.2   3379.8
26   13   -335.3   97.4   3347.7
26   14   -347.9   -227.7   3368.0
26   15   -356.9   -538.0   3405.6
26   16   -422.0   468.7   3066.7
26   17   -371.3   447.1   3093.1
26   18   -423.0   591.0   3246.3
27   0   -427.4   683.0   3263.1
27   1   -423.1   525.8   3265.1
27   2   -544.2   506.5   3230.5
27   3   -530.2   306.1   3129.9
27   4   -400.4   500.9   3053.9
27   5   -298.3   516.9   3278.7
27   6   -264.8   309.2   3200.0
27   7   -393.1   475.3   3071.5
27   8   -423.2   325.0   3323.2
27   9   -419.8   155.6   3335.8
27   10   -505.4   102.2   3319.7
27   11   -506.7   -223.8   3325.0
27   12   -476.6   -529.6   3382.1
27   13   -335.4   97.4   3347.8
27   14   -347.7   -227.8   3368.5
27   15   -356.8   -537.9   3405.3
27   16   -422.1   468.4   3066.6
27   17   -371.7   447.6   3093.0
27   18   -423.0   590.8   3246.3
28   0   -427.3   682.4   3263.0
28   1   -423.1   525.7   3265.1
28   2   -543.9   507.0   3230.6
28   3   -530.3   306.3   3130.7
28   4   -400.7   500.7   3053.8
28   5   -298.7   517.2   3278.5
28   6   -264.7   309.8   3199.7
28   7   -393.6   476.0   3072.1
28   8   -423.2   324.4   3323.5
28   9   -419.8   155.0   3336.0
28   10   -505.2   102.2   3319.7
28   11   -506.7   -224.1   3325.0
28   12   -475.9   -529.0   3383.1
28   13   -335.5   97.4   3347.7
28   14   -347.6   -228.0   3369.0
28   15   -356.6   -537.8   3404.7
28   16   -422.3   468.3   3066.6
28   17   -372.1   448.3   3093.4
28   18   -423.0   590.7   3246.3
29   0   -427.3   682.0   3262.9
29   1   -423.1   525.7   3265.2
29   2   -543.7   507.4   3230.6
29   3   -530.5   307.0   3130.6
29   4   -400.1   500.7   3053.6
29   5   -299.1   517.5   3278.4
29   6   -264.7   310.2   3199.5
29   7   -394.1   476.5   3072.8
29   8   -423.2   323.7   3323.8
29   9   -419.8   154.3   3336.1
29   10   -505.1   102.2   3319.7
29   11   -506.7   -224.4   3325.1
29   12   -475.2   -528.6   3383.7
29   13   -335.6   97.5   3347.7
29   14   -347.5   -228.2   3369.3
29   15   -356.4   -537.5   3404.1
29   16   -421.8   468.4   3066.4
29   17   -372.5   448.8   3093.9
29   18   -423.0   590.6   3246.3
30   0   -427.2   681.7   3262.8
30   1   -423.1   525.7   3265.2
30   2   -543.4   507.7   3230.7
30   3   -530.6   307.8   3129.7
30   4   -399.1   500.9   3053.5
30   5   -299.4   517.8   3278.3
30   6   -264.6   310.7   3199.4
30   7   -394.3   476.8   3073.0
30   8   -423.2   323.1   3324.1
30   9   -419.8   153.7   3336.2
30   10   -505.0   102.2   3319.7
30   11   -506.7   -224.6   3325.3
30   12   -475.2   -528.5   3382.9
30   13   -335.7   97.6   3347.7
30   14   -347.5   -228.4   3369.4
30   15   -356.2   -537.2   3404.1
30   16   -421.0   468.7   3066.2
30   17   -372.7   449.1   3094.0
30   18   -423.0   590.6   3246.3
31   0   -427.2   681.6   3262.8
31   1   -423.1   525.7   3265.2
31   2   -543.2   508.0   3230.7
31   3   -530.6   308.7   3128.7
31   4   -398.7   501.7   3053.2
31   5   -299.7   518.0   3278.2
31   6   -264.5   311.1   3199.1
31   7   -394.4   476.9   3072.7
31   8   -423.2   322.5   3324.3
31   9   -419.7   153.0   3336.2
31   10   -504.9   102.3   3319.7
31   11   -506.7   -224.9   3325.5
31   12   -476.0   -528.3   3383.7
31   13   -335.7   97.7   3347.6
31   14   -347.5   -228.6   3369.5
31   15   -356.1   -536.9   3404.7
31   16   -420.7   469.5   3065.8
31   17   -372.8   449.3   3093.8
31   18   -423.0   590.6   3246.3
32   0   -427.2   681.5   3262.7
32   1   -423.1   525.8   3265.2
32   2   -543.0   508.3   3230.8
32   3   -530.7   309.7   3127.6
32   4   -398.6   502.7   3052.9
32   5   -300.0   518.1   3278.1
32   6   -264.4   311.8   3198.0
32   7   -394.9   477.5   3072.2
32   8   -423.3   321.8   3324.6
32   9   -419.7   152.3   3336.3
32   10   -504.8   102.2   3319.7
32   11   -506.7   -225.4   3325.8
32   12   -477.2   -527.6   3387.6
32   13   -335.8   97.7   3347.7
32   14   -347.5   -229.0   3369.5
32   15   -355.4   -536.7   3405.4
32   16   -420.6   470.5   3065.3
32   17   -373.2   449.8   3093.2
32   18   -423.0   590.6   3246.3
33   0   -427.2   681.5   3262.3
33   1   -423.1   525.8   3265.2
33   2   -542.7   508.6   3229.6
33   3   -530.8   310.2   3126.2
33   4   -398.3   503.4   3052.8
33   5   -300.0   518.5   3277.8
33   6   -264.5   312.8   3196.5
33   7   -395.7   478.2   3071.3
33   8   -423.2   321.2   3324.8
33   9   -419.7   151.6   3336.1
33   10   -504.7   102.2   3319.7
33   11   -506.7   -226.1   3325.9
33   12   -477.9   -527.2   3389.6
33   13   -335.8   97.8   3347.7
33   14   -347.4   -229.7   3369.5
33   15   -355.1   -536.5   3405.7
33   16   -420.4   471.2   3065.0
33   17   -373.8   450.7   3092.2
33   18   -423.0   590.6   3246.3
34   0   -427.2   681.5   3261.9
34   1   -423.1   525.8   3265.2
34   2   -542.4   509.1   3227.4
34   3   -530.8   309.9   3125.6
34   4   -398.4   503.3   3052.8
34   5   -300.0   519.0   3277.7
34   6   -264.8   314.2   3194.2
34   7   -396.9   479.6   3070.1
34   8   -423.2   320.6   3325.1
34   9   -419.7   150.9   3335.9
34   10   -504.7   102.1   3319.6
34   11   -506.8   -227.1   3326.4
34   12   -478.0   -527.4   3389.5
34   13   -335.9   97.8   3347.7
34   14   -347.4   -230.6   3369.5
34   15   -355.2   -536.5   3405.6
34   16   -420.5   471.0   3065.0
34   17   -374.9   452.0   3090.8
34   18   -423.0   590.6   3246.3
35   0   -427.2   681.6   3261.6
35   1   -423.1   525.9   3265.2
35   2   -542.2   509.5   3226.0
35   3   -530.9   309.7   3125.6
35   4   -398.6   502.9   3052.6
35   5   -299.9   519.5   3277.6
35   6   -265.1   315.8   3191.7
35   7   -398.4   481.2   3069.2
35   8   -423.2   320.1   3325.3
35   9   -419.7   150.1   3335.6
35   10   -504.7   102.1   3319.6
35   11   -506.9   -228.1   3326.8
35   12   -478.0   -527.9   3387.6
35   13   -336.0   97.9   3347.7
35   14   -347.4   -231.5   3369.5
35   15   -355.2   -536.6   3405.5
35   16   -420.6   470.7   3064.8
35   17   -376.2   453.6   3089.6
35   18   -423.0   590.6   3246.3
36   0   -427.2   681.6   3261.4
36   1   -423.0   525.9   3265.2
36   2   -542.2   509.9   3225.9
36   3   -530.9   310.0   3125.9
36   4   -398.6   502.7   3052.1
36   5   -299.8   520.1   3277.6
36   6   -265.4   316.7   3190.9
36   7   -399.0   481.9   3068.7
36   8   -423.1   319.6   3325.6
36   9   -419.7   149.3   3335.3
36   10   -504.7   102.0   3319.6
36   11   -506.9   -229.0   3327.2
36   12   -478.0   -528.6   3384.9
36   13   -336.1   97.9   3347.6
36   14   -347.5   -232.3   3369.6
36   15   -355.1   -536.6   3405.6
36   16   -420.6   470.6   3064.4
36   17   -376.8   454.4   3089.1
36   18   -423.0   590.6   3246.3
37   0   -427.2   681.7   3261.3
37   1   -423.0   526.0   3265.3
37   2   -542.3   510.2   3226.6
37   3   -530.9   310.5   3126.5
37   4   -398.4   502.5   3051.4
37   5   -299.7   520.7   3277.6
37   6   -265.6   317.3   3191.1
37   7   -399.2   482.1   3068.5
37   8   -423.1   319.1   3325.9
37   9   -419.7   148.5   3335.0
37   10   -504.6   101.9   3319.5
37   11   -507.0   -229.8   3327.3
37   12   -477.9   -529.9   3379.4
37   13   -336.1   98.0   3347.6
37   14   -347.5   -232.9   3369.7
37   15   -355.1   -536.6   3405.9
37   16   -420.5   470.5   3063.9
37   17   -376.9   454.6   3089.0
37   18   -423.0   590.6   3246.3
38   0   -427.2   681.7   3261.3
38   1   -423.0   526.0   3265.3
38   2   -542.4   510.4   3227.4
38   3   -530.9   311.1   3126.9
38   4   -398.2   502.2   3050.5
38   5   -299.6   521.2   3277.7
38   6   -265.8   317.8   3191.5
38   7   -399.3   482.1   3068.5
38   8   -423.1   318.7   3326.1
38   9   -419.6   147.8   3334.7
38   10   -504.5   101.7   3319.4
38   11   -507.0   -230.6   3327.3
38   12   -478.1   -530.7   3376.5
38   13   -336.2   98.1   3347.6
38   14   -347.6   -233.3   3369.8
38   15   -355.0   -536.6   3406.1
38   16   -420.3   470.3   3063.2
38   17   -377.0   454.7   3089.0
38   18   -423.0   590.6   3246.3
39   0   -427.1   681.8   3261.3
39   1   -423.0   526.0   3265.3
39   2   -542.5   510.7   3228.4
39   3   -530.9   311.8   3127.2
39   4   -397.8   501.8   3049.2
39   5   -299.4   521.9   3277.7
39   6   -265.9   318.3   3192.2
39   7   -399.2   482.0   3068.5
39   8   -423.0   318.4   3326.2
39   9   -419.6   147.2   3334.5
39   10   -504.4   101.5   3319.4
39   11   -507.1   -231.3   3327.3
39   12   -478.1   -531.1   3375.7
39   13   -336.2   98.1   3347.6
39   14   -347.6   -233.8   3369.9
39   15   -355.0   -536.7   3406.2
39   16   -420.0   470.1   3062.2
39   17   -377.0   454.7   3089.1
39   18   -423.0   590.6   3246.3
40   0   -427.1   682.0   3261.3
40   1   -423.0   526.1   3265.3
40   2   -542.4   510.9   3228.2
40   3   -530.9   312.0   3127.4
40   4   -397.9   501.4   3048.1
40   5   -299.2   522.8   3277.8
40   6   -266.1   318.9   3193.1
40   7   -399.1   481.9   3068.4
40   8   -423.0   318.2   3326.4
40   9   -419.6   146.7   3334.3
40   10   -504.3   101.3   3319.3
40   11   -507.1   -232.1   3327.3
40   12   -478.1   -531.6   3376.1
40   13   -336.3   98.1   3347.6
40   14   -347.6   -234.4   3370.1
40   15   -355.1   -537.0   3406.4
40   16   -420.1   469.8   3061.3
40   17   -377.0   454.7   3089.2
40   18   -423.0   590.6   3246.3
41   0   -427.0   682.2   3261.2
41   1   -422.9   526.1   3265.2
41   2   -542.1   511.1   3227.9
41   3   -530.9   312.1   3127.4
41   4   -398.2   501.0   3047.1
41   5   -299.0   523.2   3276.8
41   6   -266.0   318.6   3194.0
41   7   -398.5   481.4   3068.8
41   8   -422.6   318.1   3326.2
41   9   -419.4   146.2   3334.0
41   10   -504.0   101.2   3319.2
41   11   -507.1   -233.0   3327.3
41   12   -478.0   -532.2   3376.5
41   13   -336.3   98.2   3347.6
41   14   -347.6   -235.1   3370.3
41   15   -355.1   -537.5   3406.5
41   16   -420.3   469.5   3060.5
41   17   -376.5   454.3   3089.6
41   18   -423.0   590.6   3246.3
42   0   -426.7   682.6   3261.1
42   1   -422.8   526.1   3265.2
42   2   -541.8   511.2   3227.5
42   3   -530.9   312.2   3127.5
42   4   -398.5   500.6   3046.0
42   5   -298.9   523.5   3275.5
42   6   -265.9   318.4   3194.3
42   7   -398.0   481.2   3068.9
42   8   -422.1   318.1   3326.0
42   9   -419.1   145.9   3333.7
42   10   -503.6   101.4   3319.3
42   11   -507.1   -233.7   3327.4
42   12   -477.9   -532.6   3377.4
42   13   -336.3   98.2   3347.6
42   14   -347.5   -236.0   3370.6
42   15   -355.1   -538.2   3406.5
42   16   -420.6   469.2   3059.6
42   17   -376.0   454.1   3089.8
42   18   -423.0   590.6   3246.3
43   0   -426.4   683.1   3261.1
43   1   -422.6   526.2   3265.1
43   2   -541.4   511.3   3227.3
43   3   -530.8   312.4   3127.4
43   4   -398.9   500.3   3044.5
43   5   -298.8   523.7   3274.1
43   6   -265.2   318.2   3194.8
43   7   -396.9   480.7   3069.0
43   8   -421.5   318.3   3325.8
43   9   -418.7   145.7   3333.5
43   10   -503.1   101.6   3319.3
43   11   -507.1   -234.3   3327.5
43   12   -477.9   -532.7   3378.5
43   13   -336.3   98.3   3347.5
43   14   -347.4   -236.7   3370.9
43   15   -355.2   -538.7   3406.6
43   16   -420.8   469.0   3058.4
43   17   -375.0   453.6   3090.0
43   18   -423.0   590.6   3246.3
44   0   -425.9   683.8   3261.0
44   1   -422.5   526.2   3265.1
44   2   -541.1   511.5   3227.2
44   3   -530.7   312.7   3127.4
44   4   -399.0   500.3   3043.9
44   5   -298.9   524.0   3273.4
44   6   -263.1   318.4   3195.6
44   7   -395.5   479.8   3069.2
44   8   -420.8   318.6   3325.7
44   9   -418.4   145.7   3333.3
44   10   -502.6   102.0   3319.4
44   11   -507.1   -234.6   3327.6
44   12   -477.8   -532.6   3379.8
44   13   -336.3   98.4   3347.5
44   14   -347.3   -237.4   3371.3
44   15   -355.2   -539.1   3406.5
44   16   -420.9   469.1   3057.8
44   17   -373.4   452.9   3090.3
44   18   -423.0   590.6   3246.3
45   0   -425.5   684.5   3261.0
45   1   -422.4   526.3   3265.1
45   2   -541.0   511.8   3228.8
45   3   -530.7   314.4   3126.6
45   4   -398.4   501.6   3043.5
45   5   -299.1   524.4   3272.9
45   6   -257.3   320.0   3195.5
45   7   -392.5   480.8   3071.9
45   8   -420.3   319.0   3325.4
45   9   -418.0   145.7   3333.0
45   10   -502.1   102.3   3319.4
45   11   -507.1   -234.9   3327.7
45   12   -477.9   -532.3   3381.1
45   13   -336.3   98.5   3347.5
45   14   -347.1   -237.8   3371.7
45   15   -355.2   -539.3   3406.6
45   16   -420.4   470.4   3057.3
45   17   -370.0   454.0   3092.5
45   18   -423.0   590.6   3246.3
46   0   -424.9   685.1   3261.0
46   1   -422.3   526.3   3265.0
46   2   -541.2   512.2   3232.6
46   3   -540.6   320.7   3120.3
46   4   -400.2   504.7   3043.5
46   5   -299.4   524.7   3272.6
46   6   -228.9   331.2   3193.3
46   7   -378.1   488.4   3082.5
46   8   -420.0   319.4   3325.2
46   9   -417.7   145.8   3332.8
46   10   -501.8   102.6   3319.5
46   11   -507.2   -235.1   3327.8
46   12   -477.9   -532.1   3381.7
46   13   -336.3   98.7   3347.5
46   14   -346.8   -238.2   3372.2
46   15   -355.2   -539.3   3406.7
46   16   -423.6   474.0   3056.3
46   17   -353.3   462.2   3101.0
46   18   -423.0   590.6   3246.3
47   0   -424.3   685.7   3261.3
47   1   -422.3   526.4   3265.4
47   2   -541.3   512.4   3242.8
47   3   -568.4   342.9   3106.8
47   4   -420.0   524.3   3040.2
47   5   -300.5   525.6   3276.9
47   6   -184.3   367.2   3186.7
47   7   -348.5   516.7   3087.4
47   8   -419.9   320.4   3326.5
47   9   -417.6   146.4   3332.6
47   10   -501.5   103.0   3319.5
47   11   -507.2   -235.2   3327.9
47   12   -477.9   -531.9   3382.0
47   13   -336.4   99.1   3347.5
47   14   -346.6   -238.2   3372.7
47   15   -355.3   -539.2   3406.7
47   16   -444.7   494.1   3051.3
47   17   -321.1   491.8   3103.9
47   18   -423.0   590.6   3246.3
48   0   -423.5   686.4   3263.6
48   1   -422.3   527.0   3269.8
48   2   -542.9   516.1   3258.9
48   3   -604.2   368.1   3110.1
48   4   -478.9   554.4   3021.3
48   5   -303.8   529.0   3293.7
48   6   -147.2   418.5   3196.1
48   7   -300.5   559.2   3072.9
48   8   -420.0   323.3   3335.5
48   9   -417.6   149.0   3335.6
48   10   -501.0   103.9   3319.8
48   11   -507.2   -234.8   3328.0
48   12   -478.0   -531.2   3382.0
48   13   -336.2   99.7   3347.6
48   14   -346.3   -238.1   3373.1
48   15   -355.2   -538.7   3406.6
48   16   -499.7   523.3   3036.1
48   17   -275.0   535.8   3093.4
48   18   -423.0   590.6   3249.2
49   0   -422.9   688.3   3267.3
49   1   -422.3   528.8   3277.2
49   2   -545.4   520.4   3262.4
49   3   -654.6   425.2   3104.9
49   4   -539.2   584.7   2971.5
49   5   -302.2   532.6   3300.9
49   6   -109.0   479.6   3224.9
49   7   -228.2   602.9   3060.4
49   8   -420.2   327.3   3345.7
49   9   -417.7   152.5   3340.1
49   10   -500.2   105.2   3320.3
49   11   -507.2   -234.0   3328.0
49   12   -478.1   -530.1   3381.8
49   13   -336.0   100.6   3347.8
49   14   -346.0   -237.7   3373.6
49   15   -355.2   -538.1   3406.5
49   16   -558.4   558.1   2993.8
49   17   -208.3   582.4   3087.8
49   18   -423.0   592.1   3255.7
50   0   -422.5   691.7   3270.9
50   1   -422.4   532.7   3285.6
50   2   -547.1   525.9   3264.9
50   3   -700.1   479.9   3121.1
50   4   -609.4   619.0   2950.0
50   5   -299.3   539.8   3307.0
50   6   -85.9   536.1   3267.7
50   7   -154.4   643.3   3068.8
50   8   -420.5   332.3   3353.9
50   9   -417.9   158.9   3345.4
50   10   -499.3   107.0   3321.0
50   11   -507.1   -233.0   3328.0
50   12   -478.1   -528.8   3381.6
50   13   -335.7   102.1   3348.1
50   14   -345.7   -236.9   3374.0
50   15   -355.1   -537.1   3406.2
50   16   -624.4   595.8   2978.5
50   17   -143.0   625.5   3102.0
50   18   -423.0   595.9   3264.0
51   0   -422.3   696.7   3272.2
51   1   -422.4   537.5   3291.9
51   2   -547.5   531.2   3262.9
51   3   -723.3   531.8   3131.5
51   4   -685.5   671.1   2942.4
51   5   -296.0   546.8   3308.2
51   6   -78.2   585.1   3288.6
51   7   -92.5   708.1   3086.4
51   8   -420.6   337.4   3358.2
51   9   -418.0   166.0   3349.2
51   10   -498.9   109.3   3321.5
51   11   -498.2   -231.1   3339.7
51   12   -478.0   -528.9   3381.5
51   13   -335.1   104.5   3348.4
51   14   -345.3   -235.4   3374.0
51   15   -355.1   -535.3   3405.8
51   16   -691.8   647.9   2973.9
51   17   -90.1   687.6   3120.1
51   18   -423.0   600.9   3271.0
52   0   -422.1   702.3   3270.6
52   1   -422.5   543.0   3294.7
52   2   -548.2   538.0   3259.1
52   3   -728.3   581.8   3136.0
52   4   -761.9   735.0   2959.4
52   5   -294.5   551.6   3307.0
52   6   -82.9   626.1   3298.3
52   7   -34.9   786.8   3136.3
52   8   -420.7   342.8   3359.3
52   9   -418.2   173.3   3351.1
52   10   -499.1   113.9   3321.8
52   11   -502.3   -228.4   3334.2
52   12   -478.3   -525.1   3380.7
52   13   -334.4   109.3   3348.8
52   14   -345.0   -232.4   3373.8
52   15   -354.9   -532.1   3405.1
52   16   -756.4   709.5   2988.8
52   17   -42.8   760.1   3163.3
52   18   -423.0   606.5   3274.2
53   0   -422.4   707.8   3267.3
53   1   -422.5   548.4   3294.1
53   2   -548.3   543.4   3255.0
53   3   -724.4   616.1   3136.1
53   4   -811.2   781.7   2981.6
53   5   -293.4   555.8   3302.6
53   6   -92.1   656.7   3301.7
53   7   9.0   843.9   3196.9
53   8   -421.1   347.3   3357.2
53   9   -418.3   179.5   3350.7
53   10   -500.3   121.0   3321.4
53   11   -504.8   -223.1   3330.7
53   12   -478.7   -519.1   3379.5
53   13   -333.3   116.5   3349.2
53   14   -344.2   -226.9   3373.3
53   15   -354.8   -526.4   3404.1
53   16   -796.8   754.1   3007.4
53   17   -7.7   812.7   3214.3
53   18   -423.0   612.0   3274.1
54   0   -423.0   712.2   3262.8
54   1   -422.6   552.7   3290.3
54   2   -548.8   548.4   3248.1
54   3   -719.5   639.4   3133.4
54   4   -837.4   820.3   3016.3
54   5   -292.4   559.2   3295.0
54   6   -100.6   676.6   3302.7
54   7   37.3   869.6   3241.5
54   8   -421.5   350.7   3352.8
54   9   -418.5   184.4   3348.5
54   10   -501.1   127.1   3321.1
54   11   -506.1   -218.8   3328.8
54   12   -479.0   -514.3   3378.8
54   13   -333.7   121.6   3349.4
54   14   -343.4   -223.5   3372.9
54   15   -354.6   -522.7   3403.6
54   16   -817.8   790.1   3035.8
54   17   14.4   837.4   3251.7
54   18   -423.0   616.3   3270.7
55   0   -424.0   715.1   3258.0
55   1   -422.8   555.4   3284.9
55   2   -549.7   552.3   3241.7
55   3   -716.7   656.9   3135.1
55   4   -853.5   845.5   3049.8
55   5   -291.8   562.6   3290.3
55   6   -103.6   683.6   3303.7
55   7   46.4   880.8   3269.0
55   8   -421.9   353.1   3347.7
55   9   -418.6   187.9   3344.8
55   10   -501.8   131.2   3320.6
55   11   -506.8   -216.1   3327.9
55   12   -479.2   -511.3   3378.2
55   13   -335.2   124.5   3349.4
55   14   -342.9   -222.1   3372.6
55   15   -354.5   -521.1   3402.8
55   16   -830.7   814.0   3064.0
55   17   21.3   847.9   3274.7
55   18   -423.0   619.0   3265.1
56   0   -425.1   716.8   3255.0
56   1   -422.9   557.0   3279.7
56   2   -550.5   553.7   3239.0
56   3   -716.3   667.3   3142.2
56   4   -855.7   858.8   3062.6
56   5   -292.2   564.3   3288.9
56   6   -105.1   684.3   3306.0
56   7   46.9   882.5   3274.5
56   8   -422.4   354.6   3343.2
56   9   -418.8   190.5   3340.1
56   10   -502.4   134.2   3320.0
56   11   -507.0   -214.2   3327.4
56   12   -479.4   -509.3   3377.7
56   13   -337.0   126.5   3349.1
56   14   -342.8   -221.2   3372.5
56   15   -354.5   -520.1   3402.4
56   16   -832.4   826.9   3075.9
56   17   21.5   849.5   3279.8
56   18   -423.0   620.5   3259.8
57   0   -426.1   716.5   3253.7
57   1   -423.0   557.8   3275.9
57   2   -551.1   553.8   3238.6
57   3   -717.1   672.8   3151.3
57   4   -853.2   865.4   3066.7
57   5   -292.8   565.0   3289.6
57   6   -105.8   682.4   3311.0
57   7   44.4   881.6   3276.5
57   8   -422.8   355.3   3339.7
57   9   -419.0   192.0   3335.6
57   10   -503.2   135.0   3319.2
57   11   -507.1   -214.4   3327.2
57   12   -479.4   -509.3   3377.6
57   13   -337.9   127.4   3348.7
57   14   -342.7   -221.2   3372.5
57   15   -354.5   -520.0   3401.9
57   16   -830.5   833.3   3080.8
57   17   19.3   848.4   3282.3
57   18   -423.0   621.2   3256.0
58   0   -427.2   715.4   3253.6
58   1   -423.1   558.1   3274.0
58   2   -551.8   553.4   3239.7
58   3   -716.8   675.1   3156.0
58   4   -850.2   869.6   3068.1
58   5   -293.5   565.1   3292.5
58   6   -105.9   679.8   3315.0
58   7   40.8   881.0   3274.4
58   8   -423.4   355.1   3337.5
58   9   -419.2   192.5   3332.7
58   10   -503.9   134.7   3318.3
58   11   -507.2   -215.4   3327.1
58   12   -479.3   -510.0   3377.6
58   13   -338.4   127.5   3348.5
58   14   -342.7   -221.9   3372.4
58   15   -354.6   -520.4   3401.4
58   16   -827.9   837.1   3082.8
58   17   16.3   847.5   3281.2
58   18   -423.0   621.4   3254.2
59   0   -428.0   714.1   3255.3
59   1   -423.2   558.1   3273.3
59   2   -552.4   553.0   3241.8
59   3   -715.8   675.3   3157.6
59   4   -847.9   872.3   3068.5
59   5   -293.9   564.7   3294.6
59   6   -105.9   677.9   3316.4
59   7   37.9   881.8   3271.5
59   8   -423.8   354.7   3336.5
59   9   -419.5   192.6   3331.4
59   10   -504.5   133.7   3317.4
59   11   -507.2   -217.0   3326.9
59   12   -479.2   -511.2   3377.7
59   13   -338.1   127.1   3348.5
59   14   -342.7   -222.9   3372.4
59   15   -354.6   -521.2   3401.2
59   16   -825.9   839.4   3083.3
59   17   13.9   847.8   3279.0
59   18   -423.0   621.5   3253.6
60   0   -428.5   712.8   3259.7
60   1   -423.3   558.1   3274.2
60   2   -552.9   552.6   3246.8
60   3   -713.9   673.8   3157.6
60   4   -846.6   872.3   3068.4
60   5   -294.1   564.2   3297.1
60   6   -105.7   676.5   3316.5
60   7   37.2   882.4   3269.1
60   8   -424.2   354.3   3336.9
60   9   -419.7   192.6   3331.7
60   10   -504.7   132.7   3316.6
60   11   -507.2   -218.4   3326.8
60   12   -479.0   -512.3   3377.9
60   13   -337.7   126.5   3348.5
60   14   -342.8   -224.0   3372.2
60   15   -354.6   -521.9   3402.2
60   16   -824.5   839.2   3083.3
60   17   13.4   848.1   3277.0
60   18   -423.0   621.5   3254.7
61   0   -428.9   711.6   3265.9
61   1   -423.4   558.0   3276.7
61   2   -553.4   552.3   3253.4
61   3   -711.3   671.4   3157.2
61   4   -845.7   870.7   3068.4
61   5   -294.2   563.8   3300.9
61   6   -105.3   675.5   3316.3
61   7   37.0   883.1   3267.9
61   8   -424.6   353.7   3338.3
61   9   -419.8   192.4   3332.8
61   10   -504.8   131.7   3316.4
61   11   -507.2   -219.8   3326.8
61   12   -478.8   -513.5   3378.2
61   13   -337.1   125.8   3348.6
61   14   -342.8   -225.0   3372.0
61   15   -354.5   -522.7   3402.7
61   16   -823.3   837.5   3083.2
61   17   13.3   848.5   3276.0
61   18   -423.0   621.4   3257.5
62   0   -429.1   710.7   3271.1
62   1   -423.5   557.9   3280.3
62   2   -553.6   552.3   3256.9
62   3   -709.7   669.7   3156.3
62   4   -845.6   869.6   3068.3
62   5   -293.8   563.3   3303.8
62   6   -105.1   675.3   3316.3
62   7   37.4   883.8   3267.2
62   8   -425.1   352.9   3340.3
62   9   -420.2   192.0   3334.5
62   10   -504.8   130.7   3316.4
62   11   -507.2   -221.0   3326.8
62   12   -478.9   -514.7   3378.4
62   13   -336.7   125.4   3348.7
62   14   -342.8   -225.7   3371.7
62   15   -354.4   -523.5   3402.0
62   16   -823.0   836.3   3082.9
62   17   13.6   849.0   3275.4
62   18   -423.0   621.4   3261.7
63   0   -429.3   710.1   3274.9
63   1   -423.6   557.8   3284.4
63   2   -553.6   552.5   3258.6
63   3   -709.1   668.6   3155.9
63   4   -845.8   868.9   3067.9
63   5   -293.2   562.8   3306.0
63   6   -105.0   675.4   3316.4
63   7   37.9   884.4   3266.8
63   8   -425.6   352.4   3343.1
63   9   -420.6   191.8   3336.5
63   10   -505.0   130.6   3316.4
63   11   -507.2   -221.5   3326.8
63   12   -479.0   -515.5   3377.4
63   13   -336.4   125.6   3348.8
63   14   -342.8   -225.8   3371.4
63   15   -354.2   -523.8   3401.2
63   16   -823.0   835.5   3082.6
63   17   14.0   849.6   3275.1
63   18   -423.0   621.4   3266.2
64   0   -429.5   710.6   3277.3
64   1   -423.8   557.8   3288.6
64   2   -553.4   552.8   3259.3
64   3   -708.9   667.8   3155.8
64   4   -846.3   868.2   3067.5
64   5   -292.8   562.3   3307.8
64   6   -105.0   675.5   3316.5
64   7   38.3   884.7   3266.4
64   8   -426.2   352.3   3347.1
64   9   -421.0   192.0   3339.3
64   10   -505.2   131.0   3316.5
64   11   -507.2   -221.5   3326.8
64   12   -479.0   -516.0   3376.1
64   13   -336.0   126.1   3348.9
64   14   -342.8   -225.7   3370.8
64   15   -353.9   -524.1   3399.8
64   16   -823.4   834.8   3082.2
64   17   14.4   849.9   3274.8
64   18   -423.0   621.4   3270.5
65   0   -429.8   711.7   3278.6
65   1   -423.9   557.9   3292.6
65   2   -553.0   553.2   3259.7
65   3   -708.9   667.1   3155.8
65   4   -846.8   867.5   3067.0
65   5   -292.5   562.1   3309.4
65   6   -105.1   675.6   3316.3
65   7   38.7   885.0   3266.4
65   8   -426.8   352.5   3351.7
65   9   -421.5   192.5   3342.7
65   10   -505.2   131.7   3316.6
65   11   -507.2   -221.0   3326.8
65   12   -478.8   -516.1   3375.6
65   13   -335.7   126.8   3349.0
65   14   -343.9   -225.1   3373.0
65   15   -353.6   -524.2   3399.0
65   16   -823.8   834.1   3081.8
65   17   14.8   850.1   3274.7
65   18   -423.0   621.4   3274.3
66   0   -430.0   712.8   3279.2
66   1   -424.0   558.0   3295.8
66   2   -552.6   553.5   3259.8
66   3   -708.9   666.6   3156.0
66   4   -846.9   867.0   3066.8
66   5   -292.3   562.0   3310.8
66   6   -105.1   675.7   3315.8
66   7   39.1   885.3   3266.5
66   8   -427.4   352.7   3355.5
66   9   -422.0   192.9   3346.0
66   10   -505.1   132.5   3316.7
66   11   -507.2   -220.5   3326.9
66   12   -478.9   -516.2   3375.8
66   13   -335.6   127.2   3349.0
66   14   -344.5   -224.9   3374.2
66   15   -353.3   -524.8   3398.8
66   16   -823.9   833.6   3081.6
66   17   15.1   850.4   3274.7
66   18   -423.0   621.4   3277.4
67   0   -430.1   713.7   3279.6
67   1   -424.1   558.1   3298.0
67   2   -552.2   553.8   3259.9
67   3   -709.2   665.9   3156.3
67   4   -846.9   866.7   3066.6
67   5   -292.3   562.2   3312.1
67   6   -105.1   675.8   3315.1
67   7   39.5   885.8   3266.5
67   8   -427.8   352.8   3358.1
67   9   -422.4   193.2   3348.4
67   10   -505.2   133.5   3316.8
67   11   -507.3   -219.7   3326.9
67   12   -479.0   -515.9   3375.9
67   13   -335.8   127.5   3349.0
67   14   -344.7   -224.8   3374.9
67   15   -353.1   -525.3   3398.8
67   16   -824.0   833.3   3081.5
67   17   15.4   850.8   3274.6
67   18   -423.0   621.4   3279.5
68   0   -430.2   714.4   3280.0
68   1   -424.2   558.1   3299.4
68   2   -552.0   554.1   3260.1
68   3   -709.5   665.1   3156.1
68   4   -846.9   866.8   3066.5
68   5   -292.4   562.5   3313.5
68   6   -105.2   675.8   3314.3
68   7   39.9   886.2   3266.6
68   8   -428.0   353.0   3360.1
68   9   -422.9   193.5   3350.2
68   10   -505.4   133.9   3316.9
68   11   -507.4   -219.3   3327.0
68   12   -478.9   -515.8   3376.2
68   13   -336.2   127.7   3349.1
68   14   -343.8   -224.8   3372.4
68   15   -353.2   -525.4   3398.8
68   16   -824.0   833.2   3081.5
68   17   15.7   851.2   3274.5
68   18   -423.0   621.4   3280.8
69   0   -430.3   715.0   3280.1
69   1   -424.2   558.2   3300.2
69   2   -551.9   554.6   3260.2
69   3   -709.8   664.7   3156.1
69   4   -847.1   867.0   3066.3
69   5   -292.6   562.8   3314.7
69   6   -105.2   675.8   3313.8
69   7   40.2   886.5   3266.3
69   8   -428.2   353.0   3361.0
69   9   -423.4   193.6   3351.1
69   10   -505.7   134.3   3317.0
69   11   -507.5   -218.4   3327.0
69   12   -478.9   -515.4   3376.4
69   13   -336.6   128.0   3349.1
69   14   -343.3   -224.0   3370.8
69   15   -353.6   -525.0   3398.9
69   16   -824.2   833.3   3081.3
69   17   15.9   851.4   3274.2
69   18   -423.0   621.3   3281.5
70   0   -430.3   715.4   3280.2
70   1   -424.3   558.2   3300.6
70   2   -552.0   555.0   3260.8
70   3   -709.8   664.5   3156.2
70   4   -847.3   866.9   3066.2
70   5   -292.8   563.0   3315.2
70   6   -105.4   675.8   3313.3
70   7   40.4   886.6   3265.7
70   8   -428.4   353.0   3361.3
70   9   -424.0   193.7   3351.5
70   10   -506.2   134.3   3317.4
70   11   -507.6   -217.1   3327.1
70   12   -478.9   -515.1   3376.8
70   13   -337.1   128.2   3349.2
70   14   -343.1   -222.7   3369.9
70   15   -353.8   -524.6   3398.9
70   16   -824.4   833.2   3081.2
70   17   16.1   851.5   3273.6
70   18   -423.0   621.3   3281.9
71   0   -430.4   715.8   3280.2
71   1   -424.3   558.2   3300.8
71   2   -552.0   555.3   3261.6
71   3   -709.7   664.3   3156.4
71   4   -847.5   866.5   3066.0
71   5   -292.9   563.0   3315.2
71   6   -105.6   675.8   3313.2
71   7   40.5   886.4   3264.5
71   8   -428.6   353.0   3361.4
71   9   -424.5   193.7   3351.7
71   10   -506.7   134.3   3317.8
71   11   -507.7   -215.3   3327.1
71   12   -479.0   -514.8   3377.3
71   13   -337.8   128.4   3349.5
71   14   -343.0   -220.7   3369.5
71   15   -353.9   -524.1   3398.8
71   16   -824.5   832.8   3081.0
71   17   16.1   851.3   3272.6
71   18   -423.0   621.3   3282.2
72   0   -430.4   716.0   3280.3
72   1   -424.4   558.2   3301.1
72   2   -552.0   555.4   3263.1
72   3   -709.3   664.0   3156.8
72   4   -847.6   865.6   3065.9
72   5   -293.1   563.0   3315.3
72   6   -105.7   675.7   3313.3
72   7   40.5   885.9   3263.2
72   8   -428.8   352.9   3361.4
72   9   -425.0   193.6   3351.8
72   10   -507.3   134.1   3318.6
72   11   -507.9   -213.5   3327.2
72   12   -478.9   -514.4   3378.1
72   13   -338.4   128.5   3349.9
72   14   -343.2   -218.7   3368.4
72   15   -353.8   -523.6   3399.0
72   16   -824.5   832.0   3081.0
72   17   16.1   850.8   3271.5
72   18   -423.0   621.3   3282.6
73   0   -430.5   716.2   3280.4
73   1   -424.5   558.1   3301.4
73   2   -552.2   555.4   3266.3
73   3   -708.2   663.2   3157.6
73   4   -847.3   863.8   3066.0
73   5   -293.2   563.0   3315.4
73   6   -105.8   675.6   3313.3
73   7   40.5   885.1   3261.5
73   8   -429.1   352.8   3361.4
73   9   -425.5   193.6   3352.0
73   10   -507.9   134.0   3319.8
73   11   -508.1   -211.9   3327.3
73   12   -478.8   -513.9   3379.0
73   13   -339.1   128.6   3350.6
73   14   -343.3   -216.9   3367.8
73   15   -353.8   -523.0   3399.1
73   16   -824.1   830.4   3081.3
73   17   16.1   850.2   3270.1
73   18   -423.0   621.3   3283.0
74   0   -430.6   716.4   3280.5
74   1   -424.5   558.1   3301.8
74   2   -552.4   555.3   3271.3
74   3   -706.5   662.0   3158.9
74   4   -846.5   861.3   3066.5
74   5   -293.3   562.9   3315.5
74   6   -105.8   675.3   3313.2
74   7   40.3   884.1   3259.4
74   8   -429.3   352.7   3361.4
74   9   -426.0   193.5   3352.1
74   10   -508.6   133.9   3321.4
74   11   -508.3   -210.6   3327.5
74   12   -478.7   -513.3   3379.9
74   13   -339.9   128.9   3351.7
74   14   -343.5   -215.3   3367.6
74   15   -353.8   -522.1   3399.3
74   16   -823.2   828.1   3081.9
74   17   16.0   849.3   3268.4
74   18   -423.0   621.3   3283.5
75   0   -430.6   716.5   3280.5
75   1   -424.6   558.1   3302.2
75   2   -552.4   555.4   3273.8
75   3   -705.7   661.5   3159.7
75   4   -846.3   859.7   3066.6
75   5   -293.5   562.9   3315.6
75   6   -105.8   674.9   3313.2
75   7   40.1   883.0   3257.0
75   8   -429.6   352.6   3361.4
75   9   -426.5   193.4   3352.3
75   10   -509.4   133.8   3323.6
75   11   -508.5   -209.7   3327.8
75   12   -478.8   -512.7   3380.8
75   13   -340.6   129.3   3352.9
75   14   -343.7   -213.8   3367.5
75   15   -353.5   -521.1   3399.5
75   16   -822.8   826.7   3082.1
75   17   15.8   848.3   3266.4
75   18   -423.0   621.3   3284.0
