18   0   -324.5   683.6   3325.4
18   1   -320.3   526.2   3325.5
18   2   -461.8   506.7   3314.3
18   3   -437.2   327.2   3223.5
18   4   -249.6   464.8   3154.5
18   5   -180.0   511.2   3346.6
18   6   -166.4   327.4   3262.2
18   7   -310.1   476.4   3135.4
18   8   -320.2   330.0   3360.4
18   9   -319.7   170.2   3364.8
18   10   -420.7   68.5   3383.4
18   11   -401.3   -259.4   3342.4
18   12   -377.8   -551.3   3448.4
18   13   -220.9   70.9   3397.3
18   14   -260.1   -257.4   3379.7
18   15   -250.6   -559.6   3454.1
18   16   -280.8   441.9   3166.0
18   17   -286.1   451.5   3156.6
18   18   -320.4   591.9   3313.8
19   0   -324.5   686.2   3325.0
19   1   -320.1   529.2   3327.8
19   2   -461.0   508.6   3312.6
19   3   -439.7   327.2   3223.9
19   4   -253.9   463.7   3150.1
19   5   -179.5   514.1   3343.4
19   6   -163.8   327.7   3265.5
19   7   -307.6   470.4   3133.6
19   8   -319.6   334.1   3367.4
19   9   -319.0   174.2   3370.8
19   10   -417.6   75.9   3384.1
19   11   -399.9   -252.9   3352.1
19   12   -377.3   -548.1   3443.3
19   13   -221.3   79.1   3397.2
19   14   -256.5   -249.8   3387.0
19   15   -250.8   -553.5   3454.8
19   16   -284.8   441.0   3162.4
19   17   -283.6   446.6   3155.6
19   18   -320.3   594.5   3314.6
20   0   -324.6   693.6   3323.7
20   1   -319.6   538.1   3334.8
20   2   -458.6   515.1   3308.0
20   3   -444.5   328.1   3226.0
20   4   -263.4   461.0   3138.7
20   5   -179.9   520.2   3337.7
20   6   -158.0   327.8   3274.9
20   7   -301.1   455.3   3130.4
20   8   -318.1   348.0   3388.0
20   9   -317.1   188.1   3386.7
20   10   -406.6   96.8   3387.3
20   11   -405.9   -233.3   3363.2
20   12   -378.9   -533.5   3435.5
20   13   -228.7   97.7   3398.2
20   14   -250.3   -233.0   3392.9
20   15   -250.6   -539.4   3450.0
20   16   -293.6   438.9   3153.2
20   17   -277.2   434.1   3154.5
20   18   -320.1   602.0   3316.9
21   0   -324.5   702.8   3321.7
21   1   -319.0   549.1   3342.2
21   2   -454.6   522.1   3303.4
21   3   -451.8   327.6   3230.6
21   4   -276.1   456.1   3129.0
21   5   -181.6   527.1   3331.9
21   6   -155.9   328.8   3276.3
21   7   -299.9   446.2   3124.4
21   8   -316.5   364.2   3408.6
21   9   -314.9   203.9   3404.1
21   10   -393.5   117.6   3391.6
21   11   -411.8   -213.5   3374.5
21   12   -384.9   -518.1   3431.7
21   13   -237.4   116.6   3399.6
21   14   -243.8   -215.8   3397.8
21   15   -249.4   -524.5   3443.4
21   16   -305.4   434.7   3146.0
21   17   -275.9   426.7   3149.8
21   18   -319.8   611.5   3319.7
22   0   -324.5   708.6   3320.2
22   1   -318.8   555.5   3345.5
22   2   -451.6   526.9   3300.6
22   3   -458.8   326.0   3236.1
22   4   -286.3   451.2   3124.8
22   5   -183.3   531.5   3328.3
22   6   -161.3   327.7   3277.3
22   7   -301.7   446.3   3122.3
22   8   -316.0   370.9   3415.5
22   9   -313.9   210.3   3412.9
22   10   -390.2   123.0   3392.4
22   11   -416.4   -208.9   3381.4
22   12   -390.8   -515.5   3432.3
22   13   -237.7   121.1   3399.0
22   14   -239.9   -212.2   3399.2
22   15   -247.9   -521.6   3440.2
22   16   -315.0   430.3   3143.3
22   17   -278.3   426.5   3148.2
22   18   -319.7   617.8   3321.8
23   0   -324.5   711.0   3319.3
23   1   -318.8   557.8   3345.2
23   2   -449.8   529.4   3299.5
23   3   -464.6   324.6   3239.5
23   4   -291.9   447.1   3124.2
23   5   -184.6   533.6   3326.7
23   6   -166.3   325.7   3279.5
23   7   -305.6   444.0   3122.2
23   8   -316.5   369.2   3412.1
23   9   -313.9   208.3   3412.3
23   10   -394.4   118.9   3390.6
23   11   -418.8   -213.6   3384.5
23   12   -395.5   -520.5   3434.2
23   13   -231.3   118.6   3397.4
23   14   -238.2   -214.8   3400.0
23   15   -247.6   -524.0   3439.6
23   16   -320.7   426.7   3143.4
23   17   -282.4   424.3   3148.4
23   18   -319.6   620.6   3322.9
24   0   -324.5   711.2   3318.9
24   1   -319.0   557.7   3343.6
24   2   -448.9   530.5   3299.3
24   3   -465.0   323.0   3241.4
24   4   -293.2   445.0   3123.9
24   5   -185.5   534.3   3326.1
24   6   -168.9   324.0   3280.0
24   7   -311.5   442.3   3125.7
24   8   -317.4   365.9   3404.1
24   9   -314.3   204.9   3406.4
24   10   -399.9   114.5   3388.6
24   11   -419.9   -218.4   3385.5
24   12   -393.3   -525.1   3431.5
24   13   -225.2   116.4   3396.9
24   14   -237.6   -216.7   3400.3
24   15   -247.9   -525.3   3440.1
24   16   -321.8   424.7   3143.5
24   17   -287.8   422.6   3151.5
24   18   -319.6   621.3   3323.5
25   0   -324.7   711.4   3318.6
25   1   -319.3   556.8   3341.9
25   2   -448.5   530.9   3299.4
25   3   -462.8   321.7   3242.3
25   4   -292.4   443.7   3123.6
25   5   -186.2   534.2   3326.0
25   6   -170.0   322.6   3279.7
25   7   -317.7   440.4   3130.8
25   8   -318.2   361.3   3397.4
25   9   -314.9   200.2   3399.8
25   10   -403.1   112.5   3387.3
25   11   -420.1   -220.6   3385.6
25   12   -389.4   -526.9   3429.0
25   13   -222.6   116.0   3397.1
25   14   -237.6   -217.1   3400.4
25   15   -247.8   -524.9   3441.5
25   16   -320.8   423.4   3143.4
25   17   -293.1   420.8   3155.6
25   18   -319.6   621.0   3323.6
26   0   -324.9   711.7   3318.4
26   1   -319.5   555.8   3340.9
26   2   -448.2   531.0   3299.7
26   3   -461.6   320.7   3242.9
26   4   -291.0   441.8   3123.7
26   5   -186.7   534.1   3326.1
26   6   -170.3   321.7   3279.2
26   7   -321.6   439.1   3133.4
26   8   -319.1   357.4   3394.1
26   9   -315.5   196.2   3395.6
26   10   -404.3   111.6   3386.7
26   11   -420.0   -221.6   3385.4
26   12   -388.5   -527.3   3429.2
26   13   -222.4   116.1   3397.2
26   14   -237.7   -217.1   3400.2
26   15   -247.5   -524.3   3443.3
26   16   -319.5   421.6   3143.6
26   17   -296.4   419.6   3157.7
26   18   -319.6   620.3   3323.7
27   0   -325.2   712.0   3318.2
27   1   -319.7   555.0   3340.6
27   2   -448.0   531.0   3300.1
27   3   -460.8   320.1   3242.9
27   4   -289.8   441.4   3124.1
27   5   -187.1   534.1   3326.2
27   6   -169.6   320.7   3281.1
27   7   -322.1   436.1   3134.6
27   8   -320.0   354.8   3393.2
27   9   -316.0   193.5   3393.6
27   10   -404.2   111.5   3386.4
27   11   -419.8   -221.8   3385.2
27   12   -387.9   -526.8   3431.1
27   13   -223.5   116.4   3397.2
27   14   -238.0   -216.8   3400.1
27   15   -247.2   -523.5   3444.6
27   16   -318.3   421.1   3143.9
27   17   -296.7   416.9   3159.1
27   18   -319.6   619.5   3323.6
28   0   -325.4   712.1   3318.0
28   1   -319.9   554.2   3340.7
28   2   -447.9   531.0   3300.3
28   3   -460.2   319.8   3242.4
28   4   -288.5   441.8   3124.9
28   5   -187.3   534.1   3326.3
28   6   -168.0   319.5   3285.1
28   7   -320.2   432.4   3135.8
28   8   -320.6   353.7   3393.8
28   9   -316.5   192.3   3393.1
28   10   -403.1   112.1   3386.4
28   11   -419.5   -221.2   3385.3
28   12   -387.7   -525.7   3432.7
28   13   -225.5   117.0   3397.1
28   14   -238.1   -216.4   3400.0
28   15   -247.5   -522.6   3445.8
28   16   -317.1   421.5   3144.5
28   17   -294.8   413.6   3160.7
28   18   -319.7   618.8   3323.6
29   0   -325.5   712.2   3317.9
29   1   -320.0   553.6   3341.0
29   2   -447.8   531.0   3300.5
29   3   -460.2   319.5   3242.0
29   4   -288.3   441.7   3126.9
29   5   -187.5   534.2   3326.3
29   6   -165.8   319.1   3286.9
29   7   -316.5   433.4   3138.7
29   8   -321.1   353.9   3395.1
29   9   -316.9   192.5   3393.2
29   10   -401.5   113.2   3386.6
29   11   -419.4   -220.1   3385.2
29   12   -387.8   -524.5   3431.8
29   13   -227.9   117.9   3396.9
29   14   -238.1   -215.7   3399.9
29   15   -247.3   -521.5   3447.2
29   16   -316.9   421.3   3146.0
29   17   -291.4   414.4   3163.4
29   18   -319.7   618.1   3323.6
30   0   -325.6   712.2   3317.9
30   1   -320.1   553.1   3341.4
30   2   -447.7   531.0   3300.8
30   3   -460.7   319.2   3242.4
30   4   -288.9   440.9   3129.5
30   5   -187.4   534.5   3326.4
30   6   -162.9   319.2   3287.4
30   7   -312.6   435.5   3142.0
30   8   -321.3   355.2   3396.5
30   9   -317.2   193.8   3393.5
30   10   -399.7   114.6   3386.7
30   11   -419.3   -218.6   3385.0
30   12   -387.9   -522.9   3430.5
30   13   -230.5   119.0   3396.6
30   14   -238.1   -214.7   3399.5
30   15   -246.8   -519.9   3449.1
30   16   -317.6   420.6   3148.3
30   17   -287.6   416.1   3166.3
30   18   -319.7   617.4   3323.6
31   0   -325.5   712.1   3318.0
31   1   -320.1   552.7   3341.8
31   2   -447.7   531.0   3301.1
31   3   -461.5   318.8   3243.2
31   4   -289.9   439.9   3132.3
31   5   -187.3   534.8   3326.4
31   6   -159.7   319.7   3287.1
31   7   -310.7   434.1   3143.9
31   8   -321.5   356.9   3397.3
31   9   -317.5   195.5   3393.8
31   10   -398.6   115.8   3386.8
31   11   -419.2   -217.4   3384.8
31   12   -388.0   -521.7   3428.8
31   13   -232.3   120.1   3396.1
31   14   -238.1   -213.7   3399.0
31   15   -246.2   -518.5   3449.6
31   16   -318.5   419.7   3150.8
31   17   -285.5   415.0   3167.8
31   18   -319.7   616.9   3323.6
32   0   -325.5   711.9   3318.1
32   1   -320.2   552.2   3342.0
32   2   -447.7   531.0   3301.2
32   3   -462.8   318.5   3244.0
32   4   -291.2   438.2   3134.2
32   5   -187.2   535.1   3326.4
32   6   -155.9   320.3   3287.0
32   7   -308.8   432.3   3145.8
32   8   -321.5   358.3   3397.6
32   9   -317.9   196.9   3394.1
32   10   -398.4   116.1   3386.8
32   11   -419.3   -217.2   3384.6
32   12   -388.1   -521.4   3427.0
32   13   -233.1   120.6   3395.6
32   14   -238.1   -213.3   3398.4
32   15   -245.5   -517.7   3449.4
32   16   -319.8   418.3   3152.5
32   17   -283.3   413.6   3169.3
32   18   -319.7   616.3   3323.6
33   0   -325.4   711.7   3318.2
33   1   -320.2   551.7   3342.1
33   2   -447.7   531.0   3301.2
33   3   -464.5   318.1   3244.9
33   4   -292.6   436.5   3135.5
33   5   -187.2   535.2   3326.4
33   6   -155.9   320.2   3286.8
33   7   -308.3   432.1   3146.0
33   8   -321.5   359.3   3397.7
33   9   -318.2   197.8   3394.3
33   10   -398.8   115.8   3386.8
33   11   -419.3   -217.5   3384.5
33   12   -388.1   -521.7   3423.7
33   13   -233.3   120.7   3395.0
33   14   -238.0   -213.2   3398.1
33   15   -245.0   -517.2   3449.0
33   16   -321.2   416.8   3153.7
33   17   -282.9   413.4   3169.5
33   18   -319.7   615.8   3323.6
34   0   -325.4   711.4   3318.3
34   1   -320.2   551.1   3342.1
34   2   -447.8   531.0   3301.3
34   3   -466.6   318.1   3245.1
34   4   -293.5   434.8   3136.3
34   5   -187.2   535.2   3326.4
34   6   -156.0   320.1   3286.6
34   7   -308.0   432.3   3146.1
34   8   -321.5   359.7   3397.7
34   9   -318.4   198.3   3394.5
34   10   -399.4   115.4   3386.8
34   11   -419.3   -218.0   3384.5
34   12   -388.0   -522.2   3419.7
34   13   -233.0   120.5   3394.3
34   14   -238.0   -213.5   3398.0
34   15   -244.1   -517.0   3448.9
34   16   -322.3   415.3   3154.4
34   17   -282.6   413.6   3169.6
34   18   -319.8   615.2   3323.6
35   0   -325.3   711.0   3318.6
35   1   -320.2   550.6   3342.2
35   2   -447.8   530.9   3301.3
35   3   -468.8   318.2   3244.9
35   4   -294.1   433.1   3136.8
35   5   -187.2   535.2   3326.4
35   6   -156.0   320.0   3286.5
35   7   -307.7   432.7   3146.1
35   8   -321.5   359.8   3397.7
35   9   -318.5   198.3   3394.7
35   10   -399.8   114.9   3386.8
35   11   -419.4   -218.6   3384.5
35   12   -388.0   -522.3   3420.9
35   13   -232.6   120.3   3394.0
35   14   -238.0   -213.7   3398.0
35   15   -243.7   -516.9   3449.0
35   16   -323.2   413.9   3154.8
35   17   -282.4   413.9   3169.5
35   18   -319.8   614.6   3323.6
36   0   -325.3   710.8   3319.7
36   1   -320.2   550.2   3342.2
36   2   -447.7   531.0   3301.3
36   3   -471.4   318.6   3244.4
36   4   -294.3   431.1   3137.0
36   5   -187.3   535.3   3326.4
36   6   -155.8   320.0   3286.5
36   7   -307.3   432.9   3145.4
36   8   -321.4   359.7   3397.7
36   9   -318.6   198.2   3394.8
36   10   -400.2   114.5   3386.8
36   11   -419.4   -219.1   3384.6
36   12   -388.2   -522.2   3422.9
36   13   -232.2   120.1   3393.9
36   14   -237.9   -214.0   3398.0
36   15   -244.0   -516.8   3449.3
36   16   -323.9   412.4   3154.9
36   17   -282.0   414.1   3168.9
36   18   -319.8   614.2   3323.6
37   0   -325.2   710.6   3321.7
37   1   -320.1   549.9   3342.2
37   2   -447.6   531.1   3301.4
37   3   -472.1   319.5   3241.6
37   4   -293.9   432.3   3136.1
37   5   -187.3   535.3   3326.4
37   6   -153.4   320.4   3286.2
37   7   -303.4   432.7   3142.8
37   8   -321.4   359.5   3397.7
37   9   -318.6   198.0   3395.0
37   10   -400.5   114.3   3386.7
37   11   -419.4   -219.4   3384.6
37   12   -388.5   -521.9   3426.3
37   13   -231.9   120.0   3393.7
37   14   -237.9   -214.2   3398.0
37   15   -244.2   -516.7   3449.5
37   16   -323.6   413.5   3153.7
37   17   -278.4   413.9   3166.7
37   18   -319.7   613.9   3323.6
38   0   -325.2   710.4   3324.5
38   1   -320.1   549.6   3342.0
38   2   -447.5   531.1   3301.5
38   3   -476.2   329.8   3217.6
38   4   -296.9   454.0   3135.3
38   5   -187.4   535.4   3326.4
38   6   -133.0   328.6   3274.2
38   7   -289.0   444.3   3143.7
38   8   -321.4   359.1   3397.8
38   9   -318.5   197.6   3395.0
38   10   -400.5   114.3   3386.7
38   11   -419.4   -219.4   3384.6
38   12   -389.2   -521.9   3426.0
38   13   -231.8   120.0   3393.5
38   14   -237.9   -214.1   3398.0
38   15   -244.3   -516.5   3449.5
38   16   -326.8   433.3   3149.0
38   17   -263.0   425.0   3165.5
38   18   -319.7   613.7   3323.3
39   0   -325.2   710.1   3328.5
39   1   -320.1   549.4   3341.8
39   2   -448.0   530.8   3309.7
39   3   -502.7   371.8   3179.3
39   4   -321.5   506.4   3120.6
39   5   -187.7   535.5   3330.2
39   6   -82.9   368.3   3251.2
39   7   -248.1   492.1   3142.1
39   8   -321.4   358.6   3397.8
39   9   -318.5   197.1   3395.1
39   10   -400.5   114.5   3386.6
39   11   -419.4   -219.1   3384.6
39   12   -389.5   -521.8   3424.7
39   13   -231.9   120.1   3393.1
39   14   -237.9   -213.9   3398.0
39   15   -244.3   -516.4   3449.5
39   16   -351.7   484.0   3130.4
39   17   -220.6   471.5   3160.3
39   18   -319.6   613.5   3323.0
40   0   -325.0   709.7   3332.8
40   1   -319.9   549.3   3341.6
40   2   -448.8   531.6   3317.5
40   3   -553.5   425.1   3169.5
40   4   -382.3   551.7   3077.9
40   5   -187.7   537.0   3337.8
40   6   -27.5   438.2   3252.5
40   7   -203.5   535.4   3134.3
40   8   -321.0   357.8   3397.9
40   9   -318.3   196.3   3394.9
40   10   -400.1   115.3   3386.4
40   11   -419.3   -218.2   3384.5
40   12   -389.5   -521.0   3424.7
40   13   -232.1   120.4   3392.8
40   14   -237.9   -213.6   3398.0
40   15   -244.3   -516.1   3449.5
40   16   -410.8   530.6   3093.2
40   17   -174.2   519.2   3154.0
40   18   -319.5   613.4   3322.8
41   0   -324.8   708.6   3335.3
41   1   -319.7   549.4   3341.6
41   2   -450.5   534.8   3321.4
41   3   -603.7   495.2   3184.4
41   4   -405.1   517.7   3117.1
41   5   -186.5   541.2   3343.5
41   6   8.4   517.9   3271.9
41   7   -112.5   617.6   3109.2
41   8   -320.4   356.6   3398.1
41   9   -317.9   195.1   3394.7
41   10   -399.7   116.6   3386.1
41   11   -419.3   -216.8   3384.5
41   12   -389.6   -519.5   3425.8
41   13   -232.5   120.8   3392.5
41   14   -237.9   -213.1   3398.0
41   15   -244.3   -515.7   3449.4
41   16   -438.2   513.8   3128.3
41   17   -92.4   601.0   3136.4
41   18   -319.5   613.4   3322.8
42   0   -324.6   709.1   3336.2
42   1   -319.6   551.2   3341.6
42   2   -453.3   542.9   3322.8
42   3   -626.1   561.2   3193.4
42   4   -534.3   659.8   3076.2
42   5   -184.0   551.1   3348.1
42   6   19.6   592.6   3285.7
42   7   -17.3   712.5   3103.5
42   8   -319.9   356.7   3398.6
42   9   -317.7   193.5   3394.4
42   10   -399.7   120.4   3385.3
42   11   -419.0   -213.1   3384.4
42   12   -390.1   -516.0   3426.0
42   13   -233.4   122.4   3391.5
42   14   -237.9   -211.6   3397.9
42   15   -244.2   -514.3   3449.3
42   16   -549.3   643.1   3095.7
42   17   -11.2   692.5   3133.9
42   18   -319.4   615.2   3322.8
43   0   -324.5   713.2   3334.7
43   1   -319.5   555.4   3341.6
43   2   -453.6   550.1   3316.3
43   3   -630.5   623.2   3206.1
43   4   -638.9   768.2   3075.2
43   5   -181.8   561.7   3347.2
43   6   16.8   648.5   3292.6
43   7   48.5   807.1   3137.5
43   8   -319.6   359.0   3399.2
43   9   -317.5   195.3   3393.1
43   10   -401.3   130.0   3383.4
43   11   -418.7   -205.6   3384.3
43   12   -390.9   -508.7   3425.2
43   13   -234.4   127.1   3389.8
43   14   -237.8   -208.8   3397.7
43   15   -244.1   -511.6   3448.8
43   16   -637.4   743.9   3097.0
43   17   43.3   780.7   3163.3
43   18   -319.4   619.5   3322.8
44   0   -324.5   720.0   3330.8
44   1   -319.2   561.8   3340.1
44   2   -452.8   557.8   3311.2
44   3   -622.4   664.5   3208.7
44   4   -704.0   837.0   3097.1
44   5   -181.1   570.4   3343.6
44   6   3.5   691.2   3293.7
44   7   97.0   872.6   3188.0
44   8   -319.4   364.1   3398.8
44   9   -317.4   200.5   3390.7
44   10   -403.5   143.4   3379.9
44   11   -418.3   -195.8   3383.9
44   12   -391.8   -499.0   3423.8
44   13   -233.4   137.8   3387.2
44   14   -237.7   -201.5   3397.1
44   15   -244.0   -504.3   3447.4
44   16   -690.4   808.2   3115.7
44   17   81.5   842.4   3205.7
44   18   -319.2   625.8   3321.1
45   0   -324.4   728.2   3323.8
45   1   -318.9   569.4   3336.6
45   2   -452.0   566.3   3306.2
45   3   -615.4   690.4   3210.3
45   4   -739.8   879.0   3129.4
45   5   -181.4   577.7   3337.2
45   6   -8.2   717.5   3293.3
45   7   118.1   912.9   3227.4
45   8   -319.3   371.0   3395.9
45   9   -317.4   207.8   3387.8
45   10   -401.5   147.3   3376.2
45   11   -418.1   -195.5   3383.7
45   12   -392.0   -498.5   3423.5
45   13   -234.4   143.4   3385.5
45   14   -237.7   -199.7   3396.4
45   15   -243.9   -502.3   3446.7
45   16   -719.1   847.6   3142.9
45   17   97.1   880.3   3238.4
45   18   -318.8   633.4   3317.4
46   0   -324.3   734.6   3318.0
46   1   -318.5   575.2   3332.0
46   2   -450.1   570.8   3303.1
46   3   -612.5   705.3   3222.5
46   4   -754.4   900.6   3151.1
46   5   -182.6   581.5   3333.2
46   6   -12.9   725.9   3294.9
46   7   127.4   929.1   3251.2
46   8   -319.3   375.9   3390.7
46   9   -317.4   213.0   3383.7
46   10   -400.2   148.9   3371.3
46   11   -418.1   -197.2   3383.3
46   12   -392.2   -500.1   3423.3
46   13   -235.1   146.1   3383.2
46   14   -237.7   -200.5   3395.6
46   15   -243.9   -502.8   3446.1
46   16   -730.7   868.0   3163.0
46   17   104.0   895.2   3258.5
46   18   -318.3   639.2   3313.2
47   0   -324.2   738.7   3315.0
47   1   -318.2   578.9   3328.3
47   2   -448.3   572.9   3302.4
47   3   -613.4   708.6   3233.6
47   4   -759.2   906.6   3162.2
47   5   -184.2   583.2   3332.7
47   6   -13.3   724.8   3298.5
47   7   127.7   934.4   3265.0
47   8   -319.2   378.5   3385.7
47   9   -317.4   215.8   3379.8
47   10   -399.6   149.1   3366.4
47   11   -418.1   -199.7   3382.8
47   12   -392.2   -502.7   3422.8
47   13   -235.1   147.1   3380.5
47   14   -237.7   -202.3   3394.8
47   15   -244.0   -504.8   3445.7
47   16   -734.9   873.6   3174.1
47   17   104.1   899.4   3270.5
47   18   -317.9   643.0   3309.9
48   0   -324.1   740.8   3315.1
48   1   -318.0   580.6   3326.8
48   2   -447.0   573.3   3303.2
48   3   -614.3   705.1   3235.5
48   4   -759.9   905.2   3165.9
48   5   -185.8   583.9   3336.5
48   6   -11.0   717.6   3300.3
48   7   123.4   932.7   3266.5
48   8   -319.2   378.7   3382.6
48   9   -317.4   216.3   3376.9
48   10   -399.6   148.9   3363.0
48   11   -418.2   -202.2   3382.3
48   12   -392.0   -505.8   3422.5
48   13   -234.8   147.3   3377.7
48   14   -237.7   -204.4   3393.9
48   15   -244.1   -507.5   3444.4
48   16   -735.6   871.9   3177.5
48   17   101.0   896.9   3272.1
48   18   -317.7   644.9   3309.1
49   0   -324.0   741.6   3318.2
49   1   -318.0   581.1   3327.0
49   2   -446.3   573.0   3304.8
49   3   -615.3   699.9   3235.3
49   4   -760.7   898.9   3164.0
49   5   -187.2   584.2   3342.5
49   6   -7.9   709.4   3303.5
49   7   119.0   926.7   3259.9
49   8   -319.1   377.3   3380.9
49   9   -317.4   213.4   3375.3
49   10   -400.0   148.4   3361.8
49   11   -418.3   -204.6   3381.6
49   12   -391.5   -509.6   3421.9
49   13   -234.3   147.1   3376.2
49   14   -237.6   -206.5   3392.7
49   15   -244.5   -510.9   3444.1
49   16   -736.4   865.7   3175.9
49   17   97.8   890.5   3267.2
49   18   -317.6   645.6   3310.0
50   0   -324.0   741.5   3323.9
50   1   -318.0   581.0   3328.4
50   2   -445.8   572.4   3307.6
50   3   -616.0   694.4   3234.1
50   4   -759.8   892.7   3160.6
50   5   -187.6   584.1   3345.5
50   6   -4.4   703.0   3307.6
50   7   118.4   918.0   3248.0
50   8   -319.0   377.1   3379.3
50   9   -317.3   211.7   3374.6
50   10   -400.6   147.6   3361.5
50   11   -418.3   -206.9   3380.9
50   12   -390.8   -513.7   3420.5
50   13   -233.6   146.5   3375.7
50   14   -237.6   -208.6   3392.2
50   15   -244.7   -514.6   3444.4
50   16   -735.9   859.7   3172.9
50   17   97.9   882.2   3258.0
50   18   -317.7   645.7   3312.3
51   0   -324.0   741.2   3329.5
51   1   -318.0   580.7   3330.4
51   2   -445.6   572.0   3310.8
51   3   -616.3   689.3   3232.1
51   4   -758.2   888.0   3156.5
51   5   -187.6   583.8   3347.0
51   6   -0.6   697.0   3310.9
51   7   121.2   909.1   3238.8
51   8   -318.9   377.6   3378.3
51   9   -317.3   211.1   3374.5
51   10   -401.3   146.9   3361.9
51   11   -418.2   -208.9   3379.8
51   12   -389.0   -516.5   3421.5
51   13   -232.8   146.0   3375.9
51   14   -237.5   -210.3   3390.5
51   15   -244.9   -517.3   3444.7
51   16   -734.5   854.9   3169.1
51   17   100.9   873.8   3250.8
51   18   -317.8   645.6   3315.2
52   0   -324.0   740.9   3334.1
52   1   -318.1   580.3   3332.8
52   2   -445.4   571.5   3314.5
52   3   -615.5   685.7   3230.3
52   4   -756.5   883.8   3150.7
52   5   -187.3   583.4   3347.6
52   6   2.1   692.1   3310.9
52   7   124.8   902.0   3231.6
52   8   -318.8   378.4   3377.9
52   9   -317.3   210.8   3374.6
52   10   -402.1   146.3   3362.5
52   11   -418.1   -210.5   3379.2
52   12   -386.8   -518.9   3422.0
52   13   -232.1   145.5   3376.3
52   14   -237.4   -211.7   3389.4
52   15   -244.9   -519.6   3445.1
52   16   -733.0   850.8   3164.0
52   17   104.4   867.0   3244.8
52   18   -317.8   645.5   3318.3
53   0   -324.0   740.9   3336.4
53   1   -318.1   580.1   3334.7
53   2   -445.2   571.4   3315.4
53   3   -614.7   684.1   3228.1
53   4   -755.4   880.8   3143.1
53   5   -187.2   583.1   3347.7
53   6   4.2   688.0   3309.3
53   7   126.3   898.7   3229.4
53   8   -318.7   377.3   3378.2
53   9   -317.3   208.8   3374.8
53   10   -402.8   145.9   3363.4
53   11   -418.0   -211.7   3378.1
53   12   -384.6   -521.6   3421.4
53   13   -231.4   145.2   3377.0
53   14   -237.2   -212.8   3389.3
53   15   -245.0   -522.3   3445.0
53   16   -731.9   848.0   3157.3
53   17   105.9   863.6   3242.8
53   18   -317.9   645.3   3320.7
54   0   -323.9   741.0   3337.2
54   1   -318.1   579.9   3336.0
54   2   -445.1   571.3   3315.9
54   3   -613.4   683.4   3225.5
54   4   -754.7   879.9   3140.1
54   5   -187.1   582.9   3347.6
54   6   4.5   686.3   3306.7
54   7   127.1   898.6   3230.6
54   8   -318.6   375.7   3378.9
54   9   -317.3   206.1   3375.0
54   10   -403.4   145.5   3364.5
54   11   -417.8   -212.8   3377.4
54   12   -383.6   -524.3   3420.8
54   13   -230.7   145.0   3377.8
54   14   -237.1   -213.5   3389.6
54   15   -245.1   -525.0   3444.2
54   16   -731.1   847.2   3154.3
54   17   106.7   863.2   3243.3
54   18   -318.0   645.2   3322.2
55   0   -323.9   741.1   3337.3
55   1   -318.2   579.8   3336.9
55   2   -445.0   571.4   3316.3
55   3   -612.7   683.6   3224.9
55   4   -753.9   880.2   3139.0
55   5   -187.2   582.8   3347.5
55   6   4.1   686.1   3304.4
55   7   127.4   899.6   3232.5
55   8   -318.5   374.1   3379.7
55   9   -317.3   203.5   3375.3
55   10   -403.8   145.2   3365.8
55   11   -417.5   -213.6   3377.2
55   12   -383.1   -526.4   3420.7
55   13   -230.3   145.0   3378.8
55   14   -236.9   -214.0   3389.7
55   15   -245.1   -527.0   3443.5
55   16   -730.4   847.4   3153.3
55   17   106.9   864.1   3244.4
55   18   -318.0   645.1   3323.3
56   0   -323.8   741.2   3337.2
56   1   -318.2   579.7   3337.6
56   2   -444.9   571.5   3316.7
56   3   -612.2   684.2   3225.3
56   4   -753.1   881.2   3139.1
56   5   -187.2   582.7   3347.3
56   6   3.4   686.3   3302.1
56   7   127.4   901.1   3234.8
56   8   -318.5   372.8   3380.5
56   9   -317.3   201.2   3375.5
56   10   -404.0   145.1   3367.1
56   11   -417.2   -214.1   3377.3
56   12   -382.7   -527.7   3420.9
56   13   -230.2   145.1   3379.8
56   14   -236.8   -214.3   3389.7
56   15   -245.1   -528.2   3443.0
56   16   -729.6   848.4   3153.5
56   17   106.7   865.3   3246.0
56   18   -318.1   645.0   3324.1
57   0   -323.8   741.3   3337.0
57   1   -318.2   579.6   3338.3
57   2   -444.8   571.5   3317.2
57   3   -612.0   685.2   3226.6
57   4   -752.3   882.6   3139.7
57   5   -187.3   582.7   3347.3
57   6   2.9   686.6   3301.2
57   7   127.1   902.2   3235.9
57   8   -318.5   371.8   3381.2
57   9   -317.3   199.2   3375.7
57   10   -404.0   145.1   3368.3
57   11   -405.9   -214.1   3385.7
57   12   -382.5   -530.1   3419.9
57   13   -230.3   145.1   3380.8
57   14   -236.8   -214.5   3389.8
57   15   -245.0   -528.9   3443.1
57   16   -728.9   849.7   3154.2
57   17   106.4   866.3   3246.8
57   18   -318.1   645.0   3324.8
58   0   -323.7   741.4   3336.8
58   1   -318.2   579.6   3338.9
58   2   -444.8   571.6   3317.7
58   3   -611.9   686.4   3228.4
58   4   -751.4   884.2   3140.5
58   5   -187.4   582.6   3347.2
58   6   2.6   686.9   3301.0
58   7   126.8   903.1   3236.7
58   8   -318.5   371.1   3381.9
58   9   -317.3   197.7   3375.9
58   10   -404.0   145.2   3369.4
58   11   -399.8   -214.2   3388.5
58   12   -382.5   -531.6   3415.1
58   13   -230.4   145.2   3381.8
58   14   -236.8   -214.7   3389.8
58   15   -245.0   -529.3   3443.0
58   16   -728.1   851.2   3155.2
58   17   106.1   867.1   3247.4
58   18   -318.2   644.9   3325.4
59   0   -323.7   741.4   3336.6
59   1   -318.3   579.5   3339.4
59   2   -444.7   571.6   3318.3
59   3   -611.6   687.4   3229.8
59   4   -750.6   886.0   3141.8
59   5   -187.5   582.5   3347.2
59   6   2.2   687.1   3300.7
59   7   128.1   902.9   3236.6
59   8   -318.5   370.6   3382.5
59   9   -317.3   196.5   3376.1
59   10   -404.0   145.3   3370.6
59   11   -396.9   -214.4   3386.4
59   12   -382.7   -532.7   3404.3
59   13   -230.6   145.3   3382.9
59   14   -236.8   -214.8   3389.8
59   15   -244.9   -529.6   3441.7
59   16   -727.4   852.9   3156.5
59   17   107.1   867.0   3247.3
59   18   -318.2   644.9   3326.0
60   0   -323.6   741.5   3336.4
60   1   -318.3   579.5   3340.1
60   2   -444.7   571.7   3319.1
60   3   -611.5   688.6   3231.8
60   4   -749.8   888.5   3143.8
60   5   -187.6   582.4   3347.2
60   6   1.9   687.1   3300.2
60   7   130.0   902.3   3235.7
60   8   -318.5   370.3   3383.4
60   9   -317.3   195.5   3376.5
60   10   -403.9   145.4   3371.7
60   11   -395.9   -214.4   3389.5
60   12   -382.9   -533.0   3408.5
60   13   -230.8   145.4   3384.2
60   14   -236.8   -214.8   3389.8
60   15   -244.9   -530.0   3441.0
60   16   -726.7   855.2   3158.4
60   17   108.6   866.5   3246.5
60   18   -318.2   644.8   3326.6
61   0   -323.6   741.5   3336.3
61   1   -318.3   579.4   3340.9
61   2   -444.7   571.7   3320.1
61   3   -611.0   689.5   3233.0
61   4   -749.5   890.8   3146.5
61   5   -187.7   582.2   3347.2
61   6   1.7   687.1   3300.1
61   7   131.9   901.0   3232.9
61   8   -318.5   370.2   3384.6
61   9   -317.3   196.6   3377.4
61   10   -403.8   145.4   3372.9
61   11   -395.7   -214.1   3396.1
61   12   -383.3   -532.7   3421.6
61   13   -230.9   145.5   3385.6
61   14   -236.8   -214.8   3389.8
61   15   -244.8   -530.6   3440.5
61   16   -726.4   857.3   3160.9
61   17   110.2   865.4   3244.1
61   18   -318.3   644.8   3327.3
62   0   -323.6   741.5   3336.2
62   1   -318.4   579.4   3341.7
62   2   -444.7   571.7   3321.1
62   3   -610.6   689.7   3233.5
62   4   -749.4   892.2   3148.6
62   5   -187.8   582.0   3347.1
62   6   1.5   687.1   3300.0
62   7   133.8   899.1   3229.2
62   8   -318.5   370.2   3386.2
62   9   -317.3   198.5   3378.7
62   10   -403.7   145.5   3374.3
62   11   -406.1   -214.5   3387.5
62   12   -384.0   -531.9   3420.8
62   13   -231.0   145.6   3387.0
62   14   -236.8   -214.9   3389.9
62   15   -244.8   -530.9   3440.2
62   16   -726.3   858.4   3162.8
62   17   111.7   863.8   3241.0
62   18   -318.3   644.7   3327.8
63   0   -323.7   741.5   3336.2
63   1   -318.4   579.5   3342.5
63   2   -444.8   571.7   3322.1
63   3   -610.2   689.7   3233.8
63   4   -749.2   892.9   3150.2
63   5   -187.9   581.9   3347.1
63   6   1.3   687.0   3300.0
63   7   136.0   897.0   3226.8
63   8   -318.5   370.5   3388.4
63   9   -317.3   200.8   3380.4
63   10   -403.6   145.6   3375.2
63   11   -411.9   -214.6   3382.6
63   12   -384.4   -531.5   3416.7
63   13   -231.1   145.6   3388.5
63   14   -236.8   -214.9   3390.1
63   15   -244.8   -530.9   3440.1
63   16   -726.1   859.0   3164.1
63   17   113.5   862.0   3239.0
63   18   -318.4   644.7   3328.2
64   0   -323.7   741.5   3336.2
64   1   -318.5   579.6   3343.4
64   2   -444.8   571.7   3323.0
64   3   -609.9   689.7   3233.9
64   4   -749.0   893.4   3151.8
64   5   -188.1   581.7   3347.1
64   6   1.2   686.9   3299.9
64   7   137.3   895.0   3224.1
64   8   -318.5   371.1   3391.6
64   9   -317.3   203.1   3382.6
64   10   -403.5   145.8   3376.0
64   11   -414.7   -214.6   3380.1
64   12   -386.4   -531.3   3415.5
64   13   -231.2   145.7   3390.1
64   14   -236.8   -214.9   3390.6
64   15   -244.8   -530.9   3439.9
64   16   -725.8   859.5   3165.5
64   17   114.6   860.3   3236.7
64   18   -318.5   644.6   3328.4
65   0   -323.7   741.4   3336.2
65   1   -318.5   579.7   3344.3
65   2   -444.9   571.7   3324.0
65   3   -609.6   689.6   3234.1
65   4   -748.5   893.5   3152.6
65   5   -188.2   581.6   3347.1
65   6   1.2   686.6   3300.0
65   7   138.1   892.3   3219.8
65   8   -318.5   371.8   3394.8
65   9   -317.3   205.2   3385.5
65   10   -403.4   146.0   3377.0
65   11   -415.9   -214.5   3379.1
65   12   -389.2   -530.9   3416.7
65   13   -231.1   145.7   3390.9
65   14   -236.9   -214.9   3391.1
65   15   -244.9   -530.9   3439.7
65   16   -725.4   859.5   3166.2
65   17   115.3   858.0   3233.1
65   18   -318.5   644.5   3328.5
66   0   -323.8   741.4   3336.2
66   1   -318.6   579.8   3344.9
66   2   -445.3   572.2   3325.2
66   3   -609.6   689.7   3234.1
66   4   -748.3   893.5   3152.4
66   5   -188.7   580.9   3347.8
66   6   0.5   685.9   3300.1
66   7   138.3   888.0   3213.3
66   8   -318.7   372.3   3397.4
66   9   -317.6   206.9   3388.5
66   10   -403.3   146.2   3378.1
66   11   -416.2   -214.3   3378.8
66   12   -390.5   -530.4   3418.2
66   13   -231.3   145.8   3391.4
66   14   -236.9   -214.8   3392.1
66   15   -244.9   -530.7   3439.7
66   16   -725.1   859.5   3166.0
66   17   115.4   854.3   3227.8
66   18   -318.6   644.5   3328.6
67   0   -323.9   741.3   3336.2
67   1   -318.8   579.9   3345.5
67   2   -445.7   573.0   3326.7
67   3   -609.6   689.9   3234.1
67   4   -748.2   893.5   3152.2
67   5   -189.4   580.0   3348.8
67   6   -0.4   684.9   3300.1
67   7   139.2   884.7   3211.0
67   8   -319.1   372.9   3399.7
67   9   -318.0   208.2   3391.8
67   10   -403.4   146.3   3379.3
67   11   -416.3   -214.2   3378.8
67   12   -390.5   -529.9   3418.1
67   13   -231.7   146.1   3392.1
67   14   -237.0   -214.6   3393.2
67   15   -244.9   -530.3   3439.7
67   16   -725.1   859.5   3165.9
67   17   115.9   851.4   3225.8
67   18   -318.6   644.4   3328.7
68   0   -323.9   741.3   3336.6
68   1   -318.9   579.9   3346.0
68   2   -446.2   574.0   3328.1
68   3   -609.8   690.4   3234.3
68   4   -748.3   893.6   3152.1
68   5   -190.0   579.6   3349.8
68   6   -1.0   683.9   3300.0
68   7   140.2   882.3   3210.6
68   8   -319.5   373.3   3401.4
68   9   -318.4   209.3   3394.5
68   10   -403.4   146.6   3380.5
68   11   -416.2   -214.0   3378.9
68   12   -389.7   -529.4   3418.2
68   13   -232.3   146.4   3393.1
68   14   -237.0   -214.3   3393.4
68   15   -244.9   -529.8   3439.8
68   16   -725.2   859.7   3165.8
68   17   116.7   849.2   3225.5
68   18   -318.7   644.4   3328.7
69   0   -324.0   741.1   3337.4
69   1   -319.1   579.9   3346.4
69   2   -446.7   574.9   3329.4
69   3   -609.9   691.0   3234.6
69   4   -748.5   893.7   3151.9
69   5   -190.5   579.3   3350.9
69   6   -1.3   682.9   3299.8
69   7   140.0   881.0   3210.9
69   8   -320.0   373.6   3402.6
69   9   -318.8   210.1   3396.3
69   10   -403.5   146.7   3381.7
69   11   -416.1   -213.9   3379.0
69   12   -389.3   -529.0   3418.2
69   13   -232.9   146.7   3393.5
69   14   -237.0   -214.1   3393.6
69   15   -245.0   -529.3   3439.8
69   16   -725.4   860.0   3165.7
69   17   116.5   848.0   3225.7
69   18   -318.8   644.3   3328.8
70   0   -324.1   741.0   3338.4
70   1   -319.2   579.9   3346.7
70   2   -447.1   575.9   3330.5
70   3   -610.1   691.8   3235.0
70   4   -748.7   893.9   3151.8
70   5   -190.9   579.2   3351.8
70   6   -1.5   681.9   3299.7
70   7   139.1   880.3   3211.2
70   8   -320.4   373.9   3403.5
70   9   -319.3   210.8   3397.6
70   10   -403.7   146.7   3382.8
70   11   -416.1   -214.0   3379.2
70   12   -389.2   -529.0   3417.8
70   13   -233.3   146.9   3393.7
70   14   -237.1   -213.9   3393.7
70   15   -245.2   -529.0   3439.7
70   16   -725.6   860.2   3165.7
70   17   115.7   847.3   3226.0
70   18   -318.8   644.2   3328.9
71   0   -324.3   740.9   3339.1
71   1   -319.3   579.9   3346.9
71   2   -447.4   576.6   3331.0
71   3   -610.3   692.4   3235.4
71   4   -748.9   894.1   3151.6
71   5   -191.2   579.1   3352.2
71   6   -1.4   680.8   3299.7
71   7   138.0   879.8   3211.3
71   8   -320.8   374.2   3404.2
71   9   -319.7   211.3   3398.6
71   10   -404.0   146.5   3383.9
71   11   -416.0   -214.2   3379.4
71   12   -389.2   -529.2   3416.4
71   13   -233.7   147.0   3393.9
71   14   -237.2   -213.9   3394.6
71   15   -245.3   -528.7   3440.4
71   16   -725.8   860.5   3165.6
71   17   114.8   846.7   3226.0
71   18   -318.9   644.2   3329.0
72   0   -324.4   740.8   3339.5
72   1   -319.5   579.8   3347.1
72   2   -447.4   576.9   3331.2
72   3   -610.6   693.3   3236.5
72   4   -749.0   894.2   3151.3
72   5   -191.4   579.2   3352.4
72   6   -1.1   679.7   3299.7
72   7   137.2   879.2   3211.3
72   8   -321.3   374.3   3404.8
72   9   -320.1   211.7   3399.5
72   10   -404.4   146.2   3385.0
72   11   -416.0   -214.6   3379.8
72   12   -389.1   -529.6   3414.3
72   13   -234.0   147.0   3394.0
72   14   -237.3   -214.0   3396.5
72   15   -245.4   -528.8   3440.5
72   16   -725.9   860.7   3165.5
72   17   114.2   846.0   3226.0
72   18   -319.0   644.1   3329.1
73   0   -324.6   740.7   3339.7
73   1   -319.7   579.8   3347.4
73   2   -447.5   577.2   3331.2
73   3   -610.6   694.3   3237.5
73   4   -749.0   894.2   3151.0
73   5   -191.6   579.3   3352.6
73   6   -0.8   678.6   3299.6
73   7   137.5   878.0   3211.6
73   8   -321.8   374.4   3405.4
73   9   -320.5   212.0   3400.1
73   10   -404.8   145.9   3385.1
73   11   -416.1   -215.1   3380.2
73   12   -389.0   -529.9   3411.9
73   13   -234.2   147.0   3394.2
73   14   -237.4   -214.1   3398.5
73   15   -245.7   -528.8   3440.3
73   16   -725.9   860.9   3165.4
73   17   114.4   844.8   3226.3
73   18   -319.0   644.1   3329.2
74   0   -324.7   740.7   3339.8
74   1   -319.8   579.8   3347.5
74   2   -447.5   577.3   3331.3
74   3   -610.4   695.0   3237.7
74   4   -748.9   894.2   3150.9
74   5   -191.8   579.3   3352.6
74   6   -0.3   677.4   3299.5
74   7   138.4   876.4   3212.1
74   8   -322.2   374.4   3405.8
74   9   -320.8   212.2   3400.4
74   10   -405.1   145.7   3384.9
74   11   -416.1   -215.5   3380.6
74   12   -389.0   -530.1   3409.1
74   13   -234.4   147.0   3394.4
74   14   -237.5   -214.4   3399.0
74   15   -245.9   -528.8   3439.8
74   16   -725.9   861.0   3165.4
74   17   115.3   843.2   3226.7
74   18   -319.1   644.0   3329.3
75   0   -324.8   740.7   3339.8
75   1   -319.9   579.8   3347.7
75   2   -447.5   577.5   3331.3
75   3   -609.9   695.5   3237.4
75   4   -748.8   894.2   3151.1
75   5   -191.9   579.4   3352.6
75   6   0.2   676.3   3299.4
75   7   139.1   874.8   3212.6
75   8   -322.4   374.4   3406.0
75   9   -321.0   212.3   3400.5
75   10   -405.4   145.6   3384.9
75   11   -416.1   -215.8   3380.8
75   12   -389.0   -530.3   3407.8
75   13   -234.4   146.9   3394.6
75   14   -237.6   -214.6   3399.2
75   15   -246.2   -528.7   3439.6
75   16   -725.7   861.1   3165.5
75   17   115.9   841.7   3227.1
75   18   -319.2   644.0   3329.5
76   0   -324.9   740.7   3339.6
76   1   -320.0   579.7   3347.8
76   2   -447.5   577.6   3331.4
76   3   -609.6   695.5   3236.8
76   4   -748.5   894.1   3151.4
76   5   -192.0   579.5   3352.6
76   6   0.7   675.2   3299.3
76   7   139.2   873.5   3212.7
76   8   -322.4   374.2   3406.1
76   9   -321.1   212.2   3400.6
76   10   -405.6   145.5   3385.1
76   11   -416.3   -216.0   3381.7
76   12   -389.0   -530.4   3407.4
76   13   -234.4   146.9   3394.9
76   14   -237.6   -214.8   3399.5
76   15   -246.7   -528.7   3439.4
76   16   -725.4   861.0   3165.6
76   17   116.1   840.5   3227.2
76   18   -319.2   644.0   3329.6
77   0   -325.0   740.7   3339.3
77   1   -320.0   579.7   3347.9
77   2   -447.5   577.6   3331.5
77   3   -609.3   695.1   3236.0
77   4   -748.1   893.9   3151.7
77   5   -192.1   579.5   3352.5
77   6   1.3   673.7   3299.0
77   7   138.8   872.5   3212.8
77   8   -322.3   374.1   3406.1
77   9   -321.1   212.2   3400.6
77   10   -405.7   145.5   3385.2
77   11   -416.3   -216.2   3382.2
77   12   -389.0   -530.3   3407.4
77   13   -234.4   146.7   3395.2
77   14   -237.6   -215.1   3399.7
77   15   -247.0   -528.8   3439.2
77   16   -725.0   860.7   3165.8
77   17   115.9   839.3   3227.1
77   18   -319.3   643.9   3329.8
78   0   -325.1   740.7   3338.7
78   1   -320.0   579.6   3348.1
78   2   -447.5   577.6   3331.6
78   3   -609.3   694.8   3235.6
78   4   -747.7   893.7   3151.9
78   5   -192.2   579.6   3352.5
78   6   1.8   672.3   3298.7
78   7   137.7   872.1   3213.0
78   8   -322.2   373.9   3406.2
78   9   -321.1   212.0   3400.6
78   10   -405.8   145.5   3385.1
78   11   -416.4   -216.3   3382.4
78   12   -389.1   -530.1   3407.4
78   13   -234.4   146.3   3395.6
78   14   -237.6   -215.5   3399.8
78   15   -247.0   -528.9   3438.9
78   16   -724.6   860.5   3165.9
78   17   115.0   838.8   3227.3
78   18   -319.4   643.9   3329.9
79   0   -325.2   740.8   3338.2
79   1   -320.1   579.6   3348.2
79   2   -447.5   577.6   3331.7
79   3   -609.3   694.5   3235.3
79   4   -747.3   893.6   3151.8
79   5   -192.3   579.6   3352.6
79   6   2.0   671.6   3298.4
79   7   136.7   872.1   3213.0
79   8   -322.1   373.7   3406.2
79   9   -321.1   211.9   3400.6
79   10   -405.9   145.5   3385.1
79   11   -416.6   -216.3   3383.4
79   12   -389.1   -529.9   3407.7
79   13   -234.4   146.2   3395.9
79   14   -237.9   -215.7   3399.0
79   15   -246.9   -528.8   3438.6
79   16   -724.3   860.4   3165.8
79   17   114.3   838.7   3227.3
79   18   -319.4   643.9   3330.1
80   0   -325.2   740.8   3337.8
80   1   -320.1   579.6   3348.4
80   2   -447.5   577.6   3331.8
80   3   -609.3   694.3   3235.2
80   4   -746.9   893.4   3151.6
80   5   -192.4   579.7   3352.6
80   6   1.9   671.6   3298.3
80   7   136.1   872.2   3212.8
80   8   -322.0   373.5   3406.2
80   9   -321.1   211.7   3400.5
80   10   -405.9   145.5   3385.2
80   11   -407.6   -216.3   3390.0
80   12   -389.0   -530.8   3407.9
80   13   -234.4   146.1   3396.3
80   14   -238.5   -215.8   3398.7
80   15   -246.9   -529.0   3437.8
80   16   -724.0   860.3   3165.6
80   17   113.7   838.8   3227.1
80   18   -319.5   643.9   3330.4
81   0   -325.2   740.9   3337.3
81   1   -320.2   579.5   3348.5
81   2   -447.5   577.6   3331.9
81   3   -609.3   694.3   3235.2
81   4   -746.6   893.4   3151.5
81   5   -192.5   579.7   3352.6
81   6   1.8   671.6   3298.2
81   7   135.3   872.3   3212.4
81   8   -322.0   373.3   3406.2
81   9   -321.0   211.6   3400.5
81   10   -406.0   145.6   3385.3
81   11   -412.0   -216.3   3387.4
81   12   -389.0   -530.1   3409.2
81   13   -234.5   146.0   3396.6
81   14   -239.1   -216.0   3398.6
81   15   -246.9   -529.1   3437.5
81   16   -723.7   860.2   3165.5
81   17   113.1   838.9   3226.7
81   18   -319.6   643.8   3330.6
82   0   -325.2   740.9   3336.7
82   1   -320.2   579.5   3348.6
82   2   -447.6   577.6   3331.9
82   3   -609.3   694.4   3235.2
82   4   -746.4   893.4   3151.4
82   5   -192.6   579.8   3352.6
82   6   1.8   671.5   3298.1
82   7   135.0   872.1   3211.9
82   8   -321.9   373.2   3406.3
82   9   -321.0   211.5   3400.5
82   10   -406.0   145.6   3385.3
82   11   -414.8   -216.2   3385.7
82   12   -388.8   -528.9   3413.9
82   13   -234.6   145.9   3396.9
82   14   -239.7   -216.1   3398.5
82   15   -246.9   -528.8   3437.4
82   16   -723.5   860.3   3165.4
82   17   112.8   838.7   3226.2
82   18   -319.7   643.8   3330.6
83   0   -325.2   740.9   3336.3
83   1   -320.3   579.5   3348.6
83   2   -447.6   577.6   3331.9
83   3   -609.3   694.6   3235.3
83   4   -746.3   893.4   3151.4
83   5   -192.6   579.8   3352.6
83   6   1.7   671.4   3297.8
83   7   134.8   871.9   3211.5
83   8   -321.9   373.1   3406.3
83   9   -321.0   211.4   3400.5
83   10   -406.0   145.7   3385.4
83   11   -416.4   -216.0   3384.8
83   12   -388.6   -528.0   3415.2
83   13   -234.7   145.8   3397.0
83   14   -239.9   -216.1   3398.4
83   15   -246.9   -528.4   3437.4
83   16   -723.5   860.3   3165.4
83   17   112.6   838.5   3225.9
83   18   -319.8   643.8   3330.7
84   0   -325.2   740.9   3336.0
84   1   -320.3   579.4   3348.7
84   2   -447.7   577.5   3331.9
84   3   -609.2   694.9   3235.3
84   4   -746.3   893.4   3151.3
84   5   -192.7   579.9   3352.6
84   6   1.6   671.3   3297.4
84   7   135.2   871.1   3210.8
84   8   -321.9   373.0   3406.3
84   9   -321.1   211.3   3400.5
84   10   -406.0   145.8   3385.4
84   11   -417.2   -215.9   3384.3
84   12   -388.6   -527.3   3415.7
84   13   -234.8   145.8   3397.1
84   14   -239.9   -216.0   3398.4
84   15   -246.9   -527.8   3437.8
84   16   -723.4   860.3   3165.3
84   17   112.9   837.8   3225.2
84   18   -319.8   643.8   3330.7
85   0   -325.2   740.9   3335.7
85   1   -320.4   579.4   3348.7
85   2   -447.7   577.5   3331.9
85   3   -609.2   695.0   3235.4
85   4   -746.2   893.3   3151.4
85   5   -192.8   579.9   3352.6
85   6   1.6   671.1   3296.9
85   7   135.6   870.2   3210.1
85   8   -321.9   373.0   3406.3
85   9   -321.1   211.3   3400.5
85   10   -406.0   145.9   3385.4
85   11   -417.4   -215.7   3384.1
85   12   -388.6   -526.4   3416.8
85   13   -234.9   145.7   3397.1
85   14   -239.8   -216.0   3398.4
85   15   -246.9   -527.2   3438.1
85   16   -723.4   860.3   3165.4
85   17   113.3   837.0   3224.5
85   18   -319.9   643.8   3330.7
