2   0   -362.0   700.6   3541.9
2   1   -361.1   533.3   3551.0
2   2   -506.2   518.1   3551.0
2   3   -513.1   310.5   3466.0
2   4   -335.5   446.2   3363.4
2   5   -217.6   513.8   3569.4
2   6   -202.0   312.3   3471.7
2   7   -357.0   473.6   3369.6
2   8   -366.2   334.2   3584.2
2   9   -367.2   171.3   3587.1
2   10   -467.7   72.7   3605.7
2   11   -439.7   -259.7   3570.2
2   12   -410.8   -560.7   3660.4
2   13   -269.4   72.9   3614.9
2   14   -304.3   -260.5   3602.0
2   15   -305.9   -567.9   3672.8
2   16   -365.1   423.6   3380.5
2   17   -331.1   446.7   3386.7
2   18   -359.4   599.9   3539.9
3   0   -362.6   703.3   3541.1
3   1   -361.4   536.4   3552.3
3   2   -505.7   519.6   3547.8
3   3   -513.8   311.5   3464.4
3   4   -336.0   447.3   3362.2
3   5   -218.1   516.5   3566.0
3   6   -199.2   312.7   3475.6
3   7   -353.5   468.6   3366.4
3   8   -366.1   337.7   3589.6
3   9   -366.9   174.6   3592.1
3   10   -465.8   80.4   3605.8
3   11   -442.4   -252.4   3575.2
3   12   -410.8   -555.0   3658.5
3   13   -270.1   80.6   3615.9
3   14   -302.4   -252.9   3606.9
3   15   -305.2   -561.7   3671.3
3   16   -365.7   424.7   3379.3
3   17   -327.8   442.6   3384.6
3   18   -359.9   602.8   3539.9
4   0   -364.2   711.0   3539.3
4   1   -362.3   545.7   3556.3
4   2   -503.9   524.2   3542.5
4   3   -515.3   314.7   3463.4
4   4   -334.9   447.1   3361.6
4   5   -220.3   523.6   3558.5
4   6   -192.2   316.6   3481.1
4   7   -349.6   456.2   3358.5
4   8   -365.3   349.2   3605.6
4   9   -365.7   185.3   3605.5
4   10   -457.3   100.6   3607.3
4   11   -446.8   -232.4   3582.0
4   12   -411.9   -539.0   3654.2
4   13   -275.0   100.7   3616.2
4   14   -298.1   -232.8   3617.1
4   15   -303.0   -545.4   3668.7
4   16   -365.0   425.0   3378.6
4   17   -323.4   433.0   3379.0
4   18   -361.3   611.0   3540.0
5   0   -366.1   720.3   3537.2
5   1   -363.3   556.6   3560.4
5   2   -500.8   529.0   3537.1
5   3   -516.4   318.4   3461.5
5   4   -336.1   452.0   3361.1
5   5   -223.9   531.7   3550.5
5   6   -185.6   321.5   3486.1
5   7   -346.3   445.8   3351.0
5   8   -364.0   362.4   3621.5
5   9   -363.9   196.9   3619.1
5   10   -447.8   121.6   3608.9
5   11   -451.0   -211.2   3591.5
5   12   -414.2   -523.3   3648.3
5   13   -281.1   120.4   3615.4
5   14   -293.9   -212.6   3625.6
5   15   -301.0   -529.6   3665.4
5   16   -366.2   429.7   3377.8
5   17   -319.5   425.1   3373.5
5   18   -363.0   620.9   3540.2
6   0   -367.3   725.5   3535.9
6   1   -364.0   562.4   3561.5
6   2   -498.6   531.9   3534.0
6   3   -517.2   321.1   3459.5
6   4   -338.4   458.6   3361.9
6   5   -226.6   536.7   3545.7
6   6   -182.1   324.4   3490.4
6   7   -341.5   441.7   3345.8
6   8   -363.1   367.4   3625.4
6   9   -362.5   200.5   3622.6
6   10   -445.9   129.6   3608.0
6   11   -453.9   -203.3   3598.9
6   12   -415.2   -519.0   3645.3
6   13   -280.0   128.1   3612.0
6   14   -291.6   -204.4   3631.0
6   15   -300.2   -524.2   3664.3
6   16   -368.2   435.7   3378.2
6   17   -314.9   422.1   3369.9
6   18   -364.2   626.5   3540.4
7   0   -367.7   725.5   3535.5
7   1   -364.3   563.0   3560.3
7   2   -497.8   533.0   3532.8
7   3   -517.6   322.2   3458.1
7   4   -340.3   462.3   3362.6
7   5   -227.7   538.9   3543.5
7   6   -181.0   325.2   3493.5
7   7   -339.8   439.4   3345.5
7   8   -362.6   365.0   3620.7
7   9   -361.6   197.2   3618.5
7   10   -449.6   129.5   3606.5
7   11   -455.4   -203.6   3603.8
7   12   -415.0   -521.3   3644.9
7   13   -273.9   128.3   3610.4
7   14   -290.9   -203.6   3633.6
7   15   -300.5   -524.8   3664.8
7   16   -369.9   439.0   3378.5
7   17   -313.3   420.3   3370.2
7   18   -364.9   627.6   3540.5
8   0   -367.8   722.9   3535.5
8   1   -364.5   561.0   3558.7
8   2   -497.8   533.2   3532.3
8   3   -517.6   322.7   3457.0
8   4   -341.8   464.4   3363.1
8   5   -227.9   539.5   3542.7
8   6   -180.7   325.2   3495.3
8   7   -338.0   439.6   3346.8
8   8   -362.4   359.9   3614.6
8   9   -361.2   191.5   3613.2
8   10   -453.5   127.9   3605.4
8   11   -455.9   -205.1   3604.7
8   12   -414.8   -523.7   3645.7
8   13   -268.8   127.4   3610.6
8   14   -290.9   -203.9   3634.4
8   15   -300.6   -526.2   3665.8
8   16   -371.1   440.7   3378.7
8   17   -311.8   420.5   3371.6
8   18   -365.1   626.1   3540.6
9   0   -367.6   719.2   3535.7
9   1   -364.5   557.4   3557.5
9   2   -498.2   532.5   3532.1
9   3   -517.6   322.4   3455.7
9   4   -342.4   464.5   3363.2
9   5   -227.5   539.4   3542.7
9   6   -180.9   325.1   3494.4
9   7   -337.3   442.0   3348.1
9   8   -362.3   354.1   3609.9
9   9   -361.0   185.4   3609.0
9   10   -455.5   126.7   3604.6
9   11   -456.0   -205.9   3603.6
9   12   -414.7   -525.2   3647.2
9   13   -266.3   126.6   3610.9
9   14   -290.9   -204.2   3634.3
9   15   -300.5   -527.3   3666.5
9   16   -371.6   440.8   3378.6
9   17   -311.2   422.5   3372.5
9   18   -365.2   622.9   3540.7
10   0   -367.5   716.0   3535.9
10   1   -364.5   554.1   3557.0
10   2   -498.6   532.1   3532.1
10   3   -517.6   322.1   3455.2
10   4   -342.7   463.5   3363.1
10   5   -227.2   539.2   3542.8
10   6   -181.4   325.3   3492.1
10   7   -337.3   445.7   3349.6
10   8   -362.3   349.7   3607.7
10   9   -361.0   180.7   3606.6
10   10   -455.6   126.2   3604.0
10   11   -455.9   -205.7   3602.8
10   12   -414.6   -525.8   3649.0
10   13   -266.2   126.3   3611.2
10   14   -290.9   -203.9   3634.0
10   15   -300.1   -528.1   3667.6
10   16   -371.9   440.0   3378.4
10   17   -311.3   425.6   3373.3
10   18   -365.2   619.7   3540.7
11   0   -367.4   714.1   3536.1
11   1   -364.4   551.8   3556.9
11   2   -498.6   532.0   3532.2
11   3   -517.6   322.1   3455.0
11   4   -342.9   462.5   3362.9
11   5   -227.2   539.1   3543.0
11   6   -181.8   325.2   3492.3
11   7   -336.5   446.6   3350.8
11   8   -362.2   347.1   3607.3
11   9   -361.0   178.1   3605.5
11   10   -454.5   126.2   3603.9
11   11   -455.9   -205.0   3602.4
11   12   -414.6   -526.0   3649.5
11   13   -267.3   126.3   3611.3
11   14   -290.9   -203.3   3633.7
11   15   -299.5   -528.4   3668.1
11   16   -372.0   439.1   3378.2
11   17   -310.7   426.4   3374.4
11   18   -365.2   617.4   3540.7
12   0   -367.3   713.2   3536.2
12   1   -364.4   550.4   3557.0
12   2   -498.2   532.2   3532.3
12   3   -517.6   322.4   3454.8
12   4   -343.2   462.3   3362.7
12   5   -227.6   539.3   3543.1
12   6   -182.1   325.0   3493.8
12   7   -335.5   446.5   3351.8
12   8   -362.2   346.2   3607.6
12   9   -361.0   177.3   3605.2
12   10   -452.7   126.7   3603.8
12   11   -455.8   -203.9   3602.2
12   12   -414.6   -525.8   3649.3
12   13   -269.1   127.0   3611.3
12   14   -290.9   -202.2   3633.5
12   15   -299.3   -528.1   3668.4
12   16   -372.3   439.0   3378.0
12   17   -309.9   426.3   3375.5
12   18   -365.1   616.0   3540.7
13   0   -367.2   712.9   3536.3
13   1   -364.4   549.8   3557.2
13   2   -497.7   532.6   3532.4
13   3   -517.5   323.0   3454.6
13   4   -343.5   462.5   3362.2
13   5   -228.2   539.6   3543.2
13   6   -182.3   324.5   3498.3
13   7   -333.2   444.7   3353.2
13   8   -362.2   346.5   3608.4
13   9   -361.0   178.1   3605.2
13   10   -450.6   127.6   3603.8
13   11   -455.8   -202.6   3602.5
13   12   -414.7   -525.1   3649.2
13   13   -271.3   127.8   3611.2
13   14   -290.8   -201.2   3633.4
13   15   -299.2   -527.6   3668.4
13   16   -372.5   439.2   3377.6
13   17   -308.1   424.7   3377.4
13   18   -365.1   615.3   3540.7
14   0   -367.2   712.9   3536.3
14   1   -364.4   549.5   3557.5
14   2   -497.0   532.9   3532.5
14   3   -517.4   323.6   3454.2
14   4   -343.3   462.5   3361.9
14   5   -228.9   539.9   3543.3
14   6   -182.7   325.0   3497.9
14   7   -333.6   444.8   3352.9
14   8   -362.2   347.6   3609.1
14   9   -361.0   179.5   3605.3
14   10   -448.8   128.0   3603.9
14   11   -455.7   -202.1   3602.6
14   12   -414.8   -524.6   3649.2
14   13   -273.0   128.4   3611.1
14   14   -290.8   -200.6   3633.3
14   15   -299.2   -527.0   3668.3
14   16   -372.3   439.4   3377.3
14   17   -308.5   424.8   3377.1
14   18   -365.1   615.0   3540.7
15   0   -367.2   713.0   3536.4
15   1   -364.4   549.5   3557.6
15   2   -496.3   533.3   3532.5
15   3   -517.3   324.2   3453.8
15   4   -343.1   462.4   3361.6
15   5   -229.6   540.3   3543.3
15   6   -183.3   325.9   3495.8
15   7   -334.8   445.5   3352.0
15   8   -362.2   348.8   3609.7
15   9   -361.0   181.1   3605.5
15   10   -447.5   128.0   3603.9
15   11   -455.7   -202.2   3602.7
15   12   -414.9   -524.4   3649.3
15   13   -274.1   128.8   3611.1
15   14   -290.8   -200.3   3633.3
15   15   -299.3   -526.5   3668.2
15   16   -372.1   439.4   3377.0
15   17   -309.5   425.6   3376.0
15   18   -365.1   614.9   3540.7
16   0   -367.2   713.0   3536.4
16   1   -364.4   549.5   3557.8
16   2   -495.7   533.7   3532.6
16   3   -517.1   324.8   3453.3
16   4   -342.9   462.2   3361.3
16   5   -230.2   540.6   3543.3
16   6   -183.5   326.4   3495.5
16   7   -334.1   445.2   3351.0
16   8   -362.2   349.8   3610.1
16   9   -361.0   182.5   3605.6
16   10   -446.9   128.1   3603.9
16   11   -455.7   -202.2   3602.6
16   12   -415.3   -523.8   3650.0
16   13   -274.7   129.0   3611.0
16   14   -290.7   -200.3   3633.3
16   15   -299.4   -525.9   3668.1
16   16   -371.9   439.3   3376.6
16   17   -309.0   425.4   3375.1
16   18   -365.1   614.9   3540.7
17   0   -367.2   713.0   3536.5
17   1   -364.4   549.6   3557.9
17   2   -495.1   534.0   3532.6
17   3   -517.1   325.3   3453.3
17   4   -342.4   462.5   3360.8
17   5   -230.8   541.0   3543.3
17   6   -183.5   326.9   3495.5
17   7   -331.9   445.2   3347.8
17   8   -362.2   350.6   3610.4
17   9   -361.0   183.7   3605.8
17   10   -446.6   128.3   3604.0
17   11   -455.7   -202.1   3602.5
17   12   -415.7   -522.8   3652.6
17   13   -275.0   129.2   3611.0
17   14   -290.7   -200.3   3633.3
17   15   -298.9   -525.3   3668.1
17   16   -371.5   439.6   3376.2
17   17   -307.2   425.5   3372.4
17   18   -365.1   614.9   3540.7
18   0   -367.2   712.9   3536.5
18   1   -364.4   549.6   3558.0
18   2   -494.3   534.0   3532.7
18   3   -517.2   325.3   3453.4
18   4   -342.0   462.8   3360.5
18   5   -231.4   541.3   3543.3
18   6   -183.4   327.4   3495.1
18   7   -332.3   443.3   3344.7
18   8   -362.2   351.2   3610.8
18   9   -361.0   184.6   3605.9
18   10   -446.4   128.4   3604.0
18   11   -455.7   -202.0   3602.4
18   12   -416.5   -521.1   3658.3
18   13   -275.1   129.2   3611.0
18   14   -290.7   -200.2   3633.4
18   15   -298.2   -524.6   3668.2
18   16   -371.2   439.9   3376.0
18   17   -307.5   424.0   3369.8
18   18   -365.1   615.0   3540.7
19   0   -367.2   712.8   3536.6
19   1   -364.4   549.7   3558.1
19   2   -493.8   534.1   3532.7
19   3   -517.3   325.4   3453.8
19   4   -341.4   463.0   3360.2
19   5   -231.8   541.5   3543.3
19   6   -183.0   327.8   3495.1
19   7   -333.5   440.0   3342.2
19   8   -362.2   351.6   3610.9
19   9   -361.0   185.3   3606.0
19   10   -446.4   128.6   3604.0
19   11   -455.6   -201.7   3602.4
19   12   -417.4   -519.7   3659.3
19   13   -275.2   129.3   3611.0
19   14   -290.7   -200.0   3633.4
19   15   -297.3   -523.3   3668.2
19   16   -370.7   440.1   3375.8
19   17   -308.4   421.3   3367.6
19   18   -365.1   615.0   3540.6
20   0   -367.2   712.6   3536.7
20   1   -364.4   549.7   3558.1
20   2   -493.4   534.3   3532.7
20   3   -517.4   325.4   3454.3
20   4   -341.0   463.2   3359.9
20   5   -232.2   541.7   3543.2
20   6   -182.8   328.2   3495.1
20   7   -333.7   440.7   3341.6
20   8   -362.2   351.9   3611.1
20   9   -361.0   185.7   3606.1
20   10   -446.3   128.6   3604.0
20   11   -455.6   -201.5   3602.4
20   12   -419.8   -518.7   3656.9
20   13   -275.3   129.4   3611.0
20   14   -290.7   -199.7   3633.4
20   15   -296.9   -521.6   3668.5
20   16   -370.4   440.2   3375.6
20   17   -308.6   421.9   3367.2
20   18   -365.1   615.0   3540.6
21   0   -367.2   712.3   3536.7
21   1   -364.4   549.7   3558.1
21   2   -493.0   534.5   3532.7
21   3   -517.5   325.5   3454.8
21   4   -340.6   463.3   3359.7
21   5   -232.6   541.9   3543.2
21   6   -182.7   328.5   3495.1
21   7   -333.7   442.3   3341.6
21   8   -362.2   352.0   3611.1
21   9   -361.0   186.0   3606.2
21   10   -446.2   128.6   3604.0
21   11   -455.7   -201.2   3602.5
21   12   -424.5   -517.3   3657.0
21   13   -275.4   129.4   3611.0
21   14   -290.7   -199.4   3633.4
21   15   -296.9   -519.6   3669.0
21   16   -370.1   440.3   3375.5
21   17   -308.6   423.4   3367.2
21   18   -365.1   615.0   3540.6
22   0   -367.2   712.0   3536.8
22   1   -364.4   549.7   3558.1
22   2   -492.7   534.7   3532.8
22   3   -517.7   325.6   3455.4
22   4   -340.5   463.2   3359.5
22   5   -232.9   542.1   3543.2
22   6   -182.7   328.7   3495.2
22   7   -333.6   442.9   3341.1
22   8   -362.2   352.1   3611.1
22   9   -361.0   186.2   3606.3
22   10   -446.0   128.5   3604.0
22   11   -455.8   -200.9   3602.5
22   12   -425.0   -514.7   3662.2
22   13   -275.5   129.4   3611.0
22   14   -290.7   -199.0   3633.4
22   15   -297.2   -517.9   3669.1
22   16   -370.0   440.3   3375.5
22   17   -308.5   423.9   3366.8
22   18   -365.1   615.0   3540.6
23   0   -367.2   711.7   3536.9
23   1   -364.4   549.8   3558.1
23   2   -492.4   534.9   3532.8
23   3   -517.9   325.7   3455.9
23   4   -340.1   462.5   3359.0
23   5   -233.2   542.3   3543.2
23   6   -182.7   329.0   3495.2
23   7   -333.3   443.5   3340.6
23   8   -362.2   352.1   3611.1
23   9   -361.0   186.2   3606.3
23   10   -445.8   128.3   3604.0
23   11   -456.0   -200.8   3602.5
23   12   -423.7   -513.3   3662.8
23   13   -275.5   129.4   3611.0
23   14   -290.6   -198.7   3633.5
23   15   -297.0   -516.5   3669.3
23   16   -369.7   439.7   3375.2
23   17   -308.2   424.4   3366.3
23   18   -365.1   615.0   3540.6
24   0   -367.2   711.4   3537.0
24   1   -364.4   549.8   3558.1
24   2   -492.2   535.1   3532.8
24   3   -518.2   325.8   3456.3
24   4   -340.0   462.2   3358.7
24   5   -233.5   542.4   3543.2
24   6   -182.7   329.2   3495.3
24   7   -332.9   444.0   3340.0
24   8   -362.2   352.0   3611.2
24   9   -361.0   186.3   3606.4
24   10   -445.7   128.2   3604.1
24   11   -456.0   -200.6   3602.5
24   12   -423.3   -512.1   3663.3
24   13   -275.6   129.5   3611.0
24   14   -290.6   -198.5   3633.5
24   15   -296.7   -515.4   3670.1
24   16   -369.7   439.5   3375.0
24   17   -307.9   424.9   3365.9
24   18   -365.1   615.0   3540.6
25   0   -367.2   711.2   3537.1
25   1   -364.4   549.8   3558.1
25   2   -491.9   535.2   3532.8
25   3   -518.3   326.0   3456.4
25   4   -340.0   462.4   3358.5
25   5   -233.7   542.5   3543.2
25   6   -182.7   329.4   3495.4
25   7   -333.8   444.1   3340.6
25   8   -362.2   351.9   3611.2
25   9   -361.0   186.2   3606.5
25   10   -445.6   128.1   3604.1
25   11   -456.1   -200.5   3602.4
25   12   -423.9   -511.4   3663.5
25   13   -275.7   129.5   3611.0
25   14   -290.6   -198.2   3633.5
25   15   -296.7   -514.3   3671.7
25   16   -369.8   439.7   3374.8
25   17   -308.7   425.0   3366.4
25   18   -365.1   615.1   3540.6
26   0   -367.2   710.9   3537.2
26   1   -364.4   549.8   3558.1
26   2   -491.7   535.4   3532.8
26   3   -518.3   326.2   3456.1
26   4   -340.0   462.8   3358.2
26   5   -233.9   542.7   3543.2
26   6   -182.8   329.5   3495.5
26   7   -335.7   444.3   3342.3
26   8   -362.2   351.8   3611.2
26   9   -361.0   186.2   3606.6
26   10   -445.5   128.2   3604.2
26   11   -456.1   -200.2   3602.4
26   12   -425.0   -510.6   3664.1
26   13   -275.7   129.5   3611.0
26   14   -290.6   -197.9   3633.5
26   15   -296.9   -513.3   3673.4
26   16   -369.7   440.1   3374.5
26   17   -310.2   425.2   3367.8
26   18   -365.1   615.1   3540.6
27   0   -367.2   710.7   3537.3
27   1   -364.4   549.8   3558.1
27   2   -491.5   535.5   3532.8
27   3   -518.4   326.4   3456.0
27   4   -340.2   463.5   3358.1
27   5   -234.1   542.8   3543.2
27   6   -182.8   329.6   3495.6
27   7   -336.7   444.4   3343.1
27   8   -362.2   351.7   3611.2
27   9   -361.0   186.1   3606.6
27   10   -445.5   128.2   3603.9
27   11   -456.1   -199.8   3602.4
27   12   -425.3   -510.1   3664.0
27   13   -275.8   129.6   3611.1
27   14   -290.6   -197.6   3633.4
27   15   -297.3   -512.5   3675.4
27   16   -369.9   440.6   3374.4
27   17   -311.0   425.3   3368.5
27   18   -365.1   615.1   3540.6
28   0   -367.2   710.4   3537.3
28   1   -364.4   549.8   3558.1
28   2   -491.4   535.6   3532.9
28   3   -518.4   326.6   3455.9
28   4   -340.5   463.9   3357.7
28   5   -234.3   542.9   3543.2
28   6   -182.8   329.8   3495.6
28   7   -337.2   444.4   3343.4
28   8   -362.2   351.5   3611.3
28   9   -361.0   185.9   3606.7
28   10   -445.5   128.3   3603.8
28   11   -456.1   -199.4   3602.4
28   12   -425.5   -509.8   3663.9
28   13   -275.8   129.6   3611.0
28   14   -290.6   -197.3   3633.5
28   15   -297.8   -511.9   3677.7
28   16   -370.1   441.0   3374.1
28   17   -311.4   425.3   3368.7
28   18   -365.1   615.1   3540.6
29   0   -367.2   710.1   3537.3
29   1   -364.4   549.8   3558.1
29   2   -491.2   535.7   3532.9
29   3   -518.4   326.8   3455.9
29   4   -340.8   464.3   3357.3
29   5   -234.4   542.9   3543.2
29   6   -182.8   329.9   3495.7
29   7   -337.3   444.5   3343.4
29   8   -362.2   351.4   3611.3
29   9   -361.0   185.8   3606.8
29   10   -445.5   128.5   3603.8
29   11   -456.1   -199.0   3602.3
29   12   -425.9   -509.8   3664.1
29   13   -275.8   129.6   3611.0
29   14   -290.6   -197.0   3633.5
29   15   -297.9   -511.8   3680.1
29   16   -370.4   441.4   3373.7
29   17   -311.6   425.4   3368.7
29   18   -365.1   615.1   3540.6
30   0   -367.2   709.8   3537.4
30   1   -364.4   549.8   3558.1
30   2   -491.1   535.7   3532.9
30   3   -518.5   326.9   3455.7
30   4   -340.8   464.2   3356.8
30   5   -234.6   543.0   3543.2
30   6   -182.8   330.1   3495.5
30   7   -337.4   444.6   3343.2
30   8   -362.2   351.2   3611.4
30   9   -361.0   185.7   3606.9
30   10   -445.6   128.7   3603.8
30   11   -456.0   -198.6   3602.3
30   12   -426.1   -510.0   3664.2
30   13   -275.8   129.6   3611.0
30   14   -290.6   -196.7   3633.5
30   15   -297.7   -512.2   3679.6
30   16   -370.4   441.3   3373.3
30   17   -311.7   425.5   3368.6
30   18   -365.1   615.1   3540.6
31   0   -367.2   709.5   3537.4
31   1   -364.4   549.9   3558.1
31   2   -491.0   535.8   3532.9
31   3   -518.5   327.2   3455.5
31   4   -340.7   464.2   3356.2
31   5   -234.7   543.1   3543.2
31   6   -182.9   330.2   3495.4
31   7   -337.4   444.8   3343.0
31   8   -362.2   351.0   3611.4
31   9   -361.0   185.5   3607.0
31   10   -445.6   128.8   3603.7
31   11   -456.0   -198.3   3602.3
31   12   -425.9   -510.3   3663.5
31   13   -275.9   129.7   3611.0
31   14   -290.5   -196.5   3633.5
31   15   -297.6   -512.9   3675.9
31   16   -370.4   441.3   3372.8
31   17   -311.7   425.7   3368.4
31   18   -365.1   615.1   3540.6
32   0   -367.1   709.3   3537.4
32   1   -364.4   549.9   3558.1
32   2   -490.9   535.9   3532.9
32   3   -518.6   327.4   3455.2
32   4   -340.8   464.0   3355.3
32   5   -234.8   543.2   3543.2
32   6   -182.9   330.4   3495.2
32   7   -337.4   445.0   3342.7
32   8   -362.2   350.9   3611.4
32   9   -361.0   185.3   3607.1
32   10   -445.6   128.9   3603.7
32   11   -456.0   -198.1   3602.3
32   12   -425.8   -510.5   3662.9
32   13   -275.9   129.7   3611.0
32   14   -290.5   -196.4   3633.5
32   15   -297.7   -513.5   3673.2
32   16   -370.5   441.2   3371.9
32   17   -311.6   425.9   3368.1
32   18   -365.1   615.1   3540.6
33   0   -367.1   709.1   3537.5
33   1   -364.4   549.9   3558.1
33   2   -490.8   536.0   3532.9
33   3   -518.6   327.5   3455.1
33   4   -341.1   463.6   3354.0
33   5   -234.9   543.2   3543.2
33   6   -182.9   330.5   3495.0
33   7   -337.6   445.0   3342.6
33   8   -362.2   350.7   3611.5
33   9   -361.0   185.2   3607.1
33   10   -445.6   129.0   3603.7
33   11   -456.0   -198.0   3602.3
33   12   -425.8   -511.0   3662.5
33   13   -275.9   129.7   3611.0
33   14   -290.5   -196.3   3633.5
33   15   -297.8   -514.1   3671.4
33   16   -370.6   440.9   3370.9
33   17   -311.8   425.9   3368.0
33   18   -365.1   615.1   3540.6
34   0   -367.1   708.9   3537.5
34   1   -364.4   549.9   3558.1
34   2   -490.7   536.0   3532.9
34   3   -518.6   327.6   3455.3
34   4   -340.8   463.0   3353.8
34   5   -235.0   543.3   3543.2
34   6   -183.0   330.7   3494.7
34   7   -338.2   445.0   3342.8
34   8   -362.2   350.5   3611.6
34   9   -361.0   185.0   3607.2
34   10   -445.6   129.0   3603.7
34   11   -456.0   -198.0   3602.3
34   12   -425.6   -512.1   3661.3
34   13   -275.9   129.7   3611.0
34   14   -290.5   -196.3   3633.5
34   15   -297.9   -515.4   3668.9
34   16   -370.4   440.4   3370.7
34   17   -312.4   426.0   3368.1
34   18   -365.1   615.1   3540.6
35   0   -367.1   708.8   3537.5
35   1   -364.4   549.9   3558.1
35   2   -490.6   536.1   3532.9
35   3   -518.7   327.6   3455.6
35   4   -338.6   459.1   3353.1
35   5   -235.1   543.3   3543.2
35   6   -183.1   330.8   3494.5
35   7   -339.4   444.8   3343.5
35   8   -362.2   350.3   3611.6
35   9   -361.0   184.8   3607.2
35   10   -445.6   129.1   3603.6
35   11   -456.0   -198.0   3602.3
35   12   -425.0   -513.1   3660.8
35   13   -276.0   129.8   3611.0
35   14   -290.5   -196.5   3633.5
35   15   -297.9   -516.5   3668.1
35   16   -368.6   437.2   3370.2
35   17   -313.3   425.8   3368.6
35   18   -365.1   615.1   3540.6
36   0   -367.1   708.7   3537.6
36   1   -364.4   549.9   3558.1
36   2   -490.5   536.1   3532.9
36   3   -518.7   327.5   3456.0
36   4   -334.3   450.8   3351.4
36   5   -235.2   543.4   3543.2
36   6   -183.2   330.8   3494.6
36   7   -341.1   444.1   3344.6
36   8   -362.2   350.1   3611.7
36   9   -361.0   184.6   3607.3
36   10   -445.6   129.2   3603.5
36   11   -456.0   -198.1   3602.3
36   12   -424.1   -513.7   3660.7
36   13   -276.0   129.8   3611.0
36   14   -290.5   -196.6   3633.5
36   15   -297.9   -517.2   3668.3
36   16   -365.0   430.3   3368.8
36   17   -314.8   425.2   3369.6
36   18   -365.1   615.1   3540.6
37   0   -367.1   708.6   3537.6
37   1   -364.4   550.0   3558.1
37   2   -490.5   536.2   3532.9
37   3   -518.7   327.3   3456.7
37   4   -332.5   443.9   3351.7
37   5   -235.2   543.4   3543.2
37   6   -183.3   330.9   3494.7
37   7   -342.2   442.2   3347.5
37   8   -362.2   349.9   3611.7
37   9   -361.0   184.4   3607.3
37   10   -445.9   129.7   3603.3
37   11   -456.0   -197.9   3602.2
37   12   -423.2   -514.0   3660.5
37   13   -276.0   129.8   3611.0
37   14   -290.5   -196.9   3633.5
37   15   -298.0   -517.9   3669.0
37   16   -363.6   424.5   3369.2
37   17   -315.7   423.6   3372.0
37   18   -365.1   615.1   3540.6
38   0   -367.1   708.6   3537.7
38   1   -364.4   550.0   3558.0
38   2   -490.4   536.2   3532.9
38   3   -518.6   327.3   3457.2
38   4   -333.3   441.1   3353.2
38   5   -235.3   543.4   3543.2
38   6   -183.5   330.9   3494.7
38   7   -344.1   439.6   3351.4
38   8   -362.2   349.7   3611.8
38   9   -361.0   184.2   3607.3
38   10   -445.9   129.9   3603.1
38   11   -456.0   -198.0   3602.1
38   12   -421.6   -514.3   3660.3
38   13   -276.0   129.8   3611.0
38   14   -290.5   -197.2   3633.5
38   15   -298.1   -518.5   3669.4
38   16   -364.2   422.2   3370.5
38   17   -317.3   421.5   3375.3
38   18   -365.1   615.2   3540.6
39   0   -367.1   708.5   3537.7
39   1   -364.4   550.0   3558.0
39   2   -490.3   536.2   3532.9
39   3   -518.6   327.2   3457.6
39   4   -334.9   443.1   3354.3
39   5   -235.3   543.5   3543.2
39   6   -183.6   331.0   3494.6
39   7   -343.1   439.9   3351.3
39   8   -362.2   349.4   3611.8
39   9   -361.0   184.0   3607.4
39   10   -445.9   129.9   3602.9
39   11   -456.0   -198.2   3602.1
39   12   -419.9   -514.9   3659.5
39   13   -276.0   129.8   3611.0
39   14   -290.5   -197.4   3633.5
39   15   -298.2   -519.2   3669.5
39   16   -365.5   423.8   3371.5
39   17   -316.5   421.8   3375.2
39   18   -365.1   615.2   3540.6
40   0   -367.1   708.5   3537.8
40   1   -364.4   550.0   3558.0
40   2   -490.3   536.3   3532.9
40   3   -518.7   327.1   3458.0
40   4   -337.1   447.0   3354.8
40   5   -235.4   543.5   3543.6
40   6   -183.7   331.2   3494.4
40   7   -340.0   442.1   3348.7
40   8   -362.2   349.2   3611.9
40   9   -361.0   183.8   3607.4
40   10   -445.8   129.9   3602.4
40   11   -456.0   -198.6   3601.9
40   12   -418.2   -515.7   3657.8
40   13   -276.0   129.8   3611.0
40   14   -290.5   -197.7   3633.6
40   15   -298.4   -519.9   3669.6
40   16   -367.4   427.0   3372.0
40   17   -314.0   423.6   3373.0
40   18   -365.1   615.2   3540.6
41   0   -367.1   708.5   3537.8
41   1   -364.4   550.1   3558.0
41   2   -490.2   536.3   3532.9
41   3   -518.7   327.0   3458.5
41   4   -338.3   449.1   3354.3
41   5   -235.5   543.5   3544.2
41   6   -183.8   331.5   3494.0
41   7   -340.7   442.4   3347.8
41   8   -362.2   349.0   3611.9
41   9   -361.0   183.6   3607.4
41   10   -445.7   129.8   3601.7
41   11   -456.0   -198.9   3601.8
41   12   -416.3   -517.0   3655.3
41   13   -276.1   129.8   3611.0
41   14   -290.5   -198.0   3633.6
41   15   -298.5   -520.8   3669.6
41   16   -368.4   428.8   3371.7
41   17   -314.5   423.9   3372.2
41   18   -365.1   615.2   3540.6
42   0   -367.1   708.4   3537.9
42   1   -364.4   550.1   3558.0
42   2   -490.2   536.3   3532.9
42   3   -518.8   326.9   3459.1
42   4   -339.5   449.7   3354.3
42   5   -235.5   543.5   3544.5
42   6   -183.8   331.8   3493.6
42   7   -342.7   441.0   3348.7
42   8   -362.2   348.8   3611.9
42   9   -361.0   183.3   3607.4
42   10   -445.7   129.9   3600.8
42   11   -456.0   -199.1   3601.4
42   12   -414.3   -518.6   3652.3
42   13   -276.1   129.8   3610.9
42   14   -290.5   -198.3   3633.0
42   15   -298.8   -522.3   3669.4
42   16   -369.4   429.2   3371.8
42   17   -316.3   422.8   3372.8
42   18   -365.1   615.2   3540.6
43   0   -367.0   708.4   3538.0
43   1   -364.3   550.1   3558.0
43   2   -490.1   536.3   3532.9
43   3   -519.0   326.8   3459.8
43   4   -339.8   449.7   3354.2
43   5   -235.5   543.6   3545.1
43   6   -183.9   332.0   3493.4
43   7   -342.3   440.5   3346.8
43   8   -362.2   348.5   3611.9
43   9   -361.0   183.0   3607.4
43   10   -445.6   129.9   3600.1
43   11   -456.0   -199.3   3601.0
43   12   -414.0   -520.0   3650.0
43   13   -276.1   129.8   3610.9
43   14   -290.5   -198.6   3632.1
43   15   -299.1   -523.5   3668.7
43   16   -369.7   429.2   3371.8
43   17   -315.9   422.4   3371.3
43   18   -365.0   615.2   3540.6
44   0   -367.0   708.4   3539.5
44   1   -364.3   550.1   3557.9
44   2   -490.1   536.4   3532.9
44   3   -519.1   326.6   3460.6
44   4   -339.6   449.1   3354.0
44   5   -235.5   543.6   3545.9
44   6   -184.0   332.3   3493.3
44   7   -341.4   439.5   3344.0
44   8   -362.2   348.2   3611.8
44   9   -361.0   182.8   3607.4
44   10   -445.5   129.9   3599.3
44   11   -456.0   -199.5   3600.6
44   12   -413.7   -520.4   3649.2
44   13   -276.1   129.8   3610.9
44   14   -290.5   -198.8   3630.8
44   15   -300.2   -523.9   3667.8
44   16   -369.5   428.7   3371.8
44   17   -315.2   421.6   3368.9
44   18   -365.0   615.3   3540.6
45   0   -367.0   708.3   3543.3
45   1   -364.3   550.2   3557.9
45   2   -490.0   536.4   3532.9
45   3   -519.5   326.5   3461.5
45   4   -339.1   447.5   3353.6
45   5   -235.6   543.6   3546.9
45   6   -184.0   332.6   3493.3
45   7   -341.5   437.9   3341.7
45   8   -362.2   347.9   3611.8
45   9   -361.0   182.4   3607.4
45   10   -445.5   129.9   3598.9
45   11   -456.0   -199.7   3600.4
45   12   -414.0   -520.6   3648.1
45   13   -276.1   129.8   3610.8
45   14   -290.5   -199.1   3629.2
45   15   -300.8   -523.9   3666.4
45   16   -369.1   427.4   3371.6
45   17   -315.2   420.3   3367.0
45   18   -364.9   615.3   3540.6
46   0   -367.0   708.0   3549.4
46   1   -364.2   550.2   3557.9
46   2   -490.0   536.5   3532.9
46   3   -519.9   326.9   3460.7
46   4   -338.1   447.2   3353.2
46   5   -235.6   543.6   3547.8
46   6   -183.8   333.0   3493.1
46   7   -336.2   439.8   3337.0
46   8   -362.2   347.6   3611.7
46   9   -361.0   182.2   3607.4
46   10   -445.5   129.9   3598.8
46   11   -456.0   -199.8   3600.4
46   12   -414.9   -520.5   3647.7
46   13   -276.1   129.8   3610.7
46   14   -290.5   -199.3   3627.4
46   15   -301.0   -523.8   3664.7
46   16   -368.4   427.2   3371.1
46   17   -310.8   422.0   3363.0
46   18   -364.9   615.3   3540.6
47   0   -367.0   707.4   3555.7
47   1   -364.2   550.2   3557.7
47   2   -489.9   536.5   3532.9
47   3   -520.3   328.2   3457.7
47   4   -337.9   450.6   3352.9
47   5   -235.6   543.6   3548.9
47   6   -179.8   334.9   3491.3
47   7   -330.2   445.7   3335.3
47   8   -362.2   347.2   3611.0
47   9   -361.0   181.8   3607.3
47   10   -445.5   130.0   3598.7
47   11   -456.0   -199.7   3600.3
47   12   -416.3   -520.2   3648.1
47   13   -276.1   129.9   3610.5
47   14   -290.5   -199.3   3625.7
47   15   -300.8   -523.4   3663.8
47   16   -368.3   430.2   3370.4
47   17   -305.1   427.2   3361.3
47   18   -364.8   615.3   3540.6
48   0   -367.0   707.1   3559.9
48   1   -364.1   550.2   3557.4
48   2   -489.9   536.5   3532.9
48   3   -526.0   343.7   3430.0
48   4   -338.0   476.1   3354.8
48   5   -235.6   543.6   3549.1
48   6   -155.2   358.3   3462.5
48   7   -330.1   473.3   3345.7
48   8   -362.2   346.8   3610.1
48   9   -361.0   181.3   3607.3
48   10   -445.5   130.1   3598.6
48   11   -456.0   -199.8   3600.2
48   12   -416.7   -519.8   3649.3
48   13   -276.0   130.2   3610.2
48   14   -290.5   -199.2   3626.7
48   15   -300.7   -523.0   3665.0
48   16   -369.3   454.0   3367.3
48   17   -301.0   454.1   3365.2
48   18   -364.8   615.3   3540.6
49   0   -366.9   707.0   3562.2
49   1   -364.1   550.1   3557.2
49   2   -489.9   536.5   3539.1
49   3   -551.2   390.4   3393.9
49   4   -359.0   526.6   3334.6
49   5   -235.7   543.7   3551.9
49   6   -115.3   411.3   3435.1
49   7   -316.6   512.6   3354.5
49   8   -362.2   346.5   3609.3
49   9   -361.0   181.0   3607.3
49   10   -445.5   130.2   3598.6
49   11   -456.0   -199.9   3600.2
49   12   -416.6   -519.6   3650.0
49   13   -275.9   130.4   3609.9
49   14   -290.4   -199.0   3629.6
49   15   -300.6   -522.7   3666.0
49   16   -391.0   503.9   3344.5
49   17   -283.1   495.7   3368.0
49   18   -364.7   615.3   3540.5
50   0   -366.9   707.5   3563.4
50   1   -364.1   550.1   3558.6
50   2   -489.7   536.7   3549.8
50   3   -596.0   436.5   3392.4
50   4   -427.8   571.3   3290.5
50   5   -236.1   544.0   3558.9
50   6   -69.4   480.0   3447.0
50   7   -266.6   560.3   3338.2
50   8   -362.2   346.0   3608.9
50   9   -361.0   180.5   3607.3
50   10   -445.5   130.3   3598.6
50   11   -456.0   -200.1   3600.3
50   12   -416.5   -519.6   3649.7
50   13   -275.7   130.7   3609.4
50   14   -290.3   -198.6   3632.4
50   15   -300.5   -522.2   3668.3
50   16   -455.8   548.8   3307.5
50   17   -233.7   546.9   3356.3
50   18   -364.7   615.5   3542.4
51   0   -366.9   708.3   3563.9
51   1   -364.1   550.2   3561.4
51   2   -490.2   537.6   3553.2
51   3   -638.4   507.6   3403.9
51   4   -504.4   608.3   3243.4
51   5   -235.0   546.7   3564.0
51   6   -41.3   551.8   3473.4
51   7   -169.4   622.1   3301.6
51   8   -362.2   345.3   3609.0
51   9   -361.0   179.8   3607.3
51   10   -445.4   130.4   3598.6
51   11   -444.4   -199.8   3611.5
51   12   -416.2   -521.6   3649.9
51   13   -275.6   131.2   3608.8
51   14   -290.2   -198.3   3633.4
51   15   -300.4   -521.8   3669.1
51   16   -526.6   591.6   3270.1
51   17   -148.2   610.4   3330.2
51   18   -364.7   615.8   3546.1
52   0   -366.8   711.5   3561.1
52   1   -364.0   552.5   3564.7
52   2   -494.0   547.3   3555.4
52   3   -660.5   562.6   3411.6
52   4   -598.4   688.9   3229.3
52   5   -229.5   562.2   3566.5
52   6   -24.6   609.5   3494.4
52   7   -81.1   709.5   3298.3
52   8   -361.9   347.1   3610.6
52   9   -360.8   180.8   3607.2
52   10   -444.1   132.7   3598.7
52   11   -449.7   -198.2   3606.3
52   12   -416.5   -518.7   3649.6
52   13   -276.5   133.8   3608.6
52   14   -290.1   -196.3   3633.1
52   15   -300.3   -519.5   3669.0
52   16   -608.7   667.8   3259.7
52   17   -71.8   692.8   3331.0
52   18   -364.7   618.1   3550.0
53   0   -366.6   716.8   3553.3
53   1   -363.9   557.5   3567.0
53   2   -497.8   560.8   3555.2
53   3   -667.4   615.5   3417.9
53   4   -695.7   776.8   3263.0
53   5   -226.6   574.8   3566.9
53   6   -28.1   661.0   3501.1
53   7   -5.6   801.9   3322.3
53   8   -361.4   352.2   3613.1
53   9   -360.6   184.6   3607.2
53   10   -442.2   137.9   3599.0
53   11   -452.8   -194.1   3603.1
53   12   -416.9   -513.3   3650.2
53   13   -277.7   139.4   3608.6
53   14   -290.0   -191.9   3632.6
53   15   -300.2   -514.5   3669.4
53   16   -691.1   750.0   3288.8
53   17   -9.3   778.5   3352.1
53   18   -364.6   623.1   3552.3
54   0   -366.3   722.6   3543.4
54   1   -363.7   563.9   3568.2
54   2   -498.8   570.3   3551.1
54   3   -662.9   660.3   3423.9
54   4   -763.1   840.3   3314.2
54   5   -225.2   585.1   3563.1
54   6   -41.7   700.2   3494.6
54   7   25.4   871.8   3339.6
54   8   -360.9   359.3   3615.4
54   9   -360.4   190.2   3607.1
54   10   -441.8   146.9   3599.0
54   11   -454.4   -188.1   3601.3
54   12   -417.6   -506.4   3649.8
54   13   -277.9   148.2   3608.8
54   14   -289.7   -186.1   3632.2
54   15   -300.0   -507.9   3670.1
54   16   -746.5   810.4   3332.5
54   17   14.3   843.2   3365.4
54   18   -364.6   629.4   3553.0
55   0   -365.9   728.5   3533.0
55   1   -363.6   570.9   3567.0
55   2   -497.8   576.9   3542.1
55   3   -657.4   688.4   3425.5
55   4   -794.5   881.6   3361.7
55   5   -225.2   591.9   3554.8
55   6   -52.6   727.0   3495.2
55   7   44.8   927.4   3392.9
55   8   -360.5   367.4   3617.0
55   9   -360.3   197.2   3607.1
55   10   -442.2   156.0   3599.0
55   11   -455.1   -183.2   3600.4
55   12   -418.2   -501.1   3649.2
55   13   -278.0   155.9   3609.2
55   14   -289.6   -182.7   3632.0
55   15   -300.0   -504.0   3670.3
55   16   -771.7   849.4   3372.3
55   17   28.6   894.0   3409.9
55   18   -364.5   636.2   3550.9
56   0   -365.6   733.9   3525.0
56   1   -363.4   577.6   3563.7
56   2   -496.1   581.4   3532.7
56   3   -656.6   705.4   3432.3
56   4   -805.0   908.1   3394.7
56   5   -225.7   597.5   3550.3
56   6   -54.2   739.4   3511.8
56   7   34.7   952.6   3410.7
56   8   -360.3   375.5   3617.5
56   9   -360.2   204.3   3607.4
56   10   -443.4   164.3   3598.8
56   11   -455.3   -176.0   3599.9
56   12   -419.0   -494.0   3648.0
56   13   -277.6   162.7   3609.6
56   14   -289.3   -176.9   3631.7
56   15   -299.9   -498.0   3671.1
56   16   -780.3   874.3   3401.0
56   17   19.9   917.1   3427.5
56   18   -364.4   642.5   3546.4
57   0   -365.3   739.5   3521.1
57   1   -363.3   582.9   3559.2
57   2   -494.7   583.9   3528.6
57   3   -658.5   715.0   3446.7
57   4   -806.8   919.9   3401.8
57   5   -226.9   600.3   3549.2
57   6   -54.8   742.6   3521.2
57   7   53.9   951.5   3423.9
57   8   -360.3   382.2   3617.1
57   9   -360.1   210.4   3607.6
57   10   -443.8   168.7   3598.7
57   11   -455.3   -171.2   3599.7
57   12   -419.6   -489.2   3647.2
57   13   -277.6   165.9   3609.8
57   14   -289.2   -173.2   3631.5
57   15   -300.2   -493.9   3672.5
57   16   -782.1   885.8   3409.3
57   17   35.8   916.7   3440.1
57   18   -364.3   647.4   3540.6
58   0   -365.2   743.2   3520.0
58   1   -363.2   585.8   3555.6
58   2   -493.7   584.6   3527.9
58   3   -660.3   717.4   3456.9
58   4   -805.4   923.9   3404.9
58   5   -228.4   600.2   3549.5
58   6   -55.6   740.8   3523.9
58   7   69.4   942.3   3426.6
58   8   -360.3   386.2   3616.7
58   9   -360.1   213.8   3607.8
58   10   -443.8   169.0   3598.1
58   11   -455.2   -169.7   3599.5
58   12   -419.7   -487.6   3647.7
58   13   -277.4   166.5   3609.7
58   14   -289.1   -171.5   3631.4
58   15   -300.3   -491.8   3675.0
58   16   -781.2   889.5   3413.6
58   17   48.6   908.8   3442.8
58   18   -364.2   650.0   3535.9
59   0   -365.3   745.2   3520.3
59   1   -363.2   587.0   3553.6
59   2   -493.1   584.2   3529.9
59   3   -660.2   716.5   3461.1
59   4   -804.2   923.1   3404.4
59   5   -230.1   597.5   3551.0
59   6   -57.4   736.7   3523.2
59   7   76.7   928.8   3417.0
59   8   -360.5   388.1   3616.3
59   9   -360.1   214.8   3608.0
59   10   -443.4   166.7   3597.4
59   11   -455.2   -174.3   3599.3
59   12   -419.3   -491.6   3650.1
59   13   -276.8   165.5   3609.5
59   14   -289.2   -174.8   3631.6
59   15   -300.5   -494.6   3678.1
59   16   -780.2   888.7   3413.9
59   17   54.3   896.8   3434.7
59   18   -364.1   651.0   3533.4
60   0   -365.6   746.2   3521.2
60   1   -363.2   587.3   3552.7
60   2   -492.9   583.3   3532.5
60   3   -659.3   714.6   3462.1
60   4   -803.8   920.7   3402.5
60   5   -231.8   593.9   3553.6
60   6   -59.2   731.6   3522.4
60   7   70.4   927.9   3415.8
60   8   -360.7   388.8   3616.1
60   9   -360.1   216.3   3608.3
60   10   -443.0   162.7   3596.2
60   11   -455.4   -181.5   3599.1
60   12   -418.6   -498.3   3651.2
60   13   -275.9   163.3   3609.3
60   14   -289.3   -180.1   3631.9
60   15   -300.7   -499.7   3678.9
60   16   -779.7   886.4   3412.4
60   17   48.8   895.2   3433.5
60   18   -364.0   651.2   3532.3
61   0   -366.0   746.6   3522.3
61   1   -363.2   587.1   3552.4
61   2   -492.8   582.3   3535.8
61   3   -657.7   712.3   3461.2
61   4   -804.0   917.5   3399.7
61   5   -232.9   591.5   3556.6
61   6   -59.4   726.7   3521.5
61   7   53.2   932.7   3413.3
61   8   -360.9   388.9   3615.9
61   9   -360.1   218.0   3608.5
61   10   -443.0   158.1   3595.0
61   11   -455.6   -189.7   3598.8
61   12   -417.8   -506.2   3652.0
61   13   -275.0   160.0   3609.0
61   14   -289.4   -186.9   3632.3
61   15   -300.9   -506.8   3676.9
61   16   -779.6   883.3   3410.0
61   17   34.4   898.4   3431.4
61   18   -364.0   651.0   3532.0
62   0   -366.4   746.7   3523.4
62   1   -363.3   586.9   3552.4
62   2   -492.8   581.3   3536.5
62   3   -657.1   711.0   3460.5
62   4   -804.1   915.4   3395.3
62   5   -233.2   589.7   3556.9
62   6   -57.7   721.7   3521.2
62   7   66.8   923.7   3416.6
62   8   -361.2   388.7   3615.6
62   9   -360.2   219.5   3608.8
62   10   -443.6   155.5   3594.3
62   11   -455.8   -195.2   3598.6
62   12   -417.3   -511.2   3653.4
62   13   -274.9   156.3   3608.8
62   14   -289.6   -193.5   3632.5
62   15   -301.0   -513.7   3673.8
62   16   -779.6   881.3   3406.2
62   17   46.1   890.1   3434.0
62   18   -364.0   650.7   3532.1
63   0   -366.9   746.9   3526.3
63   1   -363.4   586.6   3552.7
63   2   -493.0   580.9   3537.5
63   3   -656.6   710.2   3460.0
63   4   -803.9   913.7   3390.2
63   5   -233.1   589.3   3558.2
63   6   -54.7   716.6   3520.3
63   7   72.4   919.5   3417.8
63   8   -361.5   388.4   3615.3
63   9   -360.2   220.7   3608.9
63   10   -444.2   154.5   3594.0
63   11   -455.9   -198.3   3598.4
63   12   -417.1   -514.0   3655.0
63   13   -275.2   153.7   3608.8
63   14   -289.8   -198.2   3632.7
63   15   -301.1   -518.6   3672.4
63   16   -779.3   879.8   3401.9
63   17   51.2   885.7   3434.9
63   18   -364.0   650.5   3532.5
64   0   -367.2   747.0   3530.4
64   1   -363.5   586.3   3553.1
64   2   -493.4   581.0   3538.2
64   3   -656.6   709.9   3459.3
64   4   -803.5   912.5   3384.3
64   5   -232.6   589.5   3558.8
64   6   -52.4   713.6   3519.8
64   7   74.9   918.0   3418.6
64   8   -361.9   388.0   3615.0
64   9   -360.3   221.5   3608.9
64   10   -444.7   154.7   3594.0
64   11   -456.0   -199.7   3598.1
64   12   -416.9   -515.5   3654.5
64   13   -275.1   153.3   3608.7
64   14   -289.9   -200.3   3632.6
64   15   -301.2   -520.8   3672.2
64   16   -779.0   878.7   3396.8
64   17   53.7   884.0   3435.5
64   18   -364.0   650.3   3533.1
65   0   -367.5   747.0   3536.3
65   1   -363.6   586.0   3554.4
65   2   -493.8   581.3   3541.6
65   3   -655.8   708.7   3458.4
65   4   -800.1   911.3   3384.3
65   5   -231.9   590.1   3559.3
65   6   -50.6   712.4   3519.2
65   7   74.9   916.1   3418.7
65   8   -362.3   387.2   3614.9
65   9   -360.3   221.7   3608.9
65   10   -445.1   155.8   3594.1
65   11   -456.0   -199.9   3597.7
65   12   -417.1   -515.9   3654.7
65   13   -274.7   154.2   3608.7
65   14   -289.9   -200.6   3632.4
65   15   -301.1   -521.3   3672.6
65   16   -776.0   877.5   3396.6
65   17   54.0   882.1   3435.5
65   18   -364.0   650.1   3535.0
66   0   -367.7   746.8   3543.1
66   1   -363.7   585.7   3556.7
66   2   -494.2   581.8   3543.5
66   3   -655.4   707.6   3456.7
66   4   -790.2   911.0   3376.7
66   5   -231.3   590.2   3559.7
66   6   -49.8   711.5   3518.5
66   7   76.4   911.4   3417.8
66   8   -362.7   386.1   3614.9
66   9   -360.3   221.4   3608.9
66   10   -445.6   157.5   3594.3
66   11   -456.0   -199.6   3597.7
66   12   -417.9   -515.3   3656.6
66   13   -274.3   155.7   3608.8
66   14   -289.9   -200.4   3632.1
66   15   -300.9   -521.0   3673.6
66   16   -767.7   877.1   3390.0
66   17   55.3   878.1   3434.6
66   18   -364.0   649.9   3537.9
67   0   -367.9   746.7   3546.9
67   1   -363.8   585.3   3559.1
67   2   -494.6   582.3   3544.6
67   3   -655.3   706.0   3454.1
67   4   -780.4   910.8   3370.5
67   5   -230.9   590.1   3560.0
67   6   -49.3   710.7   3517.6
67   7   76.0   907.1   3415.7
67   8   -363.2   384.8   3614.9
67   9   -360.4   220.8   3608.9
67   10   -446.3   160.0   3594.6
67   11   -456.0   -198.1   3597.8
67   12   -419.0   -513.2   3659.7
67   13   -273.8   157.9   3608.8
67   14   -290.0   -199.2   3631.8
67   15   -300.7   -519.5   3674.8
67   16   -759.6   876.6   3384.4
67   17   55.1   874.4   3432.7
67   18   -364.0   649.8   3541.2
68   0   -368.1   746.7   3548.5
68   1   -363.9   585.0   3561.3
68   2   -494.9   582.8   3544.7
68   3   -654.8   705.3   3451.2
68   4   -782.8   908.1   3373.5
68   5   -230.7   589.9   3560.3
68   6   -49.1   709.9   3516.4
68   7   75.7   903.8   3414.0
68   8   -363.7   383.6   3614.9
68   9   -360.4   220.1   3608.8
68   10   -447.1   163.0   3594.9
68   11   -456.0   -195.8   3598.1
68   12   -420.8   -510.3   3661.3
68   13   -273.2   160.5   3608.8
68   14   -290.0   -197.4   3631.4
68   15   -300.4   -516.7   3676.4
68   16   -761.5   874.3   3386.4
68   17   54.9   871.5   3431.1
68   18   -364.0   649.6   3544.1
69   0   -368.3   746.6   3548.8
69   1   -364.0   584.8   3562.8
69   2   -495.0   583.3   3544.2
69   3   -653.5   704.6   3447.0
69   4   -779.3   907.8   3372.5
69   5   -230.6   589.8   3560.5
69   6   -48.9   708.4   3513.4
69   7   73.5   901.9   3412.0
69   8   -364.1   382.7   3615.0
69   9   -360.4   219.6   3608.8
69   10   -447.7   166.4   3595.4
69   11   -455.9   -193.1   3598.5
69   12   -422.0   -506.9   3661.6
69   13   -272.9   163.2   3608.8
69   14   -290.0   -195.3   3631.0
69   15   -299.9   -513.7   3676.9
69   16   -758.4   873.9   3384.9
69   17   53.1   869.6   3428.9
69   18   -364.0   649.5   3546.0
70   0   -368.6   746.5   3548.6
70   1   -364.1   584.6   3563.6
70   2   -495.0   583.5   3543.4
70   3   -652.4   704.4   3444.2
70   4   -775.1   908.6   3372.0
70   5   -230.6   589.8   3560.5
70   6   -49.5   707.5   3510.0
70   7   71.7   900.5   3410.1
70   8   -364.6   382.0   3615.1
70   9   -360.4   219.2   3608.7
70   10   -447.5   168.0   3596.2
70   11   -455.9   -191.4   3599.2
70   12   -423.4   -505.2   3661.5
70   13   -273.3   164.7   3608.9
70   14   -290.1   -193.8   3630.4
70   15   -299.7   -511.9   3676.7
70   16   -754.6   874.6   3384.0
70   17   51.5   868.4   3426.7
70   18   -364.0   649.4   3547.1
71   0   -368.8   746.3   3548.2
71   1   -364.2   584.4   3563.9
71   2   -495.0   583.6   3543.0
71   3   -651.4   704.8   3442.8
71   4   -773.7   909.3   3375.8
71   5   -230.7   589.7   3560.5
71   6   -50.5   706.7   3505.5
71   7   70.8   898.2   3406.0
71   8   -365.0   381.4   3615.2
71   9   -360.4   219.0   3608.7
71   10   -446.8   168.6   3596.6
71   11   -455.8   -190.4   3599.9
71   12   -425.3   -504.5   3661.2
71   13   -274.1   165.4   3609.0
71   14   -290.2   -192.8   3630.1
71   15   -299.6   -510.9   3676.4
71   16   -753.3   875.2   3387.0
71   17   50.6   866.3   3422.6
71   18   -364.0   649.2   3547.6
72   0   -369.0   746.1   3547.9
72   1   -364.3   584.2   3564.1
72   2   -494.9   583.7   3543.0
72   3   -650.8   704.9   3442.2
72   4   -774.2   908.4   3378.0
72   5   -230.8   589.7   3560.5
72   6   -52.5   705.1   3497.3
72   7   71.7   896.5   3404.1
72   8   -365.5   381.0   3615.3
72   9   -360.4   217.1   3608.6
72   10   -445.9   168.3   3596.9
72   11   -455.8   -190.2   3600.0
72   12   -426.0   -504.5   3661.1
72   13   -274.9   165.4   3609.2
72   14   -290.2   -192.4   3630.0
72   15   -299.4   -510.5   3676.0
72   16   -753.6   874.5   3388.7
72   17   51.0   864.6   3419.6
72   18   -364.0   649.0   3547.8
73   0   -369.3   745.9   3547.5
73   1   -364.5   584.1   3564.1
73   2   -494.8   583.7   3542.9
73   3   -650.5   704.8   3442.0
73   4   -772.5   908.0   3377.0
73   5   -230.9   589.6   3560.5
73   6   -54.6   703.5   3489.6
73   7   72.9   896.3   3406.9
73   8   -365.9   380.6   3615.5
73   9   -360.3   214.7   3608.4
73   10   -445.0   167.7   3597.0
73   11   -455.7   -190.3   3599.9
73   12   -425.7   -504.7   3661.0
73   13   -275.8   165.1   3609.3
73   14   -290.2   -192.2   3629.8
73   15   -299.3   -510.4   3675.7
73   16   -752.1   874.1   3387.8
73   17   51.7   864.1   3420.7
73   18   -364.0   648.8   3547.8
74   0   -369.5   745.6   3547.2
74   1   -364.5   583.9   3564.2
74   2   -494.8   583.7   3542.9
74   3   -650.4   704.8   3442.0
74   4   -777.8   906.4   3382.9
74   5   -231.0   589.6   3560.5
74   6   -54.1   703.6   3491.5
74   7   72.2   895.4   3404.1
74   8   -366.3   380.4   3615.8
74   9   -360.2   212.5   3608.3
74   10   -444.4   167.6   3597.1
74   11   -455.7   -190.0   3599.9
74   12   -425.6   -504.4   3660.8
74   13   -276.4   165.0   3610.1
74   14   -290.1   -191.9   3629.6
74   15   -299.1   -510.2   3675.4
74   16   -756.5   872.8   3392.7
74   17   51.1   863.4   3418.7
74   18   -364.0   648.6   3547.8
75   0   -369.8   745.4   3546.8
75   1   -364.6   583.8   3564.2
75   2   -494.6   583.8   3542.9
75   3   -650.3   704.7   3442.2
75   4   -783.0   906.8   3387.1
75   5   -231.1   589.6   3560.5
75   6   -53.9   703.3   3492.1
75   7   73.1   896.9   3403.5
75   8   -366.5   380.2   3616.1
75   9   -360.1   210.8   3608.2
75   10   -444.0   167.6   3597.2
75   11   -455.7   -189.5   3599.8
75   12   -425.8   -504.0   3660.6
75   13   -276.9   165.0   3611.1
75   14   -290.1   -191.7   3629.5
75   15   -298.9   -510.1   3674.7
75   16   -760.9   873.1   3396.2
75   17   51.9   864.7   3418.3
75   18   -364.0   648.4   3547.7
76   0   -369.9   745.3   3546.4
76   1   -364.6   583.7   3564.2
76   2   -494.5   583.8   3543.0
76   3   -650.3   704.6   3442.4
76   4   -787.6   907.1   3388.1
76   5   -231.3   589.6   3560.5
76   6   -54.0   702.7   3491.5
76   7   74.7   899.4   3404.7
76   8   -366.6   380.1   3616.4
76   9   -360.1   209.5   3608.1
76   10   -443.6   167.8   3597.2
76   11   -455.6   -189.1   3599.7
76   12   -425.8   -503.6   3660.4
76   13   -277.4   165.0   3611.5
76   14   -290.1   -191.5   3629.4
76   15   -298.6   -509.9   3674.1
76   16   -764.7   873.4   3397.1
76   17   53.3   866.6   3419.2
76   18   -364.0   648.3   3547.7
77   0   -370.0   745.2   3546.0
77   1   -364.6   583.7   3564.3
77   2   -494.4   583.9   3543.0
77   3   -650.3   704.6   3442.6
77   4   -790.9   907.9   3387.7
77   5   -231.5   589.6   3560.5
77   6   -54.4   701.9   3490.1
77   7   76.4   901.8   3406.0
77   8   -366.6   380.0   3616.6
77   9   -360.0   208.6   3608.1
77   10   -443.3   167.9   3597.2
77   11   -455.6   -188.8   3599.7
77   12   -425.7   -503.0   3660.9
77   13   -277.9   164.9   3611.4
77   14   -290.1   -191.4   3629.4
77   15   -298.3   -509.6   3674.7
77   16   -767.5   874.0   3396.9
77   17   54.6   868.4   3420.0
77   18   -364.0   648.2   3547.7
78   0   -370.1   745.0   3545.5
78   1   -364.6   583.6   3564.3
78   2   -494.2   584.0   3543.0
78   3   -650.2   704.6   3442.9
78   4   -792.5   909.0   3385.9
78   5   -231.7   589.6   3560.5
78   6   -54.3   701.2   3490.0
78   7   77.3   903.2   3405.4
78   8   -366.6   379.9   3616.9
78   9   -360.0   208.0   3608.0
78   10   -443.0   168.1   3597.3
78   11   -455.6   -188.5   3599.7
78   12   -425.6   -502.7   3659.8
78   13   -278.4   164.8   3611.4
78   14   -290.0   -191.4   3629.4
78   15   -298.2   -509.4   3674.7
78   16   -768.8   875.0   3395.4
78   17   55.4   869.6   3419.5
78   18   -364.0   648.1   3547.7
79   0   -370.2   744.9   3545.1
79   1   -364.6   583.6   3564.4
79   2   -494.1   584.1   3543.0
79   3   -650.1   704.5   3443.1
79   4   -793.1   910.0   3383.4
79   5   -231.9   589.6   3560.5
79   6   -54.2   701.0   3490.8
79   7   78.1   904.0   3404.2
79   8   -366.5   379.9   3617.2
79   9   -359.9   207.7   3608.0
79   10   -442.7   168.4   3597.3
79   11   -455.6   -188.2   3599.7
79   12   -425.4   -502.8   3656.5
79   13   -278.9   164.7   3611.4
79   14   -290.0   -191.5   3629.4
79   15   -298.1   -509.4   3673.8
79   16   -769.2   875.7   3393.3
79   17   56.1   870.2   3418.7
79   18   -364.0   648.0   3547.7
80   0   -370.3   744.7   3544.6
80   1   -364.6   583.6   3564.4
80   2   -494.0   584.1   3543.1
80   3   -650.1   704.3   3443.2
80   4   -791.3   910.5   3381.0
80   5   -232.1   589.5   3560.5
80   6   -54.2   700.8   3491.1
80   7   78.4   903.5   3403.8
80   8   -366.5   379.8   3617.4
80   9   -359.9   207.7   3607.9
80   10   -442.5   168.6   3597.4
80   11   -455.5   -187.9   3599.7
80   12   -425.2   -502.7   3654.1
80   13   -279.4   164.6   3611.3
80   14   -290.0   -191.6   3629.4
80   15   -298.0   -509.5   3672.0
80   16   -767.8   876.1   3391.4
80   17   56.3   869.7   3418.3
80   18   -364.0   647.9   3547.7
