18   0   -4.8   773.7   3765.7
18   1   -4.4   570.0   3771.1
18   2   -163.2   563.1   3776.5
18   3   -221.0   296.3   3735.2
18   4   37.7   380.5   3603.1
18   5   154.0   564.5   3781.4
18   6   201.1   293.3   3759.6
18   7   -31.8   193.0   3594.8
18   8   -3.7   323.8   3803.3
18   9   -5.7   132.4   3811.1
18   10   -110.1   7.0   3842.8
18   11   -119.8   -433.9   3860.1
18   12   -160.6   -819.9   3857.7
18   13   100.2   11.7   3845.0
18   14   65.8   -426.1   3888.7
18   15   74.1   -814.1   3896.2
18   16   -5.4   366.5   3625.1
18   17   7.0   209.7   3622.2
18   18   -4.7   652.5   3760.4
19   0   -3.9   774.1   3765.8
19   1   -4.1   570.5   3771.1
19   2   -162.9   563.9   3776.0
19   3   -221.6   297.0   3736.2
19   4   32.9   389.1   3602.5
19   5   154.2   564.1   3779.6
19   6   202.1   293.1   3756.9
19   7   -33.8   205.2   3591.7
19   8   -3.7   323.6   3804.1
19   9   -5.8   131.9   3811.9
19   10   -110.0   8.1   3842.9
19   11   -120.0   -432.5   3859.3
19   12   -159.2   -818.6   3859.5
19   13   99.9   12.9   3845.3
19   14   68.7   -425.1   3885.8
19   15   76.0   -813.0   3894.9
19   16   -9.5   373.8   3624.8
19   17   5.5   219.9   3619.2
19   18   -4.2   652.9   3760.0
20   0   -1.6   775.1   3765.8
20   1   -3.2   571.7   3770.8
20   2   -162.0   565.3   3775.3
20   3   -222.8   298.7   3737.4
20   4   16.7   413.9   3599.5
20   5   154.6   563.5   3776.1
20   6   201.3   292.2   3754.7
20   7   -32.3   261.4   3584.4
20   8   -3.7   323.3   3806.4
20   9   -5.9   129.8   3813.9
20   10   -108.9   10.0   3842.7
20   11   -121.7   -429.7   3858.7
20   12   -155.1   -816.1   3866.1
20   13   99.0   15.2   3845.0
20   14   73.7   -422.3   3886.1
20   15   77.6   -810.3   3891.1
20   16   -23.2   394.7   3622.5
20   17   6.6   266.5   3612.8
20   18   -3.1   654.0   3759.0
21   0   0.5   776.3   3765.6
21   1   -2.4   573.1   3770.2
21   2   -160.7   566.5   3774.4
21   3   -223.6   300.0   3739.1
21   4   -5.1   448.6   3598.8
21   5   154.7   562.7   3772.4
21   6   202.4   291.2   3761.5
21   7   -21.7   342.7   3591.1
21   8   -3.5   322.3   3808.9
21   9   -6.1   126.0   3816.4
21   10   -107.2   11.1   3842.5
21   11   -123.3   -426.3   3859.4
21   12   -152.1   -813.1   3870.7
21   13   98.2   17.4   3844.8
21   14   77.8   -418.2   3884.9
21   15   76.8   -806.2   3888.1
21   16   -41.5   423.8   3622.2
21   17   15.6   334.1   3619.5
21   18   -2.0   655.3   3757.5
22   0   1.5   777.1   3765.2
22   1   -1.8   574.0   3769.5
22   2   -159.4   566.9   3773.8
22   3   -224.4   300.6   3740.3
22   4   -13.1   466.2   3601.4
22   5   154.4   562.1   3770.2
22   6   201.8   290.3   3762.2
22   7   -11.5   413.2   3603.4
22   8   -3.4   320.8   3810.7
22   9   -6.2   121.9   3818.1
22   10   -106.4   12.0   3842.5
22   11   -123.6   -422.0   3858.4
22   12   -150.0   -809.0   3869.6
22   13   97.8   18.8   3844.6
22   14   80.2   -413.7   3882.5
22   15   75.4   -801.8   3886.5
22   16   -48.3   438.6   3624.5
22   17   24.1   392.8   3629.9
22   18   -1.3   656.1   3756.2
23   0   1.5   777.4   3764.6
23   1   -1.5   574.4   3768.9
23   2   -158.8   567.1   3773.4
23   3   -224.8   301.0   3740.8
23   4   -13.0   469.4   3602.6
23   5   154.2   561.9   3769.4
23   6   201.6   290.1   3760.4
23   7   -15.9   431.6   3605.5
23   8   -3.3   318.7   3811.5
23   9   -6.2   118.1   3819.1
23   10   -106.3   11.8   3842.5
23   11   -122.9   -420.0   3857.6
23   12   -149.3   -807.1   3868.6
23   13   97.9   18.8   3844.6
23   14   81.4   -411.9   3878.4
23   15   75.5   -799.9   3886.4
23   16   -48.3   441.3   3625.7
23   17   20.4   408.0   3631.3
23   18   -1.0   656.5   3755.3
24   0   0.9   777.5   3764.2
24   1   -1.5   574.5   3768.5
24   2   -158.5   567.1   3773.1
24   3   -225.1   301.1   3740.8
24   4   -11.7   465.1   3603.7
24   5   154.0   561.9   3769.2
24   6   201.9   290.3   3757.5
24   7   -15.5   439.4   3607.0
24   8   -3.2   318.9   3811.1
24   9   -6.2   117.7   3819.4
24   10   -106.4   10.6   3842.6
24   11   -122.7   -421.3   3857.2
24   12   -149.0   -808.4   3868.0
24   13   98.1   17.8   3844.7
24   14   82.2   -412.9   3879.3
24   15   76.5   -801.0   3885.9
24   16   -47.2   437.8   3626.5
24   17   20.7   414.6   3632.1
24   18   -0.9   656.6   3754.9
25   0   0.2   777.5   3764.0
25   1   -1.5   574.5   3768.3
25   2   -158.3   567.1   3773.1
25   3   -225.4   301.2   3740.2
25   4   -7.7   459.7   3606.3
25   5   153.9   562.0   3769.3
25   6   202.4   290.6   3754.9
25   7   -11.6   444.5   3605.6
25   8   -3.1   320.2   3810.4
25   9   -6.1   119.1   3819.3
25   10   -106.9   9.6   3842.8
25   11   -122.6   -422.6   3857.1
25   12   -149.0   -809.7   3867.7
25   13   98.6   17.0   3844.8
25   14   82.2   -414.3   3876.4
25   15   79.0   -802.3   3886.0
25   16   -44.0   433.3   3628.6
25   17   24.1   418.9   3630.5
25   18   -0.9   656.5   3754.7
26   0   -0.7   777.5   3764.0
26   1   -1.5   574.4   3768.2
26   2   -158.2   567.0   3773.2
26   3   -225.6   301.4   3739.1
26   4   -3.1   456.3   3609.0
26   5   153.7   562.1   3769.4
26   6   203.1   291.1   3750.2
26   7   -18.1   432.7   3600.9
26   8   -3.0   321.7   3809.7
26   9   -6.1   121.1   3819.0
26   10   -107.3   9.1   3842.9
26   11   -122.5   -425.4   3857.2
26   12   -149.0   -812.5   3867.3
26   13   99.1   16.5   3845.0
26   14   82.4   -416.7   3879.5
26   15   80.3   -804.8   3884.1
26   16   -40.2   430.5   3630.7
26   17   18.8   409.1   3625.8
26   18   -1.0   656.5   3754.7
27   0   -1.6   777.4   3764.0
27   1   -1.6   574.3   3768.1
27   2   -158.1   566.9   3773.4
27   3   -225.8   301.6   3737.2
27   4   1.5   454.7   3610.9
27   5   153.6   562.2   3769.5
27   6   203.9   291.8   3744.8
27   7   -25.5   423.7   3598.4
27   8   -3.0   323.1   3809.0
27   9   -6.0   123.2   3818.7
27   10   -107.8   8.7   3843.0
27   11   -122.4   -426.3   3857.4
27   12   -148.9   -813.5   3866.8
27   13   99.4   16.3   3845.4
27   14   82.1   -417.3   3882.5
27   15   79.5   -805.4   3883.1
27   16   -36.4   429.2   3632.0
27   17   12.7   401.7   3622.8
27   18   -1.1   656.4   3754.7
28   0   -2.3   777.3   3764.0
28   1   -1.6   574.3   3768.1
28   2   -158.1   566.9   3773.6
28   3   -226.1   302.3   3733.6
28   4   1.6   458.7   3610.6
28   5   153.5   562.3   3769.6
28   6   205.1   293.2   3735.9
28   7   -28.4   425.4   3595.6
28   8   -3.0   324.3   3808.8
28   9   -6.0   124.9   3818.5
28   10   -108.3   9.5   3843.1
28   11   -122.4   -424.3   3856.9
28   12   -148.7   -811.4   3866.2
28   13   99.7   16.8   3845.4
28   14   81.3   -415.6   3881.9
28   15   79.4   -803.7   3883.3
28   16   -36.4   432.6   3631.1
28   17   10.5   403.3   3619.0
28   18   -1.1   656.4   3754.8
29   0   -2.7   777.3   3764.1
29   1   -1.6   574.2   3768.3
29   2   -158.1   566.9   3773.8
29   3   -227.5   303.8   3727.3
29   4   -9.0   474.3   3609.5
29   5   153.5   562.3   3769.7
29   6   213.6   296.9   3724.5
29   7   -15.4   447.2   3599.7
29   8   -3.0   325.4   3808.9
29   9   -6.0   125.9   3818.4
29   10   -109.2   11.6   3843.3
29   11   -122.4   -420.7   3856.7
29   12   -148.4   -807.9   3865.3
29   13   99.9   17.9   3845.3
29   14   81.2   -413.2   3877.5
29   15   79.3   -801.3   3884.2
29   16   -45.4   445.9   3629.2
29   17   22.8   422.2   3620.5
29   18   -1.2   656.3   3754.9
30   0   -2.4   777.2   3764.1
30   1   -1.7   574.2   3768.5
30   2   -158.1   567.0   3774.1
30   3   -233.1   307.8   3716.4
30   4   -28.5   498.4   3606.6
30   5   153.4   562.4   3769.7
30   6   230.8   308.0   3700.3
30   7   9.7   484.7   3602.8
30   8   -3.0   324.0   3809.8
30   9   -6.0   123.8   3818.6
30   10   -110.2   14.3   3843.5
30   11   -122.4   -417.3   3856.8
30   12   -148.0   -804.5   3864.3
30   13   100.1   19.4   3845.0
30   14   81.5   -411.0   3877.3
30   15   79.5   -799.0   3884.1
30   16   -62.6   466.6   3624.9
30   17   46.6   455.2   3619.0
30   18   -1.2   656.3   3755.0
31   0   -2.0   777.2   3764.1
31   1   -1.7   574.2   3768.8
31   2   -159.2   569.2   3774.5
31   3   -261.4   330.2   3689.5
31   4   -46.2   522.7   3608.6
31   5   153.4   562.4   3769.7
31   6   270.2   335.4   3675.2
31   7   41.5   517.4   3608.2
31   8   -3.1   322.4   3811.0
31   9   -6.1   120.9   3818.9
31   10   -112.8   21.8   3843.5
31   11   -122.4   -410.6   3856.6
31   12   -147.4   -797.9   3863.7
31   13   100.0   22.5   3844.2
31   14   80.4   -408.8   3873.3
31   15   79.7   -796.8   3884.7
31   16   -82.1   490.6   3622.1
31   17   79.6   487.0   3619.4
31   18   -1.2   656.2   3755.0
32   0   -1.6   777.2   3764.1
32   1   -1.7   574.2   3769.1
32   2   -161.0   572.8   3774.9
32   3   -306.4   376.0   3661.0
32   4   -73.5   557.8   3612.8
32   5   153.4   562.5   3769.6
32   6   314.1   382.0   3649.3
32   7   69.2   551.4   3615.4
32   8   -3.1   321.8   3812.2
32   9   -6.2   119.3   3819.2
32   10   -113.2   29.2   3842.7
32   11   -122.3   -405.0   3856.3
32   12   -147.0   -792.3   3863.6
32   13   99.4   28.2   3843.2
32   14   81.0   -404.6   3876.3
32   15   79.6   -792.7   3884.2
32   16   -112.3   527.5   3620.8
32   17   110.0   523.1   3621.1
32   18   -1.2   656.2   3755.1
33   0   -1.7   777.3   3764.3
33   1   -1.7   574.4   3769.6
33   2   -162.2   580.7   3785.0
33   3   -349.9   439.0   3653.8
33   4   -110.2   614.2   3605.2
33   5   158.8   575.0   3772.7
33   6   344.8   422.8   3640.5
33   7   110.2   608.3   3608.6
33   8   -3.2   321.3   3814.2
33   9   -6.4   118.6   3819.6
33   10   -113.1   40.4   3841.5
33   11   -122.0   -392.2   3855.9
33   12   -146.1   -779.6   3863.2
33   13   98.9   39.0   3842.6
33   14   81.9   -392.1   3878.1
33   15   79.5   -780.2   3884.0
33   16   -150.2   585.0   3613.3
33   17   149.3   577.4   3613.9
33   18   -1.2   656.3   3755.1
34   0   -2.1   779.2   3764.6
34   1   -1.7   576.4   3770.5
34   2   -163.6   592.7   3795.2
34   3   -387.7   503.1   3670.0
34   4   -164.8   676.9   3576.2
34   5   161.6   584.5   3774.2
34   6   376.2   477.7   3639.5
34   7   153.4   666.2   3572.4
34   8   -3.2   322.1   3816.5
34   9   -6.5   119.7   3819.7
34   10   -108.3   44.2   3840.0
34   11   -121.3   -385.4   3855.6
34   12   -145.7   -772.7   3862.9
34   13   95.6   44.8   3841.7
34   14   82.3   -383.2   3881.2
34   15   79.3   -771.3   3883.7
34   16   -201.9   648.0   3591.9
34   17   190.5   634.8   3583.5
34   18   -1.2   658.2   3755.7
35   0   -2.8   782.6   3765.0
35   1   -1.7   579.7   3771.4
35   2   -163.8   598.5   3796.9
35   3   -409.0   572.6   3678.4
35   4   -215.6   740.8   3530.7
35   5   162.3   590.8   3774.2
35   6   399.9   542.5   3646.1
35   7   207.2   730.8   3523.3
35   8   -3.2   323.8   3818.1
35   9   -6.6   121.9   3819.7
35   10   -105.8   45.5   3839.2
35   11   -120.9   -384.0   3855.7
35   12   -145.7   -771.3   3862.4
35   13   92.6   45.7   3841.0
35   14   81.8   -382.2   3882.2
35   15   79.2   -770.4   3883.7
35   16   -247.7   712.8   3555.3
35   17   239.3   699.4   3543.8
35   18   -1.2   661.6   3756.5
36   0   -3.4   788.1   3765.4
36   1   -1.7   585.3   3772.1
36   2   -164.2   605.1   3796.0
36   3   -417.8   637.9   3692.9
36   4   -280.4   800.5   3490.4
36   5   163.3   599.6   3773.3
36   6   410.6   604.1   3651.3
36   7   267.5   799.1   3481.4
36   8   -3.2   327.7   3819.4
36   9   -6.6   125.9   3819.6
36   10   -105.4   47.5   3839.2
36   11   -120.8   -380.1   3856.1
36   12   -145.5   -767.5   3861.9
36   13   93.7   49.7   3841.2
36   14   81.9   -376.4   3882.2
36   15   79.0   -764.6   3884.0
36   16   -303.2   773.4   3524.1
36   17   291.2   766.6   3509.8
36   18   -1.2   667.1   3757.1
37   0   -3.9   795.3   3765.8
37   1   -1.7   592.4   3772.5
37   2   -165.8   616.4   3793.9
37   3   -419.2   695.8   3711.8
37   4   -339.7   859.4   3476.4
37   5   164.5   609.5   3767.9
37   6   412.2   656.6   3651.6
37   7   323.1   862.3   3454.6
37   8   -3.2   333.6   3820.2
37   9   -6.5   131.4   3819.6
37   10   -105.3   48.1   3839.5
37   11   -120.7   -377.2   3856.5
37   12   -145.3   -764.5   3861.8
37   13   93.5   50.0   3841.3
37   14   82.0   -373.7   3881.5
37   15   78.7   -761.9   3884.8
37   16   -352.9   832.1   3515.6
37   17   337.9   828.0   3487.4
37   18   -1.2   674.2   3757.4
38   0   -4.3   802.6   3763.1
38   1   -1.7   599.7   3772.3
38   2   -167.3   628.3   3792.9
38   3   -413.3   738.2   3717.5
38   4   -389.8   935.6   3494.0
38   5   165.4   619.5   3756.9
38   6   406.6   709.4   3652.2
38   7   382.2   918.0   3437.1
38   8   -3.2   339.7   3820.3
38   9   -6.5   136.7   3819.5
38   10   -105.6   47.7   3839.9
38   11   -120.4   -375.1   3856.9
38   12   -145.1   -762.4   3861.7
38   13   93.1   48.8   3841.4
38   14   82.2   -372.6   3881.0
38   15   78.5   -760.7   3885.2
38   16   -393.8   902.7   3531.3
38   17   386.2   883.2   3473.0
38   18   -1.2   681.5   3757.2
39   0   -4.0   809.9   3758.2
39   1   -1.7   606.9   3771.9
39   2   -167.2   636.5   3793.0
39   3   -401.0   772.3   3720.6
39   4   -433.4   998.3   3524.1
39   5   165.8   628.5   3750.7
39   6   391.0   758.6   3653.3
39   7   437.1   966.4   3438.3
39   8   -3.2   346.9   3821.0
39   9   -6.4   142.3   3819.6
39   10   -105.2   50.8   3840.2
39   11   -120.1   -369.7   3857.3
39   12   -144.8   -757.1   3861.6
39   13   94.8   54.5   3842.0
39   14   82.8   -364.8   3880.0
39   15   78.5   -752.9   3885.2
39   16   -428.1   960.7   3556.9
39   17   429.5   931.7   3474.1
39   18   -1.2   688.6   3756.5
40   0   -3.5   818.6   3750.9
40   1   -1.7   615.8   3771.3
40   2   -167.1   646.9   3793.0
40   3   -386.6   803.2   3719.9
40   4   -474.3   1044.6   3554.6
40   5   166.6   640.2   3747.6
40   6   374.7   797.9   3651.6
40   7   476.4   1002.2   3445.3
40   8   -3.2   357.0   3821.7
40   9   -6.3   150.0   3819.6
40   10   -105.0   58.4   3840.3
40   11   -119.8   -360.4   3857.6
40   12   -144.3   -747.7   3861.4
40   13   95.4   62.8   3842.5
40   14   83.1   -354.7   3879.5
40   15   78.6   -742.8   3885.1
40   16   -459.8   1004.4   3582.2
40   17   459.6   968.2   3479.7
40   18   -1.2   697.4   3755.4
41   0   -3.0   828.1   3741.9
41   1   -1.7   625.8   3769.0
41   2   -167.5   658.7   3789.1
41   3   -372.1   831.1   3712.5
41   4   -506.2   1079.0   3585.1
41   5   167.6   654.5   3745.9
41   6   367.0   821.5   3646.0
41   7   500.3   1034.1   3461.3
41   8   -3.1   368.7   3820.7
41   9   -6.2   159.2   3819.6
41   10   -104.2   65.1   3840.2
41   11   -119.4   -352.1   3858.6
41   12   -143.9   -739.5   3861.3
41   13   93.3   67.7   3842.4
41   14   83.9   -349.0   3872.5
41   15   78.7   -736.9   3884.9
41   16   -483.9   1037.7   3606.3
41   17   478.1   998.6   3492.1
41   18   -1.2   707.4   3752.6
42   0   -2.1   837.5   3732.7
42   1   -1.7   635.7   3764.6
42   2   -167.7   667.4   3779.3
42   3   -362.2   850.0   3702.0
42   4   -523.1   1102.7   3613.7
42   5   167.3   664.3   3742.0
42   6   364.0   833.9   3642.4
42   7   509.2   1057.9   3478.7
42   8   -3.0   379.7   3816.9
42   9   -6.0   168.1   3819.4
42   10   -103.5   69.9   3840.1
42   11   -119.1   -346.3   3858.9
42   12   -143.4   -733.6   3861.3
42   13   91.7   71.0   3842.1
42   14   83.1   -344.3   3876.2
42   15   78.7   -732.3   3884.9
42   16   -496.3   1060.6   3628.4
42   17   485.1   1020.6   3506.0
42   18   -1.2   717.2   3747.9
43   0   -1.4   845.3   3722.9
43   1   -1.6   644.1   3759.1
43   2   -165.9   671.5   3774.2
43   3   -358.4   857.3   3701.2
43   4   -525.4   1114.6   3632.5
43   5   166.8   672.2   3739.2
43   6   361.9   841.9   3638.5
43   7   508.2   1077.1   3492.6
43   8   -2.8   388.2   3811.6
43   9   -5.8   174.9   3819.0
43   10   -103.8   70.9   3840.2
43   11   -118.9   -344.4   3858.9
43   12   -143.2   -731.7   3861.2
43   13   91.6   71.2   3842.1
43   14   82.8   -343.1   3877.8
43   15   78.7   -731.1   3884.9
43   16   -497.5   1071.7   3644.0
43   17   483.8   1037.9   3516.9
43   18   -1.2   725.6   3742.4
44   0   -0.8   851.2   3713.7
44   1   -1.6   650.6   3754.0
44   2   -164.1   674.5   3771.5
44   3   -358.4   859.2   3702.7
44   4   -520.1   1122.2   3643.5
44   5   165.0   673.9   3736.6
44   6   356.1   847.4   3636.4
44   7   507.5   1086.0   3501.6
44   8   -2.7   393.9   3806.5
44   9   -5.6   181.4   3818.2
44   10   -104.7   70.0   3840.4
44   11   -118.6   -344.7   3858.9
44   12   -143.1   -732.0   3861.3
44   13   92.4   69.9   3842.4
44   14   84.1   -344.2   3872.0
44   15   78.6   -732.0   3884.9
44   16   -493.1   1078.4   3653.3
44   17   482.2   1046.3   3524.1
44   18   -1.2   732.1   3737.3
45   0   0.2   856.7   3710.6
45   1   -1.5   656.0   3749.8
45   2   -162.3   676.7   3770.2
45   3   -359.2   859.1   3704.2
45   4   -511.2   1128.4   3649.1
45   5   164.2   677.2   3733.6
45   6   352.0   853.6   3633.2
45   7   507.3   1094.9   3507.6
45   8   -2.5   397.7   3801.3
45   9   -5.4   187.1   3817.3
45   10   -105.0   68.9   3840.5
45   11   -118.2   -345.2   3859.0
45   12   -143.1   -732.5   3861.3
45   13   93.1   68.9   3842.7
45   14   83.6   -344.4   3874.8
45   15   78.5   -732.3   3884.8
45   16   -485.8   1083.5   3658.3
45   17   481.4   1054.7   3528.5
45   18   -1.2   737.6   3733.5
46   0   1.3   860.9   3712.3
46   1   -1.5   659.5   3746.8
46   2   -160.6   676.8   3769.4
46   3   -359.0   857.8   3704.9
46   4   -504.0   1130.2   3647.7
46   5   163.1   677.8   3732.4
46   6   349.1   855.1   3630.7
46   7   505.3   1099.9   3512.7
46   8   -2.4   399.7   3797.6
46   9   -5.2   191.1   3816.5
46   10   -105.2   68.0   3840.7
46   11   -117.8   -345.7   3859.1
46   12   -143.1   -732.9   3861.3
46   13   93.7   68.1   3843.1
46   14   83.5   -344.6   3876.5
46   15   78.5   -732.6   3884.6
46   16   -479.9   1084.8   3657.3
46   17   479.3   1059.1   3532.4
46   18   -1.2   741.1   3730.9
47   0   2.4   862.2   3716.2
47   1   -1.5   660.2   3745.3
47   2   -159.6   675.4   3769.0
47   3   -358.1   856.6   3705.4
47   4   -498.4   1130.0   3641.9
47   5   162.6   677.0   3732.2
47   6   347.5   855.0   3630.1
47   7   504.5   1100.5   3513.9
47   8   -2.3   399.3   3795.9
47   9   -5.0   192.5   3816.1
47   10   -105.5   67.3   3840.8
47   11   -117.3   -346.1   3859.2
47   12   -143.2   -733.3   3861.3
47   13   94.2   67.5   3843.4
47   14   84.7   -345.3   3871.5
47   15   78.6   -733.1   3884.4
47   16   -475.0   1084.5   3652.5
47   17   478.3   1059.6   3533.3
47   18   -1.2   741.8   3729.4
48   0   3.5   861.9   3720.1
48   1   -1.5   659.5   3744.6
48   2   -159.5   674.2   3768.6
48   3   -357.4   856.1   3705.6
48   4   -496.5   1128.5   3634.5
48   5   162.5   675.6   3732.5
48   6   346.5   854.0   3629.9
48   7   504.6   1099.1   3513.3
48   8   -2.1   397.9   3795.4
48   9   -4.9   192.5   3815.7
48   10   -105.7   66.6   3840.9
48   11   -117.2   -346.4   3859.3
48   12   -143.2   -733.6   3861.3
48   13   94.8   66.9   3843.1
48   14   85.5   -345.9   3868.4
48   15   78.6   -733.5   3883.9
48   16   -473.3   1083.1   3646.3
48   17   478.3   1058.2   3532.7
48   18   -1.2   741.1   3728.8
49   0   4.6   860.8   3724.1
49   1   -1.4   658.1   3744.5
49   2   -159.6   673.2   3768.8
49   3   -356.5   856.0   3705.5
49   4   -497.0   1126.1   3626.7
49   5   162.5   674.5   3735.2
49   6   345.3   852.1   3629.2
49   7   504.8   1097.0   3512.9
49   8   -2.0   396.1   3795.5
49   9   -4.7   191.8   3815.5
49   10   -106.0   66.5   3840.9
49   11   -117.2   -346.3   3859.3
49   12   -143.1   -733.5   3861.3
49   13   95.6   66.9   3842.7
49   14   84.5   -345.1   3873.4
49   15   78.5   -733.0   3883.4
49   16   -473.6   1081.1   3639.9
49   17   478.3   1056.2   3532.3
49   18   -1.2   739.8   3728.6
50   0   5.6   859.3   3728.1
50   1   -1.4   656.6   3744.6
50   2   -159.6   672.4   3769.0
50   3   -355.3   856.3   3705.2
50   4   -497.7   1123.3   3617.5
50   5   162.5   673.5   3736.7
50   6   344.8   850.3   3628.6
50   7   505.3   1095.2   3511.9
50   8   -1.8   394.5   3795.8
50   9   -4.6   191.0   3815.2
50   10   -106.3   66.8   3840.9
50   11   -117.2   -345.9   3859.3
50   12   -143.1   -733.0   3861.3
50   13   96.6   67.6   3842.8
50   14   84.5   -344.2   3875.2
50   15   78.6   -732.0   3883.1
50   16   -474.0   1078.8   3632.1
50   17   478.5   1054.4   3531.4
50   18   -1.2   738.2   3728.6
51   0   6.6   857.6   3731.7
51   1   -1.3   655.0   3744.7
51   2   -159.6   671.6   3769.4
51   3   -353.8   856.7   3704.6
51   4   -498.8   1120.1   3608.2
51   5   162.3   672.2   3737.4
51   6   344.5   848.4   3628.1
51   7   505.0   1092.8   3508.9
51   8   -1.6   392.9   3796.2
51   9   -4.4   190.0   3814.9
51   10   -106.5   67.1   3840.9
51   11   -117.2   -345.3   3859.2
51   12   -143.0   -732.4   3861.1
51   13   97.6   68.5   3843.0
51   14   84.1   -342.8   3877.1
51   15   78.6   -730.7   3882.8
51   16   -474.6   1076.2   3624.3
51   17   478.2   1052.0   3528.7
51   18   -1.2   736.6   3728.7
52   0   7.7   856.3   3734.0
52   1   -1.2   653.8   3744.8
52   2   -159.3   671.0   3769.6
52   3   -352.1   857.0   3703.5
52   4   -499.7   1115.8   3596.9
52   5   162.0   671.6   3737.8
52   6   344.8   846.3   3627.2
52   7   503.2   1090.0   3502.1
52   8   -1.3   391.9   3796.5
52   9   -4.3   189.5   3814.6
52   10   -106.8   67.9   3840.7
52   11   -117.2   -344.4   3859.1
52   12   -142.5   -731.5   3860.9
52   13   98.7   70.0   3843.2
52   14   84.1   -341.1   3877.9
52   15   78.6   -729.0   3882.6
52   16   -475.1   1072.7   3614.7
52   17   476.8   1049.4   3523.0
52   18   -1.2   735.4   3728.7
53   0   8.8   855.4   3735.7
53   1   -1.2   653.1   3744.9
53   2   -159.0   670.7   3769.6
53   3   -350.4   856.9   3700.0
53   4   -499.5   1111.2   3583.0
53   5   161.9   671.7   3738.0
53   6   345.6   844.3   3625.8
53   7   499.7   1085.3   3489.0
53   8   -1.0   391.5   3796.7
53   9   -4.2   187.4   3814.5
53   10   -107.2   71.0   3840.4
53   11   -117.2   -341.2   3859.0
53   12   -141.7   -728.3   3860.7
53   13   100.2   74.2   3843.6
53   14   84.4   -336.8   3877.9
53   15   78.7   -724.6   3882.5
53   16   -474.7   1068.8   3602.5
53   17   474.0   1045.1   3511.8
53   18   -1.2   734.7   3728.8
54   0   10.1   854.8   3737.0
54   1   -1.1   652.8   3745.0
54   2   -158.9   671.1   3768.9
54   3   -348.5   856.3   3692.2
54   4   -500.0   1109.4   3574.2
54   5   161.6   671.9   3738.1
54   6   345.7   843.3   3624.6
54   7   495.6   1078.4   3473.0
54   8   -0.6   391.5   3796.7
54   9   -4.0   185.0   3814.4
54   10   -106.2   71.7   3839.6
54   11   -117.0   -340.3   3858.8
54   12   -141.5   -727.4   3860.6
54   13   97.8   73.1   3842.9
54   14   84.2   -337.9   3877.5
54   15   78.6   -725.7   3882.5
54   16   -474.8   1067.2   3593.9
54   17   470.6   1039.2   3498.3
54   18   -1.2   734.3   3728.8
55   0   11.4   854.4   3738.2
55   1   -1.0   652.7   3745.0
55   2   -158.9   672.0   3768.6
55   3   -346.7   854.1   3681.6
55   4   -499.8   1109.4   3570.5
55   5   161.2   672.2   3738.1
55   6   345.3   842.2   3622.8
55   7   493.1   1073.8   3463.3
55   8   -0.2   391.6   3796.8
55   9   -3.9   182.9   3814.2
55   10   -103.9   72.0   3838.5
55   11   -116.6   -339.8   3858.6
55   12   -141.5   -726.8   3860.2
55   13   94.4   71.9   3841.9
55   14   83.7   -339.0   3877.1
55   15   78.6   -726.7   3882.3
55   16   -474.3   1066.9   3589.0
55   17   468.5   1035.2   3489.9
55   18   -1.2   734.2   3728.8
56   0   12.3   854.2   3739.0
56   1   -0.9   652.7   3745.0
56   2   -158.9   673.0   3768.3
56   3   -344.6   851.4   3669.7
56   4   -497.9   1108.0   3562.9
56   5   160.8   672.4   3738.0
56   6   344.6   841.3   3620.5
56   7   491.8   1070.9   3458.0
56   8   0.2   391.8   3796.8
56   9   -3.8   181.2   3814.0
56   10   -101.9   72.7   3837.3
56   11   -116.2   -338.9   3858.4
56   12   -141.4   -725.8   3860.0
56   13   92.7   72.7   3841.4
56   14   83.5   -338.1   3876.9
56   15   78.6   -725.8   3881.8
56   16   -472.3   1065.2   3580.7
56   17   467.3   1032.6   3485.1
56   18   -1.2   734.2   3728.9
57   0   13.0   854.1   3739.1
57   1   -0.8   652.7   3745.0
57   2   -158.9   674.0   3768.0
57   3   -342.8   849.3   3660.8
57   4   -494.1   1105.3   3550.2
57   5   160.5   672.6   3738.0
57   6   343.5   840.0   3617.3
57   7   491.7   1070.3   3457.1
57   8   0.6   392.0   3796.8
57   9   -3.6   179.9   3813.6
57   10   -100.9   72.4   3836.3
57   11   -116.0   -339.1   3858.2
57   12   -141.3   -726.0   3859.9
57   13   92.3   72.7   3841.2
57   14   83.6   -337.9   3876.8
57   15   78.6   -725.6   3881.4
57   16   -468.9   1062.6   3568.7
57   17   467.0   1032.0   3483.8
57   18   -1.2   734.2   3728.9
58   0   13.6   854.0   3739.0
58   1   -0.7   652.7   3745.1
58   2   -158.8   674.9   3767.6
58   3   -342.8   849.2   3658.8
58   4   -490.4   1105.2   3544.6
58   5   160.1   672.8   3738.0
58   6   342.9   839.2   3615.8
58   7   490.9   1070.4   3457.4
58   8   1.0   392.2   3796.7
58   9   -3.5   179.0   3813.2
58   10   -100.5   71.5   3835.2
58   11   -115.8   -339.8   3858.1
58   12   -141.1   -726.6   3860.0
58   13   92.5   72.4   3841.2
58   14   83.7   -338.2   3877.0
58   15   78.7   -725.8   3880.5
58   16   -465.8   1062.6   3563.6
58   17   466.2   1031.8   3483.8
58   18   -1.2   734.2   3728.9
