2   0   -441.5   -112.5   3646.8
2   1   -441.5   -278.8   3600.9
2   2   -582.1   -288.3   3563.0
2   3   -552.5   -463.6   3432.1
2   4   -390.0   -273.7   3403.3
2   5   -300.8   -305.2   3623.4
2   6   -284.3   -449.6   3457.2
2   7   -463.8   -289.5   3383.5
2   8   -442.8   -480.8   3557.6
2   9   -443.8   -641.4   3528.0
2   10   -537.1   -738.4   3505.5
2   11   -487.7   -1053.6   3379.0
2   12   -488.4   -1369.4   3445.7
2   13   -354.3   -745.2   3530.6
2   14   -383.0   -1072.3   3430.8
2   15   -414.7   -1392.8   3453.0
2   16   -417.1   -305.3   3408.1
2   17   -433.9   -316.2   3395.8
2   18   -441.1   -211.2   3615.4
3   0   -441.4   -111.7   3649.6
3   1   -441.7   -277.5   3602.6
3   2   -581.0   -286.4   3561.6
3   3   -557.6   -464.7   3434.2
3   4   -396.7   -275.5   3400.0
3   5   -300.6   -302.7   3622.5
3   6   -280.3   -450.6   3460.1
3   7   -457.3   -289.6   3384.2
3   8   -442.7   -479.6   3559.1
3   9   -443.2   -640.6   3530.1
3   10   -534.8   -731.2   3506.4
3   11   -492.1   -1050.3   3388.5
3   12   -486.9   -1366.9   3443.6
3   13   -354.6   -737.6   3531.5
3   14   -380.5   -1066.8   3436.7
3   15   -411.1   -1387.4   3453.8
3   16   -423.5   -307.0   3405.7
3   17   -427.8   -316.4   3396.9
3   18   -441.4   -209.9   3617.2
4   0   -440.7   -109.9   3656.6
4   1   -442.2   -273.9   3606.0
4   2   -577.9   -281.2   3557.3
4   3   -566.4   -461.9   3430.7
4   4   -407.4   -273.3   3389.4
4   5   -301.3   -297.6   3619.5
4   6   -278.3   -451.3   3461.7
4   7   -446.5   -284.6   3381.6
4   8   -442.4   -475.5   3562.1
4   9   -441.5   -638.3   3534.8
4   10   -525.5   -713.4   3505.6
4   11   -498.0   -1039.9   3402.0
4   12   -484.9   -1357.8   3431.9
4   13   -357.9   -720.0   3531.7
4   14   -374.1   -1053.3   3443.9
4   15   -361.7   -1349.5   3458.1
4   16   -433.9   -304.7   3396.3
4   17   -418.5   -312.3   3394.9
4   18   -442.1   -206.3   3620.7
5   0   -439.4   -107.4   3661.1
5   1   -442.6   -269.4   3607.2
5   2   -574.2   -275.4   3550.9
5   3   -575.3   -458.0   3423.6
5   4   -415.7   -272.1   3375.2
5   5   -302.5   -291.8   3614.8
5   6   -274.8   -454.5   3465.0
5   7   -433.3   -282.3   3378.2
5   8   -441.9   -470.0   3562.6
5   9   -438.8   -635.5   3536.9
5   10   -515.1   -695.2   3502.3
5   11   -503.2   -1029.1   3413.5
5   12   -482.2   -1348.5   3417.5
5   13   -361.5   -702.2   3527.4
5   14   -367.7   -1040.0   3449.6
5   15   -361.6   -1350.6   3454.5
5   16   -442.3   -303.1   3383.3
5   17   -406.9   -311.0   3392.7
5   18   -442.8   -201.9   3622.2
6   0   -437.9   -105.3   3657.4
6   1   -442.7   -266.3   3603.8
6   2   -571.2   -271.5   3543.1
6   3   -580.1   -455.5   3414.7
6   4   -420.0   -269.6   3367.3
6   5   -303.8   -287.4   3606.3
6   6   -268.6   -460.7   3468.2
6   7   -421.8   -285.3   3377.8
6   8   -441.3   -466.7   3558.9
6   9   -436.5   -634.6   3533.2
6   10   -511.2   -686.8   3497.2
6   11   -506.5   -1025.4   3418.7
6   12   -477.9   -1345.6   3407.1
6   13   -360.4   -694.3   3523.8
6   14   -363.6   -1034.5   3450.3
6   15   -361.5   -1355.6   3449.5
6   16   -446.6   -300.6   3375.2
6   17   -396.3   -314.5   3392.9
6   18   -443.2   -198.8   3618.9
7   0   -436.3   -104.1   3649.8
7   1   -442.6   -264.7   3598.2
7   2   -570.2   -270.4   3539.3
7   3   -579.6   -455.3   3409.6
7   4   -422.0   -266.3   3364.4
7   5   -304.9   -285.2   3603.0
7   6   -263.4   -462.6   3469.4
7   7   -416.5   -288.0   3376.3
7   8   -440.9   -466.5   3553.2
7   9   -435.4   -635.8   3525.9
7   10   -513.6   -686.5   3491.4
7   11   -508.3   -1027.9   3419.7
7   12   -472.5   -1348.2   3404.6
7   13   -355.8   -694.1   3520.7
7   14   -361.8   -1035.9   3450.3
7   15   -361.7   -1362.3   3449.5
7   16   -448.3   -297.8   3371.9
7   17   -391.0   -317.1   3391.8
7   18   -443.2   -197.2   3613.3
8   0   -434.9   -103.7   3641.6
8   1   -442.4   -264.2   3592.9
8   2   -569.8   -270.5   3537.2
8   3   -575.8   -455.9   3406.5
8   4   -421.7   -263.1   3363.9
8   5   -305.9   -283.9   3600.7
8   6   -263.6   -462.4   3467.0
8   7   -415.0   -285.3   3375.2
8   8   -440.5   -468.8   3548.6
8   9   -435.1   -639.0   3520.6
8   10   -518.8   -689.0   3487.9
8   11   -509.1   -1032.7   3420.0
8   12   -465.3   -1352.4   3406.8
8   13   -349.9   -696.9   3519.6
8   14   -361.4   -1040.2   3450.4
8   15   -362.0   -1367.7   3450.1
8   16   -447.4   -295.3   3371.0
8   17   -389.7   -314.8   3390.5
8   18   -443.0   -196.6   3607.5
9   0   -433.7   -104.1   3636.2
9   1   -442.1   -264.1   3589.3
9   2   -569.5   -270.6   3537.0
9   3   -572.5   -456.3   3405.5
9   4   -420.8   -261.0   3364.8
9   5   -306.9   -283.1   3600.7
9   6   -268.0   -458.6   3461.2
9   7   -419.2   -279.2   3372.9
9   8   -440.2   -471.9   3546.0
9   9   -435.0   -642.8   3517.8
9   10   -522.9   -691.0   3486.0
9   11   -509.4   -1035.3   3418.7
9   12   -461.9   -1354.7   3411.8
9   13   -345.6   -699.3   3519.3
9   14   -361.7   -1043.1   3450.5
9   15   -399.2   -1380.8   3454.2
9   16   -446.0   -293.6   3371.6
9   17   -394.0   -309.1   3387.6
9   18   -442.8   -196.4   3603.4
10   0   -432.6   -104.8   3633.6
10   1   -441.8   -264.2   3587.2
10   2   -569.2   -270.4   3537.5
10   3   -569.6   -456.8   3406.1
10   4   -420.0   -259.6   3365.2
10   5   -307.7   -282.4   3601.0
10   6   -263.6   -459.6   3464.6
10   7   -417.1   -283.2   3373.7
10   8   -439.8   -474.4   3544.5
10   9   -435.0   -645.8   3516.3
10   10   -524.5   -692.0   3485.5
10   11   -509.6   -1036.5   3418.2
10   12   -461.3   -1355.8   3413.8
10   13   -344.1   -700.6   3519.4
10   14   -362.1   -1044.3   3449.8
10   15   -387.0   -1373.9   3453.0
10   16   -444.9   -292.5   3372.0
10   17   -391.5   -312.6   3388.9
10   18   -442.5   -196.4   3601.0
11   0   -431.6   -105.6   3632.8
11   1   -441.5   -264.2   3586.1
11   2   -568.6   -270.1   3538.3
11   3   -564.6   -457.4   3407.7
11   4   -419.2   -257.3   3364.9
11   5   -308.5   -281.9   3601.2
11   6   -258.2   -459.0   3466.3
11   7   -416.2   -286.9   3374.6
11   8   -439.3   -475.7   3543.5
11   9   -434.9   -647.2   3515.4
11   10   -524.0   -692.2   3485.8
11   11   -509.5   -1036.5   3417.9
11   12   -462.1   -1355.9   3415.0
11   13   -344.8   -700.5   3518.8
11   14   -362.1   -1044.2   3449.3
11   15   -379.6   -1369.0   3448.6
11   16   -443.4   -290.6   3372.0
11   17   -389.8   -315.6   3389.9
11   18   -442.2   -196.4   3599.8
12   0   -430.8   -106.4   3633.2
12   1   -441.2   -264.3   3585.6
12   2   -568.0   -269.7   3539.1
12   3   -560.9   -457.7   3409.4
12   4   -418.8   -255.6   3364.4
12   5   -309.1   -281.4   3601.3
12   6   -259.8   -458.0   3464.9
12   7   -417.8   -285.4   3373.9
12   8   -438.8   -476.0   3542.8
12   9   -434.9   -647.2   3514.8
12   10   -522.3   -691.8   3486.4
12   11   -509.3   -1035.9   3417.9
12   12   -464.1   -1355.6   3415.4
12   13   -346.8   -699.7   3518.1
12   14   -362.3   -1043.4   3448.4
12   15   -376.0   -1366.0   3445.2
12   16   -442.5   -289.3   3371.9
12   17   -391.5   -314.1   3389.1
12   18   -441.9   -196.5   3599.3
13   0   -430.3   -107.0   3634.1
13   1   -440.9   -264.3   3585.4
13   2   -567.2   -269.2   3539.9
13   3   -557.7   -457.5   3410.3
13   4   -418.3   -253.7   3363.9
13   5   -309.7   -280.9   3600.9
13   6   -260.1   -457.6   3464.3
13   7   -418.4   -284.9   3373.7
13   8   -438.3   -475.4   3542.4
13   9   -434.8   -646.1   3514.4
13   10   -520.7   -691.3   3487.0
13   11   -508.9   -1035.2   3418.0
13   12   -465.3   -1355.0   3415.4
13   13   -348.7   -698.8   3517.7
13   14   -362.5   -1042.4   3447.9
13   15   -374.6   -1364.3   3444.1
13   16   -441.5   -287.7   3371.7
13   17   -392.0   -313.7   3388.8
13   18   -441.7   -196.6   3599.2
14   0   -430.1   -107.4   3635.1
14   1   -440.6   -264.3   3585.3
14   2   -566.5   -268.7   3540.7
14   3   -556.6   -457.0   3410.8
14   4   -417.8   -252.9   3363.7
14   5   -310.1   -280.4   3600.3
14   6   -259.1   -457.6   3464.5
14   7   -418.0   -285.3   3374.0
14   8   -437.9   -474.4   3542.3
14   9   -434.8   -644.8   3514.5
14   10   -519.9   -691.1   3487.2
14   11   -508.5   -1035.1   3418.2
14   12   -465.7   -1355.0   3415.4
14   13   -349.5   -698.4   3517.5
14   14   -362.7   -1042.1   3447.7
14   15   -374.3   -1364.0   3443.1
14   16   -440.9   -286.9   3371.5
14   17   -391.5   -314.0   3389.1
14   18   -441.4   -196.6   3599.2
15   0   -430.0   -107.6   3635.8
15   1   -440.3   -264.3   3585.3
15   2   -565.8   -268.3   3541.3
15   3   -556.3   -456.6   3411.1
15   4   -417.5   -252.6   3363.1
15   5   -310.5   -279.9   3597.8
15   6   -258.8   -458.6   3464.1
15   7   -417.6   -285.7   3374.4
15   8   -437.5   -473.4   3542.4
15   9   -434.8   -643.8   3514.8
15   10   -519.7   -691.1   3487.3
15   11   -508.4   -1035.5   3418.4
15   12   -465.8   -1355.4   3415.2
15   13   -349.8   -698.3   3517.5
15   14   -362.8   -1042.5   3447.5
15   15   -374.5   -1364.5   3441.9
15   16   -440.6   -286.6   3371.1
15   17   -391.1   -314.5   3389.4
15   18   -441.2   -196.6   3599.2
16   0   -430.0   -107.7   3636.3
16   1   -440.0   -264.3   3585.3
16   2   -565.1   -268.0   3541.9
16   3   -556.3   -456.2   3411.5
16   4   -417.5   -252.4   3362.9
16   5   -310.9   -279.6   3594.9
16   6   -259.4   -459.9   3463.2
16   7   -417.3   -285.5   3374.7
16   8   -437.3   -472.4   3542.5
16   9   -434.9   -643.1   3515.0
16   10   -519.8   -691.2   3487.2
16   11   -508.4   -1036.1   3418.4
16   12   -465.8   -1356.0   3415.3
16   13   -349.7   -698.4   3517.4
16   14   -362.8   -1043.0   3447.2
16   15   -374.7   -1365.1   3440.4
16   16   -440.6   -286.4   3371.0
16   17   -391.0   -314.6   3389.4
16   18   -440.9   -196.6   3599.3
17   0   -430.1   -107.7   3636.6
17   1   -439.8   -264.3   3585.3
17   2   -564.6   -267.6   3542.4
17   3   -556.5   -455.8   3411.8
17   4   -417.7   -252.0   3363.1
17   5   -311.2   -279.3   3594.0
17   6   -259.8   -460.2   3462.9
17   7   -417.5   -285.4   3374.6
17   8   -437.2   -471.6   3542.6
17   9   -435.0   -642.7   3515.3
17   10   -520.0   -691.3   3487.1
17   11   -508.4   -1036.7   3418.4
17   12   -465.7   -1356.5   3415.7
17   13   -349.5   -698.5   3517.3
17   14   -362.9   -1043.5   3446.9
17   15   -374.9   -1365.7   3438.2
17   16   -440.8   -286.0   3371.2
17   17   -391.2   -314.6   3389.3
17   18   -440.7   -196.6   3599.3
18   0   -430.1   -107.7   3636.8
18   1   -439.6   -264.3   3585.4
18   2   -564.0   -267.3   3542.8
18   3   -556.8   -455.5   3412.0
18   4   -418.0   -251.6   3363.4
18   5   -311.5   -279.1   3594.2
18   6   -260.2   -460.0   3462.9
18   7   -417.6   -285.2   3374.3
18   8   -437.1   -471.0   3542.8
18   9   -435.1   -642.6   3515.5
18   10   -520.2   -691.5   3486.9
18   11   -508.4   -1037.3   3418.3
18   12   -465.5   -1357.1   3415.9
18   13   -349.3   -698.6   3517.2
18   14   -362.9   -1044.0   3446.8
18   15   -375.0   -1366.2   3435.3
18   16   -441.1   -285.6   3371.5
18   17   -391.4   -314.3   3389.1
18   18   -440.4   -196.6   3599.3
19   0   -430.1   -107.6   3636.9
19   1   -439.4   -264.3   3585.4
19   2   -563.6   -267.1   3543.5
19   3   -556.9   -455.0   3412.2
19   4   -417.9   -251.4   3363.2
19   5   -311.7   -279.0   3595.0
19   6   -260.8   -459.2   3462.5
19   7   -418.1   -284.4   3373.5
19   8   -437.0   -470.5   3542.9
19   9   -435.1   -642.7   3515.6
19   10   -520.3   -691.7   3486.6
19   11   -508.4   -1037.8   3418.3
19   12   -465.4   -1357.6   3415.9
19   13   -349.1   -698.8   3517.0
19   14   -363.1   -1044.5   3446.7
19   15   -375.0   -1366.5   3432.6
19   16   -441.0   -285.4   3371.4
19   17   -391.9   -313.6   3388.4
19   18   -440.2   -196.6   3599.3
20   0   -430.1   -107.6   3637.0
20   1   -439.2   -264.3   3585.4
20   2   -563.2   -266.8   3544.0
20   3   -557.1   -454.3   3412.0
20   4   -417.6   -251.1   3362.9
20   5   -311.9   -278.9   3595.2
20   6   -261.4   -458.6   3461.9
20   7   -418.4   -283.8   3372.5
20   8   -436.9   -470.1   3543.0
20   9   -435.2   -642.9   3515.7
20   10   -520.2   -691.7   3486.3
20   11   -508.5   -1038.2   3418.2
20   12   -465.3   -1357.9   3415.8
20   13   -349.0   -698.8   3516.6
20   14   -363.6   -1044.8   3446.5
20   15   -374.8   -1366.9   3431.7
20   16   -440.8   -285.0   3371.1
20   17   -392.3   -313.0   3387.4
20   18   -440.0   -196.6   3599.3
21   0   -430.1   -107.5   3637.0
21   1   -439.0   -264.3   3585.4
21   2   -562.8   -266.6   3544.2
21   3   -557.2   -453.5   3411.4
21   4   -417.1   -250.7   3362.2
21   5   -312.0   -278.8   3595.4
21   6   -262.4   -457.2   3460.1
21   7   -419.6   -282.5   3370.9
21   8   -436.7   -469.7   3543.0
21   9   -435.2   -643.1   3515.7
21   10   -520.1   -691.6   3486.0
21   11   -508.5   -1038.4   3418.2
21   12   -465.2   -1358.1   3415.6
21   13   -349.1   -698.7   3516.2
21   14   -364.1   -1044.8   3445.2
21   15   -374.5   -1366.9   3432.1
21   16   -440.5   -284.5   3370.4
21   17   -393.4   -311.7   3385.8
21   18   -439.7   -196.6   3599.4
22   0   -430.2   -107.5   3637.1
22   1   -438.7   -264.3   3585.5
22   2   -562.3   -266.3   3544.5
22   3   -557.3   -452.5   3410.6
22   4   -416.6   -250.2   3361.3
22   5   -312.0   -278.8   3595.5
22   6   -264.1   -455.7   3457.8
22   7   -421.1   -280.7   3369.0
22   8   -436.5   -469.5   3543.1
22   9   -435.2   -643.3   3515.7
22   10   -519.9   -691.4   3485.6
22   11   -508.5   -1038.5   3418.2
22   12   -465.2   -1358.1   3415.4
22   13   -349.2   -698.6   3515.9
22   14   -365.1   -1044.4   3442.9
22   15   -373.9   -1366.6   3433.4
22   16   -440.1   -283.9   3369.6
22   17   -395.0   -309.9   3383.8
22   18   -439.4   -196.6   3599.5
23   0   -430.2   -107.4   3637.1
23   1   -438.5   -264.3   3585.5
23   2   -561.9   -266.1   3544.6
23   3   -557.4   -451.5   3409.6
23   4   -416.0   -249.7   3360.1
23   5   -312.0   -278.7   3595.6
23   6   -266.3   -454.1   3455.0
23   7   -423.2   -278.8   3366.6
23   8   -436.3   -469.3   3543.1
23   9   -435.2   -643.4   3515.7
23   10   -519.6   -691.2   3485.2
23   11   -508.5   -1038.5   3418.1
23   12   -465.1   -1358.0   3415.5
23   13   -349.3   -698.5   3515.2
23   14   -365.1   -1044.5   3442.8
23   15   -373.9   -1366.7   3433.2
23   16   -439.6   -283.4   3368.4
23   17   -397.0   -308.0   3381.4
23   18   -439.2   -196.6   3599.6
24   0   -430.2   -107.4   3637.1
24   1   -438.2   -264.3   3585.6
24   2   -561.6   -265.9   3544.8
24   3   -557.5   -450.9   3409.3
24   4   -415.9   -249.7   3358.2
24   5   -312.0   -278.7   3595.5
24   6   -266.5   -455.1   3456.2
24   7   -422.0   -280.4   3364.4
24   8   -436.0   -469.1   3543.2
24   9   -435.2   -643.5   3515.6
24   10   -519.4   -691.0   3484.6
24   11   -508.5   -1038.4   3418.1
24   12   -465.1   -1357.9   3415.8
24   13   -349.4   -698.4   3514.4
24   14   -364.9   -1044.5   3442.8
24   15   -374.0   -1366.7   3432.7
24   16   -439.5   -283.3   3366.7
24   17   -396.1   -309.5   3379.7
24   18   -438.9   -196.6   3599.6
25   0   -430.2   -107.4   3637.1
25   1   -438.0   -264.3   3585.6
25   2   -561.3   -265.8   3544.9
25   3   -557.6   -450.5   3409.1
25   4   -415.9   -250.0   3355.9
25   5   -312.0   -278.7   3595.5
25   6   -266.7   -455.1   3456.1
25   7   -421.7   -281.4   3361.5
25   8   -435.9   -468.9   3543.2
25   9   -435.2   -643.5   3515.6
25   10   -519.2   -690.9   3484.4
25   11   -508.5   -1038.2   3418.0
25   12   -465.3   -1357.7   3416.3
25   13   -349.5   -698.3   3513.4
25   14   -365.1   -1044.5   3442.8
25   15   -373.9   -1366.6   3432.6
25   16   -439.5   -283.4   3364.7
25   17   -395.8   -310.4   3377.3
25   18   -438.7   -196.6   3599.6
26   0   -430.2   -107.4   3637.1
26   1   -437.8   -264.2   3585.6
26   2   -561.0   -265.6   3545.0
26   3   -557.6   -450.2   3409.0
26   4   -415.9   -250.2   3353.8
26   5   -311.9   -278.7   3595.3
26   6   -266.8   -455.2   3456.1
26   7   -421.2   -282.7   3358.7
26   8   -435.8   -468.8   3543.2
26   9   -435.2   -643.6   3515.6
26   10   -519.0   -690.9   3484.3
26   11   -508.5   -1038.1   3418.0
26   12   -465.5   -1357.5   3417.0
26   13   -349.6   -698.2   3513.1
26   14   -365.0   -1044.6   3443.5
26   15   -373.9   -1366.6   3432.2
26   16   -439.6   -283.6   3363.0
26   17   -395.5   -311.5   3374.9
26   18   -438.4   -196.6   3599.6
27   0   -430.2   -107.4   3637.1
27   1   -437.6   -264.2   3585.6
27   2   -560.8   -265.5   3545.1
27   3   -557.6   -449.9   3409.0
27   4   -415.9   -250.3   3353.2
27   5   -311.7   -278.8   3595.2
27   6   -266.4   -455.5   3456.4
27   7   -419.6   -283.3   3356.7
27   8   -435.7   -468.7   3543.2
27   9   -435.2   -643.6   3515.6
27   10   -518.9   -690.8   3484.3
27   11   -508.5   -1038.1   3418.0
27   12   -465.4   -1357.5   3417.1
27   13   -349.7   -698.1   3513.0
27   14   -364.8   -1044.8   3444.7
27   15   -374.2   -1366.7   3431.2
27   16   -439.5   -283.5   3362.5
27   17   -394.1   -312.0   3373.3
27   18   -438.2   -196.6   3599.6
28   0   -430.2   -107.4   3637.1
28   1   -437.4   -264.2   3585.6
28   2   -559.7   -264.8   3542.3
28   3   -557.8   -450.7   3408.3
28   4   -416.3   -250.9   3352.7
28   5   -311.5   -278.9   3594.8
28   6   -266.1   -456.0   3456.6
28   7   -418.4   -283.9   3355.3
28   8   -435.7   -468.7   3543.3
28   9   -435.2   -643.6   3515.6
28   10   -518.9   -690.8   3484.2
28   11   -508.5   -1038.1   3418.1
28   12   -465.3   -1357.4   3416.9
28   13   -349.8   -698.1   3513.0
28   14   -365.1   -1044.5   3443.4
28   15   -374.2   -1366.4   3432.1
28   16   -439.9   -284.2   3361.9
28   17   -393.1   -312.6   3372.2
28   18   -437.9   -196.6   3599.6
29   0   -430.2   -107.4   3637.1
29   1   -437.2   -264.2   3585.6
29   2   -558.0   -263.9   3538.0
29   3   -558.0   -452.0   3407.1
29   4   -417.1   -251.9   3351.3
29   5   -311.1   -279.1   3594.4
29   6   -266.2   -455.7   3455.6
29   7   -418.4   -283.7   3354.1
29   8   -435.7   -468.6   3543.3
29   9   -435.2   -643.6   3515.6
29   10   -518.8   -690.7   3484.2
29   11   -508.5   -1038.0   3418.1
29   12   -465.6   -1357.2   3416.9
29   13   -349.8   -698.0   3513.0
29   14   -365.4   -1044.1   3441.9
29   15   -374.4   -1366.0   3433.2
29   16   -440.6   -285.2   3360.6
29   17   -393.0   -312.4   3371.0
29   18   -437.6   -196.6   3599.6
30   0   -430.2   -107.3   3637.0
30   1   -437.0   -264.2   3585.6
30   2   -556.4   -263.0   3534.0
30   3   -558.2   -452.7   3405.5
30   4   -417.5   -252.5   3349.6
30   5   -310.8   -279.3   3594.0
30   6   -266.4   -455.1   3454.1
30   7   -418.8   -283.2   3353.0
30   8   -435.7   -468.5   3543.3
30   9   -435.2   -643.6   3515.6
30   10   -518.7   -690.7   3484.1
30   11   -508.5   -1038.9   3417.9
30   12   -465.5   -1358.1   3416.9
30   13   -349.9   -698.0   3513.0
30   14   -364.7   -1045.6   3444.4
30   15   -375.5   -1367.2   3431.5
30   16   -441.0   -285.8   3359.0
30   17   -393.4   -311.9   3369.9
30   18   -437.4   -196.6   3599.6
31   0   -430.3   -107.3   3636.9
31   1   -436.7   -264.2   3585.6
31   2   -557.0   -263.4   3535.6
31   3   -558.1   -450.8   3404.0
31   4   -416.6   -251.5   3347.1
31   5   -310.4   -279.5   3593.4
31   6   -266.4   -455.6   3453.8
31   7   -418.3   -283.6   3352.3
31   8   -435.7   -468.5   3543.3
31   9   -435.2   -643.6   3515.6
31   10   -518.6   -690.6   3484.0
31   11   -508.5   -1039.2   3417.9
31   12   -465.6   -1358.3   3416.9
31   13   -349.9   -698.0   3513.1
31   14   -364.8   -1045.8   3443.7
31   15   -376.1   -1367.3   3431.9
31   16   -440.2   -284.8   3356.6
31   17   -393.0   -312.3   3369.2
31   18   -437.1   -196.6   3599.6
32   0   -430.3   -107.3   3636.8
32   1   -436.4   -264.2   3585.6
32   2   -558.4   -264.1   3539.5
32   3   -558.0   -448.5   3403.8
32   4   -415.7   -250.8   3344.0
32   5   -310.1   -279.7   3591.5
32   6   -265.9   -457.5   3454.1
32   7   -417.0   -284.6   3352.9
32   8   -435.7   -468.5   3543.3
32   9   -435.2   -643.6   3515.6
32   10   -518.5   -690.6   3483.7
32   11   -508.5   -1039.1   3417.9
32   12   -465.8   -1358.2   3416.9
32   13   -350.0   -698.0   3513.0
32   14   -364.8   -1045.5   3443.2
32   15   -376.2   -1367.0   3432.2
32   16   -439.4   -283.7   3353.9
32   17   -391.8   -313.4   3369.8
32   18   -436.7   -196.6   3599.6
33   0   -430.2   -107.1   3636.3
33   1   -436.1   -264.1   3585.6
33   2   -557.6   -263.7   3537.8
33   3   -558.7   -448.7   3403.1
33   4   -416.0   -251.4   3343.0
33   5   -310.0   -279.7   3586.2
33   6   -264.9   -461.2   3454.3
33   7   -414.7   -286.6   3354.5
33   8   -435.7   -468.4   3543.3
33   9   -435.2   -643.6   3515.6
33   10   -518.3   -690.5   3483.4
33   11   -508.5   -1038.9   3417.9
33   12   -466.2   -1357.9   3416.9
33   13   -350.0   -697.9   3513.0
33   14   -364.7   -1045.3   3443.1
33   15   -376.0   -1366.7   3432.2
33   16   -439.8   -284.3   3353.0
33   17   -389.8   -315.7   3371.2
33   18   -436.3   -196.6   3599.6
34   0   -430.2   -106.9   3635.5
34   1   -435.8   -264.1   3585.6
34   2   -555.1   -262.3   3532.5
34   3   -560.3   -450.4   3402.4
34   4   -417.3   -253.5   3342.0
34   5   -309.8   -279.9   3583.4
34   6   -263.9   -463.5   3454.7
34   7   -413.2   -288.2   3355.6
34   8   -435.6   -468.4   3543.3
34   9   -435.2   -643.6   3515.6
34   10   -518.2   -690.5   3483.2
34   11   -508.5   -1038.6   3418.0
34   12   -466.5   -1357.6   3417.1
34   13   -350.0   -697.9   3513.0
34   14   -364.6   -1044.9   3442.7
34   15   -375.7   -1366.3   3432.8
34   16   -441.1   -286.3   3352.1
34   17   -388.3   -317.4   3372.1
34   18   -435.8   -196.6   3599.6
35   0   -430.2   -106.7   3634.5
35   1   -435.5   -264.1   3585.6
35   2   -552.9   -261.1   3528.2
35   3   -562.9   -451.6   3401.9
35   4   -418.6   -255.9   3340.8
35   5   -309.5   -280.0   3582.1
35   6   -263.6   -463.9   3454.0
35   7   -413.0   -288.3   3355.8
35   8   -435.6   -468.4   3543.3
35   9   -435.2   -643.6   3515.6
35   10   -518.2   -690.5   3483.1
35   11   -508.5   -1038.4   3418.1
35   12   -466.9   -1357.3   3417.5
35   13   -350.1   -697.9   3513.0
35   14   -364.5   -1044.6   3442.4
35   15   -375.1   -1365.9   3433.9
35   16   -442.7   -288.5   3351.0
35   17   -388.1   -317.5   3372.2
35   18   -435.4   -196.6   3599.6
36   0   -430.2   -106.5   3633.4
36   1   -435.1   -264.1   3585.6
36   2   -553.5   -261.5   3530.0
36   3   -567.0   -450.6   3402.1
36   4   -419.0   -258.2   3340.1
36   5   -309.2   -280.2   3581.7
36   6   -263.7   -463.5   3452.6
36   7   -413.6   -287.6   3355.8
36   8   -435.6   -468.3   3543.2
36   9   -435.1   -643.6   3515.6
36   10   -518.0   -690.4   3482.8
36   11   -508.5   -1038.3   3418.1
36   12   -467.1   -1357.1   3418.1
36   13   -350.1   -697.9   3513.0
36   14   -364.3   -1044.3   3441.9
36   15   -375.0   -1365.6   3435.4
36   16   -443.7   -290.2   3350.5
36   17   -388.6   -316.9   3371.9
36   18   -434.9   -196.6   3599.6
37   0   -430.2   -106.4   3632.3
37   1   -434.8   -264.1   3585.6
37   2   -553.8   -261.7   3531.2
37   3   -572.8   -449.6   3402.5
37   4   -419.9   -261.2   3340.7
37   5   -308.9   -280.4   3581.6
37   6   -263.9   -462.3   3450.6
37   7   -414.8   -286.4   3355.6
37   8   -435.6   -468.3   3543.2
37   9   -435.1   -643.6   3515.6
37   10   -517.9   -690.4   3482.4
37   11   -508.6   -1038.2   3418.2
37   12   -468.3   -1357.1   3418.4
37   13   -350.1   -697.9   3513.0
37   14   -364.0   -1044.2   3441.9
37   15   -374.0   -1365.5   3436.5
37   16   -445.4   -292.6   3351.0
37   17   -389.7   -315.8   3371.4
37   18   -434.6   -196.6   3599.6
38   0   -430.2   -106.3   3631.2
38   1   -434.5   -264.0   3585.6
38   2   -553.8   -261.7   3532.0
38   3   -577.0   -448.9   3402.9
38   4   -420.5   -263.3   3341.2
38   5   -308.7   -280.6   3581.7
38   6   -264.5   -460.3   3447.5
38   7   -416.9   -284.4   3355.0
38   8   -435.6   -468.3   3543.2
38   9   -435.1   -643.5   3515.6
38   10   -517.8   -690.3   3482.0
38   11   -508.6   -1038.2   3418.2
38   12   -469.8   -1357.2   3418.5
38   13   -350.1   -697.9   3512.9
38   14   -363.6   -1044.2   3441.9
38   15   -372.4   -1365.4   3436.8
38   16   -446.6   -294.3   3351.5
38   17   -391.5   -313.7   3370.4
38   18   -434.2   -196.6   3599.6
39   0   -430.2   -106.3   3630.1
39   1   -434.3   -264.0   3585.6
39   2   -553.7   -261.6   3532.3
39   3   -580.2   -448.1   3402.9
39   4   -421.1   -265.1   3341.2
39   5   -308.5   -280.7   3581.7
39   6   -265.4   -457.1   3443.1
39   7   -420.0   -281.4   3354.3
39   8   -435.6   -468.3   3543.1
39   9   -435.1   -643.5   3515.6
39   10   -517.6   -690.2   3481.6
39   11   -508.6   -1038.2   3418.2
39   12   -471.6   -1357.2   3418.5
39   13   -350.1   -697.8   3512.8
39   14   -363.1   -1044.2   3442.0
39   15   -371.1   -1365.3   3436.9
39   16   -447.6   -295.6   3351.5
39   17   -394.3   -310.7   3369.1
39   18   -433.9   -196.6   3599.6
40   0   -430.2   -106.2   3628.7
40   1   -434.2   -264.0   3585.5
40   2   -553.6   -261.6   3532.4
40   3   -584.1   -446.9   3402.4
40   4   -421.7   -266.9   3340.5
40   5   -308.4   -280.7   3581.8
40   6   -264.7   -458.8   3445.7
40   7   -418.2   -283.3   3354.8
40   8   -435.6   -468.3   3543.1
40   9   -435.1   -643.5   3515.6
40   10   -517.5   -690.2   3481.1
40   11   -508.6   -1038.1   3418.2
40   12   -474.5   -1357.4   3418.5
40   13   -350.1   -697.8   3512.7
40   14   -362.6   -1044.1   3441.9
40   15   -369.8   -1365.1   3436.9
40   16   -448.7   -296.9   3350.8
40   17   -392.6   -312.5   3369.9
40   18   -433.7   -196.6   3599.5
41   0   -430.2   -106.1   3627.1
41   1   -434.2   -264.0   3585.5
41   2   -553.6   -261.6   3532.5
41   3   -590.0   -444.3   3400.6
41   4   -422.8   -268.9   3338.7
41   5   -308.4   -280.7   3581.9
41   6   -262.8   -456.4   3443.4
41   7   -419.6   -282.8   3354.9
41   8   -435.6   -468.3   3543.1
41   9   -435.1   -643.5   3515.6
41   10   -517.3   -690.1   3480.7
41   11   -508.6   -1038.1   3418.1
41   12   -448.1   -1353.2   3420.1
41   13   -350.0   -697.6   3512.6
41   14   -362.5   -1044.0   3441.7
41   15   -368.1   -1365.7   3436.8
41   16   -450.6   -298.2   3349.0
41   17   -393.5   -311.7   3369.7
41   18   -433.7   -196.6   3599.5
42   0   -430.2   -106.0   3625.6
42   1   -434.1   -263.9   3585.4
42   2   -553.5   -261.5   3532.5
42   3   -601.0   -438.3   3396.4
42   4   -425.3   -272.3   3333.1
42   5   -308.4   -280.7   3581.9
42   6   -257.3   -450.4   3438.3
42   7   -422.9   -282.6   3355.5
42   8   -435.6   -468.3   3543.1
42   9   -435.1   -643.5   3515.6
42   10   -517.2   -690.0   3480.3
42   11   -508.6   -1038.1   3418.2
42   12   -446.2   -1353.5   3423.8
42   13   -349.9   -697.4   3512.5
42   14   -362.6   -1043.8   3441.7
42   15   -366.1   -1365.7   3436.6
42   16   -454.6   -299.9   3343.6
42   17   -395.3   -310.6   3369.3
42   18   -433.6   -196.6   3599.4
43   0   -430.2   -106.1   3624.5
43   1   -434.1   -263.9   3585.4
43   2   -553.5   -261.5   3532.5
43   3   -612.1   -425.8   3388.0
43   4   -426.4   -274.3   3318.5
43   5   -308.4   -280.7   3582.0
43   6   -242.0   -435.9   3431.5
43   7   -426.9   -287.0   3357.3
43   8   -435.6   -468.4   3543.1
43   9   -435.1   -643.7   3515.6
43   10   -517.0   -689.9   3479.9
43   11   -508.6   -1038.2   3418.2
43   12   -462.9   -1356.0   3428.7
43   13   -349.8   -697.2   3512.5
43   14   -362.7   -1043.7   3441.7
43   15   -363.6   -1365.5   3436.5
43   16   -457.4   -299.6   3330.1
43   17   -396.1   -311.8   3369.7
43   18   -433.6   -196.6   3599.3
44   0   -430.2   -106.3   3623.7
44   1   -434.1   -263.9   3585.2
44   2   -553.6   -261.6   3532.5
44   3   -624.3   -420.3   3387.6
44   4   -439.1   -280.9   3297.0
44   5   -308.2   -280.3   3582.0
44   6   -215.7   -407.0   3422.2
44   7   -427.2   -296.7   3360.5
44   8   -435.6   -468.9   3543.1
44   9   -435.1   -643.8   3515.3
44   10   -516.5   -689.2   3479.7
44   11   -508.6   -1037.8   3418.3
44   12   -468.6   -1356.3   3430.6
44   13   -350.1   -696.0   3512.5
44   14   -362.6   -1042.7   3442.0
44   15   -360.9   -1364.3   3436.1
44   16   -470.0   -304.1   3312.1
44   17   -392.0   -315.1   3370.8
44   18   -433.6   -196.6   3599.1
45   0   -430.2   -106.9   3622.9
45   1   -434.1   -264.0   3583.4
45   2   -554.2   -261.9   3532.1
45   3   -640.8   -421.7   3397.9
45   4   -476.5   -311.6   3256.0
45   5   -306.5   -277.8   3581.9
45   6   -186.6   -361.0   3414.4
45   7   -419.2   -307.2   3361.9
45   8   -435.6   -470.0   3542.8
45   9   -435.1   -644.0   3514.7
45   10   -515.6   -687.6   3479.5
45   11   -508.6   -1036.7   3418.4
45   12   -462.6   -1354.2   3431.0
45   13   -350.6   -693.8   3512.5
45   14   -362.5   -1041.0   3442.2
45   15   -360.2   -1362.2   3435.5
45   16   -503.8   -329.9   3279.6
45   17   -380.5   -316.1   3370.7
45   18   -433.6   -196.6   3596.7
46   0   -430.3   -107.7   3620.7
46   1   -434.1   -264.2   3579.6
46   2   -555.4   -262.5   3531.3
46   3   -664.1   -423.0   3416.5
46   4   -532.4   -377.8   3224.4
46   5   -304.4   -274.1   3581.9
46   6   -163.1   -311.3   3413.2
46   7   -403.9   -294.4   3357.3
46   8   -435.7   -471.7   3542.4
46   9   -435.1   -644.4   3514.2
46   10   -514.8   -686.6   3479.3
46   11   -508.6   -1036.1   3418.4
46   12   -465.0   -1353.8   3431.7
46   13   -351.3   -692.4   3512.5
46   14   -362.3   -1040.1   3442.3
46   15   -360.8   -1361.0   3434.8
46   16   -554.2   -385.2   3256.4
46   17   -363.8   -297.2   3366.6
46   18   -433.6   -196.6   3591.7
47   0   -430.3   -108.0   3615.9
47   1   -434.1   -264.4   3574.1
47   2   -557.9   -262.2   3531.2
47   3   -690.5   -424.1   3451.0
47   4   -577.7   -464.0   3246.0
47   5   -302.3   -269.7   3582.0
47   6   -121.7   -278.6   3455.4
47   7   -347.7   -260.3   3359.2
47   8   -435.7   -473.7   3542.1
47   9   -435.1   -644.9   3513.7
47   10   -514.1   -685.8   3478.9
47   11   -508.5   -1035.7   3418.4
47   12   -465.1   -1353.3   3431.4
47   13   -351.7   -691.4   3512.5
47   14   -362.2   -1039.4   3442.2
47   15   -362.0   -1360.1   3434.6
47   16   -596.5   -457.3   3280.2
47   17   -310.1   -263.4   3375.2
47   18   -433.6   -196.6   3584.6
48   0   -430.4   -106.1   3607.7
48   1   -434.1   -263.4   3567.8
48   2   -560.7   -260.3   3531.9
48   3   -705.9   -426.6   3491.7
48   4   -606.5   -532.8   3295.8
48   5   -300.4   -262.7   3582.3
48   6   -94.2   -248.8   3497.9
48   7   -305.1   -230.5   3369.8
48   8   -435.7   -474.4   3541.9
48   9   -435.1   -644.1   3513.5
48   10   -513.5   -684.9   3478.4
48   11   -508.5   -1035.3   3418.3
48   12   -465.6   -1352.8   3429.3
48   13   -352.1   -690.3   3512.4
48   14   -361.9   -1038.8   3442.2
48   15   -364.8   -1359.2   3434.6
48   16   -623.1   -515.1   3328.5
48   17   -269.9   -233.6   3391.1
48   18   -433.6   -195.4   3576.1
49   0   -430.4   -101.3   3596.3
49   1   -434.1   -260.3   3561.0
49   2   -561.9   -258.1   3532.3
49   3   -705.8   -432.4   3518.5
49   4   -610.4   -586.4   3347.3
49   5   -299.2   -254.3   3578.6
49   6   -187.8   -355.1   3494.9
49   7   -302.1   -468.3   3375.1
49   8   -435.7   -472.7   3541.9
49   9   -435.1   -640.9   3513.5
49   10   -512.8   -683.3   3477.9
49   11   -508.3   -1034.4   3418.2
49   12   -465.9   -1351.8   3425.5
49   13   -352.7   -688.9   3512.3
49   14   -361.8   -1037.8   3441.7
49   15   -366.3   -1358.0   3435.0
49   16   -626.3   -560.8   3375.9
49   17   -283.0   -449.5   3395.1
49   18   -433.6   -192.0   3567.2
50   0   -430.3   -95.1   3584.3
50   1   -434.1   -255.7   3554.7
50   2   -561.9   -255.4   3532.0
50   3   -699.8   -436.7   3531.4
50   4   -607.2   -611.3   3372.7
50   5   -299.6   -248.7   3570.8
50   6   -275.2   -411.0   3482.4
50   7   -285.9   -601.3   3399.7
50   8   -435.7   -468.6   3541.8
50   9   -435.1   -636.0   3513.5
50   10   -512.2   -680.2   3477.4
50   11   -508.1   -1032.3   3418.1
50   12   -466.8   -1349.7   3420.2
50   13   -353.3   -686.1   3512.2
50   14   -361.8   -1035.9   3441.1
50   15   -367.0   -1355.9   3435.6
50   16   -622.6   -582.2   3399.1
50   17   -284.0   -569.7   3413.5
50   18   -433.6   -187.3   3558.8
51   0   -430.4   -89.3   3576.1
51   1   -434.1   -251.0   3550.2
51   2   -560.9   -253.3   3531.4
51   3   -696.1   -437.2   3533.9
51   4   -598.7   -613.4   3376.9
51   5   -301.4   -245.9   3566.9
51   6   -333.1   -436.7   3479.0
51   7   -250.4   -646.4   3417.9
51   8   -435.7   -463.6   3541.8
51   9   -435.1   -630.8   3513.7
51   10   -512.2   -676.5   3476.7
51   11   -507.8   -1030.1   3417.9
51   12   -467.9   -1347.4   3413.5
51   13   -353.1   -682.4   3511.9
51   14   -361.8   -1033.6   3440.8
51   15   -367.3   -1353.4   3436.0
51   16   -614.9   -584.1   3403.1
51   17   -264.1   -611.5   3428.1
51   18   -433.6   -182.5   3552.9
52   0   -430.5   -85.7   3575.2
52   1   -434.1   -247.3   3548.4
52   2   -559.6   -251.8   3530.7
52   3   -694.7   -435.2   3525.8
52   4   -594.0   -607.4   3365.2
52   5   -303.2   -244.8   3565.4
52   6   -352.0   -453.1   3488.1
52   7   -231.0   -668.3   3421.8
52   8   -435.7   -459.1   3541.8
52   9   -435.1   -627.0   3514.2
52   10   -511.6   -677.1   3476.3
52   11   -507.5   -1031.7   3417.1
52   12   -468.8   -1349.0   3411.9
52   13   -353.0   -682.2   3511.5
52   14   -361.6   -1034.8   3442.2
52   15   -367.6   -1354.4   3435.0
52   16   -610.8   -578.7   3392.0
52   17   -251.1   -632.5   3432.9
52   18   -433.6   -178.9   3550.5
53   0   -430.7   -84.4   3579.5
53   1   -434.1   -244.8   3548.1
53   2   -558.5   -250.9   3530.0
53   3   -693.7   -432.9   3513.9
53   4   -591.2   -594.8   3344.9
53   5   -304.6   -244.6   3565.1
53   6   -338.0   -463.5   3499.6
53   7   -230.2   -688.8   3423.6
53   8   -435.7   -455.8   3541.9
53   9   -435.1   -625.3   3514.8
53   10   -511.5   -679.6   3475.6
53   11   -507.3   -1034.4   3416.0
53   12   -469.6   -1351.8   3413.8
53   13   -352.2   -683.8   3510.9
53   14   -361.3   -1037.3   3444.2
53   15   -368.7   -1356.6   3433.6
53   16   -608.3   -567.8   3373.0
53   17   -248.2   -651.3   3436.3
53   18   -433.6   -176.4   3550.1
54   0   -431.0   -84.3   3585.4
54   1   -434.1   -243.4   3548.6
54   2   -557.7   -250.4   3529.3
54   3   -693.0   -430.4   3501.0
54   4   -587.1   -569.9   3317.8
54   5   -305.3   -244.8   3565.1
54   6   -309.1   -465.9   3503.6
54   7   -244.0   -704.1   3433.3
54   8   -435.7   -453.8   3542.0
54   9   -435.1   -625.1   3515.2
54   10   -512.8   -679.4   3474.7
54   11   -507.3   -1035.0   3415.0
54   12   -471.3   -1352.3   3415.0
54   13   -350.6   -683.8   3510.2
54   14   -361.5   -1038.0   3443.5
54   15   -370.4   -1357.2   3434.2
54   16   -604.8   -546.7   3348.3
54   17   -254.9   -664.4   3445.0
54   18   -433.6   -175.0   3550.7
55   0   -431.1   -84.6   3590.6
55   1   -434.1   -242.7   3549.3
55   2   -557.5   -250.3   3529.1
55   3   -692.1   -428.3   3488.7
55   4   -586.0   -524.1   3284.0
55   5   -304.8   -244.3   3564.2
55   6   -282.1   -460.3   3494.4
55   7   -260.8   -706.7   3441.2
55   8   -435.7   -452.7   3542.0
55   9   -435.2   -623.9   3515.6
55   10   -514.6   -676.8   3473.7
55   11   -507.3   -1033.8   3414.7
55   12   -473.7   -1351.3   3415.7
55   13   -348.8   -682.2   3509.3
55   14   -361.9   -1037.4   3441.6
55   15   -372.0   -1356.5   3435.9
55   16   -603.7   -508.2   3318.1
55   17   -264.4   -665.7   3450.1
55   18   -433.6   -174.3   3551.6
56   0   -431.2   -84.9   3594.5
56   1   -434.0   -242.4   3550.1
56   2   -558.1   -250.2   3529.0
56   3   -686.3   -428.0   3472.0
56   4   -581.8   -453.7   3252.3
56   5   -303.5   -243.8   3562.8
56   6   -292.8   -450.5   3470.9
56   7   -276.1   -701.0   3446.3
56   8   -435.7   -452.2   3542.1
56   9   -435.2   -622.5   3515.9
56   10   -517.0   -670.9   3472.4
56   11   -507.5   -1028.1   3415.4
56   12   -477.2   -1345.7   3416.3
56   13   -346.7   -678.2   3508.4
56   14   -362.1   -1033.3   3440.8
56   15   -372.4   -1352.2   3437.6
56   16   -599.2   -449.5   3288.9
56   17   -278.9   -659.3   3450.4
56   18   -433.5   -174.1   3552.6
57   0   -431.2   -84.6   3596.9
57   1   -433.8   -242.3   3551.2
57   2   -558.7   -251.7   3533.9
57   3   -662.9   -412.8   3424.6
57   4   -569.7   -348.8   3212.9
57   5   -301.8   -243.9   3561.4
57   6   -235.9   -400.0   3430.4
57   7   -352.7   -493.4   3362.0
57   8   -435.7   -452.0   3542.1
57   9   -435.2   -621.1   3516.2
57   10   -517.6   -669.8   3472.9
57   11   -507.5   -1025.9   3415.8
57   12   -478.7   -1343.5   3417.2
57   13   -345.8   -676.1   3508.2
57   14   -362.2   -1030.1   3440.4
57   15   -372.7   -1348.9   3439.0
57   16   -585.3   -359.4   3248.2
57   17   -333.0   -478.1   3373.4
57   18   -433.2   -174.0   3554.1
58   0   -431.0   -84.0   3598.5
58   1   -433.1   -242.3   3552.8
58   2   -558.4   -252.8   3539.7
58   3   -608.1   -429.9   3420.5
58   4   -551.4   -287.5   3235.9
58   5   -300.6   -244.8   3556.0
58   6   -250.5   -389.6   3398.0
58   7   -419.5   -414.4   3277.2
58   8   -435.7   -451.9   3542.1
58   9   -435.2   -619.7   3516.4
58   10   -516.8   -672.7   3475.0
58   11   -507.4   -1028.9   3415.6
58   12   -478.8   -1346.4   3419.1
58   13   -345.9   -675.6   3508.1
58   14   -362.0   -1030.2   3441.3
58   15   -373.0   -1348.8   3439.0
58   16   -560.9   -311.2   3266.7
58   17   -391.2   -410.5   3297.3
58   18   -432.3   -174.1   3556.2
59   0   -429.1   -83.7   3599.3
59   1   -432.1   -242.3   3553.4
59   2   -558.9   -248.7   3535.3
59   3   -556.3   -440.2   3421.8
59   4   -524.0   -243.9   3277.0
59   5   -301.4   -246.9   3542.4
59   6   -292.0   -394.7   3375.4
59   7   -480.4   -403.7   3225.4
59   8   -435.7   -451.7   3542.1
59   9   -435.2   -618.6   3516.5
59   10   -517.8   -671.9   3476.9
59   11   -507.4   -1028.1   3416.2
59   12   -481.5   -1345.6   3424.0
59   13   -346.3   -675.6   3508.1
59   14   -361.9   -1030.7   3441.8
59   15   -372.5   -1349.1   3438.4
59   16   -529.4   -276.6   3301.1
59   17   -448.9   -402.2   3250.4
59   18   -431.0   -174.1   3557.1
60   0   -425.6   -83.6   3599.2
60   1   -431.5   -242.3   3553.3
60   2   -561.1   -241.5   3532.5
60   3   -549.7   -439.3   3417.4
60   4   -534.2   -438.1   3262.9
60   5   -303.8   -250.4   3533.7
60   6   -334.0   -397.1   3363.9
60   7   -535.4   -416.9   3214.0
60   8   -435.7   -451.3   3541.9
60   9   -435.2   -618.8   3515.9
60   10   -520.3   -663.1   3479.6
60   11   -507.8   -1019.2   3418.5
60   12   -483.4   -1336.6   3428.6
60   13   -347.4   -672.8   3508.2
60   14   -361.8   -1027.9   3442.1
60   15   -370.7   -1346.3   3437.1
60   16   -536.8   -438.1   3288.6
60   17   -501.9   -413.6   3239.0
60   18   -430.1   -174.1   3557.0
61   0   -421.3   -81.9   3596.3
61   1   -431.1   -241.9   3552.8
61   2   -559.2   -241.7   3530.1
61   3   -532.8   -431.3   3402.8
61   4   -568.7   -552.9   3269.7
61   5   -305.2   -250.9   3528.7
61   6   -366.3   -390.7   3359.3
61   7   -583.1   -438.9   3244.9
61   8   -435.8   -449.7   3541.5
61   9   -435.1   -617.8   3514.4
61   10   -520.7   -654.5   3484.0
61   11   -508.0   -1010.6   3421.3
61   12   -483.4   -1327.9   3430.4
61   13   -349.5   -665.4   3508.4
61   14   -361.2   -1021.0   3442.9
61   15   -360.8   -1333.9   3443.5
61   16   -562.7   -532.6   3291.9
61   17   -547.0   -430.9   3264.0
61   18   -429.5   -173.8   3556.5
62   0   -416.9   -78.2   3588.7
62   1   -430.7   -241.2   3552.0
62   2   -555.0   -244.1   3526.9
62   3   -524.1   -424.8   3388.8
62   4   -594.3   -620.6   3324.7
62   5   -306.5   -251.1   3529.0
62   6   -379.2   -386.3   3358.9
62   7   -607.8   -447.6   3279.7
62   8   -436.0   -447.0   3541.0
62   9   -435.1   -615.4   3512.8
62   10   -517.8   -650.3   3487.1
62   11   -507.8   -1003.9   3424.4
62   12   -481.9   -1321.0   3429.4
62   13   -353.3   -659.5   3508.8
62   14   -360.5   -1013.0   3445.4
62   15   -359.9   -1325.6   3447.4
62   16   -582.6   -588.0   3335.4
62   17   -569.8   -437.4   3292.9
62   18   -429.0   -173.2   3555.7
63   0   -414.9   -75.1   3578.0
63   1   -430.5   -240.7   3551.3
63   2   -551.5   -244.7   3522.3
63   3   -518.5   -422.8   3384.1
63   4   -612.6   -648.2   3367.3
63   5   -307.3   -251.3   3533.2
63   6   -383.2   -383.3   3363.5
63   7   -613.5   -445.2   3286.4
63   8   -436.1   -444.4   3540.7
63   9   -435.0   -612.9   3511.8
63   10   -514.5   -649.6   3489.2
63   11   -507.4   -1003.3   3427.1
63   12   -480.7   -1320.3   3427.3
63   13   -356.0   -655.9   3509.0
63   14   -359.7   -1009.6   3446.5
63   15   -359.2   -1326.5   3447.0
63   16   -596.9   -610.6   3370.1
63   17   -575.2   -434.9   3299.3
63   18   -428.6   -172.7   3554.8
64   0   -414.2   -72.5   3568.4
64   1   -430.3   -240.4   3550.7
64   2   -549.5   -244.2   3519.6
64   3   -517.1   -423.3   3386.0
64   4   -615.0   -660.5   3391.4
64   5   -308.0   -251.4   3537.6
64   6   -381.1   -379.9   3366.6
64   7   -602.8   -430.6   3266.6
64   8   -436.1   -442.7   3540.5
64   9   -435.0   -611.4   3511.6
64   10   -512.6   -651.8   3490.1
64   11   -507.2   -1006.8   3428.5
64   12   -478.3   -1323.3   3423.4
64   13   -356.5   -655.2   3509.1
64   14   -358.9   -1010.1   3446.7
64   15   -358.5   -1329.9   3446.4
64   16   -598.6   -620.9   3390.5
64   17   -565.9   -422.1   3283.3
64   18   -428.4   -172.4   3554.1
65   0   -415.8   -71.8   3565.5
65   1   -430.2   -240.2   3550.2
65   2   -548.9   -243.2   3519.0
65   3   -517.6   -425.4   3390.3
65   4   -606.6   -667.8   3400.1
65   5   -308.7   -251.5   3541.8
65   6   -373.9   -376.7   3366.1
65   7   -576.8   -412.6   3231.8
65   8   -435.9   -442.4   3540.6
65   9   -435.1   -611.2   3512.3
65   10   -512.9   -656.3   3490.2
65   11   -507.1   -1012.5   3427.6
65   12   -474.4   -1328.5   3419.3
65   13   -354.5   -657.2   3509.0
65   14   -358.2   -1013.3   3445.9
65   15   -357.8   -1334.4   3445.0
65   16   -591.8   -627.3   3398.4
65   17   -543.0   -406.6   3254.2
65   18   -428.3   -172.2   3553.4
66   0   -419.8   -73.6   3570.4
66   1   -430.2   -240.2   3549.9
66   2   -549.6   -241.9   3521.9
66   3   -525.0   -424.4   3390.5
66   4   -597.5   -671.8   3403.1
66   5   -309.0   -251.4   3550.8
66   6   -354.4   -373.0   3366.2
66   7   -545.1   -386.8   3207.5
66   8   -435.7   -443.4   3540.8
66   9   -435.1   -612.7   3513.6
66   10   -515.8   -660.5   3489.2
66   11   -507.1   -1017.1   3425.8
66   12   -472.8   -1332.9   3420.6
66   13   -351.0   -660.7   3508.8
66   14   -357.3   -1017.2   3444.6
66   15   -365.2   -1341.5   3439.0
66   16   -585.4   -630.5   3401.0
66   17   -513.3   -384.6   3233.9
66   18   -428.3   -172.2   3553.0
67   0   -426.6   -77.9   3584.0
67   1   -430.1   -240.4   3551.4
67   2   -551.7   -240.1   3531.7
67   3   -541.5   -423.8   3398.6
67   4   -587.7   -675.7   3400.9
67   5   -309.3   -251.2   3558.4
67   6   -327.8   -365.2   3364.1
67   7   -508.1   -346.7   3190.8
67   8   -435.5   -445.5   3541.7
67   9   -435.1   -615.4   3515.0
67   10   -519.3   -663.8   3488.0
67   11   -507.2   -1020.2   3424.0
67   12   -473.1   -1335.8   3426.1
67   13   -347.4   -664.4   3508.6
67   14   -356.0   -1020.8   3443.8
67   15   -361.9   -1340.5   3441.5
67   16   -580.0   -633.7   3400.5
67   17   -478.0   -349.7   3219.7
67   18   -428.3   -172.5   3554.6
68   0   -434.6   -82.6   3597.9
68   1   -430.0   -240.7   3554.7
68   2   -554.4   -236.7   3543.5
68   3   -555.4   -427.7   3418.2
68   4   -578.3   -678.7   3393.7
68   5   -309.5   -250.9   3567.4
68   6   -355.9   -318.0   3360.5
68   7   -502.0   -320.5   3158.9
68   8   -435.4   -448.0   3543.0
68   9   -435.1   -618.6   3515.9
68   10   -521.4   -666.1   3487.2
68   11   -507.1   -1021.9   3422.3
68   12   -473.8   -1337.0   3436.3
68   13   -345.3   -667.4   3508.6
68   14   -355.1   -1023.3   3443.5
68   15   -360.8   -1340.9   3443.8
68   16   -574.5   -636.8   3397.8
68   17   -477.7   -320.0   3192.5
68   18   -428.3   -172.9   3558.5
69   0   -442.0   -85.0   3606.3
69   1   -430.4   -241.1   3559.0
69   2   -555.6   -234.9   3547.0
69   3   -554.1   -431.0   3427.4
69   4   -572.1   -679.6   3387.3
69   5   -309.9   -250.3   3573.6
69   6   -269.2   -253.0   3372.4
69   7   -370.8   -234.9   3147.2
69   8   -435.4   -450.1   3545.3
69   9   -435.1   -621.2   3516.3
69   10   -521.8   -667.5   3487.0
69   11   -507.1   -1022.5   3421.2
69   12   -474.2   -1337.6   3436.8
69   13   -345.2   -669.6   3508.9
69   14   -354.8   -1024.9   3443.6
69   15   -361.0   -1341.6   3444.8
69   16   -569.1   -638.2   3394.0
69   17   -353.9   -237.9   3184.7
69   18   -428.8   -173.3   3563.4
70   0   -446.4   -84.7   3607.9
70   1   -431.1   -241.5   3562.6
70   2   -554.2   -236.0   3542.9
70   3   -543.6   -433.4   3426.3
70   4   -568.9   -679.6   3382.3
70   5   -309.4   -247.1   3581.0
70   6   -194.6   -196.9   3415.7
70   7   -249.9   -147.7   3179.9
70   8   -435.4   -451.6   3548.1
70   9   -435.1   -623.0   3516.1
70   10   -520.8   -668.1   3487.1
70   11   -507.0   -1022.4   3420.2
70   12   -474.4   -1337.5   3432.9
70   13   -346.2   -670.1   3509.3
70   14   -354.5   -1024.9   3444.3
70   15   -361.2   -1341.4   3444.6
70   16   -564.7   -638.6   3389.7
70   17   -240.7   -155.9   3219.2
70   18   -429.7   -173.7   3567.3
71   0   -448.6   -82.8   3603.0
71   1   -432.3   -241.7   3563.9
71   2   -553.0   -236.5   3535.7
71   3   -629.5   -418.2   3466.8
71   4   -596.3   -636.0   3373.7
71   5   -307.6   -239.8   3582.7
71   6   -142.9   -142.3   3510.6
71   7   -171.2   -65.0   3275.5
71   8   -435.6   -452.0   3550.9
71   9   -435.1   -623.7   3515.4
71   10   -518.9   -667.8   3487.2
71   11   -506.8   -1021.5   3419.0
71   12   -474.9   -1336.7   3427.4
71   13   -347.9   -669.5   3509.8
71   14   -354.2   -1024.0   3445.1
71   15   -361.5   -1340.5   3443.9
71   16   -601.9   -599.8   3389.2
71   17   -166.5   -77.9   3314.7
71   18   -431.2   -174.0   3568.1
72   0   -449.0   -80.0   3590.6
72   1   -434.3   -241.9   3561.4
72   2   -553.2   -238.3   3529.1
72   3   -678.9   -410.7   3507.3
72   4   -611.6   -601.7   3375.2
72   5   -306.8   -231.8   3577.7
72   6   -146.2   -99.1   3607.9
72   7   -103.8   31.4   3415.9
72   8   -435.8   -451.2   3552.4
72   9   -435.1   -622.9   3514.2
72   10   -516.5   -665.4   3487.3
72   11   -506.5   -1018.7   3417.5
72   12   -476.0   -1334.0   3424.9
72   13   -350.7   -667.7   3510.1
72   14   -353.9   -1022.1   3445.7
72   15   -361.7   -1338.6   3442.8
72   16   -622.9   -569.9   3397.2
72   17   -110.7   9.7   3447.9
72   18   -433.8   -174.1   3564.3
73   0   -448.6   -78.3   3571.7
73   1   -436.4   -241.9   3555.3
73   2   -555.0   -240.3   3524.7
73   3   -700.8   -409.1   3538.5
73   4   -602.5   -586.3   3397.9
73   5   -305.6   -219.6   3566.2
73   6   -166.4   -63.6   3652.6
73   7   -77.9   109.6   3513.2
73   8   -435.8   -449.0   3553.0
73   9   -435.1   -620.8   3512.9
73   10   -514.0   -661.8   3487.2
73   11   -506.2   -1015.3   3416.5
73   12   -477.4   -1330.6   3423.5
73   13   -353.7   -665.1   3510.4
73   14   -353.8   -1019.9   3446.5
73   15   -361.8   -1336.3   3440.5
73   16   -618.9   -556.8   3421.3
73   17   -92.6   80.8   3536.4
73   18   -436.6   -174.1   3556.1
74   0   -447.9   -77.5   3553.9
74   1   -438.0   -241.9   3547.6
74   2   -557.0   -241.4   3521.0
74   3   -706.0   -412.3   3549.3
74   4   -585.0   -586.8   3419.9
74   5   -306.0   -211.9   3553.6
74   6   -191.5   -46.3   3672.6
74   7   -91.5   163.0   3595.9
74   8   -435.8   -446.2   3553.2
74   9   -435.1   -618.1   3511.8
74   10   -512.2   -658.1   3486.3
74   11   -505.8   -1012.6   3416.5
74   12   -478.9   -1328.0   3422.8
74   13   -356.1   -662.5   3510.5
74   14   -353.9   -1018.3   3447.3
74   15   -361.8   -1334.5   3437.6
74   16   -605.1   -557.7   3441.5
74   17   -108.2   128.2   3608.6
74   18   -438.8   -174.1   3545.7
75   0   -447.4   -77.0   3543.8
75   1   -439.0   -241.7   3540.3
75   2   -559.8   -242.5   3517.4
75   3   -705.4   -417.0   3548.4
75   4   -578.8   -596.0   3429.7
75   5   -306.0   -209.4   3548.0
75   6   -207.2   -40.2   3678.6
75   7   -125.6   189.5   3620.7
75   8   -435.7   -443.3   3553.2
75   9   -435.1   -615.7   3511.3
75   10   -511.2   -655.0   3484.7
75   11   -505.4   -1007.5   3417.2
75   12   -480.5   -1323.0   3422.3
75   13   -357.2   -660.5   3510.5
75   14   -353.9   -1014.0   3448.3
75   15   -361.7   -1330.1   3434.0
75   16   -599.8   -566.1   3449.5
75   17   -139.2   151.2   3630.3
75   18   -440.2   -174.1   3535.9
76   0   -447.0   -76.8   3541.2
76   1   -439.6   -241.5   3535.2
76   2   -562.3   -243.8   3513.7
76   3   -707.0   -419.1   3536.7
76   4   -583.4   -602.6   3422.7
76   5   -308.1   -209.1   3556.9
76   6   -211.4   -34.7   3677.8
76   7   -128.5   201.3   3642.0
76   8   -435.6   -441.2   3552.9
76   9   -435.0   -614.1   3511.0
76   10   -511.3   -650.9   3481.6
76   11   -505.0   -1003.2   3416.6
76   12   -483.3   -1318.8   3422.2
76   13   -357.2   -658.5   3510.5
76   14   -353.8   -1011.3   3447.8
76   15   -361.7   -1327.2   3432.7
76   16   -604.0   -572.0   3441.7
76   17   -142.4   161.9   3648.0
76   18   -441.0   -174.0   3529.2
77   0   -446.9   -77.1   3546.0
77   1   -439.9   -241.4   3533.2
77   2   -564.0   -244.9   3509.0
77   3   -711.4   -417.4   3518.1
77   4   -596.2   -605.2   3403.8
77   5   -314.9   -208.6   3578.5
77   6   -207.3   -30.2   3672.8
77   7   -118.4   204.0   3644.3
77   8   -435.6   -440.0   3552.3
77   9   -434.9   -613.5   3510.8
77   10   -511.1   -648.5   3478.6
77   11   -504.4   -998.3   3414.8
77   12   -484.9   -1314.0   3422.5
77   13   -356.1   -656.4   3510.5
77   14   -353.7   -1006.8   3449.5
77   15   -361.6   -1322.6   3431.4
77   16   -615.4   -573.9   3422.9
77   17   -133.3   164.9   3649.1
77   18   -441.4   -173.9   3526.7
78   0   -446.8   -77.8   3555.9
78   1   -440.1   -241.4   3534.0
78   2   -563.7   -245.0   3503.4
78   3   -713.7   -414.1   3497.0
78   4   -596.3   -589.1   3369.5
78   5   -325.0   -206.5   3602.2
78   6   -198.6   -31.0   3665.1
78   7   -102.9   195.4   3624.4
78   8   -435.6   -439.9   3551.5
78   9   -434.8   -613.9   3511.1
78   10   -510.6   -649.4   3476.9
78   11   -503.4   -995.9   3412.9
78   12   -485.9   -1311.5   3424.3
78   13   -354.7   -656.0   3510.4
78   14   -353.5   -1003.3   3450.9
78   15   -361.9   -1318.9   3430.7
78   16   -615.8   -559.9   3390.8
78   17   -118.8   157.7   3631.2
78   18   -441.7   -173.8   3528.0
79   0   -446.6   -80.4   3570.4
79   1   -440.2   -241.4   3537.9
79   2   -562.6   -244.4   3503.2
79   3   -711.7   -409.6   3470.8
79   4   -590.9   -565.0   3327.6
79   5   -326.6   -206.2   3612.5
79   6   -186.9   -34.3   3651.8
79   7   -95.6   168.4   3560.8
79   8   -435.7   -440.8   3550.7
79   9   -434.7   -615.1   3511.8
79   10   -510.0   -653.7   3476.1
79   11   -502.4   -996.8   3411.1
79   12   -486.4   -1312.2   3427.4
79   13   -352.5   -657.2   3510.4
79   14   -353.3   -1001.5   3451.5
79   15   -362.4   -1317.0   3430.2
79   16   -611.0   -539.1   3351.4
79   17   -110.8   134.7   3576.0
79   18   -441.7   -173.8   3533.6
80   0   -446.4   -83.5   3586.1
80   1   -440.1   -241.4   3543.9
80   2   -561.2   -243.6   3507.3
80   3   -701.3   -407.4   3445.5
80   4   -588.4   -526.6   3270.4
80   5   -325.0   -206.1   3618.2
80   6   -173.8   -42.0   3614.8
80   7   -98.0   148.2   3489.3
80   8   -435.8   -442.0   3550.0
80   9   -434.6   -616.5   3512.7
80   10   -510.1   -658.0   3475.5
80   11   -501.5   -998.4   3410.8
80   12   -486.5   -1313.7   3430.6
80   13   -350.3   -658.9   3510.3
80   14   -353.1   -1000.6   3452.2
80   15   -363.2   -1315.9   3429.6
80   16   -607.2   -506.8   3299.6
80   17   -110.6   116.5   3510.2
80   18   -441.6   -173.7   3541.9
81   0   -446.4   -85.1   3599.7
81   1   -440.1   -241.4   3551.8
81   2   -559.9   -242.9   3514.0
81   3   -678.9   -413.3   3430.6
81   4   -592.4   -455.2   3219.9
81   5   -322.4   -211.5   3620.5
81   6   -165.4   -63.7   3567.7
81   7   -111.9   101.1   3402.1
81   8   -435.9   -443.3   3549.7
81   9   -434.5   -617.7   3513.7
81   10   -511.0   -662.1   3475.5
81   11   -501.2   -1000.4   3411.8
81   12   -486.3   -1315.8   3429.2
81   13   -348.3   -661.3   3510.4
81   14   -353.0   -1000.7   3452.4
81   15   -364.0   -1315.9   3429.0
81   16   -606.8   -448.3   3255.0
81   17   -120.8   73.6   3429.7
81   18   -441.5   -173.7   3552.5
82   0   -446.5   -84.4   3611.4
82   1   -440.0   -241.3   3560.6
82   2   -558.1   -243.9   3522.7
82   3   -652.3   -417.6   3417.0
82   4   -590.1   -382.5   3194.4
82   5   -319.8   -221.6   3618.9
82   6   -160.4   -110.4   3514.8
82   7   -162.3   41.0   3329.5
82   8   -436.0   -444.2   3549.7
82   9   -434.4   -618.6   3514.7
82   10   -512.0   -665.4   3475.8
82   11   -501.5   -1002.2   3413.9
82   12   -485.9   -1317.9   3422.5
82   13   -346.8   -663.8   3510.5
82   14   -353.0   -1001.4   3452.5
82   15   -364.8   -1316.5   3427.6
82   16   -600.4   -388.4   3231.5
82   17   -161.9   15.7   3360.4
82   18   -441.3   -173.7   3564.2
83   0   -446.6   -83.5   3620.4
83   1   -439.9   -241.2   3568.4
83   2   -555.3   -247.3   3530.3
83   3   -598.3   -434.2   3419.5
83   4   -571.9   -327.2   3206.7
83   5   -316.5   -229.6   3613.4
83   6   -166.4   -163.5   3465.2
83   7   -231.5   -26.7   3276.4
83   8   -436.1   -445.0   3550.0
83   9   -434.3   -619.3   3515.6
83   10   -512.6   -669.3   3476.7
83   11   -501.6   -1004.8   3415.4
83   12   -485.4   -1320.5   3413.7
83   13   -345.8   -666.5   3510.9
83   14   -353.0   -1002.7   3452.7
83   15   -366.7   -1317.6   3426.8
83   16   -576.3   -345.0   3242.2
83   17   -220.6   -49.5   3307.9
83   18   -441.1   -173.7   3574.5
84   0   -444.3   -79.0   3614.4
84   1   -439.7   -241.1   3573.9
84   2   -550.4   -249.3   3527.8
84   3   -557.6   -446.5   3425.9
84   4   -542.2   -290.1   3234.5
84   5   -315.7   -239.6   3602.5
84   6   -176.7   -229.2   3430.5
84   7   -314.4   -95.1   3290.9
84   8   -436.1   -445.6   3550.9
84   9   -434.2   -619.9   3516.1
84   10   -513.1   -671.1   3477.8
84   11   -502.0   -1005.8   3417.8
84   12   -484.8   -1321.5   3418.8
84   13   -345.3   -667.8   3511.6
84   14   -352.9   -1002.8   3452.9
84   15   -367.4   -1317.6   3426.5
84   16   -544.8   -316.1   3266.4
84   17   -291.6   -117.5   3314.2
84   18   -440.9   -173.7   3581.5
85   0   -436.5   -76.7   3589.6
85   1   -439.4   -241.0   3577.2
85   2   -543.8   -249.8   3517.8
85   3   -541.9   -454.5   3426.9
85   4   -517.1   -267.1   3260.4
85   5   -318.1   -249.1   3579.1
85   6   -187.3   -310.8   3414.4
85   7   -361.6   -168.4   3320.2
85   8   -436.1   -446.1   3552.1
85   9   -434.0   -620.3   3516.6
85   10   -513.5   -672.2   3478.8
85   11   -502.1   -1006.2   3419.8
85   12   -484.4   -1321.8   3426.1
85   13   -344.9   -668.9   3512.4
85   14   -352.9   -1002.9   3453.1
85   15   -367.5   -1317.7   3427.0
85   16   -521.2   -298.3   3288.1
85   17   -332.7   -192.1   3335.9
85   18   -440.5   -173.7   3585.5
86   0   -428.4   -79.8   3570.7
86   1   -439.2   -243.0   3578.7
86   2   -537.2   -248.5   3503.1
86   3   -537.2   -459.2   3424.7
86   4   -491.8   -252.5   3287.8
86   5   -321.2   -257.3   3557.3
86   6   -220.9   -390.7   3418.3
86   7   -393.2   -229.6   3338.6
86   8   -436.1   -448.7   3552.9
86   9   -433.9   -622.4   3516.7
86   10   -513.7   -673.8   3479.7
86   11   -502.2   -1007.4   3422.1
86   12   -483.7   -1323.0   3430.1
86   13   -345.2   -671.4   3512.9
86   14   -353.0   -1004.7   3453.0
86   15   -367.5   -1319.5   3427.8
86   16   -499.3   -287.0   3310.6
86   17   -364.5   -256.4   3351.9
86   18   -440.2   -175.8   3587.1
87   0   -422.3   -82.9   3570.5
87   1   -439.0   -246.9   3577.2
87   2   -532.4   -247.5   3488.2
87   3   -544.6   -440.3   3379.3
87   4   -448.1   -230.6   3299.7
87   5   -321.7   -266.6   3548.1
87   6   -255.1   -442.0   3427.2
87   7   -411.8   -275.6   3329.3
87   8   -436.0   -453.3   3550.9
87   9   -433.7   -626.7   3516.4
87   10   -513.6   -675.6   3479.6
87   11   -502.3   -1008.9   3423.4
87   12   -483.4   -1324.5   3430.3
87   13   -346.1   -675.6   3512.5
87   14   -353.4   -1008.3   3452.5
87   15   -367.7   -1323.3   3428.1
87   16   -464.1   -265.6   3312.9
87   17   -385.7   -303.3   3345.6
87   18   -439.9   -179.6   3585.8
88   0   -420.3   -88.1   3586.9
88   1   -438.7   -251.0   3572.8
88   2   -531.9   -249.3   3478.5
88   3   -552.2   -435.1   3356.6
88   4   -423.2   -229.6   3310.0
88   5   -317.7   -272.3   3551.7
88   6   -275.8   -467.8   3441.9
88   7   -418.4   -315.2   3311.4
88   8   -436.0   -458.1   3544.1
88   9   -433.5   -631.7   3515.8
88   10   -513.5   -677.5   3478.7
88   11   -502.3   -1013.8   3423.1
88   12   -483.1   -1329.4   3430.0
88   13   -347.4   -681.0   3511.8
88   14   -354.1   -1016.5   3450.8
88   15   -368.1   -1331.6   3428.0
88   16   -444.7   -263.9   3317.7
88   17   -394.6   -340.6   3333.1
88   18   -439.6   -183.9   3582.0
89   0   -421.2   -98.5   3606.9
89   1   -438.5   -254.8   3566.3
89   2   -537.9   -253.8   3477.7
89   3   -554.9   -435.7   3347.6
89   4   -413.5   -232.0   3316.3
89   5   -313.3   -274.5   3570.4
89   6   -287.3   -465.5   3447.4
89   7   -428.7   -338.9   3291.4
89   8   -435.9   -462.3   3534.6
89   9   -433.4   -636.3   3515.2
89   10   -513.6   -678.3   3477.4
89   11   -502.3   -1018.4   3422.3
89   12   -482.9   -1333.9   3428.8
89   13   -347.9   -684.3   3510.6
89   14   -354.9   -1023.3   3449.1
89   15   -368.5   -1338.5   3428.2
89   16   -437.1   -266.0   3321.6
89   17   -405.1   -360.0   3317.4
89   18   -439.3   -187.8   3576.6
90   0   -422.7   -106.7   3618.6
90   1   -438.1   -257.3   3559.8
90   2   -541.9   -256.0   3475.0
90   3   -556.4   -439.2   3345.7
90   4   -412.9   -235.6   3320.7
90   5   -310.3   -276.1   3575.3
90   6   -290.8   -462.3   3444.9
90   7   -432.9   -334.8   3288.0
90   8   -435.8   -465.4   3525.7
90   9   -433.3   -639.6   3514.9
90   10   -513.9   -679.6   3477.1
90   11   -502.5   -1022.4   3421.5
90   12   -482.8   -1337.9   3426.2
90   13   -348.4   -687.3   3510.1
90   14   -356.0   -1028.9   3447.5
90   15   -369.3   -1344.3   3429.7
90   16   -436.8   -269.6   3324.9
90   17   -409.2   -356.0   3314.1
90   18   -438.8   -190.5   3570.8
91   0   -423.7   -110.1   3621.0
91   1   -437.7   -259.2   3554.9
91   2   -545.7   -258.1   3474.8
91   3   -556.7   -442.9   3347.3
91   4   -415.6   -238.8   3322.1
91   5   -308.6   -276.6   3578.5
91   6   -290.1   -460.5   3446.2
91   7   -429.4   -327.8   3290.7
91   8   -435.8   -468.1   3521.0
91   9   -433.3   -642.2   3514.6
91   10   -514.3   -680.1   3476.9
91   11   -502.7   -1024.2   3421.0
91   12   -482.3   -1339.6   3425.9
91   13   -348.3   -688.5   3509.8
91   14   -357.3   -1031.3   3446.0
91   15   -370.1   -1346.9   3432.2
91   16   -439.1   -272.8   3326.3
91   17   -406.2   -349.9   3316.6
91   18   -438.3   -192.3   3565.7
92   0   -424.1   -109.8   3617.9
92   1   -437.2   -260.3   3552.1
92   2   -549.7   -260.3   3479.2
92   3   -556.4   -444.2   3349.9
92   4   -417.1   -240.2   3322.6
92   5   -308.1   -276.5   3581.0
92   6   -287.4   -460.2   3450.5
92   7   -422.5   -322.5   3295.7
92   8   -435.7   -470.1   3519.4
92   9   -433.3   -644.1   3514.3
92   10   -514.7   -680.1   3476.6
92   11   -502.9   -1025.2   3420.7
92   12   -482.0   -1340.6   3427.8
92   13   -348.1   -688.9   3509.7
92   14   -358.4   -1032.6   3445.5
92   15   -370.9   -1348.4   3434.5
92   16   -440.4   -274.2   3327.2
92   17   -400.0   -345.5   3321.5
92   18   -437.7   -193.4   3562.5
93   0   -424.2   -107.7   3611.3
93   1   -436.7   -261.2   3550.8
93   2   -552.8   -262.0   3485.4
93   3   -555.9   -444.0   3353.3
93   4   -417.6   -240.5   3324.1
93   5   -307.8   -276.0   3581.4
93   6   -283.0   -459.9   3453.3
93   7   -417.0   -320.8   3299.0
93   8   -435.7   -471.7   3519.5
93   9   -433.2   -645.6   3514.1
93   10   -514.9   -680.3   3476.5
93   11   -503.2   -1027.2   3420.4
93   12   -481.7   -1342.5   3431.0
93   13   -348.1   -689.3   3509.6
93   14   -359.1   -1034.8   3445.9
93   15   -372.5   -1350.7   3438.2
93   16   -440.7   -274.5   3329.0
93   17   -394.7   -344.0   3324.7
93   18   -437.0   -194.2   3560.7
94   0   -424.3   -106.2   3607.2
94   1   -436.1   -261.6   3550.6
94   2   -555.2   -263.3   3493.4
94   3   -555.6   -442.3   3357.3
94   4   -416.8   -239.8   3328.5
94   5   -307.8   -275.2   3580.5
94   6   -278.7   -458.8   3453.5
94   7   -412.5   -318.8   3300.2
94   8   -435.6   -472.7   3520.4
94   9   -433.2   -646.5   3513.8
94   10   -514.9   -680.6   3476.4
94   11   -503.5   -1028.1   3420.3
94   12   -481.6   -1343.2   3433.7
94   13   -348.2   -689.7   3509.5
94   14   -360.4   -1035.6   3444.8
94   15   -372.4   -1351.6   3440.4
94   16   -439.9   -273.6   3333.3
94   17   -390.2   -342.1   3325.7
94   18   -436.3   -194.5   3560.2
95   0   -424.3   -105.4   3605.4
95   1   -435.6   -261.8   3551.0
95   2   -556.2   -263.8   3499.8
95   3   -555.6   -441.1   3361.5
95   4   -415.8   -239.5   3333.4
95   5   -307.8   -274.3   3578.8
95   6   -274.7   -457.9   3453.2
95   7   -408.6   -317.2   3300.8
95   8   -435.6   -473.4   3521.5
95   9   -433.2   -647.1   3513.6
95   10   -514.8   -681.1   3476.4
95   11   -503.8   -1028.1   3420.4
95   12   -481.5   -1343.3   3430.9
95   13   -348.3   -690.2   3509.5
95   14   -361.2   -1035.5   3443.7
95   15   -372.1   -1351.5   3441.9
95   16   -439.1   -273.1   3338.1
95   17   -386.3   -340.7   3326.2
95   18   -435.6   -194.7   3560.4
96   0   -424.4   -104.9   3605.0
96   1   -435.1   -261.8   3551.6
96   2   -556.3   -263.7   3504.8
96   3   -555.8   -440.2   3365.3
96   4   -415.0   -239.4   3338.5
96   5   -307.8   -273.4   3576.7
96   6   -271.0   -457.3   3452.6
96   7   -407.1   -316.6   3302.4
96   8   -435.6   -473.8   3522.7
96   9   -433.2   -647.4   3513.3
96   10   -514.8   -681.3   3476.4
96   11   -504.2   -1026.9   3420.6
96   12   -481.5   -1342.1   3421.9
96   13   -348.4   -690.2   3509.4
96   14   -362.4   -1033.6   3442.3
96   15   -371.9   -1349.7   3443.1
96   16   -438.5   -272.8   3343.0
96   17   -384.4   -340.0   3327.4
96   18   -435.0   -194.7   3560.8
97   0   -424.4   -104.5   3605.4
97   1   -434.6   -261.8   3552.3
97   2   -555.1   -263.0   3506.3
97   3   -556.4   -439.6   3367.0
97   4   -414.9   -239.3   3340.6
97   5   -307.8   -272.5   3575.2
97   6   -270.2   -457.0   3452.3
97   7   -407.9   -315.5   3304.6
97   8   -435.5   -474.2   3523.9
97   9   -433.2   -647.7   3513.1
97   10   -514.7   -681.3   3476.5
97   11   -504.6   -1025.5   3420.9
97   12   -481.6   -1340.6   3412.8
97   13   -348.5   -690.1   3509.3
97   14   -362.8   -1031.9   3441.6
97   15   -372.2   -1347.9   3443.6
97   16   -438.5   -272.7   3345.0
97   17   -384.9   -339.1   3329.2
97   18   -434.3   -194.7   3561.3
98   0   -424.5   -104.2   3606.3
98   1   -434.1   -261.8   3553.0
98   2   -553.7   -262.2   3506.8
98   3   -556.9   -439.2   3368.0
98   4   -415.1   -239.3   3340.9
98   5   -307.9   -272.0   3575.0
98   6   -270.9   -456.7   3452.2
98   7   -409.2   -312.9   3307.4
98   8   -435.5   -474.6   3525.0
98   9   -433.2   -648.0   3512.9
98   10   -514.6   -681.5   3476.5
98   11   -504.9   -1024.9   3421.0
98   12   -481.4   -1340.0   3412.6
98   13   -348.5   -690.1   3509.3
98   14   -362.8   -1031.1   3441.5
98   15   -372.8   -1347.1   3443.2
98   16   -438.8   -272.6   3345.4
98   17   -386.1   -336.8   3331.5
98   18   -433.7   -194.6   3561.8
99   0   -424.5   -104.0   3607.9
99   1   -433.7   -261.8   3553.8
99   2   -552.1   -261.2   3506.0
99   3   -557.5   -439.2   3368.6
99   4   -415.7   -239.5   3340.7
99   5   -308.0   -271.7   3575.5
99   6   -272.4   -456.5   3452.4
99   7   -411.5   -308.8   3312.3
99   8   -435.5   -474.9   3526.1
99   9   -433.2   -648.2   3512.7
99   10   -514.6   -681.7   3476.5
99   11   -505.0   -1025.3   3420.9
99   12   -481.1   -1340.4   3421.7
99   13   -348.6   -690.1   3509.4
99   14   -362.6   -1031.5   3442.2
99   15   -374.0   -1347.5   3441.2
99   16   -439.3   -272.8   3345.4
99   17   -388.3   -333.4   3335.7
99   18   -433.1   -194.6   3562.5
100   0   -424.5   -103.9   3609.7
100   1   -433.3   -261.8   3554.6
100   2   -550.8   -260.5   3505.7
100   3   -558.1   -439.1   3369.1
100   4   -416.4   -239.6   3339.0
100   5   -308.1   -271.7   3575.9
100   6   -274.2   -456.6   3452.4
100   7   -413.5   -300.6   3322.3
100   8   -435.4   -475.2   3527.3
100   9   -433.2   -648.3   3512.5
100   10   -514.4   -682.2   3476.8
100   11   -505.0   -1027.8   3420.7
100   12   -481.0   -1341.5   3444.4
100   13   -348.6   -690.3   3509.4
100   14   -362.4   -1034.0   3443.7
100   15   -375.4   -1349.8   3438.0
100   16   -440.0   -272.9   3344.1
100   17   -390.3   -326.6   3344.0
100   18   -432.6   -194.6   3563.3
101   0   -424.5   -103.9   3611.8
101   1   -433.1   -261.9   3555.9
101   2   -549.9   -260.0   3505.7
101   3   -558.6   -439.1   3370.0
101   4   -417.1   -239.8   3337.9
101   5   -308.2   -271.6   3576.1
101   6   -274.7   -456.8   3453.0
101   7   -413.4   -296.2   3327.7
101   8   -435.4   -475.5   3529.9
101   9   -433.2   -648.5   3512.4
101   10   -514.2   -683.3   3477.3
101   11   -505.0   -1030.8   3420.5
101   12   -481.3   -1344.1   3454.1
101   13   -348.8   -690.6   3509.6
101   14   -362.4   -1036.5   3444.1
101   15   -375.6   -1352.3   3435.3
101   16   -440.7   -273.0   3343.3
101   17   -390.3   -323.0   3348.5
101   18   -432.3   -194.6   3564.1
102   0   -424.6   -103.8   3614.0
102   1   -433.0   -261.9   3557.5
102   2   -549.3   -259.7   3506.3
102   3   -559.0   -439.2   3371.2
102   4   -417.5   -240.2   3337.3
102   5   -308.3   -271.6   3576.4
102   6   -274.2   -457.8   3455.0
102   7   -410.3   -296.7   3327.5
102   8   -435.3   -475.9   3533.7
102   9   -433.2   -648.5   3512.2
102   10   -513.8   -685.1   3478.4
102   11   -504.9   -1034.3   3420.4
102   12   -481.7   -1348.0   3451.8
102   13   -348.9   -691.0   3509.8
102   14   -362.4   -1038.8   3444.6
102   15   -375.3   -1354.4   3431.8
102   16   -441.1   -273.4   3342.9
102   17   -387.6   -323.5   3348.7
102   18   -432.2   -194.6   3565.0
103   0   -424.6   -103.8   3616.5
103   1   -432.9   -262.0   3559.3
103   2   -549.0   -259.5   3507.2
103   3   -559.3   -439.5   3372.7
103   4   -417.2   -241.3   3336.9
103   5   -308.5   -271.5   3576.7
103   6   -273.5   -458.2   3456.2
103   7   -409.3   -294.8   3331.1
103   8   -435.3   -476.2   3537.7
103   9   -433.2   -648.5   3512.0
103   10   -513.1   -687.7   3479.9
103   11   -504.8   -1037.9   3420.2
103   12   -481.3   -1352.5   3434.7
103   13   -349.1   -691.7   3510.2
103   14   -362.4   -1040.8   3445.0
103   15   -374.9   -1356.3   3428.5
103   16   -440.9   -274.4   3342.8
103   17   -386.7   -322.1   3351.9
103   18   -432.2   -194.6   3566.1
104   0   -424.6   -103.5   3618.2
104   1   -432.9   -262.1   3561.1
104   2   -548.8   -259.4   3508.4
104   3   -559.5   -439.7   3374.3
104   4   -417.1   -242.1   3336.7
104   5   -308.7   -271.4   3576.9
104   6   -272.8   -458.2   3456.8
104   7   -406.4   -289.9   3336.1
104   8   -435.2   -476.4   3541.6
104   9   -433.2   -648.3   3511.9
104   10   -512.5   -690.3   3481.9
104   11   -504.7   -1042.1   3419.6
104   12   -480.0   -1357.1   3424.3
104   13   -349.4   -692.6   3510.7
104   14   -362.5   -1043.6   3445.2
104   15   -374.4   -1359.1   3427.3
104   16   -440.8   -275.0   3342.9
104   17   -384.1   -318.0   3356.2
104   18   -432.2   -194.6   3567.2
105   0   -424.6   -102.9   3619.2
105   1   -432.9   -262.1   3562.6
105   2   -549.0   -259.5   3510.7
105   3   -559.7   -439.1   3375.8
105   4   -416.8   -242.2   3336.4
105   5   -308.9   -271.2   3577.2
105   6   -272.5   -458.1   3457.4
105   7   -404.8   -287.8   3338.1
105   8   -435.1   -476.5   3544.6
105   9   -433.1   -648.2   3511.9
105   10   -512.0   -693.2   3484.9
105   11   -504.6   -1046.1   3419.0
105   12   -504.5   -1364.7   3418.6
105   13   -349.7   -693.6   3511.3
105   14   -362.5   -1046.5   3446.1
105   15   -374.3   -1361.8   3425.8
105   16   -440.6   -275.1   3343.0
105   17   -382.8   -316.2   3358.0
105   18   -432.2   -194.6   3568.3
106   0   -424.5   -102.2   3619.8
106   1   -432.9   -262.1   3563.9
106   2   -549.2   -259.6   3513.2
106   3   -559.8   -438.1   3376.8
106   4   -416.2   -242.0   3336.2
106   5   -309.2   -271.1   3577.6
106   6   -272.4   -458.0   3457.9
106   7   -404.6   -288.3   3337.7
106   8   -435.1   -476.4   3546.0
106   9   -433.1   -648.2   3511.9
106   10   -512.0   -695.2   3487.6
106   11   -504.5   -1049.0   3418.6
106   12   -504.5   -1366.5   3418.4
106   13   -350.0   -694.7   3511.9
106   14   -362.5   -1049.1   3446.9
106   15   -374.5   -1364.3   3424.4
106   16   -440.1   -274.7   3342.9
106   17   -382.6   -316.5   3357.8
106   18   -432.3   -194.6   3569.5
107   0   -424.5   -101.4   3620.2
107   1   -432.9   -262.1   3565.3
107   2   -549.4   -259.7   3516.0
107   3   -560.0   -436.8   3377.8
107   4   -415.3   -241.7   3336.2
107   5   -309.4   -271.0   3578.0
107   6   -272.3   -458.0   3458.6
107   7   -405.4   -290.7   3336.1
107   8   -435.0   -476.3   3546.4
107   9   -433.1   -648.3   3512.1
107   10   -512.4   -696.1   3489.4
107   11   -504.5   -1050.7   3418.3
107   12   -504.5   -1367.4   3418.2
107   13   -349.9   -695.3   3512.6
107   14   -362.5   -1050.7   3446.7
107   15   -362.5   -1367.5   3446.4
107   16   -439.5   -274.2   3343.2
107   17   -383.2   -318.6   3356.5
107   18   -432.3   -194.6   3571.2
108   0   -424.5   -100.5   3620.6
108   1   -432.9   -262.0   3567.2
108   2   -549.1   -259.5   3518.6
108   3   -560.3   -435.5   3378.9
108   4   -414.5   -241.4   3336.4
108   5   -309.6   -270.8   3578.4
108   6   -272.2   -458.1   3459.6
108   7   -405.3   -291.8   3335.7
108   8   -434.9   -476.0   3546.5
108   9   -433.1   -648.3   3512.9
108   10   -512.9   -696.4   3491.4
108   11   -504.5   -1051.5   3418.0
108   12   -504.5   -1367.7   3417.9
108   13   -349.7   -695.6   3513.6
108   14   -362.6   -1051.7   3446.0
108   15   -362.6   -1368.1   3445.4
108   16   -438.8   -273.7   3343.5
108   17   -383.1   -319.5   3356.4
108   18   -432.3   -194.6   3573.8
109   0   -424.4   -99.4   3621.0
109   1   -432.9   -261.9   3569.9
109   2   -548.6   -259.3   3521.3
109   3   -560.3   -434.0   3380.2
109   4   -413.4   -241.0   3336.7
109   5   -309.7   -270.8   3578.9
109   6   -272.1   -458.3   3460.6
109   7   -404.7   -291.9   3336.2
109   8   -434.8   -475.6   3546.3
109   9   -433.1   -648.3   3514.1
109   10   -513.2   -696.4   3492.1
109   11   -504.4   -1052.0   3417.8
109   12   -504.4   -1368.2   3417.8
109   13   -349.5   -695.8   3514.4
109   14   -362.7   -1052.4   3445.5
109   15   -362.8   -1368.7   3445.2
109   16   -437.9   -273.2   3344.0
109   17   -382.6   -319.6   3357.0
109   18   -432.3   -194.6   3577.3
110   0   -424.4   -98.7   3621.2
110   1   -432.9   -261.8   3572.3
110   2   -548.0   -258.9   3523.2
110   3   -560.2   -433.1   3381.3
110   4   -412.3   -240.7   3338.2
110   5   -309.8   -270.7   3579.4
110   6   -271.8   -459.6   3463.4
110   7   -403.5   -294.3   3336.6
110   8   -434.7   -475.2   3546.2
110   9   -433.1   -648.2   3515.4
110   10   -513.4   -695.9   3492.1
110   11   -504.4   -1052.3   3417.8
110   12   -471.8   -1362.0   3431.1
110   13   -349.3   -695.8   3515.2
110   14   -362.9   -1052.8   3444.2
110   15   -363.1   -1369.0   3443.2
110   16   -436.9   -272.8   3345.4
110   17   -381.5   -321.9   3357.8
110   18   -432.3   -194.6   3580.5
111   0   -424.3   -98.4   3621.3
111   1   -432.9   -261.8   3574.2
111   2   -547.2   -258.6   3523.8
111   3   -560.3   -432.8   3382.2
111   4   -411.5   -241.0   3340.3
111   5   -309.9   -270.7   3579.7
111   6   -271.4   -460.9   3465.9
111   7   -402.2   -296.3   3337.3
111   8   -434.7   -474.9   3546.1
111   9   -433.1   -648.2   3516.8
111   10   -513.4   -695.6   3492.1
111   11   -504.4   -1052.6   3417.7
111   12   -463.3   -1364.4   3432.3
111   13   -349.1   -695.9   3516.1
111   14   -363.0   -1053.2   3443.8
111   15   -363.0   -1369.5   3443.7
111   16   -436.3   -273.0   3347.3
111   17   -380.4   -323.7   3358.7
111   18   -432.3   -194.6   3583.0
112   0   -424.4   -98.4   3621.2
112   1   -432.9   -261.7   3575.5
112   2   -546.8   -258.5   3524.4
112   3   -560.5   -432.9   3383.1
112   4   -410.4   -241.6   3342.9
112   5   -309.9   -270.7   3579.9
112   6   -271.3   -460.9   3466.2
112   7   -402.2   -296.6   3337.4
112   8   -434.6   -474.7   3546.0
112   9   -433.1   -648.1   3518.2
112   10   -513.2   -695.5   3492.0
112   11   -504.4   -1053.1   3417.6
112   12   -463.5   -1366.3   3428.3
112   13   -348.9   -695.9   3516.6
112   14   -363.0   -1053.6   3443.5
112   15   -363.1   -1369.9   3443.5
112   16   -435.4   -273.5   3349.6
112   17   -380.4   -324.0   3358.8
112   18   -432.3   -194.6   3584.7
113   0   -424.4   -98.6   3621.1
113   1   -432.9   -261.7   3576.4
113   2   -546.4   -258.4   3524.7
113   3   -560.7   -433.3   3384.0
113   4   -409.4   -242.5   3346.7
113   5   -309.8   -270.7   3579.9
113   6   -271.5   -459.9   3464.5
113   7   -403.4   -295.5   3336.9
113   8   -434.4   -474.5   3546.0
113   9   -433.1   -648.1   3519.2
113   10   -513.1   -695.5   3491.9
113   11   -504.4   -1053.4   3417.6
113   12   -464.0   -1367.3   3425.3
113   13   -348.7   -695.9   3516.5
113   14   -363.1   -1054.0   3443.4
113   15   -363.1   -1370.3   3443.4
113   16   -434.6   -274.3   3352.9
113   17   -381.4   -322.9   3358.2
113   18   -432.3   -194.6   3586.0
114   0   -424.4   -98.8   3621.0
114   1   -432.8   -261.6   3577.0
114   2   -546.2   -258.4   3524.8
114   3   -561.1   -434.1   3385.1
114   4   -408.6   -243.8   3349.2
114   5   -309.7   -270.8   3580.0
114   6   -271.5   -460.0   3464.4
114   7   -403.5   -295.4   3337.0
114   8   -434.3   -474.4   3546.0
114   9   -433.1   -648.0   3520.0
114   10   -513.0   -695.4   3491.8
114   11   -504.4   -1053.6   3417.5
114   12   -448.4   -1365.5   3426.8
114   13   -348.5   -695.8   3516.2
114   14   -363.1   -1054.1   3443.3
114   15   -373.0   -1368.2   3423.4
114   16   -434.0   -275.6   3355.2
114   17   -381.5   -322.8   3358.3
114   18   -432.3   -194.6   3586.8
115   0   -424.5   -99.1   3620.9
115   1   -432.8   -261.6   3577.5
115   2   -546.0   -258.5   3524.8
115   3   -561.2   -435.2   3386.5
115   4   -409.1   -244.8   3350.1
115   5   -309.6   -270.8   3580.0
115   6   -271.5   -460.0   3464.3
115   7   -403.6   -295.3   3337.1
115   8   -434.2   -474.3   3546.0
115   9   -433.1   -647.9   3520.4
115   10   -513.0   -695.3   3491.7
115   11   -504.3   -1053.4   3417.2
115   12   -447.1   -1364.9   3434.7
115   13   -348.3   -695.6   3515.4
115   14   -363.1   -1054.0   3443.1
115   15   -366.7   -1370.0   3424.3
115   16   -434.4   -276.6   3356.2
115   17   -381.6   -322.8   3358.3
115   18   -432.3   -194.6   3587.5
116   0   -424.5   -99.4   3620.8
116   1   -432.8   -261.6   3577.8
116   2   -546.0   -258.6   3524.9
116   3   -561.3   -436.5   3388.0
116   4   -410.0   -245.7   3350.5
116   5   -309.5   -270.9   3580.0
116   6   -271.5   -459.8   3463.9
116   7   -403.9   -295.1   3337.3
116   8   -434.1   -474.2   3546.0
116   9   -433.1   -647.7   3520.7
116   10   -513.0   -695.0   3491.4
116   11   -504.3   -1052.3   3416.5
116   12   -461.0   -1365.3   3440.7
116   13   -348.1   -695.2   3514.5
116   14   -363.1   -1053.0   3442.9
116   15   -362.4   -1369.8   3426.9
116   16   -435.2   -277.5   3356.8
116   17   -381.9   -322.5   3358.4
116   18   -432.3   -194.6   3587.9
117   0   -424.6   -99.6   3620.7
117   1   -432.7   -261.6   3577.9
117   2   -546.2   -258.9   3525.3
117   3   -561.3   -437.0   3388.7
117   4   -410.8   -245.5   3350.8
117   5   -309.4   -271.0   3580.0
117   6   -271.6   -459.7   3463.6
117   7   -404.4   -294.9   3337.5
117   8   -434.0   -474.1   3546.0
117   9   -433.1   -647.6   3520.8
117   10   -513.0   -694.9   3491.3
117   11   -504.1   -1050.3   3415.7
117   12   -479.4   -1366.5   3444.1
117   13   -348.1   -694.9   3513.5
117   14   -363.0   -1051.1   3442.3
117   15   -383.9   -1368.6   3439.7
117   16   -435.9   -277.4   3357.1
117   17   -382.3   -322.4   3358.5
117   18   -432.3   -194.6   3588.0
118   0   -424.6   -99.9   3620.7
118   1   -432.7   -261.6   3578.0
118   2   -546.5   -259.2   3526.0
118   3   -561.2   -437.0   3389.0
118   4   -411.9   -244.7   3351.0
118   5   -309.3   -271.0   3580.0
118   6   -271.7   -459.3   3462.8
118   7   -405.4   -294.4   3337.8
118   8   -433.8   -474.1   3546.0
118   9   -433.1   -647.5   3520.8
118   10   -512.7   -695.2   3491.2
118   11   -504.0   -1048.0   3415.0
118   12   -484.5   -1365.1   3445.9
118   13   -348.1   -694.8   3512.6
118   14   -363.0   -1048.5   3441.5
118   15   -381.2   -1367.1   3439.6
118   16   -436.8   -276.7   3357.3
118   17   -383.1   -321.9   3358.6
118   18   -432.3   -194.6   3588.1
119   0   -424.6   -100.1   3620.6
119   1   -432.7   -261.6   3578.1
119   2   -546.8   -259.5   3526.8
119   3   -561.0   -436.9   3389.2
119   4   -412.9   -243.8   3350.8
119   5   -309.3   -271.1   3580.0
119   6   -271.8   -458.8   3461.8
119   7   -406.5   -293.6   3338.0
119   8   -433.7   -474.2   3546.1
119   9   -433.1   -647.3   3520.8
119   10   -512.5   -695.2   3491.0
119   11   -504.0   -1045.6   3415.0
119   12   -479.5   -1362.2   3447.0
119   13   -348.1   -694.7   3511.7
119   14   -362.8   -1045.9   3441.0
119   15   -362.6   -1364.4   3432.8
119   16   -437.6   -275.9   3357.2
119   17   -384.0   -321.2   3358.6
119   18   -432.3   -194.6   3588.2
120   0   -424.7   -100.2   3620.6
120   1   -432.6   -261.6   3578.1
120   2   -546.9   -259.8   3527.2
120   3   -560.8   -436.9   3389.2
120   4   -413.3   -243.3   3350.8
120   5   -309.2   -271.1   3580.0
120   6   -271.9   -458.1   3460.6
120   7   -407.5   -292.8   3337.9
120   8   -433.6   -474.4   3546.2
120   9   -433.1   -647.2   3520.8
120   10   -512.3   -695.3   3490.8
120   11   -504.0   -1043.6   3415.2
120   12   -480.9   -1359.9   3447.4
120   13   -348.1   -694.5   3511.3
120   14   -362.5   -1043.7   3441.0
120   15   -355.6   -1361.8   3427.7
120   16   -437.9   -275.5   3357.2
120   17   -384.9   -320.3   3358.4
120   18   -432.3   -194.6   3588.2
121   0   -424.7   -100.4   3620.5
121   1   -432.6   -261.6   3578.2
121   2   -546.9   -259.9   3527.3
121   3   -560.5   -436.9   3389.1
121   4   -413.5   -242.9   3350.7
121   5   -309.2   -271.1   3580.0
121   6   -272.1   -457.3   3459.4
121   7   -408.5   -291.8   3338.2
121   8   -433.4   -474.9   3546.5
121   9   -433.1   -647.2   3521.0
121   10   -512.4   -695.7   3490.5
121   11   -504.0   -1042.3   3415.5
121   12   -481.9   -1358.3   3447.3
121   13   -347.8   -694.8   3511.2
121   14   -362.0   -1042.4   3442.1
121   15   -356.8   -1360.1   3425.7
121   16   -438.0   -275.2   3357.1
121   17   -385.7   -319.3   3358.4
121   18   -432.3   -194.6   3588.2
122   0   -424.7   -100.5   3620.6
122   1   -432.6   -261.6   3578.3
122   2   -546.8   -260.1   3527.2
122   3   -560.3   -437.0   3389.0
122   4   -413.8   -242.6   3350.8
122   5   -309.1   -271.2   3580.0
122   6   -272.4   -455.8   3456.9
122   7   -410.4   -290.0   3337.9
122   8   -433.3   -475.8   3546.8
122   9   -433.0   -647.4   3521.2
122   10   -512.8   -696.3   3490.0
122   11   -504.0   -1041.6   3415.7
122   12   -482.9   -1357.2   3447.1
122   13   -347.3   -695.3   3511.2
122   14   -361.6   -1041.6   3442.4
122   15   -359.5   -1359.0   3426.2
122   16   -438.2   -275.0   3357.1
122   17   -387.4   -317.7   3357.7
122   18   -432.3   -194.6   3588.2
123   0   -424.7   -100.6   3620.8
123   1   -432.5   -261.6   3578.4
123   2   -546.8   -260.2   3527.1
123   3   -560.5   -437.1   3388.8
123   4   -414.1   -242.5   3350.8
123   5   -309.1   -271.2   3580.0
123   6   -272.5   -455.1   3455.8
123   7   -411.5   -289.3   3337.9
123   8   -433.2   -474.8   3547.4
123   9   -433.0   -645.7   3521.8
123   10   -513.4   -696.8   3489.5
123   11   -503.9   -1041.3   3416.0
123   12   -482.7   -1356.6   3447.0
123   13   -346.6   -695.9   3511.1
123   14   -361.2   -1041.1   3442.0
123   15   -360.7   -1358.3   3426.9
123   16   -438.5   -275.0   3357.2
123   17   -388.3   -316.9   3357.5
123   18   -432.3   -194.6   3588.2
124   0   -424.7   -100.8   3621.0
124   1   -432.5   -261.7   3578.5
124   2   -546.7   -260.4   3527.0
124   3   -560.8   -437.1   3388.6
124   4   -414.2   -242.7   3350.9
124   5   -309.0   -271.2   3580.0
124   6   -272.6   -454.8   3455.2
124   7   -412.2   -289.1   3337.9
124   8   -433.0   -472.9   3548.0
124   9   -433.0   -643.2   3522.5
124   10   -513.7   -697.2   3489.1
124   11   -503.9   -1041.2   3416.3
124   12   -481.2   -1356.0   3447.9
124   13   -346.2   -696.4   3510.9
124   14   -361.0   -1040.8   3441.1
124   15   -360.9   -1357.9   3440.3
124   16   -438.7   -275.1   3357.2
124   17   -389.0   -316.7   3357.5
124   18   -432.3   -194.6   3588.2
125   0   -424.7   -100.8   3621.1
125   1   -432.5   -261.7   3578.6
125   2   -546.7   -260.5   3527.0
125   3   -561.2   -437.2   3388.5
125   4   -415.0   -242.4   3350.9
125   5   -308.9   -271.3   3580.0
125   6   -272.6   -454.6   3454.8
125   7   -412.8   -288.5   3338.7
125   8   -432.8   -470.9   3548.5
125   9   -433.0   -640.7   3523.0
125   10   -513.8   -697.2   3488.6
125   11   -503.9   -1041.2   3416.6
125   12   -478.8   -1355.7   3447.4
125   13   -346.0   -696.5   3510.7
125   14   -360.9   -1040.6   3440.1
125   15   -360.9   -1357.5   3439.3
125   16   -439.4   -274.8   3357.2
125   17   -389.4   -316.2   3358.1
125   18   -432.3   -194.6   3588.2
126   0   -424.7   -100.9   3621.2
126   1   -432.4   -261.7   3578.6
126   2   -546.7   -260.7   3527.0
126   3   -561.5   -437.2   3388.3
126   4   -415.9   -241.9   3350.9
126   5   -308.9   -271.3   3580.0
126   6   -272.7   -454.5   3454.4
126   7   -413.0   -287.4   3339.9
126   8   -432.6   -469.1   3548.8
126   9   -432.9   -638.5   3523.4
126   10   -513.6   -696.9   3488.0
126   11   -503.8   -1041.3   3416.9
126   12   -475.6   -1355.5   3446.4
126   13   -346.0   -696.4   3510.4
126   14   -360.8   -1040.5   3438.9
126   15   -360.8   -1357.3   3438.1
126   16   -440.2   -274.5   3357.1
126   17   -389.6   -315.2   3359.0
126   18   -432.3   -194.6   3588.2
