2   0   -440.2   -115.2   3628.2
2   1   -438.4   -280.4   3584.7
2   2   -577.9   -288.7   3555.6
2   3   -552.6   -470.4   3416.2
2   4   -364.5   -302.1   3413.6
2   5   -303.0   -300.5   3617.2
2   6   -279.8   -475.5   3469.1
2   7   -427.4   -281.4   3404.1
2   8   -438.6   -486.1   3559.7
2   9   -438.1   -648.5   3533.1
2   10   -530.6   -734.1   3507.7
2   11   -480.6   -1051.0   3382.8
2   12   -481.1   -1371.1   3432.5
2   13   -348.2   -743.2   3539.4
2   14   -382.5   -1064.3   3419.8
2   15   -404.5   -1385.2   3457.5
2   16   -395.9   -330.2   3414.0
2   17   -402.8   -313.7   3414.9
2   18   -438.4   -211.5   3593.1
3   0   -439.6   -113.0   3630.0
3   1   -437.9   -277.8   3585.8
3   2   -576.5   -286.3   3554.7
3   3   -556.1   -470.1   3417.9
3   4   -374.2   -296.7   3409.7
3   5   -302.1   -297.5   3614.2
3   6   -278.2   -475.4   3470.1
3   7   -426.0   -282.8   3401.5
3   8   -437.8   -483.9   3561.4
3   9   -437.1   -646.6   3534.8
3   10   -527.7   -727.3   3508.7
3   11   -484.4   -1048.4   3392.9
3   12   -480.6   -1368.8   3430.7
3   13   -348.2   -735.6   3538.7
3   14   -379.2   -1059.9   3426.1
3   15   -399.4   -1381.1   3454.1
3   16   -404.5   -325.6   3411.1
3   17   -401.3   -314.9   3412.9
3   18   -437.9   -208.9   3594.0
4   0   -437.8   -106.9   3636.3
4   1   -436.6   -270.1   3589.4
4   2   -573.1   -279.8   3554.4
4   3   -563.8   -466.3   3421.0
4   4   -395.1   -283.0   3399.9
4   5   -302.3   -291.2   3609.4
4   6   -273.5   -473.2   3472.0
4   7   -420.2   -284.0   3393.6
4   8   -435.3   -476.8   3566.0
4   9   -434.4   -640.7   3539.5
4   10   -517.9   -711.1   3512.0
4   11   -491.1   -1039.4   3409.1
4   12   -478.0   -1360.0   3426.7
4   13   -352.2   -719.0   3538.3
4   14   -372.8   -1049.6   3438.5
4   15   -387.2   -1371.0   3446.6
4   16   -423.2   -313.6   3403.4
4   17   -395.7   -315.6   3406.7
4   18   -437.0   -201.2   3597.2
5   0   -435.5   -99.1   3640.8
5   1   -435.1   -260.9   3591.8
5   2   -567.8   -272.1   3550.6
5   3   -572.5   -461.2   3420.5
5   4   -419.2   -267.2   3382.5
5   5   -303.2   -283.5   3598.9
5   6   -269.3   -471.1   3470.5
5   7   -418.7   -286.4   3386.3
5   8   -432.1   -468.5   3567.6
5   9   -430.9   -634.3   3541.1
5   10   -507.9   -695.3   3511.6
5   11   -498.2   -1030.6   3421.8
5   12   -473.1   -1351.5   3421.1
5   13   -355.5   -703.3   3534.1
5   14   -367.5   -1040.1   3447.6
5   15   -362.9   -1355.4   3455.4
5   16   -444.8   -299.6   3388.8
5   17   -393.8   -317.2   3400.3
5   18   -436.0   -192.0   3599.8
6   0   -433.8   -95.5   3640.4
6   1   -434.2   -256.0   3590.2
6   2   -565.0   -267.7   3547.7
6   3   -578.6   -455.9   3416.3
6   4   -431.5   -257.9   3367.7
6   5   -303.9   -279.4   3592.3
6   6   -267.8   -468.1   3465.6
6   7   -420.3   -285.1   3382.8
6   8   -430.2   -465.0   3561.1
6   9   -428.8   -632.9   3536.4
6   10   -506.3   -691.6   3505.0
6   11   -503.3   -1032.6   3425.5
6   12   -462.2   -1352.8   3419.5
6   13   -352.7   -700.6   3526.7
6   14   -365.8   -1041.9   3448.4
6   15   -365.6   -1369.9   3446.5
6   16   -456.0   -290.9   3375.8
6   17   -394.9   -315.6   3396.6
6   18   -435.5   -187.3   3599.7
7   0   -433.0   -96.6   3637.1
7   1   -433.9   -256.2   3586.5
7   2   -564.4   -266.1   3544.1
7   3   -582.2   -449.8   3406.5
7   4   -431.7   -252.2   3363.7
7   5   -303.7   -278.7   3589.5
7   6   -268.0   -466.5   3461.0
7   7   -421.4   -282.9   3381.1
7   8   -429.6   -466.5   3552.3
7   9   -428.1   -636.0   3529.1
7   10   -510.3   -693.5   3498.2
7   11   -506.4   -1038.4   3426.0
7   12   -461.1   -1358.8   3419.3
7   13   -347.3   -703.7   3520.6
7   14   -365.4   -1048.1   3448.2
7   15   -366.0   -1378.1   3446.8
7   16   -456.8   -285.1   3370.8
7   17   -395.9   -313.5   3394.4
7   18   -435.3   -187.8   3597.6
8   0   -432.6   -99.4   3631.3
8   1   -433.9   -259.0   3582.3
8   2   -564.5   -265.9   3539.3
8   3   -583.4   -450.0   3402.1
8   4   -433.0   -251.0   3363.4
8   5   -303.2   -279.5   3588.6
8   6   -269.4   -465.7   3457.2
8   7   -421.9   -280.0   3380.3
8   8   -429.7   -470.4   3545.0
8   9   -428.2   -640.9   3522.2
8   10   -514.8   -695.5   3492.7
8   11   -508.2   -1042.9   3425.5
8   12   -461.3   -1363.4   3419.6
8   13   -342.5   -706.1   3516.7
8   14   -366.2   -1052.1   3446.4
8   15   -367.5   -1378.8   3444.3
8   16   -458.1   -284.2   3369.8
8   17   -396.5   -311.0   3393.1
8   18   -435.3   -190.6   3594.4
9   0   -432.5   -102.8   3626.1
9   1   -434.0   -262.5   3579.2
9   2   -564.9   -266.2   3535.4
9   3   -583.4   -451.5   3399.6
9   4   -433.4   -251.4   3364.9
9   5   -302.7   -280.9   3588.5
9   6   -271.0   -467.2   3456.7
9   7   -421.0   -279.2   3380.2
9   8   -430.1   -474.9   3541.3
9   9   -428.6   -646.0   3518.1
9   10   -517.7   -697.1   3490.5
9   11   -508.4   -1046.2   3424.9
9   12   -462.2   -1366.9   3419.9
9   13   -340.3   -707.4   3515.7
9   14   -366.1   -1054.8   3446.2
9   15   -366.1   -1380.2   3445.9
9   16   -458.4   -284.7   3370.7
9   17   -396.0   -310.5   3393.0
9   18   -435.3   -194.2   3591.4
10   0   -432.6   -106.0   3623.1
10   1   -434.2   -265.6   3577.4
10   2   -565.5   -266.7   3533.7
10   3   -582.8   -452.7   3398.7
10   4   -432.9   -252.2   3365.4
10   5   -302.6   -282.2   3588.7
10   6   -272.6   -468.5   3456.6
10   7   -420.3   -278.6   3380.3
10   8   -430.5   -478.9   3539.6
10   9   -429.1   -650.4   3516.0
10   10   -519.0   -698.1   3490.3
10   11   -508.3   -1048.3   3424.4
10   12   -461.7   -1368.9   3420.2
10   13   -340.0   -707.9   3515.9
10   14   -366.3   -1056.1   3444.9
10   15   -380.4   -1374.2   3450.8
10   16   -457.9   -285.6   3371.0
10   17   -395.7   -310.3   3393.0
10   18   -435.4   -197.2   3589.5
11   0   -432.7   -108.5   3621.9
11   1   -434.4   -268.1   3576.5
11   2   -566.0   -267.2   3533.4
11   3   -582.0   -453.4   3398.5
11   4   -432.4   -252.7   3365.5
11   5   -302.9   -283.6   3588.9
11   6   -272.8   -469.6   3456.3
11   7   -419.8   -278.8   3380.7
11   8   -430.9   -482.3   3539.1
11   9   -429.7   -654.0   3515.1
11   10   -519.4   -698.6   3490.5
11   11   -508.0   -1049.5   3424.0
11   12   -461.3   -1370.1   3420.3
11   13   -340.8   -707.8   3516.9
11   14   -366.4   -1056.9   3445.1
11   15   -376.6   -1377.4   3452.6
11   16   -457.3   -286.2   3371.0
11   17   -395.3   -310.6   3393.3
11   18   -435.5   -199.8   3588.5
12   0   -432.7   -110.2   3621.8
12   1   -434.5   -270.0   3576.3
12   2   -566.3   -267.6   3533.8
12   3   -581.4   -453.5   3398.5
12   4   -432.7   -252.3   3365.5
12   5   -303.3   -284.7   3589.1
12   6   -272.9   -470.3   3456.1
12   7   -419.4   -279.0   3381.0
12   8   -431.3   -484.9   3539.2
12   9   -430.2   -656.9   3514.8
12   10   -519.3   -698.7   3490.7
12   11   -507.8   -1050.2   3423.6
12   12   -460.8   -1370.6   3420.4
12   13   -341.9   -707.4   3518.1
12   14   -367.6   -1056.2   3441.6
12   15   -374.2   -1378.2   3454.2
12   16   -457.5   -285.8   3371.0
12   17   -395.0   -310.9   3393.5
12   18   -435.6   -201.6   3588.1
13   0   -432.8   -111.0   3622.2
13   1   -434.7   -270.9   3576.3
13   2   -566.2   -267.9   3534.5
13   3   -581.4   -453.2   3398.6
13   4   -432.5   -252.1   3365.8
13   5   -303.4   -284.4   3589.3
13   6   -272.8   -470.2   3456.5
13   7   -419.3   -279.1   3380.8
13   8   -431.8   -486.8   3539.4
13   9   -430.8   -658.8   3514.8
13   10   -519.1   -698.7   3490.9
13   11   -507.7   -1050.6   3423.4
13   12   -460.3   -1370.9   3420.4
13   13   -343.1   -706.9   3519.1
13   14   -367.7   -1055.8   3440.8
13   15   -367.7   -1379.3   3440.8
13   16   -457.3   -285.6   3371.3
13   17   -394.9   -310.9   3393.5
13   18   -435.6   -202.5   3587.9
14   0   -432.8   -111.1   3622.9
14   1   -434.9   -271.4   3576.4
14   2   -566.0   -267.8   3535.3
14   3   -581.7   -452.6   3398.6
14   4   -432.1   -252.1   3365.9
14   5   -303.5   -283.5   3589.4
14   6   -272.8   -469.7   3457.3
14   7   -419.1   -279.0   3380.5
14   8   -432.2   -488.2   3539.7
14   9   -431.3   -660.0   3514.7
14   10   -518.6   -698.5   3491.1
14   11   -507.6   -1050.5   3423.2
14   12   -460.4   -1373.5   3422.4
14   13   -344.4   -706.3   3518.2
14   14   -367.8   -1055.5   3440.1
14   15   -367.7   -1383.8   3439.9
14   16   -457.0   -285.5   3371.3
14   17   -394.7   -310.8   3393.3
14   18   -435.7   -202.9   3587.9
15   0   -432.8   -110.9   3623.6
15   1   -435.0   -271.5   3576.5
15   2   -565.6   -267.7   3535.7
15   3   -582.3   -452.0   3398.7
15   4   -432.2   -251.9   3365.7
15   5   -303.5   -282.2   3589.4
15   6   -272.7   -469.2   3458.5
15   7   -418.3   -278.8   3379.6
15   8   -432.7   -489.3   3539.9
15   9   -431.8   -660.3   3514.4
15   10   -517.7   -697.8   3491.4
15   11   -507.6   -1049.7   3423.0
15   12   -462.9   -1373.8   3427.3
15   13   -346.3   -704.9   3516.4
15   14   -367.8   -1054.4   3438.8
15   15   -367.8   -1381.1   3438.0
15   16   -457.2   -285.2   3371.2
15   17   -394.0   -310.5   3392.8
15   18   -435.8   -203.0   3588.0
16   0   -432.9   -110.5   3624.3
16   1   -435.2   -271.4   3576.6
16   2   -565.1   -267.4   3535.9
16   3   -582.9   -451.5   3398.6
16   4   -432.7   -251.4   3365.5
16   5   -303.9   -281.5   3589.4
16   6   -272.4   -468.7   3459.1
16   7   -417.3   -278.5   3378.8
16   8   -433.1   -490.2   3539.9
16   9   -432.3   -660.0   3514.3
16   10   -516.9   -696.9   3491.6
16   11   -507.5   -1048.4   3422.8
16   12   -471.2   -1373.2   3432.0
16   13   -348.0   -703.6   3515.7
16   14   -367.7   -1052.7   3437.9
16   15   -367.5   -1378.3   3437.5
16   16   -457.7   -284.8   3371.0
16   17   -393.2   -310.2   3392.2
16   18   -435.9   -203.0   3588.0
17   0   -432.9   -110.0   3624.9
17   1   -435.3   -271.4   3576.6
17   2   -564.6   -267.2   3536.0
17   3   -582.9   -451.0   3398.4
17   4   -432.7   -251.0   3365.3
17   5   -304.4   -281.1   3589.4
17   6   -272.0   -468.4   3459.4
17   7   -415.9   -277.9   3377.8
17   8   -433.3   -490.9   3540.0
17   9   -432.6   -659.5   3514.5
17   10   -516.6   -696.2   3491.7
17   11   -507.5   -1046.7   3422.5
17   12   -469.0   -1370.8   3435.2
17   13   -349.1   -702.8   3515.8
17   14   -367.5   -1051.0   3436.9
17   15   -367.3   -1375.9   3436.3
17   16   -457.7   -284.3   3370.8
17   17   -391.9   -309.6   3391.4
17   18   -435.9   -203.0   3588.1
18   0   -432.9   -109.9   3626.2
18   1   -435.4   -271.3   3576.7
18   2   -564.2   -267.0   3536.2
18   3   -582.6   -450.4   3398.1
18   4   -432.3   -250.5   3365.4
18   5   -305.0   -281.1   3589.4
18   6   -271.5   -468.2   3459.4
18   7   -415.0   -277.6   3377.4
18   8   -433.5   -491.3   3540.2
18   9   -432.9   -659.0   3514.8
18   10   -516.5   -695.6   3491.6
18   11   -507.5   -1045.2   3422.4
18   12   -463.7   -1368.0   3435.9
18   13   -349.6   -702.4   3516.1
18   14   -367.2   -1049.5   3436.5
18   15   -373.8   -1375.9   3455.8
18   16   -457.3   -283.8   3370.8
18   17   -391.1   -309.3   3391.0
18   18   -435.9   -202.9   3588.1
19   0   -432.9   -110.0   3628.4
19   1   -435.4   -271.3   3576.8
19   2   -563.8   -266.8   3536.2
19   3   -582.2   -450.2   3398.2
19   4   -432.0   -250.2   3365.3
19   5   -305.6   -281.2   3589.4
19   6   -271.1   -468.1   3459.4
19   7   -414.9   -277.8   3377.5
19   8   -433.6   -491.6   3540.3
19   9   -433.1   -658.5   3515.2
19   10   -516.7   -694.8   3491.5
19   11   -507.5   -1043.8   3422.5
19   12   -462.2   -1365.8   3436.1
19   13   -349.9   -702.0   3516.2
19   14   -366.8   -1048.4   3436.4
19   15   -373.9   -1374.0   3453.1
19   16   -457.0   -283.5   3370.8
19   17   -390.9   -309.5   3391.1
19   18   -435.9   -202.9   3588.1
20   0   -432.9   -110.2   3630.8
20   1   -435.4   -271.3   3576.9
20   2   -563.5   -266.6   3536.3
20   3   -581.6   -450.1   3398.4
20   4   -431.8   -249.9   3365.2
20   5   -306.1   -281.4   3589.4
20   6   -270.6   -468.1   3459.5
20   7   -414.8   -278.1   3377.7
20   8   -433.7   -491.8   3540.5
20   9   -433.2   -658.1   3515.6
20   10   -516.8   -694.3   3491.5
20   11   -507.5   -1042.6   3422.5
20   12   -463.0   -1364.3   3436.8
20   13   -349.9   -701.7   3516.2
20   14   -366.7   -1047.4   3436.2
20   15   -374.3   -1372.3   3452.1
20   16   -456.7   -283.3   3370.8
20   17   -390.7   -309.7   3391.3
20   18   -435.9   -202.9   3588.2
21   0   -432.9   -110.4   3633.0
21   1   -435.4   -271.3   3577.0
21   2   -563.2   -266.5   3536.4
21   3   -580.8   -450.1   3398.8
21   4   -431.8   -249.6   3365.1
21   5   -306.6   -281.6   3589.4
21   6   -270.2   -468.2   3459.7
21   7   -414.6   -278.4   3377.8
21   8   -433.7   -491.8   3540.8
21   9   -433.2   -657.8   3516.1
21   10   -516.8   -694.2   3491.4
21   11   -507.5   -1041.8   3422.5
21   12   -464.6   -1363.4   3436.3
21   13   -349.9   -701.6   3516.2
21   14   -366.8   -1046.5   3436.0
21   15   -374.7   -1370.9   3452.0
21   16   -456.6   -283.0   3370.7
21   17   -390.6   -310.1   3391.5
21   18   -435.9   -202.8   3588.2
22   0   -432.9   -109.9   3633.6
22   1   -435.4   -271.2   3577.1
22   2   -563.0   -266.4   3536.4
22   3   -580.5   -450.2   3399.1
22   4   -432.0   -249.4   3364.9
22   5   -306.9   -281.6   3589.4
22   6   -269.9   -468.1   3459.7
22   7   -414.8   -278.8   3377.8
22   8   -433.7   -491.8   3541.0
22   9   -433.2   -657.6   3516.4
22   10   -516.8   -694.0   3491.4
22   11   -507.5   -1040.9   3422.4
22   12   -466.2   -1362.3   3435.5
22   13   -349.7   -701.4   3516.3
22   14   -366.9   -1045.4   3435.5
22   15   -375.3   -1369.2   3452.5
22   16   -456.8   -282.8   3370.6
22   17   -390.7   -310.3   3391.4
22   18   -435.9   -202.8   3588.3
23   0   -432.8   -109.1   3633.1
23   1   -435.4   -271.2   3577.2
23   2   -562.8   -266.3   3536.5
23   3   -580.5   -449.9   3399.1
23   4   -431.9   -249.2   3364.8
23   5   -307.1   -281.5   3589.4
23   6   -269.4   -467.9   3459.9
23   7   -414.7   -279.2   3377.4
23   8   -433.7   -491.6   3541.1
23   9   -433.2   -657.6   3516.7
23   10   -516.9   -693.7   3491.3
23   11   -507.5   -1039.7   3422.3
23   12   -467.0   -1361.0   3435.2
23   13   -349.4   -701.0   3516.3
23   14   -366.9   -1044.0   3435.0
23   15   -375.4   -1367.5   3452.4
23   16   -456.7   -282.6   3370.5
23   17   -390.5   -310.6   3391.2
23   18   -435.9   -202.8   3588.3
24   0   -432.8   -108.4   3632.1
24   1   -435.4   -271.2   3577.2
24   2   -562.6   -266.2   3536.6
24   3   -580.6   -449.3   3398.7
24   4   -431.5   -249.1   3364.8
24   5   -307.2   -281.3   3589.4
24   6   -269.3   -467.8   3460.2
24   7   -414.4   -279.4   3377.1
24   8   -433.8   -491.2   3541.4
24   9   -433.2   -657.6   3517.3
24   10   -516.9   -693.4   3491.2
24   11   -507.4   -1038.2   3422.1
24   12   -466.8   -1359.3   3435.0
24   13   -349.0   -700.4   3516.3
24   14   -366.9   -1042.1   3434.5
24   15   -366.9   -1364.7   3434.2
24   16   -456.3   -282.5   3370.4
24   17   -390.2   -310.8   3390.9
24   18   -435.9   -202.8   3588.4
25   0   -432.8   -107.7   3630.8
25   1   -435.4   -271.2   3577.4
25   2   -562.4   -266.1   3536.7
25   3   -580.9   -448.5   3398.0
25   4   -431.1   -249.0   3363.5
25   5   -307.3   -281.1   3589.4
25   6   -267.5   -468.5   3462.3
25   7   -412.1   -281.0   3376.5
25   8   -433.8   -490.8   3541.7
25   9   -433.2   -657.6   3518.0
25   10   -516.9   -693.1   3491.2
25   11   -507.4   -1037.4   3422.4
25   12   -465.4   -1358.0   3435.0
25   13   -348.7   -699.8   3516.3
25   14   -366.8   -1040.9   3434.8
25   15   -366.7   -1363.8   3435.2
25   16   -456.1   -282.3   3369.2
25   17   -388.0   -312.2   3390.8
25   18   -435.9   -202.8   3588.5
26   0   -432.8   -107.4   3629.9
26   1   -435.4   -271.2   3577.5
26   2   -562.3   -266.0   3536.8
26   3   -581.7   -448.0   3397.7
26   4   -431.3   -250.1   3357.7
26   5   -307.3   -280.8   3589.4
26   6   -262.7   -469.6   3466.3
26   7   -406.5   -284.2   3375.1
26   8   -433.8   -490.3   3542.0
26   9   -433.2   -657.7   3518.8
26   10   -516.8   -693.0   3491.2
26   11   -507.5   -1037.5   3422.9
26   12   -465.7   -1358.0   3432.5
26   13   -348.3   -699.2   3516.3
26   14   -366.6   -1040.7   3435.5
26   15   -366.5   -1364.2   3436.2
26   16   -456.3   -283.1   3364.4
26   17   -382.5   -315.1   3390.3
26   18   -435.9   -202.8   3588.5
27   0   -432.8   -107.2   3629.5
27   1   -435.4   -271.1   3577.8
27   2   -562.1   -265.9   3537.2
27   3   -583.4   -447.4   3397.9
27   4   -435.3   -255.4   3334.5
27   5   -307.4   -280.6   3589.5
27   6   -251.8   -465.1   3464.8
27   7   -406.9   -289.0   3374.8
27   8   -433.8   -489.7   3542.4
27   9   -433.2   -657.7   3519.4
27   10   -516.7   -692.9   3491.3
27   11   -507.4   -1037.1   3422.6
27   12   -465.1   -1357.5   3425.9
27   13   -347.8   -698.5   3516.3
27   14   -366.6   -1039.8   3435.9
27   15   -366.5   -1362.5   3436.1
27   16   -459.9   -287.4   3345.0
27   17   -381.1   -318.4   3389.8
27   18   -435.9   -202.8   3588.9
28   0   -432.8   -107.1   3629.4
28   1   -435.4   -271.1   3578.4
28   2   -562.0   -265.9   3537.8
28   3   -592.7   -445.9   3398.9
28   4   -443.0   -267.2   3308.5
28   5   -307.4   -280.3   3589.6
28   6   -236.0   -452.7   3457.1
28   7   -411.8   -294.6   3375.2
28   8   -433.8   -489.2   3543.1
28   9   -433.2   -657.7   3519.8
28   10   -516.7   -692.8   3491.2
28   11   -507.3   -1036.2   3422.0
28   12   -466.3   -1356.5   3417.0
28   13   -347.3   -697.7   3516.3
28   14   -366.4   -1038.3   3436.4
28   15   -366.3   -1360.2   3436.7
28   16   -468.0   -297.0   3323.5
28   17   -382.5   -321.0   3388.8
28   18   -435.9   -202.8   3589.4
29   0   -432.8   -107.0   3629.4
29   1   -435.4   -271.1   3579.1
29   2   -563.2   -266.4   3543.0
29   3   -609.7   -440.5   3405.5
29   4   -467.2   -296.0   3266.5
29   5   -307.5   -280.0   3589.8
29   6   -215.7   -410.1   3434.4
29   7   -427.5   -300.6   3379.0
29   8   -433.8   -488.8   3544.3
29   9   -433.2   -657.7   3520.1
29   10   -516.6   -692.8   3491.2
29   11   -507.4   -1035.8   3422.1
29   12   -467.3   -1356.0   3412.5
29   13   -346.7   -696.7   3516.3
29   14   -366.3   -1037.0   3436.8
29   15   -380.7   -1362.1   3453.9
29   16   -490.9   -320.0   3289.7
29   17   -392.3   -318.9   3388.2
29   18   -435.9   -202.8   3590.0
30   0   -432.8   -106.9   3629.4
30   1   -435.4   -271.2   3580.3
30   2   -564.5   -266.7   3548.9
30   3   -636.3   -437.4   3421.1
30   4   -517.0   -357.2   3228.7
30   5   -307.6   -279.7   3589.8
30   6   -188.5   -350.0   3420.7
30   7   -424.2   -295.3   3380.6
30   8   -433.8   -488.7   3547.6
30   9   -433.2   -657.7   3520.4
30   10   -516.5   -692.6   3491.2
30   11   -507.4   -1036.3   3422.6
30   12   -467.6   -1356.3   3413.1
30   13   -346.0   -695.3   3516.3
30   14   -366.2   -1036.2   3437.1
30   15   -382.6   -1359.0   3453.6
30   16   -536.8   -370.5   3260.8
30   17   -384.9   -304.4   3387.2
30   18   -435.9   -202.8   3590.5
31   0   -432.9   -106.9   3629.4
31   1   -435.4   -271.2   3581.6
31   2   -565.8   -265.8   3553.0
31   3   -671.9   -428.8   3442.4
31   4   -570.4   -424.5   3223.0
31   5   -306.9   -277.9   3589.9
31   6   -152.8   -292.3   3435.2
31   7   -396.0   -267.2   3384.8
31   8   -433.8   -488.8   3552.1
31   9   -433.2   -657.7   3520.6
31   10   -516.4   -692.4   3491.1
31   11   -507.5   -1037.9   3423.4
31   12   -467.3   -1357.8   3420.0
31   13   -345.8   -694.6   3516.3
31   14   -366.1   -1037.2   3437.0
31   15   -384.2   -1358.8   3454.2
31   16   -587.3   -425.1   3259.6
31   17   -355.4   -271.4   3393.2
31   18   -435.9   -202.8   3590.9
32   0   -433.1   -105.5   3627.6
32   1   -435.4   -270.4   3582.7
32   2   -566.4   -263.5   3554.3
32   3   -701.3   -420.2   3467.2
32   4   -608.1   -496.8   3255.3
32   5   -305.0   -272.5   3589.9
32   6   -119.2   -241.8   3475.7
32   7   -360.9   -238.1   3406.9
32   8   -433.8   -488.1   3556.3
32   9   -433.2   -656.9   3520.9
32   10   -516.3   -692.2   3491.1
32   11   -507.6   -1039.8   3423.4
32   12   -467.1   -1359.4   3424.0
32   13   -345.7   -694.3   3516.3
32   14   -366.0   -1038.9   3436.8
32   15   -384.9   -1359.9   3454.2
32   16   -623.6   -484.1   3290.6
32   17   -320.6   -238.7   3418.3
32   18   -435.9   -201.9   3591.0
33   0   -433.3   -102.2   3623.7
33   1   -435.4   -267.8   3582.9
33   2   -564.8   -261.0   3551.5
33   3   -716.5   -415.9   3486.6
33   4   -618.5   -549.0   3300.3
33   5   -302.9   -264.0   3589.9
33   6   -94.0   -212.3   3537.9
33   7   -318.7   -215.8   3429.4
33   8   -433.8   -485.1   3558.8
33   9   -433.2   -654.2   3521.3
33   10   -516.0   -691.3   3491.1
33   11   -507.6   -1040.7   3423.0
33   12   -467.2   -1360.1   3425.8
33   13   -346.1   -693.7   3516.3
33   14   -366.1   -1040.1   3436.6
33   15   -385.1   -1360.9   3454.0
33   16   -634.9   -526.9   3331.4
33   17   -281.2   -215.2   3447.5
33   18   -435.9   -199.3   3590.4
34   0   -433.6   -97.8   3619.7
34   1   -435.4   -263.7   3582.5
34   2   -562.8   -258.5   3549.8
34   3   -720.5   -414.7   3498.1
34   4   -612.3   -582.5   3343.0
34   5   -302.3   -257.0   3589.9
34   6   -83.7   -202.9   3550.8
34   7   -307.2   -205.4   3436.3
34   8   -433.8   -479.7   3560.0
34   9   -433.2   -649.4   3521.6
34   10   -515.3   -689.1   3491.2
34   11   -507.5   -1040.2   3422.6
34   12   -468.1   -1359.5   3426.1
34   13   -347.3   -692.3   3516.4
34   14   -365.9   -1040.8   3438.0
34   15   -385.5   -1361.5   3452.9
34   16   -630.3   -554.6   3368.9
34   17   -270.0   -205.0   3455.4
34   18   -435.9   -195.1   3589.6
35   0   -433.9   -92.9   3614.5
35   1   -435.4   -259.2   3581.7
35   2   -560.9   -256.1   3548.6
35   3   -718.3   -416.6   3508.1
35   4   -603.1   -596.0   3365.2
35   5   -303.5   -253.6   3590.0
35   6   -83.0   -204.7   3545.5
35   7   -305.7   -201.9   3426.2
35   8   -433.8   -472.9   3560.4
35   9   -433.2   -643.2   3521.6
35   10   -514.5   -685.0   3491.2
35   11   -507.5   -1038.2   3422.6
35   12   -469.6   -1357.5   3425.1
35   13   -349.0   -689.6   3516.5
35   14   -365.7   -1040.6   3439.2
35   15   -385.9   -1361.2   3450.6
35   16   -622.3   -566.1   3389.0
35   17   -268.6   -202.4   3446.1
35   18   -435.9   -190.6   3588.6
36   0   -434.2   -88.7   3609.4
36   1   -435.4   -255.5   3580.9
36   2   -559.8   -254.0   3548.2
36   3   -711.7   -421.6   3517.2
36   4   -595.8   -598.8   3372.0
36   5   -305.3   -252.5   3590.0
36   6   -85.4   -210.8   3537.7
36   7   -307.6   -204.0   3416.5
36   8   -433.8   -466.5   3560.8
36   9   -433.2   -637.2   3521.7
36   10   -514.7   -679.6   3490.9
36   11   -507.6   -1033.5   3422.9
36   12   -471.6   -1352.8   3423.4
36   13   -349.9   -686.2   3516.5
36   14   -365.5   -1038.0   3439.7
36   15   -385.9   -1358.4   3449.5
36   16   -615.1   -569.2   3396.2
36   17   -270.6   -205.1   3436.7
36   18   -435.9   -187.0   3587.5
37   0   -434.5   -86.5   3606.2
37   1   -435.4   -253.4   3580.2
37   2   -559.5   -252.6   3548.3
37   3   -707.0   -424.9   3523.8
37   4   -592.9   -596.2   3372.9
37   5   -306.7   -252.6   3590.0
37   6   -87.3   -217.2   3534.4
37   7   -304.6   -207.4   3405.6
37   8   -433.9   -461.7   3561.1
37   9   -433.2   -632.5   3521.9
37   10   -514.8   -676.4   3490.7
37   11   -507.7   -1030.6   3422.7
37   12   -473.2   -1349.7   3422.0
37   13   -350.0   -683.6   3516.5
37   14   -365.1   -1035.8   3440.4
37   15   -385.7   -1356.0   3448.6
37   16   -611.9   -567.7   3398.1
37   17   -268.3   -209.0   3427.0
37   18   -435.9   -184.9   3586.4
38   0   -434.9   -85.8   3605.0
38   1   -435.4   -252.4   3579.4
38   2   -559.7   -251.9   3548.6
38   3   -704.5   -426.5   3526.2
38   4   -592.9   -594.6   3372.6
38   5   -307.8   -253.4   3590.0
38   6   -194.5   -349.5   3513.6
38   7   -317.1   -462.4   3389.3
38   8   -433.9   -458.3   3561.3
38   9   -433.3   -629.1   3522.3
38   10   -514.8   -675.4   3490.4
38   11   -507.7   -1030.8   3422.2
38   12   -474.2   -1349.9   3420.0
38   13   -350.1   -682.6   3516.5
38   14   -364.6   -1036.5   3441.9
38   15   -385.9   -1356.5   3447.4
38   16   -611.5   -566.6   3398.2
38   17   -296.6   -443.6   3410.0
38   18   -435.9   -183.9   3585.4
39   0   -435.3   -86.0   3604.9
39   1   -435.4   -252.1   3578.7
39   2   -559.8   -251.9   3548.7
39   3   -702.7   -426.1   3526.6
39   4   -596.2   -594.5   3373.0
39   5   -308.6   -254.4   3590.0
39   6   -263.8   -428.3   3530.4
39   7   -278.6   -595.8   3397.0
39   8   -433.9   -456.0   3561.5
39   9   -433.3   -626.8   3522.6
39   10   -514.6   -675.5   3489.9
39   11   -507.6   -1032.1   3421.2
39   12   -475.2   -1350.9   3417.5
39   13   -350.2   -682.6   3516.4
39   14   -364.4   -1037.9   3442.2
39   15   -385.9   -1357.7   3446.8
39   16   -614.0   -566.5   3398.6
39   17   -276.1   -567.9   3419.3
39   18   -435.9   -183.6   3584.4
40   0   -435.7   -86.6   3605.3
40   1   -435.4   -252.0   3578.0
40   2   -559.9   -252.3   3548.8
40   3   -701.5   -424.9   3526.5
40   4   -602.7   -596.5   3373.3
40   5   -309.1   -255.4   3590.0
40   6   -193.0   -343.9   3503.3
40   7   -181.0   -301.2   3450.8
40   8   -433.9   -454.4   3561.6
40   9   -433.3   -625.2   3523.0
40   10   -514.6   -675.5   3489.2
40   11   -507.6   -1032.6   3420.3
40   12   -475.3   -1351.2   3414.9
40   13   -350.0   -682.8   3516.4
40   14   -364.2   -1038.5   3441.7
40   15   -385.7   -1358.0   3446.4
40   16   -619.2   -567.9   3398.8
40   17   -182.9   -307.6   3459.6
40   18   -435.9   -183.6   3583.5
41   0   -436.1   -87.3   3606.1
41   1   -435.4   -252.1   3577.3
41   2   -560.0   -252.8   3548.8
41   3   -701.6   -424.6   3526.1
41   4   -609.1   -599.0   3373.3
41   5   -309.5   -256.3   3590.0
41   6   -142.4   -275.5   3510.7
41   7   -256.3   -250.0   3451.0
41   8   -433.9   -453.3   3561.7
41   9   -433.3   -624.1   3523.3
41   10   -514.6   -675.8   3488.3
41   11   -507.6   -1033.7   3419.7
41   12   -475.1   -1352.0   3414.4
41   13   -349.7   -683.1   3516.2
41   14   -364.0   -1039.7   3441.9
41   15   -385.4   -1359.0   3444.8
41   16   -624.6   -569.9   3398.7
41   17   -237.2   -253.9   3460.9
41   18   -435.9   -183.7   3582.6
42   0   -436.5   -88.0   3606.9
42   1   -435.4   -252.1   3576.6
42   2   -560.0   -253.5   3548.5
42   3   -702.4   -424.7   3525.7
42   4   -608.9   -600.0   3375.2
42   5   -309.6   -256.8   3590.0
42   6   -115.4   -234.2   3517.5
42   7   -295.9   -223.9   3436.4
42   8   -433.9   -452.4   3561.7
42   9   -433.3   -623.4   3523.5
42   10   -514.6   -676.0   3487.4
42   11   -507.6   -1034.1   3419.4
42   12   -475.0   -1352.2   3414.3
42   13   -349.5   -683.5   3516.0
42   14   -364.0   -1040.0   3441.2
42   15   -384.8   -1359.1   3443.5
42   16   -624.5   -570.8   3400.3
42   17   -265.7   -225.5   3449.9
42   18   -436.0   -183.8   3581.7
43   0   -436.9   -88.8   3607.7
43   1   -435.4   -252.2   3575.9
43   2   -560.0   -254.1   3548.2
43   3   -703.4   -425.0   3525.3
43   4   -607.9   -601.1   3377.5
43   5   -309.6   -256.9   3590.0
43   6   -102.5   -217.8   3520.0
43   7   -308.4   -208.7   3412.0
43   8   -433.9   -451.8   3561.8
43   9   -433.3   -623.0   3523.7
43   10   -514.6   -676.3   3486.7
43   11   -507.6   -1034.2   3419.3
43   12   -474.9   -1352.0   3414.3
43   13   -349.1   -683.9   3515.8
43   14   -364.1   -1040.0   3440.7
43   15   -384.0   -1358.8   3440.5
43   16   -623.8   -571.7   3402.1
43   17   -274.0   -210.1   3430.0
43   18   -436.0   -183.9   3580.7
44   0   -437.1   -89.5   3608.6
44   1   -435.4   -252.2   3575.2
44   2   -559.9   -254.8   3547.8
44   3   -704.6   -425.1   3525.0
44   4   -607.0   -600.4   3378.0
44   5   -309.5   -256.9   3589.9
44   6   -97.3   -215.5   3519.7
44   7   -308.2   -203.0   3391.2
44   8   -433.9   -451.4   3561.8
44   9   -433.3   -622.8   3523.9
44   10   -514.8   -676.6   3486.1
44   11   -507.6   -1033.1   3419.3
44   12   -475.0   -1350.6   3414.3
44   13   -348.7   -684.2   3515.5
44   14   -364.3   -1038.6   3439.7
44   15   -383.1   -1357.2   3436.0
44   16   -623.3   -571.2   3402.5
44   17   -273.1   -205.1   3412.6
44   18   -436.0   -183.9   3579.8
45   0   -437.1   -90.1   3609.6
45   1   -435.4   -252.1   3574.7
45   2   -559.9   -255.4   3547.5
45   3   -705.9   -425.0   3524.8
45   4   -606.1   -597.4   3376.1
45   5   -309.3   -256.7   3589.9
45   6   -191.7   -347.8   3514.8
45   7   -305.2   -462.1   3397.4
45   8   -433.9   -451.1   3561.8
45   9   -433.3   -622.8   3524.0
45   10   -515.1   -676.8   3486.0
45   11   -507.7   -1030.6   3419.7
45   12   -470.6   -1347.3   3415.1
45   13   -348.3   -684.3   3515.3
45   14   -364.6   -1035.7   3438.6
45   15   -364.7   -1352.2   3437.8
45   16   -622.7   -568.7   3400.9
45   17   -286.2   -443.1   3417.0
45   18   -435.9   -183.9   3579.1
46   0   -437.0   -90.6   3610.6
46   1   -435.4   -252.1   3574.4
46   2   -559.9   -256.2   3547.2
46   3   -707.2   -425.0   3524.5
46   4   -605.8   -581.9   3362.0
46   5   -308.1   -255.7   3587.5
46   6   -228.5   -416.1   3509.4
46   7   -311.4   -572.6   3366.3
46   8   -433.9   -451.1   3561.8
46   9   -433.3   -623.0   3524.1
46   10   -515.4   -676.9   3486.4
46   11   -507.8   -1028.4   3420.1
46   12   -468.1   -1344.5   3414.9
46   13   -347.9   -684.1   3515.0
46   14   -364.5   -1033.4   3438.9
46   15   -364.4   -1350.4   3439.4
46   16   -622.7   -555.7   3389.1
46   17   -297.5   -546.6   3390.1
46   18   -435.9   -183.9   3578.7
47   0   -436.7   -91.4   3612.8
47   1   -434.3   -252.0   3574.3
47   2   -559.4   -257.1   3550.0
47   3   -707.4   -424.8   3523.2
47   4   -606.7   -518.6   3327.0
47   5   -304.9   -254.3   3583.5
47   6   -182.2   -324.0   3468.3
47   7   -329.7   -419.2   3331.9
47   8   -433.9   -451.5   3561.8
47   9   -433.2   -623.7   3523.9
47   10   -515.8   -676.9   3487.2
47   11   -507.9   -1026.3   3420.5
47   12   -473.2   -1342.7   3415.0
47   13   -347.6   -683.7   3514.9
47   14   -364.5   -1030.9   3439.1
47   15   -364.4   -1347.7   3439.3
47   16   -623.5   -503.0   3359.7
47   17   -305.1   -403.4   3354.6
47   18   -434.4   -183.9   3578.5
48   0   -435.1   -92.8   3617.3
48   1   -431.9   -252.0   3574.2
48   2   -557.7   -258.4   3557.2
48   3   -701.8   -422.1   3500.7
48   4   -604.7   -426.2   3287.8
48   5   -300.2   -253.7   3581.0
48   6   -177.3   -279.3   3421.0
48   7   -367.7   -356.3   3309.1
48   8   -433.8   -452.5   3561.7
48   9   -433.2   -624.8   3523.8
48   10   -516.5   -677.1   3489.2
48   11   -507.9   -1024.6   3421.1
48   12   -468.0   -1340.1   3415.3
48   13   -347.4   -683.5   3515.0
48   14   -364.4   -1029.2   3439.5
48   15   -364.3   -1346.3   3439.9
48   16   -620.8   -425.6   3323.3
48   17   -336.0   -343.4   3327.8
48   18   -431.2   -183.9   3578.5
49   0   -431.8   -94.1   3623.7
49   1   -428.7   -251.8   3575.4
49   2   -554.5   -259.7   3568.6
49   3   -623.6   -441.3   3480.2
49   4   -616.1   -343.3   3287.6
49   5   -295.8   -254.6   3579.3
49   6   -218.1   -296.9   3385.3
49   7   -419.2   -356.0   3262.0
49   8   -433.7   -453.8   3561.6
49   9   -433.2   -626.2   3523.5
49   10   -517.6   -677.3   3492.5
49   11   -508.0   -1023.4   3422.4
49   12   -465.0   -1338.1   3415.7
49   13   -347.3   -683.4   3515.3
49   14   -364.3   -1028.2   3440.5
49   15   -364.2   -1345.6   3441.3
49   16   -617.4   -359.6   3319.7
49   17   -385.7   -346.1   3282.6
49   18   -427.0   -183.9   3580.0
50   0   -427.1   -94.2   3627.5
50   1   -426.0   -251.7   3576.1
50   2   -551.3   -259.2   3568.1
50   3   -640.8   -405.2   3439.3
50   4   -585.0   -249.3   3282.4
50   5   -294.4   -257.0   3570.0
50   6   -283.5   -337.6   3372.4
50   7   -464.8   -385.5   3215.5
50   8   -433.7   -454.8   3560.0
50   9   -433.2   -627.6   3523.3
50   10   -518.2   -677.5   3495.0
50   11   -508.0   -1023.0   3424.7
50   12   -466.9   -1337.7   3415.2
50   13   -347.3   -683.3   3515.7
50   14   -364.2   -1027.9   3442.1
50   15   -364.1   -1345.4   3443.3
50   16   -594.3   -275.2   3308.6
50   17   -434.7   -377.5   3241.6
50   18   -423.5   -183.9   3581.4
51   0   -424.0   -92.3   3625.2
51   1   -425.3   -251.5   3575.7
51   2   -551.5   -256.2   3570.4
51   3   -590.7   -390.9   3405.6
51   4   -540.9   -185.5   3290.0
51   5   -299.2   -260.1   3554.0
51   6   -340.6   -367.4   3366.4
51   7   -515.9   -419.7   3200.3
51   8   -433.7   -455.3   3556.1
51   9   -433.2   -628.6   3522.8
51   10   -518.1   -677.0   3497.6
51   11   -507.8   -1022.6   3428.6
51   12   -467.6   -1336.9   3413.9
51   13   -348.1   -682.5   3516.4
51   14   -364.0   -1027.3   3444.2
51   15   -363.9   -1344.1   3445.7
51   16   -549.2   -219.7   3309.3
51   17   -486.7   -411.0   3228.0
51   18   -422.5   -183.9   3582.3
52   0   -422.2   -87.2   3615.7
52   1   -425.5   -249.4   3574.9
52   2   -554.4   -247.0   3569.0
52   3   -549.8   -396.6   3408.5
52   4   -494.6   -173.0   3311.2
52   5   -309.1   -256.9   3530.0
52   6   -382.6   -385.9   3361.6
52   7   -578.3   -460.2   3242.6
52   8   -433.8   -452.8   3551.4
52   9   -433.1   -626.9   3522.3
52   10   -517.0   -675.0   3500.9
52   11   -507.5   -1021.2   3434.8
52   12   -467.4   -1334.7   3411.7
52   13   -350.1   -680.5   3517.8
52   14   -363.7   -1025.7   3447.0
52   15   -363.4   -1341.2   3448.9
52   16   -503.8   -210.3   3327.4
52   17   -545.7   -447.8   3262.5
52   18   -422.8   -182.0   3582.7
53   0   -421.2   -81.1   3596.0
53   1   -426.2   -245.8   3574.3
53   2   -542.1   -240.6   3534.9
53   3   -519.7   -418.5   3406.8
53   4   -456.7   -185.6   3333.8
53   5   -306.2   -249.7   3534.9
53   6   -396.4   -381.4   3372.1
53   7   -602.7   -478.6   3292.5
53   8   -433.9   -448.6   3548.8
53   9   -433.1   -623.3   3523.2
53   10   -516.0   -671.6   3504.7
53   11   -507.3   -1018.5   3440.7
53   12   -468.2   -1331.1   3409.6
53   13   -352.5   -677.8   3520.4
53   14   -363.0   -1023.4   3450.0
53   15   -362.6   -1338.3   3451.9
53   16   -467.2   -224.4   3346.0
53   17   -568.3   -462.4   3305.7
53   18   -423.6   -178.6   3582.8
54   0   -420.3   -78.8   3572.7
54   1   -426.6   -243.8   3573.9
54   2   -524.1   -234.2   3503.5
54   3   -516.2   -432.5   3405.2
54   4   -431.0   -201.7   3347.0
54   5   -305.1   -231.5   3524.1
54   6   -405.6   -379.0   3382.8
54   7   -620.7   -485.5   3324.2
54   8   -434.1   -445.7   3547.2
54   9   -433.1   -621.2   3525.3
54   10   -515.2   -665.9   3506.6
54   11   -507.0   -1014.1   3447.3
54   12   -469.6   -1326.0   3408.8
54   13   -355.0   -674.2   3524.1
54   14   -362.3   -1020.0   3451.9
54   15   -361.8   -1333.9   3452.7
54   16   -445.2   -240.2   3356.7
54   17   -584.8   -467.7   3334.0
54   18   -424.1   -176.7   3582.9
55   0   -419.2   -78.0   3560.6
55   1   -426.8   -242.5   3573.8
55   2   -515.0   -232.7   3489.8
55   3   -516.9   -439.9   3404.4
55   4   -393.9   -240.9   3324.6
55   5   -307.6   -220.0   3513.6
55   6   -406.8   -382.6   3390.1
55   7   -631.0   -476.8   3336.4
55   8   -434.2   -444.0   3546.6
55   9   -433.0   -620.3   3528.8
55   10   -513.9   -663.1   3507.6
55   11   -506.6   -1012.7   3450.6
55   12   -472.4   -1324.9   3414.2
55   13   -355.9   -671.8   3526.9
55   14   -361.2   -1018.1   3452.6
55   15   -375.5   -1344.2   3446.8
55   16   -414.4   -274.1   3337.9
55   17   -593.7   -461.1   3345.3
55   18   -424.3   -175.4   3582.8
56   0   -417.5   -75.5   3562.3
56   1   -426.7   -241.7   3573.8
56   2   -511.3   -236.1   3488.2
56   3   -518.3   -444.3   3402.2
56   4   -361.1   -309.3   3283.8
56   5   -308.0   -226.8   3521.2
56   6   -406.4   -380.9   3388.5
56   7   -631.9   -476.5   3339.9
56   8   -434.2   -444.1   3546.8
56   9   -433.0   -621.1   3531.9
56   10   -513.5   -664.2   3507.9
56   11   -506.3   -1014.6   3452.1
56   12   -476.1   -1328.2   3429.8
56   13   -355.6   -672.9   3528.7
56   14   -359.9   -1019.5   3452.1
56   15   -372.4   -1339.2   3445.1
56   16   -387.4   -331.7   3303.6
56   17   -594.3   -460.5   3348.0
56   18   -424.3   -174.6   3582.8
57   0   -415.4   -74.0   3576.8
57   1   -426.6   -241.5   3572.9
57   2   -516.5   -246.5   3503.4
57   3   -519.0   -443.7   3398.2
57   4   -343.8   -332.3   3268.0
57   5   -312.6   -247.2   3558.1
57   6   -397.8   -368.8   3395.0
57   7   -616.7   -471.9   3337.1
57   8   -434.0   -446.3   3547.5
57   9   -433.1   -623.8   3534.1
57   10   -513.6   -669.4   3507.9
57   11   -505.9   -1020.2   3451.8
57   12   -481.1   -1334.8   3441.3
57   13   -354.1   -677.0   3529.2
57   14   -358.6   -1023.7   3451.4
57   15   -371.5   -1339.9   3436.0
57   16   -373.0   -350.8   3289.7
57   17   -580.2   -454.7   3346.8
57   18   -424.2   -174.3   3581.2
58   0   -413.8   -76.7   3597.7
58   1   -426.4   -241.5   3571.1
58   2   -512.0   -254.4   3502.7
58   3   -519.4   -446.3   3388.1
58   4   -337.0   -326.7   3271.7
58   5   -315.7   -258.8   3560.5
58   6   -395.7   -368.5   3384.9
58   7   -617.5   -467.6   3334.2
58   8   -433.7   -447.1   3548.6
58   9   -433.1   -624.8   3535.8
58   10   -514.1   -676.7   3507.8
58   11   -505.3   -1027.5   3450.9
58   12   -483.4   -1342.4   3440.7
58   13   -352.0   -682.7   3529.3
58   14   -357.2   -1029.4   3450.6
58   15   -371.9   -1344.1   3431.2
58   16   -367.4   -346.6   3291.1
58   17   -580.5   -451.1   3342.7
58   18   -424.1   -174.2   3578.5
59   0   -413.1   -80.1   3611.8
59   1   -426.3   -241.6   3569.5
59   2   -511.1   -257.3   3501.3
59   3   -519.8   -447.7   3384.0
59   4   -336.5   -319.6   3277.2
59   5   -317.4   -255.8   3539.2
59   6   -398.1   -381.1   3374.5
59   7   -629.8   -451.4   3330.9
59   8   -433.4   -447.1   3549.6
59   9   -433.1   -624.7   3537.1
59   10   -515.5   -680.9   3507.3
59   11   -504.5   -1031.8   3449.6
59   12   -484.1   -1346.8   3440.4
59   13   -349.9   -686.8   3529.2
59   14   -355.7   -1033.8   3450.3
59   15   -372.8   -1347.8   3428.3
59   16   -367.0   -340.9   3295.0
59   17   -591.2   -439.7   3338.1
59   18   -423.9   -174.2   3576.0
60   0   -412.8   -82.2   3615.6
60   1   -426.1   -241.7   3567.8
60   2   -516.3   -256.1   3503.8
60   3   -520.7   -445.9   3385.1
60   4   -339.9   -313.8   3278.7
60   5   -317.6   -251.6   3524.0
60   6   -396.8   -394.3   3373.1
60   7   -633.2   -416.3   3320.5
60   8   -433.2   -446.7   3550.2
60   9   -433.1   -623.9   3537.4
60   10   -516.7   -682.1   3506.8
60   11   -503.7   -1033.6   3447.8
60   12   -484.5   -1348.7   3441.3
60   13   -348.5   -688.4   3528.9
60   14   -354.3   -1036.2   3450.6
60   15   -373.7   -1350.0   3427.3
60   16   -370.1   -335.8   3296.4
60   17   -593.8   -412.6   3329.2
60   18   -423.8   -174.3   3573.6
61   0   -412.7   -83.4   3615.4
61   1   -426.0   -241.7   3566.3
61   2   -525.8   -252.5   3513.1
61   3   -523.0   -442.2   3394.2
61   4   -350.1   -312.1   3274.8
61   5   -316.1   -252.2   3523.4
61   6   -392.1   -397.3   3371.5
61   7   -623.2   -368.3   3304.3
61   8   -433.0   -446.1   3550.6
61   9   -433.1   -622.6   3537.3
61   10   -517.6   -682.2   3506.5
61   11   -502.8   -1034.7   3445.2
61   12   -484.5   -1349.9   3443.1
61   13   -347.9   -689.0   3528.6
61   14   -353.9   -1038.6   3451.1
61   15   -373.6   -1352.4   3426.9
61   16   -378.9   -333.7   3294.7
61   17   -584.7   -373.2   3315.5
61   18   -423.7   -174.3   3571.5
62   0   -413.1   -85.3   3619.8
62   1   -425.7   -241.7   3567.5
62   2   -536.5   -249.6   3544.5
62   3   -527.9   -431.6   3411.4
62   4   -366.2   -314.2   3268.5
62   5   -311.7   -254.0   3544.4
62   6   -371.5   -385.9   3373.2
62   7   -589.8   -347.3   3271.8
62   8   -432.8   -447.4   3550.7
62   9   -433.1   -623.2   3536.8
62   10   -518.3   -680.6   3506.1
62   11   -501.9   -1033.4   3441.5
62   12   -484.5   -1348.6   3445.7
62   13   -347.9   -688.8   3528.2
62   14   -353.6   -1039.4   3450.9
62   15   -373.0   -1353.4   3426.9
62   16   -393.1   -333.8   3292.3
62   17   -553.4   -353.8   3288.7
62   18   -423.4   -174.3   3573.1
63   0   -414.0   -88.6   3630.2
63   1   -425.2   -241.6   3573.8
63   2   -541.3   -248.0   3576.1
63   3   -528.6   -418.9   3428.3
63   4   -377.6   -320.6   3262.2
63   5   -306.8   -251.4   3574.8
63   6   -335.4   -357.3   3380.9
63   7   -541.9   -341.4   3252.4
63   8   -432.2   -448.4   3552.7
63   9   -433.0   -623.6   3536.5
63   10   -519.0   -677.8   3505.8
63   11   -500.8   -1029.4   3434.5
63   12   -484.9   -1344.4   3447.3
63   13   -348.1   -688.1   3528.1
63   14   -353.3   -1039.0   3450.9
63   15   -371.5   -1353.1   3427.2
63   16   -402.7   -336.9   3289.9
63   17   -507.5   -344.0   3273.8
63   18   -422.9   -174.4   3580.6
64   0   -414.9   -89.5   3640.3
64   1   -424.5   -241.5   3582.8
64   2   -542.5   -245.4   3574.8
64   3   -530.4   -433.5   3447.8
64   4   -374.3   -326.0   3289.3
64   5   -302.5   -248.8   3590.0
64   6   -281.9   -309.5   3378.2
64   7   -502.4   -335.5   3282.8
64   8   -431.4   -449.0   3558.3
64   9   -432.9   -623.5   3536.6
64   10   -519.7   -674.1   3505.3
64   11   -499.8   -1024.3   3430.5
64   12   -485.5   -1339.1   3447.1
64   13   -348.1   -686.6   3528.2
64   14   -352.8   -1036.8   3450.7
64   15   -368.6   -1351.1   3427.7
64   16   -400.3   -343.9   3315.7
64   17   -465.7   -331.2   3298.7
64   18   -422.3   -174.4   3590.7
65   0   -415.9   -88.1   3645.3
65   1   -424.1   -241.6   3590.9
65   2   -541.2   -240.7   3566.3
65   3   -534.9   -446.2   3471.0
65   4   -366.0   -324.8   3337.0
65   5   -303.7   -251.6   3606.6
65   6   -287.9   -388.6   3461.1
65   7   -366.8   -532.1   3410.3
65   8   -430.7   -449.3   3566.6
65   9   -432.8   -623.1   3537.0
65   10   -519.2   -672.5   3505.0
65   11   -498.8   -1021.7   3427.8
65   12   -486.0   -1336.5   3447.2
65   13   -348.1   -685.0   3528.4
65   14   -352.3   -1034.8   3451.6
65   15   -351.9   -1349.0   3452.3
65   16   -394.1   -345.0   3359.3
65   17   -353.4   -508.4   3418.8
65   18   -422.0   -174.4   3598.8
66   0   -417.0   -85.9   3644.8
66   1   -423.7   -241.7   3595.8
66   2   -537.0   -239.5   3555.7
66   3   -543.8   -456.1   3484.4
66   4   -361.8   -318.3   3393.7
66   5   -302.5   -247.2   3624.5
66   6   -199.3   -260.9   3500.4
66   7   -274.9   -307.8   3359.2
66   8   -429.6   -449.5   3573.5
66   9   -431.7   -621.0   3537.6
66   10   -517.4   -671.4   3504.9
66   11   -497.0   -1020.4   3425.6
66   12   -486.7   -1335.2   3445.4
66   13   -346.4   -681.7   3528.6
66   14   -351.7   -1031.9   3452.4
66   15   -351.4   -1345.4   3452.9
66   16   -392.1   -341.2   3408.8
66   17   -262.1   -300.4   3382.7
66   18   -421.8   -174.5   3603.0
67   0   -418.1   -83.1   3636.3
67   1   -423.4   -241.8   3595.1
67   2   -534.1   -239.6   3546.7
67   3   -554.9   -459.4   3485.3
67   4   -366.1   -308.9   3438.1
67   5   -299.7   -238.9   3630.2
67   6   -153.1   -156.5   3592.2
67   7   -202.8   -114.1   3404.5
67   8   -428.5   -449.5   3576.9
67   9   -429.5   -618.6   3537.8
67   10   -513.9   -670.2   3505.1
67   11   -495.4   -1016.8   3425.9
67   12   -487.1   -1332.0   3438.9
67   13   -343.5   -676.6   3528.9
67   14   -350.9   -1024.6   3454.1
67   15   -350.3   -1334.6   3455.4
67   16   -397.5   -333.9   3446.0
67   17   -194.4   -121.5   3435.7
67   18   -421.7   -174.5   3601.0
68   0   -419.4   -80.2   3619.7
68   1   -423.2   -242.0   3589.3
68   2   -534.3   -240.3   3536.9
68   3   -570.3   -459.0   3479.2
68   4   -378.4   -303.1   3453.3
68   5   -300.4   -214.6   3648.0
68   6   -140.7   -76.6   3656.2
68   7   -161.9   42.2   3466.1
68   8   -427.8   -449.2   3577.6
68   9   -426.9   -616.1   3537.2
68   10   -508.9   -668.4   3505.5
68   11   -494.4   -1011.7   3425.7
68   12   -487.1   -1326.6   3419.3
68   13   -341.0   -670.7   3529.2
68   14   -350.2   -1015.9   3457.0
68   15   -349.8   -1325.3   3459.1
68   16   -410.4   -329.1   3457.6
68   17   -158.3   22.3   3497.8
68   18   -421.7   -174.5   3593.1
69   0   -420.4   -78.7   3600.9
69   1   -423.1   -242.1   3580.3
69   2   -537.3   -241.6   3529.9
69   3   -579.0   -457.2   3466.8
69   4   -377.2   -320.4   3425.1
69   5   -299.8   -199.8   3650.3
69   6   -154.8   -25.7   3688.8
69   7   -180.7   82.8   3473.2
69   8   -427.4   -449.1   3576.3
69   9   -424.8   -614.4   3536.0
69   10   -503.8   -666.0   3505.5
69   11   -493.8   -1005.9   3424.9
69   12   -486.5   -1320.3   3403.4
69   13   -339.7   -664.7   3529.5
69   14   -349.6   -1007.1   3460.6
69   15   -349.3   -1317.2   3463.1
69   16   -410.9   -343.2   3432.1
69   17   -176.3   64.7   3509.1
69   18   -421.7   -174.5   3581.6
70   0   -421.2   -77.4   3584.9
70   1   -423.1   -242.1   3570.5
70   2   -539.9   -242.1   3525.6
70   3   -577.5   -448.8   3440.8
70   4   -540.5   -476.0   3499.1
70   5   -303.4   -188.4   3649.0
70   6   -173.0   1.5   3702.5
70   7   -190.6   186.3   3582.6
70   8   -427.3   -449.2   3573.6
70   9   -423.1   -613.3   3534.5
70   10   -499.0   -663.3   3505.2
70   11   -493.3   -1000.4   3425.0
70   12   -485.4   -1315.1   3404.6
70   13   -340.1   -660.5   3529.7
70   14   -349.4   -1000.5   3462.9
70   15   -365.6   -1329.6   3433.8
70   16   -547.2   -472.0   3489.4
70   17   -187.6   155.7   3602.6
70   18   -421.7   -174.5   3569.5
71   0   -421.9   -76.4   3574.5
71   1   -423.1   -242.1   3561.4
71   2   -541.3   -242.2   3521.9
71   3   -633.0   -433.7   3484.9
71   4   -553.1   -564.1   3485.1
71   5   -311.1   -176.0   3649.2
71   6   -184.7   14.0   3710.0
71   7   -184.9   238.0   3687.9
71   8   -427.3   -449.3   3569.1
71   9   -421.9   -613.0   3533.3
71   10   -495.8   -660.4   3504.3
71   11   -493.0   -995.0   3423.6
71   12   -483.7   -1310.1   3411.3
71   13   -340.9   -657.9   3529.8
71   14   -349.3   -995.7   3464.0
71   15   -363.1   -1316.2   3438.1
71   16   -566.8   -542.4   3485.1
71   17   -184.8   200.8   3691.6
71   18   -421.7   -174.5   3558.9
72   0   -422.5   -76.1   3570.3
72   1   -423.1   -242.1   3554.3
72   2   -541.4   -242.7   3517.5
72   3   -667.2   -421.9   3508.9
72   4   -587.0   -611.7   3458.7
72   5   -323.1   -173.4   3653.7
72   6   -177.2   -32.4   3618.1
72   7   -207.7   150.9   3726.8
72   8   -427.3   -449.6   3563.8
72   9   -421.0   -615.1   3532.7
72   10   -494.1   -658.9   3502.1
72   11   -492.8   -992.3   3424.4
72   12   -483.3   -1307.5   3423.4
72   13   -340.6   -656.9   3529.8
72   14   -349.1   -992.9   3464.7
72   15   -360.8   -1309.0   3438.7
72   16   -600.6   -580.0   3467.1
72   17   -202.7   120.2   3708.7
72   18   -421.7   -174.5   3551.2
73   0   -423.2   -77.4   3572.6
73   1   -423.1   -242.0   3550.1
73   2   -541.1   -243.4   3513.6
73   3   -684.5   -415.4   3519.6
73   4   -610.6   -629.2   3435.7
73   5   -333.2   -178.0   3657.8
73   6   -179.7   -31.4   3658.0
73   7   -283.9   116.2   3645.2
73   8   -427.3   -449.9   3560.6
73   9   -420.5   -617.6   3532.6
73   10   -493.1   -659.3   3498.8
73   11   -492.5   -992.0   3424.5
73   12   -483.0   -1307.3   3427.9
73   13   -339.3   -657.5   3529.8
73   14   -348.7   -992.1   3464.9
73   15   -358.3   -1306.3   3437.9
73   16   -623.0   -593.6   3449.7
73   17   -266.2   91.6   3647.3
73   18   -421.7   -174.5   3546.7
74   0   -424.0   -80.1   3579.1
74   1   -423.8   -242.0   3548.5
74   2   -541.3   -244.3   3509.6
74   3   -691.4   -413.3   3521.6
74   4   -620.0   -632.3   3418.7
74   5   -340.3   -186.6   3660.6
74   6   -184.7   -35.9   3687.5
74   7   -275.1   114.0   3583.4
74   8   -427.1   -450.2   3559.2
74   9   -420.3   -619.8   3533.0
74   10   -493.0   -661.0   3495.3
74   11   -492.2   -993.2   3424.2
74   12   -482.7   -1308.6   3425.4
74   13   -337.4   -659.1   3529.7
74   14   -348.3   -992.5   3465.2
74   15   -355.2   -1305.9   3435.6
74   16   -631.9   -595.8   3435.8
74   17   -259.9   89.0   3600.7
74   18   -422.7   -174.5   3545.0
75   0   -424.7   -83.4   3585.9
75   1   -425.2   -242.0   3548.5
75   2   -542.4   -245.2   3506.5
75   3   -693.2   -414.0   3520.2
75   4   -619.3   -635.2   3419.1
75   5   -343.5   -192.2   3661.3
75   6   -186.2   -37.9   3694.6
75   7   -245.0   134.9   3558.0
75   8   -427.0   -450.6   3559.3
75   9   -420.4   -621.6   3533.5
75   10   -494.1   -663.2   3493.4
75   11   -492.1   -994.8   3423.7
75   12   -482.5   -1310.2   3420.4
75   13   -335.5   -661.3   3529.6
75   14   -347.8   -993.9   3465.9
75   15   -353.1   -1307.0   3433.1
75   16   -631.6   -598.3   3436.0
75   17   -235.2   106.1   3580.8
75   18   -424.6   -174.5   3545.0
76   0   -425.4   -85.6   3590.3
76   1   -427.0   -242.0   3549.3
76   2   -544.2   -246.2   3504.9
76   3   -693.2   -416.1   3518.5
76   4   -616.9   -635.7   3419.9
76   5   -344.0   -194.1   3660.9
76   6   -187.5   -35.2   3686.2
76   7   -176.1   167.9   3581.4
76   8   -426.9   -450.8   3560.9
76   9   -420.6   -622.8   3533.9
76   10   -495.4   -664.6   3492.7
76   11   -491.9   -995.5   3423.2
76   12   -482.5   -1310.9   3417.0
76   13   -334.6   -663.2   3529.6
76   14   -347.5   -995.2   3466.4
76   15   -353.8   -1308.1   3430.4
76   16   -629.6   -599.1   3436.3
76   17   -177.9   134.1   3598.9
76   18   -427.1   -174.5   3545.5
77   0   -426.2   -86.9   3593.1
77   1   -428.6   -242.0   3550.6
77   2   -545.9   -247.0   3504.3
77   3   -692.9   -417.8   3518.0
77   4   -615.0   -633.5   3417.6
77   5   -341.5   -193.4   3658.7
77   6   -188.9   -28.7   3673.9
77   7   -115.9   183.4   3602.9
77   8   -426.8   -450.8   3563.9
77   9   -420.7   -623.2   3534.1
77   10   -496.1   -665.1   3493.0
77   11   -491.6   -995.3   3422.8
77   12   -482.8   -1310.7   3418.4
77   13   -334.7   -664.6   3529.7
77   14   -347.6   -995.9   3466.3
77   15   -355.4   -1309.0   3430.1
77   16   -628.0   -597.5   3434.3
77   17   -127.9   148.1   3614.7
77   18   -429.1   -174.5   3546.3
78   0   -426.9   -87.6   3595.1
78   1   -429.5   -241.9   3552.2
78   2   -547.3   -247.4   3504.7
78   3   -693.2   -418.7   3517.7
78   4   -613.6   -630.6   3415.2
78   5   -336.3   -190.2   3655.1
78   6   -181.5   -26.9   3665.0
78   7   -88.9   192.2   3605.7
78   8   -426.8   -450.4   3568.0
78   9   -420.8   -622.7   3533.9
78   10   -496.4   -664.9   3493.9
78   11   -491.1   -994.4   3422.5
78   12   -483.3   -1309.8   3419.0
78   13   -335.0   -664.4   3529.9
78   14   -347.8   -995.2   3465.8
78   15   -356.2   -1308.5   3431.4
78   16   -626.9   -595.3   3432.3
78   17   -104.3   155.7   3615.6
78   18   -430.4   -174.5   3547.2
79   0   -427.4   -88.0   3597.0
79   1   -430.0   -241.9   3553.6
79   2   -548.3   -247.7   3505.9
79   3   -693.9   -419.0   3517.6
79   4   -612.7   -629.1   3415.6
79   5   -329.7   -187.5   3649.8
79   6   -174.6   -24.4   3656.5
79   7   -78.5   190.1   3578.3
79   8   -426.8   -450.0   3571.2
79   9   -420.9   -622.0   3533.6
79   10   -496.3   -664.1   3494.7
79   11   -491.0   -993.0   3422.5
79   12   -483.5   -1308.4   3419.7
79   13   -335.6   -663.4   3530.1
79   14   -347.9   -993.8   3465.7
79   15   -356.4   -1307.3   3431.9
79   16   -626.3   -594.1   3432.6
79   17   -94.5   154.4   3591.4
79   18   -431.0   -174.5   3547.9
80   0   -427.6   -87.8   3599.5
80   1   -430.2   -241.9   3555.8
80   2   -548.9   -247.7   3508.6
80   3   -694.9   -418.5   3516.8
80   4   -611.8   -625.7   3412.1
80   5   -321.9   -187.4   3643.5
80   6   -168.1   -23.4   3652.1
80   7   -91.7   166.2   3523.2
80   8   -426.9   -449.7   3572.8
80   9   -420.9   -621.4   3533.2
80   10   -495.9   -662.9   3495.3
80   11   -490.9   -991.6   3423.1
80   12   -483.7   -1307.0   3422.3
80   13   -336.3   -662.0   3530.1
80   14   -348.1   -992.2   3465.8
80   15   -356.1   -1305.7   3431.8
80   16   -625.7   -591.1   3429.5
80   17   -104.4   134.7   3544.7
80   18   -431.3   -174.5   3550.2
81   0   -427.7   -87.1   3603.8
81   1   -430.3   -242.0   3559.5
81   2   -548.9   -247.3   3512.6
81   3   -695.0   -417.9   3514.0
81   4   -612.7   -605.2   3381.2
81   5   -316.2   -190.8   3640.7
81   6   -161.9   -28.4   3631.2
81   7   -92.2   149.9   3479.5
81   8   -426.9   -449.5   3573.1
81   9   -421.0   -621.0   3532.9
81   10   -495.7   -662.0   3495.8
81   11   -491.0   -990.4   3423.8
81   12   -484.1   -1305.9   3425.1
81   13   -337.2   -661.7   3530.1
81   14   -348.3   -991.7   3466.0
81   15   -355.7   -1305.2   3431.2
81   16   -626.4   -574.0   3403.3
81   17   -103.8   120.2   3504.8
81   18   -431.4   -174.5   3555.1
82   0   -427.6   -86.5   3610.8
82   1   -430.3   -242.0   3564.9
82   2   -548.6   -247.0   3518.9
82   3   -691.2   -419.4   3503.9
82   4   -614.4   -577.7   3336.3
82   5   -311.4   -199.5   3638.5
82   6   -151.7   -54.9   3588.7
82   7   -99.3   128.6   3432.5
82   8   -426.9   -449.4   3572.6
82   9   -421.0   -620.9   3532.8
82   10   -495.7   -661.3   3496.1
82   11   -491.1   -989.7   3424.5
82   12   -485.3   -1305.1   3429.0
82   13   -338.0   -662.0   3530.1
82   14   -348.4   -991.8   3466.1
82   15   -355.0   -1305.2   3430.5
82   16   -627.1   -551.3   3364.2
82   17   -108.1   98.0   3458.5
82   18   -431.4   -174.5   3562.4
83   0   -427.4   -85.8   3619.3
83   1   -430.3   -242.1   3571.4
83   2   -547.6   -246.2   3523.4
83   3   -671.8   -426.5   3482.5
83   4   -606.7   -527.4   3275.4
83   5   -308.5   -216.3   3633.3
83   6   -142.2   -105.7   3542.7
83   7   -153.9   81.7   3391.1
83   8   -427.0   -449.1   3571.7
83   9   -421.1   -620.6   3532.8
83   10   -495.9   -660.9   3496.1
83   11   -491.1   -989.1   3424.3
83   12   -485.6   -1304.6   3426.8
83   13   -338.5   -662.5   3530.1
83   14   -348.5   -992.1   3465.7
83   15   -354.6   -1305.6   3430.8
83   16   -617.5   -510.6   3309.9
83   17   -152.0   50.5   3416.4
83   18   -431.3   -174.5   3571.3
84   0   -427.1   -84.7   3626.2
84   1   -430.2   -242.0   3578.0
84   2   -547.4   -246.4   3531.1
84   3   -644.3   -431.5   3457.2
84   4   -588.2   -458.1   3227.0
84   5   -305.9   -230.2   3625.1
84   6   -146.4   -163.2   3491.4
84   7   -259.0   -1.4   3377.9
84   8   -427.0   -448.5   3570.5
84   9   -421.1   -620.1   3533.0
84   10   -496.1   -660.8   3496.1
84   11   -491.1   -988.8   3424.0
84   12   -484.6   -1304.3   3425.7
84   13   -339.0   -663.4   3530.2
84   14   -348.8   -992.5   3464.0
84   15   -354.5   -1306.3   3431.8
84   16   -597.5   -453.7   3265.4
84   17   -240.4   -28.4   3396.8
84   18   -431.3   -174.5   3580.4
85   0   -426.7   -82.6   3625.8
85   1   -430.2   -242.0   3582.0
85   2   -546.1   -248.2   3533.5
85   3   -622.9   -430.8   3431.5
85   4   -543.1   -375.3   3215.5
85   5   -304.3   -241.4   3609.9
85   6   -165.3   -234.2   3442.3
85   7   -337.5   -87.7   3377.5
85   8   -427.0   -447.8   3569.5
85   9   -421.2   -619.5   3533.3
85   10   -496.2   -661.5   3496.1
85   11   -491.0   -992.9   3423.3
85   12   -482.6   -1308.3   3425.1
85   13   -338.9   -664.0   3530.1
85   14   -349.1   -996.1   3461.3
85   15   -354.6   -1310.2   3432.5
85   16   -556.4   -384.4   3251.5
85   17   -308.9   -112.1   3388.3
85   18   -431.2   -174.5   3586.1
86   0   -426.3   -82.7   3622.9
86   1   -430.1   -243.1   3583.7
86   2   -546.0   -251.1   3535.1
86   3   -601.7   -429.3   3411.1
86   4   -501.4   -311.2   3226.6
86   5   -303.2   -248.5   3593.0
86   6   -191.2   -321.0   3423.6
86   7   -385.4   -174.9   3385.8
86   8   -427.0   -448.6   3568.7
86   9   -421.2   -620.5   3533.6
86   10   -496.8   -663.1   3496.1
86   11   -491.1   -997.1   3423.0
86   12   -480.1   -1312.4   3424.9
86   13   -338.0   -664.9   3529.8
86   14   -349.6   -998.8   3457.0
86   15   -356.1   -1313.3   3433.5
86   16   -518.0   -330.8   3257.3
86   17   -353.1   -199.3   3392.1
86   18   -431.2   -175.7   3588.6
87   0   -426.0   -86.4   3621.4
87   1   -430.1   -246.3   3584.0
87   2   -544.7   -254.3   3530.8
87   3   -588.6   -432.4   3399.6
87   4   -468.8   -278.3   3249.4
87   5   -303.9   -256.2   3581.0
87   6   -224.9   -394.5   3431.8
87   7   -412.4   -243.8   3373.1
87   8   -426.9   -451.8   3566.3
87   9   -421.3   -624.3   3534.1
87   10   -498.1   -666.1   3495.9
87   11   -491.2   -1004.0   3422.5
87   12   -476.6   -1319.2   3425.2
87   13   -336.1   -667.0   3528.6
87   14   -349.6   -1004.8   3455.6
87   15   -358.3   -1319.4   3433.3
87   16   -488.7   -303.9   3274.4
87   17   -381.1   -268.9   3382.8
87   18   -431.1   -178.9   3589.8
88   0   -425.7   -92.2   3621.0
88   1   -430.0   -250.8   3583.0
88   2   -542.3   -256.5   3522.3
88   3   -578.9   -438.2   3393.5
88   4   -442.8   -263.1   3280.0
88   5   -305.1   -264.9   3578.5
88   6   -257.4   -438.4   3443.2
88   7   -422.8   -293.4   3339.1
88   8   -426.8   -457.0   3561.0
88   9   -421.4   -630.3   3534.3
88   10   -500.0   -671.4   3495.4
88   11   -491.7   -1010.0   3422.5
88   12   -475.5   -1325.1   3426.3
88   13   -334.2   -671.4   3526.1
88   14   -349.3   -1010.1   3455.1
88   15   -360.8   -1324.6   3432.9
88   16   -465.5   -292.3   3298.9
88   17   -395.3   -317.5   3356.4
88   18   -431.1   -183.6   3590.1
89   0   -425.1   -97.8   3621.1
89   1   -429.9   -255.1   3580.7
89   2   -541.1   -259.6   3518.0
89   3   -569.6   -443.5   3390.2
89   4   -425.8   -256.0   3307.4
89   5   -305.4   -270.4   3588.7
89   6   -275.5   -453.3   3453.3
89   7   -426.2   -331.2   3307.7
89   8   -426.4   -462.2   3551.4
89   9   -421.5   -636.4   3532.2
89   10   -501.8   -678.6   3495.0
89   11   -492.3   -1018.8   3421.6
89   12   -474.6   -1333.8   3427.2
89   13   -334.1   -679.7   3521.7
89   14   -350.0   -1020.2   3451.0
89   15   -364.4   -1334.9   3433.6
89   16   -449.8   -287.2   3321.2
89   17   -401.1   -351.5   3331.9
89   18   -431.0   -188.1   3590.1
90   0   -422.5   -101.6   3621.5
90   1   -428.6   -257.9   3578.1
90   2   -538.3   -260.7   3513.5
90   3   -570.2   -446.5   3390.0
90   4   -419.0   -256.2   3329.4
90   5   -304.1   -274.1   3589.9
90   6   -281.7   -460.4   3457.0
90   7   -427.2   -337.6   3301.8
90   8   -425.8   -463.9   3541.4
90   9   -421.6   -638.6   3527.9
90   10   -503.0   -686.8   3495.1
90   11   -493.0   -1028.7   3421.8
90   12   -473.9   -1343.6   3427.4
90   13   -335.6   -689.3   3517.0
90   14   -350.5   -1032.1   3448.9
90   15   -368.8   -1346.7   3433.6
90   16   -444.2   -288.0   3339.5
90   17   -403.0   -358.0   3327.7
90   18   -429.5   -191.4   3590.0
91   0   -417.3   -104.2   3622.3
91   1   -425.7   -259.9   3576.2
91   2   -537.0   -261.0   3514.7
91   3   -575.6   -445.5   3391.9
91   4   -418.1   -259.4   3338.0
91   5   -301.0   -276.9   3584.6
91   6   -281.2   -466.8   3458.8
91   7   -427.4   -335.9   3309.8
91   8   -425.1   -464.0   3534.0
91   9   -421.7   -638.8   3522.4
91   10   -505.4   -688.6   3494.7
91   11   -494.3   -1033.1   3423.9
91   12   -473.5   -1347.9   3427.4
91   13   -335.5   -692.5   3514.8
91   14   -351.0   -1037.4   3446.6
91   15   -370.1   -1352.1   3434.6
91   16   -444.4   -290.4   3347.0
91   17   -403.0   -357.7   3334.6
91   18   -425.9   -193.7   3589.9
92   0   -410.2   -105.3   3622.9
92   1   -421.9   -260.9   3575.1
92   2   -536.0   -260.7   3519.4
92   3   -573.0   -442.1   3394.5
92   4   -415.8   -257.8   3339.1
92   5   -297.2   -279.2   3581.9
92   6   -280.3   -465.3   3455.3
92   7   -430.0   -334.6   3309.4
92   8   -424.3   -463.3   3530.2
92   9   -421.6   -637.9   3517.9
92   10   -507.1   -687.8   3494.5
92   11   -495.9   -1035.1   3426.5
92   12   -465.2   -1349.4   3427.5
92   13   -335.4   -693.0   3514.4
92   14   -351.6   -1039.8   3444.9
92   15   -370.6   -1354.9   3435.6
92   16   -442.0   -288.6   3348.4
92   17   -405.1   -356.4   3333.7
92   18   -421.1   -194.9   3589.8
93   0   -403.8   -105.4   3623.3
93   1   -417.8   -261.4   3574.7
93   2   -535.0   -260.2   3526.4
93   3   -569.4   -436.9   3398.1
93   4   -413.2   -255.1   3336.9
93   5   -293.6   -281.1   3580.3
93   6   -279.5   -463.3   3453.3
93   7   -431.2   -332.7   3309.4
93   8   -423.5   -462.4   3528.9
93   9   -421.6   -636.7   3515.4
93   10   -507.9   -686.6   3494.5
93   11   -497.9   -1036.4   3428.3
93   12   -462.7   -1350.3   3427.1
93   13   -335.8   -692.9   3514.6
93   14   -352.4   -1041.4   3443.4
93   15   -370.9   -1356.8   3436.9
93   16   -439.2   -285.4   3347.1
93   17   -405.9   -354.5   3333.4
93   18   -416.0   -195.5   3589.7
94   0   -399.6   -105.0   3623.6
94   1   -414.4   -261.5   3574.6
94   2   -533.0   -259.1   3530.9
94   3   -565.2   -432.7   3401.1
94   4   -411.2   -252.1   3334.0
94   5   -290.9   -282.4   3579.6
94   6   -278.9   -461.6   3453.0
94   7   -431.8   -332.1   3309.6
94   8   -422.7   -463.7   3528.4
94   9   -421.6   -637.6   3514.2
94   10   -508.1   -685.2   3494.6
94   11   -499.9   -1036.9   3428.4
94   12   -467.4   -1351.2   3427.2
94   13   -336.4   -692.3   3514.9
94   14   -353.2   -1042.3   3441.8
94   15   -371.1   -1357.8   3437.6
94   16   -436.9   -282.2   3345.2
94   17   -406.3   -353.7   3333.5
94   18   -411.7   -195.7   3589.7
95   0   -397.6   -104.4   3623.7
95   1   -412.1   -261.6   3574.7
95   2   -531.0   -258.1   3533.3
95   3   -563.7   -429.3   3403.7
95   4   -410.1   -250.8   3331.8
95   5   -289.3   -282.9   3579.5
95   6   -278.8   -460.1   3453.9
95   7   -432.3   -332.3   3309.9
95   8   -422.1   -465.7   3528.3
95   9   -421.5   -639.3   3513.6
95   10   -508.0   -683.9   3494.7
95   11   -500.8   -1037.2   3428.2
95   12   -470.5   -1351.6   3427.4
95   13   -336.9   -691.7   3515.1
95   14   -354.1   -1043.1   3440.9
95   15   -370.7   -1358.6   3437.4
95   16   -435.7   -280.6   3343.8
95   17   -406.7   -353.6   3333.9
95   18   -408.8   -195.7   3589.6
96   0   -397.0   -103.8   3623.9
96   1   -410.6   -261.5   3574.8
96   2   -529.4   -257.2   3534.4
96   3   -563.8   -426.7   3405.8
96   4   -409.6   -250.3   3330.5
96   5   -288.6   -283.0   3579.7
96   6   -278.9   -459.0   3455.4
96   7   -431.8   -332.7   3309.7
96   8   -421.6   -467.8   3528.4
96   9   -421.5   -641.0   3513.4
96   10   -507.6   -683.0   3494.8
96   11   -501.1   -1037.6   3428.0
96   12   -471.6   -1352.0   3430.5
96   13   -337.4   -691.2   3515.2
96   14   -354.9   -1043.8   3440.6
96   15   -370.1   -1359.3   3436.8
96   16   -435.3   -279.7   3343.1
96   17   -406.3   -353.8   3334.0
96   18   -407.1   -195.7   3589.6
97   0   -397.1   -103.3   3624.0
97   1   -409.9   -261.5   3575.0
97   2   -528.2   -256.6   3535.0
97   3   -564.2   -424.9   3407.6
97   4   -409.4   -250.1   3330.0
97   5   -288.6   -282.8   3580.0
97   6   -279.1   -458.1   3457.3
97   7   -431.1   -333.5   3309.4
97   8   -421.1   -469.6   3528.6
97   9   -421.5   -642.4   3513.3
97   10   -507.1   -682.7   3494.7
97   11   -501.2   -1038.2   3427.6
97   12   -472.2   -1352.6   3432.1
97   13   -337.9   -690.7   3515.2
97   14   -355.7   -1044.3   3440.5
97   15   -369.3   -1359.7   3435.3
97   16   -435.2   -279.3   3342.9
97   17   -405.8   -354.2   3334.1
97   18   -406.3   -195.6   3589.6
98   0   -397.5   -102.9   3624.0
98   1   -409.6   -261.6   3575.1
98   2   -527.4   -256.2   3535.2
98   3   -564.6   -423.6   3409.2
98   4   -409.2   -249.9   3330.7
98   5   -288.9   -282.4   3580.3
98   6   -279.2   -457.6   3460.0
98   7   -430.7   -334.6   3310.2
98   8   -420.8   -471.1   3528.8
98   9   -421.5   -643.5   3513.3
98   10   -506.4   -682.6   3494.6
98   11   -501.2   -1038.7   3427.3
98   12   -472.5   -1353.0   3432.8
98   13   -338.5   -690.4   3515.2
98   14   -356.1   -1044.6   3440.5
98   15   -368.7   -1360.0   3434.7
98   16   -435.1   -278.8   3343.8
98   17   -405.5   -355.1   3335.2
98   18   -406.1   -195.6   3589.6
99   0   -398.0   -102.7   3624.1
99   1   -409.6   -261.6   3575.2
99   2   -526.9   -255.9   3535.3
99   3   -564.5   -422.6   3410.7
99   4   -408.7   -249.2   3332.3
99   5   -289.4   -282.0   3581.1
99   6   -279.2   -457.1   3463.0
99   7   -429.5   -335.4   3311.1
99   8   -420.6   -472.2   3529.1
99   9   -421.5   -644.2   3513.3
99   10   -505.8   -683.1   3494.7
99   11   -501.1   -1039.3   3426.9
99   12   -469.3   -1355.7   3431.5
99   13   -339.0   -690.5   3515.1
99   14   -356.2   -1045.0   3440.5
99   15   -368.5   -1362.8   3434.3
99   16   -434.7   -278.1   3345.4
99   17   -404.5   -355.7   3336.4
99   18   -406.1   -195.6   3589.6
100   0   -398.4   -102.4   3624.2
100   1   -409.6   -261.6   3575.4
100   2   -526.4   -255.7   3535.4
100   3   -564.4   -422.3   3412.9
100   4   -408.3   -249.5   3333.8
100   5   -289.8   -281.7   3582.6
100   6   -279.1   -456.8   3466.7
100   7   -427.5   -335.9   3312.2
100   8   -420.6   -473.1   3529.9
100   9   -421.5   -644.8   3513.2
100   10   -505.3   -683.8   3494.8
100   11   -501.1   -1039.9   3426.6
100   12   -465.8   -1356.8   3430.6
100   13   -339.5   -690.9   3515.1
100   14   -356.3   -1045.3   3440.4
100   15   -368.8   -1363.9   3434.0
100   16   -434.3   -278.3   3347.0
100   17   -402.8   -356.1   3338.0
100   18   -406.2   -195.6   3589.6
101   0   -398.8   -102.3   3624.2
101   1   -409.6   -261.7   3575.8
101   2   -526.1   -255.5   3535.6
101   3   -564.6   -424.0   3414.0
101   4   -408.5   -250.3   3337.1
101   5   -290.2   -281.4   3585.1
101   6   -278.9   -458.2   3470.0
101   7   -424.8   -335.9   3314.3
101   8   -420.5   -474.0   3531.2
101   9   -421.5   -645.3   3513.2
101   10   -504.8   -684.7   3494.9
101   11   -501.0   -1040.4   3426.3
101   12   -466.3   -1357.2   3429.7
101   13   -339.9   -691.4   3515.1
101   14   -356.3   -1045.5   3440.3
101   15   -368.9   -1364.0   3433.7
101   16   -434.5   -279.2   3349.9
101   17   -400.5   -356.3   3340.2
101   18   -406.3   -195.6   3589.6
102   0   -399.2   -102.1   3624.2
102   1   -409.7   -261.8   3576.2
102   2   -525.8   -255.4   3535.8
102   3   -565.1   -426.8   3415.2
102   4   -409.7   -250.9   3342.1
102   5   -290.5   -281.1   3586.4
102   6   -278.6   -461.0   3472.5
102   7   -422.5   -336.5   3316.7
102   8   -420.4   -474.8   3532.7
102   9   -421.5   -645.9   3513.2
102   10   -504.6   -684.9   3494.9
102   11   -501.0   -1040.1   3426.1
102   12   -469.6   -1356.9   3428.7
102   13   -340.1   -691.7   3515.1
102   14   -356.6   -1045.3   3440.3
102   15   -368.4   -1363.4   3433.7
102   16   -435.6   -280.2   3354.3
102   17   -398.5   -357.3   3342.7
102   18   -406.3   -195.6   3589.7
103   0   -399.6   -101.9   3624.3
103   1   -409.7   -261.9   3576.7
103   2   -525.5   -255.2   3536.0
103   3   -566.0   -430.6   3417.8
103   4   -412.4   -252.9   3345.2
103   5   -290.9   -280.8   3586.9
103   6   -278.1   -464.7   3475.7
103   7   -419.7   -338.3   3319.4
103   8   -420.5   -475.7   3534.7
103   9   -421.5   -646.4   3513.1
103   10   -504.4   -685.0   3494.9
103   11   -501.0   -1039.7   3425.9
103   12   -469.2   -1355.9   3427.9
103   13   -340.4   -692.0   3515.2
103   14   -356.9   -1045.1   3440.2
103   15   -367.8   -1362.7   3433.6
103   16   -438.0   -282.5   3357.3
103   17   -396.1   -359.4   3345.5
103   18   -406.4   -195.6   3589.7
104   0   -400.0   -101.8   3624.3
104   1   -409.8   -262.0   3577.4
104   2   -525.6   -255.3   3537.4
104   3   -567.1   -435.1   3422.7
104   4   -416.0   -255.6   3349.1
104   5   -291.2   -280.5   3587.0
104   6   -277.6   -466.5   3475.5
104   7   -419.4   -337.8   3321.2
104   8   -420.5   -476.6   3537.8
104   9   -421.5   -646.9   3513.0
104   10   -504.2   -685.1   3494.9
104   11   -501.1   -1039.3   3425.8
104   12   -466.8   -1354.8   3426.0
104   13   -340.7   -692.3   3515.2
104   14   -357.3   -1045.0   3440.3
104   15   -366.9   -1362.1   3433.6
104   16   -441.2   -285.5   3361.4
104   17   -395.8   -359.3   3346.9
104   18   -406.4   -195.6   3589.7
105   0   -400.5   -101.7   3624.3
105   1   -409.8   -262.1   3578.2
105   2   -526.4   -255.7   3540.5
105   3   -567.6   -436.5   3424.5
105   4   -416.7   -255.4   3354.7
105   5   -291.4   -280.3   3587.1
105   6   -277.3   -466.6   3473.2
105   7   -420.5   -334.4   3323.3
105   8   -420.5   -477.4   3541.0
105   9   -421.5   -647.4   3512.9
105   10   -504.0   -685.2   3494.9
105   11   -501.1   -1039.0   3425.5
105   12   -465.2   -1353.9   3425.5
105   13   -340.9   -692.5   3515.2
105   14   -357.8   -1044.8   3440.4
105   15   -366.0   -1361.6   3433.4
105   16   -441.8   -285.6   3366.3
105   17   -396.6   -356.4   3348.3
105   18   -406.5   -195.6   3589.7
106   0   -401.0   -101.6   3624.3
106   1   -409.8   -262.2   3578.9
106   2   -526.9   -256.0   3542.9
106   3   -567.9   -437.2   3425.1
106   4   -416.5   -254.3   3361.3
106   5   -291.7   -280.1   3587.1
106   6   -276.9   -466.9   3471.7
106   7   -421.9   -331.1   3326.8
106   8   -420.6   -478.1   3544.0
106   9   -421.5   -647.7   3512.8
106   10   -503.8   -685.4   3494.9
106   11   -501.1   -1038.7   3425.2
106   12   -464.9   -1353.3   3425.9
106   13   -341.2   -692.7   3515.3
106   14   -358.0   -1044.6   3440.5
106   15   -365.6   -1361.0   3433.2
106   16   -441.8   -284.7   3371.9
106   17   -397.8   -353.8   3350.9
106   18   -406.5   -195.6   3589.7
107   0   -401.6   -101.4   3624.3
107   1   -409.9   -262.3   3579.4
107   2   -527.2   -256.1   3544.4
107   3   -568.0   -437.6   3425.0
107   4   -416.5   -253.1   3366.1
107   5   -291.9   -280.0   3589.9
107   6   -276.9   -465.9   3471.5
107   7   -424.9   -329.0   3330.7
107   8   -420.6   -478.5   3545.9
107   9   -421.5   -648.0   3512.8
107   10   -503.6   -685.6   3495.0
107   11   -501.1   -1038.4   3424.9
107   12   -464.6   -1352.7   3426.3
107   13   -341.4   -692.9   3515.3
107   14   -358.1   -1044.4   3440.5
107   15   -365.4   -1360.6   3433.2
107   16   -441.7   -283.8   3376.0
107   17   -400.2   -351.8   3354.2
107   18   -406.5   -195.6   3589.7
108   0   -402.2   -101.3   3624.3
108   1   -409.9   -262.4   3579.6
108   2   -527.0   -256.1   3544.4
108   3   -568.0   -438.1   3424.7
108   4   -416.8   -252.5   3368.3
108   5   -292.1   -279.8   3592.1
108   6   -277.0   -465.3   3471.7
108   7   -426.8   -327.2   3334.0
108   8   -420.6   -478.7   3547.0
108   9   -421.5   -648.2   3512.8
108   10   -503.4   -685.9   3495.0
108   11   -501.1   -1038.2   3424.7
108   12   -464.6   -1352.3   3426.5
108   13   -341.6   -693.2   3515.4
108   14   -358.1   -1044.2   3440.5
108   15   -365.3   -1360.3   3433.1
108   16   -442.0   -283.5   3377.7
108   17   -401.8   -350.2   3356.9
108   18   -406.6   -195.6   3589.7
109   0   -403.0   -101.2   3624.3
109   1   -410.0   -262.4   3579.8
109   2   -526.8   -256.0   3543.8
109   3   -568.2   -438.7   3424.3
109   4   -416.8   -253.0   3369.1
109   5   -292.4   -279.6   3594.6
109   6   -277.2   -464.5   3472.3
109   7   -427.1   -325.9   3335.4
109   8   -420.6   -478.9   3547.5
109   9   -421.5   -648.4   3512.9
109   10   -503.3   -686.2   3495.1
109   11   -501.1   -1038.0   3424.4
109   12   -464.7   -1352.0   3426.7
109   13   -341.8   -693.5   3515.4
109   14   -358.1   -1044.2   3440.6
109   15   -365.3   -1360.1   3433.1
109   16   -442.0   -283.9   3378.3
109   17   -402.1   -349.0   3358.2
109   18   -406.8   -195.6   3589.7
110   0   -404.1   -101.1   3624.3
110   1   -410.3   -262.4   3579.8
110   2   -526.7   -255.9   3542.9
110   3   -568.3   -439.5   3423.9
110   4   -416.4   -254.0   3369.1
110   5   -292.8   -279.3   3595.8
110   6   -277.3   -464.4   3472.9
110   7   -426.7   -324.4   3336.7
110   8   -420.6   -478.9   3547.7
110   9   -421.5   -648.6   3512.9
110   10   -503.0   -686.5   3495.1
110   11   -501.2   -1037.9   3424.0
110   12   -464.9   -1351.8   3426.9
110   13   -342.1   -693.9   3515.4
110   14   -358.1   -1044.2   3440.6
110   15   -365.3   -1360.0   3433.1
110   16   -441.7   -284.9   3378.2
110   17   -401.8   -347.7   3359.4
110   18   -407.1   -195.6   3589.7
111   0   -406.6   -101.1   3624.4
111   1   -411.6   -262.4   3579.8
111   2   -528.0   -256.5   3542.7
111   3   -568.3   -440.5   3423.2
111   4   -416.2   -255.0   3369.0
111   5   -293.9   -278.5   3596.3
111   6   -277.5   -464.2   3473.9
111   7   -426.4   -324.1   3337.3
111   8   -420.6   -479.0   3547.8
111   9   -421.5   -648.8   3513.0
111   10   -502.8   -687.0   3495.2
111   11   -501.2   -1037.9   3423.6
111   12   -465.1   -1351.7   3427.1
111   13   -342.4   -694.4   3515.4
111   14   -358.1   -1044.4   3440.6
111   15   -365.3   -1360.0   3433.1
111   16   -441.6   -285.9   3378.0
111   17   -401.6   -347.4   3360.1
111   18   -408.9   -195.6   3589.7
112   0   -411.0   -101.0   3624.4
112   1   -414.0   -262.4   3579.8
112   2   -530.5   -257.8   3541.8
112   3   -568.3   -442.3   3421.8
112   4   -416.7   -255.8   3369.4
112   5   -295.9   -277.2   3596.4
112   6   -277.8   -464.0   3475.3
112   7   -427.1   -324.9   3338.0
112   8   -420.5   -479.1   3547.7
112   9   -421.5   -649.0   3513.1
112   10   -502.6   -687.4   3495.2
112   11   -501.3   -1038.1   3423.6
112   12   -465.7   -1351.8   3427.6
112   13   -342.7   -694.9   3515.4
112   14   -358.1   -1044.6   3440.7
112   15   -365.2   -1360.3   3433.0
112   16   -442.0   -286.9   3378.1
112   17   -402.2   -348.0   3360.9
112   18   -412.1   -195.6   3589.8
113   0   -416.4   -101.0   3624.4
113   1   -417.1   -262.4   3579.8
113   2   -533.7   -259.3   3540.7
113   3   -568.1   -444.3   3420.0
113   4   -417.3   -256.7   3369.9
113   5   -298.5   -275.5   3596.3
113   6   -278.3   -463.6   3477.1
113   7   -428.1   -326.3   3338.6
113   8   -420.4   -479.1   3547.7
113   9   -421.5   -649.1   3513.3
113   10   -502.4   -687.9   3495.3
113   11   -501.3   -1038.4   3423.7
113   12   -466.5   -1352.2   3429.5
113   13   -343.0   -695.5   3515.4
113   14   -358.0   -1045.2   3441.3
113   15   -365.3   -1360.8   3432.6
113   16   -442.4   -287.9   3378.2
113   17   -403.1   -349.2   3361.7
113   18   -416.1   -195.6   3589.8
114   0   -421.7   -100.9   3624.4
114   1   -420.4   -262.5   3579.9
114   2   -536.8   -260.8   3539.7
114   3   -567.5   -446.1   3418.1
114   4   -417.6   -257.1   3370.2
114   5   -301.5   -273.8   3596.0
114   6   -278.8   -463.1   3478.8
114   7   -428.0   -327.2   3338.3
114   8   -420.3   -479.1   3547.7
114   9   -421.6   -649.2   3513.5
114   10   -502.3   -688.2   3495.3
114   11   -501.4   -1038.8   3423.8
114   12   -467.6   -1352.6   3430.4
114   13   -343.3   -696.1   3515.4
114   14   -357.9   -1046.0   3442.0
114   15   -365.6   -1361.5   3432.1
114   16   -442.6   -288.6   3378.2
114   17   -403.1   -349.9   3361.7
114   18   -420.5   -195.6   3589.8
115   0   -425.1   -100.9   3624.5
115   1   -423.3   -262.4   3579.9
115   2   -539.5   -261.9   3538.8
115   3   -566.5   -447.3   3416.2
115   4   -417.4   -257.2   3370.5
115   5   -304.5   -272.3   3595.8
115   6   -278.8   -463.1   3481.5
115   7   -426.3   -328.3   3338.2
115   8   -420.2   -479.1   3547.7
115   9   -421.6   -649.2   3513.7
115   10   -502.3   -688.2   3495.3
115   11   -501.5   -1038.9   3423.8
115   12   -469.1   -1352.8   3430.7
115   13   -343.6   -696.6   3515.5
115   14   -358.3   -1046.7   3442.6
115   15   -365.7   -1362.1   3431.7
115   16   -442.2   -288.9   3378.1
115   17   -401.7   -350.8   3362.1
115   18   -424.3   -195.6   3589.8
116   0   -426.9   -100.9   3624.6
116   1   -425.3   -262.4   3579.9
116   2   -541.2   -262.6   3538.4
116   3   -565.3   -447.7   3414.6
116   4   -416.6   -256.9   3370.5
116   5   -306.8   -271.3   3595.6
116   6   -278.5   -464.6   3486.0
116   7   -421.6   -329.8   3338.4
116   8   -420.2   -479.0   3547.7
116   9   -421.6   -649.2   3513.9
116   10   -502.4   -688.3   3495.3
116   11   -501.5   -1039.1   3423.8
116   12   -471.7   -1353.2   3430.5
116   13   -343.9   -697.1   3515.7
116   14   -358.9   -1047.4   3443.4
116   15   -365.8   -1362.7   3431.5
116   16   -441.4   -288.7   3377.8
116   17   -397.7   -352.2   3363.0
116   18   -426.9   -195.6   3589.8
117   0   -427.6   -100.9   3624.6
117   1   -426.5   -262.4   3579.9
117   2   -542.1   -262.8   3538.2
117   3   -563.8   -447.1   3412.6
117   4   -415.5   -255.8   3369.0
117   5   -308.4   -270.9   3595.6
117   6   -278.1   -466.1   3489.8
117   7   -414.8   -330.0   3337.4
117   8   -420.2   -479.0   3547.7
117   9   -421.7   -649.2   3514.3
117   10   -502.4   -688.3   3495.3
117   11   -501.6   -1039.1   3423.8
117   12   -474.7   -1353.4   3431.5
117   13   -344.0   -697.2   3515.9
117   14   -359.7   -1047.6   3443.8
117   15   -365.5   -1362.9   3431.4
117   16   -440.2   -287.7   3376.3
117   17   -392.0   -352.7   3362.8
117   18   -428.4   -195.6   3589.8
118   0   -427.8   -100.9   3624.7
118   1   -427.1   -262.4   3579.9
118   2   -542.6   -262.8   3538.3
118   3   -562.3   -445.6   3410.1
118   4   -414.1   -254.6   3365.3
118   5   -309.4   -270.8   3595.5
118   6   -277.9   -466.7   3491.3
118   7   -411.7   -330.0   3336.8
118   8   -420.3   -479.0   3547.7
118   9   -421.7   -649.3   3515.0
118   10   -502.3   -688.2   3495.4
118   11   -501.7   -1039.0   3423.9
118   12   -476.2   -1353.5   3432.0
118   13   -343.9   -697.0   3516.4
118   14   -360.5   -1047.3   3444.4
118   15   -365.5   -1362.6   3431.1
118   16   -438.8   -286.4   3372.8
118   17   -389.4   -352.8   3362.6
118   18   -429.2   -195.6   3589.8
119   0   -427.7   -100.9   3624.7
119   1   -427.4   -262.4   3579.9
119   2   -541.9   -262.1   3535.8
119   3   -560.8   -444.0   3406.0
119   4   -412.7   -253.6   3358.3
119   5   -310.0   -271.0   3595.6
119   6   -277.8   -467.2   3491.9
119   7   -410.6   -330.1   3336.9
119   8   -420.3   -479.0   3547.7
119   9   -421.8   -649.4   3515.8
119   10   -502.2   -688.1   3495.4
119   11   -501.8   -1038.9   3423.9
119   12   -475.9   -1353.3   3432.4
119   13   -344.0   -697.1   3517.0
119   14   -361.2   -1047.4   3445.0
119   15   -365.7   -1362.7   3430.6
119   16   -437.4   -285.4   3366.2
119   17   -388.5   -353.0   3362.7
119   18   -429.5   -195.6   3589.9
120   0   -427.6   -100.9   3624.7
120   1   -427.5   -262.4   3579.9
120   2   -540.2   -260.9   3530.2
120   3   -560.1   -442.0   3399.4
120   4   -410.6   -252.4   3352.7
120   5   -310.1   -271.4   3595.6
120   6   -277.7   -467.6   3491.8
120   7   -409.2   -326.2   3339.6
120   8   -420.4   -479.0   3547.7
120   9   -421.9   -649.5   3516.7
120   10   -502.1   -688.0   3495.5
120   11   -501.9   -1038.8   3423.9
120   12   -475.3   -1353.1   3432.9
120   13   -344.3   -697.4   3517.9
120   14   -361.5   -1047.7   3445.6
120   15   -366.4   -1362.8   3430.2
120   16   -435.5   -284.0   3360.5
120   17   -387.3   -349.8   3365.0
120   18   -429.6   -195.6   3589.9
121   0   -427.6   -100.9   3624.7
121   1   -427.5   -262.4   3579.9
121   2   -538.7   -259.8   3525.1
121   3   -559.9   -441.4   3395.2
121   4   -409.7   -252.9   3346.6
121   5   -309.8   -272.0   3595.6
121   6   -277.6   -468.1   3491.4
121   7   -406.3   -318.2   3345.3
121   8   -420.5   -479.0   3547.7
121   9   -421.9   -649.6   3517.7
121   10   -502.0   -687.9   3495.6
121   11   -501.9   -1038.7   3423.9
121   12   -474.0   -1352.9   3433.5
121   13   -344.7   -697.9   3518.7
121   14   -361.8   -1048.2   3446.4
121   15   -367.2   -1363.2   3429.8
121   16   -434.7   -284.3   3354.7
121   17   -384.8   -343.1   3369.7
121   18   -429.6   -195.6   3589.9
122   0   -427.5   -100.9   3624.7
122   1   -427.5   -262.4   3579.9
122   2   -538.2   -259.3   3522.2
122   3   -559.9   -441.8   3393.6
122   4   -409.2   -254.2   3343.3
122   5   -309.4   -272.8   3595.7
122   6   -277.6   -468.5   3490.8
122   7   -404.0   -310.4   3351.5
122   8   -420.6   -479.0   3547.7
122   9   -422.0   -649.7   3518.6
122   10   -501.8   -687.8   3495.7
122   11   -501.9   -1038.6   3423.9
122   12   -471.3   -1352.5   3433.3
122   13   -345.2   -698.5   3519.5
122   14   -361.9   -1048.8   3447.2
122   15   -368.9   -1363.8   3429.5
122   16   -434.3   -285.5   3351.7
122   17   -382.9   -336.8   3374.8
122   18   -429.6   -195.6   3589.9
123   0   -427.5   -100.8   3624.8
123   1   -427.5   -262.4   3579.9
123   2   -538.4   -259.2   3520.8
123   3   -559.9   -442.7   3393.5
123   4   -408.5   -255.8   3342.7
123   5   -309.0   -273.5   3595.8
123   6   -277.6   -469.0   3490.2
123   7   -405.9   -311.7   3351.5
123   8   -420.7   -479.0   3547.7
123   9   -422.0   -649.7   3519.4
123   10   -501.8   -687.7   3495.8
123   11   -502.0   -1038.6   3424.0
123   12   -465.5   -1351.8   3433.2
123   13   -345.6   -699.0   3519.7
123   14   -362.0   -1049.5   3448.0
123   15   -369.7   -1364.4   3429.2
123   16   -433.7   -286.9   3351.2
123   17   -384.5   -337.9   3374.6
123   18   -429.6   -195.5   3589.9
124   0   -427.4   -100.7   3624.5
124   1   -427.5   -262.3   3579.9
124   2   -539.2   -259.5   3520.7
124   3   -560.1   -443.7   3394.4
124   4   -407.8   -257.4   3343.8
124   5   -308.5   -274.3   3595.8
124   6   -277.6   -469.3   3489.2
124   7   -410.2   -318.2   3347.8
124   8   -420.8   -479.0   3547.6
124   9   -422.1   -649.8   3520.5
124   10   -501.6   -687.7   3496.0
124   11   -502.0   -1038.5   3424.0
124   12   -457.5   -1350.6   3433.1
124   13   -345.7   -699.1   3519.8
124   14   -361.9   -1049.7   3448.7
124   15   -369.8   -1364.5   3429.0
124   16   -433.2   -288.5   3352.2
124   17   -388.1   -343.4   3371.4
124   18   -429.6   -195.5   3589.9
125   0   -427.4   -100.6   3624.1
125   1   -427.5   -262.3   3579.9
125   2   -539.8   -259.8   3520.6
125   3   -560.2   -444.4   3394.8
125   4   -407.6   -258.2   3344.9
125   5   -308.2   -275.0   3595.9
125   6   -277.6   -469.4   3488.1
125   7   -410.3   -317.6   3347.4
125   8   -420.9   -479.0   3547.6
125   9   -422.2   -649.9   3521.7
125   10   -501.5   -687.5   3496.2
125   11   -502.1   -1038.3   3424.0
125   12   -451.9   -1349.6   3433.2
125   13   -345.7   -699.0   3519.9
125   14   -361.9   -1049.7   3449.0
125   15   -369.9   -1364.5   3429.0
125   16   -433.0   -289.2   3353.2
125   17   -388.2   -342.9   3370.8
125   18   -429.5   -195.5   3589.9
126   0   -427.4   -100.5   3623.6
126   1   -427.5   -262.3   3579.9
126   2   -540.5   -260.0   3520.7
126   3   -560.1   -444.7   3394.8
126   4   -407.3   -258.3   3346.3
126   5   -307.7   -275.4   3595.9
126   6   -277.7   -469.2   3486.7
126   7   -407.9   -311.7   3350.1
126   8   -421.0   -479.0   3547.6
126   9   -422.2   -650.0   3522.9
126   10   -501.3   -687.4   3496.5
126   11   -502.1   -1038.2   3424.0
126   12   -452.1   -1349.5   3433.9
126   13   -345.7   -699.0   3520.0
126   14   -361.7   -1049.7   3449.2
126   15   -370.1   -1364.4   3428.8
126   16   -432.8   -289.3   3354.4
126   17   -386.2   -338.0   3372.9
126   18   -429.5   -195.4   3589.9
127   0   -427.4   -100.5   3623.3
127   1   -427.5   -262.2   3579.9
127   2   -541.1   -260.3   3520.8
127   3   -560.0   -444.8   3394.4
127   4   -407.1   -258.2   3347.1
127   5   -307.3   -275.8   3595.9
127   6   -277.9   -468.7   3485.1
127   7   -408.0   -309.3   3350.6
127   8   -421.1   -479.0   3547.6
127   9   -422.3   -650.1   3524.1
127   10   -501.1   -687.3   3496.8
127   11   -502.1   -1038.0   3424.0
127   12   -456.2   -1350.0   3434.9
127   13   -345.8   -698.9   3520.1
127   14   -361.6   -1049.7   3449.5
127   15   -370.2   -1364.4   3428.6
127   16   -432.6   -289.3   3355.0
127   17   -386.3   -335.9   3373.0
127   18   -429.5   -195.4   3589.9
