2   0   -434.3   -121.1   3662.0
2   1   -434.4   -276.7   3612.1
2   2   -576.4   -282.5   3581.3
2   3   -568.4   -453.8   3439.3
2   4   -377.6   -302.0   3434.4
2   5   -295.3   -295.6   3641.4
2   6   -249.1   -471.0   3512.3
2   7   -427.0   -334.1   3417.0
2   8   -434.0   -474.7   3582.0
2   9   -435.0   -634.8   3552.2
2   10   -530.7   -735.5   3524.3
2   11   -484.5   -1045.1   3411.5
2   12   -483.2   -1336.3   3434.3
2   13   -340.5   -737.5   3550.0
2   14   -379.3   -1048.5   3438.6
2   15   -390.4   -1340.3   3446.9
2   16   -409.4   -327.3   3435.2
2   17   -397.3   -356.9   3432.9
2   18   -434.5   -210.4   3622.2
3   0   -433.9   -119.3   3663.4
3   1   -434.3   -275.1   3614.3
3   2   -574.9   -281.1   3580.2
3   3   -570.9   -454.5   3441.0
3   4   -383.8   -299.9   3431.2
3   5   -295.3   -294.1   3639.9
3   6   -248.2   -470.4   3512.5
3   7   -423.4   -332.4   3415.4
3   8   -433.8   -473.3   3585.1
3   9   -434.8   -633.8   3555.3
3   10   -528.1   -726.9   3525.8
3   11   -487.9   -1039.8   3418.9
3   12   -484.0   -1331.6   3434.7
3   13   -341.9   -729.3   3550.6
3   14   -375.4   -1043.1   3443.9
3   15   -387.8   -1335.4   3447.3
3   16   -415.0   -325.7   3432.8
3   17   -394.2   -355.4   3431.6
3   18   -434.4   -208.7   3624.1
4   0   -433.1   -113.9   3667.8
4   1   -434.0   -270.0   3620.6
4   2   -571.3   -276.9   3579.9
4   3   -575.5   -453.6   3445.5
4   4   -396.0   -295.2   3422.5
4   5   -296.9   -290.7   3636.9
4   6   -246.5   -468.1   3512.3
4   7   -416.2   -330.4   3409.8
4   8   -433.0   -468.2   3593.9
4   9   -433.9   -629.0   3564.0
4   10   -517.3   -708.3   3531.8
4   11   -494.6   -1028.1   3433.9
4   12   -486.8   -1322.1   3437.3
4   13   -349.6   -711.2   3553.6
4   14   -369.0   -1031.3   3454.2
4   15   -384.9   -1325.0   3445.1
4   16   -425.9   -321.6   3426.3
4   17   -387.9   -353.4   3426.9
4   18   -434.4   -203.6   3629.5
5   0   -432.4   -108.1   3675.3
5   1   -433.8   -264.2   3628.5
5   2   -567.4   -272.3   3582.1
5   3   -580.6   -450.7   3450.3
5   4   -408.1   -288.9   3412.6
5   5   -299.3   -286.7   3633.4
5   6   -244.3   -464.1   3510.8
5   7   -411.9   -324.9   3409.1
5   8   -432.3   -461.6   3603.5
5   9   -432.8   -622.7   3574.0
5   10   -506.7   -687.9   3537.9
5   11   -501.5   -1015.3   3447.8
5   12   -487.8   -1313.0   3444.7
5   13   -357.0   -692.3   3557.0
5   14   -362.8   -1019.3   3464.0
5   15   -383.4   -1315.7   3441.6
5   16   -436.8   -315.9   3418.9
5   17   -384.0   -348.1   3426.1
5   18   -434.4   -197.7   3636.9
6   0   -432.2   -104.8   3681.5
6   1   -433.9   -260.5   3633.8
6   2   -564.5   -269.2   3583.7
6   3   -583.2   -448.5   3453.4
6   4   -416.9   -282.4   3405.7
6   5   -301.3   -283.9   3631.1
6   6   -242.8   -460.5   3508.9
6   7   -412.1   -319.3   3413.4
6   8   -432.2   -457.7   3609.0
6   9   -432.0   -618.7   3579.3
6   10   -504.2   -680.7   3538.9
6   11   -505.9   -1013.3   3456.4
6   12   -487.0   -1314.5   3448.8
6   13   -356.9   -685.8   3557.0
6   14   -359.4   -1017.3   3469.2
6   15   -382.1   -1316.5   3437.7
6   16   -444.6   -310.1   3413.7
6   17   -383.9   -342.8   3429.3
6   18   -434.4   -193.9   3642.2
7   0   -432.3   -104.4   3684.5
7   1   -434.0   -258.8   3635.8
7   2   -562.8   -267.5   3584.6
7   3   -583.7   -447.3   3455.0
7   4   -422.1   -277.1   3401.9
7   5   -302.5   -282.3   3630.8
7   6   -242.3   -458.1   3508.2
7   7   -411.9   -316.8   3412.5
7   8   -432.4   -457.0   3608.8
7   9   -431.9   -619.4   3579.6
7   10   -507.6   -681.9   3536.9
7   11   -508.3   -1017.4   3457.2
7   12   -484.1   -1321.0   3450.8
7   13   -352.1   -687.2   3555.6
7   14   -358.7   -1021.2   3470.5
7   15   -381.0   -1323.1   3435.8
7   16   -449.0   -305.5   3410.7
7   17   -383.7   -340.3   3428.5
7   18   -434.6   -192.3   3644.9
8   0   -432.5   -105.3   3685.5
8   1   -434.2   -258.2   3636.1
8   2   -562.0   -266.8   3584.9
8   3   -583.7   -446.5   3455.2
8   4   -425.6   -272.7   3399.7
8   5   -303.3   -281.6   3631.4
8   6   -242.6   -456.7   3508.1
8   7   -412.8   -315.3   3412.1
8   8   -432.7   -458.2   3606.1
8   9   -432.0   -622.1   3577.2
8   10   -512.0   -684.5   3534.8
8   11   -509.3   -1022.8   3457.3
8   12   -480.8   -1328.1   3451.4
8   13   -347.5   -689.3   3554.4
8   14   -358.8   -1025.7   3470.1
8   15   -379.2   -1329.8   3435.0
8   16   -451.9   -301.7   3409.0
8   17   -384.4   -338.8   3428.1
8   18   -434.8   -191.9   3646.0
9   0   -432.7   -106.7   3685.4
9   1   -434.4   -258.2   3635.6
9   2   -561.5   -266.5   3585.0
9   3   -583.6   -445.9   3455.0
9   4   -426.7   -270.5   3398.8
9   5   -303.8   -281.2   3632.6
9   6   -242.9   -455.8   3508.6
9   7   -413.0   -314.0   3411.6
9   8   -432.9   -459.9   3603.1
9   9   -432.2   -625.2   3574.1
9   10   -515.1   -686.4   3533.7
9   11   -509.7   -1027.6   3457.1
9   12   -477.3   -1334.0   3451.8
9   13   -345.0   -690.7   3553.9
9   14   -359.0   -1029.7   3469.2
9   15   -378.6   -1335.2   3434.3
9   16   -452.9   -299.8   3408.2
9   17   -384.6   -337.7   3427.8
9   18   -434.9   -192.0   3646.3
10   0   -432.9   -108.0   3684.9
10   1   -434.5   -258.5   3635.0
10   2   -561.2   -266.3   3585.0
10   3   -583.5   -445.5   3454.6
10   4   -425.9   -270.1   3398.7
10   5   -304.1   -281.0   3633.9
10   6   -243.4   -455.5   3509.6
10   7   -412.4   -312.7   3411.0
10   8   -433.1   -461.5   3600.7
10   9   -432.5   -628.0   3571.5
10   10   -516.5   -687.5   3533.3
10   11   -509.6   -1030.5   3455.9
10   12   -473.5   -1337.5   3452.2
10   13   -344.3   -691.3   3553.8
10   14   -359.2   -1032.2   3468.5
10   15   -378.4   -1338.8   3434.1
10   16   -452.2   -299.3   3408.0
10   17   -384.3   -336.5   3427.5
10   18   -435.0   -192.4   3646.2
11   0   -433.1   -109.1   3684.3
11   1   -434.7   -258.9   3634.5
11   2   -561.0   -266.3   3584.8
11   3   -583.4   -445.1   3454.1
11   4   -424.1   -270.5   3399.1
11   5   -304.3   -280.9   3634.5
11   6   -243.6   -455.5   3510.3
11   7   -411.4   -312.2   3409.5
11   8   -433.3   -462.8   3599.1
11   9   -432.8   -630.4   3569.8
11   10   -517.0   -688.0   3533.2
11   11   -509.4   -1032.4   3455.1
11   12   -473.2   -1340.2   3452.1
11   13   -344.6   -691.5   3553.9
11   14   -359.3   -1033.9   3467.9
11   15   -378.4   -1341.4   3434.1
11   16   -450.7   -299.6   3408.2
11   17   -383.4   -336.1   3426.3
11   18   -435.1   -192.9   3646.0
12   0   -433.2   -110.1   3683.7
12   1   -434.8   -259.5   3634.2
12   2   -560.8   -266.2   3584.6
12   3   -583.3   -445.1   3453.9
12   4   -421.9   -271.8   3399.7
12   5   -304.5   -280.8   3634.6
12   6   -243.8   -455.7   3510.9
12   7   -410.8   -312.1   3408.6
12   8   -433.5   -463.9   3598.1
12   9   -433.1   -632.5   3568.7
12   10   -516.9   -688.0   3533.3
12   11   -509.3   -1033.9   3454.7
12   12   -475.3   -1342.5   3451.5
12   13   -345.4   -691.4   3554.0
12   14   -359.5   -1035.1   3467.3
12   15   -378.5   -1343.3   3434.1
12   16   -448.8   -300.7   3408.8
12   17   -383.0   -336.0   3425.6
12   18   -435.2   -193.4   3645.8
13   0   -433.3   -110.9   3681.6
13   1   -434.9   -260.1   3632.5
13   2   -559.5   -265.5   3579.6
13   3   -583.5   -445.4   3450.7
13   4   -419.5   -273.1   3400.5
13   5   -304.7   -280.7   3633.0
13   6   -243.8   -456.6   3510.9
13   7   -409.2   -311.3   3408.0
13   8   -433.6   -465.1   3597.2
13   9   -433.3   -634.3   3566.6
13   10   -516.8   -688.1   3532.5
13   11   -509.2   -1035.2   3452.7
13   12   -476.8   -1344.4   3446.6
13   13   -346.2   -691.3   3553.4
13   14   -359.6   -1036.4   3466.2
13   15   -378.3   -1345.1   3433.9
13   16   -446.9   -301.8   3408.8
13   17   -381.6   -335.5   3425.1
13   18   -435.3   -194.0   3643.9
14   0   -433.6   -110.8   3674.5
14   1   -435.0   -260.7   3628.5
14   2   -558.2   -264.6   3572.2
14   3   -583.6   -444.5   3443.6
14   4   -417.3   -272.6   3399.4
14   5   -304.8   -280.7   3631.3
14   6   -243.6   -457.2   3510.2
14   7   -407.7   -311.6   3405.2
14   8   -433.9   -466.1   3594.4
14   9   -433.6   -635.8   3562.5
14   10   -516.7   -688.2   3529.8
14   11   -509.5   -1036.1   3447.5
14   12   -476.4   -1345.3   3433.2
14   13   -346.9   -691.2   3551.7
14   14   -359.7   -1037.6   3463.7
14   15   -378.1   -1347.0   3434.0
14   16   -445.0   -301.3   3406.8
14   17   -380.3   -335.8   3422.7
14   18   -435.4   -194.5   3639.5
15   0   -434.0   -109.2   3664.3
15   1   -435.2   -261.3   3622.6
15   2   -558.3   -264.4   3566.1
15   3   -583.3   -443.0   3435.6
15   4   -416.0   -271.4   3393.5
15   5   -305.0   -280.6   3625.9
15   6   -242.8   -459.4   3508.8
15   7   -404.9   -313.4   3400.9
15   8   -434.3   -467.1   3590.4
15   9   -433.9   -637.3   3557.1
15   10   -516.0   -688.2   3524.0
15   11   -509.5   -1036.9   3439.4
15   12   -474.2   -1345.8   3418.6
15   13   -347.7   -691.2   3548.2
15   14   -359.9   -1038.7   3459.6
15   15   -377.8   -1348.9   3434.8
15   16   -443.9   -300.0   3400.5
15   17   -377.9   -337.8   3418.8
15   18   -435.5   -195.1   3633.0
16   0   -434.5   -107.9   3654.8
16   1   -435.4   -261.9   3615.8
16   2   -558.9   -264.5   3560.5
16   3   -583.3   -442.9   3429.6
16   4   -417.0   -272.2   3380.3
16   5   -305.4   -280.4   3617.5
16   6   -241.6   -462.8   3507.2
16   7   -401.5   -316.0   3396.9
16   8   -434.8   -468.1   3585.5
16   9   -434.2   -638.8   3551.8
16   10   -515.1   -688.1   3517.1
16   11   -509.6   -1038.1   3434.4
16   12   -473.2   -1347.2   3413.8
16   13   -348.5   -691.2   3543.5
16   14   -360.2   -1039.0   3452.3
16   15   -377.5   -1349.9   3437.2
16   16   -444.7   -300.6   3388.6
16   17   -374.8   -340.5   3415.2
16   18   -435.6   -195.6   3625.6
17   0   -435.0   -108.5   3648.8
17   1   -435.6   -262.5   3609.7
17   2   -560.6   -265.2   3558.7
17   3   -583.0   -442.2   3425.7
17   4   -417.2   -271.8   3373.1
17   5   -305.7   -280.3   3614.3
17   6   -241.4   -463.8   3505.8
17   7   -400.5   -316.6   3394.7
17   8   -435.2   -468.9   3580.9
17   9   -434.5   -640.2   3547.9
17   10   -514.7   -688.4   3513.3
17   11   -509.7   -1039.1   3431.4
17   12   -472.6   -1348.7   3416.9
17   13   -349.2   -691.3   3540.3
17   14   -360.4   -1039.7   3449.4
17   15   -377.4   -1351.0   3436.4
17   16   -444.9   -300.2   3381.9
17   17   -374.0   -341.1   3413.2
17   18   -435.7   -196.1   3618.9
18   0   -435.5   -109.7   3645.6
18   1   -435.8   -263.0   3605.2
18   2   -561.9   -265.6   3558.1
18   3   -582.9   -442.3   3424.3
18   4   -417.9   -272.0   3368.7
18   5   -306.2   -280.2   3614.1
18   6   -241.8   -462.8   3504.3
18   7   -401.2   -316.0   3393.1
18   8   -435.7   -469.6   3577.7
18   9   -434.7   -641.4   3545.5
18   10   -514.6   -688.5   3511.2
18   11   -509.7   -1039.6   3429.0
18   12   -472.1   -1349.4   3421.0
18   13   -349.9   -691.4   3538.2
18   14   -360.8   -1040.3   3448.0
18   15   -377.4   -1351.9   3434.2
18   16   -445.4   -300.3   3378.0
18   17   -374.7   -340.4   3411.7
18   18   -435.8   -196.5   3614.0
19   0   -436.0   -110.8   3644.1
19   1   -436.0   -263.5   3602.6
19   2   -562.6   -265.8   3558.0
19   3   -582.9   -442.3   3424.0
19   4   -418.0   -272.3   3366.7
19   5   -306.7   -280.0   3615.2
19   6   -242.4   -461.2   3502.9
19   7   -403.3   -316.1   3391.4
19   8   -436.2   -470.3   3576.0
19   9   -435.0   -642.3   3544.3
19   10   -514.6   -688.5   3510.2
19   11   -509.7   -1039.9   3428.2
19   12   -471.7   -1349.9   3424.7
19   13   -350.5   -691.6   3537.4
19   14   -361.2   -1040.6   3446.8
19   15   -377.5   -1352.4   3433.5
19   16   -445.5   -300.6   3376.3
19   17   -376.5   -340.3   3410.0
19   18   -435.9   -197.0   3611.1
20   0   -436.5   -111.8   3643.8
20   1   -436.2   -264.0   3601.4
20   2   -562.9   -265.7   3558.2
20   3   -582.8   -442.3   3424.2
20   4   -417.5   -273.2   3365.6
20   5   -307.4   -280.0   3616.6
20   6   -243.3   -459.0   3500.9
20   7   -405.7   -315.0   3390.1
20   8   -436.7   -470.9   3575.3
20   9   -435.3   -643.0   3543.6
20   10   -514.6   -688.4   3509.6
20   11   -509.7   -1039.7   3427.8
20   12   -470.7   -1349.7   3428.8
20   13   -351.0   -691.5   3537.3
20   14   -361.6   -1040.4   3446.5
20   15   -377.6   -1352.2   3433.0
20   16   -445.0   -301.4   3375.3
20   17   -378.6   -339.0   3408.6
20   18   -436.0   -197.4   3609.8
21   0   -437.0   -112.4   3643.9
21   1   -436.4   -264.5   3600.9
21   2   -562.9   -265.5   3558.5
21   3   -582.8   -442.3   3424.7
21   4   -416.3   -274.5   3365.2
21   5   -308.0   -280.0   3615.9
21   6   -243.9   -457.6   3498.0
21   7   -407.6   -313.3   3389.4
21   8   -437.1   -471.5   3575.0
21   9   -435.6   -643.6   3543.3
21   10   -514.5   -688.2   3509.1
21   11   -509.6   -1038.8   3427.4
21   12   -469.5   -1348.8   3430.5
21   13   -351.4   -691.3   3537.3
21   14   -362.1   -1039.5   3446.7
21   15   -377.6   -1351.4   3432.7
21   16   -444.1   -302.5   3375.1
21   17   -380.3   -337.4   3407.5
21   18   -436.1   -197.9   3609.3
22   0   -437.5   -112.9   3644.2
22   1   -436.6   -265.0   3600.8
22   2   -562.7   -265.3   3558.8
22   3   -582.8   -442.2   3425.2
22   4   -415.2   -275.6   3365.3
22   5   -308.5   -280.0   3614.2
22   6   -243.9   -457.7   3496.7
22   7   -407.6   -312.5   3389.4
22   8   -437.6   -472.0   3574.9
22   9   -435.7   -643.9   3543.1
22   10   -514.5   -688.0   3509.0
22   11   -509.6   -1037.7   3427.5
22   12   -468.0   -1347.6   3430.1
22   13   -351.8   -691.0   3537.4
22   14   -362.5   -1038.4   3447.0
22   15   -377.5   -1350.4   3432.6
22   16   -443.2   -303.4   3375.3
22   17   -380.3   -336.7   3407.3
22   18   -436.3   -198.4   3609.1
23   0   -438.0   -113.2   3644.6
23   1   -436.9   -265.4   3600.8
23   2   -562.6   -265.0   3559.2
23   3   -582.8   -442.0   3425.6
23   4   -415.1   -275.4   3366.1
23   5   -309.2   -280.0   3613.4
23   6   -243.9   -458.0   3496.7
23   7   -407.1   -312.4   3389.1
23   8   -438.3   -472.6   3574.8
23   9   -435.9   -644.2   3542.9
23   10   -514.5   -687.7   3508.9
23   11   -509.6   -1036.7   3427.6
23   12   -465.7   -1346.3   3428.5
23   13   -352.1   -690.7   3537.5
23   14   -362.6   -1037.4   3447.3
23   15   -377.7   -1349.4   3432.6
23   16   -443.0   -303.1   3376.0
23   17   -379.9   -336.7   3407.0
23   18   -436.4   -198.9   3609.2
24   0   -438.5   -113.4   3645.0
24   1   -437.2   -265.8   3600.9
24   2   -562.4   -264.8   3559.4
24   3   -582.8   -441.7   3425.9
24   4   -414.8   -275.2   3366.9
24   5   -309.7   -279.8   3613.1
24   6   -244.0   -458.4   3497.5
24   7   -406.3   -312.9   3388.4
24   8   -438.9   -473.1   3574.8
24   9   -436.0   -644.3   3542.8
24   10   -514.5   -687.3   3508.9
24   11   -509.6   -1035.8   3427.8
24   12   -464.8   -1345.3   3425.7
24   13   -352.3   -690.5   3537.5
24   14   -362.5   -1036.6   3447.6
24   15   -377.8   -1348.6   3432.5
24   16   -442.8   -302.9   3376.8
24   17   -379.3   -337.1   3406.6
24   18   -436.6   -199.3   3609.3
25   0   -439.0   -113.5   3645.2
25   1   -437.5   -266.3   3600.9
25   2   -562.2   -264.6   3559.6
25   3   -582.8   -441.3   3425.7
25   4   -414.1   -275.0   3368.0
25   5   -310.1   -279.5   3612.9
25   6   -244.0   -458.7   3498.6
25   7   -405.4   -313.5   3387.6
25   8   -439.6   -473.6   3574.8
25   9   -436.1   -644.5   3542.7
25   10   -514.7   -687.1   3508.7
25   11   -509.6   -1035.1   3428.0
25   12   -464.9   -1344.6   3421.7
25   13   -352.4   -690.4   3537.5
25   14   -362.7   -1036.1   3447.8
25   15   -377.6   -1348.1   3432.4
25   16   -442.2   -302.7   3377.6
25   17   -378.5   -337.7   3406.1
25   18   -436.8   -199.7   3609.3
26   0   -439.4   -113.5   3645.3
26   1   -437.7   -266.7   3600.9
26   2   -562.0   -264.6   3559.7
26   3   -582.7   -441.0   3425.6
26   4   -413.8   -274.8   3368.4
26   5   -310.5   -279.2   3612.9
26   6   -243.9   -459.5   3500.5
26   7   -403.7   -314.6   3386.8
26   8   -440.0   -474.1   3574.7
26   9   -436.2   -644.7   3542.6
26   10   -514.9   -686.8   3508.5
26   11   -509.6   -1034.7   3428.2
26   12   -465.3   -1344.2   3419.8
26   13   -352.4   -690.3   3537.5
26   14   -363.0   -1035.8   3448.0
26   15   -377.5   -1347.9   3432.4
26   16   -441.9   -302.5   3378.0
26   17   -377.1   -338.8   3405.8
26   18   -437.0   -200.1   3609.3
27   0   -439.7   -113.4   3645.4
27   1   -437.9   -266.9   3600.9
27   2   -561.8   -264.5   3559.8
27   3   -582.7   -440.9   3425.6
27   4   -413.7   -274.7   3368.6
27   5   -310.8   -278.9   3612.9
27   6   -244.3   -459.8   3501.5
27   7   -402.8   -315.2   3385.7
27   8   -440.1   -474.5   3574.6
27   9   -436.2   -644.9   3542.5
27   10   -515.2   -686.5   3508.2
27   11   -509.7   -1034.4   3428.3
27   12   -465.8   -1344.0   3418.8
27   13   -352.3   -690.3   3537.5
27   14   -363.5   -1035.8   3448.1
27   15   -377.3   -1347.9   3432.3
27   16   -441.9   -302.4   3378.1
27   17   -376.4   -339.3   3405.0
27   18   -437.1   -200.4   3609.4
28   0   -439.9   -113.2   3645.6
28   1   -438.0   -267.1   3600.9
28   2   -561.7   -264.5   3559.9
28   3   -582.8   -441.0   3425.8
28   4   -413.9   -274.6   3368.6
28   5   -311.2   -278.6   3612.9
28   6   -244.8   -459.8   3501.9
28   7   -402.4   -315.4   3384.6
28   8   -440.2   -474.8   3574.6
28   9   -436.3   -645.1   3542.5
28   10   -515.5   -686.2   3507.9
28   11   -509.7   -1034.3   3428.4
28   12   -466.1   -1343.9   3418.5
28   13   -352.2   -690.4   3537.5
28   14   -363.7   -1035.9   3448.1
28   15   -377.2   -1348.1   3432.3
28   16   -442.0   -302.4   3378.1
28   17   -376.1   -339.4   3404.1
28   18   -437.3   -200.6   3609.4
29   0   -440.0   -113.1   3645.6
29   1   -438.2   -267.2   3600.9
29   2   -561.5   -264.5   3560.0
29   3   -582.8   -440.9   3425.8
29   4   -413.8   -274.6   3368.6
29   5   -311.6   -278.3   3612.9
29   6   -244.7   -459.4   3501.9
29   7   -402.0   -315.8   3383.2
29   8   -440.2   -475.0   3574.5
29   9   -436.3   -645.2   3542.4
29   10   -515.6   -686.0   3507.5
29   11   -509.7   -1034.3   3428.4
29   12   -466.1   -1344.0   3418.5
29   13   -352.1   -690.5   3537.5
29   14   -363.7   -1036.1   3448.1
29   15   -377.2   -1348.3   3432.2
29   16   -442.0   -302.3   3378.1
29   17   -375.8   -339.7   3402.9
29   18   -437.5   -200.7   3609.4
30   0   -440.2   -113.0   3645.8
30   1   -438.3   -267.3   3600.9
30   2   -561.4   -264.5   3560.0
30   3   -582.8   -440.7   3425.6
30   4   -413.5   -274.6   3368.8
30   5   -311.9   -278.1   3612.9
30   6   -244.7   -458.9   3501.7
30   7   -401.7   -316.0   3381.6
30   8   -440.2   -475.1   3574.5
30   9   -436.4   -645.3   3542.4
30   10   -515.7   -686.0   3507.1
30   11   -509.6   -1034.6   3428.3
30   12   -465.6   -1344.2   3418.6
30   13   -352.0   -690.5   3537.4
30   14   -363.8   -1036.3   3448.0
30   15   -377.0   -1348.5   3432.2
30   16   -441.7   -302.3   3378.2
30   17   -375.5   -339.8   3401.6
30   18   -437.7   -200.8   3609.4
31   0   -440.3   -112.8   3646.0
31   1   -438.5   -267.3   3600.9
31   2   -561.4   -264.5   3559.9
31   3   -582.9   -440.6   3425.5
31   4   -413.2   -274.8   3368.9
31   5   -312.2   -277.9   3612.9
31   6   -244.8   -458.3   3501.3
31   7   -401.3   -316.2   3379.8
31   8   -440.2   -475.1   3574.4
31   9   -436.5   -645.4   3542.4
31   10   -515.8   -686.0   3506.6
31   11   -509.6   -1034.8   3428.3
31   12   -465.4   -1344.4   3418.9
31   13   -351.9   -690.6   3537.4
31   14   -363.8   -1036.6   3448.0
31   15   -377.0   -1348.8   3432.2
31   16   -441.5   -302.5   3378.3
31   17   -375.2   -339.9   3400.1
31   18   -437.9   -200.8   3609.4
32   0   -440.4   -112.7   3646.2
32   1   -438.6   -267.3   3600.9
32   2   -561.3   -264.4   3559.8
32   3   -583.0   -440.6   3425.4
32   4   -413.6   -274.4   3369.2
32   5   -312.6   -277.7   3612.9
32   6   -245.0   -457.6   3500.6
32   7   -401.1   -315.5   3378.6
32   8   -440.2   -475.2   3574.4
32   9   -436.5   -645.5   3542.4
32   10   -515.8   -685.9   3505.9
32   11   -509.6   -1035.0   3428.2
32   12   -465.2   -1344.6   3419.3
32   13   -351.9   -690.6   3537.3
32   14   -363.8   -1036.8   3447.9
32   15   -376.9   -1349.0   3432.2
32   16   -441.8   -302.1   3378.5
32   17   -375.1   -339.2   3399.0
32   18   -438.1   -200.8   3609.4
33   0   -440.5   -112.7   3646.4
33   1   -438.7   -267.3   3600.9
33   2   -561.3   -264.4   3559.7
33   3   -583.3   -440.6   3425.4
33   4   -413.9   -274.4   3369.2
33   5   -312.8   -277.5   3612.9
33   6   -245.2   -456.8   3499.5
33   7   -401.2   -314.3   3377.7
33   8   -440.1   -475.2   3574.4
33   9   -436.6   -645.6   3542.4
33   10   -515.7   -685.8   3505.1
33   11   -509.6   -1035.2   3428.1
33   12   -465.0   -1344.8   3419.1
33   13   -351.8   -690.7   3537.2
33   14   -363.8   -1037.0   3448.0
33   15   -376.9   -1349.2   3431.9
33   16   -442.1   -302.1   3378.6
33   17   -375.2   -338.1   3398.0
33   18   -438.3   -200.8   3609.4
34   0   -440.5   -112.6   3646.6
34   1   -438.9   -267.3   3600.9
34   2   -561.2   -264.4   3559.6
34   3   -583.7   -440.7   3425.4
34   4   -414.2   -274.6   3369.3
34   5   -313.1   -277.4   3612.9
34   6   -245.4   -455.9   3498.4
34   7   -402.0   -313.4   3377.6
34   8   -440.1   -475.2   3574.4
34   9   -436.6   -645.7   3542.3
34   10   -515.7   -685.9   3504.8
34   11   -509.6   -1035.4   3428.1
34   12   -464.5   -1344.9   3418.6
34   13   -351.7   -690.8   3537.1
34   14   -363.8   -1037.3   3448.1
34   15   -376.9   -1349.5   3431.8
34   16   -442.5   -302.2   3378.6
34   17   -375.9   -337.1   3397.7
34   18   -438.5   -200.8   3609.4
35   0   -440.5   -112.5   3646.8
35   1   -439.0   -267.3   3600.9
35   2   -561.2   -264.4   3559.4
35   3   -583.8   -440.8   3425.5
35   4   -414.6   -274.4   3369.3
35   5   -313.3   -277.2   3612.9
35   6   -245.3   -455.6   3498.3
35   7   -402.1   -313.0   3377.7
35   8   -440.1   -475.3   3574.4
35   9   -436.6   -645.8   3542.3
35   10   -515.7   -685.9   3504.5
35   11   -509.6   -1035.6   3428.0
35   12   -461.7   -1344.7   3420.0
35   13   -351.6   -690.8   3536.8
35   14   -363.7   -1037.4   3448.1
35   15   -376.7   -1349.6   3432.4
35   16   -442.8   -302.1   3378.6
35   17   -375.9   -336.8   3397.8
35   18   -438.7   -200.8   3609.4
36   0   -440.6   -112.5   3647.1
36   1   -439.2   -267.4   3600.9
36   2   -561.3   -264.4   3559.3
36   3   -583.9   -440.9   3425.5
36   4   -415.1   -274.2   3369.3
36   5   -313.5   -277.1   3612.6
36   6   -245.3   -455.4   3498.1
36   7   -402.0   -312.4   3377.8
36   8   -440.1   -475.3   3574.4
36   9   -436.6   -645.9   3542.3
36   10   -515.7   -685.9   3504.2
36   11   -509.6   -1035.7   3428.0
36   12   -455.9   -1343.8   3420.6
36   13   -351.5   -690.8   3536.6
36   14   -363.7   -1037.5   3447.9
36   15   -376.6   -1349.8   3433.4
36   16   -443.2   -302.0   3378.7
36   17   -375.9   -336.2   3397.8
36   18   -438.9   -200.8   3609.4
37   0   -440.6   -112.5   3647.3
37   1   -439.3   -267.4   3600.9
37   2   -561.3   -264.5   3559.1
37   3   -584.0   -441.2   3425.7
37   4   -415.4   -274.4   3369.1
37   5   -313.7   -277.0   3612.1
37   6   -245.3   -455.3   3497.8
37   7   -401.8   -311.9   3377.8
37   8   -440.1   -475.3   3574.4
37   9   -436.6   -646.0   3542.3
37   10   -515.7   -685.8   3504.0
37   11   -509.6   -1035.7   3427.9
37   12   -454.1   -1343.5   3420.9
37   13   -351.4   -690.8   3536.3
37   14   -363.7   -1037.5   3447.8
37   15   -376.4   -1349.9   3433.9
37   16   -443.5   -302.2   3378.5
37   17   -375.7   -335.8   3397.8
37   18   -439.1   -200.8   3609.4
38   0   -440.3   -112.4   3647.4
38   1   -439.4   -267.4   3600.9
38   2   -561.1   -264.6   3558.3
38   3   -584.1   -441.8   3425.6
38   4   -415.9   -274.7   3369.0
38   5   -313.7   -276.8   3609.6
38   6   -245.0   -456.1   3497.1
38   7   -401.5   -311.9   3377.9
38   8   -440.0   -475.3   3574.2
38   9   -436.6   -646.1   3542.2
38   10   -515.7   -685.7   3503.8
38   11   -509.6   -1035.7   3427.8
38   12   -453.1   -1343.3   3421.3
38   13   -351.4   -690.8   3536.0
38   14   -363.6   -1037.6   3447.6
38   15   -376.2   -1350.0   3434.2
38   16   -443.9   -302.5   3378.4
38   17   -375.4   -335.9   3397.8
38   18   -439.2   -200.9   3609.4
39   0   -440.1   -112.3   3647.5
39   1   -439.5   -267.4   3600.8
39   2   -560.7   -264.6   3557.0
39   3   -584.3   -442.6   3425.5
39   4   -416.4   -275.0   3368.9
39   5   -313.8   -276.5   3605.3
39   6   -244.5   -457.4   3495.8
39   7   -400.9   -311.8   3378.3
39   8   -439.9   -475.3   3573.9
39   9   -436.6   -646.1   3542.0
39   10   -515.9   -685.7   3503.6
39   11   -509.6   -1035.7   3427.8
39   12   -452.8   -1343.3   3423.4
39   13   -351.3   -690.8   3535.7
39   14   -363.6   -1037.7   3447.4
39   15   -375.9   -1350.1   3434.5
39   16   -444.4   -303.0   3378.3
39   17   -374.9   -336.1   3397.9
39   18   -439.4   -200.9   3609.4
40   0   -439.7   -112.3   3647.5
40   1   -439.6   -267.4   3600.7
40   2   -560.3   -264.5   3555.4
40   3   -584.5   -443.6   3425.4
40   4   -417.1   -275.5   3368.9
40   5   -313.7   -276.2   3602.9
40   6   -244.3   -457.8   3494.4
40   7   -401.0   -311.3   3378.3
40   8   -439.7   -475.3   3573.6
40   9   -436.6   -646.1   3541.8
40   10   -516.0   -685.7   3503.5
40   11   -509.5   -1035.7   3427.7
40   12   -452.8   -1343.4   3425.1
40   13   -351.3   -690.9   3535.3
40   14   -363.5   -1037.9   3447.3
40   15   -375.5   -1350.3   3434.8
40   16   -445.0   -303.5   3378.3
40   17   -374.9   -335.7   3397.7
40   18   -439.5   -200.9   3609.4
41   0   -439.2   -112.3   3647.6
41   1   -439.6   -267.4   3600.7
41   2   -560.3   -264.7   3554.9
41   3   -585.0   -444.1   3425.5
41   4   -417.9   -275.9   3368.5
41   5   -313.5   -276.0   3601.4
41   6   -244.5   -457.5   3492.6
41   7   -401.9   -310.5   3378.4
41   8   -439.5   -475.3   3573.3
41   9   -436.6   -646.2   3541.5
41   10   -516.0   -685.9   3503.3
41   11   -509.5   -1035.8   3427.5
41   12   -453.3   -1343.6   3425.6
41   13   -351.3   -690.9   3534.7
41   14   -363.4   -1038.0   3447.1
41   15   -375.3   -1350.4   3435.2
41   16   -445.7   -303.9   3378.0
41   17   -375.7   -335.0   3397.4
41   18   -439.6   -200.9   3609.4
42   0   -438.7   -112.5   3648.2
42   1   -439.5   -267.4   3600.6
42   2   -560.5   -264.9   3555.1
42   3   -587.3   -444.1   3425.9
42   4   -420.9   -276.4   3365.8
42   5   -313.2   -275.9   3606.5
42   6   -246.0   -452.5   3489.2
42   7   -406.1   -306.9   3376.9
42   8   -439.3   -475.3   3572.9
42   9   -436.6   -646.3   3541.0
42   10   -516.2   -686.1   3503.1
42   11   -509.5   -1036.0   3427.3
42   12   -454.2   -1344.0   3424.9
42   13   -351.2   -691.0   3534.0
42   14   -363.3   -1038.2   3447.0
42   15   -375.2   -1350.6   3435.3
42   16   -448.6   -304.3   3375.8
42   17   -379.4   -331.1   3395.6
42   18   -439.6   -201.0   3609.4
43   0   -438.2   -112.6   3649.0
43   1   -439.5   -267.4   3600.5
43   2   -560.8   -265.2   3555.6
43   3   -600.4   -444.5   3430.4
43   4   -430.3   -285.7   3358.8
43   5   -312.4   -275.2   3610.2
43   6   -233.8   -437.6   3481.5
43   7   -408.8   -303.8   3378.8
43   8   -439.1   -475.4   3572.6
43   9   -436.5   -646.4   3540.4
43   10   -516.4   -686.2   3502.9
43   11   -509.5   -1036.2   3427.1
43   12   -454.6   -1344.2   3423.8
43   13   -351.1   -691.1   3533.3
43   14   -363.3   -1038.5   3446.9
43   15   -375.2   -1350.9   3435.3
43   16   -458.7   -312.1   3370.8
43   17   -379.7   -326.1   3395.9
43   18   -439.6   -201.0   3609.4
44   0   -437.8   -112.8   3649.8
44   1   -439.4   -267.4   3600.5
44   2   -561.4   -265.5   3556.5
44   3   -630.0   -447.6   3453.6
44   4   -479.9   -347.1   3313.5
44   5   -311.2   -274.0   3611.9
44   6   -198.4   -388.3   3467.6
44   7   -404.5   -302.3   3385.5
44   8   -438.9   -475.5   3572.5
44   9   -436.5   -646.6   3539.7
44   10   -516.5   -686.4   3502.7
44   11   -509.5   -1036.5   3426.8
44   12   -454.7   -1344.5   3423.4
44   13   -351.0   -691.2   3532.8
44   14   -363.3   -1038.8   3446.6
44   15   -375.2   -1351.2   3435.4
44   16   -504.8   -363.7   3336.9
44   17   -370.2   -316.7   3399.2
44   18   -439.5   -201.0   3609.4
45   0   -437.3   -112.5   3649.7
45   1   -439.3   -267.4   3600.5
45   2   -562.3   -265.9   3558.5
45   3   -668.7   -440.0   3479.1
45   4   -545.6   -443.5   3298.0
45   5   -309.9   -272.6   3612.3
45   6   -160.9   -328.6   3469.6
45   7   -386.5   -286.7   3402.4
45   8   -438.7   -475.8   3572.3
45   9   -436.4   -646.9   3539.0
45   10   -516.6   -686.5   3502.4
45   11   -509.5   -1036.8   3426.3
45   12   -454.8   -1344.8   3423.5
45   13   -350.9   -691.2   3532.0
45   14   -363.3   -1039.1   3446.4
45   15   -375.2   -1351.5   3435.4
45   16   -566.1   -442.8   3328.2
45   17   -348.9   -293.7   3413.6
45   18   -439.4   -200.9   3609.4
46   0   -436.8   -111.4   3646.8
46   1   -439.1   -267.3   3600.4
46   2   -563.2   -266.4   3560.7
46   3   -699.5   -430.6   3507.0
46   4   -592.6   -519.4   3324.8
46   5   -308.4   -270.7   3612.1
46   6   -130.8   -282.0   3487.3
46   7   -362.0   -260.3   3416.4
46   8   -438.6   -476.1   3572.2
46   9   -436.4   -647.2   3538.2
46   10   -516.8   -686.4   3502.2
46   11   -509.5   -1036.7   3425.7
46   12   -455.0   -1344.8   3424.2
46   13   -350.9   -691.0   3530.8
46   14   -363.4   -1039.2   3445.8
46   15   -375.2   -1351.7   3435.7
46   16   -610.4   -504.6   3355.1
46   17   -323.5   -263.9   3428.2
46   18   -439.3   -200.9   3609.4
47   0   -436.4   -109.6   3640.0
47   1   -439.0   -266.8   3599.1
47   2   -563.7   -266.5   3560.6
47   3   -713.3   -427.1   3523.0
47   4   -603.9   -567.8   3359.2
47   5   -307.5   -269.6   3608.2
47   6   -106.7   -263.3   3516.3
47   7   -330.9   -242.9   3422.1
47   8   -438.6   -476.2   3572.2
47   9   -436.4   -647.3   3537.4
47   10   -516.9   -686.4   3502.0
47   11   -509.5   -1036.7   3425.1
47   12   -455.5   -1344.9   3425.2
47   13   -351.0   -690.9   3529.4
47   14   -363.3   -1039.5   3445.6
47   15   -375.0   -1352.0   3435.8
47   16   -622.2   -544.4   3386.5
47   17   -293.6   -246.3   3437.8
47   18   -439.1   -200.4   3607.6
48   0   -436.1   -107.4   3630.6
48   1   -438.9   -266.0   3596.3
48   2   -564.2   -266.5   3559.4
48   3   -717.0   -427.5   3531.0
48   4   -602.5   -589.1   3378.6
48   5   -306.6   -267.4   3601.9
48   6   -100.0   -257.2   3514.5
48   7   -326.8   -237.9   3420.8
48   8   -438.5   -476.0   3572.3
48   9   -436.4   -647.1   3536.8
48   10   -517.0   -686.4   3501.7
48   11   -509.6   -1036.7   3424.3
48   12   -457.8   -1345.2   3425.5
48   13   -351.0   -691.0   3528.9
48   14   -363.2   -1040.0   3446.2
48   15   -375.0   -1352.4   3435.3
48   16   -621.5   -562.2   3404.0
48   17   -289.0   -241.1   3436.4
48   18   -439.0   -199.4   3603.9
49   0   -436.0   -104.9   3621.3
49   1   -438.7   -264.8   3592.9
49   2   -565.3   -265.2   3559.0
49   3   -714.0   -430.3   3532.7
49   4   -594.0   -595.6   3384.3
49   5   -305.3   -263.6   3600.2
49   6   -103.8   -256.9   3501.8
49   7   -335.0   -241.3   3415.3
49   8   -438.4   -475.3   3572.5
49   9   -436.4   -646.5   3536.6
49   10   -517.0   -686.2   3501.5
49   11   -509.6   -1036.6   3423.4
49   12   -461.9   -1345.7   3425.1
49   13   -350.9   -690.7   3528.9
49   14   -362.9   -1040.1   3447.4
49   15   -375.2   -1352.4   3434.1
49   16   -614.0   -568.0   3409.0
49   17   -296.4   -243.9   3429.8
49   18   -438.8   -198.1   3599.4
50   0   -436.0   -102.4   3615.7
50   1   -438.6   -263.2   3589.9
50   2   -566.4   -263.1   3558.9
50   3   -707.3   -434.1   3531.9
50   4   -581.8   -594.9   3383.0
50   5   -304.7   -260.7   3599.3
50   6   -106.0   -258.8   3496.1
50   7   -339.8   -247.8   3412.1
50   8   -438.4   -474.2   3572.6
50   9   -436.4   -645.4   3536.9
50   10   -517.0   -686.1   3501.5
50   11   -509.6   -1036.4   3422.7
50   12   -463.4   -1345.8   3425.7
50   13   -350.9   -690.5   3529.4
50   14   -362.8   -1040.2   3448.2
50   15   -375.3   -1352.4   3433.1
50   16   -602.7   -568.1   3407.8
50   17   -300.8   -249.7   3426.1
50   18   -438.7   -196.4   3595.3
51   0   -436.1   -99.2   3613.1
51   1   -438.5   -260.8   3587.3
51   2   -567.2   -260.7   3558.7
51   3   -701.8   -436.4   3532.1
51   4   -575.2   -592.5   3379.3
51   5   -304.9   -258.6   3598.9
51   6   -107.8   -261.2   3493.6
51   7   -343.0   -251.1   3409.3
51   8   -438.4   -472.1   3572.8
51   9   -436.4   -643.5   3537.4
51   10   -516.8   -686.0   3501.6
51   11   -509.6   -1036.2   3421.6
51   12   -463.4   -1345.5   3427.0
51   13   -351.0   -690.4   3530.0
51   14   -362.8   -1040.2   3448.6
51   15   -375.4   -1352.3   3432.9
51   16   -596.3   -566.5   3404.7
51   17   -303.8   -252.8   3423.4
51   18   -438.6   -194.0   3591.9
52   0   -436.1   -95.8   3612.3
52   1   -438.5   -258.0   3585.1
52   2   -567.1   -259.0   3558.0
52   3   -700.2   -435.9   3532.5
52   4   -577.5   -594.8   3380.4
52   5   -305.6   -256.9   3597.8
52   6   -108.9   -263.7   3492.9
52   7   -343.9   -252.6   3406.7
52   8   -438.4   -469.4   3573.0
52   9   -436.4   -640.9   3538.1
52   10   -516.7   -685.8   3501.6
52   11   -509.5   -1035.6   3420.5
52   12   -463.4   -1344.9   3427.9
52   13   -351.1   -690.3   3530.7
52   14   -362.8   -1039.8   3448.7
52   15   -375.4   -1351.9   3432.8
52   16   -597.9   -568.3   3405.8
52   17   -304.7   -254.5   3421.1
52   18   -438.5   -191.0   3588.9
53   0   -436.1   -92.8   3612.5
53   1   -438.5   -255.1   3583.5
53   2   -566.5   -258.1   3557.6
53   3   -699.9   -434.7   3533.2
53   4   -584.3   -597.9   3382.4
53   5   -306.1   -255.3   3596.1
53   6   -110.4   -265.9   3490.3
53   7   -344.8   -253.5   3404.5
53   8   -438.4   -466.5   3573.1
53   9   -436.5   -638.1   3538.6
53   10   -516.6   -685.5   3501.5
53   11   -509.5   -1034.6   3419.4
53   12   -464.1   -1343.9   3428.7
53   13   -351.1   -690.0   3531.1
53   14   -362.8   -1039.0   3448.6
53   15   -375.4   -1351.1   3433.0
53   16   -603.6   -570.7   3407.5
53   17   -305.7   -255.5   3418.8
53   18   -438.5   -188.2   3586.8
54   0   -436.1   -90.7   3613.0
54   1   -438.5   -253.0   3582.5
54   2   -565.9   -257.6   3557.4
54   3   -700.9   -433.2   3536.0
54   4   -595.3   -598.6   3382.7
54   5   -306.4   -253.9   3593.6
54   6   -199.1   -370.7   3504.0
54   7   -323.6   -489.6   3419.8
54   8   -438.4   -464.0   3573.1
54   9   -436.5   -636.0   3538.9
54   10   -516.5   -685.0   3501.4
54   11   -509.5   -1033.5   3419.1
54   12   -465.7   -1343.0   3429.0
54   13   -351.2   -689.6   3531.2
54   14   -362.7   -1038.0   3448.8
54   15   -375.5   -1350.1   3433.0
54   16   -612.9   -571.0   3408.2
54   17   -302.9   -469.8   3433.8
54   18   -438.5   -186.0   3585.4
55   0   -436.1   -89.4   3613.5
55   1   -438.5   -251.4   3581.7
55   2   -565.3   -257.4   3557.1
55   3   -701.4   -432.4   3537.6
55   4   -599.5   -597.4   3383.1
55   5   -306.3   -252.5   3590.7
55   6   -252.6   -427.3   3509.6
55   7   -286.2   -591.8   3382.2
55   8   -438.4   -462.1   3573.1
55   9   -436.5   -632.7   3539.2
55   10   -516.4   -684.6   3501.2
55   11   -509.5   -1032.7   3419.1
55   12   -466.6   -1342.3   3429.1
55   13   -351.3   -689.1   3531.2
55   14   -362.7   -1037.1   3449.1
55   15   -375.6   -1349.2   3432.9
55   16   -616.5   -569.9   3408.9
55   17   -280.7   -564.3   3403.4
55   18   -438.5   -184.5   3584.4
56   0   -436.1   -88.6   3613.9
56   1   -438.5   -250.3   3581.1
56   2   -564.8   -257.4   3557.0
56   3   -701.5   -432.1   3539.0
56   4   -603.4   -595.9   3382.3
56   5   -306.1   -251.2   3589.3
56   6   -299.2   -454.2   3515.7
56   7   -266.6   -425.0   3396.7
56   8   -438.5   -460.5   3573.0
56   9   -436.6   -629.4   3539.7
56   10   -516.3   -683.9   3501.1
56   11   -509.6   -1031.9   3419.3
56   12   -466.7   -1341.5   3429.4
56   13   -351.3   -688.5   3531.1
56   14   -362.7   -1036.4   3449.3
56   15   -375.6   -1348.4   3432.7
56   16   -619.7   -568.6   3408.4
56   17   -272.1   -429.7   3416.5
56   18   -438.5   -183.4   3583.7
57   0   -436.1   -88.3   3614.1
57   1   -438.5   -249.7   3580.8
57   2   -564.5   -257.5   3557.0
57   3   -701.4   -432.0   3539.4
57   4   -608.7   -596.0   3380.1
57   5   -306.1   -250.7   3588.7
57   6   -325.6   -464.0   3518.8
57   7   -251.8   -560.8   3444.5
57   8   -438.5   -459.3   3572.9
57   9   -436.6   -626.4   3540.0
57   10   -516.4   -682.8   3500.8
57   11   -509.7   -1031.0   3419.5
57   12   -467.3   -1340.6   3431.2
57   13   -351.5   -687.9   3530.8
57   14   -362.7   -1035.9   3449.4
57   15   -375.5   -1347.9   3432.4
57   16   -624.1   -568.6   3406.7
57   17   -264.1   -544.8   3456.9
57   18   -438.5   -182.7   3583.3
58   0   -436.1   -88.2   3613.9
58   1   -438.5   -249.4   3580.5
58   2   -564.3   -257.7   3557.0
58   3   -701.4   -432.0   3539.5
58   4   -615.2   -599.7   3378.0
58   5   -306.3   -250.7   3588.4
58   6   -331.7   -466.7   3519.8
58   7   -239.1   -407.3   3423.7
58   8   -438.5   -458.5   3572.9
58   9   -436.6   -623.9   3540.3
58   10   -516.4   -681.7   3500.4
58   11   -509.8   -1030.3   3419.7
58   12   -470.7   -1340.2   3433.4
58   13   -351.5   -687.3   3530.4
58   14   -362.7   -1035.6   3449.4
58   15   -375.5   -1347.6   3432.2
58   16   -629.6   -571.8   3404.9
58   17   -254.5   -417.5   3439.8
58   18   -438.5   -182.4   3583.0
59   0   -436.2   -88.1   3613.4
59   1   -438.5   -249.2   3580.3
59   2   -564.3   -257.8   3557.0
59   3   -701.7   -431.9   3539.5
59   4   -610.4   -598.6   3379.4
59   5   -306.4   -251.0   3588.3
59   6   -324.7   -466.8   3520.0
59   7   -213.2   -327.5   3414.4
59   8   -438.4   -458.0   3572.8
59   9   -436.6   -622.0   3540.4
59   10   -516.5   -680.6   3499.9
59   11   -509.9   -1029.7   3419.9
59   12   -480.1   -1340.4   3436.9
59   13   -351.6   -686.5   3529.9
59   14   -362.7   -1035.4   3449.3
59   15   -375.5   -1347.3   3432.2
59   16   -625.6   -570.8   3406.0
59   17   -231.7   -350.9   3432.0
59   18   -438.5   -182.3   3582.7
60   0   -436.3   -88.2   3612.8
60   1   -438.4   -249.2   3580.2
60   2   -564.4   -257.9   3557.2
60   3   -702.1   -431.6   3539.3
60   4   -600.3   -590.3   3377.6
60   5   -306.6   -251.4   3588.2
60   6   -310.2   -465.5   3518.8
60   7   -209.2   -288.7   3393.8
60   8   -438.3   -457.6   3572.8
60   9   -436.6   -620.6   3540.5
60   10   -516.4   -679.8   3499.6
60   11   -510.1   -1029.5   3420.0
60   12   -484.3   -1340.5   3437.9
60   13   -351.7   -685.9   3529.4
60   14   -362.7   -1035.3   3449.3
60   15   -375.7   -1347.3   3432.3
60   16   -617.2   -563.8   3404.6
60   17   -226.0   -318.2   3414.7
60   18   -438.5   -182.2   3582.5
61   0   -436.3   -88.2   3612.3
61   1   -438.4   -249.2   3580.1
61   2   -564.6   -257.9   3557.5
61   3   -701.4   -432.0   3536.6
61   4   -599.6   -548.3   3348.0
61   5   -306.7   -252.0   3588.0
61   6   -297.9   -462.9   3514.3
61   7   -222.1   -280.1   3362.8
61   8   -438.3   -457.5   3572.8
61   9   -436.6   -619.6   3540.6
61   10   -516.2   -680.0   3499.8
61   11   -510.2   -1030.1   3420.0
61   12   -482.6   -1340.9   3438.4
61   13   -351.6   -685.4   3529.2
61   14   -362.7   -1035.3   3449.3
61   15   -375.9   -1347.2   3432.3
61   16   -616.6   -528.9   3379.4
61   17   -234.7   -310.6   3388.1
61   18   -438.5   -182.3   3582.5
62   0   -436.5   -88.0   3612.2
62   1   -438.4   -249.2   3581.2
62   2   -565.0   -258.1   3560.8
62   3   -685.5   -433.0   3505.0
62   4   -593.5   -455.1   3293.3
62   5   -306.9   -252.5   3588.0
62   6   -237.1   -417.5   3478.4
62   7   -288.2   -319.6   3302.0
62   8   -438.3   -457.2   3572.8
62   9   -436.6   -618.8   3540.7
62   10   -516.1   -680.0   3499.8
62   11   -510.3   -1030.6   3420.1
62   12   -480.4   -1341.3   3437.6
62   13   -351.2   -684.4   3529.0
62   14   -362.7   -1034.9   3449.5
62   15   -376.0   -1346.8   3432.4
62   16   -608.9   -451.5   3328.6
62   17   -279.6   -335.8   3331.4
62   18   -438.5   -182.3   3583.9
63   0   -436.6   -89.2   3612.3
63   1   -438.4   -250.6   3582.8
63   2   -564.4   -260.4   3562.6
63   3   -616.6   -447.5   3478.2
63   4   -574.3   -336.3   3307.7
63   5   -306.5   -253.4   3583.8
63   6   -246.1   -399.1   3438.0
63   7   -363.4   -383.3   3252.2
63   8   -438.2   -458.0   3571.7
63   9   -436.6   -619.2   3540.5
63   10   -516.0   -680.0   3499.8
63   11   -510.3   -1031.2   3420.2
63   12   -474.0   -1341.2   3436.1
63   13   -351.1   -684.1   3528.8
63   14   -362.7   -1035.1   3449.5
63   15   -376.0   -1347.0   3432.5
63   16   -581.4   -354.7   3336.1
63   17   -343.8   -385.9   3283.2
63   18   -438.5   -183.7   3586.4
64   0   -436.6   -92.2   3612.7
64   1   -438.4   -253.0   3582.8
64   2   -563.6   -263.4   3563.5
64   3   -570.4   -319.6   3404.8
64   4   -543.3   -153.0   3241.7
64   5   -308.0   -255.7   3572.6
64   6   -296.2   -396.1   3410.3
64   7   -442.6   -434.5   3225.1
64   8   -438.1   -459.3   3567.4
64   9   -436.6   -621.9   3539.2
64   10   -516.1   -679.7   3499.5
64   11   -510.4   -1031.8   3420.4
64   12   -462.7   -1340.2   3435.1
64   13   -351.1   -684.0   3528.7
64   14   -362.7   -1035.8   3449.5
64   15   -375.8   -1347.7   3432.6
64   16   -547.8   -180.7   3268.9
64   17   -418.2   -428.1   3255.9
64   18   -438.5   -186.2   3587.8
65   0   -436.7   -95.6   3612.9
65   1   -438.4   -255.2   3581.1
65   2   -561.9   -266.9   3564.1
65   3   -543.8   -253.8   3366.7
65   4   -437.3   -78.3   3289.9
65   5   -312.5   -259.1   3557.5
65   6   -350.1   -396.5   3393.1
65   7   -509.9   -451.8   3209.7
65   8   -438.1   -460.1   3560.7
65   9   -436.5   -624.8   3537.5
65   10   -516.2   -678.9   3499.1
65   11   -510.4   -1031.2   3420.9
65   12   -466.4   -1340.3   3434.4
65   13   -351.5   -683.7   3528.5
65   14   -362.7   -1035.7   3449.7
65   15   -375.8   -1347.6   3432.6
65   16   -454.8   -107.5   3302.7
65   17   -483.3   -442.6   3240.2
65   18   -438.5   -188.6   3587.8
66   0   -436.8   -96.6   3612.3
66   1   -438.4   -255.6   3579.6
66   2   -559.8   -266.6   3558.8
66   3   -515.0   -205.6   3354.2
66   4   -355.7   -42.8   3349.3
66   5   -315.8   -261.7   3552.8
66   6   -385.1   -393.0   3389.0
66   7   -571.7   -465.2   3241.3
66   8   -438.1   -459.2   3556.9
66   9   -436.5   -625.7   3536.1
66   10   -516.0   -676.0   3499.1
66   11   -510.4   -1028.3   3421.8
66   12   -472.4   -1338.3   3433.6
66   13   -353.0   -682.5   3528.6
66   14   -362.7   -1034.6   3450.2
66   15   -375.6   -1346.4   3432.5
66   16   -382.0   -70.0   3350.1
66   17   -540.7   -453.1   3265.9
66   18   -438.5   -189.0   3587.1
67   0   -436.9   -94.3   3610.9
67   1   -438.4   -254.1   3578.6
67   2   -552.9   -260.9   3538.9
67   3   -482.1   -169.8   3342.1
67   4   -291.5   -42.9   3402.1
67   5   -318.2   -263.8   3559.1
67   6   -400.3   -385.0   3388.7
67   7   -604.9   -474.4   3282.3
67   8   -438.0   -456.2   3554.7
67   9   -436.4   -624.5   3534.7
67   10   -516.0   -669.4   3499.0
67   11   -510.5   -1021.9   3423.5
67   12   -472.2   -1332.0   3432.5
67   13   -355.9   -679.8   3528.7
67   14   -362.6   -1031.8   3451.0
67   15   -375.5   -1343.6   3432.3
67   16   -323.2   -64.2   3392.1
67   17   -570.8   -459.5   3300.0
67   18   -438.5   -187.6   3586.5
68   0   -437.1   -91.3   3608.7
68   1   -438.4   -252.0   3577.8
68   2   -545.3   -254.5   3521.6
68   3   -464.2   -154.1   3329.5
68   4   -283.9   -56.6   3458.4
68   5   -320.1   -264.4   3573.9
68   6   -400.2   -375.3   3394.6
68   7   -610.9   -469.6   3302.9
68   8   -438.0   -453.0   3553.5
68   9   -436.4   -622.9   3533.5
68   10   -515.2   -664.7   3499.4
68   11   -510.6   -1017.4   3424.8
68   12   -467.3   -1326.9   3431.4
68   13   -358.6   -676.6   3528.8
68   14   -362.6   -1028.9   3452.0
68   15   -375.4   -1340.5   3432.1
68   16   -314.0   -73.0   3436.9
68   17   -575.8   -453.8   3318.2
68   18   -438.5   -185.5   3585.8
69   0   -437.2   -89.2   3607.0
69   1   -438.4   -250.4   3577.0
69   2   -540.1   -250.7   3512.1
69   3   -460.8   -151.0   3318.5
69   4   -310.0   -91.1   3501.5
69   5   -321.4   -263.3   3576.0
69   6   -394.7   -376.6   3393.7
69   7   -611.2   -461.8   3309.2
69   8   -438.0   -450.9   3553.1
69   9   -436.4   -620.5   3532.8
69   10   -514.6   -662.7   3499.6
69   11   -510.6   -1016.0   3425.8
69   12   -461.3   -1324.6   3430.4
69   13   -359.8   -674.7   3528.7
69   14   -362.6   -1027.6   3452.7
69   15   -375.5   -1339.2   3431.8
69   16   -335.2   -101.1   3471.0
69   17   -575.1   -447.6   3323.3
69   18   -438.5   -183.9   3585.0
70   0   -437.3   -87.9   3605.4
70   1   -438.4   -249.5   3576.5
70   2   -545.7   -253.2   3524.2
70   3   -467.0   -166.7   3326.7
70   4   -331.4   -104.4   3526.7
70   5   -322.1   -261.4   3564.2
70   6   -388.7   -385.8   3387.3
70   7   -612.1   -447.4   3306.1
70   8   -438.0   -450.4   3553.1
70   9   -436.4   -618.8   3532.5
70   10   -514.9   -663.4   3499.4
70   11   -510.8   -1014.1   3427.3
70   12   -458.6   -1322.2   3429.5
70   13   -359.6   -675.2   3528.4
70   14   -362.5   -1025.3   3453.6
70   15   -375.0   -1336.8   3431.4
70   16   -354.1   -114.8   3493.3
70   17   -574.8   -437.1   3319.7
70   18   -438.5   -182.9   3584.2
71   0   -437.3   -87.3   3604.4
71   1   -438.4   -249.1   3576.0
71   2   -553.6   -253.9   3556.8
71   3   -477.8   -188.7   3352.7
71   4   -311.6   -90.8   3484.8
71   5   -323.7   -258.4   3551.6
71   6   -384.2   -396.0   3383.0
71   7   -608.0   -423.3   3291.9
71   8   -438.0   -451.3   3553.5
71   9   -436.4   -618.3   3532.6
71   10   -516.1   -665.7   3498.9
71   11   -511.2   -1012.5   3428.3
71   12   -458.9   -1320.6   3427.4
71   13   -358.0   -677.3   3527.9
71   14   -362.4   -1023.5   3454.2
71   15   -362.4   -1335.0   3454.5
71   16   -339.4   -107.2   3462.8
71   17   -570.7   -418.7   3307.1
71   18   -438.5   -182.5   3583.4
72   0   -437.3   -87.2   3604.5
72   1   -438.4   -248.9   3575.7
72   2   -558.3   -252.5   3580.6
72   3   -488.6   -207.7   3368.6
72   4   -300.5   -88.6   3425.1
72   5   -327.5   -254.1   3534.9
72   6   -379.5   -406.9   3375.1
72   7   -600.1   -400.6   3274.4
72   8   -438.0   -453.3   3553.9
72   9   -436.4   -620.6   3532.5
72   10   -517.8   -668.2   3498.2
72   11   -511.6   -1011.1   3429.0
72   12   -461.4   -1319.6   3426.5
72   13   -355.8   -679.7   3527.1
72   14   -362.3   -1021.9   3455.0
72   15   -362.2   -1333.8   3455.4
72   16   -331.9   -108.5   3415.7
72   17   -563.3   -401.7   3291.1
72   18   -438.5   -182.3   3582.8
73   0   -437.4   -87.6   3605.8
73   1   -438.4   -248.9   3575.2
73   2   -559.2   -249.8   3604.0
73   3   -464.5   -187.3   3410.3
73   4   -297.4   -73.5   3338.8
73   5   -328.0   -253.2   3529.9
73   6   -369.2   -410.2   3370.6
73   7   -579.2   -387.7   3250.4
73   8   -438.0   -455.7   3554.2
73   9   -436.5   -624.1   3532.4
73   10   -519.3   -671.5   3497.6
73   11   -512.2   -1010.8   3429.3
73   12   -465.9   -1320.0   3426.1
73   13   -353.3   -682.1   3526.3
73   14   -362.1   -1021.1   3455.9
73   15   -362.0   -1333.4   3456.4
73   16   -325.1   -92.4   3350.7
73   17   -544.2   -391.4   3270.4
73   18   -438.5   -182.3   3582.0
74   0   -437.8   -89.4   3607.8
74   1   -438.4   -249.0   3574.9
74   2   -561.7   -248.8   3601.1
74   3   -492.5   -208.8   3393.5
74   4   -372.8   -105.6   3233.9
74   5   -327.5   -253.5   3530.5
74   6   -355.6   -406.9   3365.8
74   7   -555.0   -372.1   3230.0
74   8   -438.1   -458.2   3554.4
74   9   -436.6   -627.8   3532.5
74   10   -520.6   -675.7   3497.1
74   11   -512.7   -1012.2   3429.3
74   12   -470.9   -1322.0   3426.0
74   13   -350.8   -684.8   3525.4
74   14   -361.9   -1021.0   3456.9
74   15   -361.7   -1334.1   3457.5
74   16   -392.6   -122.7   3260.5
74   17   -521.8   -377.9   3252.6
74   18   -438.5   -182.3   3581.5
75   0   -440.8   -91.1   3613.2
75   1   -438.6   -249.0   3576.0
75   2   -562.6   -248.1   3599.7
75   3   -565.8   -258.6   3389.7
75   4   -435.4   -185.3   3200.4
75   5   -323.8   -256.2   3561.4
75   6   -325.2   -376.2   3374.3
75   7   -516.5   -355.6   3225.0
75   8   -438.8   -460.1   3554.8
75   9   -437.7   -631.0   3532.5
75   10   -522.6   -677.2   3496.4
75   11   -513.6   -1011.5   3429.4
75   12   -480.7   -1322.4   3426.0
75   13   -350.2   -686.0   3524.7
75   14   -361.9   -1020.1   3457.2
75   15   -362.0   -1332.3   3457.3
75   16   -457.1   -197.5   3231.9
75   17   -484.6   -359.0   3249.9
75   18   -438.5   -182.4   3582.7
76   0   -446.4   -92.4   3618.1
76   1   -438.9   -249.1   3577.8
76   2   -562.2   -245.9   3577.8
76   3   -625.0   -328.7   3400.8
76   4   -510.6   -253.1   3193.1
76   5   -321.6   -257.3   3575.1
76   6   -264.1   -314.4   3378.9
76   7   -468.4   -324.6   3251.0
76   8   -439.9   -461.4   3555.4
76   9   -439.9   -633.3   3532.3
76   10   -524.7   -678.1   3495.7
76   11   -514.7   -1010.7   3429.1
76   12   -491.0   -1322.5   3426.1
76   13   -351.8   -686.0   3524.9
76   14   -362.1   -1018.5   3457.8
76   15   -376.1   -1332.3   3433.3
76   16   -529.7   -265.7   3227.7
76   17   -434.4   -322.9   3272.4
76   18   -438.6   -182.4   3584.8
77   0   -453.1   -92.9   3619.8
77   1   -440.4   -249.1   3579.0
77   2   -563.2   -243.3   3562.9
77   3   -675.2   -372.5   3437.6
77   4   -592.3   -349.7   3208.5
77   5   -322.6   -257.1   3593.0
77   6   -289.6   -270.1   3379.9
77   7   -435.2   -287.8   3200.8
77   8   -441.3   -462.4   3556.0
77   9   -442.3   -634.9   3532.0
77   10   -526.3   -678.6   3495.1
77   11   -515.9   -1010.0   3428.8
77   12   -493.2   -1322.1   3426.2
77   13   -354.3   -685.4   3525.1
77   14   -362.4   -1016.8   3458.7
77   15   -376.3   -1329.3   3434.5
77   16   -606.1   -353.5   3246.7
77   17   -411.1   -284.8   3230.7
77   18   -440.2   -182.5   3586.2
78   0   -458.2   -91.4   3616.7
78   1   -443.4   -249.1   3579.6
78   2   -564.2   -241.8   3549.6
78   3   -710.0   -392.1   3478.8
78   4   -650.4   -443.4   3252.8
78   5   -324.1   -251.7   3607.0
78   6   -219.8   -208.4   3437.0
78   7   -282.5   -163.5   3231.1
78   8   -442.7   -463.0   3556.6
78   9   -444.2   -635.9   3531.6
78   10   -526.9   -678.6   3494.7
78   11   -517.3   -1009.2   3428.5
78   12   -484.8   -1320.5   3426.4
78   13   -356.7   -684.4   3525.2
78   14   -362.6   -1015.3   3460.5
78   15   -376.4   -1327.0   3433.8
78   16   -660.3   -434.9   3290.4
78   17   -272.2   -171.0   3265.4
78   18   -443.6   -182.4   3586.7
79   0   -460.8   -89.4   3606.9
79   1   -447.1   -248.9   3578.0
79   2   -566.5   -241.2   3540.1
79   3   -727.0   -400.4   3508.7
79   4   -671.4   -531.8   3323.1
79   5   -324.5   -242.6   3608.9
79   6   -169.2   -149.9   3530.0
79   7   -185.1   -33.6   3338.5
79   8   -444.2   -463.0   3556.8
79   9   -445.4   -636.2   3530.9
79   10   -526.2   -678.1   3494.6
79   11   -518.8   -1008.1   3428.4
79   12   -478.6   -1318.8   3426.5
79   13   -359.5   -682.9   3525.3
79   14   -363.0   -1013.5   3461.8
79   15   -376.3   -1325.0   3432.5
79   16   -680.7   -510.1   3354.0
79   17   -182.4   -52.9   3370.4
79   18   -448.0   -182.1   3584.6
80   0   -461.8   -86.0   3593.1
80   1   -450.8   -247.5   3573.9
80   2   -570.6   -240.6   3536.2
80   3   -731.1   -406.5   3527.1
80   4   -666.5   -586.7   3382.0
80   5   -324.9   -232.8   3598.8
80   6   -161.5   -103.0   3606.2
80   7   -119.4   64.6   3452.4
80   8   -445.7   -461.0   3557.2
80   9   -446.5   -634.7   3530.0
80   10   -524.4   -676.6   3494.9
80   11   -520.3   -1006.1   3428.4
80   12   -475.3   -1316.5   3426.1
80   13   -363.1   -680.5   3525.5
80   14   -363.7   -1010.8   3462.5
80   15   -376.1   -1322.4   3430.5
80   16   -677.2   -556.7   3406.2
80   17   -126.3   36.8   3478.0
80   18   -452.4   -180.5   3579.1
81   0   -462.1   -81.2   3578.1
81   1   -453.6   -244.3   3567.8
81   2   -573.7   -240.3   3534.5
81   3   -729.8   -409.7   3542.1
81   4   -647.3   -606.2   3417.9
81   5   -326.2   -226.0   3581.4
81   6   -182.4   -75.1   3655.5
81   7   -89.8   111.6   3531.2
81   8   -447.4   -456.5   3557.7
81   9   -447.4   -628.9   3529.4
81   10   -522.4   -674.3   3495.4
81   11   -521.8   -1003.5   3428.2
81   12   -474.1   -1313.9   3425.3
81   13   -366.8   -677.5   3525.3
81   14   -364.4   -1007.6   3462.9
81   15   -375.9   -1319.2   3427.2
81   16   -661.0   -573.5   3438.6
81   17   -105.2   80.5   3551.9
81   18   -455.5   -177.2   3570.9
82   0   -462.2   -76.2   3566.7
82   1   -455.0   -240.3   3560.9
82   2   -574.6   -239.7   3532.2
82   3   -726.9   -409.9   3548.8
82   4   -633.0   -611.9   3437.0
82   5   -326.8   -219.6   3571.8
82   6   -201.6   -61.3   3682.4
82   7   -93.5   141.7   3584.2
82   8   -448.9   -450.7   3558.3
82   9   -447.9   -621.4   3529.3
82   10   -520.6   -672.3   3494.7
82   11   -522.3   -1001.4   3427.6
82   12   -475.4   -1312.3   3424.4
82   13   -369.2   -675.1   3524.7
82   14   -364.8   -1005.2   3462.4
82   15   -375.9   -1316.7   3422.5
82   16   -648.6   -578.2   3455.6
82   17   -111.5   107.8   3600.5
82   18   -456.9   -173.0   3561.7
83   0   -462.2   -71.9   3559.8
83   1   -455.5   -236.2   3553.8
83   2   -573.8   -239.0   3527.3
83   3   -722.3   -407.6   3550.2
83   4   -625.6   -610.4   3442.0
83   5   -328.5   -218.0   3564.9
83   6   -217.4   -58.6   3690.4
83   7   -95.6   153.3   3635.7
83   8   -449.9   -445.0   3558.1
83   9   -448.1   -613.8   3528.0
83   10   -519.7   -671.2   3491.9
83   11   -522.5   -1000.7   3426.2
83   12   -476.0   -1311.9   3422.9
83   13   -370.1   -673.9   3522.9
83   14   -364.9   -1004.1   3460.9
83   15   -375.8   -1315.3   3416.0
83   16   -641.7   -576.6   3460.0
83   17   -115.9   118.0   3644.8
83   18   -457.3   -168.8   3552.4
84   0   -462.1   -69.2   3557.8
84   1   -455.5   -232.8   3548.0
84   2   -573.2   -238.3   3524.6
84   3   -719.1   -406.6   3549.2
84   4   -624.6   -608.6   3439.7
84   5   -331.4   -218.8   3567.8
84   6   -220.1   -61.4   3692.4
84   7   -110.6   158.1   3641.5
84   8   -450.5   -440.8   3555.4
84   9   -448.2   -607.8   3523.8
84   10   -519.7   -670.9   3486.1
84   11   -522.6   -1001.2   3424.0
84   12   -475.7   -1312.8   3420.9
84   13   -369.8   -673.5   3518.9
84   14   -364.8   -1004.2   3458.9
84   15   -375.8   -1315.6   3411.7
84   16   -640.4   -574.9   3457.9
84   17   -128.9   121.5   3650.0
84   18   -457.1   -165.4   3545.6
85   0   -462.1   -68.4   3558.5
85   1   -455.4   -231.1   3543.7
85   2   -573.1   -238.1   3522.8
85   3   -717.8   -406.7   3546.9
85   4   -626.4   -605.0   3430.5
85   5   -334.0   -222.8   3568.3
85   6   -222.5   -67.8   3692.0
85   7   -109.8   149.2   3641.1
85   8   -450.7   -438.8   3550.9
85   9   -448.2   -604.2   3517.6
85   10   -520.3   -670.8   3478.9
85   11   -522.6   -1002.1   3421.3
85   12   -475.3   -1314.0   3418.2
85   13   -368.9   -673.3   3512.7
85   14   -364.7   -1004.8   3456.2
85   15   -375.8   -1316.5   3408.8
85   16   -641.6   -572.0   3449.9
85   17   -128.6   113.0   3649.6
85   18   -456.9   -163.6   3541.4
86   0   -462.1   -69.3   3561.2
86   1   -455.2   -230.6   3541.3
86   2   -573.2   -238.2   3521.7
86   3   -717.3   -407.6   3543.8
86   4   -628.4   -599.3   3416.6
86   5   -338.1   -218.4   3585.2
86   6   -215.0   -63.4   3692.2
86   7   -89.4   143.1   3636.1
86   8   -450.8   -438.2   3547.1
86   9   -448.2   -602.5   3512.5
86   10   -522.0   -670.6   3475.2
86   11   -522.8   -1002.5   3419.3
86   12   -475.2   -1314.8   3414.7
86   13   -367.4   -672.5   3509.2
86   14   -364.5   -1004.4   3453.8
86   15   -376.0   -1316.8   3407.7
86   16   -643.2   -567.4   3437.8
86   17   -110.3   108.7   3645.4
86   18   -456.7   -162.9   3539.5
87   0   -462.1   -71.5   3565.4
87   1   -455.1   -230.7   3540.3
87   2   -573.4   -238.3   3520.7
87   3   -717.1   -408.8   3540.4
87   4   -627.8   -598.1   3408.7
87   5   -338.1   -220.6   3585.8
87   6   -214.1   -64.9   3690.1
87   7   -80.0   136.0   3633.1
87   8   -450.9   -438.3   3544.9
87   9   -448.2   -601.8   3509.6
87   10   -523.8   -669.6   3473.2
87   11   -522.9   -1002.0   3418.1
87   12   -476.5   -1314.9   3416.0
87   13   -365.7   -670.8   3507.6
87   14   -364.2   -1003.2   3452.8
87   15   -376.1   -1316.3   3408.8
87   16   -642.7   -566.6   3430.6
87   17   -102.4   102.5   3642.6
87   18   -456.5   -162.9   3538.8
88   0   -462.3   -73.5   3570.9
88   1   -455.1   -231.1   3540.1
88   2   -573.5   -238.4   3520.2
88   3   -717.1   -410.1   3535.6
88   4   -627.0   -599.7   3404.2
88   5   -336.3   -223.2   3578.5
88   6   -213.9   -68.8   3686.6
88   7   -77.3   129.4   3626.2
88   8   -450.9   -438.7   3543.8
88   9   -448.2   -601.7   3508.2
88   10   -525.1   -668.4   3472.2
88   11   -523.0   -1001.2   3418.0
88   12   -478.3   -1314.8   3416.1
88   13   -364.8   -669.9   3507.0
88   14   -364.2   -1002.7   3452.2
88   15   -376.5   -1316.5   3410.8
88   16   -642.0   -568.1   3426.1
88   17   -100.1   96.4   3636.3
88   18   -456.4   -163.2   3538.8
89   0   -462.2   -75.7   3577.3
89   1   -455.0   -231.5   3540.1
89   2   -573.9   -238.7   3519.7
89   3   -717.8   -411.2   3527.6
89   4   -625.7   -604.1   3401.9
89   5   -339.1   -218.0   3592.8
89   6   -201.9   -65.1   3682.0
89   7   -72.5   129.9   3601.7
89   8   -450.9   -439.2   3543.5
89   9   -448.2   -601.8   3507.7
89   10   -525.6   -668.1   3471.9
89   11   -522.9   -1001.4   3418.2
89   12   -480.3   -1315.8   3416.1
89   13   -364.3   -669.5   3506.9
89   14   -364.3   -1002.3   3450.5
89   15   -377.2   -1317.1   3413.7
89   16   -641.1   -571.9   3422.8
89   17   -94.1   97.4   3615.1
89   18   -456.3   -163.5   3539.0
90   0   -460.3   -77.7   3582.7
90   1   -454.9   -231.9   3540.2
90   2   -574.3   -239.0   3518.9
90   3   -718.4   -412.1   3516.5
90   4   -623.8   -608.4   3398.0
90   5   -338.9   -220.4   3593.4
90   6   -192.6   -68.0   3669.8
90   7   -79.2   123.6   3563.5
90   8   -451.0   -439.6   3543.4
90   9   -448.1   -602.1   3507.6
90   10   -525.4   -668.5   3472.0
90   11   -522.7   -1002.3   3418.3
90   12   -482.5   -1317.4   3416.3
90   13   -364.3   -669.7   3507.0
90   14   -364.5   -1003.0   3450.6
90   15   -377.5   -1318.6   3416.6
90   16   -639.6   -575.7   3417.8
90   17   -98.1   91.7   3581.2
90   18   -456.2   -163.9   3539.2
91   0   -456.3   -80.4   3587.2
91   1   -454.8   -232.4   3540.4
91   2   -575.0   -239.5   3518.0
91   3   -719.1   -412.8   3506.7
91   4   -623.7   -607.3   3385.3
91   5   -340.3   -217.6   3602.1
91   6   -179.7   -68.2   3648.0
91   7   -72.0   126.0   3537.9
91   8   -451.0   -440.0   3543.5
91   9   -448.2   -602.5   3507.9
91   10   -525.6   -669.9   3471.9
91   11   -522.5   -1004.0   3418.1
91   12   -484.9   -1319.9   3416.7
91   13   -364.0   -670.9   3507.2
91   14   -364.8   -1004.4   3449.7
91   15   -377.7   -1321.0   3420.8
91   16   -639.6   -574.9   3405.5
91   17   -89.9   93.7   3556.2
91   18   -456.1   -164.2   3539.4
92   0   -450.9   -82.5   3591.1
92   1   -454.6   -232.8   3541.8
92   2   -575.4   -239.8   3517.2
92   3   -719.5   -413.4   3499.6
92   4   -626.2   -592.9   3357.1
92   5   -339.4   -221.2   3602.7
92   6   -168.5   -76.9   3608.8
92   7   -68.2   119.3   3493.5
92   8   -451.0   -440.4   3543.5
92   9   -448.2   -602.9   3508.4
92   10   -526.3   -670.9   3471.4
92   11   -522.3   -1005.4   3417.7
92   12   -489.3   -1322.3   3417.4
92   13   -363.1   -672.0   3507.3
92   14   -365.3   -1005.5   3447.1
92   15   -377.7   -1322.9   3423.3
92   16   -641.7   -563.0   3380.9
92   17   -84.9   86.6   3512.7
92   18   -455.8   -164.5   3541.2
93   0   -446.8   -83.9   3594.2
93   1   -454.3   -233.9   3544.6
93   2   -576.0   -240.3   3516.8
93   3   -716.9   -414.6   3484.3
93   4   -617.9   -577.3   3323.0
93   5   -337.6   -230.3   3597.2
93   6   -152.7   -104.1   3574.2
93   7   -90.5   87.1   3429.9
93   8   -451.1   -441.3   3543.5
93   9   -448.3   -604.1   3509.2
93   10   -527.8   -672.1   3470.5
93   11   -522.2   -1007.2   3417.0
93   12   -491.5   -1324.7   3418.2
93   13   -361.5   -673.5   3507.5
93   14   -366.1   -1006.7   3443.9
93   15   -377.5   -1325.0   3425.2
93   16   -634.4   -550.2   3349.9
93   17   -100.8   55.2   3454.0
93   18   -455.4   -165.5   3545.0
94   0   -444.7   -85.0   3596.4
94   1   -454.1   -236.8   3549.2
94   2   -576.3   -241.9   3517.2
94   3   -702.2   -422.4   3465.1
94   4   -591.4   -534.7   3275.4
94   5   -334.5   -236.5   3595.5
94   6   -140.0   -148.1   3530.7
94   7   -182.3   20.7   3374.6
94   8   -451.2   -443.8   3543.7
94   9   -448.3   -606.7   3509.9
94   10   -529.4   -673.4   3469.5
94   11   -522.0   -1008.9   3416.5
94   12   -490.8   -1326.9   3418.4
94   13   -359.5   -675.0   3507.6
94   14   -367.1   -1008.6   3443.6
94   15   -377.3   -1327.4   3425.5
94   16   -609.9   -516.0   3307.0
94   17   -175.2   -7.4   3400.6
94   18   -455.1   -168.4   3551.0
95   0   -444.2   -86.9   3597.2
95   1   -453.8   -241.2   3553.3
95   2   -575.5   -245.5   3517.0
95   3   -672.8   -433.2   3439.4
95   4   -553.4   -452.9   3233.4
95   5   -330.5   -240.9   3592.8
95   6   -152.7   -205.1   3470.3
95   7   -292.6   -63.5   3351.6
95   8   -451.2   -447.8   3544.1
95   9   -448.2   -612.2   3509.9
95   10   -530.4   -674.2   3468.9
95   11   -521.7   -1010.2   3416.1
95   12   -490.1   -1328.6   3418.0
95   13   -358.0   -675.8   3507.7
95   14   -368.8   -1009.7   3443.6
95   15   -377.0   -1329.1   3425.7
95   16   -573.3   -449.7   3267.8
95   17   -269.4   -87.1   3371.4
95   18   -454.7   -172.7   3556.3
96   0   -444.3   -89.7   3597.2
96   1   -453.5   -246.4   3555.5
96   2   -573.7   -250.5   3515.2
96   3   -645.5   -429.4   3399.9
96   4   -504.2   -352.8   3228.7
96   5   -326.6   -245.7   3580.7
96   6   -174.5   -285.8   3429.7
96   7   -370.9   -158.9   3372.8
96   8   -451.2   -453.1   3544.4
96   9   -448.1   -618.9   3509.5
96   10   -530.9   -675.1   3468.6
96   11   -521.3   -1011.6   3415.9
96   12   -489.6   -1330.4   3417.9
96   13   -357.0   -676.2   3507.9
96   14   -370.5   -1010.5   3443.3
96   15   -376.9   -1330.4   3425.5
96   16   -527.7   -365.5   3257.2
96   17   -338.2   -180.1   3382.3
96   18   -454.2   -177.8   3559.1
97   0   -444.7   -93.7   3598.0
97   1   -453.0   -252.6   3556.8
97   2   -571.8   -256.2   3511.9
97   3   -626.8   -424.1   3371.6
97   4   -470.1   -287.5   3244.0
97   5   -325.8   -254.0   3577.3
97   6   -217.0   -361.5   3419.9
97   7   -426.6   -229.6   3370.0
97   8   -451.1   -460.4   3544.6
97   9   -447.9   -627.2   3509.3
97   10   -531.4   -678.1   3468.4
97   11   -520.5   -1015.0   3415.4
97   12   -488.9   -1334.3   3418.1
97   13   -356.1   -679.3   3508.1
97   14   -370.9   -1013.7   3442.3
97   15   -377.4   -1334.1   3425.5
97   16   -496.2   -310.1   3265.2
97   17   -391.7   -251.6   3378.4
97   18   -453.7   -183.9   3560.8
98   0   -445.1   -99.0   3600.2
98   1   -452.6   -259.2   3556.9
98   2   -568.7   -259.7   3502.7
98   3   -611.7   -428.0   3356.1
98   4   -447.6   -257.4   3269.2
98   5   -326.9   -265.6   3571.7
98   6   -257.7   -424.6   3429.6
98   7   -439.9   -276.4   3344.7
98   8   -451.0   -469.0   3542.1
98   9   -447.7   -636.7   3508.9
98   10   -531.5   -683.1   3468.3
98   11   -519.4   -1023.8   3414.1
98   12   -487.5   -1343.5   3418.7
98   13   -356.4   -686.2   3508.1
98   14   -371.0   -1024.3   3439.9
98   15   -377.9   -1345.2   3425.8
98   16   -475.0   -285.8   3283.7
98   17   -409.5   -301.1   3358.8
98   18   -453.1   -190.5   3561.7
99   0   -445.3   -104.0   3603.3
99   1   -452.3   -264.4   3555.8
99   2   -564.7   -260.5   3491.5
99   3   -602.5   -433.7   3348.1
99   4   -434.1   -248.3   3292.8
99   5   -326.8   -272.7   3569.2
99   6   -282.8   -457.3   3438.5
99   7   -440.6   -303.4   3321.3
99   8   -450.8   -476.0   3536.7
99   9   -447.6   -645.3   3508.4
99   10   -530.1   -691.9   3469.0
99   11   -518.6   -1036.4   3412.2
99   12   -484.8   -1356.9   3418.1
99   13   -358.4   -696.3   3508.1
99   14   -370.0   -1038.4   3438.8
99   15   -379.2   -1360.4   3425.3
99   16   -462.1   -279.2   3302.0
99   17   -414.3   -329.0   3340.9
99   18   -452.8   -195.8   3562.0
100   0   -445.3   -107.3   3606.0
100   1   -452.0   -267.5   3554.5
100   2   -562.2   -260.1   3484.1
100   3   -598.3   -437.8   3345.5
100   4   -428.9   -248.1   3304.2
100   5   -326.2   -276.0   3568.5
100   6   -294.7   -470.7   3444.3
100   7   -437.9   -315.8   3307.4
100   8   -450.5   -480.4   3530.8
100   9   -447.4   -651.3   3507.9
100   10   -529.1   -696.8   3469.5
100   11   -518.1   -1044.4   3411.1
100   12   -473.5   -1363.9   3418.8
100   13   -358.5   -699.3   3508.1
100   14   -368.3   -1045.1   3439.9
100   15   -367.0   -1370.9   3441.2
100   16   -457.1   -279.7   3311.1
100   17   -414.0   -341.6   3330.2
100   18   -452.5   -198.9   3562.1
101   0   -445.3   -109.1   3607.8
101   1   -451.7   -268.9   3553.5
101   2   -561.0   -259.4   3480.4
101   3   -596.7   -440.2   3345.5
101   4   -428.1   -250.1   3309.2
101   5   -325.6   -277.4   3568.4
101   6   -297.7   -473.8   3446.3
101   7   -436.6   -321.9   3300.0
101   8   -450.1   -483.0   3526.6
101   9   -447.2   -655.1   3507.4
101   10   -528.5   -698.4   3469.9
101   11   -517.8   -1048.5   3410.7
101   12   -469.3   -1367.7   3419.8
101   13   -358.6   -700.3   3508.1
101   14   -367.8   -1048.9   3440.4
101   15   -367.7   -1372.7   3440.9
101   16   -456.2   -281.8   3315.2
101   17   -413.4   -347.2   3324.4
101   18   -452.2   -200.5   3562.1
102   0   -445.3   -109.9   3608.7
102   1   -451.3   -269.5   3552.9
102   2   -562.0   -259.5   3481.3
102   3   -594.9   -440.9   3346.3
102   4   -428.0   -251.5   3311.0
102   5   -324.8   -277.6   3568.5
102   6   -295.6   -472.2   3446.1
102   7   -434.0   -320.1   3299.1
102   8   -449.7   -484.2   3524.1
102   9   -447.0   -657.3   3507.1
102   10   -527.9   -699.0   3470.3
102   11   -517.7   -1051.3   3410.7
102   12   -467.2   -1370.3   3419.4
102   13   -359.1   -700.9   3508.1
102   14   -368.0   -1051.8   3441.0
102   15   -368.3   -1375.6   3441.4
102   16   -455.8   -283.1   3316.8
102   17   -410.9   -345.4   3323.6
102   18   -451.9   -201.1   3562.0
103   0   -445.3   -110.1   3609.1
103   1   -451.0   -269.6   3552.5
103   2   -564.5   -260.3   3485.5
103   3   -592.7   -440.7   3347.8
103   4   -427.6   -251.8   3311.1
103   5   -323.9   -277.2   3568.6
103   6   -292.3   -469.4   3445.2
103   7   -433.3   -318.9   3299.5
103   8   -449.3   -484.7   3522.5
103   9   -446.9   -658.5   3506.9
103   10   -527.4   -698.8   3470.7
103   11   -517.7   -1053.0   3410.9
103   12   -466.6   -1371.9   3418.0
103   13   -359.5   -700.9   3508.0
103   14   -368.2   -1053.7   3440.7
103   15   -368.4   -1376.9   3440.3
103   16   -455.1   -283.3   3317.2
103   17   -409.8   -344.0   3323.8
103   18   -451.5   -201.2   3562.0
104   0   -445.2   -110.1   3609.2
104   1   -450.6   -269.6   3552.2
104   2   -566.6   -260.9   3489.0
104   3   -590.3   -441.0   3349.8
104   4   -427.2   -252.0   3311.2
104   5   -322.8   -276.6   3568.7
104   6   -286.4   -466.8   3445.2
104   7   -432.6   -321.5   3300.1
104   8   -448.8   -484.8   3521.4
104   9   -446.7   -659.1   3506.8
104   10   -527.0   -698.5   3471.0
104   11   -517.7   -1054.5   3411.3
104   12   -466.7   -1373.4   3415.8
104   13   -360.0   -700.9   3508.0
104   14   -368.2   -1055.6   3441.3
104   15   -368.3   -1379.3   3441.8
104   16   -454.4   -283.5   3317.7
104   17   -408.2   -345.7   3324.3
104   18   -451.2   -201.1   3562.0
105   0   -445.2   -110.0   3609.2
105   1   -449.9   -269.4   3552.0
105   2   -569.4   -262.7   3495.8
105   3   -587.2   -441.8   3354.4
105   4   -426.7   -252.3   3311.4
105   5   -321.5   -275.2   3568.7
105   6   -275.6   -464.5   3447.8
105   7   -428.8   -334.3   3296.8
105   8   -446.8   -484.5   3520.5
105   9   -446.6   -659.2   3506.7
105   10   -526.5   -698.1   3471.4
105   11   -517.7   -1056.0   3411.7
105   12   -466.5   -1374.9   3413.3
105   13   -360.3   -700.5   3507.9
105   14   -368.6   -1056.8   3439.1
105   15   -380.3   -1372.6   3433.7
105   16   -453.5   -283.9   3318.6
105   17   -403.2   -356.0   3321.9
105   18   -450.8   -201.0   3562.0
106   0   -444.8   -109.9   3609.2
106   1   -448.5   -269.3   3551.9
106   2   -571.2   -264.3   3502.5
106   3   -584.1   -445.3   3362.6
106   4   -427.3   -255.2   3311.5
106   5   -319.9   -273.3   3568.6
106   6   -270.4   -462.6   3449.3
106   7   -426.5   -337.6   3296.7
106   8   -443.3   -484.1   3520.3
106   9   -446.5   -659.0   3506.6
106   10   -526.1   -697.6   3471.7
106   11   -517.7   -1056.9   3412.0
106   12   -466.1   -1375.7   3410.5
106   13   -360.5   -700.0   3507.9
106   14   -369.0   -1057.1   3436.0
106   15   -380.2   -1378.2   3437.5
106   16   -453.4   -286.9   3320.0
106   17   -400.5   -358.4   3322.1
106   18   -450.1   -201.0   3562.0
107   0   -443.3   -109.8   3609.2
107   1   -446.2   -269.3   3552.0
107   2   -571.6   -265.4   3508.1
107   3   -580.9   -448.0   3369.9
107   4   -425.2   -259.4   3310.8
107   5   -317.8   -272.0   3568.6
107   6   -267.9   -461.8   3450.1
107   7   -423.8   -332.4   3301.0
107   8   -438.7   -483.6   3520.4
107   9   -446.4   -658.5   3506.6
107   10   -525.6   -697.2   3472.0
107   11   -517.6   -1057.1   3412.3
107   12   -465.8   -1375.9   3408.7
107   13   -360.5   -699.5   3507.7
107   14   -369.2   -1056.9   3434.0
107   15   -380.3   -1380.1   3436.9
107   16   -451.2   -290.8   3320.7
107   17   -397.9   -354.0   3325.8
107   18   -448.6   -200.9   3562.0
108   0   -440.6   -109.7   3609.2
108   1   -443.4   -269.2   3552.2
108   2   -570.7   -265.6   3512.3
108   3   -579.0   -447.0   3372.2
108   4   -422.2   -259.7   3311.9
108   5   -315.5   -272.2   3568.8
108   6   -266.8   -462.1   3449.9
108   7   -421.4   -326.6   3305.0
108   8   -434.8   -483.1   3520.8
108   9   -446.2   -657.8   3506.5
108   10   -525.5   -695.2   3472.0
108   11   -517.5   -1054.6   3412.0
108   12   -467.1   -1373.5   3415.0
108   13   -360.6   -698.6   3507.5
108   14   -369.4   -1055.1   3432.3
108   15   -380.4   -1378.8   3437.1
108   16   -448.3   -290.9   3321.9
108   17   -395.6   -349.2   3329.1
108   18   -446.2   -200.9   3562.2
109   0   -436.8   -109.6   3609.2
109   1   -440.5   -269.2   3552.4
109   2   -568.7   -265.2   3513.8
109   3   -577.8   -444.9   3371.5
109   4   -418.8   -258.3   3315.3
109   5   -313.0   -273.1   3569.0
109   6   -266.2   -463.0   3449.3
109   7   -418.8   -320.3   3309.2
109   8   -432.0   -482.5   3521.0
109   9   -446.1   -656.9   3506.3
109   10   -525.8   -691.2   3471.8
109   11   -517.2   -1048.3   3411.4
109   12   -469.6   -1367.6   3418.6
109   13   -360.7   -697.2   3507.1
109   14   -369.6   -1050.9   3429.5
109   15   -380.2   -1374.4   3438.2
109   16   -445.3   -289.4   3324.7
109   17   -393.3   -344.1   3332.5
109   18   -443.3   -200.9   3562.4
110   0   -432.8   -109.6   3609.2
110   1   -437.8   -269.2   3552.6
110   2   -566.4   -264.3   3514.0
110   3   -577.6   -445.0   3373.1
110   4   -417.1   -258.6   3320.3
110   5   -310.3   -274.4   3569.2
110   6   -266.2   -464.4   3448.4
110   7   -420.1   -321.5   3309.8
110   8   -430.6   -482.0   3521.2
110   9   -445.7   -655.9   3506.2
110   10   -525.6   -688.1   3471.7
110   11   -517.1   -1043.2   3412.1
110   12   -471.7   -1362.8   3419.7
110   13   -360.8   -695.7   3506.5
110   14   -369.6   -1047.3   3429.0
110   15   -369.6   -1367.8   3429.2
110   16   -443.8   -289.7   3329.1
110   17   -394.5   -345.3   3332.9
110   18   -440.1   -200.8   3562.7
111   0   -430.4   -109.5   3609.2
111   1   -436.1   -269.2   3552.8
111   2   -564.9   -263.7   3514.1
111   3   -577.6   -444.6   3373.4
111   4   -414.3   -259.8   3323.3
111   5   -308.4   -275.5   3569.4
111   6   -268.1   -465.7   3447.5
111   7   -418.9   -317.3   3311.3
111   8   -430.0   -481.4   3521.3
111   9   -445.3   -654.6   3506.0
111   10   -525.0   -686.4   3471.7
111   11   -516.7   -1039.8   3413.0
111   12   -472.6   -1359.6   3419.7
111   13   -360.6   -694.1   3505.8
111   14   -369.5   -1044.2   3429.7
111   15   -369.3   -1365.4   3430.8
111   16   -441.5   -290.6   3331.6
111   17   -393.7   -342.0   3334.0
111   18   -438.0   -200.8   3563.0
112   0   -429.2   -109.4   3609.2
112   1   -435.0   -269.2   3553.0
112   2   -563.8   -263.5   3514.1
112   3   -577.8   -444.1   3373.1
112   4   -411.5   -261.3   3325.4
112   5   -307.1   -276.3   3569.5
112   6   -269.1   -466.7   3447.0
112   7   -424.7   -328.9   3305.7
112   8   -430.0   -480.9   3521.3
112   9   -444.7   -653.3   3505.9
112   10   -524.3   -685.4   3471.9
112   11   -516.2   -1037.5   3413.9
112   12   -472.7   -1357.4   3419.4
112   13   -360.0   -692.7   3504.9
112   14   -369.5   -1041.4   3429.1
112   15   -369.6   -1362.8   3428.6
112   16   -439.2   -291.8   3333.3
112   17   -398.8   -351.9   3329.3
112   18   -436.6   -200.8   3563.2
113   0   -428.8   -109.3   3609.2
113   1   -434.3   -269.2   3553.2
113   2   -563.1   -263.4   3514.2
113   3   -578.0   -443.9   3373.0
113   4   -409.1   -263.1   3326.9
113   5   -306.3   -276.9   3569.5
113   6   -269.6   -467.3   3446.6
113   7   -426.8   -332.7   3303.8
113   8   -430.1   -480.3   3521.4
113   9   -444.0   -652.2   3505.8
113   10   -523.8   -685.0   3471.9
113   11   -515.4   -1036.2   3414.8
113   12   -472.8   -1356.2   3418.9
113   13   -359.1   -692.0   3504.0
113   14   -369.4   -1039.8   3429.4
113   15   -369.3   -1362.2   3429.9
113   16   -437.2   -293.2   3334.6
113   17   -400.6   -355.2   3327.6
113   18   -435.7   -200.8   3563.5
114   0   -428.7   -109.3   3609.3
114   1   -433.9   -269.2   3553.4
114   2   -562.4   -263.5   3514.1
114   3   -578.1   -444.1   3373.1
114   4   -408.5   -263.7   3328.3
114   5   -305.8   -277.2   3569.5
114   6   -269.8   -467.7   3446.5
114   7   -426.3   -331.8   3304.2
114   8   -430.2   -479.9   3521.4
114   9   -443.2   -651.3   3505.8
114   10   -523.4   -685.0   3471.9
114   11   -514.4   -1035.5   3415.2
114   12   -473.0   -1355.7   3418.7
114   13   -358.3   -692.2   3502.9
114   14   -369.2   -1039.8   3430.2
114   15   -369.1   -1363.3   3430.8
114   16   -436.8   -293.7   3335.8
114   17   -400.2   -354.4   3327.9
114   18   -435.1   -200.8   3563.8
115   0   -428.7   -109.2   3609.3
115   1   -433.8   -269.2   3553.6
115   2   -562.0   -263.7   3513.9
115   3   -578.3   -444.3   3373.0
115   4   -408.3   -263.7   3330.6
115   5   -305.5   -277.4   3569.7
115   6   -269.9   -468.0   3446.7
115   7   -425.6   -330.5   3304.7
115   8   -430.3   -479.5   3521.5
115   9   -442.2   -650.6   3505.7
115   10   -523.0   -685.2   3471.9
115   11   -513.2   -1035.1   3415.4
115   12   -473.3   -1355.5   3418.5
115   13   -357.6   -693.2   3501.8
115   14   -369.1   -1040.3   3430.0
115   15   -369.1   -1364.0   3429.7
115   16   -436.6   -293.8   3337.7
115   17   -399.7   -353.4   3328.4
115   18   -434.9   -200.8   3564.0
116   0   -428.8   -109.2   3609.3
116   1   -433.7   -269.2   3553.8
116   2   -561.6   -264.0   3513.6
116   3   -578.4   -444.7   3372.9
116   4   -408.1   -263.7   3333.8
116   5   -305.4   -277.4   3570.0
116   6   -270.0   -468.1   3447.0
116   7   -424.1   -327.8   3306.1
116   8   -430.4   -479.2   3521.5
116   9   -441.2   -650.2   3505.7
116   10   -522.6   -685.5   3471.9
116   11   -511.9   -1034.9   3415.5
116   12   -473.7   -1355.5   3418.4
116   13   -356.6   -693.9   3501.3
116   14   -369.1   -1040.5   3429.7
116   15   -369.1   -1363.6   3429.4
116   16   -436.5   -293.9   3340.3
116   17   -398.4   -351.2   3329.6
116   18   -434.8   -200.8   3564.3
117   0   -428.8   -109.1   3609.3
117   1   -433.7   -269.2   3554.1
117   2   -561.2   -264.3   3513.2
117   3   -578.5   -445.3   3372.9
117   4   -408.5   -263.7   3335.0
117   5   -305.4   -277.5   3570.4
117   6   -270.2   -468.3   3447.6
117   7   -422.1   -324.1   3308.2
117   8   -430.4   -479.0   3521.6
117   9   -440.2   -650.0   3505.7
117   10   -522.0   -685.9   3471.9
117   11   -510.6   -1034.8   3415.5
117   12   -474.0   -1355.6   3418.3
117   13   -355.4   -694.5   3501.1
117   14   -369.1   -1040.4   3429.1
117   15   -369.1   -1363.2   3428.7
117   16   -436.8   -293.9   3341.3
117   17   -396.7   -348.1   3331.4
117   18   -434.8   -200.8   3564.7
118   0   -428.8   -109.0   3609.4
118   1   -433.7   -269.2   3554.5
118   2   -560.7   -264.5   3512.9
118   3   -578.5   -445.9   3373.1
118   4   -409.2   -263.7   3335.1
118   5   -305.3   -277.5   3570.8
118   6   -270.4   -468.6   3448.4
118   7   -420.8   -322.6   3309.2
118   8   -430.4   -478.8   3521.6
118   9   -439.2   -649.9   3505.6
118   10   -521.5   -686.2   3471.8
118   11   -509.1   -1034.7   3415.6
118   12   -474.4   -1355.7   3418.2
118   13   -354.1   -694.8   3501.1
118   14   -368.9   -1040.3   3428.9
118   15   -368.8   -1363.1   3428.9
118   16   -437.4   -294.0   3341.4
118   17   -395.7   -347.0   3332.4
118   18   -434.7   -200.8   3565.2
119   0   -428.9   -108.9   3609.4
119   1   -433.6   -269.1   3555.0
119   2   -560.2   -264.8   3512.7
119   3   -577.1   -446.5   3373.3
119   4   -409.1   -263.0   3335.5
119   5   -305.3   -277.6   3571.4
119   6   -270.5   -468.7   3448.9
119   7   -419.6   -324.6   3306.4
119   8   -430.4   -478.7   3521.7
119   9   -438.2   -649.9   3505.6
119   10   -521.0   -686.4   3471.7
119   11   -507.3   -1034.7   3415.6
119   12   -506.1   -1357.6   3415.6
119   13   -352.7   -694.9   3501.0
119   14   -368.6   -1040.1   3428.9
119   15   -368.4   -1362.9   3428.9
119   16   -437.1   -293.6   3341.8
119   17   -394.8   -348.6   3330.2
119   18   -434.7   -200.8   3565.9
120   0   -428.8   -108.7   3609.5
120   1   -433.6   -269.1   3555.8
120   2   -559.5   -265.0   3512.6
120   3   -573.2   -447.2   3373.5
120   4   -408.2   -260.9   3336.7
120   5   -305.2   -277.6   3571.9
120   6   -270.7   -468.9   3449.6
120   7   -416.7   -327.5   3301.4
120   8   -430.5   -478.5   3521.7
120   9   -437.2   -649.9   3505.5
120   10   -520.5   -686.5   3471.6
120   11   -506.4   -1034.6   3415.6
120   12   -506.1   -1357.5   3415.6
120   13   -351.3   -694.9   3501.0
120   14   -368.5   -1039.7   3427.8
120   15   -378.9   -1367.1   3445.5
120   16   -435.7   -291.9   3342.8
120   17   -392.4   -351.0   3326.1
120   18   -434.6   -200.8   3566.9
121   0   -428.8   -108.4   3609.6
121   1   -433.5   -269.0   3557.0
121   2   -558.7   -265.0   3512.7
121   3   -565.6   -447.8   3373.9
121   4   -406.3   -256.4   3338.3
121   5   -305.1   -277.7   3572.5
121   6   -271.2   -468.9   3449.9
121   7   -415.9   -329.4   3298.6
121   8   -430.5   -478.2   3521.8
121   9   -436.3   -649.8   3505.4
121   10   -519.8   -686.7   3471.5
121   11   -506.0   -1034.7   3415.6
121   12   -506.1   -1357.6   3415.6
121   13   -350.1   -695.1   3500.9
121   14   -368.2   -1039.6   3427.1
121   15   -374.9   -1363.4   3449.0
121   16   -432.9   -288.3   3344.2
121   17   -391.8   -352.6   3323.8
121   18   -434.5   -200.8   3568.5
122   0   -428.8   -107.8   3609.8
122   1   -433.4   -268.9   3559.1
122   2   -557.5   -264.9   3512.9
122   3   -562.0   -447.9   3374.3
122   4   -404.9   -254.1   3341.3
122   5   -305.0   -277.7   3573.2
122   6   -271.7   -468.8   3450.1
122   7   -416.2   -327.8   3299.9
122   8   -430.5   -477.8   3521.8
122   9   -435.4   -649.6   3505.4
122   10   -519.2   -686.8   3471.4
122   11   -506.0   -1034.8   3415.6
122   12   -506.1   -1357.8   3415.6
122   13   -349.0   -695.3   3500.9
122   14   -367.8   -1039.7   3427.0
122   15   -366.4   -1361.9   3450.2
122   16   -431.1   -286.4   3346.8
122   17   -392.1   -351.3   3324.9
122   18   -434.4   -200.8   3571.2
123   0   -428.6   -107.3   3610.4
123   1   -433.3   -268.8   3562.0
123   2   -556.6   -264.9   3514.5
123   3   -560.5   -447.4   3375.2
123   4   -403.9   -253.0   3343.6
123   5   -304.9   -277.7   3575.5
123   6   -271.9   -467.7   3450.7
123   7   -418.4   -326.8   3302.2
123   8   -430.3   -477.5   3523.5
123   9   -434.5   -649.4   3505.4
123   10   -518.6   -687.0   3471.4
123   11   -506.0   -1034.9   3415.6
123   12   -506.1   -1357.9   3415.6
123   13   -348.0   -695.5   3500.9
123   14   -367.5   -1039.7   3427.0
123   15   -354.7   -1361.1   3449.9
123   16   -430.0   -285.4   3348.9
123   17   -394.0   -350.3   3327.0
123   18   -434.3   -200.8   3574.6
124   0   -428.5   -107.0   3611.1
124   1   -433.2   -268.8   3565.4
124   2   -555.9   -264.9   3517.0
124   3   -560.3   -446.5   3376.4
124   4   -403.2   -252.2   3346.3
124   5   -304.8   -277.7   3580.5
124   6   -272.0   -465.9   3453.0
124   7   -421.6   -334.1   3299.8
124   8   -430.1   -477.2   3526.2
124   9   -433.7   -649.0   3505.5
124   10   -517.8   -687.0   3471.3
124   11   -505.9   -1034.9   3415.6
124   12   -480.2   -1356.2   3427.1
124   13   -347.2   -695.5   3500.9
124   14   -366.8   -1039.7   3427.0
124   15   -362.4   -1361.2   3449.0
124   16   -429.3   -284.6   3351.3
124   17   -396.7   -356.0   3325.4
124   18   -434.2   -200.8   3578.2
125   0   -428.4   -106.9   3611.8
125   1   -433.0   -268.8   3568.6
125   2   -554.6   -264.4   3517.3
125   3   -560.5   -446.4   3377.3
125   4   -403.0   -252.4   3347.5
125   5   -304.7   -277.6   3586.0
125   6   -271.9   -464.4   3456.5
125   7   -421.7   -342.7   3295.6
125   8   -429.8   -477.1   3529.5
125   9   -433.0   -648.7   3505.6
125   10   -517.0   -686.8   3471.3
125   11   -505.7   -1034.7   3415.6
125   12   -480.4   -1356.2   3428.3
125   13   -346.4   -695.2   3500.9
125   14   -365.8   -1039.4   3426.9
125   15   -372.2   -1361.0   3447.3
125   16   -429.2   -284.7   3352.5
125   17   -396.8   -362.9   3322.4
125   18   -434.1   -200.8   3581.4
126   0   -428.3   -107.0   3612.6
126   1   -432.8   -268.8   3571.3
126   2   -552.8   -263.7   3516.2
126   3   -560.8   -447.1   3378.2
126   4   -403.3   -253.2   3347.9
126   5   -304.5   -277.6   3588.4
126   6   -271.3   -465.2   3460.2
126   7   -417.1   -338.6   3299.2
126   8   -429.5   -477.0   3532.6
126   9   -432.2   -648.3   3505.8
126   10   -516.2   -686.3   3471.4
126   11   -505.6   -1034.4   3415.6
126   12   -480.6   -1356.1   3425.1
126   13   -345.7   -694.8   3500.9
126   14   -365.1   -1039.0   3426.6
126   15   -373.2   -1360.9   3446.7
126   16   -429.6   -285.5   3352.9
126   17   -392.8   -359.7   3326.0
126   18   -433.9   -200.8   3583.9
127   0   -428.2   -107.4   3613.5
127   1   -432.7   -268.8   3573.0
127   2   -551.6   -263.2   3515.3
127   3   -561.0   -447.5   3378.7
127   4   -403.4   -253.8   3348.0
127   5   -304.3   -277.5   3589.5
127   6   -270.5   -466.7   3463.7
127   7   -411.0   -329.5   3307.0
127   8   -429.2   -476.8   3534.7
127   9   -431.5   -648.1   3505.9
127   10   -515.4   -686.0   3471.7
127   11   -505.4   -1034.2   3415.7
127   12   -480.5   -1355.9   3424.5
127   13   -345.2   -694.7   3500.9
127   14   -365.1   -1039.0   3426.3
127   15   -365.9   -1361.0   3446.1
127   16   -429.7   -286.1   3353.1
127   17   -387.6   -352.4   3333.1
127   18   -433.8   -200.8   3585.6
128   0   -428.1   -107.7   3614.5
128   1   -432.5   -268.8   3574.3
128   2   -550.6   -262.8   3514.6
128   3   -561.2   -447.8   3379.0
128   4   -403.5   -254.3   3348.0
128   5   -304.1   -277.5   3590.0
128   6   -269.9   -467.1   3465.1
128   7   -409.5   -322.6   3314.1
128   8   -428.8   -476.7   3535.9
128   9   -430.7   -647.9   3506.1
128   10   -514.4   -685.7   3472.0
128   11   -505.3   -1034.0   3415.7
128   12   -480.0   -1355.7   3424.1
128   13   -344.8   -694.7   3500.9
128   14   -365.2   -1038.9   3425.9
128   15   -363.0   -1361.0   3445.6
128   16   -429.8   -286.5   3353.2
128   17   -386.3   -346.7   3339.3
128   18   -433.7   -200.8   3586.8
129   0   -428.0   -108.2   3615.4
129   1   -432.4   -268.8   3575.0
129   2   -550.2   -262.7   3514.5
129   3   -561.3   -448.1   3379.4
129   4   -403.5   -254.7   3348.0
129   5   -303.8   -277.4   3590.1
129   6   -269.3   -467.5   3465.9
129   7   -411.1   -324.0   3315.7
129   8   -428.5   -476.5   3536.5
129   9   -430.0   -647.7   3506.3
129   10   -513.6   -685.3   3472.4
129   11   -505.1   -1033.7   3415.7
129   12   -479.3   -1355.4   3423.8
129   13   -344.5   -694.7   3500.9
129   14   -365.3   -1038.9   3425.4
129   15   -363.5   -1361.1   3444.9
129   16   -429.8   -286.9   3353.2
129   17   -387.5   -347.9   3340.7
129   18   -433.7   -200.8   3587.5
130   0   -427.9   -108.6   3616.3
130   1   -432.3   -268.8   3575.3
130   2   -550.3   -262.9   3515.1
130   3   -561.2   -448.5   3380.2
130   4   -403.3   -255.3   3347.8
130   5   -303.6   -277.3   3589.9
130   6   -269.1   -467.7   3466.1
130   7   -412.9   -326.5   3315.6
130   8   -428.3   -476.4   3536.8
130   9   -429.5   -647.6   3506.5
130   10   -512.9   -684.9   3472.8
130   11   -504.9   -1033.3   3415.7
130   12   -478.5   -1354.9   3423.2
130   13   -344.3   -694.3   3500.9
130   14   -365.5   -1038.5   3424.7
130   15   -367.4   -1360.7   3443.7
130   16   -429.6   -287.5   3353.2
130   17   -389.0   -350.0   3340.7
130   18   -433.6   -200.8   3587.9
131   0   -427.7   -109.0   3617.4
131   1   -432.2   -268.8   3575.4
131   2   -550.6   -263.2   3515.9
131   3   -561.0   -449.1   3381.5
131   4   -402.9   -256.4   3347.7
131   5   -303.3   -277.2   3589.8
131   6   -269.2   -467.8   3466.2
131   7   -414.9   -329.4   3314.8
131   8   -428.1   -476.4   3536.9
131   9   -429.2   -647.5   3506.7
131   10   -512.3   -684.5   3473.1
131   11   -504.8   -1032.9   3415.7
131   12   -477.7   -1354.5   3422.9
131   13   -344.1   -693.9   3500.9
131   14   -365.6   -1037.9   3424.2
131   15   -371.7   -1360.1   3442.0
131   16   -429.2   -288.5   3353.3
131   17   -390.6   -352.5   3340.1
131   18   -433.5   -200.8   3588.1
132   0   -427.6   -109.4   3618.6
132   1   -432.1   -268.8   3575.5
132   2   -550.8   -263.5   3516.6
132   3   -560.5   -450.2   3383.1
132   4   -402.3   -257.9   3347.7
132   5   -303.1   -277.2   3589.7
132   6   -269.3   -467.9   3466.2
132   7   -416.0   -330.7   3314.7
132   8   -428.0   -476.4   3536.9
132   9   -428.9   -647.5   3506.8
132   10   -511.8   -684.3   3473.3
132   11   -504.6   -1032.7   3415.8
132   12   -476.6   -1354.2   3422.8
132   13   -344.1   -693.6   3501.0
132   14   -365.5   -1037.7   3424.3
132   15   -373.8   -1359.9   3439.6
132   16   -428.7   -289.9   3353.6
132   17   -391.5   -353.5   3340.0
132   18   -433.4   -200.8   3588.1
133   0   -427.5   -109.7   3619.8
133   1   -432.0   -268.8   3575.5
133   2   -551.4   -264.0   3517.9
133   3   -560.0   -451.5   3385.7
133   4   -401.7   -259.7   3347.8
133   5   -302.9   -277.3   3589.7
133   6   -269.7   -468.0   3466.3
133   7   -417.1   -330.5   3315.9
133   8   -427.9   -476.5   3536.9
133   9   -428.8   -647.4   3506.9
133   10   -511.4   -684.2   3473.5
133   11   -504.4   -1032.7   3415.9
133   12   -475.2   -1354.1   3422.8
133   13   -344.3   -693.5   3501.0
133   14   -365.1   -1038.0   3425.4
133   15   -373.7   -1360.4   3436.7
133   16   -428.1   -291.7   3354.1
133   17   -392.6   -353.4   3340.9
133   18   -433.4   -200.8   3588.1
134   0   -427.3   -110.0   3621.0
134   1   -431.9   -268.8   3575.5
134   2   -552.4   -264.7   3520.1
134   3   -559.4   -452.8   3388.6
134   4   -401.0   -261.5   3348.8
134   5   -302.7   -277.4   3589.7
134   6   -270.1   -468.3   3466.4
134   7   -418.6   -330.4   3317.4
134   8   -427.8   -476.5   3536.8
134   9   -428.7   -647.4   3506.9
134   10   -511.2   -684.2   3473.7
134   11   -504.1   -1033.0   3416.0
134   12   -472.7   -1354.1   3422.9
134   13   -344.4   -693.3   3501.0
134   14   -365.0   -1038.2   3425.5
134   15   -372.4   -1360.6   3435.7
134   16   -427.4   -293.4   3355.5
134   17   -393.9   -353.4   3342.3
134   18   -433.3   -200.8   3588.1
135   0   -427.2   -110.0   3621.5
135   1   -431.9   -268.8   3575.5
135   2   -552.9   -265.2   3521.5
135   3   -558.6   -453.3   3390.1
135   4   -400.8   -261.5   3350.7
135   5   -302.6   -277.5   3589.8
135   6   -270.3   -468.7   3466.9
135   7   -419.1   -331.3   3317.7
135   8   -427.8   -476.6   3536.8
135   9   -428.6   -647.3   3506.9
135   10   -511.0   -684.1   3473.8
135   11   -503.9   -1033.2   3416.1
135   12   -469.1   -1354.0   3422.9
135   13   -344.5   -693.2   3501.1
135   14   -364.4   -1038.9   3427.7
135   15   -370.0   -1361.5   3434.0
135   16   -427.1   -293.5   3357.2
135   17   -394.3   -354.2   3342.6
135   18   -433.2   -200.8   3588.1
136   0   -427.1   -110.0   3621.9
136   1   -431.8   -268.7   3575.5
136   2   -552.9   -265.3   3521.6
136   3   -558.4   -453.7   3390.4
136   4   -401.0   -261.1   3353.1
136   5   -302.5   -277.6   3589.8
136   6   -270.5   -469.0   3467.2
136   7   -419.6   -332.7   3317.4
136   8   -427.7   -476.7   3536.8
136   9   -428.6   -647.3   3506.9
136   10   -510.9   -684.1   3474.1
136   11   -503.7   -1034.6   3415.9
136   12   -464.0   -1354.7   3423.0
136   13   -344.6   -693.2   3501.2
136   14   -363.7   -1040.9   3430.4
136   15   -366.0   -1363.5   3432.5
136   16   -427.3   -293.2   3359.3
136   17   -394.8   -355.4   3342.4
136   18   -433.1   -200.8   3588.1
137   0   -426.9   -109.9   3622.1
137   1   -431.7   -268.7   3575.5
137   2   -552.5   -265.3   3520.9
137   3   -558.5   -453.9   3390.3
137   4   -401.2   -260.8   3355.8
137   5   -302.4   -277.6   3589.8
137   6   -270.7   -469.3   3467.6
137   7   -420.5   -333.4   3318.2
137   8   -427.7   -476.8   3536.8
137   9   -428.5   -647.2   3506.9
137   10   -510.8   -684.1   3474.5
137   11   -503.6   -1035.2   3415.8
137   12   -459.8   -1354.7   3423.4
137   13   -344.6   -693.2   3501.3
137   14   -364.0   -1041.3   3429.5
137   15   -363.1   -1363.9   3433.5
137   16   -427.4   -293.0   3361.6
137   17   -395.6   -356.1   3343.1
137   18   -433.0   -200.7   3588.1
138   0   -426.8   -109.8   3622.1
138   1   -431.6   -268.7   3575.5
138   2   -552.3   -265.2   3520.5
138   3   -558.7   -454.0   3390.2
138   4   -400.8   -260.9   3358.9
138   5   -302.3   -277.7   3589.8
138   6   -270.8   -469.4   3467.7
138   7   -421.8   -333.5   3319.6
138   8   -427.6   -476.9   3536.8
138   9   -428.4   -647.2   3506.9
138   10   -510.7   -684.1   3475.1
138   11   -503.6   -1035.3   3415.9
138   12   -455.5   -1354.2   3424.1
138   13   -344.7   -693.2   3501.5
138   14   -363.9   -1041.7   3430.0
138   15   -362.0   -1364.2   3433.9
138   16   -427.1   -293.1   3364.1
138   17   -396.6   -356.2   3344.3
138   18   -432.9   -200.7   3588.1
139   0   -426.6   -109.7   3622.2
139   1   -431.5   -268.7   3575.5
139   2   -552.0   -265.3   3520.3
139   3   -559.0   -454.3   3390.4
139   4   -400.3   -261.6   3360.3
139   5   -302.2   -277.8   3589.8
139   6   -270.8   -469.5   3467.7
139   7   -422.9   -333.1   3321.3
139   8   -427.5   -477.1   3536.8
139   9   -428.3   -647.2   3506.9
139   10   -510.7   -684.2   3475.8
139   11   -503.6   -1035.4   3416.0
139   12   -455.2   -1354.2   3425.0
139   13   -344.7   -693.2   3501.8
139   14   -363.8   -1042.0   3431.2
139   15   -362.1   -1364.6   3433.9
139   16   -426.8   -293.7   3365.3
139   17   -397.6   -355.8   3345.7
139   18   -432.8   -200.7   3588.1
140   0   -426.4   -109.6   3622.2
140   1   -431.4   -268.6   3575.5
140   2   -551.8   -265.4   3520.3
140   3   -559.3   -454.5   3390.6
140   4   -400.1   -262.0   3362.9
140   5   -302.1   -277.8   3589.8
140   6   -270.7   -469.5   3467.7
140   7   -423.0   -332.6   3321.9
140   8   -427.4   -477.2   3536.8
140   9   -428.2   -647.2   3506.9
140   10   -510.8   -684.3   3476.7
140   11   -503.6   -1035.5   3416.1
140   12   -458.6   -1354.6   3426.3
140   13   -344.8   -693.2   3502.1
140   14   -363.9   -1042.2   3431.8
140   15   -362.0   -1364.7   3435.7
140   16   -426.7   -294.1   3367.6
140   17   -397.6   -355.4   3346.2
140   18   -432.6   -200.7   3588.1
141   0   -426.3   -109.5   3622.2
141   1   -431.3   -268.6   3575.5
141   2   -551.7   -265.6   3520.4
141   3   -559.7   -454.8   3390.9
141   4   -400.0   -262.3   3366.2
141   5   -302.0   -277.9   3589.8
141   6   -270.6   -469.5   3467.6
141   7   -422.4   -332.0   3322.0
141   8   -427.4   -477.3   3536.8
141   9   -428.1   -647.2   3507.0
141   10   -510.9   -684.4   3477.8
141   11   -503.6   -1035.5   3416.2
141   12   -464.8   -1355.4   3427.8
141   13   -344.8   -693.2   3502.5
141   14   -364.1   -1042.4   3432.6
141   15   -362.0   -1364.8   3436.3
141   16   -426.6   -294.4   3370.3
141   17   -397.1   -354.9   3346.3
141   18   -432.5   -200.7   3588.1
142   0   -426.1   -109.4   3622.2
142   1   -431.1   -268.6   3575.5
142   2   -551.5   -265.7   3520.5
142   3   -560.1   -454.8   3390.9
142   4   -399.9   -262.7   3367.5
142   5   -301.9   -277.9   3589.8
142   6   -270.4   -469.8   3468.1
142   7   -421.1   -330.0   3323.6
142   8   -427.3   -477.4   3536.8
142   9   -428.0   -647.1   3507.0
142   10   -511.1   -684.6   3479.3
142   11   -503.5   -1035.6   3416.2
142   12   -470.8   -1356.0   3430.2
142   13   -344.7   -693.2   3503.0
142   14   -364.3   -1042.5   3433.3
142   15   -361.8   -1364.9   3436.2
142   16   -426.6   -294.7   3371.4
142   17   -396.0   -353.3   3347.7
142   18   -432.4   -200.6   3588.1
143   0   -425.8   -109.4   3622.2
143   1   -431.0   -268.5   3575.5
143   2   -551.3   -265.8   3520.6
143   3   -560.5   -454.7   3391.0
143   4   -399.8   -263.1   3367.6
143   5   -301.8   -277.9   3589.8
143   6   -270.3   -470.1   3468.7
143   7   -417.4   -322.2   3329.0
143   8   -427.2   -477.5   3536.8
143   9   -427.9   -647.1   3507.0
143   10   -511.4   -684.9   3481.4
143   11   -503.5   -1035.7   3416.3
143   12   -476.7   -1356.4   3433.9
143   13   -344.6   -693.1   3503.5
143   14   -364.7   -1042.5   3433.8
143   15   -361.5   -1364.9   3436.0
143   16   -426.6   -295.0   3371.5
143   17   -392.9   -346.9   3352.3
143   18   -432.2   -200.6   3588.1
144   0   -425.6   -109.2   3622.2
144   1   -430.9   -268.4   3575.5
144   2   -551.2   -265.9   3520.8
144   3   -560.9   -454.7   3391.0
144   4   -399.7   -263.5   3367.5
144   5   -301.8   -277.9   3589.8
144   6   -270.3   -470.1   3468.8
144   7   -413.7   -313.6   3334.9
144   8   -427.1   -477.5   3536.8
144   9   -427.7   -647.0   3507.1
144   10   -511.8   -685.1   3483.6
144   11   -503.5   -1035.6   3416.4
144   12   -478.9   -1356.4   3435.6
144   13   -344.4   -693.1   3504.1
144   14   -364.9   -1042.3   3433.4
144   15   -361.5   -1364.6   3436.4
144   16   -426.6   -295.3   3371.4
144   17   -389.8   -339.7   3357.2
144   18   -432.1   -200.5   3588.1
