2   0   -428.3   -104.4   3640.7
2   1   -428.9   -279.4   3596.0
2   2   -566.1   -284.2   3548.3
2   3   -557.0   -455.1   3420.4
2   4   -390.0   -264.6   3402.3
2   5   -289.7   -302.2   3622.3
2   6   -293.3   -433.5   3453.8
2   7   -447.3   -237.6   3405.0
2   8   -430.3   -485.0   3561.4
2   9   -431.4   -642.9   3531.7
2   10   -524.3   -733.0   3503.6
2   11   -488.1   -1059.6   3393.9
2   12   -469.4   -1380.6   3446.8
2   13   -342.2   -744.3   3530.5
2   14   -382.0   -1067.8   3413.2
2   15   -400.0   -1390.1   3457.7
2   16   -417.8   -296.4   3405.3
2   17   -421.7   -270.3   3413.2
2   18   -428.5   -210.6   3607.5
3   0   -427.7   -103.5   3639.0
3   1   -429.3   -278.4   3595.4
3   2   -566.1   -282.7   3546.7
3   3   -560.9   -455.2   3420.1
3   4   -396.2   -263.6   3397.0
3   5   -290.1   -301.1   3619.8
3   6   -290.7   -437.8   3455.7
3   7   -443.2   -242.6   3401.4
3   8   -430.6   -484.3   3560.8
3   9   -431.4   -642.7   3531.6
3   10   -522.2   -727.2   3502.9
3   11   -491.2   -1056.3   3399.4
3   12   -469.0   -1377.5   3440.1
3   13   -343.1   -737.4   3529.3
3   14   -378.7   -1063.7   3419.1
3   15   -395.4   -1386.5   3454.3
3   16   -423.7   -295.6   3400.9
3   17   -417.8   -275.1   3410.4
3   18   -428.9   -209.6   3607.0
4   0   -425.2   -99.4   3633.0
4   1   -430.1   -274.0   3593.3
4   2   -564.9   -279.2   3543.2
4   3   -567.8   -450.0   3411.5
4   4   -405.7   -257.7   3380.4
4   5   -291.4   -296.5   3611.7
4   6   -284.7   -443.3   3454.8
4   7   -437.3   -253.6   3386.9
4   8   -431.5   -480.2   3559.0
4   9   -431.1   -640.5   3530.7
4   10   -515.0   -712.3   3499.8
4   11   -496.5   -1046.4   3406.7
4   12   -469.3   -1368.3   3432.1
4   13   -348.2   -721.2   3525.1
4   14   -372.3   -1053.8   3429.0
4   15   -359.7   -1360.0   3448.5
4   16   -432.7   -289.7   3385.6
4   17   -411.9   -285.2   3398.2
4   18   -429.6   -205.1   3604.8
5   0   -421.6   -94.3   3625.9
5   1   -431.0   -267.6   3589.2
5   2   -563.3   -274.3   3538.4
5   3   -574.8   -443.8   3400.4
5   4   -414.0   -251.9   3360.6
5   5   -294.2   -291.1   3600.7
5   6   -277.2   -448.8   3450.9
5   7   -431.4   -264.7   3371.4
5   8   -432.6   -474.0   3555.3
5   9   -430.8   -637.3   3527.9
5   10   -508.0   -695.4   3495.4
5   11   -501.4   -1034.6   3413.1
5   12   -469.2   -1357.4   3427.7
5   13   -352.8   -702.8   3520.5
5   14   -366.3   -1041.3   3436.8
5   15   -360.8   -1354.9   3443.5
5   16   -440.8   -283.9   3367.2
5   17   -405.7   -295.4   3384.6
5   18   -430.5   -198.7   3600.5
6   0   -419.1   -91.6   3621.5
6   1   -431.6   -263.0   3584.1
6   2   -561.4   -271.0   3532.7
6   3   -579.2   -442.2   3392.3
6   4   -419.1   -249.7   3350.9
6   5   -296.4   -287.0   3592.5
6   6   -266.7   -457.5   3454.6
6   7   -421.3   -277.8   3364.9
6   8   -433.4   -470.5   3550.7
6   9   -430.7   -636.0   3523.8
6   10   -506.1   -687.8   3490.6
6   11   -503.9   -1030.0   3415.7
6   12   -468.1   -1353.2   3425.8
6   13   -353.1   -694.2   3517.2
6   14   -363.3   -1035.1   3437.8
6   15   -362.2   -1358.3   3436.6
6   16   -445.8   -281.8   3357.8
6   17   -395.5   -307.7   3379.8
6   18   -431.0   -194.0   3595.2
7   0   -417.9   -91.3   3619.7
7   1   -431.9   -260.6   3580.0
7   2   -560.6   -269.5   3529.8
7   3   -581.3   -442.6   3388.1
7   4   -423.3   -250.8   3349.1
7   5   -297.8   -284.8   3588.5
7   6   -258.1   -463.6   3459.1
7   7   -411.5   -287.9   3365.1
7   8   -433.7   -470.2   3547.7
7   9   -430.8   -636.9   3521.2
7   10   -509.5   -688.5   3486.7
7   11   -505.1   -1033.2   3416.8
7   12   -466.7   -1356.6   3424.8
7   13   -348.8   -694.2   3515.6
7   14   -362.4   -1037.5   3440.0
7   15   -362.8   -1367.7   3440.8
7   16   -449.7   -282.8   3355.6
7   17   -385.9   -317.2   3380.8
7   18   -431.3   -191.6   3590.6
8   0   -417.6   -92.2   3619.3
8   1   -432.0   -259.7   3577.1
8   2   -560.3   -269.0   3528.7
8   3   -582.1   -443.4   3386.0
8   4   -425.3   -251.4   3348.9
8   5   -298.9   -283.6   3587.0
8   6   -257.3   -463.8   3456.3
8   7   -408.8   -286.5   3364.4
8   8   -433.8   -471.3   3545.7
8   9   -430.9   -638.5   3519.0
8   10   -513.7   -690.3   3484.0
8   11   -505.4   -1036.9   3417.1
8   12   -466.0   -1360.3   3424.9
8   13   -344.3   -695.9   3514.9
8   14   -362.4   -1040.4   3439.8
8   15   -363.1   -1369.5   3438.7
8   16   -451.4   -283.4   3355.1
8   17   -383.6   -316.0   3379.8
8   18   -431.4   -190.7   3587.3
9   0   -417.8   -93.5   3619.5
9   1   -432.0   -259.5   3574.6
9   2   -560.2   -268.9   3528.4
9   3   -582.5   -444.3   3385.1
9   4   -426.1   -251.7   3349.4
9   5   -299.6   -282.9   3586.6
9   6   -260.1   -464.1   3454.4
9   7   -407.0   -282.1   3364.2
9   8   -433.8   -472.6   3543.5
9   9   -431.0   -639.9   3516.5
9   10   -516.7   -691.9   3482.4
9   11   -505.5   -1040.2   3417.2
9   12   -465.5   -1363.5   3425.0
9   13   -341.5   -697.4   3514.6
9   14   -362.5   -1043.0   3438.7
9   15   -383.1   -1381.2   3447.2
9   16   -452.2   -283.8   3355.3
9   17   -382.5   -312.4   3379.3
9   18   -431.4   -190.5   3584.6
10   0   -418.0   -94.8   3619.8
10   1   -431.9   -259.6   3572.7
10   2   -560.0   -268.9   3528.5
10   3   -582.6   -445.1   3384.9
10   4   -426.1   -251.9   3349.9
10   5   -300.3   -282.5   3586.8
10   6   -257.0   -463.8   3454.4
10   7   -403.9   -281.1   3364.4
10   8   -433.8   -473.6   3541.6
10   9   -431.0   -640.9   3514.4
10   10   -518.0   -692.8   3481.7
10   11   -505.4   -1043.7   3417.4
10   12   -465.1   -1367.0   3425.1
10   13   -340.7   -698.2   3514.5
10   14   -362.0   -1046.7   3440.6
10   15   -370.8   -1377.7   3436.1
10   16   -452.2   -284.1   3355.8
10   17   -379.4   -311.5   3379.4
10   18   -431.3   -190.5   3582.8
11   0   -418.3   -95.8   3620.2
11   1   -431.9   -259.7   3571.6
11   2   -559.8   -268.8   3528.8
11   3   -582.5   -445.6   3384.8
11   4   -425.6   -252.0   3350.4
11   5   -300.9   -282.2   3587.0
11   6   -259.1   -464.0   3453.7
11   7   -404.3   -279.3   3363.6
11   8   -433.7   -473.7   3540.3
11   9   -431.0   -641.6   3513.1
11   10   -518.2   -693.2   3481.5
11   11   -505.3   -1046.8   3417.6
11   12   -464.5   -1370.0   3425.3
11   13   -340.9   -698.5   3514.5
11   14   -362.0   -1049.8   3441.2
11   15   -363.3   -1376.8   3429.8
11   16   -451.7   -284.2   3356.1
11   17   -380.1   -310.1   3378.6
11   18   -431.3   -190.6   3581.7
12   0   -418.6   -96.5   3620.4
12   1   -431.9   -259.8   3571.0
12   2   -559.4   -268.6   3529.1
12   3   -582.4   -445.8   3384.8
12   4   -425.0   -251.9   3350.6
12   5   -301.4   -281.8   3587.1
12   6   -263.1   -464.5   3453.2
12   7   -405.0   -277.1   3362.1
12   8   -433.7   -473.3   3539.5
12   9   -431.0   -642.0   3512.4
12   10   -517.8   -693.3   3481.4
12   11   -505.2   -1049.1   3417.5
12   12   -464.3   -1372.2   3426.1
12   13   -341.5   -698.6   3514.6
12   14   -362.0   -1052.1   3441.0
12   15   -360.0   -1377.6   3426.5
12   16   -451.2   -284.3   3356.3
12   17   -381.3   -308.3   3377.3
12   18   -431.3   -190.8   3581.1
13   0   -418.8   -97.0   3620.7
13   1   -431.8   -259.9   3570.7
13   2   -559.0   -268.4   3529.4
13   3   -582.3   -445.9   3384.9
13   4   -424.4   -251.8   3350.7
13   5   -301.9   -281.5   3587.3
13   6   -265.7   -464.8   3452.9
13   7   -405.2   -275.4   3361.2
13   8   -433.7   -472.6   3539.2
13   9   -431.0   -642.2   3512.1
13   10   -517.3   -693.2   3481.3
13   11   -505.0   -1050.6   3417.2
13   12   -469.7   -1376.1   3423.9
13   13   -342.1   -698.7   3514.5
13   14   -362.2   -1053.8   3440.6
13   15   -359.0   -1380.4   3424.8
13   16   -450.7   -284.2   3356.4
13   17   -382.0   -306.9   3376.5
13   18   -431.2   -190.9   3580.9
14   0   -419.0   -97.4   3620.9
14   1   -431.8   -260.0   3570.6
14   2   -558.6   -268.2   3529.6
14   3   -582.1   -445.9   3384.9
14   4   -424.0   -251.7   3350.7
14   5   -302.4   -281.3   3587.3
14   6   -266.7   -464.9   3452.8
14   7   -405.5   -274.7   3360.9
14   8   -433.6   -471.9   3539.0
14   9   -431.0   -642.3   3511.9
14   10   -516.7   -693.1   3481.1
14   11   -505.0   -1051.3   3417.0
14   12   -467.0   -1377.0   3423.7
14   13   -342.7   -698.7   3514.5
14   14   -362.4   -1054.5   3440.0
14   15   -358.7   -1381.7   3424.1
14   16   -450.4   -284.0   3356.4
14   17   -382.4   -306.4   3376.2
14   18   -431.2   -190.9   3580.8
15   0   -419.3   -98.4   3622.9
15   1   -431.8   -260.0   3570.5
15   2   -558.1   -268.0   3529.8
15   3   -581.9   -445.9   3385.0
15   4   -424.2   -251.2   3350.3
15   5   -302.8   -281.0   3587.3
15   6   -266.7   -464.9   3452.9
15   7   -405.9   -274.7   3360.9
15   8   -433.6   -471.2   3539.0
15   9   -430.9   -642.3   3511.8
15   10   -516.2   -692.8   3480.7
15   11   -505.0   -1051.3   3417.0
15   12   -462.6   -1376.5   3424.1
15   13   -343.1   -698.4   3514.4
15   14   -362.7   -1054.4   3439.3
15   15   -358.6   -1381.7   3424.7
15   16   -450.5   -283.6   3356.1
15   17   -382.7   -306.4   3376.2
15   18   -431.2   -191.0   3580.8
16   0   -419.8   -100.7   3625.0
16   1   -431.8   -260.1   3570.5
16   2   -557.8   -267.7   3530.0
16   3   -581.8   -445.8   3385.0
16   4   -424.3   -250.7   3349.8
16   5   -303.1   -280.7   3587.3
16   6   -266.1   -464.8   3453.0
16   7   -406.1   -275.0   3360.8
16   8   -433.5   -470.6   3539.1
16   9   -430.9   -642.3   3511.8
16   10   -515.8   -692.6   3480.6
16   11   -505.0   -1051.1   3416.9
16   12   -458.7   -1375.5   3424.7
16   13   -343.5   -698.4   3514.2
16   14   -363.0   -1054.1   3438.3
16   15   -358.1   -1381.3   3426.1
16   16   -450.6   -283.3   3355.7
16   17   -382.7   -306.6   3376.2
16   18   -431.2   -191.0   3580.8
17   0   -420.3   -103.6   3627.9
17   1   -431.7   -260.1   3570.5
17   2   -557.4   -267.5   3530.1
17   3   -581.8   -445.7   3385.1
17   4   -423.9   -250.8   3349.6
17   5   -303.5   -280.5   3587.3
17   6   -265.4   -464.7   3453.1
17   7   -406.1   -275.4   3360.8
17   8   -433.5   -470.2   3539.2
17   9   -430.9   -642.2   3511.8
17   10   -515.5   -692.5   3480.5
17   11   -505.0   -1050.9   3416.9
17   12   -456.1   -1374.5   3425.1
17   13   -343.8   -698.3   3513.9
17   14   -363.0   -1053.9   3438.2
17   15   -357.6   -1380.9   3427.7
17   16   -450.2   -283.3   3355.5
17   17   -382.7   -306.9   3376.2
17   18   -431.2   -191.1   3580.9
18   0   -420.7   -106.0   3630.0
18   1   -431.7   -260.2   3570.6
18   2   -557.1   -267.3   3530.2
18   3   -581.8   -445.6   3385.1
18   4   -423.2   -251.1   3349.6
18   5   -303.7   -280.3   3587.3
18   6   -264.9   -464.5   3453.1
18   7   -406.6   -275.9   3360.5
18   8   -433.4   -469.9   3539.2
18   9   -430.9   -642.2   3511.8
18   10   -515.3   -692.4   3480.4
18   11   -505.0   -1050.6   3417.0
18   12   -454.7   -1373.6   3425.5
18   13   -344.0   -698.2   3513.6
18   14   -363.1   -1053.7   3438.0
18   15   -357.5   -1380.5   3429.7
18   16   -449.7   -283.5   3355.5
18   17   -383.0   -307.3   3376.0
18   18   -431.2   -191.1   3580.9
19   0   -421.0   -107.3   3630.9
19   1   -431.7   -260.2   3570.6
19   2   -556.8   -267.1   3530.2
19   3   -581.7   -445.4   3385.0
19   4   -422.9   -251.0   3349.6
19   5   -304.0   -280.2   3587.2
19   6   -259.5   -463.6   3453.7
19   7   -406.6   -279.0   3361.5
19   8   -433.4   -469.7   3539.3
19   9   -430.9   -642.2   3511.8
19   10   -515.1   -692.3   3480.3
19   11   -505.0   -1050.4   3417.0
19   12   -454.7   -1373.1   3426.1
19   13   -344.1   -698.1   3513.2
19   14   -363.2   -1053.5   3437.6
19   15   -356.9   -1380.1   3430.7
19   16   -449.4   -283.4   3355.5
19   17   -382.1   -309.7   3376.9
19   18   -431.1   -191.2   3580.9
20   0   -421.2   -107.8   3630.4
20   1   -431.7   -260.2   3570.6
20   2   -556.5   -267.0   3530.1
20   3   -581.7   -445.2   3384.9
20   4   -422.4   -251.1   3349.6
20   5   -304.2   -280.0   3587.0
20   6   -250.1   -461.9   3455.0
20   7   -405.7   -284.1   3363.4
20   8   -433.3   -469.6   3539.3
20   9   -430.9   -642.2   3511.7
20   10   -514.9   -692.2   3480.2
20   11   -504.9   -1050.3   3417.0
20   12   -454.9   -1372.8   3427.0
20   13   -344.3   -698.0   3512.8
20   14   -363.3   -1053.3   3437.0
20   15   -356.0   -1379.6   3431.5
20   16   -449.0   -283.5   3355.5
20   17   -379.8   -313.7   3378.7
20   18   -431.1   -191.2   3580.9
21   0   -421.3   -107.7   3628.9
21   1   -431.6   -260.3   3570.6
21   2   -556.3   -266.8   3530.1
21   3   -581.6   -445.1   3384.7
21   4   -422.2   -251.0   3349.5
21   5   -304.4   -279.9   3586.9
21   6   -252.7   -462.5   3454.6
21   7   -406.0   -282.7   3362.9
21   8   -433.3   -469.6   3539.3
21   9   -430.9   -642.2   3511.7
21   10   -514.7   -692.1   3480.1
21   11   -504.8   -1050.1   3417.0
21   12   -455.6   -1372.5   3428.6
21   13   -344.4   -697.9   3512.3
21   14   -363.6   -1052.9   3435.6
21   15   -354.6   -1379.0   3433.3
21   16   -448.8   -283.4   3355.4
21   17   -380.5   -312.6   3378.2
21   18   -431.1   -191.3   3580.9
22   0   -421.4   -107.4   3626.7
22   1   -431.6   -260.3   3570.6
22   2   -556.0   -266.7   3530.0
22   3   -581.6   -444.9   3384.6
22   4   -422.2   -250.8   3349.5
22   5   -304.5   -279.8   3586.7
22   6   -261.3   -463.8   3453.4
22   7   -406.5   -277.8   3361.1
22   8   -433.2   -469.7   3539.3
22   9   -430.9   -642.2   3511.7
22   10   -514.6   -692.0   3480.0
22   11   -504.6   -1050.0   3417.0
22   12   -456.7   -1372.3   3430.5
22   13   -344.5   -697.9   3511.7
22   14   -363.4   -1053.0   3436.2
22   15   -354.1   -1379.0   3433.8
22   16   -448.7   -283.1   3355.3
22   17   -382.3   -308.8   3376.5
22   18   -431.1   -191.3   3580.9
23   0   -421.4   -107.1   3624.4
23   1   -431.6   -260.4   3570.6
23   2   -555.8   -266.5   3529.7
23   3   -581.3   -444.8   3384.4
23   4   -422.2   -250.6   3348.7
23   5   -304.6   -279.7   3586.5
23   6   -250.8   -461.7   3454.6
23   7   -405.7   -283.5   3363.2
23   8   -433.1   -469.8   3539.2
23   9   -430.9   -642.2   3511.6
23   10   -514.5   -691.9   3479.9
23   11   -504.5   -1049.8   3417.0
23   12   -457.7   -1372.1   3431.7
23   13   -344.6   -697.8   3511.1
23   14   -363.4   -1052.9   3435.6
23   15   -353.8   -1378.8   3434.1
23   16   -448.7   -283.0   3354.7
23   17   -379.8   -313.2   3378.4
23   18   -431.1   -191.4   3580.9
24   0   -421.3   -105.6   3622.1
24   1   -431.5   -260.4   3570.6
24   2   -555.5   -266.4   3529.4
24   3   -581.3   -444.9   3384.2
24   4   -422.3   -250.6   3347.4
24   5   -304.7   -279.7   3586.4
24   6   -241.9   -459.9   3456.0
24   7   -404.5   -288.3   3365.0
24   8   -433.1   -470.0   3539.2
24   9   -430.9   -642.3   3511.6
24   10   -514.3   -691.8   3479.9
24   11   -504.3   -1049.7   3417.0
24   12   -457.9   -1371.9   3433.4
24   13   -344.7   -697.7   3510.3
24   14   -363.2   -1053.1   3436.1
24   15   -353.8   -1378.9   3434.1
24   16   -448.8   -283.0   3353.5
24   17   -377.4   -316.9   3380.2
24   18   -431.0   -191.4   3580.9
25   0   -421.2   -104.5   3621.6
25   1   -431.5   -260.5   3570.6
25   2   -555.3   -266.2   3529.0
25   3   -581.3   -444.9   3384.2
25   4   -422.6   -250.9   3345.6
25   5   -304.8   -279.6   3586.4
25   6   -239.5   -459.5   3456.2
25   7   -404.4   -289.6   3365.5
25   8   -433.0   -470.2   3539.1
25   9   -430.9   -642.3   3511.5
25   10   -514.2   -691.8   3479.8
25   11   -504.2   -1049.7   3417.0
25   12   -457.9   -1371.7   3436.0
25   13   -344.9   -697.6   3509.5
25   14   -362.7   -1053.6   3437.8
25   15   -354.2   -1379.2   3432.8
25   16   -449.0   -283.2   3352.1
25   17   -376.9   -317.9   3380.6
25   18   -431.0   -191.5   3580.9
26   0   -421.3   -104.9   3622.1
26   1   -431.5   -260.6   3570.6
26   2   -555.1   -266.1   3528.7
26   3   -581.3   -445.0   3384.1
26   4   -423.0   -251.2   3342.9
26   5   -304.8   -279.6   3586.4
26   6   -238.2   -459.2   3456.3
26   7   -403.9   -290.1   3365.4
26   8   -433.0   -470.4   3539.1
26   9   -430.9   -642.4   3511.5
26   10   -514.0   -691.8   3479.8
26   11   -503.9   -1049.7   3416.9
26   12   -458.2   -1371.5   3438.8
26   13   -345.0   -697.5   3508.7
26   14   -362.7   -1053.4   3437.1
26   15   -354.2   -1379.0   3433.4
26   16   -449.4   -283.5   3349.7
26   17   -376.3   -318.3   3380.5
26   18   -431.0   -191.6   3580.9
27   0   -421.5   -106.0   3623.1
27   1   -431.4   -260.6   3570.6
27   2   -555.0   -266.0   3528.5
27   3   -581.3   -445.0   3384.0
27   4   -423.2   -251.4   3341.2
27   5   -304.8   -279.6   3586.4
27   6   -237.3   -458.8   3456.3
27   7   -402.9   -289.9   3364.8
27   8   -432.9   -470.6   3539.0
27   9   -430.9   -642.5   3511.4
27   10   -513.7   -691.8   3479.7
27   11   -503.7   -1049.5   3416.9
27   12   -458.6   -1371.3   3439.2
27   13   -345.2   -697.3   3508.0
27   14   -362.8   -1052.9   3435.6
27   15   -354.1   -1378.5   3434.6
27   16   -449.5   -283.7   3348.3
27   17   -375.3   -318.0   3380.1
27   18   -431.0   -191.6   3581.0
28   0   -421.8   -107.3   3624.6
28   1   -431.4   -260.7   3570.7
28   2   -554.9   -266.0   3528.5
28   3   -581.5   -444.9   3384.0
28   4   -423.6   -251.9   3337.6
28   5   -304.9   -279.5   3586.4
28   6   -235.4   -457.5   3455.5
28   7   -402.0   -289.4   3364.1
28   8   -432.8   -470.9   3539.0
28   9   -430.8   -642.5   3511.4
28   10   -513.5   -691.7   3479.7
28   11   -503.3   -1049.0   3416.8
28   12   -459.8   -1371.0   3439.1
28   13   -345.3   -697.1   3507.5
28   14   -363.1   -1051.9   3433.2
28   15   -354.0   -1377.4   3436.5
28   16   -449.9   -284.1   3345.3
28   17   -374.3   -317.4   3379.4
28   18   -430.9   -191.7   3581.0
29   0   -422.0   -108.7   3626.8
29   1   -431.3   -260.7   3570.8
29   2   -554.8   -265.9   3528.5
29   3   -584.1   -444.7   3384.4
29   4   -424.2   -257.7   3324.2
29   5   -304.2   -278.6   3586.4
29   6   -217.4   -445.3   3452.5
29   7   -398.9   -292.8   3364.7
29   8   -432.5   -471.2   3538.9
29   9   -430.8   -642.6   3511.3
29   10   -513.4   -691.0   3479.7
29   11   -502.9   -1047.4   3416.4
29   12   -461.8   -1369.7   3436.5
29   13   -345.3   -696.4   3507.6
29   14   -363.0   -1050.2   3432.2
29   15   -354.1   -1375.6   3437.1
29   16   -450.9   -288.9   3334.2
29   17   -368.7   -318.2   3379.3
29   18   -430.9   -191.8   3581.2
30   0   -422.1   -109.6   3628.6
30   1   -431.1   -260.8   3570.9
30   2   -554.7   -265.9   3528.5
30   3   -599.6   -443.1   3387.2
30   4   -434.2   -284.9   3287.5
30   5   -302.3   -275.8   3586.5
30   6   -178.3   -397.9   3443.0
30   7   -392.0   -299.3   3367.1
30   8   -432.0   -471.6   3538.9
30   9   -430.7   -642.6   3511.1
30   10   -513.3   -690.2   3479.7
30   11   -502.4   -1045.3   3416.2
30   12   -465.4   -1368.2   3435.1
30   13   -345.2   -695.5   3507.9
30   14   -362.3   -1048.0   3432.0
30   15   -354.9   -1373.4   3437.2
30   16   -461.8   -311.2   3304.1
30   17   -356.4   -315.8   3379.8
30   18   -430.8   -191.8   3581.4
31   0   -422.2   -110.1   3629.6
31   1   -430.9   -260.9   3571.0
31   2   -554.6   -265.8   3528.6
31   3   -630.8   -445.9   3409.9
31   4   -482.7   -355.9   3245.5
31   5   -300.8   -273.5   3586.6
31   6   -142.1   -337.7   3442.9
31   7   -373.9   -284.6   3368.9
31   8   -431.4   -472.2   3538.8
31   9   -430.6   -642.7   3511.0
31   10   -513.4   -688.8   3479.6
31   11   -502.1   -1043.7   3416.8
31   12   -472.4   -1367.4   3434.1
31   13   -345.0   -694.2   3508.3
31   14   -361.4   -1046.5   3432.9
31   15   -356.4   -1371.9   3436.4
31   16   -507.4   -370.7   3272.9
31   17   -335.3   -293.4   3381.3
31   18   -430.8   -191.9   3581.5
32   0   -422.3   -109.6   3629.2
32   1   -430.7   -260.9   3571.0
32   2   -554.6   -265.4   3528.9
32   3   -671.2   -440.4   3444.3
32   4   -548.3   -442.4   3242.3
32   5   -298.8   -270.0   3586.6
32   6   -112.3   -286.6   3459.3
32   7   -352.4   -249.6   3388.8
32   8   -430.9   -472.8   3538.7
32   9   -430.5   -642.7   3510.8
32   10   -513.6   -686.6   3479.4
32   11   -501.9   -1042.5   3417.5
32   12   -475.3   -1366.5   3432.7
32   13   -344.5   -692.2   3508.7
32   14   -360.6   -1045.8   3435.2
32   15   -358.7   -1371.2   3434.7
32   16   -568.7   -441.9   3276.0
32   17   -312.4   -255.8   3400.5
32   18   -430.7   -192.0   3581.6
33   0   -422.5   -107.9   3627.2
33   1   -430.6   -260.9   3570.9
33   2   -555.3   -264.0   3529.9
33   3   -699.5   -432.6   3473.4
33   4   -583.3   -519.4   3278.4
33   5   -296.7   -265.6   3586.7
33   6   -85.5   -267.8   3498.2
33   7   -323.4   -228.5   3417.9
33   8   -430.5   -473.2   3538.5
33   9   -430.4   -642.7   3510.6
33   10   -513.9   -683.9   3479.2
33   11   -501.6   -1041.4   3417.9
33   12   -475.1   -1365.5   3430.9
33   13   -344.2   -690.2   3508.7
33   14   -359.9   -1045.7   3437.5
33   15   -360.0   -1371.0   3433.1
33   16   -602.6   -505.0   3310.9
33   17   -283.7   -235.1   3431.3
33   18   -430.6   -192.0   3581.5
34   0   -422.7   -104.9   3623.6
34   1   -430.4   -260.9   3570.7
34   2   -556.2   -262.1   3531.2
34   3   -711.2   -428.7   3486.5
34   4   -594.5   -572.1   3315.8
34   5   -295.3   -261.8   3586.8
34   6   -70.8   -267.1   3529.7
34   7   -301.2   -224.5   3431.9
34   8   -429.9   -473.2   3538.1
34   9   -430.3   -642.4   3510.4
34   10   -514.2   -680.2   3479.0
34   11   -501.1   -1039.8   3418.3
34   12   -473.3   -1363.8   3430.1
34   13   -343.8   -687.3   3508.5
34   14   -359.7   -1044.9   3437.9
34   15   -360.5   -1370.3   3432.8
34   16   -613.9   -548.3   3344.2
34   17   -262.8   -231.6   3448.2
34   18   -430.6   -192.0   3581.3
35   0   -422.9   -101.4   3619.7
35   1   -430.2   -260.9   3570.3
35   2   -557.5   -259.7   3532.9
35   3   -714.8   -426.4   3492.1
35   4   -600.1   -602.1   3343.0
35   5   -294.6   -259.2   3586.8
35   6   -66.0   -272.7   3541.5
35   7   -290.4   -227.8   3431.6
35   8   -429.2   -472.4   3537.4
35   9   -430.1   -641.8   3509.9
35   10   -514.2   -676.2   3478.9
35   11   -500.5   -1038.1   3418.5
35   12   -470.9   -1361.9   3429.3
35   13   -343.6   -683.3   3508.2
35   14   -359.3   -1043.6   3438.8
35   15   -361.0   -1368.8   3432.2
35   16   -619.3   -572.9   3367.8
35   17   -253.0   -235.2   3449.9
35   18   -430.5   -192.0   3581.0
36   0   -423.0   -98.0   3615.6
36   1   -429.9   -260.8   3569.5
36   2   -558.2   -258.2   3533.9
36   3   -715.3   -425.3   3494.2
36   4   -598.8   -607.9   3351.5
36   5   -294.7   -258.2   3586.8
36   6   -67.0   -276.5   3539.2
36   7   -287.8   -230.1   3422.9
36   8   -428.4   -471.2   3536.9
36   9   -430.0   -641.0   3509.6
36   10   -512.8   -676.3   3479.3
36   11   -499.7   -1039.6   3418.1
36   12   -469.6   -1363.4   3428.4
36   13   -344.3   -682.1   3508.1
36   14   -359.2   -1044.0   3439.0
36   15   -361.5   -1369.3   3431.9
36   16   -618.2   -577.5   3375.3
36   17   -251.0   -237.8   3442.3
36   18   -430.4   -192.0   3580.2
37   0   -423.0   -95.4   3612.6
37   1   -429.8   -260.9   3568.5
37   2   -558.7   -257.2   3534.5
37   3   -714.2   -424.9   3494.0
37   4   -596.5   -609.7   3356.1
37   5   -295.2   -258.1   3586.8
37   6   -69.3   -278.6   3534.6
37   7   -287.8   -230.4   3413.9
37   8   -427.9   -470.1   3536.7
37   9   -429.8   -640.4   3509.4
37   10   -511.1   -678.7   3480.0
37   11   -499.3   -1042.5   3417.4
37   12   -468.6   -1366.2   3427.4
37   13   -345.2   -682.8   3508.2
37   14   -359.1   -1045.4   3438.9
37   15   -362.0   -1370.6   3431.8
37   16   -616.2   -578.9   3379.1
37   17   -251.4   -238.4   3434.0
37   18   -430.4   -191.9   3579.0
38   0   -423.0   -93.5   3610.2
38   1   -429.7   -260.9   3567.4
38   2   -559.0   -256.7   3534.6
38   3   -712.6   -425.3   3492.8
38   4   -595.4   -611.4   3357.8
38   5   -295.9   -258.4   3586.7
38   6   -72.3   -278.9   3527.7
38   7   -293.2   -229.0   3410.8
38   8   -427.7   -469.4   3536.7
38   9   -429.7   -640.1   3509.3
38   10   -510.4   -679.9   3480.3
38   11   -499.1   -1044.0   3417.3
38   12   -468.4   -1367.6   3427.2
38   13   -345.6   -683.6   3508.3
38   14   -359.1   -1046.4   3438.7
38   15   -362.5   -1371.6   3431.9
38   16   -614.9   -580.3   3380.3
38   17   -256.4   -237.3   3430.3
38   18   -430.4   -191.9   3577.5
39   0   -423.0   -92.4   3608.8
39   1   -429.6   -260.9   3565.9
39   2   -559.3   -256.6   3534.4
39   3   -710.9   -426.2   3491.1
39   4   -593.0   -610.8   3356.9
39   5   -296.5   -258.8   3586.3
39   6   -75.2   -277.7   3520.6
39   7   -299.3   -229.3   3409.2
39   8   -427.6   -469.1   3537.4
39   9   -429.7   -640.1   3509.2
39   10   -510.5   -680.2   3480.3
39   11   -499.0   -1044.4   3417.2
39   12   -468.5   -1368.0   3427.5
39   13   -345.6   -684.0   3508.4
39   14   -359.2   -1046.8   3438.2
39   15   -363.2   -1371.9   3432.3
39   16   -612.7   -580.0   3379.2
39   17   -261.9   -237.4   3427.7
39   18   -430.3   -191.9   3575.3
40   0   -423.1   -92.0   3607.8
40   1   -429.6   -261.0   3563.5
40   2   -559.8   -256.8   3533.8
40   3   -709.8   -427.6   3490.4
40   4   -589.3   -607.4   3354.1
40   5   -297.0   -259.3   3582.7
40   6   -76.5   -275.5   3514.2
40   7   -303.3   -230.5   3407.2
40   8   -427.6   -469.4   3538.5
40   9   -429.6   -640.4   3509.1
40   10   -510.8   -679.9   3480.3
40   11   -499.0   -1044.1   3417.1
40   12   -468.7   -1367.7   3427.7
40   13   -345.4   -683.9   3508.6
40   14   -359.4   -1046.6   3437.3
40   15   -364.3   -1371.7   3432.9
40   16   -609.4   -577.4   3376.8
40   17   -265.5   -238.0   3425.0
40   18   -430.3   -191.9   3571.8
41   0   -423.2   -93.1   3606.5
41   1   -429.6   -261.1   3560.7
41   2   -560.3   -257.2   3533.1
41   3   -709.0   -429.2   3490.3
41   4   -585.2   -603.4   3351.4
41   5   -297.0   -259.2   3576.5
41   6   -77.8   -271.4   3503.8
41   7   -307.9   -232.0   3402.6
41   8   -427.6   -469.9   3539.8
41   9   -429.6   -640.9   3508.9
41   10   -511.2   -679.6   3480.3
41   11   -499.0   -1044.0   3417.0
41   12   -468.6   -1367.5   3427.4
41   13   -345.1   -683.9   3508.7
41   14   -359.3   -1046.8   3437.7
41   15   -365.7   -1371.8   3432.6
41   16   -605.8   -574.3   3374.5
41   17   -269.6   -238.6   3419.4
41   18   -430.3   -191.8   3567.7
42   0   -423.4   -94.5   3604.9
42   1   -429.6   -261.2   3558.4
42   2   -560.6   -257.6   3532.4
42   3   -708.6   -430.3   3490.6
42   4   -581.4   -599.7   3349.7
42   5   -296.9   -258.8   3571.7
42   6   -79.4   -262.9   3493.6
42   7   -313.1   -234.4   3398.0
42   8   -427.6   -470.4   3541.1
42   9   -429.7   -641.5   3508.8
42   10   -511.7   -678.9   3480.1
42   11   -498.9   -1043.7   3417.0
42   12   -468.6   -1367.2   3426.7
42   13   -345.0   -683.9   3508.7
42   14   -359.1   -1047.3   3438.4
42   15   -366.5   -1372.2   3432.1
42   16   -602.6   -571.5   3373.2
42   17   -274.2   -239.2   3413.9
42   18   -430.2   -191.7   3564.1
43   0   -423.5   -95.7   3603.2
43   1   -429.5   -261.1   3556.5
43   2   -560.8   -257.9   3531.9
43   3   -708.8   -430.8   3491.0
43   4   -579.9   -597.9   3349.5
43   5   -296.6   -258.1   3567.5
43   6   -82.8   -251.1   3480.5
43   7   -321.0   -238.5   3394.2
43   8   -427.6   -471.0   3542.4
43   9   -429.7   -642.0   3508.6
43   10   -512.2   -677.8   3479.9
43   11   -498.9   -1043.1   3417.1
43   12   -468.7   -1366.6   3426.0
43   13   -344.9   -683.9   3508.7
43   14   -359.2   -1047.7   3438.0
43   15   -359.3   -1373.0   3437.6
43   16   -601.3   -570.1   3373.1
43   17   -281.3   -240.6   3408.5
43   18   -430.2   -191.6   3561.2
44   0   -423.7   -96.5   3602.0
44   1   -429.5   -261.0   3555.6
44   2   -560.7   -258.2   3531.5
44   3   -709.1   -430.8   3491.6
44   4   -579.6   -596.4   3349.3
44   5   -296.3   -257.5   3565.8
44   6   -84.3   -245.5   3474.6
44   7   -321.2   -239.5   3384.0
44   8   -427.6   -471.6   3543.8
44   9   -429.7   -642.4   3508.5
44   10   -512.8   -676.3   3479.6
44   11   -498.8   -1042.3   3417.2
44   12   -469.0   -1365.8   3427.4
44   13   -344.9   -683.8   3508.7
44   14   -359.4   -1048.2   3437.3
44   15   -359.5   -1373.5   3436.7
44   16   -601.2   -568.8   3373.0
44   17   -281.7   -240.5   3399.1
44   18   -430.1   -191.5   3559.5
45   0   -423.8   -96.9   3601.3
45   1   -429.4   -260.9   3555.4
45   2   -560.5   -258.2   3531.4
45   3   -709.5   -430.5   3491.9
45   4   -579.6   -594.0   3347.7
45   5   -296.0   -256.8   3565.2
45   6   -85.9   -243.6   3469.6
45   7   -321.8   -240.0   3376.1
45   8   -427.6   -472.2   3544.9
45   9   -429.7   -642.9   3508.3
45   10   -513.4   -674.8   3479.3
45   11   -498.8   -1041.8   3417.2
45   12   -469.6   -1365.2   3427.8
45   13   -344.9   -683.7   3508.7
45   14   -359.6   -1048.8   3436.3
45   15   -359.8   -1374.0   3435.5
45   16   -601.3   -566.7   3371.8
45   17   -282.5   -240.6   3391.7
45   18   -430.0   -191.3   3558.9
46   0   -423.9   -97.1   3601.0
46   1   -429.3   -260.6   3555.6
46   2   -560.2   -258.3   3531.4
46   3   -709.2   -430.5   3491.6
46   4   -578.2   -582.2   3337.0
46   5   -295.5   -255.8   3565.0
46   6   -94.3   -244.7   3452.8
46   7   -330.2   -240.7   3359.9
46   8   -427.6   -472.7   3545.5
46   9   -429.7   -643.4   3508.1
46   10   -513.8   -673.2   3479.2
46   11   -498.7   -1041.2   3417.3
46   12   -469.9   -1364.6   3428.3
46   13   -344.9   -683.4   3508.7
46   14   -359.8   -1049.3   3435.2
46   15   -360.0   -1374.4   3434.4
46   16   -600.0   -556.9   3362.7
46   17   -290.9   -241.4   3375.4
46   18   -429.8   -191.1   3558.9
47   0   -424.0   -97.0   3601.2
47   1   -429.1   -260.4   3556.1
47   2   -559.8   -258.4   3531.5
47   3   -698.3   -436.6   3483.7
47   4   -570.2   -519.8   3293.7
47   5   -294.6   -254.5   3565.0
47   6   -109.4   -251.9   3429.3
47   7   -346.8   -254.8   3340.8
47   8   -427.6   -473.1   3545.6
47   9   -429.7   -643.8   3508.0
47   10   -514.0   -672.4   3479.1
47   11   -498.6   -1041.5   3417.2
47   12   -469.9   -1364.8   3428.9
47   13   -344.8   -682.9   3508.7
47   14   -359.9   -1049.7   3434.8
47   15   -359.9   -1374.8   3434.7
47   16   -591.5   -506.0   3325.4
47   17   -307.2   -254.3   3355.5
47   18   -429.6   -190.8   3559.6
48   0   -424.1   -95.7   3603.6
48   1   -429.0   -260.0   3557.8
48   2   -560.2   -258.9   3538.5
48   3   -674.7   -425.0   3439.3
48   4   -539.0   -407.4   3246.7
48   5   -294.0   -253.8   3565.1
48   6   -134.6   -288.1   3407.3
48   7   -364.3   -305.5   3303.7
48   8   -427.6   -473.2   3543.6
48   9   -429.6   -644.3   3508.0
48   10   -513.9   -672.1   3479.2
48   11   -498.4   -1041.6   3416.8
48   12   -470.1   -1364.8   3429.6
48   13   -344.7   -682.4   3508.7
48   14   -359.9   -1049.6   3434.5
48   15   -359.9   -1374.1   3434.6
48   16   -561.6   -410.3   3278.8
48   17   -326.0   -302.6   3320.9
48   18   -429.4   -190.6   3562.4
49   0   -424.3   -95.9   3607.9
49   1   -428.8   -259.6   3558.7
49   2   -558.5   -259.7   3536.1
49   3   -603.1   -449.1   3435.3
49   4   -542.6   -322.0   3262.0
49   5   -294.0   -253.4   3557.6
49   6   -193.1   -351.1   3389.9
49   7   -405.4   -372.0   3256.7
49   8   -427.6   -472.8   3538.6
49   9   -429.6   -644.7   3508.1
49   10   -513.7   -672.0   3479.2
49   11   -497.7   -1041.2   3416.4
49   12   -471.2   -1364.5   3430.1
49   13   -344.5   -681.8   3508.7
49   14   -359.9   -1048.8   3434.3
49   15   -359.8   -1372.7   3434.2
49   16   -552.8   -343.1   3290.9
49   17   -370.0   -368.5   3278.9
49   18   -429.2   -190.3   3565.3
50   0   -424.4   -95.2   3610.7
50   1   -428.7   -259.1   3558.3
50   2   -557.5   -260.3   3537.6
50   3   -561.7   -458.1   3432.3
50   4   -528.7   -491.1   3267.5
50   5   -303.7   -250.5   3523.5
50   6   -280.2   -398.2   3368.4
50   7   -483.3   -419.6   3219.9
50   8   -427.6   -472.1   3531.7
50   9   -429.5   -644.6   3508.5
50   10   -513.3   -672.1   3479.2
50   11   -496.9   -1040.1   3415.8
50   12   -472.7   -1363.6   3430.1
50   13   -344.3   -681.0   3508.7
50   14   -359.1   -1047.1   3434.5
50   15   -358.4   -1370.4   3434.8
50   16   -534.3   -485.6   3294.9
50   17   -449.5   -416.0   3244.7
50   18   -429.0   -190.0   3566.9
51   0   -424.5   -92.5   3606.6
51   1   -428.5   -258.6   3557.1
51   2   -551.5   -260.1   3523.5
51   3   -534.0   -463.3   3415.5
51   4   -536.6   -575.6   3239.4
51   5   -304.8   -248.6   3513.9
51   6   -347.3   -409.3   3361.6
51   7   -546.4   -465.4   3219.9
51   8   -427.6   -470.4   3525.1
51   9   -429.4   -643.1   3508.6
51   10   -511.9   -670.5   3479.4
51   11   -496.1   -1037.5   3415.8
51   12   -474.9   -1361.2   3429.3
51   13   -344.7   -677.7   3508.7
51   14   -357.4   -1043.1   3435.6
51   15   -356.2   -1364.6   3436.5
51   16   -536.1   -556.9   3268.8
51   17   -513.2   -456.1   3243.5
51   18   -428.9   -189.8   3567.5
52   0   -424.4   -87.3   3593.8
52   1   -428.5   -256.3   3556.0
52   2   -550.3   -255.8   3519.5
52   3   -520.9   -455.3   3400.9
52   4   -573.6   -626.8   3254.4
52   5   -306.8   -236.7   3501.5
52   6   -385.5   -405.1   3358.4
52   7   -589.7   -491.2   3243.4
52   8   -427.5   -465.8   3520.6
52   9   -429.3   -638.0   3508.6
52   10   -509.7   -664.7   3479.9
52   11   -495.2   -1031.7   3416.3
52   12   -477.6   -1355.5   3427.8
52   13   -345.6   -669.3   3508.7
52   14   -355.1   -1035.0   3437.3
52   15   -363.5   -1362.0   3433.2
52   16   -564.8   -598.2   3278.8
52   17   -555.7   -476.9   3262.6
52   18   -428.8   -187.7   3567.6
53   0   -424.4   -83.3   3576.2
53   1   -428.4   -253.1   3555.1
53   2   -540.7   -255.1   3505.2
53   3   -516.6   -458.1   3389.7
53   4   -603.9   -668.1   3300.7
53   5   -312.0   -213.9   3485.0
53   6   -397.4   -398.8   3362.8
53   7   -607.4   -498.7   3267.0
53   8   -427.5   -459.7   3517.9
53   9   -429.0   -631.2   3508.6
53   10   -506.8   -659.1   3480.5
53   11   -494.3   -1025.8   3417.3
53   12   -478.9   -1349.8   3425.8
53   13   -348.1   -663.2   3508.8
53   14   -352.4   -1028.8   3438.9
53   15   -362.5   -1354.4   3434.4
53   16   -589.4   -633.1   3315.5
53   17   -572.4   -482.1   3283.0
53   18   -428.7   -184.6   3567.4
54   0   -424.3   -80.2   3564.6
54   1   -428.3   -250.0   3554.3
54   2   -530.7   -254.2   3491.8
54   3   -516.4   -463.2   3387.5
54   4   -615.3   -683.5   3302.9
54   5   -316.5   -202.0   3474.7
54   6   -396.1   -396.0   3363.4
54   7   -610.9   -495.1   3274.2
54   8   -427.2   -453.7   3516.3
54   9   -428.3   -624.7   3508.5
54   10   -504.6   -652.9   3480.6
54   11   -493.6   -1019.6   3418.8
54   12   -479.0   -1343.7   3423.0
54   13   -349.9   -658.0   3508.8
54   14   -350.2   -1023.6   3440.1
54   15   -362.4   -1348.3   3434.6
54   16   -598.8   -646.7   3317.0
54   17   -575.1   -478.6   3289.0
54   18   -428.7   -181.7   3567.1
55   0   -424.2   -77.2   3562.2
55   1   -428.2   -247.1   3554.0
55   2   -531.4   -250.0   3491.4
55   3   -518.1   -461.1   3392.9
55   4   -613.4   -677.6   3291.4
55   5   -321.2   -196.9   3468.7
55   6   -392.6   -394.9   3362.2
55   7   -607.5   -490.4   3268.6
55   8   -426.8   -449.0   3516.2
55   9   -427.3   -619.8   3508.5
55   10   -501.8   -653.8   3481.0
55   11   -493.4   -1020.6   3419.6
55   12   -477.9   -1344.6   3420.3
55   13   -349.5   -656.8   3508.8
55   14   -349.4   -1022.4   3440.3
55   15   -362.3   -1346.6   3434.6
55   16   -597.5   -641.5   3308.3
55   17   -571.7   -474.5   3284.2
55   18   -428.7   -178.8   3566.8
56   0   -424.2   -76.5   3568.6
56   1   -428.0   -246.1   3553.9
56   2   -541.8   -245.5   3504.5
56   3   -520.4   -454.5   3405.3
56   4   -602.4   -664.6   3284.7
56   5   -322.7   -197.0   3465.8
56   6   -389.5   -395.5   3361.4
56   7   -601.6   -485.2   3257.0
56   8   -426.2   -447.4   3516.8
56   9   -426.3   -618.4   3508.6
56   10   -501.4   -656.7   3481.0
56   11   -493.8   -1023.2   3419.9
56   12   -480.7   -1347.3   3416.3
56   13   -347.4   -658.6   3508.7
56   14   -349.4   -1023.8   3439.4
56   15   -362.3   -1347.9   3434.8
56   16   -588.7   -629.6   3304.8
56   17   -566.3   -470.2   3274.4
56   18   -428.6   -177.8   3566.4
57   0   -424.4   -78.7   3579.6
57   1   -427.8   -246.0   3554.1
57   2   -539.8   -247.5   3502.2
57   3   -523.6   -458.4   3407.8
57   4   -597.6   -668.1   3282.8
57   5   -324.8   -206.5   3466.3
57   6   -386.0   -402.7   3357.6
57   7   -600.2   -477.0   3246.5
57   8   -425.7   -447.9   3518.2
57   9   -425.5   -619.8   3508.7
57   10   -502.6   -662.9   3480.7
57   11   -494.6   -1028.8   3419.6
57   12   -481.7   -1352.8   3414.7
57   13   -343.7   -663.3   3508.5
57   14   -350.0   -1027.5   3437.9
57   15   -362.1   -1351.5   3434.3
57   16   -585.2   -633.1   3303.6
57   17   -564.5   -464.6   3265.0
57   18   -428.6   -177.6   3566.2
58   0   -424.6   -83.7   3591.0
58   1   -427.7   -248.2   3554.4
58   2   -541.2   -243.9   3499.3
58   3   -525.8   -456.0   3408.5
58   4   -588.6   -673.9   3294.7
58   5   -327.9   -221.4   3469.0
58   6   -373.4   -414.3   3350.0
58   7   -598.1   -452.4   3246.1
58   8   -425.3   -452.0   3519.9
58   9   -425.1   -624.6   3508.9
58   10   -505.5   -668.5   3480.0
58   11   -495.4   -1033.2   3419.0
58   12   -481.7   -1357.2   3414.6
58   13   -340.2   -669.6   3508.2
58   14   -350.9   -1032.3   3436.2
58   15   -361.8   -1356.3   3432.9
58   16   -578.1   -637.6   3313.7
58   17   -560.7   -446.0   3263.4
58   18   -428.5   -179.7   3566.0
59   0   -424.9   -90.1   3604.0
59   1   -427.7   -251.2   3554.9
59   2   -542.3   -238.1   3494.9
59   3   -526.6   -451.5   3408.0
59   4   -578.4   -683.1   3317.1
59   5   -330.4   -233.2   3471.5
59   6   -357.7   -423.4   3344.2
59   7   -589.5   -424.6   3244.2
59   8   -425.1   -457.2   3521.5
59   9   -424.9   -630.2   3508.9
59   10   -508.4   -672.2   3479.4
59   11   -495.7   -1034.8   3418.8
59   12   -481.4   -1358.6   3414.6
59   13   -338.9   -677.1   3508.0
59   14   -351.5   -1037.5   3435.1
59   15   -361.3   -1361.4   3431.6
59   16   -569.7   -644.5   3332.2
59   17   -550.8   -424.4   3260.9
59   18   -428.5   -182.6   3566.0
60   0   -425.1   -97.0   3616.2
60   1   -427.6   -253.6   3555.9
60   2   -543.2   -235.2   3495.0
60   3   -527.2   -448.3   3407.7
60   4   -573.7   -692.8   3345.6
60   5   -325.8   -242.4   3483.7
60   6   -342.9   -423.1   3341.9
60   7   -576.2   -400.1   3236.5
60   8   -425.0   -461.1   3522.5
60   9   -424.8   -634.1   3508.7
60   10   -510.1   -671.2   3479.1
60   11   -495.9   -1032.6   3419.0
60   12   -481.1   -1356.3   3414.7
60   13   -337.1   -676.7   3507.7
60   14   -351.5   -1035.8   3435.4
60   15   -360.6   -1359.8   3430.7
60   16   -565.9   -652.1   3356.0
60   17   -537.3   -404.0   3254.1
60   18   -428.5   -185.1   3567.0
61   0   -425.3   -101.3   3625.1
61   1   -427.5   -255.1   3558.7
61   2   -553.0   -241.3   3532.2
61   3   -529.5   -434.6   3413.4
61   4   -569.7   -687.1   3364.6
61   5   -312.8   -253.2   3534.2
61   6   -329.5   -401.9   3362.3
61   7   -537.3   -385.5   3213.4
61   8   -424.7   -463.1   3523.9
61   9   -424.8   -635.5   3508.4
61   10   -511.1   -668.3   3479.0
61   11   -495.8   -1028.9   3419.0
61   12   -480.7   -1352.6   3414.9
61   13   -337.5   -676.8   3507.4
61   14   -351.6   -1035.3   3435.6
61   15   -360.5   -1359.2   3430.2
61   16   -563.0   -645.0   3372.8
61   17   -502.7   -388.2   3238.2
61   18   -428.5   -186.6   3570.1
62   0   -425.3   -101.7   3629.3
62   1   -427.5   -255.9   3562.8
62   2   -552.3   -240.4   3527.7
62   3   -535.0   -438.2   3412.2
62   4   -569.4   -696.0   3371.7
62   5   -305.4   -256.5   3556.0
62   6   -308.3   -382.9   3364.6
62   7   -508.5   -356.2   3198.9
62   8   -424.5   -463.7   3526.8
62   9   -424.8   -635.3   3508.2
62   10   -511.0   -667.3   3479.1
62   11   -495.7   -1028.7   3418.2
62   12   -480.4   -1352.4   3415.6
62   13   -338.7   -677.7   3507.1
62   14   -351.6   -1037.2   3435.6
62   15   -360.6   -1361.1   3430.3
62   16   -563.6   -653.0   3378.5
62   17   -475.1   -360.6   3226.6
62   18   -428.4   -187.5   3574.7
63   0   -425.8   -98.2   3626.0
63   1   -427.5   -256.5   3566.0
63   2   -551.7   -243.5   3528.6
63   3   -543.5   -443.4   3411.7
63   4   -567.6   -703.3   3373.1
63   5   -301.8   -257.0   3574.8
63   6   -254.5   -326.4   3367.5
63   7   -444.9   -311.9   3187.0
63   8   -424.6   -464.2   3532.8
63   9   -424.8   -634.7   3507.9
63   10   -510.7   -666.9   3479.2
63   11   -495.3   -1028.8   3416.8
63   12   -479.8   -1352.4   3416.5
63   13   -339.0   -677.1   3507.3
63   14   -351.7   -1037.4   3435.7
63   15   -360.8   -1361.2   3430.2
63   16   -563.6   -660.0   3379.5
63   17   -413.2   -314.3   3217.1
63   18   -428.4   -188.0   3577.0
64   0   -427.6   -93.4   3616.3
64   1   -427.8   -257.1   3568.0
64   2   -550.7   -244.5   3526.8
64   3   -557.1   -449.8   3419.1
64   4   -562.6   -707.0   3369.0
64   5   -302.0   -258.3   3582.8
64   6   -204.4   -251.8   3386.3
64   7   -364.4   -255.7   3181.0
64   8   -425.1   -464.4   3539.3
64   9   -424.8   -633.6   3507.8
64   10   -510.2   -667.3   3479.4
64   11   -495.0   -1028.8   3415.0
64   12   -479.2   -1352.3   3417.4
64   13   -339.2   -676.7   3507.7
64   14   -351.8   -1036.9   3435.8
64   15   -361.0   -1360.6   3430.2
64   16   -561.7   -664.2   3377.4
64   17   -337.8   -255.0   3215.2
64   18   -428.7   -188.3   3577.5
65   0   -431.1   -89.5   3603.3
65   1   -428.2   -257.3   3568.6
65   2   -548.9   -246.8   3524.1
65   3   -567.3   -456.4   3426.3
65   4   -557.1   -711.4   3368.2
65   5   -302.2   -256.3   3588.0
65   6   -162.0   -194.8   3424.0
65   7   -252.3   -129.7   3204.6
65   8   -425.8   -464.1   3545.1
65   9   -424.8   -632.3   3507.9
65   10   -509.5   -668.2   3479.4
65   11   -494.8   -1028.7   3412.7
65   12   -478.3   -1352.1   3418.6
65   13   -339.4   -676.6   3508.5
65   14   -351.9   -1036.2   3436.1
65   15   -361.4   -1359.9   3430.3
65   16   -558.9   -668.9   3377.8
65   17   -237.3   -140.6   3241.1
65   18   -429.1   -188.4   3576.4
66   0   -435.3   -87.3   3590.4
66   1   -428.8   -257.1   3566.2
66   2   -547.5   -247.0   3518.0
66   3   -577.7   -460.9   3433.9
66   4   -581.1   -702.0   3341.6
66   5   -301.7   -250.4   3590.5
66   6   -136.9   -132.3   3502.4
66   7   -147.6   -6.2   3296.9
66   8   -426.6   -463.4   3548.3
66   9   -424.8   -631.2   3508.0
66   10   -508.8   -669.2   3479.4
66   11   -494.7   -1029.3   3410.8
66   12   -477.8   -1352.5   3419.6
66   13   -339.8   -676.9   3509.6
66   14   -352.0   -1036.2   3436.7
66   15   -362.8   -1359.7   3430.2
66   16   -580.5   -661.8   3357.0
66   17   -145.7   -27.2   3331.2
66   18   -429.5   -188.0   3572.2
67   0   -439.3   -85.5   3579.8
67   1   -429.3   -255.3   3560.6
67   2   -545.8   -245.3   3507.7
67   3   -583.1   -464.5   3443.7
67   4   -628.5   -683.0   3322.8
67   5   -300.9   -239.5   3590.9
67   6   -140.3   -79.8   3565.5
67   7   -92.8   89.3   3388.8
67   8   -427.5   -461.4   3549.6
67   9   -424.8   -629.3   3508.5
67   10   -508.0   -670.2   3479.2
67   11   -494.9   -1028.8   3408.3
67   12   -477.4   -1351.8   3420.7
67   13   -340.2   -677.1   3511.1
67   14   -352.1   -1035.5   3438.9
67   15   -365.6   -1358.8   3429.7
67   16   -620.9   -646.6   3342.9
67   17   -100.6   61.2   3418.2
67   18   -429.9   -186.1   3564.3
68   0   -441.4   -83.3   3570.2
68   1   -429.9   -251.7   3552.9
68   2   -545.7   -243.6   3500.4
68   3   -584.3   -466.5   3452.1
68   4   -647.2   -679.6   3325.3
68   5   -302.1   -229.2   3589.9
68   6   -158.0   -47.1   3617.0
68   7   -68.4   155.8   3493.3
68   8   -428.4   -458.0   3549.8
68   9   -424.9   -626.7   3509.1
68   10   -507.6   -670.1   3478.7
68   11   -495.1   -1028.5   3406.7
68   12   -477.2   -1351.3   3421.2
68   13   -340.5   -677.1   3511.8
68   14   -352.4   -1035.8   3441.1
68   15   -370.8   -1358.7   3429.7
68   16   -636.7   -644.1   3346.4
68   17   -83.2   122.0   3513.9
68   18   -430.4   -182.4   3553.9
69   0   -442.4   -80.5   3563.4
69   1   -430.4   -247.6   3544.5
69   2   -545.8   -242.3   3494.8
69   3   -582.8   -467.1   3454.2
69   4   -672.1   -672.3   3330.3
69   5   -303.9   -218.3   3588.5
69   6   -169.4   -32.8   3651.1
69   7   -71.2   179.1   3534.1
69   8   -429.2   -454.2   3547.5
69   9   -424.9   -624.8   3509.4
69   10   -507.4   -668.8   3477.7
69   11   -495.5   -1025.3   3407.9
69   12   -478.1   -1348.2   3419.7
69   13   -340.8   -676.8   3512.1
69   14   -352.8   -1033.4   3443.1
69   15   -370.3   -1356.3   3430.5
69   16   -657.2   -638.1   3351.0
69   17   -87.6   143.8   3553.6
69   18   -430.8   -178.2   3543.5
70   0   -442.5   -78.3   3561.1
70   1   -430.9   -243.5   3536.6
70   2   -545.3   -240.8   3489.3
70   3   -578.0   -466.3   3449.8
70   4   -706.7   -654.1   3337.8
70   5   -307.4   -211.0   3588.3
70   6   -177.3   -27.7   3666.6
70   7   -78.5   193.8   3568.3
70   8   -430.0   -450.5   3542.4
70   9   -424.9   -622.0   3509.5
70   10   -506.9   -665.9   3476.2
70   11   -495.7   -1019.7   3409.2
70   12   -478.9   -1342.7   3417.7
70   13   -341.6   -675.6   3512.2
70   14   -353.3   -1029.4   3444.9
70   15   -369.3   -1352.2   3431.9
70   16   -685.3   -622.8   3356.4
70   17   -95.0   156.8   3584.7
70   18   -431.2   -174.2   3534.7
71   0   -442.3   -77.6   3562.3
71   1   -431.5   -240.6   3530.7
71   2   -545.6   -240.3   3483.2
71   3   -560.3   -464.8   3434.7
71   4   -727.5   -636.6   3359.0
71   5   -310.6   -208.5   3590.7
71   6   -182.3   -27.5   3672.1
71   7   -82.5   197.2   3587.3
71   8   -430.9   -447.8   3536.3
71   9   -424.8   -621.1   3509.0
71   10   -505.9   -661.9   3474.5
71   11   -495.7   -1016.3   3408.5
71   12   -479.4   -1339.2   3415.9
71   13   -343.1   -673.5   3512.2
71   14   -353.8   -1027.8   3445.9
71   15   -370.4   -1350.6   3434.0
71   16   -699.7   -608.0   3371.6
71   17   -99.2   159.7   3601.4
71   18   -431.7   -171.3   3528.8
72   0   -441.9   -79.2   3565.8
72   1   -432.1   -238.9   3527.4
72   2   -546.9   -240.6   3479.7
72   3   -538.5   -461.2   3417.8
72   4   -729.8   -621.1   3378.4
72   5   -313.9   -207.4   3596.6
72   6   -182.1   -28.3   3668.6
72   7   -77.9   197.0   3598.9
72   8   -431.7   -446.2   3531.4
72   9   -424.6   -621.0   3508.4
72   10   -504.1   -658.4   3472.7
72   11   -495.6   -1013.8   3406.2
72   12   -479.7   -1336.7   3414.2
72   13   -344.7   -670.6   3512.2
72   14   -353.8   -1026.3   3447.0
72   15   -372.5   -1348.9   3434.5
72   16   -697.9   -594.5   3385.0
72   17   -95.3   159.5   3610.5
72   18   -432.2   -169.6   3526.1
73   0   -441.4   -81.6   3570.0
73   1   -432.7   -237.9   3526.3
73   2   -547.3   -240.6   3478.3
73   3   -613.3   -442.3   3439.6
73   4   -669.5   -630.6   3364.9
73   5   -319.2   -205.7   3604.3
73   6   -177.7   -31.5   3660.8
73   7   -68.5   192.0   3600.1
73   8   -432.5   -445.4   3529.2
73   9   -424.5   -621.2   3508.0
73   10   -502.4   -656.8   3471.0
73   11   -495.5   -1013.9   3404.4
73   12   -479.7   -1336.8   3412.9
73   13   -346.1   -669.3   3512.4
73   14   -354.0   -1026.9   3447.9
73   15   -375.1   -1349.2   3434.9
73   16   -660.4   -599.1   3377.3
73   17   -86.7   154.8   3610.2
73   18   -432.8   -168.7   3525.3
74   0   -441.2   -83.2   3572.4
74   1   -433.4   -237.5   3526.3
74   2   -547.7   -240.6   3478.5
74   3   -659.8   -429.1   3456.1
74   4   -634.9   -630.8   3358.5
74   5   -322.5   -210.8   3605.5
74   6   -176.1   -38.5   3650.5
74   7   -79.7   185.3   3579.1
74   8   -433.4   -445.2   3528.8
74   9   -424.5   -621.4   3507.7
74   10   -501.6   -656.2   3470.4
74   11   -495.5   -1012.1   3404.6
74   12   -479.8   -1334.9   3412.1
74   13   -347.1   -668.9   3512.9
74   14   -354.3   -1025.2   3449.5
74   15   -378.9   -1347.3   3435.4
74   16   -639.2   -597.1   3374.8
74   17   -95.8   148.0   3591.0
74   18   -433.4   -168.2   3525.4
75   0   -441.0   -84.0   3573.2
75   1   -434.1   -237.4   3526.7
75   2   -547.8   -240.6   3478.9
75   3   -684.2   -421.3   3464.5
75   4   -616.8   -629.4   3356.9
75   5   -323.4   -209.6   3606.4
75   6   -171.3   -40.3   3640.8
75   7   -64.5   173.6   3559.1
75   8   -434.3   -445.3   3529.2
75   9   -424.7   -621.7   3507.6
75   10   -501.1   -656.4   3470.2
75   11   -495.6   -1009.7   3405.3
75   12   -480.1   -1332.5   3411.3
75   13   -348.0   -669.0   3513.4
75   14   -354.6   -1022.8   3451.1
75   15   -379.6   -1344.7   3436.2
75   16   -628.1   -594.7   3374.9
75   17   -82.3   138.0   3572.7
75   18   -434.0   -168.1   3525.8
76   0   -440.9   -84.2   3573.2
76   1   -434.6   -237.3   3527.2
76   2   -547.9   -240.6   3479.3
76   3   -696.1   -416.6   3468.4
76   4   -607.8   -626.5   3357.6
76   5   -323.9   -211.9   3605.1
76   6   -170.5   -42.4   3631.1
76   7   -51.9   167.3   3556.5
76   8   -435.1   -445.7   3530.0
76   9   -425.0   -622.0   3507.5
76   10   -500.9   -656.5   3470.1
76   11   -495.6   -1007.0   3406.1
76   12   -480.4   -1329.8   3410.6
76   13   -348.7   -668.8   3514.0
76   14   -355.0   -1019.9   3452.9
76   15   -379.4   -1341.6   3436.0
76   16   -622.5   -591.5   3376.0
76   17   -71.7   132.4   3569.0
76   18   -434.5   -168.1   3526.3
77   0   -440.9   -84.2   3572.8
77   1   -435.2   -237.3   3527.6
77   2   -548.0   -240.6   3479.6
77   3   -700.8   -414.1   3470.0
77   4   -601.3   -622.7   3359.4
77   5   -323.3   -209.5   3604.7
77   6   -167.0   -41.4   3618.2
77   7   -42.3   168.5   3555.9
77   8   -435.9   -446.0   3530.5
77   9   -425.4   -622.3   3507.5
77   10   -500.9   -656.6   3470.0
77   11   -495.7   -1004.5   3406.7
77   12   -481.0   -1327.2   3410.6
77   13   -349.0   -668.1   3514.2
77   14   -355.4   -1016.7   3454.9
77   15   -378.3   -1338.4   3435.1
77   16   -617.9   -587.9   3377.9
77   17   -63.1   133.5   3566.3
77   18   -434.9   -168.1   3526.7
78   0   -440.9   -83.9   3572.3
78   1   -435.7   -237.3   3528.0
78   2   -548.1   -240.6   3479.8
78   3   -702.1   -413.0   3470.8
78   4   -595.9   -618.8   3361.4
78   5   -323.9   -211.8   3603.7
78   6   -166.7   -44.0   3609.5
78   7   -40.0   166.0   3551.1
78   8   -436.8   -446.4   3530.9
78   9   -425.9   -622.5   3507.4
78   10   -501.0   -656.6   3470.0
78   11   -495.7   -1002.4   3407.1
78   12   -481.8   -1325.1   3410.5
78   13   -349.1   -667.1   3514.2
78   14   -355.9   -1013.7   3456.3
78   15   -376.7   -1335.2   3433.5
78   16   -613.6   -584.5   3379.6
78   17   -61.1   131.0   3560.8
78   18   -435.3   -168.1   3527.0
79   0   -440.8   -83.6   3571.9
79   1   -436.2   -237.3   3528.3
79   2   -548.5   -240.8   3479.9
79   3   -702.8   -412.3   3472.2
79   4   -592.9   -614.6   3362.7
79   5   -324.9   -215.8   3602.5
79   6   -166.6   -49.0   3601.3
79   7   -42.4   160.1   3535.5
79   8   -437.7   -446.7   3531.1
79   9   -426.3   -622.7   3507.4
79   10   -501.2   -656.7   3469.9
79   11   -495.8   -1000.7   3407.5
79   12   -482.2   -1323.3   3410.3
79   13   -349.4   -666.6   3514.1
79   14   -356.3   -1011.5   3457.3
79   15   -374.4   -1332.9   3431.6
79   16   -611.2   -580.9   3380.9
79   17   -63.1   125.3   3546.5
79   18   -435.8   -168.1   3527.4
80   0   -440.8   -83.2   3571.6
80   1   -436.8   -237.3   3528.6
80   2   -548.9   -240.9   3479.9
80   3   -702.8   -412.3   3473.8
80   4   -586.4   -607.6   3361.1
80   5   -325.4   -220.5   3600.5
80   6   -164.2   -56.7   3592.6
80   7   -48.4   152.1   3513.6
80   8   -438.7   -446.9   3531.2
80   9   -426.9   -622.9   3507.4
80   10   -501.5   -656.8   3469.9
80   11   -495.8   -999.4   3407.7
80   12   -482.4   -1322.1   3410.1
80   13   -350.0   -666.4   3513.9
80   14   -356.8   -1010.0   3458.0
80   15   -373.4   -1331.3   3430.3
80   16   -605.8   -575.0   3379.9
80   17   -67.7   117.3   3526.8
80   18   -436.1   -168.2   3527.8
81   0   -440.8   -82.8   3571.5
81   1   -437.2   -237.3   3529.1
81   2   -549.3   -241.2   3480.4
81   3   -702.0   -413.1   3473.9
81   4   -583.7   -593.3   3344.0
81   5   -324.6   -224.7   3596.9
81   6   -157.2   -69.2   3575.3
81   7   -56.8   142.8   3486.6
81   8   -439.8   -447.1   3531.3
81   9   -427.5   -623.1   3507.4
81   10   -501.9   -657.1   3469.9
81   11   -495.9   -998.6   3407.9
81   12   -481.7   -1321.2   3409.8
81   13   -350.6   -666.3   3513.6
81   14   -356.9   -1009.1   3458.7
81   15   -373.8   -1330.2   3430.0
81   16   -603.4   -563.3   3365.7
81   17   -73.5   107.5   3501.4
81   18   -436.3   -168.2   3528.3
82   0   -440.8   -81.9   3571.7
82   1   -437.5   -237.3   3530.6
82   2   -550.0   -241.4   3483.6
82   3   -697.5   -417.1   3471.0
82   4   -580.8   -574.8   3315.1
82   5   -322.5   -228.4   3592.3
82   6   -146.8   -87.8   3551.1
82   7   -66.4   127.9   3450.7
82   8   -440.6   -447.3   3531.3
82   9   -428.1   -623.3   3507.3
82   10   -502.3   -657.6   3469.9
82   11   -495.9   -998.2   3408.0
82   12   -480.9   -1320.7   3409.4
82   13   -351.3   -666.5   3513.4
82   14   -357.0   -1008.5   3459.2
82   15   -374.8   -1329.5   3430.4
82   16   -600.3   -548.5   3341.1
82   17   -79.8   91.9   3467.4
82   18   -436.4   -168.2   3530.4
83   0   -440.8   -80.6   3572.2
83   1   -437.7   -237.3   3533.4
83   2   -550.9   -241.7   3489.2
83   3   -677.7   -429.2   3460.1
83   4   -571.8   -542.0   3267.2
83   5   -320.1   -234.5   3583.6
83   6   -136.0   -115.7   3519.9
83   7   -80.1   93.5   3394.2
83   8   -441.4   -447.3   3531.2
83   9   -428.8   -623.3   3507.5
83   10   -503.0   -658.6   3469.7
83   11   -496.0   -998.6   3408.1
83   12   -481.0   -1320.9   3409.3
83   13   -351.5   -667.2   3513.3
83   14   -357.1   -1008.3   3458.6
83   15   -376.8   -1329.2   3430.8
83   16   -589.4   -523.2   3299.3
83   17   -89.4   58.6   3415.1
83   18   -436.5   -168.2   3534.1
84   0   -440.7   -80.0   3574.5
84   1   -437.8   -237.5   3537.0
84   2   -551.2   -241.7   3493.3
84   3   -652.8   -434.6   3431.7
84   4   -552.6   -478.3   3212.8
84   5   -318.6   -240.0   3577.2
84   6   -129.2   -161.2   3482.4
84   7   -164.1   26.5   3339.1
84   8   -441.4   -447.2   3531.3
84   9   -429.5   -623.4   3507.9
84   10   -504.1   -660.1   3469.2
84   11   -496.2   -999.5   3408.0
84   12   -482.1   -1321.8   3409.3
84   13   -350.7   -668.4   3513.1
84   14   -357.3   -1008.4   3455.6
84   15   -379.0   -1329.5   3432.2
84   16   -569.2   -471.1   3249.3
84   17   -158.3   -4.7   3363.0
84   18   -436.6   -168.4   3538.9
85   0   -440.6   -82.3   3579.2
85   1   -437.5   -239.6   3541.0
85   2   -550.9   -243.3   3494.6
85   3   -629.4   -433.3   3399.0
85   4   -524.1   -385.6   3187.7
85   5   -318.0   -246.5   3575.6
85   6   -138.3   -213.9   3444.7
85   7   -265.2   -62.0   3316.6
85   8   -440.2   -448.9   3531.4
85   9   -429.9   -625.0   3508.3
85   10   -505.2   -661.8   3468.6
85   11   -496.4   -1000.9   3408.6
85   12   -483.5   -1323.2   3409.2
85   13   -349.4   -669.7   3512.7
85   14   -357.2   -1009.3   3455.2
85   15   -381.8   -1330.1   3432.6
85   16   -541.7   -393.5   3222.9
85   17   -244.1   -87.3   3337.9
85   18   -436.6   -170.6   3544.1
86   0   -440.4   -84.6   3581.4
86   1   -436.9   -242.8   3543.5
86   2   -548.8   -246.4   3490.5
86   3   -608.4   -430.7   3369.4
86   4   -492.0   -304.3   3200.0
86   5   -317.4   -253.4   3572.5
86   6   -158.3   -266.5   3412.8
86   7   -340.4   -130.8   3321.7
86   8   -437.9   -452.0   3531.6
86   9   -430.2   -627.7   3508.6
86   10   -506.2   -664.4   3468.1
86   11   -496.5   -1003.3   3408.9
86   12   -486.3   -1325.6   3409.2
86   13   -347.7   -671.5   3511.8
86   14   -357.0   -1010.7   3454.3
86   15   -383.6   -1331.5   3434.0
86   16   -511.3   -325.2   3228.2
86   17   -310.1   -153.5   3336.9
86   18   -436.6   -173.8   3547.4
87   0   -440.3   -87.2   3582.4
87   1   -436.2   -246.4   3544.7
87   2   -546.9   -248.3   3484.4
87   3   -589.1   -432.3   3353.0
87   4   -460.6   -259.0   3230.9
87   5   -316.8   -259.4   3569.3
87   6   -188.6   -330.1   3397.8
87   7   -394.4   -198.3   3333.5
87   8   -434.9   -456.0   3531.3
87   9   -430.3   -631.3   3508.3
87   10   -506.5   -668.6   3467.9
87   11   -496.5   -1010.8   3408.3
87   12   -486.1   -1333.0   3409.4
87   13   -346.6   -673.7   3510.1
87   14   -357.2   -1016.2   3452.3
87   15   -386.5   -1336.8   3435.0
87   16   -481.9   -287.8   3251.3
87   17   -360.2   -220.3   3344.2
87   18   -436.6   -177.5   3549.1
88   0   -440.2   -91.5   3583.9
88   1   -435.6   -250.1   3543.8
88   2   -546.5   -250.0   3480.6
88   3   -578.3   -435.3   3347.0
88   4   -436.0   -242.2   3264.4
88   5   -315.4   -263.0   3566.8
88   6   -221.4   -386.4   3401.4
88   7   -421.2   -246.0   3329.5
88   8   -432.4   -460.0   3525.4
88   9   -430.3   -635.1   3505.1
88   10   -506.4   -675.0   3467.9
88   11   -496.4   -1020.7   3407.8
88   12   -482.8   -1342.8   3409.9
88   13   -346.6   -677.0   3506.6
88   14   -357.8   -1023.0   3448.0
88   15   -388.0   -1343.7   3436.9
88   16   -459.7   -274.4   3278.2
88   17   -387.9   -269.4   3341.5
88   18   -436.7   -181.3   3549.9
89   0   -440.0   -96.1   3586.3
89   1   -435.2   -253.3   3541.8
89   2   -547.0   -251.5   3478.6
89   3   -570.5   -440.1   3348.3
89   4   -421.6   -240.0   3287.9
89   5   -313.7   -265.3   3562.6
89   6   -245.9   -427.8   3415.1
89   7   -422.0   -278.1   3316.0
89   8   -430.7   -463.3   3516.5
89   9   -430.3   -638.3   3499.1
89   10   -506.9   -680.4   3467.4
89   11   -496.4   -1029.2   3408.3
89   12   -476.6   -1350.8   3410.7
89   13   -347.7   -681.5   3499.9
89   14   -358.4   -1030.5   3442.6
89   15   -388.3   -1351.4   3439.5
89   16   -446.5   -273.4   3297.9
89   17   -392.7   -303.1   3332.5
89   18   -436.7   -184.7   3550.1
90   0   -439.5   -100.2   3590.4
90   1   -434.9   -255.4   3540.1
90   2   -549.8   -254.1   3483.1
90   3   -567.8   -445.5   3356.7
90   4   -415.8   -244.6   3307.7
90   5   -312.3   -266.5   3557.7
90   6   -256.7   -451.4   3428.5
90   7   -412.4   -302.0   3301.5
90   8   -429.5   -465.7   3509.3
90   9   -430.2   -640.4   3492.6
90   10   -508.2   -683.2   3466.6
90   11   -496.4   -1034.2   3409.6
90   12   -469.0   -1355.2   3411.8
90   13   -348.0   -683.5   3491.3
90   14   -358.6   -1035.0   3436.7
90   15   -385.8   -1355.9   3442.6
90   16   -441.1   -278.1   3315.9
90   17   -386.5   -326.9   3322.6
90   18   -436.7   -187.1   3550.1
91   0   -438.5   -103.4   3595.8
91   1   -434.7   -256.7   3539.1
91   2   -554.5   -257.4   3495.0
91   3   -567.6   -446.9   3365.9
91   4   -410.4   -251.6   3319.0
91   5   -311.5   -267.0   3555.1
91   6   -260.7   -460.5   3435.3
91   7   -403.3   -310.8   3292.8
91   8   -428.7   -467.4   3504.9
91   9   -430.2   -641.7   3487.5
91   10   -509.3   -684.6   3466.1
91   11   -496.6   -1037.3   3411.7
91   12   -462.2   -1357.6   3412.8
91   13   -347.9   -684.3   3486.1
91   14   -358.6   -1036.7   3429.2
91   15   -382.4   -1357.4   3446.6
91   16   -436.6   -284.2   3326.8
91   17   -379.6   -335.7   3316.6
91   18   -436.7   -188.6   3550.2
92   0   -436.6   -105.0   3601.3
92   1   -434.6   -257.5   3540.3
92   2   -558.1   -260.0   3508.7
92   3   -569.1   -446.1   3374.9
92   4   -407.3   -256.5   3328.0
92   5   -310.9   -266.7   3554.1
92   6   -261.5   -462.5   3438.7
92   7   -399.0   -314.8   3288.1
92   8   -428.1   -468.4   3502.8
92   9   -430.1   -642.5   3484.4
92   10   -510.0   -685.2   3465.8
92   11   -496.8   -1039.2   3414.2
92   12   -459.5   -1359.2   3413.4
92   13   -347.5   -684.4   3483.6
92   14   -358.6   -1037.7   3426.8
92   15   -380.6   -1358.4   3447.9
92   16   -434.3   -288.1   3335.8
92   17   -376.1   -339.4   3313.2
92   18   -436.7   -189.5   3552.3
93   0   -433.6   -105.2   3606.7
93   1   -434.5   -258.0   3543.4
93   2   -559.3   -261.1   3516.2
93   3   -571.8   -444.7   3379.4
93   4   -408.3   -258.0   3332.8
93   5   -310.2   -265.8   3553.9
93   6   -261.4   -461.1   3439.8
93   7   -399.4   -314.4   3288.8
93   8   -427.7   -469.0   3502.1
93   9   -430.0   -642.8   3482.8
93   10   -510.4   -685.5   3465.7
93   11   -497.2   -1040.5   3415.4
93   12   -459.6   -1360.3   3416.1
93   13   -347.1   -684.3   3483.1
93   14   -358.5   -1038.2   3425.4
93   15   -358.5   -1360.0   3425.5
93   16   -435.6   -289.2   3340.6
93   17   -376.4   -338.8   3314.0
93   18   -436.7   -190.3   3556.6
94   0   -430.1   -104.5   3610.9
94   1   -434.4   -258.5   3547.5
94   2   -559.1   -261.5   3520.4
94   3   -575.2   -443.3   3381.9
94   4   -411.0   -258.3   3335.8
94   5   -309.6   -265.0   3554.3
94   6   -261.8   -458.7   3439.1
94   7   -407.9   -309.8   3299.5
94   8   -427.4   -469.3   3502.5
94   9   -429.8   -643.0   3482.1
94   10   -510.5   -685.7   3465.6
94   11   -497.7   -1041.4   3415.9
94   12   -461.8   -1361.3   3420.3
94   13   -346.7   -684.3   3483.6
94   14   -358.5   -1038.6   3424.6
94   15   -358.5   -1360.5   3424.7
94   16   -438.4   -289.1   3343.5
94   17   -383.6   -334.6   3322.7
94   18   -436.7   -191.1   3561.9
95   0   -427.1   -103.6   3614.2
95   1   -434.3   -259.1   3552.0
95   2   -558.4   -261.6   3523.0
95   3   -578.3   -442.3   3383.6
95   4   -413.6   -261.2   3338.0
95   5   -309.2   -264.4   3554.9
95   6   -262.9   -456.2   3437.2
95   7   -416.0   -305.9   3311.9
95   8   -427.0   -469.5   3503.5
95   9   -429.7   -643.0   3481.9
95   10   -510.6   -685.9   3465.6
95   11   -498.4   -1042.2   3416.0
95   12   -467.0   -1362.3   3427.3
95   13   -346.4   -684.4   3484.3
95   14   -358.5   -1039.0   3423.7
95   15   -358.5   -1360.9   3423.4
95   16   -441.1   -291.4   3345.6
95   17   -390.5   -331.0   3332.8
95   18   -436.7   -191.9   3567.4
96   0   -425.2   -102.7   3616.6
96   1   -434.2   -259.5   3556.1
96   2   -557.4   -261.6   3524.0
96   3   -581.5   -441.8   3384.9
96   4   -416.1   -262.3   3341.2
96   5   -309.1   -264.5   3556.0
96   6   -263.9   -454.8   3436.5
96   7   -425.6   -313.9   3312.7
96   8   -426.5   -469.5   3505.0
96   9   -429.6   -642.8   3482.0
96   10   -510.6   -686.1   3465.7
96   11   -499.0   -1042.9   3415.9
96   12   -471.8   -1363.3   3429.5
96   13   -346.2   -684.8   3485.4
96   14   -358.6   -1039.6   3423.5
96   15   -358.6   -1361.8   3423.7
96   16   -443.6   -292.2   3348.4
96   17   -398.6   -337.4   3333.3
96   18   -436.7   -192.6   3572.4
97   0   -424.3   -101.9   3618.0
97   1   -434.1   -259.9   3559.4
97   2   -556.5   -261.5   3524.3
97   3   -583.5   -442.0   3386.1
97   4   -418.3   -262.4   3342.5
97   5   -308.9   -265.0   3559.8
97   6   -265.6   -453.1   3436.7
97   7   -430.7   -321.3   3307.5
97   8   -426.0   -469.4   3506.6
97   9   -429.4   -642.6   3482.1
97   10   -510.4   -686.7   3465.7
97   11   -499.6   -1043.8   3415.8
97   12   -474.5   -1364.2   3430.8
97   13   -346.3   -685.7   3486.4
97   14   -358.6   -1040.7   3423.7
97   15   -358.6   -1363.2   3424.2
97   16   -445.8   -292.3   3349.7
97   17   -403.1   -343.3   3329.0
97   18   -436.6   -193.1   3576.3
98   0   -424.0   -101.4   3618.9
98   1   -434.0   -260.2   3562.3
98   2   -555.8   -261.6   3524.5
98   3   -584.4   -442.8   3387.7
98   4   -420.4   -262.0   3343.0
98   5   -308.4   -266.0   3567.0
98   6   -267.8   -450.6   3438.2
98   7   -430.2   -325.0   3299.2
98   8   -425.6   -469.3   3508.4
98   9   -429.3   -642.4   3482.4
98   10   -510.2   -687.5   3465.8
98   11   -500.1   -1045.1   3415.5
98   12   -474.6   -1365.5   3431.2
98   13   -346.4   -686.9   3487.4
98   14   -358.7   -1042.4   3424.3
98   15   -358.7   -1365.3   3424.9
98   16   -447.7   -292.1   3350.4
98   17   -403.1   -345.9   3322.4
98   18   -436.6   -193.5   3579.5
99   0   -424.0   -101.1   3619.3
99   1   -434.0   -260.6   3564.7
99   2   -555.2   -261.7   3524.5
99   3   -584.6   -444.6   3390.2
99   4   -422.0   -262.6   3343.3
99   5   -308.1   -267.0   3571.1
99   6   -269.1   -449.7   3439.1
99   7   -430.0   -320.6   3300.5
99   8   -425.7   -469.2   3510.3
99   9   -429.2   -642.3   3483.2
99   10   -509.8   -688.5   3465.9
99   11   -500.2   -1046.8   3415.3
99   12   -500.1   -1369.5   3415.1
99   13   -346.8   -688.4   3489.3
99   14   -358.7   -1044.5   3424.9
99   15   -358.8   -1367.4   3425.3
99   16   -449.1   -292.9   3351.1
99   17   -403.1   -342.1   3323.6
99   18   -436.6   -194.0   3582.1
100   0   -424.1   -101.0   3619.5
100   1   -434.1   -261.1   3566.7
100   2   -554.8   -262.2   3524.6
100   3   -584.1   -447.2   3393.2
100   4   -423.5   -263.6   3343.7
100   5   -307.9   -268.0   3573.8
100   6   -269.3   -449.5   3439.9
100   7   -430.5   -314.6   3306.7
100   8   -426.2   -469.2   3512.5
100   9   -429.1   -642.4   3484.6
100   10   -509.4   -689.6   3466.2
100   11   -500.3   -1049.0   3415.0
100   12   -500.2   -1372.0   3414.8
100   13   -347.4   -690.3   3491.6
100   14   -358.8   -1047.2   3425.4
100   15   -358.9   -1370.6   3425.7
100   16   -450.2   -294.2   3351.9
100   17   -403.7   -337.1   3328.9
100   18   -436.6   -194.5   3584.1
101   0   -424.3   -101.2   3619.5
101   1   -434.3   -261.7   3568.4
101   2   -554.7   -262.9   3524.6
101   3   -583.5   -451.2   3398.1
101   4   -426.2   -265.5   3344.0
101   5   -307.6   -269.0   3575.3
101   6   -269.3   -449.7   3440.3
101   7   -434.0   -311.4   3314.4
101   8   -426.8   -469.5   3515.5
101   9   -429.1   -642.7   3487.1
101   10   -509.0   -690.3   3466.5
101   11   -500.4   -1049.8   3415.1
101   12   -500.5   -1371.4   3415.2
101   13   -347.9   -692.3   3493.1
101   14   -359.1   -1048.9   3424.6
101   15   -359.4   -1371.2   3423.9
101   16   -452.4   -296.5   3353.1
101   17   -406.6   -334.5   3335.3
101   18   -436.6   -194.9   3585.3
102   0   -424.4   -101.5   3619.4
102   1   -434.4   -262.4   3569.6
102   2   -554.7   -263.8   3524.6
102   3   -583.0   -451.7   3397.4
102   4   -426.5   -264.7   3344.3
102   5   -307.4   -270.0   3575.8
102   6   -269.2   -450.3   3440.4
102   7   -435.8   -307.3   3322.2
102   8   -427.4   -470.0   3518.8
102   9   -429.1   -643.3   3490.8
102   10   -508.6   -690.4   3466.9
102   11   -500.6   -1049.5   3415.3
102   12   -500.7   -1370.3   3415.4
102   13   -347.8   -693.4   3494.2
102   14   -359.6   -1049.2   3423.4
102   15   -359.9   -1370.3   3422.4
102   16   -452.6   -295.8   3353.1
102   17   -408.1   -331.1   3341.9
102   18   -436.6   -195.5   3586.0
103   0   -424.5   -101.8   3619.3
103   1   -434.6   -262.9   3570.4
103   2   -554.9   -264.2   3524.5
103   3   -583.1   -454.4   3400.7
103   4   -429.5   -265.7   3344.5
103   5   -307.3   -270.8   3575.3
103   6   -268.9   -451.4   3440.5
103   7   -436.6   -303.6   3329.4
103   8   -428.2   -470.1   3521.7
103   9   -429.1   -643.7   3495.3
103   10   -508.1   -690.2   3467.6
103   11   -500.9   -1049.8   3415.5
103   12   -501.0   -1371.3   3415.7
103   13   -347.7   -694.2   3495.3
103   14   -359.5   -1050.4   3424.5
103   15   -359.3   -1372.5   3425.6
103   16   -455.1   -297.1   3353.9
103   17   -408.7   -328.2   3347.9
103   18   -436.6   -195.9   3586.2
104   0   -424.6   -102.0   3619.3
104   1   -434.8   -263.2   3571.0
104   2   -555.1   -264.6   3524.4
104   3   -583.3   -456.4   3403.4
104   4   -431.6   -266.9   3344.7
104   5   -307.3   -271.6   3574.9
104   6   -268.6   -452.9   3441.2
104   7   -435.2   -300.2   3334.8
104   8   -429.1   -470.1   3524.0
104   9   -429.1   -643.9   3499.5
104   10   -507.6   -689.9   3468.2
104   11   -501.1   -1049.6   3415.7
104   12   -473.6   -1367.5   3431.0
104   13   -347.4   -694.5   3496.3
104   14   -359.8   -1050.4   3423.1
104   15   -360.1   -1371.4   3421.8
104   16   -456.8   -298.4   3354.5
104   17   -407.5   -325.7   3352.5
104   18   -436.6   -196.1   3586.3
105   0   -424.7   -102.3   3619.3
105   1   -435.0   -263.5   3571.5
105   2   -555.3   -264.8   3524.3
105   3   -583.2   -456.8   3403.5
105   4   -431.6   -266.9   3344.8
105   5   -307.4   -272.4   3574.7
105   6   -268.3   -454.9   3442.9
105   7   -431.6   -299.4   3335.3
105   8   -430.1   -470.0   3525.9
105   9   -429.1   -643.8   3502.5
105   10   -507.4   -689.4   3468.7
105   11   -501.4   -1049.0   3415.8
105   12   -472.8   -1368.0   3430.2
105   13   -347.1   -694.7   3497.3
105   14   -360.2   -1050.0   3421.6
105   15   -360.4   -1370.6   3420.5
105   16   -456.9   -298.6   3354.6
105   17   -404.4   -325.3   3353.2
105   18   -436.6   -196.3   3586.3
106   0   -425.8   -102.4   3619.4
106   1   -435.3   -263.8   3571.7
106   2   -555.5   -264.9   3524.2
106   3   -582.9   -455.9   3401.8
106   4   -430.4   -266.3   3344.9
106   5   -307.5   -273.1   3574.6
106   6   -267.7   -457.8   3446.2
106   7   -430.6   -303.9   3335.7
106   8   -431.1   -469.8   3527.1
106   9   -429.2   -643.5   3504.2
106   10   -507.6   -689.0   3469.0
106   11   -501.6   -1048.5   3415.8
106   12   -472.1   -1368.0   3428.7
106   13   -346.8   -694.7   3498.5
106   14   -360.2   -1049.8   3421.9
106   15   -360.1   -1370.8   3422.4
106   16   -455.8   -297.9   3354.4
106   17   -403.4   -329.5   3354.1
106   18   -436.6   -196.5   3586.2
107   0   -427.8   -102.6   3619.4
107   1   -435.5   -264.0   3571.8
107   2   -555.6   -265.1   3524.1
107   3   -582.6   -454.6   3399.5
107   4   -429.1   -265.1   3344.8
107   5   -307.7   -273.8   3574.6
107   6   -267.1   -460.6   3449.6
107   7   -428.3   -307.3   3335.7
107   8   -432.1   -469.6   3527.9
107   9   -429.2   -643.0   3505.0
107   10   -507.9   -688.6   3469.2
107   11   -502.1   -1048.1   3415.9
107   12   -471.5   -1367.7   3426.3
107   13   -346.5   -694.7   3499.2
107   14   -360.4   -1049.5   3421.2
107   15   -379.8   -1363.5   3455.2
107   16   -454.7   -296.7   3353.9
107   17   -401.5   -332.8   3354.6
107   18   -436.6   -196.7   3586.2
108   0   -430.8   -102.8   3619.5
108   1   -435.7   -264.2   3571.9
108   2   -555.8   -265.2   3524.1
108   3   -582.2   -452.3   3395.9
108   4   -427.0   -263.2   3344.8
108   5   -307.6   -274.1   3574.7
108   6   -265.0   -464.8   3456.8
108   7   -422.2   -311.9   3337.0
108   8   -432.9   -469.5   3528.5
108   9   -429.3   -642.6   3505.3
108   10   -508.4   -688.1   3469.4
108   11   -502.5   -1047.8   3415.9
108   12   -471.0   -1367.3   3425.2
108   13   -346.2   -694.6   3500.0
108   14   -360.4   -1049.3   3421.1
108   15   -379.5   -1366.1   3458.4
108   16   -452.8   -294.7   3353.3
108   17   -396.0   -337.4   3356.9
108   18   -436.6   -196.9   3586.2
109   0   -434.3   -103.0   3619.5
109   1   -435.9   -264.3   3572.0
109   2   -555.9   -265.2   3523.9
109   3   -582.0   -451.0   3393.8
109   4   -425.6   -262.4   3344.7
109   5   -307.6   -274.2   3574.8
109   6   -263.3   -465.5   3458.3
109   7   -419.0   -312.8   3336.1
109   8   -433.7   -469.4   3528.8
109   9   -429.3   -642.3   3505.4
109   10   -508.8   -688.0   3469.6
109   11   -503.0   -1047.8   3415.9
109   12   -470.3   -1367.1   3424.6
109   13   -346.0   -694.6   3500.9
109   14   -360.4   -1049.4   3421.8
109   15   -379.5   -1367.6   3459.0
109   16   -451.7   -293.8   3352.9
109   17   -393.0   -338.3   3356.5
109   18   -436.6   -197.0   3586.2
110   0   -436.9   -103.2   3619.5
110   1   -436.0   -264.4   3572.1
110   2   -556.0   -265.1   3523.8
110   3   -581.9   -450.1   3392.6
110   4   -424.5   -262.0   3344.7
110   5   -307.5   -274.3   3574.9
110   6   -258.4   -468.1   3464.8
110   7   -407.5   -316.4   3333.9
110   8   -434.2   -469.4   3529.0
110   9   -429.4   -642.1   3505.4
110   10   -509.2   -688.0   3469.9
110   11   -503.5   -1047.9   3415.9
110   12   -469.5   -1367.0   3423.7
110   13   -345.8   -694.7   3502.0
110   14   -360.4   -1049.7   3422.9
110   15   -379.8   -1368.4   3458.4
110   16   -450.7   -293.3   3352.7
110   17   -382.7   -341.7   3355.7
110   18   -436.6   -197.1   3586.2
111   0   -438.5   -103.4   3619.5
111   1   -436.1   -264.3   3572.1
111   2   -556.1   -264.9   3523.7
111   3   -581.8   -449.3   3391.6
111   4   -423.6   -261.6   3344.7
111   5   -307.4   -274.3   3575.0
111   6   -255.7   -469.0   3467.7
111   7   -397.9   -322.2   3324.4
111   8   -434.6   -469.4   3529.2
111   9   -429.4   -642.0   3505.4
111   10   -509.6   -687.9   3470.2
111   11   -504.0   -1048.0   3415.8
111   12   -468.7   -1366.8   3423.5
111   13   -345.8   -694.8   3503.0
111   14   -360.2   -1050.1   3424.6
111   15   -380.4   -1369.1   3457.0
111   16   -449.9   -292.9   3352.5
111   17   -374.2   -346.7   3348.3
111   18   -436.6   -197.0   3586.2
112   0   -439.2   -103.5   3619.5
112   1   -436.1   -264.3   3572.1
112   2   -556.2   -264.7   3523.7
112   3   -581.7   -448.9   3391.4
112   4   -423.0   -261.6   3344.7
112   5   -307.4   -274.3   3575.2
112   6   -251.5   -469.3   3470.8
112   7   -388.8   -330.9   3315.0
112   8   -434.7   -469.4   3529.1
112   9   -429.4   -641.9   3505.3
112   10   -509.8   -687.9   3470.6
112   11   -504.2   -1049.0   3415.7
112   12   -504.2   -1370.5   3415.5
112   13   -345.7   -694.9   3503.3
112   14   -359.8   -1052.0   3428.3
112   15   -381.3   -1371.3   3453.3
112   16   -449.5   -292.8   3352.5
112   17   -365.9   -353.9   3341.0
112   18   -436.6   -197.0   3586.2
