18   0   26.1   492.0   3617.2
18   1   20.6   321.7   3608.6
18   2   -125.3   318.1   3604.9
18   3   -272.7   146.1   3548.3
18   4   -113.7   128.6   3348.7
18   5   175.6   336.8   3624.6
18   6   357.4   376.6   3483.6
18   7   138.4   403.2   3354.2
18   8   15.6   114.0   3639.1
18   9   14.7   -55.4   3643.3
18   10   -84.7   -149.8   3668.8
18   11   -63.4   -497.9   3666.5
18   12   1.5   -819.6   3670.7
18   13   111.2   -148.8   3678.4
18   14   75.6   -494.5   3647.5
18   15   31.4   -809.3   3729.1
18   16   -140.2   131.5   3382.0
18   17   174.9   398.8   3375.8
18   18   22.3   391.2   3598.4
19   0   24.8   493.8   3614.4
19   1   20.5   323.5   3608.5
19   2   -124.9   318.8   3602.7
19   3   -276.9   149.8   3558.3
19   4   -121.7   121.4   3358.8
19   5   174.1   336.1   3622.8
19   6   359.3   379.1   3488.7
19   7   144.6   407.1   3353.5
19   8   16.5   115.8   3641.6
19   9   15.3   -53.5   3646.7
19   10   -83.0   -147.2   3669.4
19   11   -63.9   -495.5   3669.2
19   12   -0.0   -817.1   3667.5
19   13   109.6   -147.8   3679.2
19   14   77.4   -494.0   3653.9
19   15   27.1   -809.0   3715.9
19   16   -147.5   126.1   3392.0
19   17   180.4   402.4   3376.1
19   18   21.9   392.9   3597.4
20   0   21.4   499.6   3606.2
20   1   20.3   329.5   3607.6
20   2   -122.8   320.0   3597.5
20   3   -281.2   156.0   3581.5
20   4   -139.0   93.7   3386.1
20   5   169.1   335.5   3619.3
20   6   360.8   384.7   3498.5
20   7   162.0   419.2   3345.8
20   8   19.5   122.5   3647.8
20   9   16.9   -46.8   3655.3
20   10   -78.1   -138.0   3669.0
20   11   -64.6   -486.4   3672.6
20   12   -3.3   -808.0   3661.4
20   13   106.6   -141.2   3679.8
20   14   80.4   -488.2   3664.3
20   15   19.1   -801.1   3680.2
20   16   -162.7   104.1   3418.7
20   17   195.1   413.4   3371.2
20   18   20.5   398.5   3594.3
21   0   17.1   506.4   3596.9
21   1   19.7   337.0   3605.9
21   2   -120.0   321.5   3593.0
21   3   -281.1   161.0   3613.5
21   4   -159.5   51.0   3428.4
21   5   162.2   335.7   3616.4
21   6   360.1   393.1   3509.6
21   7   184.5   429.3   3332.2
21   8   23.1   130.3   3653.7
21   9   19.1   -39.0   3663.6
21   10   -71.9   -128.9   3667.0
21   11   -64.6   -477.5   3674.8
21   12   -6.5   -799.7   3658.3
21   13   103.1   -134.7   3680.4
21   14   82.9   -482.5   3674.6
21   15   12.3   -789.8   3630.5
21   16   -179.8   69.3   3459.2
21   17   213.7   423.3   3361.7
21   18   18.5   405.4   3590.1
22   0   14.0   509.4   3591.5
22   1   19.1   340.9   3604.0
22   2   -118.2   322.3   3591.7
22   3   -278.6   161.7   3635.4
22   4   -159.9   15.0   3470.6
22   5   157.3   335.9   3615.0
22   6   357.4   401.3   3515.4
22   7   200.2   434.1   3319.0
22   8   25.5   133.2   3656.0
22   9   20.6   -36.2   3667.4
22   10   -69.3   -124.4   3663.8
22   11   -66.8   -472.0   3648.5
22   12   -8.1   -796.4   3657.0
22   13   102.1   -132.3   3680.7
22   14   84.7   -480.5   3680.6
22   15   8.4   -791.6   3614.2
22   16   -179.7   39.4   3498.1
22   17   226.4   428.6   3351.7
22   18   17.0   409.1   3586.9
23   0   12.3   509.0   3589.8
23   1   18.7   341.6   3602.4
23   2   -117.3   322.3   3591.6
23   3   -276.6   162.3   3649.6
23   4   -165.4   0.4   3487.4
23   5   154.9   336.4   3615.0
23   6   354.6   405.5   3516.2
23   7   204.3   433.5   3311.7
23   8   26.6   131.5   3655.4
23   9   21.4   -38.0   3666.7
23   10   -70.0   -123.7   3662.1
23   11   -67.9   -471.7   3659.5
23   12   -7.6   -797.2   3656.1
23   13   103.4   -132.9   3681.0
23   14   86.0   -481.2   3683.0
23   15   8.3   -796.6   3619.1
23   16   -183.9   27.4   3514.4
23   17   229.3   428.9   3345.8
23   18   16.2   409.7   3585.3
24   0   11.6   507.1   3590.1
24   1   18.5   340.9   3601.4
24   2   -117.1   322.4   3591.7
24   3   -275.6   162.9   3656.1
24   4   -168.6   -11.7   3501.6
24   5   153.9   336.8   3614.6
24   6   353.1   407.1   3515.0
24   7   205.2   431.4   3307.4
24   8   26.9   128.1   3654.2
24   9   21.8   -41.5   3662.9
24   10   -71.7   -124.2   3661.0
24   11   -68.0   -472.4   3667.9
24   12   -6.5   -797.8   3655.9
24   13   105.3   -133.5   3681.2
24   14   87.2   -481.8   3683.9
24   15   11.9   -797.8   3614.5
24   16   -186.5   17.4   3527.3
24   17   229.8   427.4   3342.0
24   18   15.8   409.0   3584.5
25   0   11.4   504.9   3591.3
25   1   18.4   339.8   3600.9
25   2   -116.9   322.5   3591.7
25   3   -275.3   163.5   3657.8
25   4   -171.8   -20.3   3511.1
25   5   153.8   337.1   3613.5
25   6   352.5   407.1   3512.9
25   7   206.4   431.0   3303.9
25   8   27.0   125.0   3653.2
25   9   21.9   -44.8   3658.7
25   10   -72.9   -124.5   3660.5
25   11   -67.5   -469.5   3628.8
25   12   -6.5   -791.5   3656.4
25   13   106.7   -133.1   3681.1
25   14   88.0   -481.2   3684.1
25   15   20.4   -800.7   3626.6
25   16   -189.1   10.4   3535.5
25   17   230.7   427.0   3338.7
25   18   15.7   408.0   3584.3
26   0   11.5   503.0   3593.0
26   1   18.6   338.9   3600.7
26   2   -116.4   322.8   3592.0
26   3   -275.4   164.6   3657.8
26   4   -174.5   -20.6   3511.5
26   5   154.0   337.3   3611.1
26   6   352.6   406.9   3510.2
26   7   210.3   430.6   3298.8
26   8   27.0   122.8   3652.5
26   9   21.9   -47.0   3654.7
26   10   -73.4   -123.7   3660.1
26   11   -69.7   -464.3   3595.8
26   12   -7.9   -781.6   3655.0
26   13   108.1   -130.2   3680.5
26   14   88.5   -478.2   3684.0
26   15   21.8   -797.0   3625.6
26   16   -191.3   10.3   3535.9
26   17   234.0   426.7   3334.1
26   18   15.9   407.2   3584.4
27   0   11.8   501.5   3594.7
27   1   18.8   338.2   3600.7
27   2   -115.8   323.3   3592.2
27   3   -275.6   166.0   3657.4
27   4   -176.7   -14.9   3504.2
27   5   154.6   337.2   3605.1
27   6   352.0   406.7   3502.2
27   7   218.6   430.1   3284.5
27   8   27.0   121.3   3651.7
27   9   21.8   -48.5   3652.1
27   10   -73.3   -123.2   3660.0
27   11   -75.2   -462.4   3583.6
27   12   -8.7   -777.0   3654.4
27   13   107.5   -130.3   3678.8
27   14   88.3   -478.1   3683.6
27   15   22.1   -795.8   3623.2
27   16   -193.2   15.2   3529.7
27   17   240.8   426.2   3320.8
27   18   16.2   406.5   3584.6
28   0   12.4   500.3   3596.5
28   1   19.1   337.7   3600.6
28   2   -115.1   323.9   3592.4
28   3   -276.1   167.6   3655.9
28   4   -181.3   0.7   3486.6
28   5   155.0   337.2   3599.0
28   6   345.9   404.5   3484.2
28   7   206.7   434.6   3271.1
28   8   27.0   120.3   3650.8
28   9   21.8   -49.5   3650.8
28   10   -73.1   -122.8   3660.0
28   11   -77.6   -465.8   3607.1
28   12   -7.2   -782.7   3655.9
28   13   107.0   -130.5   3677.0
28   14   88.3   -478.1   3682.9
28   15   15.6   -791.8   3614.8
28   16   -197.1   28.5   3514.9
28   17   229.9   429.6   3306.6
28   18   16.6   406.0   3584.8
29   0   13.2   499.2   3598.6
29   1   19.4   337.2   3600.6
29   2   -114.4   324.6   3592.9
29   3   -277.9   165.6   3635.7
29   4   -183.9   39.5   3438.4
29   5   155.1   337.3   3596.8
29   6   328.9   396.0   3456.3
29   7   200.7   434.0   3238.3
29   8   27.0   119.6   3649.9
29   9   21.7   -50.0   3651.1
29   10   -72.9   -123.0   3660.4
29   11   -78.4   -468.3   3648.0
29   12   -5.4   -788.3   3656.1
29   13   106.8   -130.9   3676.3
29   14   81.3   -477.1   3663.0
29   15   14.8   -797.3   3623.6
29   16   -199.6   60.5   3471.3
29   17   222.1   427.7   3274.6
29   18   17.0   405.6   3585.1
30   0   14.1   498.3   3601.0
30   1   19.8   336.9   3600.9
30   2   -113.5   325.1   3593.4
30   3   -270.4   159.3   3587.1
30   4   -155.5   105.5   3375.5
30   5   155.3   337.8   3597.2
30   6   301.4   354.3   3424.9
30   7   203.5   379.5   3192.4
30   8   26.9   119.1   3649.3
30   9   21.8   -50.3   3654.3
30   10   -73.1   -125.0   3662.0
30   11   -79.6   -470.6   3639.6
30   12   -4.3   -791.1   3656.5
30   13   107.9   -132.7   3677.3
30   14   86.3   -479.1   3664.1
30   15   14.0   -799.5   3630.2
30   16   -174.6   114.4   3410.7
30   17   219.8   375.3   3231.1
30   18   17.5   405.2   3585.7
31   0   15.6   497.5   3604.0
31   1   20.4   336.6   3601.4
31   2   -112.2   325.1   3594.0
31   3   -242.0   164.7   3513.5
31   4   -95.9   208.9   3330.9
31   5   155.9   338.2   3597.4
31   6   264.4   277.7   3416.3
31   7   140.0   284.7   3197.8
31   8   26.9   118.7   3649.0
31   9   21.8   -50.3   3659.0
31   10   -74.0   -124.9   3663.9
31   11   -78.6   -471.3   3660.3
31   12   -3.9   -792.1   3655.6
31   13   109.0   -133.8   3678.0
31   14   91.2   -480.2   3673.3
31   15   11.2   -797.6   3632.1
31   16   -120.2   201.6   3361.3
31   17   160.7   283.6   3234.2
31   18   18.4   404.9   3586.5
32   0   18.7   497.2   3605.9
32   1   21.1   336.8   3602.1
32   2   -109.8   323.8   3594.5
32   3   -191.3   205.8   3435.4
32   4   -17.7   325.1   3347.9
32   5   156.8   338.7   3590.5
32   6   206.1   206.7   3425.5
32   7   49.1   184.1   3234.2
32   8   26.9   118.9   3649.9
32   9   22.0   -49.3   3666.5
32   10   -73.9   -129.0   3667.9
32   11   -80.9   -474.8   3650.5
32   12   -3.1   -794.2   3655.6
32   13   110.7   -136.7   3681.2
32   14   94.5   -483.0   3681.1
32   15   17.4   -799.3   3632.6
32   16   -46.5   305.4   3362.5
32   17   75.2   187.9   3266.1
32   18   19.4   405.1   3587.1
33   0   24.0   496.9   3607.0
33   1   22.0   337.1   3603.0
33   2   -107.0   322.2   3596.2
33   3   -129.9   268.6   3388.5
33   4   60.4   420.0   3362.1
33   5   149.9   339.0   3555.6
33   6   146.6   158.8   3424.1
33   7   -51.8   121.7   3285.0
33   8   26.8   119.4   3652.5
33   9   22.1   -48.1   3674.3
33   10   -74.0   -132.8   3672.7
33   11   -82.5   -477.6   3645.1
33   12   -2.6   -795.8   3655.6
33   13   111.5   -140.7   3686.4
33   14   96.0   -486.7   3685.7
33   15   25.1   -803.0   3634.4
33   16   28.7   394.8   3366.5
33   17   -18.8   127.8   3308.2
33   18   20.4   405.2   3587.6
34   0   30.4   496.8   3607.4
34   1   22.5   337.5   3604.0
34   2   -104.8   321.1   3595.6
34   3   -76.4   320.6   3371.8
34   4   129.5   473.3   3363.5
34   5   149.4   338.0   3547.3
34   6   107.8   142.3   3429.0
34   7   -114.6   81.5   3336.8
34   8   26.8   121.8   3655.1
34   9   22.3   -45.1   3679.7
34   10   -74.1   -134.1   3677.6
34   11   -82.1   -478.0   3642.7
34   12   -2.9   -795.4   3655.5
34   13   110.7   -143.9   3693.2
34   14   91.3   -485.7   3657.0
34   15   33.6   -805.2   3645.8
34   16   95.2   447.8   3364.9
34   17   -77.6   91.6   3352.2
34   18   21.2   405.3   3587.9
35   0   35.9   497.5   3607.3
35   1   23.0   337.9   3604.4
35   2   -104.5   323.7   3594.3
35   3   -43.4   349.8   3368.6
35   4   175.2   488.4   3364.9
35   5   150.5   337.9   3549.6
35   6   85.6   139.8   3437.0
35   7   -147.1   60.4   3377.0
35   8   26.7   124.8   3656.1
35   9   22.3   -41.8   3681.1
35   10   -73.3   -133.2   3679.2
35   11   -77.2   -477.4   3655.2
35   12   -3.0   -795.0   3655.1
35   13   108.8   -144.3   3694.3
35   14   92.8   -487.1   3667.8
35   15   31.7   -805.9   3650.8
35   16   138.7   465.3   3365.5
35   17   -108.3   73.6   3387.0
35   18   21.8   405.5   3588.0
36   0   39.2   499.7   3605.9
36   1   23.4   338.2   3604.7
36   2   -108.6   331.4   3594.4
36   3   -33.5   357.8   3370.3
36   4   185.0   494.7   3362.9
36   5   151.6   339.5   3547.0
36   6   81.9   138.5   3443.4
36   7   -152.8   55.0   3386.4
36   8   26.7   127.7   3656.3
36   9   22.3   -38.7   3680.4
36   10   -71.4   -133.8   3680.5
36   11   -77.7   -477.9   3673.3
36   12   -2.9   -794.7   3654.8
36   13   105.1   -145.7   3696.5
36   14   91.7   -489.1   3679.7
36   15   38.2   -808.5   3647.2
36   16   148.6   471.9   3364.1
36   17   -113.6   68.9   3395.9
36   18   22.3   405.7   3588.1
37   0   41.7   501.2   3603.6
37   1   23.8   338.5   3604.8
37   2   -113.6   342.3   3602.2
37   3   -34.0   355.3   3379.9
37   4   184.9   484.4   3355.4
37   5   151.3   345.3   3535.3
37   6   91.9   137.7   3443.4
37   7   -143.6   59.9   3384.0
37   8   26.7   130.4   3656.4
37   9   22.3   -36.1   3677.8
37   10   -69.9   -133.1   3681.0
37   11   -71.9   -476.9   3680.2
37   12   -2.8   -794.3   3655.4
37   13   102.9   -144.4   3696.1
37   14   89.1   -487.7   3684.0
37   15   42.0   -807.5   3645.4
37   16   148.4   462.8   3359.5
37   17   -104.3   72.9   3393.9
37   18   22.8   405.8   3588.1
38   0   43.9   502.3   3600.4
38   1   24.4   338.9   3604.9
38   2   -116.2   356.5   3618.7
38   3   -39.9   349.7   3397.9
38   4   180.9   460.8   3348.0
38   5   150.3   348.7   3525.3
38   6   99.4   137.6   3440.9
38   7   -135.5   65.3   3377.8
38   8   26.7   132.8   3656.5
38   9   22.2   -33.8   3674.5
38   10   -68.5   -132.2   3681.6
38   11   -80.6   -475.0   3675.8
38   12   -3.2   -789.9   3656.0
38   13   101.1   -143.0   3694.4
38   14   86.3   -485.9   3685.1
38   15   39.3   -804.9   3644.8
38   16   144.1   442.2   3356.4
38   17   -96.3   77.4   3388.3
38   18   23.6   406.0   3588.1
39   0   44.8   503.2   3596.6
39   1   25.1   339.2   3604.9
39   2   -110.5   366.6   3641.2
39   3   -45.9   344.7   3420.0
39   4   174.7   434.1   3342.6
39   5   146.7   351.4   3516.3
39   6   105.1   138.2   3436.8
39   7   -128.8   70.2   3370.3
39   8   26.8   134.6   3656.0
39   9   22.2   -31.9   3671.8
39   10   -68.0   -131.8   3681.7
39   11   -75.0   -474.3   3680.6
39   12   -2.9   -789.2   3655.6
39   13   100.5   -142.4   3691.9
39   14   84.3   -484.7   3683.2
39   15   32.2   -802.2   3644.0
39   16   138.0   419.2   3355.5
39   17   -89.8   81.5   3381.3
39   18   24.5   406.2   3588.1
40   0   44.8   504.9   3591.7
40   1   25.8   339.4   3604.7
40   2   -107.0   369.6   3652.5
40   3   -52.7   332.5   3431.9
40   4   159.4   412.7   3326.5
40   5   142.4   349.8   3508.7
40   6   110.0   136.3   3428.7
40   7   -123.9   75.3   3359.1
40   8   26.8   135.9   3655.2
40   9   22.3   -30.4   3670.0
40   10   -68.4   -132.1   3681.7
40   11   -75.7   -473.3   3663.1
40   12   -3.1   -787.8   3655.9
40   13   100.9   -142.8   3690.5
40   14   78.0   -483.7   3672.0
40   15   23.2   -800.9   3643.8
40   16   124.0   399.3   3344.1
40   17   -85.0   85.4   3370.7
40   18   25.5   406.3   3588.1
41   0   44.1   505.9   3587.6
41   1   26.6   339.5   3604.3
41   2   -110.0   357.2   3619.6
41   3   -80.7   296.4   3401.7
41   4   129.5   406.1   3345.5
41   5   141.7   342.3   3510.4
41   6   116.8   135.0   3416.5
41   7   -116.2   86.5   3338.0
41   8   26.8   136.9   3654.2
41   9   22.3   -29.2   3668.8
41   10   -69.2   -132.7   3681.6
41   11   -82.2   -473.0   3655.6
41   12   -3.4   -785.6   3655.9
41   13   102.0   -143.6   3688.9
41   14   79.9   -484.3   3673.5
41   15   25.1   -800.8   3643.8
41   16   94.5   387.9   3354.9
41   17   -77.4   94.6   3351.0
41   18   26.6   406.4   3587.9
42   0   42.5   505.7   3586.2
42   1   27.5   339.6   3603.9
42   2   -107.4   346.0   3589.9
42   3   -60.0   407.4   3418.0
42   4   90.4   563.4   3325.0
42   5   147.8   336.4   3528.1
42   6   150.6   144.3   3409.7
42   7   -78.5   139.2   3316.7
42   8   26.8   137.7   3653.4
42   9   22.4   -28.2   3668.2
42   10   -70.0   -133.1   3681.4
42   11   -73.4   -473.8   3664.2
42   12   -3.5   -787.7   3655.5
42   13   103.2   -144.1   3687.0
42   14   83.0   -484.8   3679.0
42   15   36.2   -802.0   3648.2
42   16   65.4   537.4   3340.5
42   17   -40.3   140.1   3332.2
42   18   27.8   406.4   3587.4
43   0   39.9   505.8   3588.9
43   1   28.5   339.6   3603.4
43   2   -104.1   337.0   3583.3
43   3   -143.8   296.4   3434.8
43   4   34.9   401.0   3324.9
43   5   155.3   335.6   3575.7
43   6   187.2   193.5   3412.0
43   7   -32.8   185.6   3297.5
43   8   26.8   136.3   3653.1
43   9   22.4   -29.5   3668.0
43   10   -70.7   -133.2   3681.0
43   11   -65.3   -474.0   3673.6
43   12   -4.1   -788.9   3655.0
43   13   104.7   -143.9   3684.3
43   14   85.1   -484.5   3680.0
43   15   38.2   -801.9   3659.6
43   16   5.1   383.6   3343.2
43   17   3.9   186.9   3316.6
43   18   29.0   406.4   3587.1
44   0   36.0   505.6   3594.7
44   1   29.3   339.6   3603.1
44   2   -101.4   332.5   3575.2
44   3   -202.1   218.2   3480.2
44   4   -47.3   244.8   3315.5
44   5   158.5   334.6   3603.1
44   6   213.6   258.8   3406.2
44   7   89.2   255.6   3218.6
44   8   26.8   134.4   3652.7
44   9   22.4   -31.3   3668.0
44   10   -71.0   -133.3   3680.3
44   11   -68.9   -472.4   3652.2
44   12   -4.8   -786.4   3655.7
44   13   106.4   -142.9   3680.6
44   14   87.1   -483.4   3678.0
44   15   29.9   -799.1   3666.9
44   16   -73.0   240.5   3343.0
44   17   109.7   256.1   3249.9
44   18   30.0   406.4   3587.0
45   0   32.0   505.3   3599.6
45   1   29.7   339.6   3603.0
45   2   -99.5   330.6   3571.8
45   3   -249.8   192.5   3533.5
45   4   -117.9   125.6   3355.5
45   5   160.6   336.2   3615.8
45   6   246.1   340.7   3415.5
45   7   194.5   336.4   3185.9
45   8   26.9   132.9   3652.8
45   9   22.3   -32.8   3668.0
45   10   -70.6   -132.1   3678.1
45   11   -67.3   -472.1   3664.7
45   12   -4.9   -786.2   3655.5
45   13   108.3   -139.0   3676.8
45   14   89.0   -479.4   3676.5
45   15   25.1   -793.9   3669.2
45   16   -139.8   136.8   3385.2
45   17   202.9   337.1   3224.2
45   18   30.6   406.4   3586.9
46   0   28.3   505.3   3599.9
46   1   29.8   339.7   3602.9
46   2   -98.7   331.6   3570.9
46   3   -271.5   187.4   3583.5
46   4   -179.3   43.6   3411.5
46   5   162.5   341.7   3620.8
46   6   269.8   408.4   3435.7
46   7   284.9   448.1   3194.8
46   8   26.8   132.0   3653.6
46   9   22.2   -33.7   3666.9
46   10   -69.3   -129.3   3673.3
46   11   -75.0   -469.3   3658.5
46   12   -5.1   -784.6   3656.0
46   13   109.7   -132.3   3672.9
46   14   91.1   -472.6   3675.0
46   15   25.9   -789.2   3666.1
46   16   -194.7   67.5   3440.2
46   17   282.4   441.5   3235.0
46   18   30.8   406.4   3586.6
47   0   24.3   507.2   3591.5
47   1   29.8   341.3   3601.0
47   2   -99.4   333.9   3570.7
47   3   -273.6   190.0   3621.9
47   4   -207.2   -4.6   3474.4
47   5   168.1   354.4   3615.5
47   6   279.9   457.3   3444.0
47   7   360.8   572.7   3253.2
47   8   26.7   133.2   3652.8
47   9   22.0   -32.7   3662.8
47   10   -67.7   -122.5   3662.6
47   11   -66.7   -460.5   3649.3
47   12   -6.0   -780.8   3656.4
47   13   110.2   -122.8   3668.4
47   14   98.3   -460.1   3651.6
47   15   31.1   -779.0   3663.1
47   16   -218.3   27.7   3498.9
47   17   347.4   553.6   3285.0
47   18   30.8   408.0   3584.5
48   0   20.2   510.8   3577.3
48   1   29.7   345.1   3596.5
48   2   -100.2   337.0   3570.5
48   3   -265.8   187.7   3638.8
48   4   -229.3   -43.7   3534.7
48   5   172.2   364.2   3603.8
48   6   289.4   498.7   3458.8
48   7   403.5   669.8   3326.3
48   8   26.7   136.7   3647.4
48   9   21.9   -29.3   3655.0
48   10   -67.1   -113.3   3654.1
48   11   -65.6   -449.2   3641.3
48   12   -7.3   -773.3   3660.1
48   13   109.1   -113.7   3663.9
48   14   109.0   -448.8   3640.2
48   15   36.2   -769.1   3667.9
48   16   -235.4   -5.2   3552.1
48   17   384.6   641.4   3348.4
48   18   30.6   411.9   3580.3
49   0   17.8   514.7   3560.9
49   1   29.5   349.8   3589.4
49   2   -100.0   338.9   3566.7
49   3   -252.6   182.5   3644.5
49   4   -273.1   -63.4   3580.0
49   5   173.7   369.0   3592.7
49   6   296.7   528.8   3484.2
49   7   414.7   726.1   3370.7
49   8   26.6   141.1   3637.4
49   9   21.8   -24.9   3645.4
49   10   -68.7   -100.2   3647.4
49   11   -69.1   -436.2   3639.5
49   12   -9.0   -763.7   3662.2
49   13   109.0   -102.3   3659.5
49   14   105.8   -437.8   3644.5
49   15   45.2   -764.9   3663.7
49   16   -269.7   -22.4   3590.7
49   17   395.0   693.2   3389.7
49   18   30.4   416.7   3574.0
50   0   16.6   517.7   3547.1
50   1   29.1   353.5   3581.4
50   2   -98.4   340.5   3559.0
50   3   -242.9   182.4   3643.6
50   4   -282.6   -67.8   3592.0
50   5   171.4   371.0   3587.8
50   6   301.6   538.7   3499.7
50   7   416.2   746.9   3395.2
50   8   26.6   144.6   3627.3
50   9   21.8   -21.2   3638.1
50   10   -66.4   -98.8   3644.4
50   11   -70.8   -435.4   3641.0
50   12   -9.0   -762.5   3666.9
50   13   106.2   -100.7   3657.0
50   14   101.8   -437.0   3654.6
50   15   51.2   -766.4   3667.2
50   16   -276.0   -26.1   3600.6
50   17   397.1   712.2   3412.6
50   18   29.9   420.6   3566.6
51   0   16.1   520.1   3541.0
51   1   27.7   355.6   3575.3
51   2   -97.9   341.0   3555.7
51   3   -238.9   182.1   3641.2
51   4   -271.0   -64.7   3574.6
51   5   166.9   372.0   3586.4
51   6   302.5   534.7   3498.1
51   7   415.6   744.2   3394.4
51   8   26.7   146.4   3621.2
51   9   22.0   -19.2   3634.7
51   10   -62.5   -106.0   3643.6
51   11   -71.7   -443.2   3643.0
51   12   -6.9   -769.6   3679.3
51   13   104.5   -105.0   3656.2
51   14   105.7   -442.0   3649.4
51   15   49.7   -771.1   3671.4
51   16   -265.6   -23.6   3585.7
51   17   396.8   709.3   3411.7
51   18   28.0   422.6   3560.6
52   0   16.3   521.8   3540.1
52   1   25.0   356.4   3571.3
52   2   -99.1   340.3   3553.6
52   3   -238.8   181.4   3639.1
52   4   -243.6   -63.4   3565.2
52   5   161.1   372.5   3586.4
52   6   299.6   520.9   3483.2
52   7   413.4   730.6   3383.2
52   8   26.8   146.3   3618.2
52   9   22.2   -19.2   3633.6
52   10   -63.4   -111.4   3644.4
52   11   -72.0   -449.2   3643.4
52   12   -4.5   -776.7   3676.4
52   13   104.8   -110.9   3656.8
52   14   122.5   -444.0   3615.6
52   15   44.8   -765.7   3663.5
52   16   -242.8   -22.6   3577.5
52   17   394.4   695.7   3399.9
52   18   24.4   423.4   3556.3
53   0   16.8   522.7   3542.8
53   1   21.9   356.6   3569.3
53   2   -101.3   339.1   3552.8
53   3   -241.4   180.9   3637.4
53   4   -222.2   -61.4   3557.7
53   5   155.7   372.5   3586.1
53   6   298.5   505.6   3470.4
53   7   410.9   709.8   3360.3
53   8   26.7   147.3   3616.7
53   9   22.4   -18.1   3633.8
53   10   -65.8   -113.3   3645.1
53   11   -72.0   -451.7   3642.3
53   12   -2.7   -780.0   3679.0
53   13   106.1   -114.6   3658.0
53   14   134.0   -441.6   3583.0
53   15   45.7   -757.8   3655.6
53   16   -225.4   -21.0   3571.0
53   17   392.1   675.8   3378.7
53   18   20.4   423.5   3554.1
54   0   18.2   523.1   3547.2
54   1   19.8   356.5   3568.9
54   2   -103.0   338.4   3552.6
54   3   -243.9   180.5   3635.9
54   4   -217.1   -59.7   3547.8
54   5   152.3   372.2   3585.9
54   6   297.2   494.8   3461.3
54   7   408.0   689.3   3334.0
54   8   26.6   148.8   3617.2
54   9   22.8   -16.5   3634.8
54   10   -66.3   -115.7   3645.6
54   11   -72.0   -454.6   3640.4
54   12   -1.1   -784.2   3677.0
54   13   107.1   -117.0   3659.5
54   14   142.4   -441.6   3570.4
54   15   44.9   -757.1   3646.4
54   16   -221.5   -19.7   3562.5
54   17   389.5   656.9   3355.3
54   18   17.7   423.3   3553.3
55   0   20.5   523.0   3552.9
55   1   18.9   356.4   3569.4
55   2   -104.2   338.6   3552.7
55   3   -245.4   180.4   3634.8
55   4   -222.5   -62.3   3549.1
55   5   150.6   372.0   3585.9
55   6   295.6   485.7   3452.7
55   7   405.7   678.9   3321.1
55   8   26.5   150.6   3619.1
55   9   23.2   -14.7   3636.3
55   10   -66.5   -116.0   3645.9
55   11   -72.0   -455.2   3637.5
55   12   -2.1   -787.6   3665.5
55   13   107.7   -118.1   3660.9
55   14   123.5   -450.2   3620.4
55   15   40.1   -775.3   3640.9
55   16   -226.3   -21.8   3563.4
55   17   387.3   646.7   3343.0
55   18   16.4   423.1   3553.2
56   0   23.3   522.6   3557.3
56   1   18.5   356.3   3570.2
56   2   -104.7   338.7   3552.8
56   3   -247.0   180.3   3632.8
56   4   -221.3   -65.7   3553.3
56   5   149.3   369.9   3585.7
56   6   295.7   479.0   3449.7
56   7   403.1   672.6   3313.8
56   8   26.4   152.3   3621.5
56   9   23.7   -13.1   3638.0
56   10   -66.6   -115.0   3646.2
56   11   -70.9   -454.6   3645.1
56   12   -3.2   -786.2   3670.0
56   13   108.2   -118.6   3661.6
56   14   125.1   -449.8   3602.3
56   15   39.8   -771.0   3650.0
56   16   -225.5   -24.7   3566.5
56   17   385.2   640.3   3336.4
56   18   15.9   422.8   3553.4
57   0   26.9   522.0   3559.3
57   1   18.5   356.1   3570.8
57   2   -104.8   338.6   3552.9
57   3   -249.4   180.8   3630.2
57   4   -216.6   -64.9   3546.7
57   5   148.9   368.8   3585.7
57   6   296.0   474.9   3447.8
57   7   400.7   667.3   3304.9
57   8   26.3   153.6   3623.1
57   9   24.3   -11.9   3639.5
57   10   -66.1   -114.2   3646.6
57   11   -71.6   -453.8   3637.4
57   12   -4.7   -779.4   3685.6
57   13   108.8   -118.7   3662.0
57   14   130.2   -450.5   3597.9
57   15   39.1   -763.9   3669.8
57   16   -222.1   -23.9   3560.6
57   17   383.2   635.3   3328.7
57   18   15.9   422.6   3553.7
58   0   30.2   521.4   3560.2
58   1   18.6   356.0   3571.3
58   2   -104.9   339.0   3553.0
58   3   -253.1   181.7   3624.3
58   4   -216.6   -57.3   3526.9
58   5   148.9   368.3   3585.7
58   6   297.6   469.2   3445.6
58   7   394.6   656.3   3291.9
58   8   26.3   154.5   3624.2
58   9   24.8   -10.9   3641.0
58   10   -65.6   -113.5   3646.9
58   11   -75.4   -452.6   3626.3
58   12   -5.7   -773.8   3681.3
58   13   109.1   -118.8   3662.3
58   14   135.4   -447.6   3582.9
58   15   44.1   -757.7   3662.2
58   16   -222.7   -17.5   3543.1
58   17   378.5   625.1   3317.5
58   18   16.0   422.4   3553.9
59   0   33.3   520.8   3560.6
59   1   18.9   355.9   3571.7
59   2   -104.7   339.3   3553.0
59   3   -257.8   182.7   3614.9
59   4   -217.5   -35.2   3484.5
59   5   149.2   368.1   3585.7
59   6   301.5   458.2   3442.5
59   7   387.9   642.1   3281.3
59   8   26.3   155.3   3625.1
59   9   25.1   -10.1   3642.2
59   10   -65.2   -112.6   3647.3
59   11   -72.0   -451.9   3647.4
59   12   -5.2   -773.3   3683.1
59   13   109.2   -118.5   3662.4
59   14   120.9   -453.3   3624.1
59   15   42.0   -769.4   3659.6
59   16   -224.2   1.1   3506.3
59   17   373.5   611.5   3308.2
59   18   16.4   422.2   3554.1
60   0   35.0   520.5   3560.8
60   1   19.5   355.8   3572.1
60   2   -104.0   339.4   3553.1
60   3   -260.1   179.8   3594.6
60   4   -209.5   -4.4   3427.7
60   5   149.6   367.3   3585.8
60   6   315.1   430.2   3444.6
60   7   373.7   608.2   3269.5
60   8   26.3   155.8   3625.8
60   9   25.2   -9.6   3643.1
60   10   -64.9   -112.0   3648.1
60   11   -65.4   -451.6   3660.5
60   12   -4.8   -773.5   3674.3
60   13   109.1   -118.4   3662.4
60   14   118.7   -451.9   3606.4
60   15   44.9   -766.5   3655.6
60   16   -218.0   26.3   3455.5
60   17   363.9   578.6   3298.7
60   18   17.2   422.1   3554.3
61   0   35.6   520.6   3562.6
61   1   21.2   355.6   3573.5
61   2   -102.1   339.9   3553.8
61   3   -249.2   169.2   3558.8
61   4   -186.5   40.5   3353.2
61   5   149.6   361.3   3585.5
61   6   316.4   390.0   3436.0
61   7   330.3   565.9   3253.0
61   8   26.5   153.8   3627.3
61   9   25.3   -11.6   3644.2
61   10   -64.7   -111.7   3649.4
61   11   -75.2   -451.5   3655.8
61   12   -5.6   -769.8   3675.3
61   13   109.0   -118.4   3662.5
61   14   114.8   -448.7   3586.0
61   15   44.0   -758.1   3658.1
61   16   -197.0   61.9   3387.5
61   17   328.0   536.6   3283.5
61   18   19.5   422.0   3555.8
62   0   35.3   520.9   3567.2
62   1   23.9   355.3   3576.6
62   2   -99.6   340.7   3558.3
62   3   -220.6   154.8   3526.2
62   4   -145.6   108.1   3295.9
62   5   149.1   351.6   3585.1
62   6   299.5   328.4   3421.8
62   7   255.0   504.4   3247.9
62   8   26.6   150.9   3629.4
62   9   25.4   -14.6   3645.5
62   10   -64.5   -111.7   3651.5
62   11   -56.7   -451.3   3662.2
62   12   -5.0   -771.7   3676.2
62   13   108.9   -118.5   3662.5
62   14   105.2   -454.0   3627.2
62   15   42.9   -768.7   3657.4
62   16   -158.2   115.9   3334.2
62   17   262.4   475.1   3276.9
62   18   22.9   421.8   3559.4
63   0   34.6   521.1   3571.1
63   1   27.4   355.0   3579.8
63   2   -96.6   341.6   3564.6
63   3   -185.9   148.9   3493.5
63   4   -94.9   195.4   3271.6
63   5   152.9   346.7   3584.7
63   6   263.5   254.6   3420.9
63   7   178.9   446.2   3283.1
63   8   26.9   148.2   3631.4
63   9   25.4   -17.4   3646.8
63   10   -64.2   -111.9   3655.4
63   11   -59.3   -451.7   3670.0
63   12   -5.0   -771.2   3679.8
63   13   109.0   -118.6   3662.5
63   14   99.2   -456.9   3652.9
63   15   41.4   -774.2   3657.2
63   16   -110.1   187.7   3308.6
63   17   192.9   414.3   3306.1
63   18   27.6   421.6   3563.1
64   0   34.0   521.0   3573.9
64   1   29.7   354.6   3581.4
64   2   -95.0   341.8   3565.6
64   3   -149.8   146.7   3468.6
64   4   -32.8   267.3   3290.3
64   5   153.4   339.2   3575.8
64   6   220.3   189.2   3432.2
64   7   96.5   376.6   3317.2
64   8   27.3   145.8   3632.9
64   9   25.5   -19.7   3649.0
64   10   -62.4   -116.6   3664.4
64   11   -71.9   -456.4   3667.3
64   12   -4.9   -772.1   3686.0
64   13   109.6   -121.4   3662.9
64   14   95.4   -461.1   3665.2
64   15   38.8   -779.2   3658.4
64   16   -52.2   247.3   3320.0
64   17   117.1   345.4   3336.4
64   18   30.4   421.3   3565.0
65   0   33.5   518.0   3575.8
65   1   30.7   352.6   3582.2
65   2   -95.4   340.6   3565.8
65   3   -124.0   145.7   3457.7
65   4   11.2   296.8   3304.7
65   5   153.6   333.3   3567.6
65   6   187.8   147.1   3452.3
65   7   35.2   308.7   3331.7
65   8   27.6   144.1   3633.5
65   9   25.7   -21.2   3652.0
65   10   -58.2   -129.4   3672.6
65   11   -74.9   -469.2   3667.7
65   12   -1.5   -782.7   3710.5
65   13   109.9   -129.5   3663.6
65   14   92.6   -468.3   3643.2
65   15   36.5   -786.1   3669.5
65   16   -11.3   271.7   3330.2
65   17   60.6   281.8   3351.8
65   18   31.6   419.3   3565.8
66   0   33.1   513.6   3577.2
66   1   30.9   349.1   3582.7
66   2   -96.9   338.7   3565.2
66   3   -116.0   143.2   3454.5
66   4   29.4   306.2   3317.8
66   5   154.6   329.5   3561.4
66   6   173.5   124.1   3468.4
66   7   12.5   275.0   3342.7
66   8   28.0   142.0   3634.5
66   9   25.9   -23.0   3655.5
66   10   -57.0   -138.9   3678.0
66   11   -76.3   -479.3   3670.2
66   12   1.7   -789.9   3729.4
66   13   111.4   -135.6   3664.4
66   14   92.6   -475.2   3640.5
66   15   34.8   -792.1   3684.3
66   16   5.2   279.1   3340.6
66   17   39.4   249.9   3363.6
66   18   31.8   415.7   3566.0
67   0   32.6   509.3   3578.3
67   1   30.7   345.2   3583.1
67   2   -98.8   336.7   3564.2
67   3   -117.4   139.5   3456.1
67   4   34.1   307.3   3332.8
67   5   155.8   327.1   3560.5
67   6   169.2   115.1   3476.2
67   7   5.4   262.3   3350.0
67   8   28.3   139.8   3635.8
67   9   26.0   -24.9   3658.6
67   10   -57.0   -146.2   3680.2
67   11   -77.0   -490.0   3671.4
67   12   5.7   -801.9   3693.1
67   13   112.0   -141.9   3665.4
67   14   93.4   -485.3   3646.6
67   15   31.3   -802.4   3682.7
67   16   8.9   279.3   3353.4
67   17   32.7   237.8   3371.1
67   18   31.5   411.7   3566.0
68   0   32.2   505.9   3579.9
68   1   30.3   341.7   3583.6
68   2   -100.6   334.8   3563.7
68   3   -120.8   133.9   3463.2
68   4   28.7   303.6   3343.6
68   5   157.0   325.9   3560.7
68   6   169.4   113.6   3477.1
68   7   4.4   260.0   3353.3
68   8   28.5   138.1   3637.7
68   9   26.2   -26.6   3660.4
68   10   -57.8   -148.9   3680.4
68   11   -77.1   -493.8   3672.3
68   12   6.6   -804.8   3656.5
68   13   112.7   -144.3   3666.4
68   14   89.5   -484.0   3615.9
68   15   32.8   -794.5   3686.0
68   16   3.8   275.3   3363.5
68   17   31.9   235.6   3373.9
68   18   30.9   408.0   3566.0
69   0   31.9   503.9   3583.1
69   1   29.9   339.2   3584.0
69   2   -101.8   333.3   3563.4
69   3   -122.9   130.9   3465.6
69   4   24.7   300.6   3347.7
69   5   157.9   325.5   3561.0
69   6   171.3   115.1   3474.8
69   7   5.1   261.4   3354.4
69   8   28.7   137.1   3639.0
69   9   26.2   -27.7   3661.2
69   10   -58.3   -149.5   3679.6
69   11   -77.1   -494.3   3672.5
69   12   7.0   -805.3   3644.9
69   13   112.7   -145.4   3667.5
69   14   87.7   -482.6   3600.6
69   15   34.9   -789.3   3688.6
69   16   0.1   272.3   3367.3
69   17   32.8   237.0   3374.5
69   18   30.3   405.4   3565.9
70   0   31.7   502.7   3587.9
70   1   29.6   337.3   3585.3
70   2   -102.8   332.0   3563.4
70   3   -123.9   128.8   3466.7
70   4   21.9   298.3   3349.5
70   5   158.5   325.6   3561.5
70   6   172.7   117.6   3471.1
70   7   5.1   264.1   3354.4
70   8   29.0   136.1   3639.9
70   9   26.3   -28.9   3661.4
70   10   -58.8   -148.9   3678.1
70   11   -77.5   -493.1   3671.7
70   12   8.0   -804.0   3644.5
70   13   112.5   -145.4   3667.7
70   14   86.9   -481.0   3594.0
70   15   37.9   -786.3   3689.6
70   16   -2.4   270.0   3369.0
70   17   33.0   239.7   3373.8
70   18   29.7   403.5   3567.3
71   0   31.5   502.5   3593.6
71   1   29.4   336.0   3587.7
71   2   -103.2   331.1   3563.5
71   3   -123.9   127.5   3466.7
71   4   20.6   297.3   3350.5
71   5   158.9   325.8   3562.0
71   6   173.4   119.4   3468.8
71   7   5.1   265.9   3354.0
71   8   29.4   132.9   3641.1
71   9   26.4   -32.1   3661.7
71   10   -58.9   -148.1   3677.2
71   11   -79.0   -491.5   3670.1
71   12   9.1   -802.7   3653.0
71   13   112.3   -145.1   3667.9
71   14   86.8   -479.8   3592.0
71   15   39.3   -785.2   3689.7
71   16   -3.5   269.0   3369.9
71   17   33.2   241.5   3373.1
71   18   29.4   402.4   3570.3
72   0   31.4   503.1   3597.0
72   1   29.3   335.2   3590.2
72   2   -103.3   330.4   3563.6
72   3   -123.7   126.5   3466.6
72   4   19.9   297.0   3351.7
72   5   159.2   326.1   3562.5
72   6   173.8   120.5   3467.5
72   7   5.3   266.8   3353.4
72   8   29.8   129.3   3642.2
72   9   26.4   -35.8   3662.0
72   10   -59.0   -147.3   3676.8
72   11   -81.0   -489.8   3667.1
72   12   9.6   -801.7   3669.1
72   13   112.0   -144.8   3667.9
72   14   86.9   -478.7   3591.1
72   15   39.9   -785.2   3689.7
72   16   -4.0   268.6   3370.8
72   17   33.4   242.4   3372.4
72   18   29.2   401.7   3573.4
73   0   31.4   503.9   3598.7
73   1   29.3   334.6   3592.5
73   2   -103.2   329.7   3563.7
73   3   -123.8   125.8   3466.4
73   4   19.7   297.5   3354.1
73   5   159.5   326.4   3563.0
73   6   174.0   121.0   3467.3
73   7   5.6   266.7   3352.9
73   8   29.9   125.9   3643.2
73   9   26.4   -39.3   3662.0
73   10   -59.1   -146.4   3676.3
73   11   -77.4   -489.5   3668.1
73   12   9.2   -802.8   3674.2
73   13   111.8   -144.5   3667.8
73   14   90.4   -482.4   3611.4
73   15   37.8   -793.6   3687.2
73   16   -4.2   268.9   3372.8
73   17   33.7   242.4   3372.0
73   18   29.1   401.3   3576.3
74   0   31.4   504.4   3599.4
74   1   29.3   334.0   3594.3
74   2   -103.2   329.1   3563.9
74   3   -123.7   125.0   3466.2
74   4   20.4   299.3   3359.1
74   5   159.8   326.5   3563.4
74   6   174.1   120.9   3467.8
74   7   5.7   265.8   3352.5
74   8   30.0   122.9   3643.9
74   9   26.3   -42.4   3661.9
74   10   -59.3   -145.6   3675.8
74   11   -80.1   -488.3   3666.3
74   12   9.4   -802.1   3684.3
74   13   111.6   -144.3   3667.5
74   14   94.3   -485.2   3641.3
74   15   35.2   -802.5   3681.1
74   16   -3.6   270.2   3377.0
74   17   33.8   241.6   3371.7
74   18   29.1   400.9   3578.6
75   0   31.5   504.1   3599.7
75   1   29.3   333.4   3595.3
75   2   -103.2   328.3   3563.9
75   3   -123.6   124.2   3466.0
75   4   21.3   301.9   3366.4
75   5   160.4   326.5   3563.8
75   6   174.1   120.8   3468.0
75   7   4.7   263.8   3352.0
75   8   30.0   120.4   3644.5
75   9   26.3   -45.0   3661.7
75   10   -59.4   -145.1   3675.2
75   11   -83.2   -487.3   3664.7
75   12   9.6   -800.1   3696.2
75   13   111.3   -144.1   3667.2
75   14   91.9   -481.3   3616.2
75   15   37.0   -794.9   3684.5
75   16   -2.8   272.2   3383.0
75   17   33.0   240.0   3371.4
75   18   29.1   400.4   3579.9
76   0   31.6   502.7   3600.0
76   1   29.3   332.8   3595.8
76   2   -103.3   327.4   3564.0
76   3   -123.3   123.2   3465.8
76   4   21.3   304.1   3371.7
76   5   161.0   326.4   3564.2
76   6   174.1   120.7   3468.0
76   7   3.1   261.4   3351.8
76   8   30.0   118.4   3644.9
76   9   26.2   -47.1   3661.4
76   10   -59.3   -145.0   3674.5
76   11   -89.9   -486.1   3661.3
76   12   10.2   -798.2   3702.9
76   13   111.1   -144.2   3667.0
76   14   94.6   -477.3   3593.6
76   15   37.5   -786.6   3688.1
76   16   -2.8   274.0   3387.4
76   17   31.6   237.9   3371.2
76   18   29.1   399.8   3580.5
77   0   31.7   500.5   3600.2
77   1   29.3   332.2   3596.1
77   2   -103.4   326.5   3564.0
77   3   -122.9   122.2   3465.5
77   4   21.0   306.7   3377.4
77   5   161.6   326.3   3564.6
77   6   174.2   120.6   3467.9
77   7   1.2   258.9   3351.9
77   8   29.9   116.8   3645.3
77   9   26.2   -48.8   3661.0
77   10   -59.2   -145.0   3673.8
77   11   -90.5   -485.6   3660.1
77   12   11.0   -797.8   3705.2
77   13   110.8   -144.5   3666.6
77   14   98.8   -480.9   3611.6
77   15   33.9   -795.1   3687.7
77   16   -3.0   275.9   3392.1
77   17   30.0   235.8   3371.3
77   18   29.1   399.2   3580.8
78   0   31.8   498.1   3600.0
78   1   29.3   331.7   3596.1
78   2   -103.5   325.5   3564.0
78   3   -122.8   121.2   3465.3
78   4   20.2   308.7   3382.3
78   5   162.2   326.1   3565.1
78   6   174.3   120.1   3468.9
78   7   -0.4   255.9   3352.5
78   8   29.9   115.5   3645.5
78   9   26.1   -50.1   3660.6
78   10   -59.1   -145.1   3673.5
78   11   -91.8   -485.2   3659.1
78   12   11.7   -799.0   3704.6
78   13   110.5   -144.8   3666.5
78   14   98.6   -483.0   3621.1
78   15   32.0   -802.0   3688.1
78   16   -3.6   277.5   3396.1
78   17   28.7   233.2   3371.9
78   18   29.1   398.7   3580.8
79   0   31.9   496.1   3598.8
79   1   29.3   331.3   3596.1
79   2   -103.7   324.7   3563.9
79   3   -122.7   120.4   3465.1
79   4   19.8   309.1   3384.0
79   5   162.8   325.9   3565.5
79   6   174.4   119.8   3469.3
79   7   -2.1   254.0   3353.9
79   8   29.9   114.5   3645.6
79   9   26.1   -51.1   3660.2
79   10   -59.5   -144.3   3673.3
79   11   -93.6   -483.7   3653.3
79   12   10.9   -796.3   3700.9
79   13   110.3   -144.7   3666.5
79   14   98.8   -484.7   3639.9
79   15   31.2   -806.9   3684.7
79   16   -3.9   277.6   3397.5
79   17   27.4   231.6   3373.2
79   18   29.1   398.3   3580.7
80   0   32.4   494.6   3596.5
80   1   29.3   331.1   3596.0
80   2   -103.8   324.0   3563.9
80   3   -122.8   119.7   3464.9
80   4   19.5   308.6   3384.0
80   5   163.3   325.7   3566.0
80   6   174.6   119.6   3469.5
80   7   -3.1   252.1   3354.1
80   8   29.9   113.9   3645.7
80   9   26.0   -51.8   3659.7
80   10   -60.1   -143.0   3673.0
80   11   -92.0   -482.5   3653.2
80   12   10.7   -796.5   3694.9
80   13   110.2   -144.4   3666.5
80   14   95.3   -480.1   3613.1
80   15   35.0   -796.7   3688.6
80   16   -4.2   277.2   3397.5
80   17   26.5   230.0   3373.3
80   18   29.2   398.0   3580.6
81   0   33.1   493.4   3594.4
81   1   29.3   331.0   3595.8
81   2   -104.0   323.6   3563.8
81   3   -122.9   119.3   3464.8
81   4   18.8   308.5   3383.6
81   5   163.6   325.5   3566.4
81   6   174.9   119.6   3469.5
81   7   -5.2   247.1   3352.3
81   8   29.9   113.5   3645.8
81   9   26.0   -52.3   3659.1
81   10   -61.6   -138.2   3672.4
81   11   -85.9   -478.3   3659.7
81   12   9.0   -794.5   3688.8
81   13   109.9   -142.4   3666.1
81   14   93.7   -470.8   3580.9
81   15   40.1   -777.1   3689.6
81   16   -4.8   276.9   3397.1
81   17   24.8   225.9   3371.8
81   18   29.2   397.9   3580.5
82   0   33.9   492.6   3592.4
82   1   29.4   331.0   3595.7
82   2   -104.1   323.3   3563.7
82   3   -122.9   119.0   3464.7
82   4   17.9   308.3   3382.5
82   5   163.8   325.1   3566.9
82   6   175.2   119.5   3469.4
82   7   -5.5   244.8   3350.7
82   8   29.9   113.3   3645.7
82   9   25.9   -52.5   3658.2
82   10   -60.4   -139.2   3671.0
82   11   -86.5   -479.2   3661.9
82   12   8.7   -795.5   3686.8
82   13   109.2   -142.3   3665.8
82   14   94.5   -469.6   3572.8
82   15   41.3   -773.2   3692.2
82   16   -5.5   276.8   3396.2
82   17   24.6   223.9   3370.5
82   18   29.2   398.0   3580.4
83   0   34.8   491.9   3590.3
83   1   29.4   331.1   3595.6
83   2   -104.1   323.0   3563.7
83   3   -122.9   118.7   3464.5
83   4   17.0   308.5   3382.2
83   5   163.9   324.7   3567.4
83   6   175.6   119.4   3469.2
83   7   -4.1   245.4   3349.8
83   8   29.9   113.2   3645.7
83   9   25.9   -52.7   3657.1
83   10   -59.3   -140.6   3669.4
83   11   -87.6   -480.4   3660.7
83   12   8.4   -797.4   3687.2
83   13   109.0   -142.3   3665.7
83   14   96.1   -468.4   3566.7
83   15   41.8   -771.1   3692.5
83   16   -6.3   276.9   3395.9
83   17   25.8   224.4   3369.7
83   18   29.2   398.0   3580.2
84   0   35.7   491.3   3588.9
84   1   29.4   331.1   3595.5
84   2   -104.0   322.6   3563.6
84   3   -123.0   118.4   3464.3
84   4   16.2   308.9   3382.4
84   5   163.9   324.4   3568.0
84   6   176.0   119.4   3469.1
84   7   -1.0   248.7   3349.3
84   8   29.9   113.1   3645.6
84   9   25.9   -52.9   3655.8
84   10   -59.2   -141.0   3667.3
84   11   -88.1   -480.6   3656.7
84   12   8.5   -798.4   3689.3
84   13   109.0   -142.4   3665.5
84   14   98.5   -469.0   3567.7
84   15   41.8   -774.1   3690.8
84   16   -7.0   277.1   3396.0
84   17   28.5   227.1   3369.3
84   18   29.2   398.1   3580.1
85   0   36.5   490.8   3588.0
85   1   29.4   331.2   3595.4
85   2   -103.8   322.2   3563.6
85   3   -123.0   118.1   3463.9
85   4   16.2   308.9   3382.4
85   5   163.9   324.0   3568.6
85   6   176.6   119.4   3469.0
85   7   4.0   256.0   3351.3
85   8   29.9   113.0   3645.6
85   9   25.9   -53.0   3654.3
85   10   -60.3   -140.0   3664.5
85   11   -82.2   -480.0   3662.3
85   12   7.0   -799.0   3694.5
85   13   109.1   -142.3   3665.3
85   14   101.0   -476.3   3612.4
85   15   37.6   -791.3   3685.8
85   16   -7.0   277.1   3396.0
85   17   32.8   233.3   3370.9
85   18   29.3   398.1   3580.0
86   0   37.4   490.4   3587.6
86   1   29.4   331.2   3595.3
86   2   -103.5   321.7   3563.5
86   3   -123.0   117.9   3463.3
86   4   16.5   308.6   3382.3
86   5   163.9   323.8   3569.1
86   6   177.4   119.5   3469.0
86   7   8.8   263.3   3354.1
86   8   29.9   112.9   3645.5
86   9   25.9   -53.1   3653.3
86   10   -62.0   -137.8   3661.7
86   11   -81.6   -478.1   3662.0
86   12   4.7   -794.4   3706.6
86   13   109.1   -142.3   3665.1
86   14   101.4   -480.4   3647.8
86   15   36.0   -800.5   3680.4
86   16   -6.7   276.8   3395.8
86   17   36.9   239.3   3373.2
86   18   29.3   398.1   3579.9
87   0   38.2   490.0   3587.5
87   1   29.5   331.2   3595.1
87   2   -103.2   321.3   3563.4
87   3   -123.0   117.7   3463.1
87   4   17.2   307.8   3382.0
87   5   163.9   323.8   3569.6
87   6   178.4   119.7   3469.1
87   7   13.5   269.2   3355.9
87   8   29.9   112.9   3645.4
87   9   25.9   -53.2   3652.4
87   10   -63.4   -136.3   3659.0
87   11   -82.4   -476.5   3656.2
87   12   3.8   -791.4   3709.1
87   13   109.3   -142.3   3664.8
87   14   101.4   -482.4   3663.3
87   15   35.7   -805.5   3678.4
87   16   -6.2   276.1   3395.5
87   17   41.0   244.3   3374.8
87   18   29.3   398.1   3579.7
88   0   38.8   489.7   3587.5
88   1   29.5   331.2   3594.9
88   2   -102.8   321.0   3563.4
88   3   -122.9   117.4   3462.9
88   4   18.1   306.7   3381.3
88   5   163.8   323.8   3570.0
88   6   179.5   120.0   3469.2
88   7   19.3   276.0   3358.1
88   8   29.9   112.8   3644.8
88   9   25.9   -53.3   3651.6
88   10   -64.2   -135.5   3657.5
88   11   -79.2   -475.7   3666.0
88   12   3.9   -791.5   3709.7
88   13   109.4   -142.4   3664.5
88   14   101.0   -483.2   3667.8
88   15   36.0   -806.5   3677.8
88   16   -5.4   275.1   3394.9
88   17   46.0   250.0   3376.6
88   18   29.4   398.1   3579.6
89   0   39.2   489.4   3587.6
89   1   29.6   331.2   3594.6
89   2   -102.3   320.6   3563.3
89   3   -122.9   117.3   3462.5
89   4   19.0   305.6   3380.4
89   5   163.6   323.8   3570.2
89   6   181.0   120.3   3469.2
89   7   24.8   281.2   3359.6
89   8   29.9   112.6   3643.7
89   9   25.9   -53.5   3650.8
89   10   -64.7   -135.1   3656.0
89   11   -75.3   -475.2   3670.1
89   12   4.4   -791.1   3708.6
89   13   109.5   -142.5   3664.0
89   14   100.6   -483.4   3668.8
89   15   36.2   -805.5   3677.8
89   16   -4.6   274.2   3394.1
89   17   50.8   254.4   3377.8
89   18   29.4   398.1   3579.5
90   0   39.6   489.3   3587.7
90   1   29.6   331.1   3594.1
90   2   -101.7   320.3   3563.2
90   3   -122.8   117.3   3461.8
90   4   19.8   305.1   3379.8
90   5   163.5   323.9   3570.2
90   6   182.8   120.6   3469.1
90   7   27.8   282.1   3358.4
90   8   29.9   112.3   3642.0
90   9   25.9   -53.7   3649.8
90   10   -65.3   -134.4   3654.2
90   11   -69.6   -474.6   3670.5
90   12   4.6   -790.5   3706.5
90   13   109.6   -142.6   3663.1
90   14   100.3   -483.3   3668.6
90   15   35.5   -803.7   3678.7
90   16   -3.9   273.8   3393.5
90   17   53.6   255.2   3376.8
90   18   29.5   398.1   3579.4
91   0   39.9   489.1   3587.7
91   1   29.7   331.0   3593.4
91   2   -101.0   320.0   3563.2
91   3   -122.7   117.5   3461.1
91   4   20.5   304.4   3378.2
91   5   163.3   324.0   3570.3
91   6   184.6   121.0   3469.0
91   7   28.6   280.5   3356.8
91   8   29.9   111.9   3639.6
91   9   25.9   -54.0   3648.9
91   10   -65.5   -134.2   3653.4
91   11   -66.6   -474.3   3670.1
91   12   5.5   -789.2   3705.3
91   13   109.7   -142.6   3662.3
91   14   97.6   -482.9   3655.9
91   15   36.0   -800.7   3683.0
91   16   -3.3   273.2   3392.0
91   17   54.6   253.9   3375.5
91   18   29.7   398.1   3579.3
92   0   40.3   489.0   3587.8
92   1   29.9   330.8   3592.6
92   2   -100.3   319.9   3563.1
92   3   -122.5   117.8   3460.4
92   4   21.0   303.3   3375.3
92   5   163.1   324.1   3570.3
92   6   186.8   121.4   3469.0
92   7   29.8   279.3   3356.2
92   8   29.9   111.5   3636.6
92   9   25.9   -54.2   3648.1
92   10   -65.6   -134.2   3653.1
92   11   -65.1   -474.3   3669.0
92   12   6.9   -787.9   3704.6
92   13   109.8   -142.7   3661.1
92   14   94.7   -480.3   3627.0
92   15   37.7   -791.2   3689.5
92   16   -2.9   272.4   3389.5
92   17   56.0   253.0   3375.0
92   18   29.8   398.1   3579.1
93   0   40.5   489.0   3587.8
93   1   30.0   330.8   3592.0
93   2   -99.6   319.8   3563.1
93   3   -122.3   118.1   3459.8
93   4   21.6   302.8   3373.6
93   5   162.9   324.2   3570.3
93   6   190.2   121.8   3469.4
93   7   31.9   278.0   3356.1
93   8   29.9   111.3   3634.7
93   9   25.9   -54.3   3647.6
93   10   -65.6   -134.2   3653.1
93   11   -65.9   -474.3   3667.7
93   12   7.7   -788.6   3703.3
93   13   109.9   -142.7   3659.9
93   14   93.5   -479.6   3616.4
93   15   37.7   -789.3   3694.0
93   16   -2.4   272.0   3387.9
93   17   58.3   252.0   3375.0
93   18   30.0   398.1   3578.9
94   0   40.6   489.0   3587.8
94   1   30.1   330.7   3591.6
94   2   -99.1   319.9   3563.1
94   3   -122.1   118.7   3458.9
94   4   22.6   302.7   3372.6
94   5   162.7   324.3   3570.3
94   6   192.3   122.2   3469.7
94   7   33.5   277.9   3356.7
94   8   29.9   111.2   3633.3
94   9   25.9   -54.2   3647.3
94   10   -65.6   -134.2   3653.1
94   11   -66.2   -474.2   3668.3
94   12   7.6   -788.6   3702.5
94   13   110.1   -142.7   3658.4
94   14   96.3   -481.2   3633.5
94   15   35.8   -793.8   3691.6
94   16   -1.5   272.0   3387.0
94   17   60.0   251.9   3375.5
94   18   30.2   398.1   3578.8
