5   0   -433.6   -115.6   3604.0
5   1   -433.4   -279.9   3563.2
5   2   -575.0   -283.1   3528.5
5   3   -561.6   -450.7   3401.7
5   4   -387.8   -267.5   3394.6
5   5   -296.7   -300.4   3590.8
5   6   -284.7   -459.7   3453.6
5   7   -284.7   -756.4   3453.6
5   8   -431.8   -485.1   3532.1
5   9   -431.6   -643.8   3503.5
5   10   -523.9   -726.5   3476.0
5   11   -480.2   -1049.4   3363.5
5   12   -464.1   -1362.8   3445.2
5   13   -341.7   -736.3   3508.2
5   14   -380.1   -1066.8   3417.8
5   15   -400.2   -1388.7   3450.5
5   16   -416.7   -298.0   3395.8
5   17   -284.7   -670.3   3453.6
5   18   -434.0   -211.2   3573.6
6   0   -433.1   -114.1   3606.6
6   1   -433.8   -278.3   3565.6
6   2   -573.9   -281.6   3528.1
6   3   -563.1   -450.3   3401.6
6   4   -390.8   -266.3   3389.2
6   5   -296.4   -298.1   3590.8
6   6   -279.2   -460.8   3458.2
6   7   -251.6   -762.8   3481.5
6   8   -432.6   -483.7   3533.5
6   9   -432.3   -642.9   3505.8
6   10   -522.8   -720.8   3477.4
6   11   -484.4   -1046.9   3372.5
6   12   -464.7   -1361.6   3442.3
6   13   -343.3   -730.0   3509.1
6   14   -377.7   -1062.1   3421.6
6   15   -395.6   -1384.4   3448.9
6   16   -419.5   -297.0   3391.2
6   17   -251.6   -676.7   3481.5
6   18   -434.2   -209.7   3576.4
7   0   -432.1   -109.7   3614.5
7   1   -435.2   -273.2   3572.5
7   2   -571.3   -276.0   3528.2
7   3   -565.9   -449.3   3404.0
7   4   -398.1   -263.3   3378.4
7   5   -297.4   -292.3   3591.0
7   6   -266.4   -462.4   3469.5
7   7   -241.1   -762.4   3491.4
7   8   -434.9   -478.8   3538.0
7   9   -434.4   -640.0   3513.3
7   10   -517.4   -708.8   3482.2
7   11   -491.5   -1040.4   3389.7
7   12   -467.2   -1357.6   3432.2
7   13   -350.6   -716.1   3511.5
7   14   -373.6   -1051.7   3430.8
7   15   -383.6   -1374.4   3443.8
7   16   -426.0   -294.3   3382.7
7   17   -241.1   -676.3   3491.4
7   18   -435.3   -204.7   3584.0
8   0   -430.8   -104.0   3623.9
8   1   -436.8   -266.4   3581.0
8   2   -567.5   -270.2   3529.3
8   3   -569.2   -449.7   3408.0
8   4   -407.2   -262.2   3364.7
8   5   -298.9   -284.8   3591.6
8   6   -260.2   -461.2   3473.6
8   7   -255.9   -756.1   3476.0
8   8   -437.4   -472.4   3543.6
8   9   -436.5   -636.8   3521.7
8   10   -511.5   -697.4   3486.9
8   11   -498.8   -1034.3   3406.1
8   12   -466.5   -1353.7   3420.3
8   13   -357.4   -702.3   3514.5
8   14   -369.4   -1041.4   3440.9
8   15   -372.6   -1364.6   3438.1
8   16   -434.2   -293.5   3371.9
8   17   -255.9   -670.0   3476.0
8   18   -436.6   -198.1   3593.3
9   0   -429.7   -100.3   3629.1
9   1   -437.9   -261.7   3586.1
9   2   -564.6   -267.0   3530.2
9   3   -571.8   -450.3   3408.7
9   4   -410.4   -264.2   3355.0
9   5   -300.6   -280.1   3592.0
9   6   -262.7   -460.9   3473.1
9   7   -267.1   -757.5   3470.9
9   8   -439.0   -468.8   3547.2
9   9   -437.7   -635.9   3526.1
9   10   -510.4   -690.9   3487.8
9   11   -503.3   -1030.9   3415.2
9   12   -461.6   -1351.2   3414.3
9   13   -359.3   -695.4   3516.1
9   14   -366.6   -1036.1   3445.7
9   15   -365.8   -1359.8   3435.3
9   16   -437.3   -295.2   3363.9
9   17   -267.1   -671.4   3470.9
9   18   -437.5   -193.4   3598.9
10   0   -429.2   -98.8   3630.3
10   1   -438.5   -259.4   3588.0
10   2   -563.1   -266.0   3530.6
10   3   -573.1   -450.7   3406.4
10   4   -411.8   -263.8   3352.5
10   5   -302.0   -278.2   3592.3
10   6   -265.4   -463.1   3473.9
10   7   -409.4   -323.3   3319.6
10   8   -439.7   -468.5   3548.3
10   9   -438.1   -637.0   3526.3
10   10   -513.0   -690.4   3486.3
10   11   -505.5   -1031.5   3418.1
10   12   -457.4   -1351.9   3415.7
10   13   -356.6   -694.7   3516.2
10   14   -365.3   -1035.5   3446.8
10   15   -362.9   -1359.5   3434.3
10   16   -438.7   -295.0   3361.5
10   17   -385.8   -347.0   3345.3
10   18   -438.1   -191.1   3600.9
11   0   -428.9   -98.9   3629.8
11   1   -438.6   -258.5   3587.9
11   2   -563.0   -266.4   3532.1
11   3   -573.7   -451.8   3405.6
11   4   -413.1   -264.2   3351.7
11   5   -303.0   -277.8   3592.4
11   6   -266.6   -464.1   3472.2
11   7   -407.9   -318.7   3322.6
11   8   -439.4   -469.9   3547.8
11   9   -437.9   -638.5   3524.7
11   10   -516.5   -692.0   3484.5
11   11   -506.2   -1033.1   3418.3
11   12   -455.9   -1353.6   3420.9
11   13   -352.6   -695.9   3515.8
11   14   -364.6   -1036.4   3447.0
11   15   -363.2   -1360.4   3433.8
11   16   -439.8   -295.5   3360.7
11   17   -384.6   -343.1   3347.8
11   18   -438.4   -190.2   3600.8
12   0   -428.7   -98.6   3628.8
12   1   -438.5   -258.4   3586.8
12   2   -563.7   -267.4   3534.6
12   3   -574.0   -452.5   3405.3
12   4   -413.7   -264.4   3351.7
12   5   -303.7   -278.1   3592.5
12   6   -266.7   -464.9   3470.7
12   7   -407.0   -309.1   3332.4
12   8   -438.6   -471.4   3546.1
12   9   -437.4   -639.9   3522.3
12   10   -519.3   -693.7   3483.3
12   11   -506.2   -1034.5   3417.9
12   12   -456.0   -1355.0   3424.4
12   13   -349.3   -697.4   3515.6
12   14   -364.4   -1037.5   3446.8
12   15   -365.4   -1361.6   3433.7
12   16   -440.4   -295.8   3360.6
12   17   -383.7   -335.1   3355.7
12   18   -438.4   -190.1   3599.8
13   0   -428.5   -98.3   3628.1
13   1   -438.2   -258.5   3585.3
13   2   -564.0   -268.2   3535.8
13   3   -574.1   -452.7   3403.9
13   4   -413.8   -264.2   3352.2
13   5   -304.4   -278.8   3592.6
13   6   -266.1   -465.7   3469.4
13   7   -406.6   -298.1   3345.4
13   8   -437.7   -472.5   3543.6
13   9   -436.8   -640.8   3519.5
13   10   -521.0   -694.8   3482.6
13   11   -506.2   -1035.7   3417.8
13   12   -458.8   -1356.5   3428.2
13   13   -347.2   -698.6   3515.4
13   14   -364.5   -1038.6   3446.4
13   15   -367.5   -1362.7   3433.8
13   16   -440.5   -295.6   3360.8
13   17   -383.3   -326.0   3366.2
13   18   -438.3   -190.3   3598.6
14   0   -428.4   -98.0   3627.8
14   1   -437.9   -258.7   3584.1
14   2   -564.1   -268.6   3536.5
14   3   -574.4   -453.2   3403.3
14   4   -414.6   -263.9   3352.6
14   5   -304.7   -279.0   3592.6
14   6   -265.7   -466.1   3468.5
14   7   -409.3   -294.4   3352.5
14   8   -436.7   -473.2   3541.7
14   9   -436.1   -641.3   3517.4
14   10   -521.6   -695.2   3482.5
14   11   -506.1   -1036.7   3418.0
14   12   -460.6   -1357.7   3429.9
14   13   -346.4   -699.5   3515.3
14   14   -364.7   -1039.9   3445.9
14   15   -368.3   -1363.9   3434.1
14   16   -441.3   -295.5   3361.0
14   17   -385.4   -322.9   3371.9
14   18   -438.2   -190.6   3597.5
15   0   -428.2   -97.6   3627.7
15   1   -437.6   -258.9   3583.3
15   2   -564.2   -268.8   3536.9
15   3   -574.6   -453.7   3403.4
15   4   -416.2   -263.4   3352.6
15   5   -304.9   -279.0   3592.6
15   6   -265.4   -466.2   3467.8
15   7   -410.1   -291.3   3356.9
15   8   -435.8   -473.6   3540.5
15   9   -435.5   -641.7   3516.1
15   10   -521.3   -695.2   3482.7
15   11   -506.1   -1037.8   3418.2
15   12   -461.3   -1358.8   3430.2
15   13   -346.2   -699.9   3515.2
15   14   -364.8   -1041.2   3445.5
15   15   -367.6   -1365.3   3434.0
15   16   -442.6   -295.1   3361.1
15   17   -385.9   -320.4   3375.4
15   18   -438.1   -190.8   3596.8
16   0   -428.2   -97.3   3627.7
16   1   -437.3   -259.1   3582.8
16   2   -564.1   -268.7   3537.2
16   3   -575.2   -454.3   3403.9
16   4   -418.5   -262.8   3352.4
16   5   -305.0   -278.9   3592.6
16   6   -265.3   -466.6   3467.9
16   7   -410.1   -290.4   3358.7
16   8   -435.1   -473.8   3539.9
16   9   -435.0   -642.0   3515.4
16   10   -520.8   -695.0   3483.0
16   11   -506.0   -1038.8   3418.2
16   12   -461.3   -1359.8   3429.9
16   13   -346.3   -699.9   3515.2
16   14   -364.9   -1042.5   3445.2
16   15   -366.0   -1366.5   3433.5
16   16   -444.6   -294.8   3361.0
16   17   -385.9   -319.7   3376.9
16   18   -438.0   -191.0   3596.4
17   0   -428.2   -97.1   3627.7
17   1   -437.1   -259.2   3582.5
17   2   -564.1   -268.7   3537.8
17   3   -576.3   -454.5   3404.1
17   4   -419.6   -263.0   3352.4
17   5   -305.1   -278.8   3592.6
17   6   -265.0   -466.8   3467.8
17   7   -410.1   -290.6   3359.1
17   8   -434.6   -473.7   3539.6
17   9   -434.7   -642.2   3515.1
17   10   -520.1   -694.7   3483.2
17   11   -506.0   -1039.5   3418.1
17   12   -461.0   -1360.5   3429.3
17   13   -346.6   -699.9   3515.2
17   14   -365.0   -1043.5   3445.0
17   15   -365.3   -1367.5   3433.4
17   16   -445.7   -294.9   3361.0
17   17   -385.9   -319.9   3377.2
17   18   -437.9   -191.1   3596.1
18   0   -428.2   -96.9   3627.8
18   1   -436.9   -259.4   3582.4
18   2   -563.9   -268.6   3538.1
18   3   -577.4   -454.5   3404.2
18   4   -420.2   -263.5   3352.5
18   5   -305.3   -278.7   3592.6
18   6   -264.8   -466.9   3467.7
18   7   -410.1   -290.8   3359.0
18   8   -434.1   -473.5   3539.4
18   9   -434.3   -642.4   3514.9
18   10   -519.4   -694.3   3483.4
18   11   -505.9   -1039.8   3417.9
18   12   -461.1   -1360.8   3429.2
18   13   -346.8   -699.7   3515.2
18   14   -365.0   -1044.0   3444.7
18   15   -364.8   -1368.0   3433.5
18   16   -446.4   -295.4   3361.1
18   17   -385.9   -320.2   3377.1
18   18   -437.8   -191.2   3596.0
19   0   -428.2   -96.8   3628.0
19   1   -436.7   -259.5   3582.3
19   2   -563.6   -268.5   3538.2
19   3   -578.0   -454.5   3404.2
19   4   -420.4   -263.8   3352.6
19   5   -305.4   -278.6   3592.6
19   6   -264.8   -466.9   3467.4
19   7   -410.2   -290.9   3358.8
19   8   -433.6   -473.2   3539.4
19   9   -434.0   -642.4   3514.9
19   10   -518.8   -694.0   3483.7
19   11   -505.8   -1040.0   3417.8
19   12   -461.5   -1361.1   3429.8
19   13   -347.0   -699.6   3515.2
19   14   -365.0   -1044.4   3444.6
19   15   -364.8   -1368.5   3433.8
19   16   -446.7   -295.6   3361.2
19   17   -386.0   -320.2   3376.9
19   18   -437.7   -191.4   3596.0
20   0   -428.2   -96.7   3628.2
20   1   -436.5   -259.6   3582.3
20   2   -563.4   -268.4   3538.4
20   3   -578.4   -454.5   3404.2
20   4   -420.5   -264.1   3352.7
20   5   -305.4   -278.4   3592.6
20   6   -265.1   -466.2   3466.2
20   7   -411.0   -290.2   3358.3
20   8   -432.9   -472.9   3539.4
20   9   -433.7   -642.5   3514.8
20   10   -518.2   -693.9   3483.9
20   11   -505.8   -1040.3   3417.7
20   12   -461.3   -1361.3   3430.1
20   13   -347.1   -699.5   3515.2
20   14   -364.9   -1044.8   3444.5
20   15   -364.9   -1369.2   3444.4
20   16   -446.8   -295.8   3361.3
20   17   -386.7   -319.6   3376.3
20   18   -437.7   -191.5   3596.0
21   0   -428.2   -96.7   3628.4
21   1   -436.3   -259.7   3582.3
21   2   -563.2   -268.4   3538.5
21   3   -578.6   -454.5   3404.1
21   4   -420.4   -264.2   3352.7
21   5   -305.5   -278.3   3592.6
21   6   -265.4   -465.2   3464.5
21   7   -412.1   -289.3   3357.8
21   8   -432.2   -472.7   3539.4
21   9   -433.3   -642.5   3514.8
21   10   -517.6   -694.0   3484.1
21   11   -505.7   -1040.6   3417.7
21   12   -460.7   -1361.5   3430.2
21   13   -347.1   -699.6   3515.2
21   14   -364.9   -1045.2   3444.4
21   15   -364.9   -1369.6   3444.5
21   16   -446.8   -295.9   3361.3
21   17   -387.7   -318.6   3375.6
21   18   -437.6   -191.6   3596.0
22   0   -428.2   -96.7   3628.6
22   1   -436.0   -259.8   3582.2
22   2   -563.0   -268.3   3538.5
22   3   -578.6   -454.5   3404.0
22   4   -420.4   -264.2   3352.6
22   5   -305.5   -278.2   3592.6
22   6   -265.8   -463.9   3462.4
22   7   -413.7   -287.9   3357.3
22   8   -431.5   -472.5   3539.5
22   9   -433.0   -642.5   3514.8
22   10   -517.1   -694.1   3484.3
22   11   -505.7   -1040.9   3417.7
22   12   -460.6   -1361.8   3429.5
22   13   -347.0   -699.8   3515.1
22   14   -364.9   -1045.6   3444.4
22   15   -364.9   -1370.0   3444.4
22   16   -446.7   -295.9   3361.2
22   17   -389.0   -317.2   3374.8
22   18   -437.5   -191.7   3595.9
23   0   -428.2   -96.8   3628.6
23   1   -435.8   -259.9   3582.2
23   2   -562.8   -268.3   3538.6
23   3   -578.6   -454.5   3404.0
23   4   -420.5   -264.2   3352.5
23   5   -305.5   -278.1   3592.6
23   6   -266.0   -463.3   3461.7
23   7   -414.3   -287.4   3357.1
23   8   -430.8   -472.3   3539.5
23   9   -432.6   -642.5   3514.8
23   10   -516.8   -693.7   3484.4
23   11   -505.6   -1040.9   3417.8
23   12   -460.9   -1361.9   3429.1
23   13   -346.8   -699.6   3515.1
23   14   -364.9   -1045.7   3444.5
23   15   -364.9   -1369.9   3444.5
23   16   -446.8   -295.9   3361.1
23   17   -389.6   -316.7   3374.5
23   18   -437.4   -191.8   3595.9
24   0   -428.2   -96.8   3628.7
24   1   -435.6   -260.0   3582.2
24   2   -562.6   -268.2   3538.7
24   3   -578.5   -454.5   3404.1
24   4   -420.6   -264.1   3352.5
24   5   -305.4   -277.9   3592.6
24   6   -266.1   -463.1   3461.4
24   7   -414.7   -287.3   3357.1
24   8   -430.3   -472.2   3539.5
24   9   -432.4   -642.5   3514.8
24   10   -516.6   -693.2   3484.4
24   11   -505.6   -1040.5   3417.8
24   12   -461.6   -1361.6   3428.7
24   13   -346.7   -699.2   3515.1
24   14   -364.9   -1045.5   3444.6
24   15   -364.9   -1369.6   3444.7
24   16   -446.9   -295.9   3361.1
24   17   -389.9   -316.6   3374.5
24   18   -437.3   -191.9   3595.9
25   0   -428.3   -96.8   3628.7
25   1   -435.5   -260.1   3582.2
25   2   -562.5   -268.1   3538.7
25   3   -578.5   -454.7   3404.3
25   4   -420.7   -264.2   3352.5
25   5   -305.3   -277.7   3592.6
25   6   -266.2   -463.1   3461.4
25   7   -415.0   -287.4   3357.1
25   8   -430.1   -472.2   3539.5
25   9   -432.3   -642.5   3514.7
25   10   -516.4   -692.8   3484.5
25   11   -505.6   -1040.5   3417.8
25   12   -462.2   -1361.6   3428.4
25   13   -346.8   -699.0   3515.0
25   14   -364.8   -1045.7   3444.8
25   15   -364.8   -1370.1   3445.0
25   16   -447.0   -296.0   3361.1
25   17   -390.2   -316.7   3374.5
25   18   -437.2   -192.0   3595.9
26   0   -428.3   -96.9   3628.7
26   1   -435.4   -260.2   3582.2
26   2   -562.4   -268.1   3538.8
26   3   -578.6   -454.8   3404.6
26   4   -420.9   -264.4   3352.1
26   5   -305.3   -277.7   3592.6
26   6   -266.3   -463.1   3461.4
26   7   -415.2   -287.6   3356.9
26   8   -430.0   -472.2   3539.5
26   9   -432.2   -642.5   3514.7
26   10   -516.2   -692.7   3484.6
26   11   -505.6   -1040.6   3417.8
26   12   -462.8   -1361.8   3428.2
26   13   -346.9   -699.1   3514.9
26   14   -364.8   -1046.0   3444.9
26   15   -364.8   -1370.5   3444.9
26   16   -447.2   -296.1   3360.8
26   17   -390.4   -316.9   3374.3
26   18   -437.2   -192.1   3595.9
27   0   -428.3   -96.9   3628.7
27   1   -435.3   -260.3   3582.2
27   2   -562.3   -268.0   3538.8
27   3   -578.6   -454.8   3404.7
27   4   -421.1   -264.5   3351.4
27   5   -305.2   -277.6   3592.6
27   6   -266.4   -463.2   3461.4
27   7   -415.2   -287.8   3356.7
27   8   -430.0   -472.3   3539.4
27   9   -432.2   -642.5   3514.7
27   10   -516.1   -692.6   3484.6
27   11   -505.6   -1040.7   3417.8
27   12   -463.5   -1362.1   3427.9
27   13   -347.0   -699.0   3514.9
27   14   -364.8   -1046.2   3444.5
27   15   -364.8   -1370.5   3444.2
27   16   -447.3   -296.3   3360.3
27   17   -390.4   -317.0   3374.2
27   18   -437.1   -192.3   3595.9
28   0   -428.3   -97.0   3628.6
28   1   -435.3   -260.5   3582.2
28   2   -562.2   -268.0   3538.8
28   3   -578.6   -454.8   3404.8
28   4   -421.3   -264.6   3350.5
28   5   -305.2   -277.7   3592.6
28   6   -266.5   -463.3   3461.4
28   7   -415.0   -287.7   3356.5
28   8   -430.0   -472.4   3539.4
28   9   -432.2   -642.5   3514.6
28   10   -516.0   -692.5   3484.7
28   11   -505.6   -1040.8   3417.8
28   12   -463.5   -1362.1   3427.5
28   13   -347.1   -698.9   3514.8
28   14   -364.9   -1046.1   3443.7
28   15   -365.0   -1370.2   3443.1
28   16   -447.5   -296.3   3359.5
28   17   -390.3   -317.0   3374.0
28   18   -437.0   -192.4   3595.9
29   0   -428.3   -97.0   3628.6
29   1   -435.2   -260.6   3582.1
29   2   -562.1   -267.9   3538.9
29   3   -578.6   -454.9   3404.9
29   4   -421.9   -264.7   3349.0
29   5   -305.2   -277.7   3592.6
29   6   -266.6   -463.3   3461.4
29   7   -414.9   -287.9   3356.2
29   8   -430.0   -472.5   3539.4
29   9   -432.2   -642.6   3514.6
29   10   -515.9   -692.4   3484.7
29   11   -505.6   -1040.8   3417.7
29   12   -463.4   -1362.2   3427.0
29   13   -347.1   -698.8   3514.8
29   14   -365.0   -1045.8   3443.0
29   15   -366.1   -1369.3   3442.7
29   16   -448.0   -296.4   3358.3
29   17   -390.2   -317.1   3373.7
29   18   -436.9   -192.5   3595.9
30   0   -428.3   -97.1   3628.6
30   1   -435.1   -260.7   3582.1
30   2   -562.0   -267.9   3538.9
30   3   -578.7   -454.9   3405.0
30   4   -422.7   -264.5   3347.8
30   5   -305.1   -277.7   3592.6
30   6   -266.6   -463.5   3461.5
30   7   -414.8   -288.0   3356.1
30   8   -430.0   -472.7   3539.3
30   9   -432.2   -642.7   3514.5
30   10   -515.8   -692.3   3484.7
30   11   -505.6   -1040.7   3417.7
30   12   -456.7   -1361.7   3425.3
30   13   -347.2   -698.5   3514.8
30   14   -365.1   -1045.5   3442.5
30   15   -366.7   -1370.1   3443.5
30   16   -448.7   -296.3   3357.3
30   17   -390.1   -317.2   3373.7
30   18   -436.8   -192.6   3595.9
31   0   -428.4   -97.2   3628.5
31   1   -435.0   -260.8   3582.1
31   2   -561.9   -267.8   3538.9
31   3   -578.7   -454.9   3405.1
31   4   -423.3   -264.4   3346.5
31   5   -305.0   -277.8   3592.6
31   6   -266.7   -463.6   3461.4
31   7   -415.1   -288.1   3356.3
31   8   -430.0   -472.8   3539.2
31   9   -432.2   -642.8   3514.5
31   10   -515.7   -692.3   3484.7
31   11   -505.6   -1040.7   3417.7
31   12   -449.4   -1360.6   3425.4
31   13   -347.2   -698.3   3514.8
31   14   -365.0   -1045.3   3442.4
31   15   -367.0   -1370.2   3439.0
31   16   -449.2   -296.2   3356.2
31   17   -390.4   -317.3   3373.8
31   18   -436.7   -192.7   3595.9
32   0   -428.4   -97.3   3628.5
32   1   -435.0   -260.9   3582.1
32   2   -561.8   -267.8   3538.9
32   3   -578.7   -454.8   3405.0
32   4   -423.7   -264.1   3346.1
32   5   -305.0   -277.9   3592.6
32   6   -267.0   -463.7   3461.4
32   7   -415.5   -288.2   3356.4
32   8   -430.0   -473.0   3539.2
32   9   -432.2   -642.9   3514.5
32   10   -515.6   -692.2   3484.8
32   11   -505.6   -1040.6   3417.7
32   12   -450.7   -1360.8   3426.1
32   13   -347.2   -698.0   3514.7
32   14   -365.0   -1045.1   3442.4
32   15   -367.2   -1369.8   3431.1
32   16   -449.5   -295.9   3355.9
32   17   -390.7   -317.4   3373.9
32   18   -436.5   -192.9   3595.9
33   0   -428.4   -97.4   3628.5
33   1   -434.9   -261.1   3582.1
33   2   -561.7   -267.7   3539.0
33   3   -578.7   -454.5   3404.7
33   4   -423.8   -263.5   3346.3
33   5   -304.9   -277.9   3592.6
33   6   -267.4   -463.8   3461.3
33   7   -416.1   -288.3   3356.6
33   8   -430.0   -473.2   3539.1
33   9   -432.2   -643.0   3514.4
33   10   -515.5   -692.2   3484.8
33   11   -505.6   -1040.6   3417.7
33   12   -453.9   -1361.2   3426.7
33   13   -347.2   -697.7   3514.7
33   14   -365.0   -1044.8   3442.4
33   15   -367.3   -1369.2   3424.6
33   16   -449.6   -295.4   3356.0
33   17   -391.3   -317.6   3374.0
33   18   -436.4   -193.0   3595.9
34   0   -428.5   -98.5   3628.1
34   1   -434.8   -261.2   3582.1
34   2   -561.6   -267.7   3538.9
34   3   -578.7   -454.1   3404.1
34   4   -423.8   -262.9   3346.5
34   5   -304.7   -278.0   3592.6
34   6   -267.9   -463.9   3461.2
34   7   -416.6   -288.4   3356.6
34   8   -430.0   -473.4   3539.1
34   9   -432.2   -643.2   3514.4
34   10   -515.4   -692.1   3484.8
34   11   -505.7   -1040.6   3417.7
34   12   -455.4   -1361.3   3427.0
34   13   -347.3   -697.5   3514.6
34   14   -365.0   -1044.7   3442.4
34   15   -367.6   -1369.0   3424.2
34   16   -449.6   -294.7   3356.1
34   17   -391.8   -317.7   3374.1
34   18   -436.3   -193.1   3595.9
35   0   -428.6   -100.0   3627.7
35   1   -434.6   -261.3   3582.1
35   2   -561.5   -267.6   3538.8
35   3   -578.6   -453.6   3403.4
35   4   -423.1   -262.6   3346.8
35   5   -304.6   -278.1   3592.6
35   6   -268.4   -464.1   3461.0
35   7   -417.3   -288.5   3356.8
35   8   -430.0   -473.7   3539.0
35   9   -432.2   -643.3   3514.3
35   10   -515.3   -692.1   3484.8
35   11   -505.7   -1040.7   3417.8
35   12   -456.2   -1361.4   3427.2
35   13   -347.3   -697.5   3514.5
35   14   -365.0   -1044.8   3442.5
35   15   -367.9   -1369.0   3426.5
35   16   -449.0   -294.4   3356.3
35   17   -392.5   -317.8   3374.1
35   18   -436.1   -193.2   3595.9
36   0   -428.8   -101.4   3627.2
36   1   -434.5   -261.4   3582.1
36   2   -561.3   -267.5   3538.4
36   3   -578.6   -452.8   3402.1
36   4   -421.7   -262.5   3347.2
36   5   -304.4   -278.2   3592.6
36   6   -268.7   -464.2   3460.9
36   7   -417.5   -288.7   3356.6
36   8   -429.9   -473.9   3539.0
36   9   -432.2   -643.4   3514.3
36   10   -515.2   -692.1   3484.8
36   11   -505.7   -1040.8   3417.8
36   12   -456.4   -1361.5   3427.4
36   13   -347.4   -697.4   3514.4
36   14   -364.9   -1044.9   3442.5
36   15   -368.4   -1369.2   3430.6
36   16   -447.9   -294.2   3356.4
36   17   -392.7   -317.9   3374.0
36   18   -436.0   -193.4   3595.9
37   0   -428.9   -102.7   3626.8
37   1   -434.4   -261.6   3582.1
37   2   -561.0   -267.3   3537.4
37   3   -578.6   -452.1   3400.5
37   4   -419.9   -262.6   3347.7
37   5   -304.3   -278.3   3592.5
37   6   -268.8   -464.3   3460.8
37   7   -417.7   -288.8   3356.4
37   8   -429.9   -474.1   3538.9
37   9   -432.2   -643.6   3514.2
37   10   -515.2   -692.0   3484.7
37   11   -505.7   -1040.8   3417.8
37   12   -456.2   -1361.4   3427.5
37   13   -347.4   -697.4   3514.3
37   14   -364.9   -1044.9   3442.5
37   15   -364.9   -1369.4   3442.5
37   16   -446.4   -294.2   3356.5
37   17   -392.9   -318.0   3373.8
37   18   -435.9   -193.5   3595.9
38   0   -429.0   -103.7   3626.4
38   1   -434.4   -261.7   3582.1
38   2   -560.7   -267.1   3536.4
38   3   -578.6   -451.9   3399.5
38   4   -419.2   -262.8   3348.0
38   5   -304.1   -278.4   3592.5
38   6   -268.8   -464.3   3460.6
38   7   -418.0   -289.0   3356.4
38   8   -429.9   -474.3   3538.9
38   9   -432.2   -643.7   3514.2
38   10   -515.1   -691.9   3484.5
38   11   -505.7   -1040.8   3417.7
38   12   -456.3   -1361.3   3427.6
38   13   -347.4   -697.3   3514.2
38   14   -364.9   -1044.8   3442.6
38   15   -364.9   -1369.2   3442.6
38   16   -445.8   -294.3   3356.6
38   17   -393.2   -318.2   3373.8
38   18   -435.8   -193.6   3595.9
39   0   -429.0   -104.5   3626.1
39   1   -434.3   -261.8   3582.1
39   2   -560.3   -266.9   3535.3
39   3   -578.7   -452.0   3398.8
39   4   -418.9   -262.9   3348.2
39   5   -304.0   -278.5   3592.5
39   6   -268.8   -464.3   3460.5
39   7   -418.2   -289.0   3356.4
39   8   -429.9   -474.5   3538.8
39   9   -432.2   -643.9   3514.2
39   10   -515.0   -691.8   3484.4
39   11   -505.7   -1040.8   3417.7
39   12   -456.5   -1361.3   3428.1
39   13   -347.4   -697.2   3514.1
39   14   -364.9   -1044.9   3442.5
39   15   -364.9   -1369.3   3442.5
39   16   -445.5   -294.4   3356.6
39   17   -393.3   -318.2   3373.8
39   18   -435.7   -193.8   3595.9
40   0   -429.1   -105.2   3625.9
40   1   -434.3   -262.0   3582.0
40   2   -559.4   -266.4   3532.8
40   3   -578.9   -452.7   3398.2
40   4   -419.2   -263.2   3348.5
40   5   -303.9   -278.6   3592.5
40   6   -268.8   -464.3   3460.3
40   7   -418.2   -289.0   3356.3
40   8   -429.9   -474.7   3538.8
40   9   -432.2   -644.0   3514.1
40   10   -515.0   -691.7   3484.1
40   11   -505.7   -1040.7   3417.7
40   12   -457.3   -1362.5   3426.6
40   13   -347.5   -697.2   3513.9
40   14   -364.9   -1044.9   3442.4
40   15   -364.9   -1371.4   3442.4
40   16   -445.8   -294.8   3356.8
40   17   -393.3   -318.2   3373.7
40   18   -435.7   -193.9   3595.9
41   0   -429.1   -105.7   3625.7
41   1   -434.3   -262.1   3582.0
41   2   -558.3   -265.7   3529.9
41   3   -579.1   -453.4   3397.5
41   4   -419.5   -263.6   3348.9
41   5   -303.8   -278.6   3592.5
41   6   -268.8   -464.3   3460.2
41   7   -418.2   -289.0   3356.2
41   8   -429.9   -474.9   3538.7
41   9   -432.2   -644.1   3514.1
41   10   -514.9   -691.5   3483.9
41   11   -505.7   -1040.7   3417.7
41   12   -459.8   -1363.1   3427.5
41   13   -347.5   -697.1   3513.7
41   14   -364.9   -1045.0   3442.4
41   15   -364.9   -1371.0   3442.3
41   16   -446.1   -295.3   3357.0
41   17   -393.3   -318.2   3373.6
41   18   -435.6   -194.0   3595.9
42   0   -429.1   -106.0   3625.6
42   1   -434.2   -262.3   3582.0
42   2   -557.8   -265.4   3528.5
42   3   -579.1   -453.5   3396.6
42   4   -419.1   -263.8   3349.1
42   5   -303.7   -278.7   3592.5
42   6   -268.8   -464.3   3460.2
42   7   -418.1   -289.0   3356.1
42   8   -429.9   -475.1   3538.7
42   9   -432.2   -644.3   3514.0
42   10   -514.8   -691.4   3483.6
42   11   -505.7   -1040.6   3417.7
42   12   -463.2   -1363.4   3428.7
42   13   -347.5   -697.1   3513.5
42   14   -364.9   -1045.0   3442.3
42   15   -369.8   -1369.9   3440.1
42   16   -445.8   -295.4   3357.0
42   17   -393.2   -318.2   3373.5
42   18   -435.6   -194.2   3595.9
43   0   -429.2   -106.4   3625.5
43   1   -434.2   -262.4   3582.0
43   2   -557.6   -265.3   3528.0
43   3   -579.1   -452.9   3395.5
43   4   -418.3   -263.6   3348.9
43   5   -303.7   -278.7   3591.9
43   6   -268.7   -464.6   3459.9
43   7   -418.0   -289.1   3356.1
43   8   -429.9   -475.3   3538.6
43   9   -432.2   -644.4   3514.0
43   10   -514.7   -691.3   3483.4
43   11   -505.8   -1040.6   3417.7
43   12   -466.3   -1363.6   3428.8
43   13   -347.6   -697.0   3513.3
43   14   -365.0   -1044.8   3441.9
43   15   -370.3   -1370.0   3445.0
43   16   -445.1   -295.2   3356.7
43   17   -393.1   -318.4   3373.4
43   18   -435.6   -194.3   3595.9
44   0   -429.2   -106.6   3625.4
44   1   -434.2   -262.5   3582.0
44   2   -557.5   -265.3   3527.8
44   3   -579.2   -451.0   3392.7
44   4   -417.4   -262.5   3346.6
44   5   -303.6   -278.7   3590.2
44   6   -267.6   -465.2   3459.4
44   7   -417.4   -289.8   3356.3
44   8   -429.9   -475.5   3538.5
44   9   -432.2   -644.5   3514.0
44   10   -514.5   -691.2   3482.9
44   11   -505.8   -1040.5   3417.7
44   12   -467.9   -1363.5   3427.5
44   13   -347.6   -696.9   3513.1
44   14   -365.1   -1044.7   3441.4
44   15   -370.5   -1369.8   3447.2
44   16   -444.4   -293.9   3354.3
44   17   -392.4   -319.0   3373.5
44   18   -435.5   -194.5   3595.9
45   0   -429.2   -106.8   3625.3
45   1   -434.1   -262.7   3582.0
45   2   -557.6   -265.3   3527.8
45   3   -580.4   -447.5   3388.3
45   4   -420.4   -261.1   3330.1
45   5   -303.6   -278.7   3589.0
45   6   -261.8   -462.1   3455.6
45   7   -418.4   -290.4   3356.8
45   8   -429.9   -475.7   3538.5
45   9   -432.2   -644.6   3513.9
45   10   -514.3   -691.0   3482.1
45   11   -505.8   -1040.4   3417.7
45   12   -448.9   -1362.8   3425.2
45   13   -347.6   -696.8   3513.0
45   14   -365.1   -1044.4   3440.8
45   15   -370.7   -1372.2   3448.3
45   16   -447.1   -292.1   3339.8
45   17   -392.3   -319.0   3373.3
45   18   -435.5   -194.6   3595.9
46   0   -429.2   -107.0   3625.3
46   1   -434.1   -262.8   3581.9
46   2   -557.9   -265.5   3528.6
46   3   -590.2   -446.8   3390.0
46   4   -448.5   -263.6   3296.0
46   5   -303.6   -278.7   3588.1
46   6   -223.3   -427.9   3439.3
46   7   -419.1   -298.3   3364.8
46   8   -429.9   -475.7   3538.4
46   9   -432.2   -644.6   3513.8
46   10   -513.9   -690.3   3481.3
46   11   -505.8   -1039.9   3417.9
46   12   -505.8   -1368.6   3418.0
46   13   -347.7   -696.0   3512.9
46   14   -365.1   -1043.6   3440.5
46   15   -371.1   -1372.2   3448.7
46   16   -472.1   -294.1   3311.7
46   17   -386.5   -319.9   3377.2
46   18   -435.5   -194.8   3595.9
47   0   -429.2   -107.5   3625.1
47   1   -434.1   -263.0   3580.7
47   2   -558.8   -266.0   3529.4
47   3   -615.7   -451.9   3408.5
47   4   -510.3   -307.0   3247.8
47   5   -303.5   -278.8   3586.8
47   6   -175.3   -364.3   3431.1
47   7   -401.2   -290.2   3370.9
47   8   -429.8   -475.9   3538.1
47   9   -432.2   -644.5   3513.5
47   10   -513.3   -688.9   3480.4
47   11   -505.8   -1039.0   3418.0
47   12   -505.8   -1366.3   3418.2
47   13   -347.9   -694.6   3512.9
47   14   -365.1   -1042.4   3440.2
47   15   -365.1   -1369.5   3440.0
47   16   -527.7   -331.1   3274.6
47   17   -363.6   -302.5   3380.9
47   18   -435.4   -194.9   3594.3
48   0   -429.3   -107.7   3622.8
48   1   -434.0   -263.2   3577.8
48   2   -560.4   -266.9   3530.3
48   3   -657.4   -447.9   3434.4
48   4   -566.2   -387.3   3225.3
48   5   -303.1   -278.2   3586.4
48   6   -130.0   -304.2   3453.7
48   7   -366.0   -260.4   3384.0
48   8   -429.8   -476.3   3537.8
48   9   -432.3   -644.4   3513.2
48   10   -512.8   -687.2   3479.5
48   11   -505.8   -1037.9   3418.1
48   12   -505.8   -1364.4   3418.1
48   13   -348.1   -693.0   3512.9
48   14   -365.1   -1041.1   3439.9
48   15   -365.0   -1367.6   3439.7
48   16   -581.3   -397.3   3260.1
48   17   -326.7   -267.7   3395.6
48   18   -435.4   -194.9   3590.6
49   0   -429.3   -107.5   3617.0
49   1   -434.0   -263.4   3573.3
49   2   -562.6   -267.1   3530.7
49   3   -693.3   -439.6   3460.2
49   4   -594.1   -479.0   3249.7
49   5   -301.1   -274.3   3586.5
49   6   -93.5   -259.1   3511.1
49   7   -320.3   -223.6   3409.7
49   8   -429.8   -476.9   3537.5
49   9   -432.3   -644.2   3512.8
49   10   -512.3   -684.3   3478.2
49   11   -505.8   -1035.9   3418.1
49   12   -505.8   -1361.2   3418.1
49   13   -348.5   -690.8   3512.9
49   14   -364.9   -1039.7   3440.2
49   15   -364.8   -1365.4   3440.5
49   16   -610.6   -472.4   3284.8
49   17   -282.5   -229.5   3426.6
49   18   -435.4   -194.9   3584.8
50   0   -429.3   -106.3   3608.0
50   1   -434.0   -263.6   3567.9
50   2   -565.1   -266.2   3531.1
50   3   -712.5   -434.9   3477.7
50   4   -603.3   -548.3   3290.6
50   5   -298.3   -267.0   3586.9
50   6   -74.8   -231.7   3543.9
50   7   -293.2   -197.2   3422.1
50   8   -429.7   -477.4   3537.2
50   9   -432.4   -643.7   3512.4
50   10   -511.7   -681.1   3476.5
50   11   -505.8   -1033.8   3417.9
50   12   -505.8   -1358.6   3417.7
50   13   -348.8   -688.4   3512.8
50   14   -364.8   -1038.2   3440.2
50   15   -364.8   -1363.5   3440.2
50   16   -621.5   -529.5   3321.8
50   17   -256.8   -203.0   3442.4
50   18   -435.3   -194.9   3577.7
51   0   -429.4   -104.6   3598.9
51   1   -433.9   -263.8   3562.8
51   2   -567.1   -264.8   3531.4
51   3   -719.7   -433.2   3485.9
51   4   -598.7   -582.3   3319.5
51   5   -296.8   -261.1   3587.3
51   6   -69.3   -216.3   3550.7
51   7   -285.2   -185.8   3421.2
51   8   -429.7   -477.3   3536.9
51   9   -432.4   -642.8   3512.0
51   10   -511.1   -677.7   3474.7
51   11   -505.8   -1031.4   3417.5
51   12   -505.8   -1355.7   3417.1
51   13   -349.0   -685.9   3512.6
51   14   -364.8   -1036.5   3439.8
51   15   -364.8   -1361.2   3439.5
51   16   -618.8   -557.6   3347.2
51   17   -249.2   -190.9   3442.8
51   18   -435.3   -194.9   3571.2
52   0   -429.6   -102.5   3592.5
52   1   -433.9   -263.9   3559.0
52   2   -568.4   -263.2   3531.6
52   3   -719.3   -434.2   3489.4
52   4   -591.0   -598.1   3333.2
52   5   -296.9   -258.1   3587.4
52   6   -71.3   -210.3   3543.5
52   7   -287.3   -182.6   3409.3
52   8   -429.7   -476.8   3536.8
52   9   -432.4   -642.0   3511.9
52   10   -510.8   -677.1   3474.0
52   11   -505.8   -1031.4   3416.6
52   12   -466.2   -1359.3   3425.6
52   13   -348.9   -684.9   3512.4
52   14   -364.7   -1036.0   3439.7
52   15   -381.0   -1365.8   3453.9
52   16   -612.3   -570.9   3359.2
52   17   -251.3   -187.2   3431.7
52   18   -435.2   -194.8   3566.3
53   0   -429.7   -100.4   3589.0
53   1   -433.8   -263.9   3556.3
53   2   -568.9   -262.2   3531.4
53   3   -712.8   -439.0   3491.1
53   4   -583.1   -610.2   3340.4
53   5   -297.6   -256.9   3587.3
53   6   -73.4   -209.8   3540.9
53   7   -287.9   -183.9   3400.6
53   8   -429.7   -476.0   3536.8
53   9   -432.4   -641.4   3512.0
53   10   -510.5   -678.4   3474.0
53   11   -505.8   -1032.6   3415.6
53   12   -474.9   -1358.3   3425.9
53   13   -348.5   -684.8   3512.2
53   14   -364.6   -1036.1   3440.1
53   15   -380.7   -1362.7   3455.1
53   16   -604.7   -581.7   3365.5
53   17   -252.2   -188.2   3424.0
53   18   -435.2   -194.8   3562.6
54   0   -429.8   -98.4   3587.5
54   1   -433.8   -264.0   3554.6
54   2   -568.9   -261.4   3531.1
54   3   -704.2   -444.5   3491.4
54   4   -575.5   -616.6   3342.5
54   5   -298.6   -256.5   3587.1
54   6   -76.0   -211.0   3537.3
54   7   -291.6   -186.1   3398.2
54   8   -429.7   -475.0   3536.9
54   9   -432.4   -641.2   3512.2
54   10   -510.6   -679.1   3474.2
54   11   -505.8   -1033.0   3414.5
54   12   -477.9   -1357.4   3425.8
54   13   -347.7   -684.3   3512.2
54   14   -364.5   -1035.6   3440.2
54   15   -378.0   -1360.8   3453.3
54   16   -597.0   -587.9   3367.3
54   17   -255.7   -190.3   3421.4
54   18   -435.2   -194.7   3560.4
55   0   -429.8   -96.6   3587.2
55   1   -433.8   -263.9   3553.8
55   2   -568.6   -261.0   3530.6
55   3   -696.7   -448.9   3490.7
55   4   -570.9   -619.7   3341.3
55   5   -299.3   -256.4   3586.8
55   6   -77.7   -212.4   3535.7
55   7   -294.5   -190.3   3399.1
55   8   -429.7   -474.1   3537.3
55   9   -432.4   -641.1   3512.2
55   10   -511.0   -679.1   3474.4
55   11   -505.8   -1032.6   3412.8
55   12   -479.7   -1356.2   3425.5
55   13   -346.9   -683.2   3512.2
55   14   -364.6   -1034.2   3439.7
55   15   -377.0   -1358.7   3449.9
55   16   -591.9   -591.2   3366.2
55   17   -258.4   -194.0   3421.9
55   18   -435.2   -194.7   3559.2
56   0   -429.9   -95.0   3587.5
56   1   -433.8   -263.8   3553.6
56   2   -568.1   -260.7   3530.2
56   3   -694.1   -449.9   3490.4
56   4   -570.2   -619.0   3340.6
56   5   -300.0   -256.4   3586.5
56   6   -78.6   -213.6   3535.8
56   7   -297.5   -196.6   3403.5
56   8   -429.8   -473.1   3537.9
56   9   -432.4   -641.0   3512.3
56   10   -511.3   -678.7   3474.6
56   11   -505.8   -1031.6   3410.8
56   12   -481.5   -1355.0   3424.5
56   13   -346.6   -682.8   3512.2
56   14   -364.4   -1033.7   3440.1
56   15   -377.6   -1357.9   3443.9
56   16   -590.8   -590.8   3365.5
56   17   -261.0   -199.5   3425.6
56   18   -435.2   -194.5   3558.7
57   0   -429.9   -93.4   3588.0
57   1   -433.8   -263.4   3553.6
57   2   -567.6   -260.4   3530.0
57   3   -695.5   -448.5   3491.5
57   4   -572.5   -614.8   3340.4
57   5   -300.6   -256.3   3586.1
57   6   -79.3   -214.5   3535.6
57   7   -300.2   -200.4   3408.0
57   8   -429.8   -472.0   3538.7
57   9   -432.3   -640.8   3512.3
57   10   -511.6   -678.1   3474.6
57   11   -505.8   -1031.9   3409.3
57   12   -483.0   -1355.3   3422.3
57   13   -346.6   -682.7   3512.1
57   14   -364.0   -1035.1   3441.4
57   15   -379.2   -1359.0   3435.9
57   16   -593.0   -587.0   3365.6
57   17   -263.4   -202.7   3429.3
57   18   -435.2   -194.1   3558.6
58   0   -429.9   -91.9   3588.6
58   1   -433.9   -262.6   3553.9
58   2   -566.9   -260.1   3530.0
58   3   -699.8   -445.1   3494.3
58   4   -576.3   -606.0   3339.6
58   5   -301.1   -256.1   3585.4
58   6   -80.1   -215.1   3533.9
58   7   -301.2   -202.4   3407.6
58   8   -429.9   -470.7   3539.5
58   9   -432.3   -640.3   3512.3
58   10   -511.7   -677.8   3474.7
58   11   -505.8   -1033.7   3408.5
58   12   -483.7   -1357.1   3419.4
58   13   -346.7   -682.8   3511.8
58   14   -363.6   -1037.6   3442.3
58   15   -381.7   -1361.3   3430.3
58   16   -596.8   -579.2   3365.4
58   17   -264.3   -204.5   3428.7
58   18   -435.2   -193.3   3558.6
59   0   -429.9   -90.5   3589.3
59   1   -433.7   -261.6   3554.1
59   2   -566.1   -259.7   3530.1
59   3   -701.8   -442.7   3494.8
59   4   -573.5   -582.3   3326.7
59   5   -301.4   -256.0   3584.2
59   6   -86.5   -216.7   3513.2
59   7   -311.3   -203.0   3395.0
59   8   -429.9   -469.4   3540.3
59   9   -432.3   -639.6   3512.4
59   10   -511.8   -677.7   3474.7
59   11   -505.9   -1035.6   3408.2
59   12   -482.8   -1359.1   3415.6
59   13   -346.9   -683.0   3511.5
59   14   -363.6   -1040.1   3442.3
59   15   -386.0   -1363.3   3426.7
59   16   -594.8   -559.1   3354.7
59   17   -273.8   -205.3   3414.7
59   18   -435.0   -192.3   3558.7
60   0   -429.8   -89.5   3591.7
60   1   -433.1   -260.4   3554.8
60   2   -565.2   -259.2   3532.3
60   3   -699.4   -442.2   3491.4
60   4   -566.8   -511.9   3297.2
60   5   -300.3   -255.1   3582.5
60   6   -110.6   -221.2   3465.3
60   7   -343.5   -209.7   3366.1
60   8   -430.0   -468.1   3541.2
60   9   -432.3   -638.9   3512.5
60   10   -511.8   -677.4   3474.8
60   11   -505.9   -1036.7   3408.3
60   12   -482.2   -1360.2   3414.2
60   13   -347.0   -683.0   3511.2
60   14   -363.8   -1041.4   3441.7
60   15   -390.5   -1364.4   3429.0
60   16   -588.9   -500.3   3329.6
60   17   -304.7   -211.6   3382.7
60   18   -434.2   -191.1   3559.4
61   0   -429.8   -89.3   3598.0
61   1   -431.6   -259.2   3557.2
61   2   -563.5   -259.2   3538.6
61   3   -682.6   -439.4   3465.2
61   4   -560.8   -403.5   3266.4
61   5   -297.3   -254.1   3578.7
61   6   -135.7   -233.3   3422.4
61   7   -358.0   -266.2   3313.4
61   8   -430.0   -466.9   3541.7
61   9   -432.3   -638.1   3512.3
61   10   -512.0   -677.0   3474.7
61   11   -505.9   -1036.5   3408.8
61   12   -482.2   -1359.9   3413.8
61   13   -347.0   -682.8   3510.7
61   14   -364.0   -1041.3   3440.8
61   15   -391.2   -1364.3   3436.1
61   16   -581.1   -409.5   3299.6
61   17   -321.0   -260.7   3331.5
61   18   -432.2   -189.9   3562.3
62   0   -429.7   -89.9   3608.1
62   1   -428.5   -257.9   3560.7
62   2   -559.9   -258.3   3545.0
62   3   -595.9   -452.6   3450.7
62   4   -557.1   -308.8   3284.5
62   5   -292.8   -253.7   3568.1
62   6   -185.7   -284.3   3375.6
62   7   -399.0   -342.2   3253.4
62   8   -430.0   -465.5   3541.6
62   9   -432.3   -637.1   3512.0
62   10   -512.4   -676.1   3474.5
62   11   -505.9   -1035.8   3409.5
62   12   -482.4   -1359.2   3413.3
62   13   -347.0   -682.6   3510.2
62   14   -364.1   -1041.1   3440.8
62   15   -390.3   -1364.2   3444.0
62   16   -563.7   -332.6   3312.2
62   17   -363.5   -332.5   3273.8
62   18   -428.1   -188.8   3567.0
63   0   -429.4   -90.2   3615.0
63   1   -425.4   -256.9   3562.6
63   2   -556.1   -256.3   3548.3
63   3   -562.0   -455.9   3438.5
63   4   -528.8   -251.0   3309.3
63   5   -292.8   -256.1   3549.8
63   6   -266.6   -346.4   3353.0
63   7   -469.1   -405.5   3211.2
63   8   -430.0   -464.4   3539.6
63   9   -432.3   -636.5   3511.5
63   10   -512.9   -675.1   3474.3
63   11   -505.8   -1035.5   3410.3
63   12   -482.2   -1358.9   3413.1
63   13   -347.0   -682.2   3509.4
63   14   -363.8   -1041.6   3441.6
63   15   -385.3   -1365.1   3446.5
63   16   -534.4   -285.0   3330.8
63   17   -435.4   -395.6   3234.8
63   18   -423.9   -187.9   3570.2
64   0   -429.0   -87.6   3610.2
64   1   -423.2   -256.2   3562.8
64   2   -552.2   -257.7   3557.0
64   3   -543.8   -450.7   3427.4
64   4   -493.5   -216.9   3338.0
64   5   -297.2   -257.9   3529.9
64   6   -334.7   -384.5   3345.8
64   7   -528.4   -436.2   3188.8
64   8   -430.0   -463.5   3535.6
64   9   -432.3   -635.9   3510.8
64   10   -513.1   -673.7   3474.2
64   11   -505.7   -1034.5   3411.7
64   12   -481.7   -1357.8   3412.8
64   13   -347.5   -681.8   3508.9
64   14   -363.7   -1041.4   3441.2
64   15   -363.6   -1365.3   3440.8
64   16   -501.8   -255.8   3352.9
64   17   -496.1   -427.5   3215.0
64   18   -421.0   -187.4   3571.8
65   0   -426.6   -84.3   3586.8
65   1   -421.9   -255.7   3561.7
65   2   -547.6   -260.9   3570.2
65   3   -534.0   -442.1   3423.4
65   4   -454.8   -203.4   3362.9
65   5   -301.6   -258.4   3516.6
65   6   -381.2   -398.9   3347.1
65   7   -580.0   -456.9   3199.7
65   8   -430.0   -462.5   3530.2
65   9   -432.3   -634.8   3509.9
65   10   -512.9   -671.8   3474.2
65   11   -505.6   -1033.2   3413.5
65   12   -481.2   -1356.5   3412.3
65   13   -348.8   -681.1   3508.9
65   14   -363.3   -1041.1   3441.5
65   15   -363.0   -1365.0   3441.8
65   16   -467.9   -243.3   3373.0
65   17   -546.9   -447.2   3224.3
65   18   -419.2   -187.1   3572.1
66   0   -421.6   -87.4   3552.3
66   1   -421.1   -255.3   3560.2
66   2   -544.8   -264.7   3571.6
66   3   -526.3   -436.8   3414.1
66   4   -428.6   -199.3   3378.8
66   5   -303.7   -258.8   3508.1
66   6   -407.2   -403.0   3349.8
66   7   -619.5   -471.4   3232.4
66   8   -430.1   -461.7   3525.6
66   9   -432.4   -633.7   3509.0
66   10   -512.3   -669.7   3474.5
66   11   -505.5   -1032.1   3415.4
66   12   -480.9   -1355.3   3411.4
66   13   -350.7   -680.0   3508.9
66   14   -362.7   -1040.9   3441.9
66   15   -362.3   -1364.9   3442.3
66   16   -444.8   -238.9   3384.7
66   17   -584.1   -460.0   3252.0
66   18   -418.1   -186.9   3571.7
67   0   -415.4   -96.6   3523.1
67   1   -420.6   -255.0   3558.7
67   2   -543.8   -267.2   3573.8
67   3   -518.3   -431.6   3408.1
67   4   -424.4   -192.0   3382.4
67   5   -300.3   -262.3   3515.0
67   6   -414.8   -394.3   3352.6
67   7   -633.7   -482.2   3265.5
67   8   -430.4   -460.8   3522.4
67   9   -432.4   -632.4   3508.0
67   10   -511.4   -666.7   3474.8
67   11   -505.3   -1030.9   3417.7
67   12   -480.0   -1353.9   3410.0
67   13   -353.1   -678.0   3508.8
67   14   -362.4   -1040.4   3442.2
67   15   -362.3   -1364.2   3442.4
67   16   -440.0   -232.0   3386.7
67   17   -597.2   -467.6   3280.0
67   18   -417.3   -186.6   3570.8
68   0   -410.8   -103.3   3507.0
68   1   -420.2   -254.6   3557.4
68   2   -541.1   -266.5   3555.7
68   3   -511.0   -435.4   3395.8
68   4   -430.2   -192.3   3378.7
68   5   -299.5   -259.7   3512.1
68   6   -418.3   -387.1   3350.5
68   7   -639.5   -490.3   3285.3
68   8   -430.7   -460.1   3520.5
68   9   -432.5   -631.4   3507.2
68   10   -510.7   -665.2   3475.1
68   11   -505.3   -1031.0   3419.7
68   12   -479.4   -1353.9   3410.1
68   13   -354.7   -676.5   3508.7
68   14   -362.3   -1040.4   3442.0
68   15   -362.3   -1364.6   3441.7
68   16   -443.6   -232.8   3381.5
68   17   -602.6   -473.1   3296.2
68   18   -416.7   -186.4   3569.7
69   0   -407.6   -104.1   3503.4
69   1   -419.8   -254.4   3556.4
69   2   -534.0   -262.2   3527.1
69   3   -509.6   -451.4   3396.3
69   4   -559.6   -441.7   3359.0
69   5   -300.1   -246.9   3499.5
69   6   -413.8   -390.4   3352.4
69   7   -638.7   -487.5   3287.7
69   8   -430.9   -459.7   3519.7
69   9   -432.5   -631.1   3506.4
69   10   -510.9   -664.9   3475.1
69   11   -505.3   -1031.9   3421.1
69   12   -478.6   -1354.7   3411.8
69   13   -355.0   -676.3   3508.4
69   14   -362.4   -1041.0   3441.1
69   15   -362.5   -1365.7   3440.4
69   16   -551.2   -443.1   3365.2
69   17   -601.2   -471.3   3298.5
69   18   -416.1   -186.2   3568.6
70   0   -405.1   -96.9   3515.2
70   1   -419.6   -254.4   3555.5
70   2   -530.2   -259.7   3512.1
70   3   -512.5   -458.4   3394.3
70   4   -607.8   -593.1   3364.8
70   5   -303.8   -231.0   3484.1
70   6   -400.9   -398.6   3356.8
70   7   -628.2   -477.2   3280.0
70   8   -430.8   -459.9   3519.7
70   9   -432.5   -631.2   3505.8
70   10   -511.6   -665.3   3474.8
70   11   -505.5   -1033.0   3421.1
70   12   -477.9   -1355.7   3412.8
70   13   -354.5   -676.8   3508.0
70   14   -362.5   -1042.0   3439.8
70   15   -362.6   -1366.8   3438.7
70   16   -591.9   -570.5   3369.8
70   17   -590.3   -464.1   3292.8
70   18   -415.8   -186.1   3567.4
71   0   -403.5   -89.7   3545.3
71   1   -419.4   -254.4   3555.1
71   2   -528.3   -258.4   3505.0
71   3   -515.7   -459.1   3389.5
71   4   -622.3   -667.1   3377.1
71   5   -308.2   -233.3   3478.4
71   6   -384.9   -414.4   3356.4
71   7   -615.8   -455.1   3268.0
71   8   -430.7   -461.0   3520.4
71   9   -432.5   -631.7   3505.5
71   10   -512.7   -666.1   3474.5
71   11   -505.7   -1033.9   3420.6
71   12   -476.6   -1356.5   3413.6
71   13   -353.4   -677.7   3507.6
71   14   -362.6   -1043.0   3438.9
71   15   -362.8   -1367.7   3438.4
71   16   -604.5   -632.4   3379.1
71   17   -577.3   -448.3   3282.7
71   18   -415.7   -186.0   3566.6
72   0   -403.6   -90.2   3581.7
72   1   -419.3   -254.4   3555.0
72   2   -528.8   -256.4   3502.6
72   3   -519.7   -459.8   3391.4
72   4   -618.2   -700.6   3380.7
72   5   -311.8   -244.8   3480.8
72   6   -370.4   -429.3   3353.8
72   7   -597.2   -423.4   3250.9
72   8   -430.4   -463.1   3521.5
72   9   -432.5   -632.3   3505.4
72   10   -514.2   -667.1   3474.2
72   11   -505.9   -1034.7   3419.8
72   12   -471.9   -1358.9   3415.3
72   13   -351.8   -679.1   3507.4
72   14   -362.8   -1044.1   3438.1
72   15   -362.9   -1372.7   3437.8
72   16   -601.8   -660.4   3382.5
72   17   -559.4   -424.4   3268.1
72   18   -415.7   -186.0   3566.0
73   0   -405.9   -94.2   3605.9
73   1   -419.2   -254.6   3555.0
73   2   -530.5   -253.3   3501.5
73   3   -525.3   -460.2   3397.4
73   4   -607.4   -712.9   3380.1
73   5   -312.3   -255.2   3487.9
73   6   -349.6   -438.3   3351.9
73   7   -573.6   -401.7   3243.8
73   8   -430.1   -465.6   3522.6
73   9   -432.4   -633.1   3505.6
73   10   -516.1   -668.2   3473.9
73   11   -506.1   -1035.2   3418.9
73   12   -459.2   -1358.4   3415.9
73   13   -349.7   -680.7   3507.4
73   14   -363.0   -1045.1   3437.7
73   15   -363.1   -1372.8   3437.6
73   16   -593.7   -670.8   3383.0
73   17   -536.2   -407.8   3261.8
73   18   -415.7   -186.0   3565.5
74   0   -409.7   -96.7   3616.9
74   1   -419.2   -254.8   3555.4
74   2   -531.5   -251.5   3502.6
74   3   -536.1   -461.4   3405.3
74   4   -597.2   -716.8   3377.6
74   5   -304.5   -259.5   3507.1
74   6   -319.1   -427.7   3351.2
74   7   -545.0   -389.3   3243.5
74   8   -430.0   -467.9   3525.1
74   9   -432.4   -634.1   3506.0
74   10   -518.0   -669.4   3473.7
74   11   -506.1   -1036.2   3418.5
74   12   -453.5   -1358.5   3417.7
74   13   -347.2   -682.4   3507.5
74   14   -363.1   -1046.5   3437.8
74   15   -363.1   -1373.8   3438.0
74   16   -587.0   -674.2   3382.2
74   17   -507.4   -395.7   3261.4
74   18   -415.7   -186.1   3565.2
75   0   -415.9   -97.4   3621.4
75   1   -419.2   -254.9   3558.0
75   2   -538.3   -251.2   3525.7
75   3   -547.5   -453.8   3415.6
75   4   -587.1   -709.6   3377.0
75   5   -297.6   -262.2   3549.0
75   6   -279.5   -390.7   3364.0
75   7   -498.3   -374.3   3237.8
75   8   -429.9   -469.5   3529.3
75   9   -432.3   -634.8   3506.6
75   10   -519.4   -670.4   3474.0
75   11   -506.3   -1036.3   3419.3
75   12   -451.0   -1357.9   3420.9
75   13   -345.3   -683.5   3507.5
75   14   -362.8   -1046.8   3438.9
75   15   -362.6   -1372.6   3439.9
75   16   -580.5   -667.0   3383.5
75   17   -461.8   -377.0   3258.8
75   18   -415.7   -186.2   3567.2
76   0   -423.9   -96.3   3623.2
76   1   -419.2   -255.0   3562.6
76   2   -541.5   -248.6   3534.6
76   3   -556.2   -449.8   3422.6
76   4   -580.9   -705.9   3376.5
76   5   -293.0   -261.6   3566.3
76   6   -226.0   -332.0   3366.8
76   7   -454.9   -350.3   3258.4
76   8   -429.9   -470.4   3536.0
76   9   -432.3   -634.9   3506.9
76   10   -519.8   -670.8   3474.7
76   11   -506.1   -1036.4   3418.7
76   12   -452.2   -1357.8   3422.8
76   13   -344.9   -683.6   3507.7
76   14   -362.6   -1047.0   3439.6
76   15   -362.5   -1372.4   3440.1
76   16   -576.8   -663.2   3384.1
76   17   -416.8   -347.3   3276.5
76   18   -415.7   -186.2   3571.0
77   0   -432.2   -94.3   3621.5
77   1   -420.7   -255.2   3567.3
77   2   -544.9   -245.4   3539.5
77   3   -559.1   -443.2   3424.2
77   4   -577.6   -699.2   3377.2
77   5   -293.5   -259.9   3584.5
77   6   -181.7   -263.2   3395.1
77   7   -366.4   -280.3   3230.9
77   8   -430.0   -471.1   3544.4
77   9   -432.3   -634.4   3507.1
77   10   -519.5   -670.8   3475.7
77   11   -505.7   -1036.3   3417.9
77   12   -505.5   -1361.2   3417.2
77   13   -345.3   -683.1   3508.0
77   14   -362.2   -1046.7   3440.1
77   15   -361.9   -1371.5   3440.4
77   16   -574.5   -656.5   3385.0
77   17   -335.7   -277.5   3258.3
77   18   -417.7   -186.2   3574.6
78   0   -438.7   -91.9   3615.1
78   1   -423.8   -255.3   3569.7
78   2   -548.0   -244.1   3538.2
78   3   -559.6   -444.5   3428.5
78   4   -574.1   -699.9   3372.1
78   5   -295.0   -253.1   3594.1
78   6   -131.6   -200.0   3463.8
78   7   -251.4   -193.7   3248.6
78   8   -430.0   -471.3   3550.9
78   9   -432.3   -633.8   3506.9
78   10   -518.8   -670.6   3476.2
78   11   -505.6   -1036.9   3417.6
78   12   -505.5   -1362.3   3417.5
78   13   -346.2   -682.5   3508.3
78   14   -361.8   -1047.1   3440.4
78   15   -361.6   -1372.3   3440.5
78   16   -571.7   -657.3   3381.5
78   17   -231.5   -194.8   3284.4
78   18   -421.8   -186.3   3575.7
79   0   -441.2   -89.4   3604.8
79   1   -427.0   -255.4   3568.5
79   2   -549.9   -243.6   3530.7
79   3   -628.4   -432.6   3458.1
79   4   -566.8   -646.3   3354.2
79   5   -296.8   -245.3   3595.6
79   6   -114.0   -145.1   3566.5
79   7   -174.7   -79.4   3336.4
79   8   -430.0   -471.1   3553.6
79   9   -432.3   -633.6   3506.5
79   10   -517.7   -670.4   3476.6
79   11   -505.5   -1037.0   3417.7
79   12   -505.4   -1361.6   3417.9
79   13   -347.3   -681.8   3508.8
79   14   -361.3   -1046.9   3441.4
79   15   -378.8   -1368.1   3454.0
79   16   -577.1   -610.8   3371.5
79   17   -164.6   -90.3   3374.7
79   18   -426.0   -186.2   3573.3
80   0   -441.2   -86.1   3590.1
80   1   -429.6   -253.7   3564.0
80   2   -552.0   -243.8   3525.4
80   3   -672.9   -424.6   3493.7
80   4   -575.0   -604.9   3350.6
80   5   -298.7   -238.2   3588.9
80   6   -120.1   -103.8   3618.2
80   7   -125.4   53.6   3445.9
80   8   -430.0   -468.9   3554.2
80   9   -432.4   -632.0   3505.8
80   10   -516.1   -669.7   3477.1
80   11   -505.2   -1033.4   3417.5
80   12   -505.0   -1354.6   3417.4
80   13   -349.2   -680.3   3509.2
80   14   -360.7   -1042.9   3443.7
80   15   -375.1   -1366.0   3455.1
80   16   -591.4   -574.9   3374.5
80   17   -124.4   27.6   3474.7
80   18   -429.5   -184.4   3567.1
81   0   -439.9   -81.5   3573.3
81   1   -431.7   -249.8   3557.1
81   2   -553.9   -243.7   3521.6
81   3   -695.0   -420.7   3517.7
81   4   -571.6   -590.3   3370.1
81   5   -300.3   -230.8   3575.6
81   6   -151.7   -71.5   3654.5
81   7   -95.9   132.7   3532.6
81   8   -429.9   -464.0   3553.7
81   9   -432.4   -628.2   3505.3
81   10   -514.1   -668.5   3477.8
81   11   -504.6   -1028.0   3417.0
81   12   -504.2   -1348.2   3416.6
81   13   -351.4   -678.2   3509.6
81   14   -360.2   -1037.1   3445.5
81   15   -373.7   -1360.9   3455.1
81   16   -592.1   -562.1   3394.7
81   17   -105.1   98.8   3552.9
81   18   -432.3   -180.4   3558.2
82   0   -438.6   -76.9   3560.4
82   1   -433.2   -244.7   3549.1
82   2   -554.8   -243.3   3518.8
82   3   -701.2   -420.7   3529.4
82   4   -568.0   -595.5   3394.3
82   5   -301.8   -224.4   3561.3
82   6   -187.3   -61.7   3684.6
82   7   -91.3   164.3   3612.2
82   8   -429.8   -457.6   3551.3
82   9   -432.4   -624.0   3505.1
82   10   -512.3   -667.3   3478.4
82   11   -504.0   -1022.7   3417.2
82   12   -503.5   -1343.3   3417.5
82   13   -353.1   -675.9   3509.8
82   14   -359.8   -1031.1   3447.5
82   15   -373.2   -1355.1   3453.1
82   16   -590.2   -566.4   3416.8
82   17   -107.2   126.6   3624.3
82   18   -434.2   -175.3   3548.3
83   0   -437.7   -73.8   3554.3
83   1   -434.0   -240.0   3540.5
83   2   -554.7   -242.4   3514.2
83   3   -700.5   -421.5   3532.7
83   4   -568.0   -604.1   3408.7
83   5   -303.8   -221.4   3551.5
83   6   -205.5   -59.9   3693.6
83   7   -102.7   173.6   3629.9
83   8   -429.8   -451.9   3546.1
83   9   -432.4   -621.0   3505.2
83   10   -511.4   -666.5   3478.6
83   11   -503.1   -1018.4   3417.6
83   12   -502.4   -1340.1   3417.9
83   13   -353.5   -673.9   3509.8
83   14   -359.2   -1026.0   3449.3
83   15   -373.1   -1350.0   3449.2
83   16   -590.0   -573.6   3429.4
83   17   -119.8   134.6   3640.5
83   18   -435.4   -170.6   3538.7
84   0   -437.2   -72.7   3552.4
84   1   -434.4   -236.8   3533.7
84   2   -554.7   -242.0   3510.8
84   3   -699.2   -421.7   3531.7
84   4   -569.6   -607.0   3410.4
84   5   -307.3   -221.3   3555.3
84   6   -211.6   -58.0   3695.8
84   7   -112.6   176.4   3631.0
84   8   -429.8   -448.2   3539.7
84   9   -432.4   -619.9   3505.4
84   10   -511.3   -666.2   3478.6
84   11   -501.8   -1019.0   3417.1
84   12   -463.8   -1350.1   3420.1
84   13   -352.9   -672.6   3509.9
84   14   -358.8   -1025.7   3450.4
84   15   -373.4   -1349.3   3442.1
84   16   -591.2   -576.1   3430.6
84   17   -129.1   137.3   3641.8
84   18   -436.0   -167.5   3531.8
85   0   -436.9   -72.9   3554.1
85   1   -434.6   -235.0   3530.1
85   2   -554.6   -241.7   3506.9
85   3   -698.4   -421.3   3528.1
85   4   -575.4   -603.0   3397.8
85   5   -314.6   -216.9   3576.5
85   6   -205.1   -49.6   3694.5
85   7   -121.2   165.0   3586.0
85   8   -429.8   -446.3   3535.6
85   9   -432.4   -619.7   3505.6
85   10   -511.6   -666.2   3478.5
85   11   -500.2   -1021.3   3416.2
85   12   -470.8   -1347.7   3418.6
85   13   -351.5   -671.0   3509.9
85   14   -358.1   -1026.7   3450.1
85   15   -373.8   -1350.0   3438.8
85   16   -595.9   -572.7   3419.6
85   17   -135.2   129.3   3604.1
85   18   -436.1   -165.7   3528.4
86   0   -436.8   -74.0   3557.8
86   1   -434.6   -234.2   3528.8
86   2   -553.8   -241.1   3501.7
86   3   -697.9   -420.0   3522.6
86   4   -578.0   -601.6   3394.5
86   5   -317.5   -218.3   3583.3
86   6   -201.5   -46.3   3684.3
86   7   -116.6   172.5   3592.7
86   8   -429.8   -445.7   3533.9
86   9   -432.4   -619.8   3505.8
86   10   -511.8   -666.2   3478.3
86   11   -498.5   -1023.9   3415.3
86   12   -473.7   -1347.9   3418.0
86   13   -349.7   -668.9   3510.1
86   14   -357.1   -1027.3   3449.6
86   15   -374.5   -1350.4   3437.6
86   16   -597.9   -571.3   3415.9
86   17   -130.8   136.0   3608.0
86   18   -436.1   -164.8   3527.1
87   0   -436.8   -76.0   3563.7
87   1   -434.7   -233.8   3528.6
87   2   -553.5   -240.9   3499.6
87   3   -698.2   -419.0   3518.6
87   4   -577.9   -602.7   3396.2
87   5   -319.4   -222.9   3584.1
87   6   -200.0   -46.2   3670.8
87   7   -97.6   169.4   3595.0
87   8   -430.1   -445.8   3533.8
87   9   -432.4   -620.0   3505.8
87   10   -512.1   -666.3   3478.2
87   11   -497.5   -1026.5   3414.4
87   12   -474.9   -1349.4   3417.6
87   13   -349.3   -669.0   3510.2
87   14   -356.7   -1030.0   3449.4
87   15   -375.0   -1353.0   3437.3
87   16   -598.0   -572.1   3416.6
87   17   -114.7   133.5   3607.7
87   18   -436.1   -164.5   3527.0
88   0   -436.8   -77.9   3569.8
88   1   -434.8   -233.7   3529.4
88   2   -553.2   -240.7   3499.7
88   3   -698.5   -418.2   3516.7
88   4   -577.8   -603.5   3397.2
88   5   -317.6   -222.7   3580.5
88   6   -197.8   -45.0   3664.7
88   7   -82.4   166.4   3594.5
88   8   -430.5   -446.1   3535.7
88   9   -432.4   -620.1   3505.9
88   10   -512.3   -666.5   3478.1
88   11   -497.2   -1028.9   3413.4
88   12   -474.9   -1351.4   3416.6
88   13   -349.1   -669.3   3510.4
88   14   -356.6   -1032.7   3450.0
88   15   -375.3   -1355.5   3436.8
88   16   -597.9   -572.6   3417.2
88   17   -101.7   131.2   3606.2
88   18   -436.1   -164.4   3527.4
89   0   -436.8   -78.4   3573.8
89   1   -434.8   -233.7   3531.6
89   2   -552.9   -240.5   3501.3
89   3   -698.6   -417.9   3516.2
89   4   -578.0   -602.9   3396.2
89   5   -317.3   -222.9   3580.4
89   6   -194.6   -44.6   3658.8
89   7   -75.8   163.8   3584.1
89   8   -430.9   -446.5   3540.2
89   9   -432.4   -619.7   3506.1
89   10   -512.6   -666.6   3478.0
89   11   -497.3   -1027.2   3413.2
89   12   -474.8   -1349.7   3415.1
89   13   -348.9   -669.7   3510.7
89   14   -356.6   -1031.3   3450.8
89   15   -375.2   -1354.1   3436.6
89   16   -598.1   -572.0   3416.2
89   17   -95.6   129.1   3596.5
89   18   -436.1   -164.5   3528.9
90   0   -436.9   -77.8   3576.5
90   1   -434.9   -233.7   3535.5
90   2   -552.7   -240.4   3504.9
90   3   -698.6   -417.8   3516.3
90   4   -578.3   -601.7   3395.1
90   5   -317.5   -222.6   3583.9
90   6   -186.7   -43.8   3644.3
90   7   -73.7   163.9   3560.5
90   8   -431.4   -446.9   3546.1
90   9   -432.4   -619.1   3506.4
90   10   -512.7   -666.8   3477.9
90   11   -498.1   -1024.0   3413.5
90   12   -474.5   -1346.4   3414.6
90   13   -348.7   -670.0   3511.1
90   14   -356.6   -1028.2   3451.0
90   15   -374.9   -1350.9   3436.5
90   16   -598.3   -571.1   3415.3
90   17   -92.5   129.2   3574.5
90   18   -436.1   -164.5   3532.1
91   0   -436.9   -76.5   3578.2
91   1   -435.0   -233.7   3540.4
91   2   -552.6   -240.3   3510.2
91   3   -699.1   -417.5   3516.4
91   4   -580.7   -596.0   3387.9
91   5   -317.9   -222.1   3589.4
91   6   -175.0   -46.3   3614.9
91   7   -73.2   166.8   3533.9
91   8   -431.8   -447.0   3552.2
91   9   -432.3   -618.4   3507.3
91   10   -512.7   -666.8   3478.0
91   11   -498.8   -1020.5   3414.1
91   12   -474.1   -1342.9   3414.2
91   13   -348.5   -670.2   3511.7
91   14   -356.6   -1024.7   3451.2
91   15   -374.7   -1347.3   3436.0
91   16   -600.4   -566.3   3409.3
91   17   -90.2   131.3   3547.4
91   18   -436.0   -164.5   3536.6
92   0   -436.9   -75.2   3579.5
92   1   -435.1   -233.8   3545.1
92   2   -552.1   -240.0   3513.7
92   3   -699.1   -416.8   3513.8
92   4   -587.9   -582.5   3363.4
92   5   -317.0   -222.1   3591.8
92   6   -166.1   -51.6   3581.5
92   7   -73.9   162.8   3490.0
92   8   -432.3   -446.8   3555.2
92   9   -432.3   -618.0   3508.3
92   10   -512.7   -666.8   3478.1
92   11   -498.9   -1020.8   3414.0
92   12   -473.5   -1343.2   3414.1
92   13   -348.3   -670.5   3512.5
92   14   -356.7   -1025.0   3450.6
92   15   -374.5   -1347.6   3436.1
92   16   -606.4   -554.9   3388.4
92   17   -89.3   127.1   3505.2
92   18   -436.0   -164.6   3541.8
93   0   -436.9   -75.0   3580.4
93   1   -435.2   -234.9   3549.9
93   2   -551.6   -239.8   3516.9
93   3   -696.4   -416.8   3498.5
93   4   -591.1   -566.6   3326.0
93   5   -315.3   -222.7   3592.3
93   6   -154.8   -66.3   3547.8
93   7   -79.4   135.5   3421.0
93   8   -432.7   -446.9   3556.4
93   9   -432.3   -618.4   3509.5
93   10   -512.9   -667.0   3478.7
93   11   -498.9   -1022.9   3413.6
93   12   -473.0   -1345.2   3414.2
93   13   -348.1   -670.8   3513.4
93   14   -356.8   -1027.2   3450.2
93   15   -374.4   -1349.8   3436.1
93   16   -608.7   -541.7   3354.8
93   17   -92.0   101.8   3442.1
93   18   -436.0   -165.6   3547.8
94   0   -436.9   -76.5   3582.9
94   1   -435.3   -237.5   3554.9
94   2   -551.4   -240.2   3520.2
94   3   -680.8   -420.8   3469.6
94   4   -583.3   -526.2   3265.8
94   5   -314.7   -227.5   3592.0
94   6   -140.5   -113.1   3505.8
94   7   -183.4   53.3   3356.8
94   8   -433.1   -448.1   3556.6
94   9   -432.3   -620.0   3510.9
94   10   -513.7   -667.6   3479.3
94   11   -498.8   -1025.8   3413.0
94   12   -472.6   -1348.1   3414.2
94   13   -347.2   -671.5   3514.2
94   14   -356.9   -1030.2   3449.4
94   15   -374.3   -1352.8   3436.4
94   16   -599.6   -508.6   3299.8
94   17   -176.2   25.6   3381.7
94   18   -436.0   -168.2   3554.4
95   0   -436.9   -79.9   3587.2
95   1   -435.3   -241.6   3559.5
95   2   -552.2   -241.5   3524.5
95   3   -654.0   -427.5   3442.9
95   4   -568.2   -454.5   3216.1
95   5   -315.6   -236.5   3591.2
95   6   -155.4   -175.0   3450.5
95   7   -306.3   -45.8   3348.3
95   8   -433.3   -450.8   3556.5
95   9   -432.3   -622.9   3512.4
95   10   -515.0   -668.5   3479.9
95   11   -498.7   -1029.1   3412.6
95   12   -472.3   -1351.3   3414.6
95   13   -345.4   -672.5   3514.6
95   14   -356.9   -1033.5   3448.6
95   15   -374.1   -1356.1   3436.5
95   16   -582.5   -450.1   3253.9
95   17   -281.3   -67.4   3365.3
95   18   -436.0   -172.4   3560.5
96   0   -436.9   -84.3   3588.1
96   1   -435.3   -246.6   3561.3
96   2   -550.9   -245.1   3519.9
96   3   -631.4   -428.9   3411.0
96   4   -528.9   -365.9   3203.0
96   5   -316.1   -247.2   3581.0
96   6   -309.3   -218.5   3403.7
96   7   -496.1   -145.2   3270.3
96   8   -433.2   -454.9   3556.3
96   9   -432.2   -626.8   3514.1
96   10   -516.7   -669.5   3480.5
96   11   -498.6   -1032.0   3412.1
96   12   -472.4   -1354.2   3415.4
96   13   -343.2   -673.3   3514.6
96   14   -357.1   -1036.1   3447.1
96   15   -374.0   -1358.8   3436.7
96   16   -545.9   -376.3   3237.6
96   17   -465.0   -157.4   3292.5
96   18   -435.9   -177.3   3563.0
97   0   -436.9   -90.7   3590.6
97   1   -435.2   -252.2   3561.7
97   2   -551.0   -251.3   3519.1
97   3   -607.3   -422.1   3378.3
97   4   -478.1   -294.7   3217.1
97   5   -314.9   -254.6   3569.9
97   6   -288.4   -323.8   3391.1
97   7   -488.0   -211.3   3302.3
97   8   -433.0   -460.4   3556.0
97   9   -432.1   -632.0   3515.4
97   10   -518.0   -670.2   3481.2
97   11   -498.5   -1034.3   3411.9
97   12   -472.9   -1356.5   3416.4
97   13   -341.0   -673.7   3514.5
97   14   -357.3   -1038.1   3446.1
97   15   -374.1   -1360.7   3436.9
97   16   -499.6   -315.8   3244.0
97   17   -454.8   -229.9   3317.1
97   18   -435.9   -183.0   3563.6
98   0   -436.9   -98.4   3596.1
98   1   -435.1   -257.6   3561.0
98   2   -551.4   -257.5   3518.2
98   3   -586.1   -423.2   3364.5
98   4   -439.9   -261.4   3242.4
98   5   -313.2   -259.9   3564.8
98   6   -279.5   -401.4   3412.9
98   7   -464.2   -271.3   3307.5
98   8   -432.5   -466.3   3553.2
98   9   -431.8   -638.0   3516.1
98   10   -518.8   -671.3   3481.1
98   11   -498.4   -1036.5   3411.8
98   12   -473.0   -1358.7   3417.3
98   13   -339.3   -674.2   3514.1
98   14   -357.5   -1039.6   3444.8
98   15   -374.1   -1362.2   3437.5
98   16   -464.2   -288.3   3262.8
98   17   -433.4   -292.9   3325.1
98   18   -435.9   -188.4   3563.6
99   0   -436.9   -105.7   3603.4
99   1   -434.9   -261.8   3559.2
99   2   -550.2   -262.2   3513.5
99   3   -577.0   -432.3   3362.6
99   4   -423.9   -252.9   3265.7
99   5   -312.0   -264.1   3563.0
99   6   -276.8   -444.5   3432.5
99   7   -444.8   -316.8   3298.6
99   8   -431.9   -471.4   3546.3
99   9   -431.6   -643.9   3516.5
99   10   -518.9   -673.5   3480.8
99   11   -498.2   -1039.3   3411.7
99   12   -472.9   -1361.4   3420.3
99   13   -338.1   -676.0   3513.4
99   14   -357.8   -1041.5   3442.4
99   15   -358.1   -1365.8   3440.6
99   16   -449.4   -282.8   3281.8
99   17   -416.8   -338.0   3321.0
99   18   -435.9   -192.7   3563.4
100   0   -436.9   -111.4   3609.9
100   1   -434.8   -264.8   3556.7
100   2   -548.2   -264.6   3506.0
100   3   -575.1   -441.8   3364.1
100   4   -418.8   -254.9   3284.3
100   5   -310.9   -267.0   3563.0
100   6   -275.9   -461.6   3440.5
100   7   -432.5   -335.5   3289.7
100   8   -431.3   -475.6   3536.5
100   9   -431.4   -649.1   3516.6
100   10   -517.7   -681.1   3480.9
100   11   -497.9   -1045.6   3411.1
100   12   -472.3   -1367.3   3425.6
100   13   -338.7   -683.1   3512.3
100   14   -358.1   -1047.1   3439.8
100   15   -358.2   -1374.3   3438.1
100   16   -444.9   -286.1   3297.6
100   17   -406.4   -356.5   3314.8
100   18   -435.9   -195.9   3563.2
101   0   -436.8   -113.8   3613.7
101   1   -434.6   -266.0   3554.3
101   2   -547.5   -265.4   3502.1
101   3   -575.5   -446.7   3365.6
101   4   -418.3   -257.0   3296.9
101   5   -309.8   -267.8   3563.9
101   6   -274.3   -464.0   3441.7
101   7   -428.5   -340.3   3285.1
101   8   -430.6   -477.9   3527.2
101   9   -431.1   -652.0   3516.5
101   10   -516.0   -686.9   3481.3
101   11   -497.8   -1049.2   3411.2
101   12   -471.8   -1370.4   3432.9
101   13   -339.9   -688.2   3510.9
101   14   -358.4   -1049.6   3436.2
101   15   -358.5   -1373.6   3433.8
101   16   -444.5   -288.6   3308.3
101   17   -402.8   -360.9   3311.2
101   18   -435.9   -197.4   3563.1
102   0   -436.7   -114.1   3615.4
102   1   -434.4   -266.2   3552.7
102   2   -547.7   -265.5   3500.5
102   3   -576.4   -448.6   3366.5
102   4   -419.3   -258.7   3302.7
102   5   -308.8   -267.4   3565.1
102   6   -272.7   -461.5   3441.7
102   7   -427.6   -340.1   3284.1
102   8   -430.0   -478.7   3520.8
102   9   -430.9   -653.2   3516.2
102   10   -514.2   -690.4   3481.8
102   11   -497.8   -1050.2   3411.8
102   12   -471.4   -1371.3   3435.1
102   13   -341.0   -690.6   3509.2
102   14   -358.6   -1048.8   3432.1
102   15   -358.7   -1370.3   3429.4
102   16   -445.5   -290.4   3313.4
102   17   -401.8   -360.3   3310.3
102   18   -435.9   -197.8   3563.0
103   0   -435.7   -113.2   3615.8
103   1   -434.3   -266.0   3552.0
103   2   -548.1   -265.3   3500.2
103   3   -577.0   -449.1   3366.9
103   4   -420.3   -259.6   3305.9
103   5   -307.9   -266.5   3566.3
103   6   -270.9   -458.7   3442.7
103   7   -427.1   -339.2   3285.0
103   8   -429.3   -478.7   3518.0
103   9   -430.6   -653.5   3515.9
103   10   -512.9   -691.5   3482.2
103   11   -497.9   -1049.0   3412.9
103   12   -498.1   -1370.3   3413.8
103   13   -342.2   -691.8   3507.6
103   14   -358.7   -1047.1   3428.1
103   15   -358.7   -1368.3   3425.8
103   16   -446.5   -291.2   3316.1
103   17   -401.1   -359.1   3311.3
103   18   -435.9   -197.7   3563.0
104   0   -433.8   -111.5   3615.4
104   1   -434.1   -265.7   3551.9
104   2   -549.7   -265.5   3503.4
104   3   -577.2   -448.4   3368.5
104   4   -420.7   -260.1   3307.4
104   5   -307.8   -265.8   3570.9
104   6   -269.1   -456.1   3446.8
104   7   -424.3   -340.5   3285.7
104   8   -428.6   -478.1   3517.6
104   9   -430.5   -653.2   3515.5
104   10   -511.9   -691.3   3482.5
104   11   -498.1   -1047.0   3414.1
104   12   -498.2   -1368.0   3414.9
104   13   -343.5   -692.4   3506.2
104   14   -358.9   -1045.7   3426.7
104   15   -359.0   -1367.5   3426.5
104   16   -446.8   -291.5   3317.5
104   17   -398.4   -359.8   3312.6
104   18   -435.9   -197.4   3563.0
105   0   -430.2   -109.2   3614.3
105   1   -433.9   -265.3   3552.2
105   2   -550.5   -265.3   3505.0
105   3   -577.5   -448.6   3370.5
105   4   -421.5   -260.8   3308.6
105   5   -307.8   -265.4   3573.2
105   6   -268.2   -454.9   3449.4
105   7   -420.3   -341.9   3283.8
105   8   -427.9   -477.1   3518.4
105   9   -430.3   -652.4   3514.9
105   10   -511.1   -690.3   3482.6
105   11   -498.3   -1044.9   3415.4
105   12   -498.4   -1366.2   3416.2
105   13   -344.5   -692.2   3505.7
105   14   -359.1   -1044.2   3426.8
105   15   -373.4   -1362.9   3455.5
105   16   -447.5   -292.1   3318.9
105   17   -395.0   -360.7   3311.4
105   18   -435.8   -197.0   3563.0
106   0   -426.2   -107.6   3612.5
106   1   -433.7   -265.0   3552.6
106   2   -550.9   -264.8   3506.0
106   3   -577.7   -449.3   3372.7
106   4   -422.4   -261.7   3309.4
106   5   -307.8   -265.1   3574.3
106   6   -268.1   -453.5   3449.6
106   7   -421.3   -344.6   3282.5
106   8   -427.3   -476.1   3519.8
106   9   -430.1   -651.5   3514.1
106   10   -510.7   -689.7   3482.5
106   11   -498.5   -1043.4   3416.0
106   12   -498.6   -1365.3   3416.3
106   13   -344.9   -692.0   3505.5
106   14   -359.5   -1043.1   3427.2
106   15   -372.3   -1363.0   3463.4
106   16   -448.3   -293.0   3320.0
106   17   -395.8   -362.7   3310.3
106   18   -435.8   -196.6   3563.1
107   0   -422.9   -106.8   3610.9
107   1   -433.5   -264.7   3553.0
107   2   -551.0   -264.5   3506.6
107   3   -578.1   -451.3   3376.5
107   4   -424.2   -263.5   3311.0
107   5   -307.8   -264.9   3574.6
107   6   -268.4   -452.1   3448.2
107   7   -422.9   -338.0   3286.1
107   8   -426.7   -475.2   3521.4
107   9   -429.9   -650.6   3513.1
107   10   -510.5   -689.2   3482.2
107   11   -498.6   -1042.2   3416.4
107   12   -498.7   -1364.4   3416.5
107   13   -345.0   -691.8   3505.3
107   14   -360.0   -1042.2   3427.5
107   15   -371.7   -1362.5   3467.0
107   16   -449.8   -294.8   3321.9
107   17   -397.2   -357.0   3313.1
107   18   -435.7   -196.3   3563.3
108   0   -421.3   -106.1   3609.5
108   1   -433.2   -264.4   3553.5
108   2   -551.1   -264.2   3507.0
108   3   -578.3   -453.1   3380.0
108   4   -425.5   -264.8   3313.6
108   5   -307.8   -264.8   3574.6
108   6   -268.4   -452.7   3449.2
108   7   -419.4   -333.9   3287.1
108   8   -426.0   -474.5   3522.9
108   9   -429.7   -649.7   3511.9
108   10   -510.6   -689.0   3481.8
108   11   -498.7   -1041.5   3416.7
108   12   -470.9   -1366.8   3435.2
108   13   -344.7   -691.8   3505.0
108   14   -360.6   -1041.7   3427.9
108   15   -371.2   -1362.2   3467.7
108   16   -450.9   -296.2   3324.7
108   17   -394.2   -353.7   3314.2
108   18   -435.6   -196.0   3563.4
109   0   -420.6   -103.9   3607.4
109   1   -433.0   -264.1   3553.9
109   2   -551.0   -264.0   3507.4
109   3   -577.9   -453.6   3381.2
109   4   -425.0   -264.0   3319.1
109   5   -307.8   -264.8   3574.3
109   6   -268.5   -453.1   3449.6
109   7   -416.2   -331.4   3286.7
109   8   -425.4   -473.9   3524.1
109   9   -429.4   -648.9   3510.7
109   10   -510.7   -689.0   3481.2
109   11   -499.2   -1041.2   3416.8
109   12   -471.2   -1364.1   3436.5
109   13   -344.4   -692.0   3504.8
109   14   -361.2   -1041.5   3428.2
109   15   -370.5   -1362.1   3466.9
109   16   -450.5   -295.6   3329.5
109   17   -391.6   -351.7   3313.8
109   18   -435.5   -195.7   3563.6
110   0   -420.4   -101.2   3604.4
110   1   -432.7   -263.9   3554.1
110   2   -550.9   -263.9   3507.7
110   3   -576.3   -452.8   3380.3
110   4   -423.5   -262.0   3322.0
110   5   -307.8   -264.8   3573.3
110   6   -268.5   -453.8   3449.6
110   7   -414.9   -330.1   3286.9
110   8   -424.7   -473.4   3524.7
110   9   -429.2   -648.2   3509.6
110   10   -510.9   -689.0   3480.6
110   11   -499.9   -1041.2   3417.0
110   12   -471.4   -1362.4   3441.1
110   13   -344.0   -692.2   3504.5
110   14   -361.4   -1041.6   3428.6
110   15   -369.6   -1362.3   3465.3
110   16   -448.9   -293.8   3331.7
110   17   -390.5   -350.7   3314.0
110   18   -435.4   -195.4   3563.7
111   0   -420.4   -98.7   3600.8
111   1   -432.5   -263.5   3554.3
111   2   -550.8   -263.8   3508.0
111   3   -573.0   -452.2   3379.2
111   4   -421.7   -259.6   3322.8
111   5   -307.8   -264.9   3572.1
111   6   -268.2   -454.5   3449.4
111   7   -414.8   -329.4   3288.0
111   8   -423.9   -473.0   3525.1
111   9   -428.9   -647.7   3508.5
111   10   -510.9   -689.2   3480.0
111   11   -500.5   -1041.9   3416.9
111   12   -470.9   -1362.2   3442.7
111   13   -343.6   -692.4   3504.1
111   14   -361.3   -1042.5   3429.4
111   15   -368.4   -1363.4   3463.0
111   16   -446.9   -291.7   3332.2
111   17   -390.4   -350.3   3314.9
111   18   -435.3   -195.1   3563.9
112   0   -420.6   -96.8   3597.7
112   1   -432.2   -263.2   3554.5
112   2   -550.7   -263.7   3508.3
112   3   -567.7   -451.7   3378.2
112   4   -418.8   -256.6   3323.9
112   5   -307.8   -265.1   3570.9
112   6   -267.8   -455.5   3449.6
112   7   -414.6   -329.3   3289.2
112   8   -423.2   -472.7   3525.3
112   9   -428.7   -647.2   3507.4
112   10   -511.0   -689.2   3479.3
112   11   -500.5   -1042.7   3416.8
112   12   -471.6   -1362.8   3443.6
112   13   -343.2   -692.6   3503.7
112   14   -361.3   -1043.6   3430.0
112   15   -367.9   -1364.7   3460.6
112   16   -443.6   -289.1   3332.9
112   17   -390.1   -350.3   3315.9
112   18   -435.2   -194.8   3564.0
113   0   -421.0   -96.1   3597.4
113   1   -432.0   -263.0   3554.6
113   2   -550.6   -263.7   3508.7
113   3   -561.7   -451.7   3378.0
113   4   -415.5   -254.2   3325.4
113   5   -307.9   -265.4   3570.3
113   6   -267.2   -456.3   3450.0
113   7   -413.9   -329.4   3290.2
113   8   -422.7   -472.6   3525.3
113   9   -428.4   -646.9   3506.3
113   10   -510.9   -689.3   3478.4
113   11   -500.4   -1043.5   3416.7
113   12   -472.4   -1363.5   3443.8
113   13   -342.9   -692.8   3503.2
113   14   -361.3   -1044.6   3430.3
113   15   -367.4   -1365.9   3457.8
113   16   -439.8   -287.1   3334.1
113   17   -389.5   -350.6   3316.8
113   18   -435.0   -194.6   3564.2
114   0   -421.3   -96.3   3599.0
114   1   -431.9   -262.8   3554.8
114   2   -550.6   -263.6   3509.0
114   3   -558.8   -451.9   3378.4
114   4   -412.2   -254.5   3326.3
114   5   -308.0   -265.7   3569.9
114   6   -267.0   -457.3   3450.6
114   7   -413.5   -329.3   3291.5
114   8   -422.5   -472.6   3525.4
114   9   -428.2   -646.7   3505.3
114   10   -510.9   -689.3   3477.5
114   11   -500.3   -1044.2   3416.7
114   12   -472.3   -1364.2   3443.4
114   13   -342.6   -693.0   3502.7
114   14   -361.3   -1045.4   3430.6
114   15   -366.3   -1367.0   3454.9
114   16   -436.7   -287.4   3335.0
114   17   -389.1   -350.6   3318.0
114   18   -434.9   -194.4   3564.3
115   0   -421.4   -97.0   3601.2
115   1   -431.8   -262.7   3555.0
115   2   -550.9   -263.8   3510.4
115   3   -557.4   -451.3   3378.5
115   4   -408.6   -255.5   3326.9
115   5   -308.5   -266.7   3569.7
115   6   -266.9   -458.1   3450.4
115   7   -413.5   -328.8   3292.6
115   8   -422.4   -472.9   3525.6
115   9   -427.9   -646.7   3504.6
115   10   -510.9   -689.4   3476.5
115   11   -500.4   -1044.8   3416.7
115   12   -471.5   -1364.9   3442.9
115   13   -342.1   -693.4   3502.3
115   14   -361.3   -1046.3   3430.8
115   15   -364.9   -1367.9   3453.7
115   16   -433.4   -288.1   3335.5
115   17   -389.0   -350.4   3318.9
115   18   -434.8   -194.3   3564.5
116   0   -421.3   -98.3   3603.4
116   1   -431.7   -262.6   3555.2
116   2   -551.3   -264.1   3512.3
116   3   -556.9   -450.5   3378.8
116   4   -407.2   -255.4   3327.0
116   5   -309.1   -267.9   3569.6
116   6   -266.8   -458.8   3449.9
116   7   -414.2   -327.7   3294.4
116   8   -422.6   -473.8   3525.9
116   9   -427.6   -646.8   3504.0
116   10   -511.1   -689.6   3475.5
116   11   -500.4   -1045.4   3416.7
116   12   -470.3   -1365.3   3442.4
116   13   -341.5   -693.9   3501.4
116   14   -361.4   -1047.3   3431.1
116   15   -362.1   -1368.9   3452.9
116   16   -432.2   -287.9   3335.6
116   17   -389.6   -349.5   3320.3
116   18   -434.7   -194.3   3564.7
117   0   -421.1   -100.1   3605.8
117   1   -431.7   -262.6   3555.5
117   2   -551.4   -264.3   3513.7
117   3   -556.8   -449.8   3379.1
117   4   -407.4   -254.7   3327.1
117   5   -309.7   -268.9   3569.6
117   6   -266.9   -459.5   3449.5
117   7   -415.2   -324.9   3298.0
117   8   -422.7   -475.0   3526.2
117   9   -427.3   -647.1   3503.7
117   10   -511.3   -689.8   3475.1
117   11   -500.4   -1045.7   3416.7
117   12   -469.0   -1365.6   3440.9
117   13   -341.0   -694.5   3500.4
117   14   -361.4   -1048.1   3431.6
117   15   -358.2   -1369.8   3451.2
117   16   -432.3   -287.2   3335.8
117   17   -390.5   -347.3   3323.3
117   18   -434.6   -194.2   3564.9
118   0   -421.1   -102.1   3607.8
118   1   -431.6   -262.6   3555.7
118   2   -551.5   -264.4   3514.8
118   3   -557.0   -449.3   3379.3
118   4   -408.3   -253.7   3327.5
118   5   -310.1   -269.7   3569.5
118   6   -267.0   -459.9   3449.1
118   7   -416.7   -322.0   3301.9
118   8   -422.8   -476.4   3526.4
118   9   -427.0   -647.4   3503.3
118   10   -511.5   -690.0   3474.9
118   11   -500.4   -1045.9   3416.8
118   12   -468.4   -1365.9   3438.3
118   13   -340.6   -695.0   3499.4
118   14   -361.4   -1048.8   3432.1
118   15   -352.9   -1370.6   3447.8
118   16   -433.0   -286.3   3336.1
118   17   -391.7   -345.0   3326.4
118   18   -434.4   -194.2   3565.1
119   0   -421.1   -103.7   3608.9
119   1   -431.5   -262.6   3555.9
119   2   -551.3   -264.4   3515.2
119   3   -557.2   -449.1   3379.6
119   4   -408.9   -253.2   3328.0
119   5   -310.2   -269.9   3569.5
119   6   -267.3   -459.8   3448.5
119   7   -415.6   -316.5   3305.3
119   8   -422.8   -477.6   3526.4
119   9   -426.8   -647.7   3503.0
119   10   -511.3   -690.0   3474.9
119   11   -500.4   -1045.8   3416.9
119   12   -466.2   -1365.6   3436.9
119   13   -340.4   -695.3   3499.2
119   14   -361.4   -1049.2   3433.0
119   15   -350.3   -1371.1   3442.2
119   16   -433.6   -285.8   3336.6
119   17   -390.9   -340.3   3329.1
119   18   -434.3   -194.2   3565.3
120   0   -421.1   -104.9   3609.3
120   1   -431.4   -262.6   3556.0
120   2   -551.1   -264.4   3515.5
120   3   -557.5   -449.0   3379.8
120   4   -409.2   -252.9   3328.7
120   5   -310.2   -270.1   3569.5
120   6   -267.6   -460.3   3449.0
120   7   -410.4   -306.3   3311.8
120   8   -422.9   -478.5   3526.4
120   9   -426.5   -647.8   3502.9
120   10   -511.0   -689.9   3475.0
120   11   -500.3   -1045.6   3416.9
120   12   -465.5   -1365.3   3436.4
120   13   -340.5   -695.6   3499.4
120   14   -361.5   -1049.6   3434.0
120   15   -349.1   -1371.5   3437.9
120   16   -433.9   -285.6   3337.2
120   17   -386.6   -331.9   3334.7
120   18   -434.1   -194.2   3565.4
121   0   -421.2   -105.7   3609.2
121   1   -431.3   -262.6   3556.1
121   2   -550.9   -264.4   3515.5
121   3   -557.8   -449.1   3380.1
121   4   -409.5   -252.9   3329.6
121   5   -310.2   -270.2   3569.5
121   6   -267.9   -460.9   3449.7
121   7   -406.2   -298.5   3317.5
121   8   -422.9   -479.2   3526.4
121   9   -426.3   -647.7   3502.9
121   10   -510.7   -689.7   3475.1
121   11   -500.1   -1045.2   3416.9
121   12   -466.3   -1365.1   3435.6
121   13   -340.6   -695.7   3499.8
121   14   -361.5   -1049.5   3434.5
121   15   -348.7   -1371.5   3437.7
121   16   -434.2   -285.6   3338.0
121   17   -383.1   -325.5   3339.5
121   18   -433.9   -194.2   3565.4
122   0   -421.3   -106.2   3609.0
122   1   -431.2   -262.6   3556.1
122   2   -550.6   -264.4   3515.5
122   3   -558.0   -449.4   3380.4
122   4   -409.8   -252.9   3331.0
122   5   -310.2   -270.3   3569.5
122   6   -268.4   -461.9   3451.0
122   7   -404.3   -296.3   3320.0
122   8   -422.9   -479.6   3526.4
122   9   -426.0   -647.6   3502.9
122   10   -510.2   -689.5   3475.2
122   11   -500.0   -1044.8   3416.9
122   12   -445.8   -1361.8   3431.8
122   13   -340.7   -695.8   3500.2
122   14   -361.5   -1049.4   3434.7
122   15   -348.6   -1371.6   3440.1
122   16   -434.5   -285.6   3339.2
122   17   -381.7   -323.9   3341.9
122   18   -433.8   -194.2   3565.5
123   0   -421.4   -106.5   3608.7
123   1   -431.1   -262.6   3556.2
123   2   -550.4   -264.3   3515.4
123   3   -558.3   -449.7   3380.9
123   4   -410.0   -252.8   3333.2
123   5   -310.2   -270.4   3569.5
123   6   -268.5   -462.8   3452.3
123   7   -404.4   -297.8   3320.6
123   8   -422.9   -479.8   3526.4
123   9   -425.7   -647.5   3502.9
123   10   -509.7   -689.4   3475.4
123   11   -499.8   -1044.4   3416.8
123   12   -448.1   -1362.1   3431.8
123   13   -340.7   -695.9   3500.5
123   14   -361.5   -1049.2   3434.6
123   15   -348.7   -1371.4   3443.3
123   16   -434.7   -285.6   3341.2
123   17   -381.8   -325.3   3342.5
123   18   -433.6   -194.2   3565.5
124   0   -421.4   -106.7   3608.4
124   1   -430.9   -262.6   3556.2
124   2   -550.1   -264.3   3515.2
124   3   -558.6   -450.1   3381.4
124   4   -410.2   -252.8   3336.2
124   5   -310.1   -270.6   3569.5
124   6   -268.4   -464.2   3454.4
124   7   -404.0   -300.2   3321.3
124   8   -422.9   -480.0   3526.4
124   9   -425.3   -647.3   3503.0
124   10   -509.1   -689.2   3475.5
124   11   -499.6   -1044.0   3416.8
124   12   -464.0   -1363.6   3433.2
124   13   -340.7   -696.1   3500.6
124   14   -361.7   -1049.0   3434.4
124   15   -348.8   -1370.9   3449.5
124   16   -434.9   -285.7   3343.7
124   17   -381.4   -327.6   3343.5
124   18   -433.5   -194.2   3565.5
125   0   -421.5   -106.7   3608.2
125   1   -430.8   -262.6   3556.2
125   2   -549.9   -264.3   3515.2
125   3   -558.6   -450.4   3381.8
125   4   -410.1   -252.4   3340.9
125   5   -310.0   -270.7   3569.5
125   6   -268.1   -465.7   3456.8
125   7   -402.6   -301.0   3323.5
125   8   -422.9   -480.0   3526.5
125   9   -424.9   -647.1   3503.0
125   10   -508.6   -688.9   3475.7
125   11   -499.1   -1043.3   3416.6
125   12   -475.5   -1364.0   3434.3
125   13   -340.7   -696.1   3500.6
125   14   -362.0   -1048.6   3434.0
125   15   -349.0   -1370.4   3449.3
125   16   -434.8   -285.4   3347.8
125   17   -380.2   -328.4   3345.7
125   18   -433.3   -194.2   3565.6
126   0   -421.6   -106.7   3608.0
126   1   -430.6   -262.6   3556.3
126   2   -549.7   -264.3   3515.1
126   3   -558.6   -450.7   3382.3
126   4   -410.0   -251.8   3346.6
126   5   -309.9   -270.9   3569.5
126   6   -268.0   -466.3   3457.7
126   7   -401.1   -298.8   3326.7
126   8   -422.8   -480.0   3526.5
126   9   -424.6   -646.9   3503.1
126   10   -508.1   -688.6   3475.8
126   11   -498.6   -1042.3   3416.4
126   12   -476.2   -1363.2   3434.6
126   13   -340.6   -696.1   3500.7
126   14   -362.1   -1048.0   3434.1
126   15   -349.4   -1369.7   3448.1
126   16   -434.7   -284.9   3352.5
126   17   -378.9   -326.7   3348.5
126   18   -433.1   -194.2   3565.6
127   0   -421.6   -106.6   3607.9
127   1   -430.5   -262.5   3556.3
127   2   -549.5   -264.3   3515.0
127   3   -558.7   -450.9   3382.6
127   4   -410.0   -251.4   3350.8
127   5   -309.8   -271.1   3569.5
127   6   -267.9   -466.3   3457.4
127   7   -400.6   -295.8   3329.8
127   8   -422.8   -480.1   3526.6
127   9   -424.2   -646.8   3503.1
127   10   -507.7   -688.3   3476.0
127   11   -498.2   -1040.8   3416.2
127   12   -468.6   -1361.0   3434.2
127   13   -340.5   -696.1   3500.7
127   14   -362.2   -1046.7   3433.7
127   15   -362.2   -1367.9   3433.3
127   16   -434.8   -284.7   3356.1
127   17   -378.5   -324.2   3351.0
127   18   -432.9   -194.2   3565.7
128   0   -421.6   -106.5   3607.7
128   1   -430.3   -262.5   3556.4
128   2   -549.2   -264.3   3515.0
128   3   -558.7   -451.1   3382.9
128   4   -410.1   -251.3   3352.3
128   5   -309.5   -271.0   3569.5
128   6   -268.0   -465.8   3456.6
128   7   -401.2   -294.2   3331.2
128   8   -422.8   -480.1   3526.7
128   9   -423.8   -646.7   3503.1
128   10   -507.3   -687.9   3476.2
128   11   -498.2   -1039.0   3416.0
128   12   -466.7   -1359.1   3433.3
128   13   -340.4   -696.0   3500.6
128   14   -362.3   -1045.1   3432.7
128   15   -362.4   -1366.1   3431.8
128   16   -434.9   -284.6   3357.4
128   17   -379.0   -322.8   3352.1
128   18   -432.7   -194.2   3565.7
129   0   -421.6   -106.3   3607.7
129   1   -430.1   -262.5   3556.5
129   2   -549.0   -264.3   3515.1
129   3   -558.8   -451.2   3383.2
129   4   -410.6   -251.1   3352.9
129   5   -309.2   -271.0   3569.5
129   6   -268.1   -465.2   3455.6
129   7   -401.7   -292.1   3332.7
129   8   -422.8   -480.1   3526.9
129   9   -423.4   -646.6   3503.1
129   10   -506.9   -687.5   3476.5
129   11   -498.1   -1037.2   3416.0
129   12   -470.2   -1357.6   3431.1
129   13   -340.3   -696.0   3500.6
129   14   -362.6   -1043.4   3431.1
129   15   -362.8   -1364.3   3430.0
129   16   -435.3   -284.5   3357.9
129   17   -379.4   -321.0   3353.1
129   18   -432.4   -194.2   3565.8
130   0   -421.6   -106.0   3607.6
130   1   -429.9   -262.5   3556.6
130   2   -548.8   -264.3   3515.1
130   3   -558.8   -451.2   3383.2
130   4   -411.2   -250.7   3353.0
130   5   -308.8   -270.9   3569.6
130   6   -268.3   -464.8   3454.8
130   7   -402.0   -289.9   3334.7
130   8   -422.8   -480.1   3527.2
130   9   -423.2   -646.6   3503.1
130   10   -506.7   -686.9   3476.7
130   11   -498.2   -1035.3   3416.0
130   12   -472.4   -1355.9   3428.0
130   13   -340.2   -695.9   3500.6
130   14   -362.7   -1041.9   3430.0
130   15   -362.7   -1362.8   3429.4
130   16   -435.8   -284.1   3358.0
130   17   -379.7   -319.0   3354.7
130   18   -432.1   -194.2   3565.8
131   0   -421.6   -105.8   3607.6
131   1   -429.7   -262.5   3556.7
131   2   -548.6   -264.3   3515.1
131   3   -558.9   -451.0   3383.1
131   4   -411.5   -250.4   3353.1
131   5   -308.5   -271.0   3569.6
131   6   -268.5   -464.6   3454.3
131   7   -402.1   -287.6   3337.4
131   8   -422.8   -480.1   3527.5
131   9   -422.9   -646.5   3503.2
131   10   -506.5   -686.6   3477.1
131   11   -498.2   -1034.0   3416.2
131   12   -473.6   -1354.8   3424.7
131   13   -340.2   -695.8   3500.6
131   14   -362.7   -1040.7   3429.8
131   15   -362.6   -1362.0   3429.9
131   16   -436.0   -283.9   3358.1
131   17   -379.8   -317.1   3356.9
131   18   -431.8   -194.2   3565.8
132   0   -421.6   -105.5   3607.5
132   1   -429.4   -262.5   3556.8
132   2   -548.3   -264.3   3515.2
132   3   -558.9   -451.0   3383.2
132   4   -413.0   -252.2   3353.5
132   5   -308.1   -271.1   3569.6
132   6   -268.7   -464.7   3454.1
132   7   -400.2   -285.7   3343.0
132   8   -422.8   -480.1   3527.9
132   9   -422.8   -646.5   3503.2
132   10   -506.3   -686.4   3477.4
132   11   -498.2   -1033.1   3416.4
132   12   -474.1   -1353.9   3422.6
132   13   -340.2   -695.7   3500.7
132   14   -362.6   -1039.9   3429.7
132   15   -360.1   -1364.2   3454.9
132   16   -437.3   -285.4   3358.5
132   17   -378.2   -315.5   3361.5
132   18   -431.5   -194.2   3565.9
133   0   -421.6   -105.1   3607.9
133   1   -429.2   -262.5   3557.7
133   2   -547.9   -264.2   3515.3
133   3   -559.0   -450.9   3383.5
133   4   -414.8   -254.6   3353.9
133   5   -307.8   -271.3   3569.7
133   6   -268.9   -464.8   3453.9
133   7   -400.4   -287.3   3347.2
133   8   -422.8   -480.1   3528.4
133   9   -422.8   -646.3   3503.2
133   10   -506.2   -686.3   3477.8
133   11   -498.3   -1032.4   3416.6
133   12   -474.2   -1353.2   3420.5
133   13   -340.3   -695.6   3500.7
133   14   -362.6   -1039.2   3429.8
133   15   -366.9   -1361.2   3455.7
133   16   -438.9   -287.3   3358.8
133   17   -378.5   -316.9   3365.0
133   18   -431.2   -194.2   3566.9
134   0   -421.6   -104.7   3609.6
134   1   -428.9   -262.5   3559.5
134   2   -547.1   -264.1   3515.6
134   3   -559.1   -450.8   3383.9
134   4   -416.8   -256.7   3354.1
134   5   -307.4   -271.5   3570.6
134   6   -269.2   -464.4   3453.9
134   7   -402.8   -290.6   3350.2
134   8   -422.8   -480.0   3529.8
134   9   -422.8   -646.1   3503.7
134   10   -506.1   -686.2   3478.2
134   11   -498.3   -1031.9   3416.7
134   12   -498.3   -1353.2   3416.8
134   13   -340.4   -695.4   3500.7
134   14   -362.5   -1038.6   3430.0
134   15   -369.8   -1359.7   3451.4
134   16   -440.5   -289.1   3359.1
134   17   -380.5   -319.6   3367.5
134   18   -430.9   -194.2   3568.8
135   0   -421.7   -104.4   3613.0
135   1   -428.7   -262.5   3562.3
135   2   -546.1   -263.8   3516.0
135   3   -559.3   -450.5   3384.5
135   4   -418.5   -258.4   3354.2
135   5   -306.9   -271.7   3572.2
135   6   -269.6   -463.9   3454.0
135   7   -405.3   -294.2   3351.9
135   8   -422.8   -479.9   3532.3
135   9   -422.8   -645.9   3504.5
135   10   -506.0   -686.2   3478.7
135   11   -498.3   -1031.4   3416.8
135   12   -498.3   -1352.8   3416.9
135   13   -340.4   -695.2   3500.7
135   14   -362.5   -1038.2   3430.1
135   15   -370.6   -1359.0   3449.0
135   16   -442.0   -290.4   3359.3
135   17   -382.7   -322.5   3368.9
135   18   -430.5   -194.2   3571.7
136   0   -421.7   -104.1   3617.4
136   1   -428.4   -262.5   3565.5
136   2   -544.9   -263.5   3516.5
136   3   -559.4   -449.7   3384.5
136   4   -419.9   -259.5   3354.3
136   5   -306.4   -272.0   3573.1
136   6   -269.8   -463.4   3453.4
136   7   -405.8   -296.2   3353.0
136   8   -422.8   -479.8   3535.3
136   9   -422.8   -645.7   3505.4
136   10   -505.8   -686.1   3479.2
136   11   -498.3   -1031.1   3416.9
136   12   -498.3   -1352.5   3416.9
136   13   -340.4   -695.0   3500.8
136   14   -362.4   -1037.9   3430.3
136   15   -370.3   -1358.6   3447.7
136   16   -443.2   -291.2   3359.4
136   17   -383.1   -324.1   3369.7
136   18   -430.2   -194.2   3575.0
137   0   -421.8   -103.3   3620.9
137   1   -428.2   -262.5   3568.8
137   2   -543.9   -263.2   3517.0
137   3   -559.5   -449.0   3384.7
137   4   -421.3   -260.5   3354.4
137   5   -305.9   -272.3   3573.6
137   6   -270.1   -463.1   3452.9
137   7   -405.5   -297.4   3354.2
137   8   -422.7   -479.7   3538.8
137   9   -422.8   -645.5   3506.4
137   10   -505.7   -686.0   3479.8
137   11   -498.3   -1031.0   3416.9
137   12   -498.4   -1352.3   3416.9
137   13   -340.4   -694.8   3500.9
137   14   -362.4   -1037.6   3430.4
137   15   -369.5   -1358.4   3447.1
137   16   -444.3   -291.9   3359.5
137   17   -383.0   -325.0   3370.6
137   18   -429.9   -194.2   3578.2
138   0   -421.7   -102.0   3622.6
138   1   -428.0   -262.4   3571.4
138   2   -543.1   -262.9   3517.5
138   3   -559.6   -448.5   3385.0
138   4   -422.7   -261.4   3354.5
138   5   -305.4   -272.6   3574.0
138   6   -270.6   -463.3   3452.8
138   7   -404.8   -298.4   3355.5
138   8   -422.7   -479.6   3541.3
138   9   -422.8   -645.5   3507.4
138   10   -505.6   -686.0   3480.1
138   11   -498.4   -1030.8   3416.9
138   12   -498.4   -1352.2   3416.8
138   13   -340.4   -694.7   3501.0
138   14   -362.4   -1037.5   3430.4
138   15   -368.5   -1358.3   3446.9
138   16   -445.5   -292.6   3359.6
138   17   -382.5   -325.9   3371.7
138   18   -429.6   -194.2   3580.9
139   0   -421.7   -100.8   3623.4
139   1   -427.7   -262.4   3573.2
139   2   -542.6   -262.9   3517.8
139   3   -559.6   -448.2   3385.0
139   4   -422.5   -260.0   3354.2
139   5   -304.8   -273.0   3574.3
139   6   -271.2   -463.7   3452.9
139   7   -405.7   -297.7   3355.3
139   8   -422.7   -479.4   3542.6
139   9   -422.8   -645.6   3508.3
139   10   -505.4   -685.8   3480.3
139   11   -498.4   -1030.6   3416.8
139   12   -475.1   -1351.7   3426.9
139   13   -340.4   -694.6   3501.2
139   14   -362.4   -1037.4   3430.4
139   15   -368.2   -1358.2   3446.8
139   16   -445.3   -291.3   3359.4
139   17   -383.3   -325.4   3371.6
139   18   -429.3   -194.2   3582.8
140   0   -421.6   -99.8   3623.6
140   1   -427.5   -262.4   3574.1
140   2   -542.2   -263.0   3517.9
140   3   -559.6   -448.1   3385.0
140   4   -421.7   -257.8   3353.9
140   5   -304.3   -273.3   3574.5
140   6   -271.7   -464.2   3453.0
140   7   -407.3   -296.4   3354.6
140   8   -422.7   -479.2   3543.2
140   9   -422.8   -645.8   3509.2
140   10   -505.3   -685.6   3480.4
140   11   -498.4   -1030.4   3416.7
140   12   -471.6   -1350.4   3429.4
140   13   -340.4   -694.6   3501.3
140   14   -362.4   -1037.2   3430.5
140   15   -368.2   -1358.0   3446.6
140   16   -444.7   -289.5   3359.0
140   17   -384.7   -324.4   3371.0
140   18   -429.0   -194.2   3583.8
141   0   -421.5   -99.1   3623.5
141   1   -427.2   -262.4   3574.5
141   2   -542.0   -263.1   3517.9
141   3   -559.7   -448.1   3384.8
141   4   -419.7   -256.2   3353.6
141   5   -303.7   -273.7   3574.6
141   6   -271.6   -464.6   3453.2
141   7   -408.9   -295.3   3353.6
141   8   -422.7   -478.9   3543.4
141   9   -422.8   -646.0   3510.0
141   10   -505.1   -685.5   3480.5
141   11   -498.4   -1029.9   3416.5
141   12   -468.0   -1349.3   3431.0
141   13   -340.4   -694.5   3501.6
141   14   -362.3   -1036.9   3430.5
141   15   -368.4   -1357.7   3446.4
141   16   -443.1   -288.2   3358.8
141   17   -386.0   -323.5   3370.2
141   18   -428.6   -194.2   3584.4
142   0   -421.5   -98.6   3623.3
142   1   -426.9   -262.3   3574.7
142   2   -541.9   -263.2   3517.8
142   3   -559.8   -448.0   3384.7
142   4   -417.5   -255.1   3353.5
142   5   -303.1   -274.0   3575.5
142   6   -271.3   -464.6   3453.4
142   7   -410.0   -293.8   3353.2
142   8   -422.7   -478.6   3543.3
142   9   -422.8   -646.2   3510.6
142   10   -505.0   -685.4   3480.6
142   11   -498.3   -1029.5   3416.4
142   12   -467.9   -1348.8   3430.6
142   13   -340.4   -694.5   3501.8
142   14   -362.3   -1036.6   3430.6
142   15   -368.8   -1357.3   3446.3
142   16   -441.2   -287.3   3358.7
142   17   -386.9   -322.3   3369.9
142   18   -428.3   -194.2   3584.6
143   0   -421.4   -98.3   3623.1
143   1   -426.7   -262.3   3574.7
143   2   -541.9   -263.3   3517.7
143   3   -559.9   -447.9   3384.3
143   4   -416.1   -253.8   3353.3
143   5   -302.5   -274.4   3576.3
143   6   -271.5   -464.5   3453.5
143   7   -411.0   -291.9   3353.1
143   8   -422.7   -478.2   3543.3
143   9   -422.8   -646.3   3510.8
143   10   -505.0   -685.3   3480.7
143   11   -498.4   -1029.2   3416.5
143   12   -468.3   -1348.5   3430.5
143   13   -340.4   -694.6   3502.0
143   14   -362.3   -1036.4   3430.6
143   15   -368.9   -1357.0   3446.3
143   16   -440.1   -286.1   3358.5
143   17   -387.7   -320.7   3369.8
143   18   -428.0   -194.2   3584.6
144   0   -421.3   -98.0   3622.9
144   1   -426.4   -262.3   3574.6
144   2   -541.8   -263.5   3517.6
144   3   -559.9   -447.8   3384.0
144   4   -415.1   -252.6   3353.2
144   5   -302.0   -274.8   3577.5
144   6   -271.9   -464.1   3453.4
144   7   -411.9   -290.3   3352.4
144   8   -422.7   -477.9   3543.1
144   9   -422.8   -646.3   3510.8
144   10   -505.1   -685.4   3480.7
144   11   -498.4   -1029.1   3416.5
144   12   -468.2   -1348.4   3430.2
144   13   -340.4   -694.7   3502.2
144   14   -362.2   -1036.3   3430.7
144   15   -368.7   -1356.9   3446.2
144   16   -439.3   -285.1   3358.3
144   17   -388.6   -319.3   3369.3
144   18   -427.6   -194.2   3584.6
145   0   -421.2   -97.9   3622.6
145   1   -426.2   -262.3   3574.5
145   2   -541.7   -263.6   3517.4
145   3   -559.9   -447.8   3383.6
145   4   -414.5   -251.6   3353.1
145   5   -301.4   -275.1   3579.0
145   6   -272.5   -463.6   3453.5
145   7   -412.7   -289.0   3351.6
145   8   -422.7   -477.5   3542.7
145   9   -422.8   -646.3   3510.5
145   10   -505.2   -685.5   3480.6
145   11   -498.4   -1029.1   3416.5
145   12   -468.5   -1348.4   3429.9
145   13   -340.4   -694.9   3502.3
145   14   -362.2   -1036.4   3430.8
145   15   -368.7   -1357.0   3446.3
145   16   -438.7   -284.3   3358.2
145   17   -389.3   -318.1   3368.5
145   18   -427.3   -194.2   3584.6
146   0   -421.2   -97.7   3622.5
146   1   -425.9   -262.3   3574.4
146   2   -541.6   -263.7   3517.3
146   3   -559.9   -447.8   3383.5
146   4   -414.1   -250.9   3353.0
146   5   -300.9   -275.4   3581.3
146   6   -272.6   -462.7   3453.9
146   7   -413.5   -288.3   3350.6
146   8   -422.7   -477.2   3542.1
146   9   -422.8   -646.3   3510.3
146   10   -505.3   -685.7   3480.6
146   11   -498.4   -1029.2   3416.5
146   12   -469.0   -1348.5   3429.7
146   13   -340.5   -695.3   3502.4
146   14   -362.1   -1036.7   3430.9
146   15   -368.6   -1357.2   3446.3
146   16   -438.4   -283.7   3358.1
146   17   -390.0   -317.4   3367.8
146   18   -426.9   -194.2   3584.6
147   0   -421.1   -97.7   3622.4
147   1   -425.6   -262.2   3574.2
147   2   -541.4   -263.8   3517.2
147   3   -559.9   -447.7   3383.2
147   4   -413.8   -250.1   3353.0
147   5   -300.4   -275.7   3583.7
147   6   -272.3   -462.0   3454.7
147   7   -413.9   -288.3   3349.7
147   8   -422.7   -476.9   3541.5
147   9   -422.8   -646.3   3509.9
147   10   -505.4   -685.9   3480.5
147   11   -498.4   -1029.3   3416.4
147   12   -469.2   -1348.6   3429.7
147   13   -340.5   -695.7   3502.4
147   14   -362.0   -1037.1   3431.3
147   15   -368.6   -1357.6   3446.1
147   16   -438.2   -283.1   3358.0
147   17   -390.3   -317.2   3367.2
147   18   -426.6   -194.2   3584.6
148   0   -421.0   -97.6   3622.4
148   1   -425.4   -262.2   3574.0
148   2   -541.3   -263.9   3517.2
148   3   -559.8   -447.3   3382.6
148   4   -413.3   -249.5   3353.0
148   5   -300.0   -276.0   3583.8
148   6   -271.8   -462.2   3454.8
148   7   -413.9   -288.5   3349.3
148   8   -422.7   -476.6   3540.8
148   9   -422.8   -646.2   3509.4
148   10   -505.6   -686.1   3480.4
148   11   -498.4   -1029.6   3416.3
148   12   -469.8   -1348.9   3429.6
148   13   -340.5   -696.0   3502.4
148   14   -361.9   -1037.5   3431.2
148   15   -361.8   -1358.5   3431.2
148   16   -437.7   -282.4   3357.9
148   17   -390.3   -317.4   3366.8
148   18   -426.2   -194.2   3584.5
149   0   -420.9   -97.6   3622.3
149   1   -425.1   -262.2   3573.8
149   2   -541.1   -263.9   3517.1
149   3   -559.8   -446.9   3381.9
149   4   -412.7   -248.8   3353.0
149   5   -299.6   -276.3   3582.4
149   6   -271.5   -463.0   3454.1
149   7   -413.8   -288.5   3349.2
149   8   -422.7   -476.3   3540.1
149   9   -422.8   -646.2   3508.9
149   10   -505.8   -686.4   3480.3
149   11   -498.4   -1029.9   3416.1
149   12   -470.5   -1349.2   3429.4
149   13   -340.7   -696.7   3502.4
149   14   -361.8   -1038.2   3431.1
149   15   -361.8   -1359.5   3431.0
149   16   -437.2   -281.8   3357.8
149   17   -390.1   -317.6   3366.7
149   18   -425.9   -194.2   3584.5
