2   0   31.9   478.2   3605.8
2   1   26.6   307.5   3592.8
2   2   -121.6   302.8   3581.7
2   3   -126.4   123.4   3472.3
2   4   43.9   285.5   3396.2
2   5   171.3   291.6   3609.9
2   6   185.2   142.9   3462.0
2   7   -1.5   282.1   3379.2
2   8   18.8   107.6   3626.7
2   9   16.5   -62.3   3633.7
2   10   -82.7   -170.3   3667.5
2   11   -58.0   -505.6   3643.6
2   12   10.2   -812.4   3685.7
2   13   115.1   -168.6   3666.1
2   14   49.4   -498.2   3639.5
2   15   29.0   -805.0   3717.0
2   16   15.5   258.5   3408.9
2   17   29.6   258.9   3393.0
2   18   29.2   374.4   3581.4
3   0   32.0   481.8   3605.2
3   1   26.8   311.1   3594.6
3   2   -120.3   304.7   3580.1
3   3   -127.9   123.1   3474.3
3   4   39.4   285.6   3393.5
3   5   171.3   294.7   3608.2
3   6   187.1   140.4   3467.2
3   7   5.5   279.8   3376.7
3   8   19.4   110.7   3629.9
3   9   17.0   -58.9   3638.5
3   10   -80.7   -165.7   3668.6
3   11   -62.4   -500.9   3642.2
3   12   7.1   -807.7   3682.0
3   13   113.8   -164.8   3667.9
3   14   55.8   -495.5   3646.1
3   15   30.8   -803.4   3710.5
3   16   11.5   258.5   3407.0
3   17   35.8   256.6   3391.8
3   18   29.3   377.9   3582.9
4   0   32.2   491.6   3603.7
4   1   27.7   321.7   3599.9
4   2   -115.5   310.3   3575.8
4   3   -130.5   123.3   3478.1
4   4   30.2   287.5   3388.9
4   5   170.5   302.9   3605.4
4   6   195.2   139.6   3474.9
4   7   20.9   274.5   3367.8
4   8   21.4   120.4   3638.6
4   9   18.7   -48.3   3651.6
4   10   -74.8   -151.1   3669.1
4   11   -62.1   -487.0   3653.7
4   12   0.1   -795.6   3671.9
4   13   109.4   -152.4   3669.3
4   14   68.8   -485.4   3655.6
4   15   39.4   -795.2   3690.8
4   16   3.4   260.2   3403.8
4   17   49.9   252.0   3385.7
4   18   29.8   388.4   3587.2
5   0   32.6   503.2   3601.9
5   1   29.2   334.3   3606.0
5   2   -108.9   316.9   3571.3
5   3   -133.4   123.9   3481.6
5   4   21.5   289.0   3383.8
5   5   169.1   311.6   3602.9
5   6   203.9   139.9   3480.7
5   7   34.8   268.4   3357.7
5   8   24.3   130.7   3647.1
5   9   20.9   -36.5   3664.8
5   10   -67.5   -135.0   3668.2
5   11   -60.7   -471.6   3665.0
5   12   -10.6   -782.7   3661.5
5   13   104.9   -138.6   3669.9
5   14   79.6   -473.6   3664.1
5   15   46.6   -785.2   3664.5
5   16   -4.3   261.5   3400.1
5   17   62.9   247.0   3378.2
5   18   30.9   400.8   3592.6
6   0   33.2   509.8   3600.8
6   1   30.6   341.8   3609.1
6   2   -104.4   321.4   3567.8
6   3   -135.6   123.6   3483.7
6   4   15.9   288.6   3380.0
6   5   168.3   317.0   3601.2
6   6   211.1   138.5   3485.7
6   7   44.3   263.8   3354.5
6   8   26.7   137.3   3650.4
6   9   22.7   -28.8   3670.2
6   10   -64.6   -127.3   3667.4
6   11   -70.3   -464.0   3663.4
6   12   -19.3   -778.7   3655.4
6   13   104.3   -132.3   3670.1
6   14   86.7   -468.5   3670.7
6   15   48.8   -783.6   3651.0
6   16   -9.3   261.1   3397.3
6   17   72.1   242.9   3376.4
6   18   31.9   408.4   3595.6
7   0   33.6   511.8   3600.5
7   1   31.5   344.3   3609.3
7   2   -102.1   323.2   3566.4
7   3   -140.9   123.1   3485.1
7   4   14.1   281.1   3375.5
7   5   168.2   319.3   3600.4
7   6   220.0   138.6   3487.4
7   7   48.9   260.1   3357.3
7   8   28.0   139.9   3649.4
7   9   23.8   -25.5   3669.5
7   10   -67.6   -127.9   3666.9
7   11   -85.3   -463.2   3645.1
7   12   -23.9   -776.9   3652.3
7   13   108.4   -134.4   3670.5
7   14   91.5   -468.7   3642.7
7   15   49.8   -784.9   3645.9
7   16   -11.7   254.8   3393.8
7   17   77.4   239.9   3379.0
7   18   32.7   411.0   3596.3
8   0   33.9   511.0   3600.5
8   1   32.2   344.0   3608.4
8   2   -101.4   323.9   3566.3
8   3   -160.5   126.1   3489.1
8   4   12.7   239.8   3362.4
8   5   168.6   319.9   3600.3
8   6   241.4   149.0   3482.2
8   7   52.1   253.1   3364.7
8   8   28.5   140.1   3647.0
8   9   24.3   -25.0   3666.1
8   10   -71.3   -129.7   3666.5
8   11   -79.3   -465.7   3660.9
8   12   -24.1   -780.6   3652.1
8   13   112.8   -136.8   3670.9
8   14   94.7   -472.2   3655.0
8   15   48.4   -788.5   3644.2
8   16   -16.2   220.9   3383.5
8   17   83.6   235.7   3384.3
8   18   33.4   410.7   3595.7
9   0   34.0   508.5   3600.7
9   1   32.7   341.8   3607.5
9   2   -102.2   323.6   3573.1
9   3   -193.1   135.1   3511.4
9   4   -45.9   156.4   3338.7
9   5   169.5   319.6   3600.5
9   6   270.1   188.5   3462.4
9   7   55.4   247.8   3366.9
9   8   28.5   136.7   3645.6
9   9   24.4   -28.3   3661.5
9   10   -73.0   -130.6   3666.2
9   11   -69.9   -467.1   3667.6
9   12   -21.5   -782.8   3652.2
9   13   114.8   -137.8   3671.1
9   14   102.7   -467.0   3613.6
9   15   48.4   -775.5   3654.7
9   16   -70.4   153.0   3367.5
9   17   91.2   237.9   3382.8
9   18   34.0   408.5   3595.0
10   0   33.9   505.6   3600.8
10   1   33.0   339.1   3606.8
10   2   -103.1   323.2   3582.5
10   3   -230.3   150.8   3553.6
10   4   -125.0   83.2   3362.0
10   5   170.3   319.0   3600.9
10   6   275.9   231.8   3435.1
10   7   93.2   281.0   3291.2
10   8   28.2   132.7   3645.1
10   9   24.2   -32.3   3657.7
10   10   -73.4   -130.8   3665.9
10   11   -66.9   -467.5   3671.6
10   12   -16.0   -782.4   3653.2
10   13   114.9   -137.9   3671.4
10   14   99.5   -470.6   3643.2
10   15   47.4   -782.3   3665.7
10   16   -142.5   94.5   3393.9
10   17   123.6   272.8   3315.2
10   18   34.6   405.9   3594.4
11   0   33.9   504.1   3600.7
11   1   33.1   337.8   3606.5
11   2   -103.1   323.4   3587.4
11   3   -254.2   167.8   3600.9
11   4   -192.7   35.1   3412.1
11   5   170.8   319.8   3601.0
11   6   323.5   289.7   3460.3
11   7   195.9   318.6   3266.0
11   8   27.8   130.5   3645.2
11   9   24.0   -34.5   3654.4
11   10   -72.9   -130.3   3665.0
11   11   -65.5   -467.1   3673.2
11   12   -12.6   -781.2   3653.9
11   13   113.8   -137.4   3671.5
11   14   95.4   -472.2   3660.8
11   15   49.8   -786.3   3669.1
11   16   -203.0   57.2   3443.6
11   17   217.1   313.8   3298.4
11   18   34.8   404.6   3594.0
12   0   33.9   503.9   3598.5
12   1   33.1   337.7   3606.3
12   2   -102.5   324.0   3589.6
12   3   -260.7   174.7   3631.2
12   4   -232.0   -5.6   3464.9
12   5   172.0   323.8   3601.1
12   6   358.7   332.3   3495.9
12   7   272.4   358.0   3272.5
12   8   27.5   130.0   3645.7
12   9   23.8   -35.0   3652.2
12   10   -72.1   -129.3   3663.5
12   11   -73.2   -461.9   3627.9
12   12   -13.3   -771.0   3652.7
12   13   112.2   -136.7   3671.4
12   14   93.2   -472.6   3670.0
12   15   51.2   -787.7   3663.9
12   16   -236.8   24.4   3492.6
12   17   286.7   353.7   3309.8
12   18   34.9   404.4   3593.6
13   0   33.9   504.4   3591.7
13   1   33.0   338.3   3605.3
13   2   -101.4   325.0   3590.3
13   3   -258.8   176.7   3648.8
13   4   -246.3   -22.7   3493.5
13   5   174.1   331.0   3601.2
13   6   375.9   357.3   3511.6
13   7   301.7   380.5   3277.3
13   8   27.4   130.7   3645.7
13   9   23.6   -34.3   3650.7
13   10   -70.8   -127.5   3660.9
13   11   -87.6   -454.5   3591.8
13   12   -17.0   -757.2   3649.3
13   13   109.8   -135.4   3671.0
13   14   90.6   -468.4   3637.1
13   15   52.8   -782.4   3657.7
13   16   -248.4   10.5   3519.4
13   17   314.0   376.7   3316.3
13   18   34.9   405.0   3592.3
14   0   33.3   504.8   3582.3
14   1   33.0   339.2   3602.9
14   2   -100.3   326.6   3589.0
14   3   -256.3   174.9   3645.9
14   4   -254.7   -37.5   3507.1
14   5   174.0   334.8   3598.3
14   6   384.0   363.5   3520.1
14   7   308.9   390.4   3284.4
14   8   27.3   131.9   3644.6
14   9   23.5   -33.0   3649.6
14   10   -69.7   -125.2   3656.9
14   11   -68.0   -456.7   3617.1
14   12   -15.7   -765.8   3651.9
14   13   107.3   -133.8   3670.5
14   14   99.6   -463.0   3607.1
14   15   54.1   -772.5   3655.3
14   16   -255.0   -2.1   3530.3
14   17   321.5   385.9   3323.7
14   18   34.8   405.8   3589.6
15   0   32.3   505.3   3573.5
15   1   32.9   340.2   3599.6
15   2   -99.2   328.4   3588.0
15   3   -253.8   173.4   3639.4
15   4   -257.6   -44.4   3511.6
15   5   172.8   336.5   3594.3
15   6   387.4   361.4   3526.0
15   7   306.2   392.4   3292.8
15   8   27.4   132.8   3641.9
15   9   23.4   -31.9   3648.6
15   10   -68.9   -122.9   3651.2
15   11   -74.9   -457.3   3637.1
15   12   -15.7   -767.3   3653.4
15   13   105.4   -132.5   3669.9
15   14   101.7   -458.7   3587.9
15   15   55.1   -764.5   3657.3
15   16   -257.0   -8.1   3532.9
15   17   319.8   387.2   3331.7
15   18   34.7   406.8   3586.0
16   0   31.3   504.9   3567.0
16   1   32.8   341.3   3596.1
16   2   -98.2   330.4   3587.2
16   3   -251.0   172.8   3635.2
16   4   -257.8   -43.9   3508.9
16   5   170.8   337.2   3591.0
16   6   389.3   353.9   3535.2
16   7   224.6   376.4   3398.9
16   8   27.4   133.5   3639.2
16   9   23.3   -31.1   3647.9
16   10   -67.8   -121.4   3648.4
16   11   -68.0   -457.1   3655.2
16   12   -14.8   -769.4   3657.0
16   13   103.7   -131.1   3669.2
16   14   101.5   -456.1   3579.6
16   15   55.7   -758.4   3665.1
16   16   -256.7   -7.8   3530.0
16   17   251.8   372.6   3421.7
16   18   34.6   407.8   3582.2
17   0   29.9   504.6   3564.0
17   1   32.7   342.2   3593.1
17   2   -97.2   332.7   3586.5
17   3   -247.9   172.7   3633.6
17   4   -256.4   -38.8   3502.2
17   5   168.2   337.3   3590.3
17   6   390.5   342.7   3555.1
17   7   176.3   354.1   3483.1
17   8   27.5   133.8   3636.5
17   9   23.3   -30.5   3647.1
17   10   -67.0   -120.5   3647.2
17   11   -71.8   -457.0   3646.7
17   12   -13.6   -770.0   3673.1
17   13   102.5   -130.1   3668.6
17   14   99.3   -460.9   3613.9
17   15   53.3   -771.5   3673.1
17   16   -255.0   -3.6   3524.1
17   17   211.8   352.1   3495.1
17   18   34.4   408.7   3579.2
18   0   28.5   504.5   3563.3
18   1   32.5   343.2   3590.4
18   2   -96.1   334.3   3585.9
18   3   -245.1   172.9   3633.7
18   4   -255.7   -36.2   3500.6
18   5   165.6   337.6   3590.1
18   6   389.5   336.0   3565.3
18   7   151.7   342.7   3519.9
18   8   27.6   134.0   3634.0
18   9   23.3   -30.1   3646.5
18   10   -66.6   -120.1   3646.9
18   11   -84.4   -455.2   3625.9
18   12   -13.1   -763.5   3686.0
18   13   102.0   -129.6   3668.2
18   14   96.8   -463.1   3626.4
18   15   51.6   -778.4   3684.0
18   16   -253.9   -1.3   3522.8
18   17   191.3   341.6   3527.4
18   18   34.1   409.7   3576.6
19   0   26.9   504.6   3563.5
19   1   32.2   344.1   3588.4
19   2   -95.1   335.8   3585.4
19   3   -243.5   173.7   3633.1
19   4   -256.8   -34.4   3499.8
19   5   163.5   338.3   3589.8
19   6   387.7   332.0   3568.2
19   7   141.9   340.6   3528.0
19   8   27.6   134.3   3632.6
19   9   23.3   -29.7   3646.2
19   10   -66.6   -120.0   3646.9
19   11   -73.3   -455.8   3646.5
19   12   -8.7   -769.9   3668.7
19   13   102.0   -129.5   3667.9
19   14   96.7   -465.3   3646.9
19   15   50.2   -784.3   3668.0
19   16   -254.5   0.3   3522.0
19   17   182.9   339.1   3534.7
19   18   33.7   410.6   3574.4
20   0   25.2   504.8   3564.1
20   1   32.0   345.0   3586.9
20   2   -94.3   337.0   3585.0
20   3   -242.7   174.8   3632.4
20   4   -256.6   -33.0   3499.2
20   5   161.8   339.2   3589.3
20   6   271.8   214.4   3581.1
20   7   140.3   86.4   3559.3
20   8   27.6   134.6   3631.9
20   9   23.3   -29.3   3646.0
20   10   -66.9   -120.0   3647.0
20   11   -81.8   -455.9   3640.1
20   12   -6.4   -769.2   3652.7
20   13   102.2   -129.6   3667.5
20   14   95.4   -461.1   3617.4
20   15   50.8   -778.2   3657.4
20   16   -254.3   1.6   3521.4
20   17   162.3   107.7   3562.9
20   18   33.3   411.4   3572.7
21   0   23.6   505.3   3564.8
21   1   31.7   346.0   3586.2
21   2   -93.8   338.2   3584.7
21   3   -243.0   176.1   3630.7
21   4   -255.3   -24.3   3487.2
21   5   160.4   340.3   3588.9
21   6   147.1   164.6   3580.5
21   7   147.3   -27.6   3562.4
21   8   27.6   135.0   3631.5
21   9   23.3   -28.9   3645.9
21   10   -67.2   -120.0   3647.1
21   11   -71.9   -456.1   3655.6
21   12   -4.2   -771.1   3654.9
21   13   102.7   -129.6   3666.9
21   14   98.6   -452.3   3578.6
21   15   52.9   -757.5   3662.0
21   16   -253.2   9.1   3511.2
21   17   147.3   4.4   3565.5
21   18   33.0   412.4   3571.9
22   0   22.5   506.0   3565.4
22   1   31.5   346.9   3585.9
22   2   -93.5   339.3   3584.5
22   3   -244.3   177.8   3627.7
22   4   -250.2   -17.4   3477.0
22   5   159.5   341.2   3588.7
22   6   159.2   116.7   3588.5
22   7   159.2   -173.3   3588.5
22   8   27.7   135.2   3631.3
22   9   23.3   -28.6   3645.9
22   10   -67.6   -119.8   3647.1
22   11   -67.4   -456.0   3664.5
22   12   -2.2   -770.5   3675.2
22   13   103.4   -129.4   3665.9
22   14   97.8   -458.9   3623.4
22   15   49.7   -769.4   3674.2
22   16   -249.2   15.1   3502.1
22   17   159.2   -89.2   3588.5
22   18   32.7   413.3   3571.6
23   0   22.0   506.7   3565.9
23   1   31.3   347.8   3585.8
23   2   -93.1   339.8   3584.3
23   3   -247.2   179.6   3618.9
23   4   -233.3   0.2   3451.8
23   5   158.9   342.1   3588.4
23   6   158.7   117.4   3588.3
23   7   158.7   -172.6   3588.3
23   8   27.7   135.5   3631.3
23   9   23.3   -28.3   3645.8
23   10   -68.1   -119.4   3647.2
23   11   -68.6   -457.5   3670.9
23   12   0.6   -768.6   3701.2
23   13   104.4   -128.8   3664.4
23   14   105.8   -460.7   3609.2
23   15   49.3   -765.8   3680.2
23   16   -235.6   30.1   3479.7
23   17   158.7   -88.5   3588.3
23   18   32.5   414.2   3571.5
24   0   21.7   507.4   3566.4
24   1   31.2   348.6   3585.8
24   2   -92.7   340.2   3584.3
24   3   -246.0   177.1   3594.0
24   4   -197.5   49.5   3397.2
24   5   158.4   342.7   3587.7
24   6   158.2   117.7   3587.2
24   7   158.2   -172.2   3587.2
24   8   27.7   135.8   3631.2
24   9   23.3   -27.9   3645.8
24   10   -68.2   -119.2   3647.7
24   11   -75.7   -459.1   3670.2
24   12   2.3   -764.6   3721.2
24   13   105.5   -127.6   3663.9
24   14   112.2   -459.1   3591.7
24   15   49.8   -758.0   3682.7
24   16   -205.6   70.7   3430.0
24   17   158.2   -88.1   3587.2
24   18   32.3   415.0   3571.6
25   0   21.6   507.7   3568.1
25   1   31.1   349.1   3585.8
25   2   -92.5   340.2   3584.3
25   3   -228.9   176.6   3535.3
25   4   -116.0   142.2   3341.6
25   5   158.3   343.0   3584.2
25   6   158.5   117.9   3581.4
25   7   158.5   -172.0   3581.4
25   8   27.7   135.8   3631.4
25   9   23.3   -27.9   3646.0
25   10   -68.1   -119.1   3648.7
25   11   -74.7   -461.5   3665.4
25   12   4.3   -769.7   3717.7
25   13   106.9   -125.5   3664.0
25   14   114.0   -461.9   3601.1
25   15   47.2   -765.0   3686.6
25   16   -134.8   147.9   3373.9
25   17   158.5   -87.9   3581.4
25   18   32.1   415.4   3571.7
26   0   21.6   507.7   3571.7
26   1   31.0   349.4   3586.4
26   2   -91.9   339.5   3584.3
26   3   -207.1   189.3   3476.9
26   4   -59.0   268.7   3338.8
26   5   158.5   343.3   3575.4
26   6   158.7   118.1   3568.4
26   7   158.7   -171.7   3568.4
26   8   27.7   136.1   3633.5
26   9   23.4   -27.6   3648.5
26   10   -68.6   -119.5   3650.6
26   11   -71.8   -462.5   3653.9
26   12   5.4   -774.4   3709.4
26   13   108.8   -125.1   3664.3
26   14   113.5   -465.4   3632.1
26   15   44.3   -777.8   3685.4
26   16   -83.6   255.6   3361.8
26   17   158.7   -87.6   3568.4
26   18   32.0   415.6   3571.7
27   0   21.6   507.4   3577.5
27   1   31.0   349.7   3587.8
27   2   -91.0   337.0   3584.7
27   3   -159.7   240.4   3411.1
27   4   8.2   383.6   3344.8
27   5   152.6   346.7   3539.1
27   6   147.8   124.2   3509.9
27   7   147.8   -165.5   3509.9
27   8   28.1   137.1   3639.4
27   9   23.7   -26.4   3655.6
27   10   -69.5   -123.0   3656.1
27   11   -69.2   -464.9   3643.0
27   12   6.8   -778.5   3692.6
27   13   112.2   -126.2   3664.9
27   14   113.0   -466.8   3634.3
27   15   44.9   -781.7   3683.0
27   16   -19.7   359.9   3355.8
27   17   147.8   -81.4   3509.9
27   18   31.9   415.7   3571.7
28   0   21.7   506.7   3584.7
28   1   31.2   350.3   3589.8
28   2   -90.0   334.5   3585.1
28   3   -100.9   302.8   3375.9
28   4   87.9   458.7   3339.7
28   5   149.6   350.9   3517.2
28   6   147.8   128.8   3504.7
28   7   147.8   -160.9   3504.7
28   8   28.8   140.9   3647.6
28   9   24.2   -22.4   3665.6
28   10   -68.5   -130.4   3666.2
28   11   -65.4   -470.3   3636.0
28   12   9.0   -783.7   3688.1
28   13   115.0   -127.3   3666.5
28   14   113.0   -467.6   3638.8
28   15   45.6   -784.4   3676.3
28   16   56.5   432.8   3345.7
28   17   147.8   -76.9   3504.7
28   18   31.9   415.6   3571.8
29   0   21.7   506.2   3589.5
29   1   31.3   350.7   3591.3
29   2   -88.4   332.4   3582.2
29   3   -58.4   339.1   3361.3
29   4   146.4   487.0   3343.7
29   5   147.5   357.5   3503.7
29   6   98.7   150.2   3504.4
29   7   -8.2   8.5   3452.7
29   8   29.6   144.9   3653.3
29   9   24.6   -18.1   3673.2
29   10   -64.2   -139.5   3675.4
29   11   -61.8   -477.5   3635.1
29   12   11.7   -785.7   3712.2
29   13   115.4   -129.6   3671.1
29   14   113.1   -469.0   3643.9
29   15   45.4   -787.7   3670.1
29   16   112.2   462.3   3346.6
29   17   9.8   32.1   3461.3
29   18   31.9   415.6   3571.8
30   0   21.7   505.9   3592.5
30   1   31.5   350.8   3591.8
30   2   -88.4   331.1   3578.9
30   3   -27.8   356.8   3359.5
30   4   186.7   491.3   3350.0
30   5   148.2   366.0   3495.5
30   6   80.9   153.2   3459.9
30   7   -89.7   38.8   3400.8
30   8   30.4   147.7   3654.7
30   9   25.1   -15.0   3676.4
30   10   -56.1   -151.3   3683.6
30   11   -65.2   -487.5   3636.7
30   12   17.2   -788.6   3734.0
30   13   109.1   -141.7   3680.0
30   14   114.4   -478.6   3639.8
30   15   43.0   -797.4   3667.1
30   16   151.0   468.9   3351.6
30   17   -61.1   57.8   3410.7
30   18   31.9   415.6   3571.7
31   0   21.7   505.8   3594.2
31   1   31.7   350.7   3591.5
31   2   -91.8   334.6   3581.1
31   3   -12.5   362.2   3366.1
31   4   211.8   474.9   3358.3
31   5   148.3   368.1   3491.6
31   6   72.5   156.5   3437.1
31   7   -133.2   59.7   3379.9
31   8   31.2   149.6   3653.4
31   9   25.6   -13.1   3675.6
31   10   -57.2   -151.4   3682.9
31   11   -71.7   -487.6   3644.2
31   12   23.1   -785.1   3742.9
31   13   107.8   -145.8   3679.9
31   14   114.6   -481.5   3635.7
31   15   42.8   -800.3   3663.4
31   16   174.4   456.1   3359.6
31   17   -98.9   75.8   3389.4
31   18   31.9   415.5   3571.6
32   0   21.6   505.9   3595.1
32   1   31.9   350.6   3591.0
32   2   -94.2   340.5   3586.9
32   3   -11.7   361.5   3372.6
32   4   220.0   452.7   3363.4
32   5   150.6   366.8   3497.3
32   6   69.1   161.0   3427.8
32   7   -150.4   68.6   3369.5
32   8   32.0   150.8   3651.2
32   9   26.0   -11.9   3672.6
32   10   -57.9   -151.1   3680.9
32   11   -72.5   -487.5   3649.7
32   12   30.0   -784.3   3744.4
32   13   107.3   -147.9   3679.3
32   14   115.1   -481.5   3625.0
32   15   43.5   -798.9   3666.3
32   16   181.4   437.5   3364.9
32   17   -113.8   84.0   3379.2
32   18   31.9   415.5   3571.4
33   0   21.6   506.0   3595.4
33   1   32.1   350.5   3590.4
33   2   -95.7   349.9   3599.3
33   3   -17.9   357.6   3382.1
33   4   218.2   427.8   3358.5
33   5   153.7   360.2   3512.2
33   6   70.7   161.4   3424.3
33   7   -154.3   72.4   3366.2
33   8   32.8   151.5   3648.7
33   9   26.4   -11.2   3668.9
33   10   -58.4   -150.9   3679.6
33   11   -70.9   -487.2   3652.1
33   12   33.3   -785.1   3738.9
33   13   106.9   -149.4   3678.5
33   14   116.6   -479.7   3609.8
33   15   45.1   -791.9   3674.1
33   16   178.9   416.1   3362.4
33   17   -116.8   87.3   3375.9
33   18   31.9   415.5   3571.3
34   0   21.7   506.2   3595.5
34   1   32.3   350.4   3590.0
34   2   -95.1   353.2   3606.1
34   3   -27.2   348.4   3384.5
34   4   208.3   413.8   3348.9
34   5   151.2   349.5   3521.1
34   6   72.9   153.5   3420.8
34   7   -157.8   76.5   3366.4
34   8   33.5   152.2   3647.0
34   9   26.8   -10.6   3666.2
34   10   -58.6   -151.0   3678.8
34   11   -68.0   -487.2   3653.2
34   12   34.4   -787.7   3724.7
34   13   106.4   -151.1   3677.9
34   14   117.0   -482.8   3619.1
34   15   43.5   -794.3   3677.4
34   16   169.1   402.9   3354.9
34   17   -119.3   89.4   3375.4
34   18   31.9   415.5   3571.3
35   0   21.7   506.3   3595.6
35   1   32.3   350.4   3589.7
35   2   -91.4   353.2   3616.5
35   3   -39.2   336.1   3391.9
35   4   189.0   404.8   3331.8
35   5   146.7   339.4   3525.8
35   6   75.8   145.8   3417.4
35   7   -157.7   79.6   3363.7
35   8   33.7   152.8   3645.9
35   9   27.0   -10.0   3664.5
35   10   -58.8   -153.3   3678.4
35   11   -67.4   -489.3   3653.8
35   12   34.8   -790.9   3712.2
35   13   105.4   -155.1   3677.8
35   14   121.4   -484.4   3609.2
35   15   42.7   -790.3   3679.2
35   16   150.9   393.3   3341.8
35   17   -118.8   90.6   3372.7
35   18   31.9   415.5   3571.2
36   0   21.8   506.5   3595.7
36   1   32.3   350.3   3589.4
36   2   -87.0   352.9   3626.7
36   3   -55.1   323.2   3400.9
36   4   165.7   392.6   3318.7
36   5   141.9   332.6   3524.7
36   6   78.6   139.6   3413.7
36   7   -154.4   80.2   3354.1
36   8   33.7   153.2   3644.6
36   9   27.2   -9.6   3662.9
36   10   -57.4   -162.9   3678.4
36   11   -67.3   -498.6   3653.4
36   12   36.5   -799.2   3704.8
36   13   104.2   -164.3   3678.2
36   14   123.8   -495.2   3620.9
36   15   37.4   -799.9   3678.1
36   16   128.9   381.0   3332.4
36   17   -115.6   90.1   3364.1
36   18   31.9   415.5   3571.2
37   0   21.9   506.6   3595.9
37   1   32.3   350.2   3589.2
37   2   -84.3   352.9   3632.7
37   3   -75.2   304.9   3409.5
37   4   134.5   380.5   3306.4
37   5   139.2   331.8   3519.5
37   6   91.3   136.6   3408.4
37   7   -134.7   82.3   3327.4
37   8   33.6   153.5   3643.5
37   9   27.4   -9.2   3662.5
37   10   -58.2   -171.7   3678.9
37   11   -67.2   -507.0   3652.7
37   12   36.8   -806.6   3702.3
37   13   107.7   -169.7   3679.3
37   14   123.4   -502.5   3635.9
37   15   33.2   -807.5   3673.3
37   16   99.6   367.9   3323.6
37   17   -97.1   91.3   3340.9
37   18   31.9   415.5   3571.2
38   0   22.0   506.7   3596.0
38   1   32.3   350.2   3589.2
38   2   -86.8   353.1   3626.9
38   3   -112.9   273.2   3417.9
38   4   89.5   353.8   3303.2
38   5   143.7   332.8   3531.1
38   6   123.1   143.2   3407.4
38   7   -87.2   90.1   3294.8
38   8   33.4   153.9   3643.3
38   9   27.5   -8.6   3663.8
38   10   -63.2   -169.4   3679.8
38   11   -67.2   -504.5   3652.7
38   12   33.5   -804.8   3701.3
38   13   113.9   -165.1   3680.7
38   14   122.1   -498.5   3639.5
38   15   32.7   -804.4   3670.5
38   16   55.8   340.3   3322.3
38   17   -52.1   99.0   3313.6
38   18   31.9   415.5   3571.2
39   0   22.1   507.0   3596.3
39   1   32.2   350.2   3590.9
39   2   -91.7   352.7   3612.1
39   3   -153.9   234.0   3435.1
39   4   46.7   312.9   3315.2
39   5   150.0   336.4   3559.2
39   6   164.8   172.6   3408.3
39   7   -22.8   118.8   3262.7
39   8   33.2   154.2   3644.7
39   9   27.5   -8.1   3666.3
39   10   -68.7   -155.2   3679.8
39   11   -67.1   -488.3   3654.2
39   12   26.3   -791.5   3697.6
39   13   119.3   -150.9   3681.2
39   14   119.9   -482.1   3638.4
39   15   36.8   -790.1   3666.1
39   16   13.2   299.7   3335.2
39   17   8.5   127.8   3287.0
39   18   31.9   415.5   3572.9
40   0   22.1   507.6   3596.7
40   1   32.2   350.2   3594.3
40   2   -95.1   351.0   3593.7
40   3   -189.9   195.7   3471.3
40   4   -0.9   248.7   3325.8
40   5   154.0   341.8   3587.1
40   6   191.2   220.3   3405.9
40   7   87.1   192.4   3203.5
40   8   33.1   152.5   3647.8
40   9   27.3   -9.8   3669.1
40   10   -69.1   -141.1   3679.2
40   11   -67.4   -472.2   3650.3
40   12   20.9   -778.9   3694.2
40   13   120.8   -135.4   3681.2
40   14   118.9   -465.1   3639.3
40   15   40.8   -776.6   3665.0
40   16   -32.4   239.9   3350.1
40   17   104.3   197.0   3237.3
40   18   31.9   415.5   3576.6
41   0   22.2   508.1   3596.9
41   1   32.2   350.1   3598.1
41   2   -95.2   348.1   3580.2
41   3   -221.0   178.2   3513.8
41   4   -63.0   156.6   3341.8
41   5   155.5   345.0   3605.1
41   6   229.4   295.0   3408.2
41   7   106.3   290.6   3411.1
41   8   33.1   150.6   3650.7
41   9   27.0   -11.8   3671.2
41   10   -64.4   -132.8   3677.8
41   11   -68.3   -461.7   3635.5
41   12   14.4   -767.9   3691.3
41   13   114.2   -131.1   3680.9
41   14   118.7   -460.3   3639.3
41   15   41.7   -771.1   3675.0
41   16   -89.3   160.3   3370.4
41   17   126.5   291.3   3410.6
41   18   31.9   415.5   3580.8
42   0   22.2   508.3   3597.0
42   1   32.2   350.1   3601.2
42   2   -94.4   346.3   3575.4
42   3   -244.3   180.3   3566.9
42   4   -129.8   75.5   3393.1
42   5   158.5   352.2   3613.5
42   6   284.0   366.5   3439.9
42   7   233.5   395.3   3321.7
42   8   33.0   149.7   3653.6
42   9   26.8   -13.0   3670.9
42   10   -59.4   -124.2   3674.5
42   11   -69.2   -452.2   3621.1
42   12   6.8   -756.7   3689.8
42   13   110.3   -122.4   3680.2
42   14   118.2   -452.7   3640.6
42   15   43.2   -761.3   3688.9
42   16   -148.8   92.9   3422.1
42   17   241.3   390.3   3341.4
42   18   31.9   415.5   3584.1
43   0   22.2   509.3   3594.4
43   1   32.2   351.4   3602.3
43   2   -92.9   346.3   3573.4
43   3   -251.7   188.9   3612.9
43   4   -200.2   9.3   3473.5
43   5   161.3   361.2   3614.1
43   6   302.6   422.0   3452.0
43   7   325.7   515.9   3290.0
43   8   33.0   151.0   3655.5
43   9   26.7   -12.0   3667.3
43   10   -56.9   -114.6   3667.6
43   11   -70.1   -442.7   3610.5
43   12   4.9   -744.0   3689.1
43   13   108.2   -113.0   3679.0
43   14   120.2   -442.2   3629.2
43   15   45.0   -748.0   3687.6
43   16   -208.9   39.2   3496.7
43   17   321.5   500.0   3317.0
43   18   31.9   416.7   3584.9
44   0   21.8   512.4   3585.5
44   1   32.1   354.0   3599.8
44   2   -90.8   347.2   3572.1
44   3   -246.4   196.0   3640.0
44   4   -232.1   -30.5   3557.4
44   5   163.0   367.8   3603.0
44   6   298.0   471.5   3455.8
44   7   387.4   620.4   3318.8
44   8   33.0   153.9   3654.1
44   9   26.8   -9.4   3661.0
44   10   -55.5   -109.4   3661.0
44   11   -69.9   -438.7   3606.3
44   12   2.6   -739.1   3686.8
44   13   105.2   -109.5   3676.6
44   14   119.5   -440.6   3635.9
44   15   45.5   -748.0   3676.1
44   16   -234.5   7.1   3571.2
44   17   372.4   595.5   3341.6
44   18   31.8   419.2   3582.1
45   0   21.3   515.8   3572.0
45   1   32.0   356.9   3594.2
45   2   -88.8   348.6   3570.5
45   3   -235.6   196.0   3651.3
45   4   -218.9   -50.7   3610.0
45   5   163.0   372.4   3591.7
45   6   295.9   511.2   3474.9
45   7   408.4   697.1   3364.9
45   8   33.0   156.5   3648.6
45   9   27.0   -6.8   3653.6
45   10   -55.8   -106.1   3653.8
45   11   -68.5   -436.7   3605.3
45   12   1.0   -737.1   3685.0
45   13   105.0   -106.5   3673.6
45   14   120.0   -437.1   3626.7
45   15   48.2   -743.7   3671.8
45   16   -221.6   -9.6   3616.9
45   17   389.7   666.2   3383.2
45   18   31.7   422.1   3576.5
46   0   20.8   518.7   3558.0
46   1   31.8   359.7   3587.1
46   2   -87.0   350.2   3568.5
46   3   -222.8   191.9   3653.7
46   4   -207.9   -61.8   3633.0
46   5   162.0   376.4   3586.1
46   6   293.1   531.5   3486.6
46   7   408.8   733.7   3385.0
46   8   33.0   158.1   3639.8
46   9   27.3   -5.1   3646.4
46   10   -57.5   -102.8   3647.5
46   11   -66.0   -435.5   3610.9
46   12   0.7   -740.0   3684.7
46   13   106.6   -103.8   3668.7
46   14   120.2   -433.1   3609.8
46   15   46.5   -728.7   3699.6
46   16   -210.3   -19.4   3636.5
46   17   389.5   700.0   3402.0
46   18   31.5   425.0   3570.0
47   0   20.4   521.3   3550.4
47   1   31.6   361.7   3581.0
47   2   -85.7   351.5   3565.7
47   3   -219.1   193.2   3652.2
47   4   -229.8   -61.3   3642.9
47   5   160.6   379.4   3583.8
47   6   291.3   538.1   3489.6
47   7   402.3   743.9   3384.3
47   8   33.0   158.7   3632.2
47   9   27.6   -4.4   3641.4
47   10   -59.8   -98.9   3641.6
47   11   -63.3   -433.0   3616.2
47   12   -0.4   -741.4   3676.3
47   13   108.5   -101.8   3663.7
47   14   120.3   -431.6   3605.0
47   15   40.3   -722.1   3710.7
47   16   -228.0   -18.9   3644.5
47   17   383.8   709.6   3401.8
47   18   31.2   427.1   3564.4
48   0   20.1   523.6   3547.9
48   1   31.4   363.2   3577.2
48   2   -84.7   352.5   3562.6
48   3   -218.9   195.9   3649.3
48   4   -259.1   -55.8   3643.3
48   5   159.4   382.6   3584.1
48   6   291.1   535.8   3485.2
48   7   392.9   737.6   3364.3
48   8   33.1   158.8   3628.1
48   9   27.9   -4.1   3639.3
48   10   -60.5   -97.3   3640.3
48   11   -59.9   -429.2   3617.4
48   12   -1.4   -740.5   3661.5
48   13   109.6   -100.9   3661.0
48   14   120.0   -429.7   3612.1
48   15   34.1   -722.8   3705.1
48   16   -252.4   -13.8   3644.3
48   17   375.9   704.0   3384.5
48   18   30.9   428.7   3561.0
49   0   19.9   525.3   3548.6
49   1   31.2   364.3   3575.5
49   2   -84.2   353.1   3559.5
49   3   -219.5   198.5   3646.9
49   4   -278.1   -51.1   3635.2
49   5   157.4   382.5   3585.9
49   6   288.3   525.6   3474.8
49   7   384.3   720.3   3337.4
49   8   33.1   158.6   3626.7
49   9   28.2   -4.2   3638.9
49   10   -60.5   -96.6   3639.8
49   11   -55.8   -427.5   3617.2
49   12   -2.3   -739.5   3657.8
49   13   111.2   -99.4   3658.9
49   14   120.2   -427.7   3612.4
49   15   33.4   -722.9   3695.8
49   16   -268.3   -9.5   3637.1
49   17   368.3   687.9   3360.3
49   18   30.6   429.7   3559.2
50   0   19.8   526.5   3551.9
50   1   31.0   364.9   3574.9
50   2   -84.0   353.4   3558.1
50   3   -220.3   200.0   3645.5
50   4   -286.6   -45.9   3620.6
50   5   155.1   380.3   3588.2
50   6   283.0   510.4   3460.7
50   7   376.6   699.0   3315.3
50   8   33.1   158.1   3626.8
50   9   28.4   -4.6   3639.3
50   10   -60.3   -96.3   3639.6
50   11   -54.2   -429.3   3617.8
50   12   -3.1   -742.2   3658.0
50   13   111.8   -99.1   3658.1
50   14   120.3   -429.6   3613.2
50   15   35.6   -727.6   3691.6
50   16   -275.5   -4.9   3624.7
50   17   361.0   667.6   3339.5
50   18   30.3   430.3   3558.5
51   0   19.8   527.2   3557.5
51   1   30.7   365.2   3574.8
51   2   -84.2   353.4   3557.6
51   3   -221.4   200.5   3644.3
51   4   -291.6   -41.1   3608.1
51   5   153.0   376.6   3588.4
51   6   277.8   499.2   3450.4
51   7   372.4   684.1   3303.9
51   8   33.1   157.4   3627.4
51   9   28.5   -5.2   3640.0
51   10   -60.1   -96.2   3639.3
51   11   -53.9   -428.9   3616.6
51   12   -4.8   -741.2   3661.0
51   13   111.8   -99.3   3657.9
51   14   120.3   -429.9   3614.8
51   15   43.0   -731.5   3684.8
51   16   -279.9   -0.8   3614.2
51   17   356.6   653.3   3328.4
51   18   30.0   430.5   3558.3
52   0   19.9   527.3   3563.5
52   1   30.5   365.3   3574.9
52   2   -84.6   353.1   3557.4
52   3   -221.3   201.0   3641.9
52   4   -293.0   -37.1   3599.1
52   5   151.0   371.5   3586.9
52   6   272.7   489.6   3444.6
52   7   369.2   671.5   3298.9
52   8   33.1   156.7   3628.0
52   9   28.6   -5.8   3640.6
52   10   -59.9   -96.1   3639.0
52   11   -53.8   -428.6   3614.3
52   12   -4.3   -738.6   3667.3
52   13   111.4   -99.9   3658.0
52   14   118.8   -431.2   3621.6
52   15   49.6   -736.5   3678.8
52   16   -281.1   2.5   3606.2
52   17   353.1   641.2   3323.2
52   18   29.6   430.6   3558.3
53   0   20.0   527.3   3567.1
53   1   30.2   365.3   3575.0
53   2   -85.2   352.8   3557.5
53   3   -221.1   202.0   3639.1
53   4   -290.4   -33.8   3589.6
53   5   150.2   368.0   3583.2
53   6   268.3   481.6   3437.9
53   7   368.1   662.7   3296.3
53   8   33.1   156.2   3628.4
53   9   28.6   -6.3   3640.9
53   10   -59.9   -95.9   3638.6
53   11   -53.7   -431.6   3610.6
53   12   -2.5   -740.3   3664.7
53   13   111.0   -100.4   3658.2
53   14   116.2   -436.1   3633.0
53   15   51.8   -744.8   3665.7
53   16   -278.9   5.5   3597.8
53   17   351.5   632.5   3319.9
53   18   29.3   430.5   3558.4
54   0   20.1   527.3   3567.7
54   1   30.0   365.2   3575.1
54   2   -85.8   352.5   3557.6
54   3   -221.4   202.9   3635.2
54   4   -285.2   -30.9   3577.2
54   5   150.4   366.6   3578.8
54   6   268.0   476.7   3434.1
54   7   369.2   657.2   3295.2
54   8   33.1   155.9   3628.6
54   9   28.6   -6.6   3641.2
54   10   -60.0   -95.5   3638.3
54   11   -66.5   -431.6   3584.7
54   12   -2.5   -732.1   3659.0
54   13   110.5   -100.8   3658.4
54   14   110.8   -441.8   3645.4
54   15   51.4   -752.1   3667.5
54   16   -274.5   8.0   3586.9
54   17   352.3   627.1   3318.3
54   18   29.0   430.4   3558.4
55   0   20.1   527.5   3565.8
55   1   29.7   365.2   3575.1
55   2   -86.3   352.2   3557.7
55   3   -223.5   202.9   3632.0
55   4   -279.6   -28.1   3561.4
55   5   151.1   366.4   3573.4
55   6   272.1   473.0   3429.5
55   7   371.9   654.5   3293.0
55   8   33.2   155.7   3628.6
55   9   28.6   -6.7   3641.2
55   10   -60.1   -95.1   3638.3
55   11   -85.4   -432.3   3573.5
55   12   -1.9   -724.9   3656.3
55   13   109.9   -101.3   3658.5
55   14   108.8   -446.2   3646.2
55   15   50.5   -755.5   3675.1
55   16   -270.3   10.4   3573.1
55   17   355.3   624.2   3315.7
55   18   28.7   430.4   3558.5
56   0   20.2   527.7   3561.9
56   1   29.5   365.1   3575.1
56   2   -86.7   351.9   3557.7
56   3   -227.7   202.3   3626.0
56   4   -272.4   -21.6   3533.1
56   5   151.7   366.9   3569.9
56   6   278.6   467.3   3425.7
56   7   373.8   648.4   3287.0
56   8   33.2   155.7   3628.6
56   9   28.6   -6.6   3641.2
56   10   -60.2   -94.5   3638.3
56   11   -92.4   -433.0   3579.6
56   12   -1.7   -724.9   3656.8
56   13   109.2   -101.7   3658.5
56   14   107.9   -447.0   3649.8
56   15   50.4   -756.6   3670.6
56   16   -265.0   15.7   3548.6
56   17   357.9   618.2   3310.1
56   18   28.3   430.3   3558.5
57   0   20.3   527.7   3557.2
57   1   29.2   365.1   3575.1
57   2   -87.1   351.7   3557.7
57   3   -233.8   202.6   3610.3
57   4   -259.9   -5.9   3485.5
57   5   151.9   367.3   3569.2
57   6   286.9   453.9   3424.9
57   7   370.4   630.4   3275.1
57   8   33.2   155.9   3628.4
57   9   28.6   -6.4   3641.1
57   10   -60.2   -93.8   3638.2
57   11   -90.8   -434.9   3583.7
57   12   -0.4   -727.7   3657.1
57   13   108.4   -102.1   3658.4
57   14   106.2   -449.0   3651.0
57   15   50.6   -758.9   3660.9
57   16   -255.6   28.8   3506.3
57   17   356.5   601.0   3300.1
57   18   28.0   430.3   3558.5
58   0   20.4   527.7   3553.8
58   1   28.9   365.1   3575.0
58   2   -87.6   351.5   3557.7
58   3   -236.3   198.6   3591.0
58   4   -223.0   30.3   3420.5
58   5   151.7   367.2   3569.2
58   6   301.1   417.3   3424.5
58   7   357.1   596.0   3264.9
58   8   33.1   155.8   3628.0
58   9   28.6   -6.4   3640.9
58   10   -60.8   -93.6   3638.2
58   11   -81.6   -436.4   3586.9
58   12   1.5   -732.0   3658.0
58   13   108.6   -102.6   3658.2
58   14   101.5   -449.9   3650.1
58   15   50.9   -761.0   3651.7
58   16   -225.2   58.3   3448.9
58   17   347.8   566.2   3291.5
58   18   27.6   430.3   3558.5
59   0   20.5   527.5   3551.7
59   1   28.6   365.0   3574.7
59   2   -88.3   351.1   3557.7
59   3   -221.9   183.5   3553.7
59   4   -184.3   79.1   3341.0
59   5   149.7   363.0   3568.1
59   6   308.0   372.1   3423.8
59   7   313.5   551.1   3256.4
59   8   32.8   155.3   3626.8
59   9   28.7   -6.8   3640.3
59   10   -61.7   -95.2   3638.4
59   11   -69.8   -439.1   3590.8
59   12   3.5   -737.4   3660.0
59   13   109.9   -104.4   3658.0
59   14   98.1   -451.5   3647.5
59   15   50.6   -762.8   3653.1
59   16   -190.6   96.5   3376.4
59   17   312.6   521.2   3284.3
59   18   27.3   430.2   3558.5
60   0   20.7   525.9   3550.7
60   1   28.3   363.3   3574.5
60   2   -89.6   349.9   3557.7
60   3   -201.5   172.4   3512.6
60   4   -146.2   139.9   3278.8
60   5   148.1   357.4   3565.9
60   6   295.6   304.4   3422.7
60   7   242.3   480.7   3262.3
60   8   32.5   153.0   3625.8
60   9   28.7   -9.0   3639.8
60   10   -61.8   -100.1   3638.7
60   11   -69.1   -444.8   3607.4
60   12   5.0   -747.5   3663.7
60   13   111.3   -107.6   3657.6
60   14   95.1   -453.5   3642.9
60   15   50.3   -767.1   3648.5
60   16   -155.5   145.3   3317.7
60   17   251.2   451.3   3289.1
60   18   27.0   428.6   3558.5
61   0   20.9   523.8   3549.0
61   1   28.1   361.3   3574.2
61   2   -91.3   348.5   3557.6
61   3   -175.7   161.5   3486.9
61   4   -73.6   214.5   3280.1
61   5   146.5   351.0   3559.0
61   6   257.9   233.5   3424.1
61   7   161.9   421.2   3300.9
61   8   32.2   152.4   3625.0
61   9   28.7   -9.5   3639.2
61   10   -60.5   -106.3   3639.3
61   11   -69.5   -450.3   3628.1
61   12   5.9   -757.1   3668.1
61   13   111.7   -111.4   3656.9
61   14   93.7   -451.6   3611.4
61   15   50.8   -764.2   3647.2
61   16   -90.5   205.8   3314.5
61   17   177.9   389.9   3321.4
61   18   26.8   426.5   3558.3
62   0   21.2   520.4   3549.8
62   1   27.9   357.9   3573.9
62   2   -93.8   346.5   3552.1
62   3   -145.5   156.6   3457.9
62   4   -2.7   270.1   3304.6
62   5   144.1   341.8   3554.0
62   6   216.9   173.0   3446.1
62   7   88.9   338.8   3316.6
62   8   31.7   151.2   3624.2
62   9   28.7   -10.6   3638.6
62   10   -54.9   -122.7   3641.1
62   11   -71.9   -464.6   3631.5
62   12   7.6   -770.0   3676.6
62   13   108.5   -124.4   3656.1
62   14   98.0   -459.3   3588.2
62   15   50.0   -766.0   3654.7
62   16   -26.4   251.4   3330.1
62   17   110.3   311.2   3338.2
62   18   26.7   423.1   3558.0
63   0   21.5   515.4   3552.3
63   1   27.7   353.5   3572.8
63   2   -96.1   344.4   3541.6
63   3   -127.1   151.8   3438.7
63   4   38.7   295.7   3325.6
63   5   144.0   334.9   3550.0
63   6   186.0   137.5   3463.7
63   7   41.6   287.8   3329.4
63   8   31.3   149.4   3623.5
63   9   28.7   -12.4   3638.1
63   10   -55.9   -129.4   3643.5
63   11   -74.1   -468.8   3623.4
63   12   5.9   -773.2   3686.0
63   13   107.3   -133.9   3655.7
63   14   101.9   -466.8   3584.3
63   15   48.4   -767.9   3679.6
63   16   11.1   271.7   3344.4
63   17   65.7   262.8   3351.8
63   18   26.5   418.6   3556.6
64   0   21.8   510.1   3556.6
64   1   27.2   348.7   3570.5
64   2   -99.0   342.3   3534.7
64   3   -121.2   146.9   3432.0
64   4   51.8   305.0   3339.6
64   5   145.0   329.5   3547.3
64   6   171.9   118.9   3476.3
64   7   24.4   260.9   3336.1
64   8   29.9   147.1   3622.5
64   9   28.2   -14.6   3637.7
64   10   -56.1   -135.5   3646.1
64   11   -75.0   -473.4   3629.6
64   12   6.9   -779.7   3693.1
64   13   106.2   -141.1   3655.5
64   14   105.4   -471.6   3580.0
64   15   47.2   -763.7   3704.7
64   16   23.0   278.7   3355.0
64   17   49.0   237.2   3359.5
64   18   26.3   413.6   3553.7
65   0   22.1   505.7   3561.3
65   1   26.5   344.6   3568.1
65   2   -101.6   340.4   3532.2
65   3   -121.7   142.9   3432.9
65   4   53.2   305.6   3352.0
65   5   147.1   327.0   3546.5
65   6   166.6   113.5   3478.1
65   7   19.8   253.6   3336.7
65   8   27.8   145.3   3621.6
65   9   27.4   -16.3   3637.3
65   10   -55.0   -142.2   3648.8
65   11   -75.7   -476.3   3635.7
65   12   9.1   -783.6   3698.4
65   13   105.1   -146.8   3655.2
65   14   105.8   -474.9   3586.8
65   15   44.8   -769.3   3710.3
65   16   24.0   278.4   3365.5
65   17   44.3   230.2   3360.2
65   18   26.1   409.4   3550.8
66   0   22.2   503.1   3564.0
66   1   25.8   341.8   3566.5
66   2   -103.5   339.1   3531.5
66   3   -122.8   140.6   3434.3
66   4   51.4   303.2   3357.7
66   5   149.4   326.6   3547.0
66   6   165.5   116.2   3471.3
66   7   18.1   257.8   3333.9
66   8   25.2   144.2   3620.9
66   9   26.3   -17.3   3637.1
66   10   -56.3   -143.5   3649.5
66   11   -74.9   -475.7   3634.6
66   12   13.1   -782.7   3700.4
66   13   104.7   -149.3   3655.1
66   14   105.0   -474.1   3581.3
66   15   44.6   -767.3   3711.5
66   16   22.3   276.1   3370.5
66   17   42.7   234.2   3356.8
66   18   26.0   406.4   3548.7
67   0   22.5   502.0   3565.3
67   1   25.3   340.1   3565.6
67   2   -104.7   338.4   3532.3
67   3   -124.1   139.7   3435.8
67   4   48.2   300.7   3358.8
67   5   151.1   326.7   3548.1
67   6   166.4   118.9   3468.0
67   7   21.5   262.4   3331.5
67   8   23.1   143.7   3620.5
67   9   25.4   -17.6   3637.0
67   10   -58.1   -142.7   3649.0
67   11   -73.3   -473.7   3627.6
67   12   15.5   -780.3   3700.1
67   13   104.6   -149.9   3654.8
67   14   104.1   -475.3   3588.2
67   15   42.6   -774.0   3707.2
67   16   19.4   273.8   3371.6
67   17   45.7   238.5   3354.2
67   18   26.0   404.6   3547.5
68   0   22.8   501.9   3565.7
68   1   25.1   339.0   3565.1
68   2   -105.3   337.9   3533.1
68   3   -125.0   139.3   3436.8
68   4   45.3   298.4   3357.2
68   5   152.0   326.5   3549.4
68   6   167.9   121.4   3464.9
68   7   24.3   267.1   3330.5
68   8   21.7   143.6   3620.2
68   9   24.6   -17.6   3636.9
68   10   -58.5   -143.3   3648.5
68   11   -72.3   -473.8   3624.0
68   12   16.7   -781.5   3698.4
68   13   104.3   -150.0   3654.5
68   14   101.1   -476.3   3595.2
68   15   41.4   -782.7   3697.5
68   16   16.9   271.9   3370.5
68   17   48.2   242.8   3352.9
68   18   26.2   403.4   3546.9
69   0   24.0   502.1   3565.7
69   1   25.1   338.3   3564.9
69   2   -105.5   337.4   3534.0
69   3   -125.4   139.2   3437.1
69   4   43.4   295.9   3353.7
69   5   152.8   326.2   3549.7
69   6   170.4   122.3   3463.9
69   7   27.0   269.3   3331.5
69   8   21.1   143.7   3620.0
69   9   24.1   -17.5   3636.9
69   10   -58.8   -143.2   3648.0
69   11   -71.4   -473.4   3620.1
69   12   15.9   -781.3   3689.6
69   13   104.0   -149.5   3653.6
69   14   99.5   -477.1   3602.5
69   15   41.1   -786.9   3690.3
69   16   15.2   269.8   3367.6
69   17   50.9   244.8   3353.6
69   18   26.4   402.7   3546.7
70   0   26.9   502.6   3565.7
70   1   25.4   338.0   3564.9
70   2   -104.7   336.0   3534.1
70   3   -125.8   138.2   3436.7
70   4   39.9   296.8   3352.8
70   5   153.9   326.9   3549.8
70   6   174.1   123.4   3464.3
70   7   28.5   268.5   3332.9
70   8   21.0   144.0   3619.9
70   9   23.7   -17.1   3636.9
70   10   -59.5   -141.9   3647.4
70   11   -68.8   -472.0   3616.7
70   12   14.7   -782.3   3680.7
70   13   104.3   -147.7   3651.7
70   14   98.6   -475.9   3604.6
70   15   41.6   -788.5   3684.8
70   16   12.3   270.4   3366.7
70   17   52.8   244.3   3354.8
70   18   26.8   402.4   3546.6
71   0   31.6   503.2   3565.6
71   1   25.9   338.0   3564.9
71   2   -102.7   334.0   3534.0
71   3   -126.1   136.8   3435.9
71   4   36.3   298.9   3353.6
71   5   155.1   328.4   3549.9
71   6   179.1   124.8   3465.8
71   7   29.5   264.8   3334.0
71   8   21.1   144.5   3619.8
71   9   23.4   -16.6   3636.9
71   10   -60.3   -140.0   3646.7
71   11   -62.8   -469.6   3611.5
71   12   12.7   -780.2   3676.1
71   13   105.1   -145.0   3649.1
71   14   98.1   -472.5   3597.4
71   15   43.5   -783.6   3678.8
71   16   9.3   271.9   3367.3
71   17   54.4   241.5   3355.9
71   18   27.4   402.3   3546.6
72   0   37.3   503.5   3565.4
72   1   26.5   338.1   3564.9
72   2   -100.8   332.9   3533.9
72   3   -126.0   136.1   3435.5
72   4   33.0   302.0   3355.4
72   5   156.0   329.5   3550.0
72   6   183.1   125.8   3467.3
72   7   30.4   261.9   3335.3
72   8   21.3   144.9   3619.8
72   9   23.3   -16.0   3636.9
72   10   -59.9   -139.7   3646.2
72   11   -52.9   -468.9   3608.1
72   12   13.1   -781.4   3676.7
72   13   105.0   -143.6   3647.5
72   14   99.2   -471.5   3598.7
72   15   43.3   -783.6   3678.1
72   16   6.5   274.4   3368.8
72   17   55.9   239.2   3357.3
72   18   28.3   402.4   3546.6
73   0   41.7   503.7   3565.4
73   1   27.3   338.2   3565.0
73   2   -98.8   332.3   3533.8
73   3   -125.8   135.7   3435.4
73   4   34.3   300.1   3354.7
73   5   156.5   329.9   3550.1
73   6   184.8   126.2   3467.8
73   7   31.0   261.0   3336.1
73   8   21.8   145.4   3619.7
73   9   23.3   -15.5   3637.0
73   10   -59.4   -139.5   3644.4
73   11   -51.7   -468.7   3607.1
73   12   13.7   -781.9   3681.0
73   13   104.7   -142.8   3645.4
73   14   98.7   -471.1   3600.5
73   15   43.3   -785.1   3679.3
73   16   7.6   272.7   3368.2
73   17   56.7   238.6   3358.0
73   18   29.2   402.5   3546.7
74   0   44.1   504.0   3565.3
74   1   28.2   338.3   3565.0
74   2   -97.5   332.5   3533.9
74   3   -125.7   135.6   3436.4
74   4   38.2   294.1   3352.3
74   5   156.8   329.9   3550.4
74   6   185.6   126.4   3468.0
74   7   31.4   260.8   3336.5
74   8   22.4   145.7   3619.6
74   9   23.4   -15.1   3637.0
74   10   -58.9   -139.2   3642.6
74   11   -52.9   -469.1   3611.7
74   12   13.8   -780.7   3687.5
74   13   104.3   -142.2   3643.6
74   14   97.4   -471.4   3607.2
74   15   43.5   -786.3   3680.0
74   16   10.9   267.7   3366.3
74   17   57.1   238.4   3358.4
74   18   30.1   402.5   3546.8
75   0   44.9   504.2   3565.3
75   1   29.0   338.4   3565.1
75   2   -96.5   333.1   3534.1
75   3   -125.6   135.7   3438.1
75   4   34.4   297.8   3353.8
75   5   157.2   329.9   3551.7
75   6   185.9   126.9   3468.0
75   7   31.7   261.0   3336.4
75   8   23.1   146.0   3619.5
75   9   23.6   -14.7   3637.0
75   10   -58.4   -138.9   3641.8
75   11   -55.7   -470.3   3620.0
75   12   14.0   -780.1   3690.9
75   13   103.9   -141.6   3641.7
75   14   95.7   -472.7   3618.8
75   15   43.5   -787.4   3683.1
75   16   7.8   270.8   3367.8
75   17   57.4   238.6   3358.4
75   18   31.0   402.6   3546.9
76   0   45.0   504.5   3565.2
76   1   29.8   338.4   3565.2
76   2   -95.9   333.8   3534.3
76   3   -125.6   135.7   3440.0
76   4   31.2   300.5   3355.1
76   5   157.6   329.7   3554.0
76   6   186.0   127.6   3468.1
76   7   32.0   261.3   3336.2
76   8   23.9   146.2   3619.5
76   9   23.8   -14.4   3637.1
76   10   -57.9   -138.9   3641.5
76   11   -61.2   -470.8   3623.1
76   12   14.0   -777.9   3690.6
76   13   103.6   -141.2   3640.9
76   14   93.8   -470.3   3599.4
76   15   45.3   -777.1   3686.0
76   16   5.1   273.0   3369.2
76   17   57.6   239.0   3358.1
76   18   31.8   402.7   3547.1
77   0   44.7   504.6   3565.1
77   1   30.7   338.5   3565.3
77   2   -95.2   334.4   3534.5
77   3   -125.6   135.6   3441.9
77   4   28.5   302.6   3356.6
77   5   158.3   329.3   3555.1
77   6   186.2   127.8   3468.0
77   7   32.6   261.8   3336.1
77   8   24.7   146.4   3619.4
77   9   24.1   -14.1   3637.0
77   10   -57.4   -139.2   3641.5
77   11   -55.2   -470.8   3621.0
77   12   13.9   -779.0   3689.4
77   13   103.6   -141.1   3640.7
77   14   94.6   -470.1   3597.3
77   15   45.2   -775.5   3689.5
77   16   2.8   274.8   3370.9
77   17   58.2   239.4   3358.1
77   18   32.8   402.7   3547.2
78   0   44.4   504.6   3565.1
78   1   31.7   338.6   3565.4
78   2   -94.4   334.8   3534.6
78   3   -125.8   134.7   3445.3
78   4   28.1   299.8   3356.3
78   5   159.2   328.8   3555.6
78   6   186.6   127.5   3467.8
78   7   33.9   262.8   3336.5
78   8   25.5   146.6   3619.2
78   9   24.3   -13.9   3637.0
78   10   -57.2   -139.6   3641.7
78   11   -49.1   -470.2   3614.6
78   12   13.8   -780.8   3684.9
78   13   103.7   -141.1   3641.0
78   14   95.1   -471.0   3607.5
78   15   44.2   -780.2   3690.7
78   16   2.5   272.3   3371.1
78   17   59.3   240.3   3358.3
78   18   33.8   402.7   3547.4
79   0   44.0   504.5   3565.0
79   1   32.7   338.6   3565.5
79   2   -93.7   335.0   3534.6
79   3   -125.7   134.5   3446.9
79   4   29.2   297.1   3355.3
79   5   160.1   328.2   3555.6
79   6   187.0   127.1   3467.6
79   7   35.4   263.5   3336.4
79   8   26.2   146.8   3619.1
79   9   24.5   -13.6   3637.0
79   10   -57.2   -139.9   3641.8
79   11   -51.1   -470.3   3626.5
79   12   14.1   -781.6   3680.8
79   13   104.0   -141.1   3641.5
79   14   95.2   -470.3   3608.7
79   15   44.5   -778.5   3690.6
79   16   3.3   270.0   3370.6
79   17   60.7   240.8   3358.3
79   18   34.9   402.8   3547.5
80   0   43.7   504.2   3565.0
80   1   33.7   338.7   3565.5
80   2   -93.0   335.1   3534.7
80   3   -125.7   134.5   3447.4
80   4   31.0   294.3   3354.1
80   5   161.2   327.6   3555.5
80   6   187.6   126.5   3467.3
80   7   37.4   264.0   3335.8
80   8   27.0   146.9   3619.0
80   9   24.8   -13.4   3636.9
80   10   -57.4   -140.0   3641.9
80   11   -58.2   -470.1   3641.1
80   12   14.0   -780.2   3676.9
80   13   104.2   -141.1   3642.0
80   14   96.3   -470.8   3621.8
80   15   44.1   -780.0   3688.7
80   16   4.8   267.7   3369.7
80   17   62.4   241.1   3357.8
80   18   36.0   402.8   3547.6
