4   0   -497.8   -94.9   3533.1
4   1   -498.3   -262.9   3486.9
4   2   -635.9   -271.5   3454.0
4   3   -579.2   -450.7   3308.6
4   4   -416.3   -247.9   3318.2
4   5   -362.0   -287.1   3513.0
4   6   -363.2   -478.7   3372.6
4   7   -448.4   -243.8   3445.6
4   8   -500.9   -473.4   3450.0
4   9   -502.8   -631.6   3419.5
4   10   -598.7   -722.8   3390.2
4   11   -551.4   -1049.0   3258.1
4   12   -570.4   -1359.8   3378.9
4   13   -412.4   -735.3   3423.2
4   14   -452.2   -1059.8   3284.4
4   15   -447.7   -1381.5   3374.0
4   16   -443.4   -281.7   3316.6
4   17   -434.2   -283.0   3433.4
4   18   -497.5   -192.4   3499.3
5   0   -497.3   -94.0   3534.4
5   1   -497.9   -261.8   3487.8
5   2   -634.5   -270.1   3451.8
5   3   -589.6   -454.8   3313.1
5   4   -424.3   -255.0   3313.7
5   5   -361.5   -285.4   3512.8
5   6   -358.8   -478.8   3375.3
5   7   -451.3   -251.3   3416.2
5   8   -500.0   -472.6   3450.7
5   9   -501.6   -631.3   3421.0
5   10   -596.1   -717.2   3391.9
5   11   -555.9   -1046.9   3267.6
5   12   -567.0   -1361.1   3373.9
5   13   -411.7   -728.8   3422.6
5   14   -448.2   -1056.9   3292.2
5   15   -448.0   -1380.0   3374.1
5   16   -451.8   -288.3   3313.6
5   17   -435.8   -289.2   3409.4
5   18   -497.2   -191.3   3500.2
6   0   -496.4   -90.7   3538.2
6   1   -496.8   -258.2   3490.7
6   2   -631.5   -265.3   3448.8
6   3   -612.0   -460.2   3324.3
6   4   -441.9   -267.5   3303.5
6   5   -361.5   -281.7   3515.2
6   6   -348.8   -477.1   3381.7
6   7   -458.3   -269.1   3362.0
6   8   -497.1   -469.4   3453.1
6   9   -498.2   -630.1   3426.0
6   10   -587.9   -703.9   3397.6
6   11   -563.7   -1039.5   3284.2
6   12   -552.0   -1358.3   3369.8
6   13   -413.4   -715.5   3422.6
6   14   -440.5   -1050.7   3307.7
6   15   -455.5   -1376.4   3374.9
6   16   -470.3   -299.6   3307.0
6   17   -439.9   -303.6   3365.3
6   18   -496.8   -187.8   3503.2
7   0   -495.4   -86.3   3542.5
7   1   -495.7   -253.6   3494.5
7   2   -627.9   -259.2   3446.3
7   3   -635.2   -464.9   3337.3
7   4   -462.1   -276.4   3292.7
7   5   -361.5   -276.1   3516.1
7   6   -338.7   -473.6   3387.0
7   7   -464.4   -281.8   3307.2
7   8   -494.0   -465.0   3456.4
7   9   -494.8   -628.7   3431.5
7   10   -579.8   -688.7   3403.0
7   11   -571.0   -1030.6   3301.2
7   12   -577.7   -1357.7   3317.1
7   13   -415.6   -701.4   3422.9
7   14   -432.9   -1043.2   3320.8
7   15   -425.9   -1371.6   3332.5
7   16   -490.9   -307.8   3300.2
7   17   -443.3   -313.7   3320.5
7   18   -496.3   -183.2   3507.2
8   0   -494.8   -83.4   3545.2
8   1   -495.1   -250.7   3497.4
8   2   -625.0   -255.3   3445.1
8   3   -648.3   -467.2   3344.8
8   4   -475.3   -280.8   3285.7
8   5   -361.9   -272.3   3515.9
8   6   -333.4   -468.7   3385.5
8   7   -471.3   -287.4   3272.2
8   8   -492.3   -463.0   3459.2
8   9   -493.0   -629.0   3434.7
8   10   -577.5   -683.5   3405.2
8   11   -575.6   -1029.4   3310.6
8   12   -578.0   -1365.7   3315.0
8   13   -413.6   -696.2   3422.3
8   14   -428.7   -1042.1   3328.5
8   15   -426.7   -1378.3   3332.1
8   16   -504.1   -311.8   3295.6
8   17   -448.3   -317.5   3291.1
8   18   -496.1   -180.3   3510.1
9   0   -494.5   -82.4   3546.3
9   1   -495.0   -249.6   3498.9
9   2   -623.3   -253.4   3444.6
9   3   -652.4   -468.0   3347.3
9   4   -480.5   -281.6   3282.1
9   5   -362.7   -271.0   3515.6
9   6   -330.9   -465.3   3382.6
9   7   -473.8   -293.3   3248.1
9   8   -491.8   -463.5   3460.2
9   9   -492.5   -630.4   3435.1
9   10   -579.0   -684.7   3405.2
9   11   -577.7   -1032.9   3313.6
9   12   -577.9   -1372.1   3312.7
9   13   -409.3   -696.4   3421.4
9   14   -426.8   -1044.7   3332.1
9   15   -426.6   -1383.1   3332.5
9   16   -509.1   -312.7   3292.9
9   17   -450.0   -321.9   3270.5
9   18   -496.0   -179.1   3511.7
10   0   -494.4   -82.4   3545.1
10   1   -495.0   -249.4   3499.2
10   2   -622.3   -252.8   3444.6
10   3   -651.9   -468.0   3347.3
10   4   -481.7   -280.7   3280.2
10   5   -363.8   -271.1   3515.2
10   6   -330.0   -464.8   3381.7
10   7   -475.0   -296.0   3240.8
10   8   -491.9   -465.1   3459.3
10   9   -492.6   -632.4   3433.5
10   10   -581.7   -688.6   3404.3
10   11   -578.4   -1037.6   3313.7
10   12   -577.8   -1376.6   3311.6
10   13   -405.2   -698.1   3420.9
10   14   -426.1   -1047.1   3332.5
10   15   -426.6   -1384.1   3330.8
10   16   -510.0   -311.9   3291.4
10   17   -450.9   -324.2   3264.3
10   18   -496.0   -179.0   3512.3
11   0   -494.4   -83.1   3542.8
11   1   -495.1   -249.7   3498.8
11   2   -621.7   -252.9   3444.6
11   3   -649.3   -467.6   3345.5
11   4   -481.9   -279.9   3279.7
11   5   -364.8   -272.0   3514.9
11   6   -329.8   -465.2   3381.0
11   7   -473.4   -295.2   3243.1
11   8   -492.2   -466.8   3456.4
11   9   -493.0   -634.4   3430.5
11   10   -584.0   -692.2   3403.5
11   11   -578.4   -1041.3   3312.9
11   12   -577.8   -1378.5   3311.2
11   13   -402.7   -699.7   3420.4
11   14   -425.9   -1048.7   3331.9
11   15   -426.2   -1384.4   3330.5
11   16   -509.8   -311.2   3290.7
11   17   -449.5   -323.5   3266.1
11   18   -496.0   -179.4   3512.5
12   0   -494.3   -83.3   3541.3
12   1   -495.2   -250.1   3498.2
12   2   -621.3   -253.3   3444.6
12   3   -647.3   -467.5   3344.2
12   4   -481.6   -279.0   3280.0
12   5   -365.9   -273.2   3514.8
12   6   -329.8   -465.6   3379.9
12   7   -472.6   -294.1   3245.4
12   8   -492.6   -468.4   3453.9
12   9   -493.5   -636.3   3427.8
12   10   -585.0   -695.5   3403.0
12   11   -578.2   -1044.2   3312.1
12   12   -577.8   -1380.4   3311.0
12   13   -402.1   -701.0   3419.9
12   14   -425.6   -1049.6   3331.1
12   15   -425.7   -1384.6   3329.9
12   16   -509.2   -310.4   3290.7
12   17   -448.8   -322.7   3267.8
12   18   -496.1   -180.0   3512.4
13   0   -494.3   -83.2   3540.4
13   1   -495.3   -250.7   3497.7
13   2   -621.0   -253.7   3444.6
13   3   -646.4   -467.4   3343.2
13   4   -481.2   -278.2   3280.6
13   5   -366.2   -273.7   3514.7
13   6   -330.1   -465.4   3379.0
13   7   -472.6   -293.2   3246.7
13   8   -492.9   -469.6   3452.1
13   9   -494.0   -638.0   3425.9
13   10   -585.6   -696.8   3402.7
13   11   -578.1   -1045.1   3311.9
13   12   -577.8   -1379.5   3311.7
13   13   -402.6   -701.8   3419.2
13   14   -425.4   -1050.0   3330.6
13   15   -425.4   -1384.5   3330.1
13   16   -508.8   -309.8   3291.0
13   17   -448.9   -321.9   3268.8
13   18   -496.1   -180.6   3512.3
14   0   -494.3   -83.1   3539.8
14   1   -495.4   -251.2   3497.3
14   2   -620.7   -254.1   3444.4
14   3   -646.5   -467.4   3342.6
14   4   -481.0   -278.0   3281.0
14   5   -366.3   -273.8   3514.7
14   6   -330.4   -465.4   3378.8
14   7   -473.3   -294.1   3246.4
14   8   -493.3   -470.4   3451.0
14   9   -494.5   -639.4   3424.6
14   10   -585.7   -696.7   3402.6
14   11   -578.0   -1044.8   3312.4
14   12   -577.9   -1378.4   3312.7
14   13   -403.6   -701.5   3418.6
14   14   -425.5   -1049.6   3330.5
14   15   -425.6   -1383.4   3330.5
14   16   -508.5   -309.6   3291.3
14   17   -449.5   -322.7   3268.4
14   18   -496.1   -181.2   3512.1
15   0   -494.3   -83.1   3539.5
15   1   -495.5   -251.7   3496.9
15   2   -620.4   -254.5   3444.1
15   3   -646.8   -467.5   3342.1
15   4   -480.8   -278.1   3281.2
15   5   -366.3   -273.7   3514.7
15   6   -330.5   -465.3   3378.8
15   7   -473.3   -294.1   3246.3
15   8   -493.6   -470.8   3450.3
15   9   -495.0   -640.4   3423.8
15   10   -585.7   -695.8   3402.5
15   11   -577.9   -1044.0   3312.7
15   12   -577.9   -1377.3   3313.0
15   13   -404.8   -700.7   3417.8
15   14   -425.5   -1049.0   3330.6
15   15   -425.6   -1382.6   3330.7
15   16   -508.4   -309.7   3291.4
15   17   -449.5   -322.6   3268.4
15   18   -496.1   -181.7   3511.8
16   0   -494.3   -83.4   3539.3
16   1   -495.5   -252.2   3496.0
16   2   -620.3   -254.9   3443.8
16   3   -646.5   -467.8   3341.6
16   4   -480.5   -277.9   3281.2
16   5   -366.3   -273.6   3514.7
16   6   -330.6   -465.3   3378.8
16   7   -473.1   -293.8   3246.1
16   8   -493.9   -470.7   3449.6
16   9   -495.4   -640.8   3423.1
16   10   -585.3   -694.3   3402.5
16   11   -578.0   -1043.2   3313.6
16   12   -578.0   -1376.7   3314.3
16   13   -406.3   -699.4   3418.0
16   14   -425.5   -1048.3   3330.7
16   15   -425.6   -1381.9   3330.9
16   16   -508.2   -309.6   3291.3
16   17   -449.3   -322.4   3268.2
16   18   -496.1   -182.2   3510.9
17   0   -494.4   -84.8   3538.8
17   1   -495.5   -252.7   3494.9
17   2   -620.3   -255.4   3443.3
17   3   -646.0   -468.3   3341.0
17   4   -480.3   -277.7   3281.3
17   5   -366.3   -273.5   3514.7
17   6   -330.7   -465.2   3378.8
17   7   -473.0   -294.2   3245.0
17   8   -494.0   -470.3   3449.0
17   9   -495.7   -640.6   3422.5
17   10   -584.8   -692.5   3402.6
17   11   -578.0   -1042.4   3314.2
17   12   -578.0   -1376.1   3314.5
17   13   -407.9   -698.3   3418.1
17   14   -425.5   -1048.2   3330.7
17   15   -425.6   -1382.4   3330.7
17   16   -507.9   -309.4   3291.3
17   17   -449.3   -322.7   3267.3
17   18   -496.1   -182.6   3509.7
18   0   -494.4   -86.6   3538.2
18   1   -495.5   -253.1   3493.6
18   2   -620.3   -256.0   3442.8
18   3   -645.4   -469.0   3340.6
18   4   -480.3   -277.4   3281.5
18   5   -366.3   -273.4   3514.7
18   6   -330.7   -465.2   3379.1
18   7   -472.5   -294.4   3244.4
18   8   -494.0   -469.8   3448.7
18   9   -495.8   -640.2   3422.2
18   10   -584.2   -691.5   3402.7
18   11   -577.9   -1042.5   3314.4
18   12   -577.9   -1376.8   3314.3
18   13   -409.0   -697.6   3418.2
18   14   -425.1   -1048.5   3330.6
18   15   -424.8   -1383.0   3330.5
18   16   -507.8   -309.4   3291.3
18   17   -448.8   -322.8   3266.9
18   18   -496.0   -183.1   3508.1
19   0   -494.4   -88.4   3537.7
19   1   -495.5   -253.6   3492.2
19   2   -620.4   -256.6   3442.2
19   3   -644.4   -469.8   3340.3
19   4   -480.4   -277.1   3281.5
19   5   -366.4   -273.4   3514.7
19   6   -330.7   -465.4   3379.5
19   7   -472.1   -294.6   3244.1
19   8   -494.0   -469.4   3448.5
19   9   -495.9   -639.8   3422.0
19   10   -583.8   -691.1   3402.7
19   11   -577.9   -1042.9   3314.2
19   12   -577.8   -1377.3   3314.0
19   13   -409.7   -697.3   3418.3
19   14   -424.7   -1049.0   3330.5
19   15   -424.4   -1383.4   3330.4
19   16   -507.7   -309.2   3291.3
19   17   -448.5   -323.1   3266.7
19   18   -496.0   -183.5   3506.4
20   0   -494.4   -90.0   3537.2
20   1   -495.5   -254.0   3490.5
20   2   -620.7   -257.1   3441.6
20   3   -644.0   -470.6   3340.1
20   4   -480.4   -277.2   3281.7
20   5   -366.6   -273.2   3514.7
20   6   -330.6   -465.7   3380.2
20   7   -471.4   -297.0   3241.4
20   8   -494.0   -469.1   3448.4
20   9   -495.9   -639.5   3421.9
20   10   -583.5   -691.1   3402.7
20   11   -577.8   -1043.3   3314.0
20   12   -577.7   -1377.7   3313.8
20   13   -410.0   -697.2   3418.3
20   14   -424.5   -1049.4   3330.4
20   15   -424.5   -1383.6   3330.3
20   16   -507.7   -309.4   3291.4
20   17   -447.9   -325.1   3264.5
20   18   -496.0   -183.8   3504.2
21   0   -494.5   -91.3   3536.7
21   1   -495.5   -254.4   3488.6
21   2   -621.2   -257.5   3441.1
21   3   -643.8   -471.2   3340.0
21   4   -480.6   -277.5   3281.8
21   5   -366.8   -273.1   3514.7
21   6   -330.5   -466.1   3381.0
21   7   -471.0   -304.0   3234.4
21   8   -494.0   -469.0   3448.3
21   9   -495.9   -639.4   3421.9
21   10   -583.3   -691.1   3402.7
21   11   -577.7   -1043.5   3313.8
21   12   -577.7   -1377.6   3313.6
21   13   -410.1   -697.2   3418.3
21   14   -424.8   -1049.7   3330.5
21   15   -425.2   -1383.8   3330.6
21   16   -507.8   -309.8   3291.5
21   17   -447.6   -331.0   3258.8
21   18   -495.9   -184.0   3501.7
22   0   -494.5   -92.3   3536.4
22   1   -495.4   -254.6   3486.9
22   2   -621.6   -257.8   3440.6
22   3   -643.9   -471.7   3339.9
22   4   -480.8   -277.7   3281.9
22   5   -367.0   -272.9   3514.6
22   6   -330.5   -466.0   3381.4
22   7   -471.0   -301.2   3237.8
22   8   -493.9   -468.9   3448.2
22   9   -495.8   -639.2   3421.9
22   10   -583.3   -691.1   3402.7
22   11   -577.7   -1043.7   3313.7
22   12   -577.7   -1377.7   3313.6
22   13   -410.0   -697.3   3418.3
22   14   -425.5   -1049.9   3330.5
22   15   -426.0   -1383.9   3330.5
22   16   -508.0   -310.1   3291.5
22   17   -447.6   -328.6   3261.7
22   18   -495.9   -184.2   3499.6
23   0   -494.5   -92.8   3536.1
23   1   -495.4   -254.7   3485.6
23   2   -621.9   -257.9   3440.3
23   3   -644.2   -471.9   3339.8
23   4   -481.1   -277.9   3282.0
23   5   -367.3   -272.6   3514.6
23   6   -330.5   -465.8   3381.4
23   7   -474.0   -300.7   3240.9
23   8   -493.9   -468.8   3448.2
23   9   -495.8   -639.1   3421.9
23   10   -583.3   -691.1   3402.6
23   11   -577.7   -1043.8   3313.6
23   12   -577.7   -1377.8   3313.6
23   13   -409.9   -697.4   3418.3
23   14   -425.9   -1049.9   3329.9
23   15   -426.2   -1383.7   3329.5
23   16   -508.3   -310.2   3291.6
23   17   -450.0   -328.2   3264.3
23   18   -495.9   -184.2   3497.9
24   0   -494.5   -93.0   3536.0
24   1   -495.4   -254.8   3484.9
24   2   -621.8   -257.8   3439.9
24   3   -644.4   -472.0   3339.8
24   4   -481.2   -278.0   3282.0
24   5   -367.6   -272.5   3514.6
24   6   -330.4   -466.2   3382.4
24   7   -471.8   -301.9   3239.0
24   8   -493.9   -468.7   3448.2
24   9   -495.8   -639.0   3422.0
24   10   -583.4   -691.2   3402.5
24   11   -577.7   -1043.8   3313.6
24   12   -577.7   -1377.6   3313.6
24   13   -409.8   -697.4   3418.3
24   14   -426.1   -1049.5   3328.5
24   15   -426.2   -1383.0   3327.3
24   16   -508.4   -310.3   3291.6
24   17   -448.3   -329.2   3262.9
24   18   -495.8   -184.2   3497.0
25   0   -494.5   -92.9   3536.0
25   1   -495.3   -254.8   3484.6
25   2   -621.6   -257.7   3439.5
25   3   -644.5   -472.0   3339.9
25   4   -481.2   -278.0   3282.0
25   5   -367.8   -272.3   3514.6
25   6   -330.2   -466.8   3383.5
25   7   -470.2   -302.4   3238.7
25   8   -493.9   -468.6   3448.2
25   9   -495.8   -638.9   3422.0
25   10   -583.5   -691.1   3402.3
25   11   -577.7   -1043.4   3313.3
25   12   -577.6   -1376.9   3313.0
25   13   -409.7   -697.5   3418.3
25   14   -426.0   -1049.0   3327.6
25   15   -425.7   -1382.5   3327.1
25   16   -508.4   -310.4   3291.7
25   17   -446.8   -329.8   3262.8
25   18   -495.8   -184.2   3496.6
26   0   -494.5   -92.7   3535.8
26   1   -495.3   -254.8   3484.5
26   2   -621.3   -257.5   3439.2
26   3   -644.5   -472.0   3339.9
26   4   -481.3   -278.0   3282.0
26   5   -367.8   -272.3   3513.9
26   6   -330.0   -466.7   3383.1
26   7   -470.2   -301.0   3240.0
26   8   -493.9   -468.8   3448.2
26   9   -495.8   -639.0   3422.0
26   10   -583.7   -690.9   3402.2
26   11   -577.6   -1042.8   3313.1
26   12   -577.6   -1376.0   3313.0
26   13   -409.6   -697.4   3418.3
26   14   -425.6   -1048.5   3327.2
26   15   -425.3   -1381.9   3327.2
26   16   -508.5   -310.3   3291.7
26   17   -446.8   -328.6   3263.8
26   18   -495.8   -184.2   3496.4
27   0   -494.5   -92.2   3535.6
27   1   -495.3   -254.7   3484.4
27   2   -621.1   -257.4   3438.9
27   3   -644.5   -471.9   3339.9
27   4   -481.4   -277.8   3282.1
27   5   -367.8   -272.2   3512.7
27   6   -330.0   -466.5   3381.6
27   7   -470.9   -298.1   3242.5
27   8   -493.9   -469.3   3448.1
27   9   -495.8   -639.6   3421.9
27   10   -583.9   -690.5   3402.1
27   11   -577.6   -1041.3   3312.5
27   12   -577.6   -1373.9   3312.1
27   13   -409.5   -697.3   3418.4
27   14   -425.2   -1047.4   3327.3
27   15   -425.0   -1380.3   3327.6
27   16   -508.6   -310.2   3291.7
27   17   -447.4   -326.1   3265.6
27   18   -495.7   -184.2   3496.4
28   0   -494.5   -91.6   3535.4
28   1   -495.2   -254.7   3484.4
28   2   -620.9   -257.3   3438.8
28   3   -644.5   -471.7   3339.8
28   4   -481.4   -277.7   3282.2
28   5   -367.8   -272.2   3512.0
28   6   -329.9   -466.3   3380.6
28   7   -471.5   -297.1   3243.1
28   8   -493.9   -470.3   3447.9
28   9   -495.8   -640.5   3421.7
28   10   -584.0   -690.1   3401.9
28   11   -577.6   -1039.0   3311.7
28   12   -577.5   -1370.9   3311.2
28   13   -409.4   -697.2   3418.4
28   14   -425.1   -1045.5   3327.6
28   15   -425.1   -1377.9   3327.9
28   16   -508.6   -310.0   3291.8
28   17   -447.9   -325.3   3266.0
28   18   -495.7   -184.2   3496.4
29   0   -494.5   -90.8   3535.2
29   1   -495.2   -254.7   3484.4
29   2   -620.8   -257.2   3438.8
29   3   -644.6   -471.5   3339.5
29   4   -481.2   -277.5   3282.3
29   5   -367.8   -272.2   3511.5
29   6   -329.6   -467.0   3381.4
29   7   -470.4   -298.5   3242.2
29   8   -493.9   -471.6   3447.7
29   9   -495.8   -641.9   3421.5
29   10   -584.3   -689.2   3401.6
29   11   -577.5   -1036.1   3311.4
29   12   -577.5   -1367.8   3311.3
29   13   -409.2   -696.7   3418.4
29   14   -425.0   -1043.2   3327.9
29   15   -424.9   -1375.2   3328.2
29   16   -508.4   -309.9   3291.8
29   17   -446.9   -326.6   3265.4
29   18   -495.6   -184.2   3496.4
30   0   -494.5   -89.9   3535.1
30   1   -495.2   -254.7   3484.5
30   2   -620.6   -257.1   3438.7
30   3   -644.6   -471.2   3339.1
30   4   -480.7   -277.6   3282.3
30   5   -367.8   -272.2   3511.0
30   6   -329.1   -467.7   3382.2
30   7   -468.1   -299.3   3241.1
30   8   -493.9   -473.2   3447.4
30   9   -495.8   -643.4   3421.3
30   10   -584.7   -688.0   3401.2
30   11   -577.5   -1033.3   3311.5
30   12   -577.5   -1365.1   3311.7
30   13   -408.9   -696.1   3418.4
30   14   -424.9   -1041.0   3328.6
30   15   -424.9   -1373.2   3329.2
30   16   -508.0   -309.8   3291.8
30   17   -445.0   -327.4   3264.6
30   18   -495.6   -184.2   3496.4
31   0   -494.5   -89.0   3534.9
31   1   -495.2   -254.7   3484.5
31   2   -620.5   -257.0   3438.5
31   3   -644.6   -470.7   3338.4
31   4   -480.0   -277.5   3282.4
31   5   -367.8   -272.2   3510.5
31   6   -328.6   -468.6   3383.3
31   7   -466.5   -299.7   3241.8
31   8   -493.9   -474.7   3447.1
31   9   -495.8   -645.0   3421.1
31   10   -584.9   -687.1   3400.8
31   11   -577.6   -1031.6   3312.3
31   12   -577.6   -1364.5   3313.0
31   13   -408.5   -695.2   3418.4
31   14   -424.9   -1039.3   3329.4
31   15   -424.9   -1372.0   3329.9
31   16   -507.5   -309.7   3291.7
31   17   -443.5   -327.9   3265.4
31   18   -495.5   -184.2   3496.4
32   0   -494.5   -87.9   3534.8
32   1   -495.1   -254.7   3484.5
32   2   -620.2   -256.8   3438.2
32   3   -644.5   -470.1   3337.2
32   4   -479.4   -277.1   3282.6
32   5   -367.8   -272.2   3510.0
32   6   -327.9   -469.4   3384.3
32   7   -465.2   -300.4   3242.5
32   8   -493.9   -476.1   3446.9
32   9   -495.8   -646.4   3420.8
32   10   -585.1   -686.1   3400.4
32   11   -577.6   -1030.2   3312.6
32   12   -577.6   -1363.0   3312.8
32   13   -408.2   -694.3   3418.4
32   14   -424.8   -1037.9   3329.9
32   15   -424.8   -1370.7   3330.2
32   16   -506.9   -309.3   3291.7
32   17   -442.3   -328.6   3266.2
32   18   -495.5   -184.2   3496.4
33   0   -494.5   -86.9   3534.7
33   1   -495.1   -254.7   3484.5
33   2   -620.0   -256.7   3437.8
33   3   -644.5   -469.5   3336.0
33   4   -478.8   -276.6   3282.6
33   5   -367.7   -272.2   3509.4
33   6   -327.1   -470.1   3385.1
33   7   -464.3   -301.4   3242.9
33   8   -493.9   -477.3   3446.7
33   9   -495.9   -647.6   3420.7
33   10   -585.4   -684.8   3400.0
33   11   -577.6   -1028.7   3312.8
33   12   -577.5   -1361.3   3312.8
33   13   -407.7   -693.0   3418.4
33   14   -424.8   -1036.3   3330.3
33   15   -424.7   -1368.7   3330.5
33   16   -506.4   -308.8   3291.5
33   17   -441.5   -329.5   3266.6
33   18   -495.4   -184.2   3496.5
34   0   -494.5   -85.7   3534.4
34   1   -495.0   -254.6   3484.5
34   2   -619.7   -256.5   3437.4
34   3   -644.6   -469.0   3335.0
34   4   -478.0   -276.7   3282.2
34   5   -367.7   -272.2   3508.5
34   6   -326.8   -470.1   3384.3
34   7   -464.4   -300.9   3243.2
34   8   -493.9   -478.1   3446.4
34   9   -495.9   -648.3   3420.4
34   10   -585.4   -682.9   3399.6
34   11   -577.6   -1027.1   3313.4
34   12   -560.6   -1358.7   3346.0
34   13   -407.4   -690.9   3418.4
34   14   -424.7   -1034.4   3330.8
34   15   -424.6   -1366.6   3331.0
34   16   -505.8   -308.8   3291.0
34   17   -441.4   -329.1   3266.7
34   18   -495.4   -184.2   3496.5
35   0   -494.5   -84.6   3534.1
35   1   -495.0   -254.6   3484.4
35   2   -619.6   -256.4   3437.2
35   3   -644.5   -468.1   3333.3
35   4   -476.5   -276.8   3282.0
35   5   -367.6   -272.2   3507.4
35   6   -326.9   -469.2   3381.9
35   7   -465.1   -298.1   3243.7
35   8   -493.9   -478.4   3446.1
35   9   -495.9   -648.4   3420.0
35   10   -584.8   -681.7   3399.2
35   11   -577.6   -1026.8   3313.8
35   12   -564.6   -1359.2   3332.4
35   13   -408.0   -689.6   3418.4
35   14   -424.7   -1033.8   3330.9
35   15   -424.7   -1367.0   3330.8
35   16   -504.5   -308.7   3290.6
35   17   -442.0   -326.6   3266.7
35   18   -495.3   -184.2   3496.5
36   0   -494.4   -83.6   3533.9
36   1   -494.9   -254.6   3484.3
36   2   -619.4   -256.4   3437.2
36   3   -644.5   -467.8   3333.0
36   4   -476.0   -276.9   3282.1
36   5   -367.6   -272.1   3506.9
36   6   -327.1   -467.2   3378.4
36   7   -466.4   -294.0   3244.1
36   8   -493.9   -478.3   3445.8
36   9   -495.9   -647.9   3419.7
36   10   -584.0   -681.0   3398.8
36   11   -577.6   -1026.8   3314.0
36   12   -565.7   -1359.6   3325.3
36   13   -408.9   -688.7   3418.4
36   14   -424.7   -1033.6   3330.8
36   15   -424.7   -1366.9   3330.7
36   16   -504.1   -308.7   3290.6
36   17   -443.2   -322.9   3266.5
36   18   -495.3   -184.2   3496.5
37   0   -494.4   -82.8   3533.7
37   1   -494.9   -254.5   3484.2
37   2   -619.4   -256.3   3437.3
37   3   -644.7   -467.8   3333.4
37   4   -476.0   -277.2   3282.0
37   5   -367.6   -272.1   3506.8
37   6   -327.2   -466.6   3377.6
37   7   -467.2   -293.7   3243.9
37   8   -493.9   -477.7   3445.5
37   9   -496.0   -647.0   3419.4
37   10   -583.1   -680.5   3398.4
37   11   -577.6   -1027.0   3314.0
37   12   -566.7   -1359.9   3320.3
37   13   -409.7   -688.1   3418.4
37   14   -424.7   -1033.5   3330.7
37   15   -424.7   -1366.7   3330.5
37   16   -504.1   -309.0   3290.6
37   17   -443.9   -322.5   3266.2
37   18   -495.2   -184.2   3496.5
38   0   -494.4   -82.1   3533.4
38   1   -494.8   -254.5   3484.2
38   2   -619.3   -256.3   3437.3
38   3   -644.9   -467.9   3334.0
38   4   -476.3   -277.6   3282.0
38   5   -367.6   -272.1   3506.8
38   6   -327.3   -466.3   3377.2
38   7   -468.3   -294.6   3243.1
38   8   -493.9   -477.0   3445.4
38   9   -496.0   -646.1   3419.4
38   10   -582.8   -680.4   3398.1
38   11   -577.6   -1027.4   3313.9
38   12   -566.6   -1360.3   3317.1
38   13   -410.0   -687.9   3418.4
38   14   -424.7   -1033.8   3330.6
38   15   -424.7   -1367.1   3330.6
38   16   -504.4   -309.3   3290.7
38   17   -444.8   -323.2   3265.5
38   18   -495.1   -184.2   3496.5
39   0   -494.4   -81.6   3533.0
39   1   -494.8   -254.5   3484.2
39   2   -619.2   -256.2   3437.4
39   3   -645.1   -467.8   3334.3
39   4   -476.5   -277.7   3282.1
39   5   -367.6   -272.0   3506.8
39   6   -327.4   -466.2   3377.3
39   7   -468.4   -294.8   3243.0
39   8   -493.9   -476.4   3445.4
39   9   -496.0   -645.3   3419.5
39   10   -582.8   -680.4   3398.0
39   11   -577.6   -1027.8   3313.7
39   12   -566.4   -1360.6   3316.4
39   13   -410.0   -688.0   3418.4
39   14   -424.7   -1034.2   3330.6
39   15   -424.7   -1367.4   3330.7
39   16   -504.6   -309.4   3290.8
39   17   -444.9   -323.4   3265.4
39   18   -495.1   -184.2   3496.5
40   0   -494.4   -81.2   3532.8
40   1   -494.8   -254.4   3484.2
40   2   -619.2   -256.2   3437.5
40   3   -645.4   -467.7   3334.5
40   4   -477.1   -277.6   3282.0
40   5   -367.6   -272.0   3506.8
40   6   -327.5   -466.5   3377.9
40   7   -468.1   -295.2   3243.1
40   8   -493.9   -475.8   3445.5
40   9   -495.9   -644.6   3419.6
40   10   -583.0   -680.5   3397.8
40   11   -577.5   -1028.3   3313.5
40   12   -577.5   -1361.3   3313.4
40   13   -409.9   -688.2   3418.4
40   14   -424.7   -1034.7   3330.7
40   15   -424.8   -1367.8   3330.8
40   16   -505.1   -309.3   3290.7
40   17   -444.7   -323.8   3265.6
40   18   -495.0   -184.2   3496.5
41   0   -494.4   -81.0   3532.7
41   1   -494.7   -254.4   3484.2
41   2   -619.1   -256.1   3437.6
41   3   -645.8   -467.6   3334.7
41   4   -477.5   -277.6   3281.8
41   5   -367.5   -271.9   3506.9
41   6   -327.7   -466.7   3378.5
41   7   -467.9   -295.6   3243.3
41   8   -493.9   -475.4   3445.6
41   9   -495.9   -644.1   3419.7
41   10   -583.1   -680.7   3397.5
41   11   -577.5   -1029.0   3313.2
41   12   -577.4   -1362.1   3313.0
41   13   -409.6   -688.4   3418.4
41   14   -424.7   -1035.7   3331.0
41   15   -424.7   -1368.9   3331.3
41   16   -505.5   -309.2   3290.6
41   17   -444.5   -324.1   3265.8
41   18   -495.0   -184.2   3496.5
42   0   -494.4   -80.8   3532.7
42   1   -494.7   -254.4   3484.2
42   2   -619.0   -256.1   3437.7
42   3   -645.9   -467.4   3334.8
42   4   -477.4   -277.8   3281.6
42   5   -367.5   -271.9   3506.9
42   6   -327.8   -466.8   3378.9
42   7   -467.6   -295.8   3243.3
42   8   -493.9   -475.1   3445.6
42   9   -495.9   -643.8   3419.8
42   10   -583.3   -680.9   3397.4
42   11   -577.4   -1029.8   3313.0
42   12   -577.4   -1362.7   3312.8
42   13   -409.4   -688.7   3418.4
42   14   -424.7   -1036.5   3331.0
42   15   -424.6   -1369.5   3331.0
42   16   -505.5   -309.4   3290.4
42   17   -444.3   -324.3   3265.9
42   18   -494.9   -184.2   3496.5
43   0   -494.4   -80.7   3532.7
43   1   -494.7   -254.4   3484.2
43   2   -619.0   -256.1   3437.7
43   3   -645.9   -467.3   3334.8
43   4   -477.4   -278.0   3281.3
43   5   -367.5   -271.8   3506.9
43   6   -327.8   -466.8   3379.2
43   7   -467.4   -296.0   3243.3
43   8   -493.9   -474.8   3445.7
43   9   -495.9   -643.5   3419.9
43   10   -583.5   -681.1   3397.3
43   11   -577.4   -1030.5   3312.8
43   12   -577.4   -1363.2   3312.7
43   13   -409.2   -688.9   3418.4
43   14   -424.6   -1037.3   3330.9
43   15   -424.6   -1370.0   3330.8
43   16   -505.5   -309.5   3290.3
43   17   -444.2   -324.5   3266.0
43   18   -494.9   -184.2   3496.5
44   0   -494.4   -80.6   3532.8
44   1   -494.7   -254.3   3484.2
44   2   -618.9   -256.0   3437.7
44   3   -645.9   -467.1   3334.7
44   4   -477.3   -278.0   3281.0
44   5   -367.5   -271.6   3506.9
44   6   -327.9   -466.6   3379.3
44   7   -467.4   -296.2   3243.2
44   8   -493.9   -474.6   3445.8
44   9   -495.9   -643.3   3420.0
44   10   -583.7   -681.3   3397.2
44   11   -577.3   -1031.0   3312.5
44   12   -577.2   -1363.4   3312.2
44   13   -409.1   -689.2   3418.3
44   14   -424.6   -1037.9   3330.8
44   15   -424.7   -1370.4   3330.7
44   16   -505.4   -309.5   3290.0
44   17   -444.1   -324.6   3265.9
44   18   -494.9   -184.2   3496.5
45   0   -494.4   -80.5   3532.8
45   1   -494.7   -254.3   3484.2
45   2   -618.9   -256.0   3437.7
45   3   -645.8   -466.6   3334.1
45   4   -477.0   -277.9   3280.5
45   5   -367.4   -271.4   3506.9
45   6   -328.0   -466.1   3378.9
45   7   -467.7   -295.8   3242.9
45   8   -493.9   -474.4   3445.9
45   9   -495.9   -643.2   3420.0
45   10   -583.8   -681.5   3397.2
45   11   -577.2   -1031.5   3312.3
45   12   -577.1   -1363.8   3312.2
45   13   -408.9   -689.5   3418.3
45   14   -424.7   -1038.5   3330.7
45   15   -424.8   -1370.8   3330.6
45   16   -505.1   -309.4   3289.4
45   17   -444.4   -324.2   3265.6
45   18   -494.9   -184.2   3496.5
46   0   -494.4   -80.5   3532.8
46   1   -494.7   -254.3   3484.2
46   2   -618.9   -256.0   3437.7
46   3   -645.7   -465.7   3332.6
46   4   -476.5   -277.6   3278.7
46   5   -367.3   -271.2   3506.9
46   6   -328.1   -465.7   3378.7
46   7   -467.7   -295.7   3242.6
46   8   -493.9   -474.2   3445.9
46   9   -495.9   -643.2   3420.1
46   10   -584.0   -681.7   3397.2
46   11   -577.1   -1031.9   3312.2
46   12   -577.0   -1363.9   3312.1
46   13   -408.8   -689.6   3418.3
46   14   -424.8   -1038.9   3330.6
46   15   -424.9   -1370.9   3330.6
46   16   -504.7   -309.0   3287.7
46   17   -444.4   -324.0   3265.3
46   18   -494.9   -184.2   3496.5
47   0   -494.4   -80.5   3532.8
47   1   -494.7   -254.2   3484.3
47   2   -618.9   -256.0   3437.7
47   3   -645.5   -463.7   3329.0
47   4   -476.1   -277.6   3269.7
47   5   -367.3   -271.0   3506.9
47   6   -326.5   -465.2   3379.0
47   7   -467.0   -296.4   3242.4
47   8   -493.9   -474.1   3445.9
47   9   -495.9   -643.1   3420.1
47   10   -584.1   -681.7   3397.1
47   11   -576.9   -1032.2   3312.1
47   12   -576.8   -1364.0   3312.1
47   13   -408.7   -689.7   3418.3
47   14   -424.9   -1039.3   3330.6
47   15   -425.0   -1371.1   3330.6
47   16   -504.3   -308.6   3279.6
47   17   -443.6   -324.6   3265.1
47   18   -495.0   -184.2   3496.5
48   0   -494.4   -80.5   3532.8
48   1   -494.7   -254.2   3484.3
48   2   -618.8   -255.9   3437.7
48   3   -645.2   -461.3   3324.9
48   4   -477.7   -280.3   3248.6
48   5   -367.2   -270.8   3506.9
48   6   -319.9   -463.9   3380.1
48   7   -465.1   -299.9   3242.5
48   8   -493.9   -474.0   3446.0
48   9   -495.9   -643.1   3420.1
48   10   -584.1   -681.8   3397.1
48   11   -576.8   -1032.6   3312.0
48   12   -576.7   -1364.2   3312.0
48   13   -408.6   -689.8   3418.3
48   14   -425.0   -1039.6   3330.6
48   15   -425.1   -1371.3   3330.7
48   16   -505.6   -310.5   3261.3
48   17   -440.9   -327.2   3265.4
48   18   -495.0   -184.2   3496.5
49   0   -494.4   -80.5   3532.8
49   1   -494.7   -254.1   3484.3
49   2   -618.8   -255.9   3437.9
49   3   -645.2   -459.6   3322.1
49   4   -479.7   -284.6   3225.7
49   5   -367.1   -270.5   3506.9
49   6   -304.8   -460.9   3383.3
49   7   -459.6   -307.1   3242.3
49   8   -493.9   -473.9   3446.0
49   9   -495.9   -643.1   3420.2
49   10   -584.2   -681.9   3397.2
49   11   -576.7   -1033.1   3311.9
49   12   -576.6   -1364.8   3311.9
49   13   -408.5   -689.8   3418.3
49   14   -425.0   -1040.2   3330.8
49   15   -425.0   -1371.9   3331.0
49   16   -507.3   -313.7   3241.7
49   17   -433.8   -332.7   3265.8
49   18   -495.0   -184.2   3496.5
50   0   -494.4   -80.5   3532.9
50   1   -494.7   -254.1   3484.6
50   2   -618.8   -255.9   3438.1
50   3   -645.8   -458.6   3320.9
50   4   -477.5   -290.8   3214.7
50   5   -366.9   -270.2   3506.9
50   6   -288.9   -457.2   3387.6
50   7   -444.8   -314.1   3236.3
50   8   -493.9   -474.1   3447.5
50   9   -495.9   -643.1   3420.2
50   10   -584.2   -682.0   3397.2
50   11   -576.8   -1034.5   3312.3
50   12   -576.9   -1366.6   3312.6
50   13   -408.5   -689.8   3418.3
50   14   -424.9   -1041.6   3331.5
50   15   -424.8   -1373.7   3332.0
50   16   -505.5   -318.8   3232.4
50   17   -418.8   -337.9   3261.5
50   18   -495.0   -184.2   3496.5
51   0   -494.4   -80.5   3532.9
51   1   -494.7   -254.2   3485.3
51   2   -619.0   -256.0   3438.6
51   3   -649.5   -458.2   3321.9
51   4   -497.0   -307.8   3178.6
51   5   -366.7   -269.7   3506.9
51   6   -274.7   -456.8   3398.3
51   7   -413.5   -313.4   3232.4
51   8   -493.9   -474.5   3450.3
51   9   -495.9   -643.3   3420.2
51   10   -584.2   -682.1   3397.3
51   11   -577.0   -1037.4   3313.3
51   12   -577.3   -1370.4   3314.1
51   13   -408.4   -689.8   3418.3
51   14   -424.6   -1044.5   3332.7
51   15   -424.4   -1377.6   3333.6
51   16   -522.4   -332.8   3202.4
51   17   -390.4   -337.3   3260.1
51   18   -495.0   -184.2   3496.5
52   0   -494.4   -80.6   3532.9
52   1   -494.7   -254.3   3486.1
52   2   -619.2   -256.1   3439.5
52   3   -660.9   -458.1   3326.6
52   4   -565.8   -348.2   3126.1
52   5   -366.4   -269.1   3506.9
52   6   -265.9   -457.8   3408.9
52   7   -363.5   -321.6   3215.3
52   8   -493.9   -475.1   3453.6
52   9   -495.9   -643.5   3420.2
52   10   -584.3   -682.1   3397.4
52   11   -577.4   -1040.5   3314.3
52   12   -577.7   -1373.4   3315.0
52   13   -408.4   -689.8   3418.2
52   14   -424.5   -1047.5   3333.0
52   15   -424.4   -1380.2   3333.0
52   16   -581.6   -366.5   3159.6
52   17   -347.2   -344.3   3247.6
52   18   -495.0   -184.2   3496.5
53   0   -494.4   -80.6   3532.9
53   1   -494.7   -254.3   3486.7
53   2   -619.7   -256.3   3440.8
53   3   -685.2   -457.2   3340.3
53   4   -633.4   -391.8   3103.6
53   5   -365.9   -268.5   3506.8
53   6   -254.4   -461.8   3436.3
53   7   -351.6   -340.2   3230.9
53   8   -493.9   -475.6   3455.8
53   9   -495.9   -643.8   3420.1
53   10   -584.3   -682.1   3397.3
53   11   -577.5   -1042.5   3312.3
53   12   -577.5   -1373.9   3310.3
53   13   -408.4   -689.8   3418.1
53   14   -424.5   -1049.9   3332.6
53   15   -424.6   -1381.6   3332.1
53   16   -642.0   -402.6   3143.1
53   17   -335.4   -360.4   3265.2
53   18   -495.0   -184.2   3496.5
54   0   -494.4   -80.7   3532.9
54   1   -494.7   -254.3   3487.1
54   2   -620.4   -256.4   3442.5
54   3   -706.6   -454.1   3351.6
54   4   -717.8   -435.7   3100.3
54   5   -365.5   -267.8   3506.8
54   6   -250.9   -465.8   3454.9
54   7   -387.2   -348.2   3276.4
54   8   -493.9   -476.0   3457.4
54   9   -495.9   -644.2   3420.0
54   10   -584.3   -682.1   3397.3
54   11   -578.0   -1044.3   3311.4
54   12   -578.4   -1375.4   3310.8
54   13   -408.4   -689.8   3418.1
54   14   -424.6   -1051.7   3332.2
54   15   -424.6   -1382.9   3331.8
54   16   -715.9   -438.8   3142.2
54   17   -364.5   -367.8   3306.1
54   18   -495.0   -184.2   3496.5
55   0   -494.4   -80.8   3532.9
55   1   -494.7   -254.3   3487.2
55   2   -621.7   -256.7   3446.3
55   3   -724.0   -443.0   3347.9
55   4   -829.7   -497.5   3142.3
55   5   -365.1   -267.1   3506.8
55   6   -237.7   -458.7   3459.8
55   7   -421.5   -359.8   3322.9
55   8   -493.9   -476.3   3457.9
55   9   -495.9   -644.7   3419.9
55   10   -584.3   -682.1   3397.3
55   11   -578.8   -1045.6   3310.7
55   12   -579.4   -1376.2   3310.3
55   13   -408.3   -689.8   3418.1
55   14   -424.6   -1053.1   3331.7
55   15   -424.7   -1383.6   3331.4
55   16   -812.3   -488.5   3176.6
55   17   -391.0   -376.3   3345.7
55   18   -495.0   -184.1   3496.5
56   0   -494.4   -80.8   3532.5
56   1   -494.7   -254.2   3487.0
56   2   -622.6   -256.6   3448.3
56   3   -736.8   -430.9   3341.1
56   4   -902.1   -537.7   3193.8
56   5   -364.5   -266.5   3501.0
56   6   -225.2   -448.6   3450.9
56   7   -442.8   -375.2   3346.4
56   8   -493.9   -476.6   3457.5
56   9   -495.9   -645.2   3419.8
56   10   -584.3   -682.0   3397.2
56   11   -579.7   -1046.4   3310.4
56   12   -580.4   -1376.2   3310.3
56   13   -408.3   -689.6   3418.0
56   14   -424.7   -1053.7   3331.2
56   15   -424.8   -1383.4   3330.7
56   16   -874.7   -520.0   3218.3
56   17   -406.6   -387.4   3363.8
56   18   -494.9   -184.1   3496.3
57   0   -494.4   -80.7   3530.1
57   1   -494.7   -254.2   3485.4
57   2   -623.6   -256.5   3448.9
57   3   -747.9   -428.1   3348.4
57   4   -934.8   -561.0   3225.4
57   5   -363.9   -265.7   3494.4
57   6   -216.5   -445.3   3467.8
57   7   -440.6   -394.2   3355.1
57   8   -493.9   -476.9   3456.5
57   9   -495.9   -645.8   3419.7
57   10   -584.3   -681.9   3397.2
57   11   -580.1   -1046.7   3310.2
57   12   -580.2   -1376.1   3310.2
57   13   -408.3   -689.6   3417.9
57   14   -424.8   -1054.0   3330.8
57   15   -424.8   -1383.5   3330.6
57   16   -903.7   -538.9   3245.9
57   17   -403.2   -402.7   3373.9
57   18   -494.9   -184.1   3494.6
58   0   -494.4   -80.8   3526.4
58   1   -494.7   -254.2   3482.6
58   2   -624.6   -256.4   3448.6
58   3   -753.4   -429.0   3355.4
58   4   -947.9   -572.6   3241.1
58   5   -363.2   -264.8   3491.9
58   6   -212.5   -443.6   3483.2
58   7   -432.2   -413.4   3349.3
58   8   -493.9   -477.3   3455.5
58   9   -495.9   -646.5   3419.6
58   10   -584.3   -681.6   3397.2
58   11   -580.2   -1046.8   3310.2
58   12   -556.3   -1367.4   3327.6
58   13   -408.3   -689.6   3417.7
58   14   -424.8   -1054.3   3330.6
58   15   -424.8   -1383.6   3330.6
58   16   -915.5   -548.7   3260.1
58   17   -395.6   -418.4   3371.6
58   18   -494.9   -184.1   3491.1
59   0   -494.4   -81.0   3522.2
59   1   -494.7   -254.2   3478.8
59   2   -625.1   -256.1   3444.6
59   3   -754.9   -431.0   3357.8
59   4   -949.2   -574.3   3244.5
59   5   -362.2   -263.1   3490.6
59   6   -212.9   -443.6   3484.3
59   7   -424.1   -437.8   3334.5
59   8   -493.9   -477.8   3454.4
59   9   -496.0   -647.2   3419.5
59   10   -584.4   -681.4   3397.1
59   11   -580.1   -1046.7   3310.2
59   12   -554.0   -1371.5   3328.3
59   13   -408.4   -689.6   3417.6
59   14   -424.8   -1054.5   3330.4
59   15   -424.8   -1383.6   3330.4
59   16   -916.8   -550.4   3263.4
59   17   -388.9   -438.8   3359.5
59   18   -494.9   -184.1   3486.5
60   0   -494.4   -81.2   3518.1
60   1   -494.7   -254.2   3475.1
60   2   -625.4   -255.7   3439.5
60   3   -754.5   -432.2   3355.7
60   4   -945.6   -570.5   3240.4
60   5   -361.3   -261.6   3489.8
60   6   -215.5   -444.6   3480.2
60   7   -417.9   -468.7   3323.3
60   8   -493.9   -478.0   3453.3
60   9   -496.0   -647.6   3419.4
60   10   -584.5   -681.1   3397.1
60   11   -580.1   -1046.4   3310.3
60   12   -554.7   -1373.5   3320.1
60   13   -408.5   -689.6   3417.2
60   14   -424.8   -1054.6   3330.3
60   15   -424.9   -1383.4   3330.3
60   16   -913.8   -547.4   3259.6
60   17   -384.2   -464.7   3349.5
60   18   -494.9   -184.1   3481.9
61   0   -494.3   -81.8   3516.5
61   1   -494.7   -254.2   3472.3
61   2   -625.8   -255.4   3436.5
61   3   -752.5   -430.6   3347.3
61   4   -939.8   -554.8   3219.5
61   5   -360.8   -260.8   3489.8
61   6   -217.0   -445.0   3478.1
61   7   -408.4   -503.9   3319.1
61   8   -493.9   -478.0   3452.0
61   9   -496.0   -647.8   3419.5
61   10   -584.6   -680.6   3397.1
61   11   -580.2   -1045.9   3310.5
61   12   -549.8   -1373.2   3320.8
61   13   -408.6   -689.6   3416.7
61   14   -424.9   -1054.6   3330.3
61   15   -424.8   -1383.1   3330.4
61   16   -908.6   -534.1   3240.8
61   17   -376.5   -494.1   3345.6
61   18   -494.9   -184.1   3478.7
62   0   -493.5   -82.4   3516.7
62   1   -494.3   -254.2   3470.5
62   2   -625.7   -255.2   3434.6
62   3   -752.3   -425.0   3336.3
62   4   -942.1   -519.7   3194.4
62   5   -360.0   -260.4   3489.9
62   6   -216.1   -444.0   3474.9
62   7   -206.9   -526.3   3315.6
62   8   -493.9   -477.8   3450.7
62   9   -496.0   -647.7   3419.5
62   10   -584.7   -680.1   3397.1
62   11   -580.3   -1045.0   3310.9
62   12   -553.6   -1372.6   3310.7
62   13   -408.7   -689.5   3416.0
62   14   -424.9   -1054.2   3329.9
62   15   -424.9   -1382.0   3329.5
62   16   -910.5   -504.0   3218.0
62   17   -208.4   -512.6   3342.2
62   18   -494.4   -184.1   3476.8
63   0   -492.3   -82.8   3517.5
63   1   -493.8   -254.1   3469.5
63   2   -625.7   -255.0   3434.6
63   3   -758.4   -406.6   3318.9
63   4   -960.8   -451.5   3176.1
63   5   -359.2   -260.7   3490.1
63   6   -211.0   -440.0   3470.7
63   7   -83.6   -518.6   3317.8
63   8   -493.9   -477.5   3449.3
63   9   -496.0   -647.5   3419.6
63   10   -584.9   -679.5   3397.0
63   11   -580.3   -1044.0   3311.2
63   12   -580.3   -1371.3   3311.5
63   13   -408.8   -689.4   3415.3
63   14   -424.9   -1053.7   3329.7
63   15   -424.9   -1381.3   3329.7
63   16   -927.1   -444.0   3199.9
63   17   -104.8   -505.5   3343.3
63   18   -493.7   -184.0   3475.8
64   0   -490.7   -82.9   3518.2
64   1   -493.1   -253.9   3468.9
64   2   -625.7   -254.7   3435.6
64   3   -769.0   -380.6   3304.3
64   4   -976.7   -419.3   3163.3
64   5   -358.3   -261.1   3490.2
64   6   -198.3   -428.3   3465.4
64   7   -16.0   -484.3   3309.2
64   8   -493.9   -477.2   3448.0
64   9   -496.0   -647.2   3419.7
64   10   -585.0   -678.7   3396.9
64   11   -580.3   -1042.8   3311.6
64   12   -580.3   -1369.8   3311.9
64   13   -408.9   -689.3   3414.4
64   14   -424.9   -1053.2   3329.6
64   15   -425.0   -1380.5   3329.5
64   16   -942.1   -412.9   3186.8
64   17   -46.3   -475.0   3335.2
64   18   -492.8   -184.0   3475.4
65   0   -489.4   -82.9   3518.8
65   1   -492.4   -253.8   3468.7
65   2   -625.7   -254.4   3437.2
65   3   -781.1   -350.1   3295.0
65   4   -989.2   -387.1   3152.5
65   5   -357.4   -261.6   3490.5
65   6   -181.3   -409.5   3459.7
65   7   32.0   -455.2   3317.3
65   8   -493.9   -476.9   3447.7
65   9   -495.9   -646.9   3419.8
65   10   -585.0   -678.4   3396.9
65   11   -580.3   -1042.3   3311.8
65   12   -580.3   -1369.5   3311.9
65   13   -409.0   -689.1   3414.1
65   14   -424.9   -1052.9   3329.9
65   15   -424.8   -1380.3   3330.2
65   16   -954.6   -381.0   3176.2
65   17   -3.6   -447.6   3341.0
65   18   -491.9   -183.9   3475.3
66   0   -488.9   -82.7   3519.3
66   1   -491.8   -253.7   3469.5
66   2   -626.0   -254.2   3439.9
66   3   -792.0   -321.7   3292.6
66   4   -980.5   -304.4   3130.0
66   5   -357.0   -262.0   3493.0
66   6   -165.3   -387.9   3459.1
66   7   42.0   -391.3   3301.8
66   8   -494.0   -476.7   3449.5
66   9   -495.9   -646.4   3419.8
66   10   -584.9   -678.3   3396.9
66   11   -580.2   -1042.4   3312.3
66   12   -580.1   -1370.0   3312.7
66   13   -409.1   -689.1   3414.0
66   14   -424.8   -1053.1   3330.3
66   15   -424.8   -1380.5   3330.6
66   16   -949.1   -307.3   3157.1
66   17   7.5   -390.8   3328.0
66   18   -491.2   -183.9   3475.7
67   0   -488.9   -82.3   3519.7
67   1   -491.5   -253.7   3471.1
67   2   -626.4   -254.0   3442.9
67   3   -799.4   -291.3   3292.4
67   4   -936.7   -197.4   3117.5
67   5   -357.0   -261.8   3498.6
67   6   -148.6   -354.1   3461.2
67   7   41.0   -323.4   3288.4
67   8   -494.0   -476.7   3453.4
67   9   -495.9   -645.7   3419.8
67   10   -584.8   -678.2   3396.9
67   11   -580.1   -1043.1   3312.9
67   12   -580.1   -1370.7   3313.2
67   13   -409.2   -688.9   3414.0
67   14   -424.8   -1053.6   3330.5
67   15   -424.8   -1381.0   3330.5
67   16   -913.9   -213.1   3146.6
67   17   9.4   -328.5   3317.2
67   18   -490.7   -183.8   3476.7
68   0   -489.3   -82.0   3520.1
68   1   -491.3   -253.6   3473.1
68   2   -627.3   -251.7   3444.1
68   3   -807.0   -257.1   3296.8
68   4   -886.8   -111.7   3116.4
68   5   -355.7   -259.5   3501.6
68   6   -133.9   -312.4   3467.3
68   7   31.1   -232.2   3290.7
68   8   -494.0   -476.2   3457.9
68   9   -495.9   -644.9   3419.8
68   10   -584.7   -678.2   3396.9
68   11   -580.2   -1043.9   3314.0
68   12   -580.2   -1371.2   3314.8
68   13   -409.2   -688.7   3414.0
68   14   -424.8   -1054.0   3330.6
68   15   -424.8   -1380.9   3330.7
68   16   -873.5   -136.0   3146.4
68   17   3.6   -245.6   3320.1
68   18   -490.5   -183.7   3477.9
69   0   -489.7   -81.5   3520.3
69   1   -491.3   -253.4   3475.1
69   2   -629.0   -247.0   3444.5
69   3   -809.2   -213.7   3302.5
69   4   -839.7   -34.5   3128.7
69   5   -352.9   -253.9   3503.1
69   6   -125.5   -255.5   3471.7
69   7   25.0   -133.5   3307.0
69   8   -494.0   -475.0   3462.2
69   9   -495.9   -644.1   3419.9
69   10   -584.5   -678.1   3396.9
69   11   -580.2   -1044.7   3315.2
69   12   -580.2   -1371.7   3315.9
69   13   -409.3   -688.4   3414.0
69   14   -424.8   -1054.4   3330.8
69   15   -424.8   -1381.0   3330.9
69   16   -834.6   -64.4   3157.6
69   17   -0.1   -153.9   3334.4
69   18   -490.4   -183.5   3479.1
70   0   -490.2   -80.2   3520.9
70   1   -491.2   -251.5   3476.4
70   2   -631.0   -239.3   3444.3
70   3   -804.5   -161.6   3313.4
70   4   -806.5   47.8   3168.0
70   5   -349.3   -243.9   3503.7
70   6   -125.4   -196.6   3477.5
70   7   8.6   -26.7   3350.1
70   8   -494.1   -471.3   3465.4
70   9   -495.9   -639.7   3420.4
70   10   -583.8   -677.6   3397.0
70   11   -580.2   -1041.4   3316.3
70   12   -580.2   -1364.6   3317.1
70   13   -410.0   -687.5   3414.1
70   14   -424.6   -1050.7   3332.0
70   15   -424.4   -1373.7   3332.9
70   16   -806.2   12.9   3192.3
70   17   -13.8   -55.0   3371.3
70   18   -490.3   -181.7   3479.9
71   0   -491.0   -75.9   3520.3
71   1   -491.3   -246.8   3476.8
71   2   -632.6   -228.4   3443.9
71   3   -800.6   -112.9   3335.3
71   4   -781.4   115.6   3219.8
71   5   -348.2   -236.7   3501.6
71   6   -139.8   -140.7   3502.9
71   7   -64.6   77.3   3419.7
71   8   -494.1   -464.8   3466.0
71   9   -495.8   -633.9   3419.5
71   10   -580.9   -674.3   3397.7
71   11   -580.0   -1033.9   3317.8
71   12   -579.8   -1353.8   3318.8
71   13   -413.1   -683.4   3414.4
71   14   -424.4   -1042.7   3333.9
71   15   -424.2   -1362.1   3335.3
71   16   -784.6   77.5   3239.0
71   17   -77.2   41.0   3433.6
71   18   -490.3   -177.1   3480.3
72   0   -491.9   -68.2   3517.4
72   1   -491.3   -239.2   3476.7
72   2   -632.9   -216.8   3443.8
72   3   -786.6   -63.3   3367.4
72   4   -785.5   177.0   3278.7
72   5   -347.2   -225.4   3496.7
72   6   -172.0   -79.9   3519.5
72   7   -105.9   156.7   3457.9
72   8   -494.1   -455.5   3465.0
72   9   -495.7   -625.5   3417.9
72   10   -578.1   -665.5   3398.5
72   11   -579.6   -1021.0   3320.2
72   12   -579.3   -1336.8   3321.9
72   13   -416.1   -674.0   3414.7
72   14   -424.2   -1029.4   3336.7
72   15   -424.0   -1345.1   3338.7
72   16   -785.7   137.0   3293.5
72   17   -117.0   117.3   3468.1
72   18   -490.3   -169.5   3480.4
73   0   -493.0   -57.5   3511.5
73   1   -491.3   -229.3   3476.2
73   2   -632.4   -203.4   3443.9
73   3   -764.1   -21.1   3388.4
73   4   -802.4   219.3   3317.4
73   5   -347.0   -211.9   3492.2
73   6   -207.2   -32.9   3534.6
73   7   -121.6   204.8   3508.5
73   8   -494.1   -444.0   3463.1
73   9   -495.5   -615.2   3416.9
73   10   -577.9   -651.4   3398.5
73   11   -579.3   -1003.5   3323.4
73   12   -579.0   -1316.5   3325.5
73   13   -415.6   -659.6   3414.7
73   14   -423.5   -1011.7   3340.2
73   15   -423.1   -1324.7   3342.6
73   16   -796.1   179.2   3329.2
73   17   -135.8   165.2   3512.8
73   18   -490.4   -159.6   3480.5
74   0   -494.1   -46.9   3504.6
74   1   -491.3   -218.7   3475.3
74   2   -632.3   -193.2   3444.0
74   3   -749.4   2.0   3391.9
74   4   -816.0   240.2   3335.4
74   5   -347.6   -201.5   3496.7
74   6   -223.7   -8.1   3543.0
74   7   -124.8   227.2   3534.1
74   8   -494.1   -431.6   3459.7
74   9   -495.3   -604.4   3416.6
74   10   -578.3   -637.7   3398.2
74   11   -578.9   -987.0   3325.2
74   12   -578.6   -1301.7   3326.1
74   13   -413.2   -643.8   3414.5
74   14   -422.6   -993.3   3343.5
74   15   -421.9   -1306.6   3345.6
74   16   -804.9   200.4   3344.8
74   17   -141.2   188.0   3535.6
74   18   -490.4   -149.2   3480.5
75   0   -495.4   -38.4   3498.6
75   1   -491.3   -210.2   3474.1
75   2   -631.4   -189.6   3444.3
75   3   -746.7   5.7   3388.8
75   4   -818.1   244.5   3337.9
75   5   -349.4   -197.2   3502.6
75   6   -219.5   -6.1   3539.5
75   7   -129.6   233.0   3541.0
75   8   -494.0   -421.6   3455.0
75   9   -495.0   -596.2   3417.6
75   10   -576.9   -634.1   3398.1
75   11   -578.0   -980.5   3324.9
75   12   -577.4   -1304.2   3324.0
75   13   -413.7   -639.5   3414.6
75   14   -422.3   -986.6   3344.8
75   15   -422.3   -1310.3   3345.0
75   16   -806.2   204.7   3346.4
75   17   -144.6   193.1   3540.8
75   18   -490.4   -140.8   3480.4
76   0   -496.8   -35.5   3497.6
76   1   -491.2   -206.5   3472.7
76   2   -628.9   -191.1   3445.0
76   3   -750.9   -3.0   3384.1
76   4   -815.2   236.3   3327.3
76   5   -353.1   -196.3   3511.3
76   6   -205.3   -19.3   3526.0
76   7   -126.6   223.3   3528.5
76   8   -493.8   -417.2   3449.4
76   9   -494.6   -592.9   3418.7
76   10   -577.1   -633.7   3396.8
76   11   -577.4   -977.6   3322.2
76   12   -577.1   -1302.8   3319.7
76   13   -412.1   -638.5   3414.4
76   14   -421.7   -983.5   3345.3
76   15   -442.2   -1343.0   3342.7
76   16   -804.5   196.4   3336.8
76   17   -139.7   182.8   3528.1
76   18   -490.4   -137.3   3480.4
77   0   -498.2   -38.2   3502.0
77   1   -491.2   -207.4   3471.5
77   2   -626.5   -195.4   3445.7
77   3   -757.5   -16.5   3380.0
77   4   -818.4   218.9   3309.2
77   5   -356.8   -200.5   3515.7
77   6   -196.7   -34.6   3522.2
77   7   -111.0   204.4   3516.8
77   8   -493.7   -418.0   3444.5
77   9   -494.3   -594.2   3418.8
77   10   -578.6   -635.7   3393.9
77   11   -577.1   -977.8   3319.0
77   12   -577.0   -1304.1   3316.5
77   13   -409.4   -640.8   3414.0
77   14   -421.0   -984.0   3345.1
77   15   -432.9   -1321.3   3317.0
77   16   -808.2   179.7   3321.0
77   17   -125.3   164.5   3517.7
77   18   -490.4   -138.4   3480.4
78   0   -499.5   -46.0   3511.1
78   1   -491.2   -211.7   3470.7
78   2   -624.9   -200.9   3446.4
78   3   -762.1   -29.2   3376.1
78   4   -839.5   197.3   3301.3
78   5   -360.7   -209.2   3517.8
78   6   -198.1   -45.4   3520.3
78   7   -101.5   185.5   3501.4
78   8   -493.6   -423.0   3440.9
78   9   -494.0   -598.9   3418.1
78   10   -580.8   -638.6   3389.4
78   11   -576.6   -979.3   3314.6
78   12   -562.2   -1336.4   3311.3
78   13   -406.1   -645.4   3413.4
78   14   -420.2   -987.1   3344.4
78   15   -429.0   -1311.9   3298.8
78   16   -826.6   159.6   3313.8
78   17   -117.6   147.0   3504.6
78   18   -490.4   -142.9   3480.4
79   0   -500.3   -56.9   3520.9
79   1   -491.1   -217.4   3470.8
79   2   -624.1   -205.9   3447.1
79   3   -765.4   -38.9   3374.4
79   4   -853.1   178.2   3290.3
79   5   -362.9   -216.4   3518.8
79   6   -195.6   -57.6   3519.3
79   7   -100.0   168.3   3479.4
79   8   -493.5   -430.0   3440.3
79   9   -493.7   -605.2   3416.3
79   10   -582.8   -641.6   3384.9
79   11   -576.1   -981.4   3311.4
79   12   -567.1   -1317.7   3311.6
79   13   -403.7   -651.4   3412.7
79   14   -419.6   -991.8   3343.4
79   15   -428.3   -1311.7   3294.1
79   16   -838.5   142.0   3304.3
79   17   -115.9   130.6   3486.1
79   18   -490.4   -148.7   3480.6
80   0   -500.9   -66.2   3527.6
80   1   -491.2   -222.8   3471.3
80   2   -624.2   -208.3   3447.5
80   3   -772.5   -50.8   3369.1
80   4   -852.5   163.2   3268.6
80   5   -364.6   -222.9   3518.8
80   6   -191.1   -71.3   3516.6
80   7   -101.6   152.5   3453.5
80   8   -493.4   -436.5   3441.1
80   9   -493.4   -610.9   3413.2
80   10   -583.5   -644.7   3380.6
80   11   -575.8   -983.9   3309.2
80   12   -569.2   -1310.2   3310.5
80   13   -402.9   -657.0   3411.7
80   14   -419.2   -996.3   3342.3
80   15   -429.2   -1314.9   3295.1
80   16   -839.2   127.5   3285.4
80   17   -116.5   115.2   3464.0
80   18   -490.4   -154.2   3481.0
81   0   -501.5   -72.5   3531.3
81   1   -491.2   -227.6   3473.0
81   2   -624.3   -209.8   3447.9
81   3   -784.3   -74.3   3356.1
81   4   -842.4   146.4   3253.5
81   5   -365.7   -228.1   3519.8
81   6   -181.4   -91.7   3507.8
81   7   -109.9   132.5   3423.2
81   8   -493.4   -441.8   3442.8
81   9   -493.2   -615.4   3410.2
81   10   -583.7   -648.0   3378.9
81   11   -575.8   -986.5   3308.2
81   12   -570.3   -1309.2   3309.8
81   13   -403.5   -661.9   3410.5
81   14   -419.2   -1000.3   3341.0
81   15   -430.7   -1319.8   3300.0
81   16   -832.7   109.6   3270.6
81   17   -121.8   95.1   3437.3
81   18   -490.5   -159.0   3482.7
82   0   -502.2   -76.6   3534.6
82   1   -491.2   -232.0   3476.2
82   2   -623.1   -213.8   3448.9
82   3   -794.2   -117.4   3335.8
82   4   -813.5   111.6   3239.4
82   5   -367.0   -234.7   3521.1
82   6   -170.0   -131.8   3478.0
82   7   -139.4   96.4   3382.6
82   8   -493.4   -446.2   3444.3
82   9   -493.1   -619.2   3407.4
82   10   -583.1   -653.2   3378.8
82   11   -575.9   -990.9   3307.6
82   12   -567.6   -1312.6   3309.9
82   13   -405.3   -667.7   3408.8
82   14   -419.6   -1005.5   3339.2
82   15   -431.4   -1326.1   3306.1
82   16   -810.3   73.4   3255.5
82   17   -144.5   58.3   3398.5
82   18   -490.5   -163.5   3486.4
83   0   -502.9   -79.8   3538.3
83   1   -491.2   -236.2   3480.2
83   2   -621.5   -220.7   3453.1
83   3   -795.1   -167.3   3318.1
83   4   -760.4   57.6   3220.9
83   5   -367.8   -241.4   3521.5
83   6   -167.6   -183.1   3439.4
83   7   -202.4   41.0   3344.2
83   8   -493.4   -449.9   3445.6
83   9   -493.1   -622.7   3405.8
83   10   -581.8   -660.2   3379.4
83   11   -576.1   -997.1   3306.9
83   12   -568.6   -1319.2   3309.4
83   13   -407.1   -673.4   3406.7
83   14   -420.1   -1010.7   3337.2
83   15   -431.6   -1332.5   3308.8
83   16   -766.2   20.1   3237.1
83   17   -196.6   3.7   3360.0
83   18   -490.6   -167.9   3491.3
84   0   -503.8   -81.9   3541.3
84   1   -491.8   -240.2   3484.1
84   2   -620.2   -229.0   3458.8
84   3   -788.8   -226.0   3307.7
84   4   -682.2   -40.5   3195.0
84   5   -368.5   -246.7   3521.1
84   6   -183.3   -229.0   3396.0
84   7   -310.9   -41.0   3333.5
84   8   -493.4   -453.4   3446.9
84   9   -493.1   -626.0   3405.2
84   10   -580.4   -668.1   3380.3
84   11   -576.1   -1004.1   3306.1
84   12   -567.6   -1326.6   3310.0
84   13   -407.5   -678.1   3405.0
84   14   -420.4   -1014.9   3335.3
84   15   -420.7   -1340.8   3334.2
84   16   -700.0   -71.4   3213.7
84   17   -289.7   -72.3   3343.9
84   18   -491.2   -172.0   3496.0
85   0   -504.6   -83.0   3541.4
85   1   -492.6   -243.8   3486.8
85   2   -618.9   -234.9   3458.3
85   3   -763.4   -281.2   3290.2
85   4   -597.7   -123.0   3205.4
85   5   -369.2   -252.0   3511.8
85   6   -214.1   -304.3   3362.6
85   7   -371.8   -117.4   3342.0
85   8   -493.4   -456.8   3448.1
85   9   -493.0   -629.0   3404.8
85   10   -581.3   -668.2   3380.8
85   11   -576.2   -1003.8   3306.2
85   12   -566.2   -1326.5   3310.4
85   13   -406.8   -678.5   3404.2
85   14   -420.5   -1015.0   3334.7
85   15   -420.5   -1337.1   3334.7
85   16   -625.3   -149.4   3219.6
85   17   -345.5   -148.6   3345.5
85   18   -492.3   -175.8   3499.2
86   0   -505.1   -83.5   3538.6
86   1   -493.4   -246.5   3486.5
86   2   -617.0   -239.0   3450.8
86   3   -719.1   -349.4   3285.7
86   4   -541.9   -182.2   3229.3
86   5   -372.1   -257.9   3494.6
86   6   -248.8   -382.2   3359.0
86   7   -419.2   -197.5   3339.5
86   8   -493.4   -459.6   3448.9
86   9   -493.1   -631.3   3404.6
86   10   -579.3   -674.6   3382.1
86   11   -576.0   -1012.2   3304.2
86   12   -563.3   -1336.2   3309.5
86   13   -406.8   -680.2   3403.9
86   14   -420.9   -1019.1   3333.7
86   15   -421.2   -1347.7   3333.2
86   16   -571.4   -210.0   3238.7
86   17   -390.8   -228.3   3342.7
86   18   -493.4   -178.4   3498.6
87   0   -505.5   -83.9   3534.9
87   1   -494.4   -248.3   3484.5
87   2   -616.4   -243.6   3445.9
87   3   -678.3   -396.8   3290.3
87   4   -490.7   -232.7   3245.5
87   5   -373.6   -261.0   3485.9
87   6   -283.6   -431.3   3365.0
87   7   -454.0   -261.3   3300.1
87   8   -493.5   -462.0   3449.5
87   9   -493.1   -633.1   3404.9
87   10   -578.4   -679.0   3383.2
87   11   -575.9   -1019.0   3303.2
87   12   -552.0   -1342.7   3308.9
87   13   -407.3   -683.1   3403.8
87   14   -421.4   -1024.8   3332.4
87   15   -421.8   -1353.7   3331.6
87   16   -522.0   -260.0   3253.0
87   17   -425.6   -289.6   3310.9
87   18   -494.7   -180.1   3495.6
88   0   -505.6   -84.7   3532.9
88   1   -495.3   -249.3   3482.0
88   2   -616.8   -246.3   3441.4
88   3   -655.2   -425.2   3299.7
88   4   -460.0   -272.2   3247.2
88   5   -374.2   -262.1   3482.4
88   6   -309.7   -456.3   3372.2
88   7   -467.5   -317.0   3247.5
88   8   -493.5   -463.6   3449.7
88   9   -493.1   -634.2   3405.5
88   10   -578.7   -681.0   3384.2
88   11   -576.0   -1023.9   3304.5
88   12   -535.9   -1345.8   3308.8
88   13   -407.1   -684.9   3403.9
88   14   -421.8   -1029.1   3331.5
88   15   -422.0   -1355.9   3331.1
88   16   -492.5   -297.7   3256.0
88   17   -441.2   -340.2   3268.3
88   18   -495.9   -181.0   3492.3
89   0   -505.7   -85.6   3531.6
89   1   -496.4   -249.8   3479.1
89   2   -617.9   -247.5   3436.8
89   3   -645.9   -439.9   3307.6
89   4   -447.1   -292.6   3253.6
89   5   -374.5   -262.1   3481.6
89   6   -323.3   -464.3   3374.8
89   7   -468.4   -333.8   3220.2
89   8   -493.6   -464.6   3449.7
89   9   -493.1   -635.0   3406.5
89   10   -579.3   -681.5   3385.2
89   11   -576.1   -1028.7   3308.3
89   12   -519.6   -1347.7   3309.2
89   13   -406.7   -685.7   3404.1
89   14   -422.3   -1033.3   3330.5
89   15   -422.5   -1359.6   3330.0
89   16   -480.3   -317.1   3262.6
89   17   -444.3   -355.5   3245.9
89   18   -497.2   -181.4   3488.5
90   0   -505.7   -86.6   3530.7
90   1   -497.4   -250.0   3476.2
90   2   -619.1   -248.0   3431.6
90   3   -642.1   -445.1   3308.7
90   4   -447.2   -293.4   3256.4
90   5   -374.8   -261.6   3482.0
90   6   -327.5   -466.5   3379.8
90   7   -469.9   -352.8   3206.3
90   8   -493.7   -465.4   3449.6
90   9   -493.1   -636.1   3409.9
90   10   -579.5   -681.2   3386.9
90   11   -576.2   -1032.7   3313.0
90   12   -504.5   -1348.4   3309.8
90   13   -406.5   -686.0   3404.9
90   14   -422.7   -1037.0   3330.1
90   15   -422.9   -1362.5   3330.1
90   16   -479.7   -318.6   3265.2
90   17   -446.2   -371.7   3235.2
90   18   -498.6   -181.5   3484.7
91   0   -505.8   -87.4   3530.1
91   1   -498.4   -250.1   3474.0
91   2   -620.5   -248.1   3427.6
91   3   -640.1   -444.8   3305.6
91   4   -451.2   -286.0   3255.6
91   5   -375.0   -260.9   3482.8
91   6   -328.4   -463.5   3379.2
91   7   -464.6   -343.6   3203.6
91   8   -493.8   -465.8   3449.5
91   9   -493.2   -637.4   3416.4
91   10   -579.0   -680.5   3389.6
91   11   -576.4   -1034.4   3316.3
91   12   -492.7   -1346.9   3310.4
91   13   -406.7   -686.2   3407.1
91   14   -422.7   -1039.2   3331.2
91   15   -422.7   -1363.2   3332.3
91   16   -482.7   -312.5   3263.9
91   17   -441.9   -363.6   3232.8
91   18   -499.9   -181.5   3481.8
92   0   -505.8   -88.0   3529.8
92   1   -499.4   -250.1   3472.5
92   2   -622.0   -248.1   3424.6
92   3   -638.0   -441.1   3298.7
92   4   -453.6   -276.4   3253.7
92   5   -375.3   -260.2   3483.1
92   6   -328.6   -457.3   3372.5
92   7   -456.7   -316.5   3208.6
92   8   -493.8   -466.0   3449.5
92   9   -493.2   -638.5   3424.2
92   10   -578.2   -679.6   3393.2
92   11   -576.6   -1034.9   3318.0
92   12   -576.7   -1357.6   3318.6
92   13   -407.2   -686.6   3411.2
92   14   -422.6   -1041.0   3333.2
92   15   -422.5   -1364.8   3334.8
92   16   -484.3   -303.8   3261.2
92   17   -435.3   -340.0   3235.9
92   18   -501.2   -181.4   3479.8
93   0   -505.8   -88.3   3529.4
93   1   -500.1   -250.1   3471.1
93   2   -623.7   -248.2   3423.3
93   3   -637.9   -440.9   3298.1
93   4   -460.3   -269.5   3251.6
93   5   -375.3   -259.8   3483.0
93   6   -328.3   -451.3   3364.8
93   7   -454.2   -291.1   3219.3
93   8   -493.9   -466.2   3449.4
93   9   -493.2   -639.1   3430.1
93   10   -577.5   -678.9   3396.5
93   11   -576.8   -1035.6   3319.0
93   12   -576.9   -1358.6   3319.0
93   13   -407.8   -687.2   3415.3
93   14   -422.6   -1043.0   3335.1
93   15   -422.6   -1366.9   3336.4
93   16   -489.9   -298.1   3259.3
93   17   -433.2   -317.8   3243.6
93   18   -502.1   -181.4   3478.0
94   0   -505.7   -87.3   3525.2
94   1   -500.6   -250.1   3469.7
94   2   -625.0   -248.8   3422.4
94   3   -638.2   -436.7   3291.2
94   4   -464.1   -260.1   3252.8
94   5   -375.3   -259.7   3482.0
94   6   -328.0   -445.7   3356.3
94   7   -457.5   -271.1   3232.3
94   8   -494.0   -466.5   3449.6
94   9   -493.4   -639.4   3433.5
94   10   -577.0   -678.6   3398.1
94   11   -577.1   -1036.6   3318.6
94   12   -577.4   -1359.8   3317.8
94   13   -408.8   -688.1   3417.1
94   14   -422.7   -1045.7   3337.2
94   15   -422.7   -1370.0   3338.5
94   16   -493.1   -289.5   3259.2
94   17   -435.9   -300.2   3253.0
94   18   -502.7   -181.4   3476.1
95   0   -505.6   -85.7   3517.7
95   1   -501.1   -250.1   3467.9
95   2   -626.3   -249.8   3421.6
95   3   -639.2   -433.4   3284.9
95   4   -470.9   -249.5   3256.1
95   5   -375.3   -259.8   3480.1
95   6   -327.5   -440.2   3347.1
95   7   -459.3   -251.6   3248.7
95   8   -494.2   -466.7   3450.0
95   9   -493.7   -639.5   3434.9
95   10   -576.8   -678.5   3398.6
95   11   -577.5   -1037.6   3317.6
95   12   -577.7   -1360.8   3316.5
95   13   -409.6   -688.4   3417.6
95   14   -422.7   -1047.8   3339.2
95   15   -422.8   -1371.6   3340.4
95   16   -499.0   -280.1   3260.9
95   17   -437.3   -283.0   3265.1
95   18   -503.2   -181.4   3473.5
96   0   -503.6   -83.9   3507.6
96   1   -501.4   -250.2   3466.2
96   2   -627.3   -250.7   3421.0
96   3   -641.2   -430.6   3279.6
96   4   -496.6   -227.8   3261.8
96   5   -375.2   -259.6   3479.0
96   6   -326.3   -438.5   3344.4
96   7   -449.3   -236.2   3261.5
96   8   -494.4   -466.9   3450.5
96   9   -494.1   -639.5   3435.3
96   10   -576.9   -678.5   3398.4
96   11   -577.9   -1038.5   3316.4
96   12   -578.1   -1361.5   3315.5
96   13   -410.2   -688.3   3417.3
96   14   -422.8   -1049.0   3339.8
96   15   -422.9   -1371.9   3339.7
96   16   -520.7   -261.6   3264.7
96   17   -428.8   -269.9   3275.3
96   18   -503.5   -181.4   3471.2
97   0   -499.6   -83.2   3500.7
97   1   -501.5   -250.2   3465.8
97   2   -628.9   -251.8   3425.7
97   3   -644.0   -424.2   3275.7
97   4   -532.5   -202.1   3267.6
97   5   -375.0   -259.1   3478.6
97   6   -323.5   -439.8   3347.5
97   7   -421.9   -221.3   3275.6
97   8   -494.7   -467.0   3451.1
97   9   -494.5   -639.4   3434.3
97   10   -577.2   -678.7   3397.8
97   11   -578.0   -1039.4   3315.4
97   12   -578.1   -1362.3   3314.8
97   13   -410.6   -688.0   3416.8
97   14   -422.9   -1049.7   3339.6
97   15   -422.9   -1372.2   3339.1
97   16   -551.1   -239.1   3268.9
97   17   -405.5   -257.8   3287.6
97   18   -503.7   -181.4   3470.5
98   0   -497.0   -83.6   3500.2
98   1   -501.7   -250.2   3467.5
98   2   -631.6   -253.1   3441.5
98   3   -648.0   -412.7   3278.5
98   4   -562.1   -178.9   3262.4
98   5   -375.0   -258.4   3480.0
98   6   -319.1   -437.7   3348.8
98   7   -397.6   -207.7   3288.0
98   8   -495.0   -467.0   3451.7
98   9   -495.0   -639.1   3432.6
98   10   -577.8   -678.7   3397.0
98   11   -578.1   -1040.3   3315.2
98   12   -578.1   -1363.1   3315.2
98   13   -410.7   -687.6   3416.5
98   14   -423.0   -1050.0   3339.6
98   15   -423.0   -1372.2   3339.5
98   16   -576.4   -217.9   3265.1
98   17   -384.5   -246.1   3298.1
98   18   -503.8   -181.4   3472.6
99   0   -495.8   -84.8   3506.8
99   1   -501.7   -250.1   3471.4
99   2   -633.0   -253.7   3456.5
99   3   -652.5   -402.1   3283.3
99   4   -572.6   -167.9   3246.6
99   5   -374.9   -257.5   3481.6
99   6   -313.2   -435.0   3350.4
99   7   -383.5   -199.4   3298.5
99   8   -495.3   -467.0   3452.1
99   9   -495.4   -638.4   3429.4
99   10   -578.6   -677.9   3396.1
99   11   -577.9   -1040.4   3315.1
99   12   -577.7   -1362.6   3315.2
99   13   -410.9   -686.1   3416.3
99   14   -423.0   -1049.2   3339.3
99   15   -423.0   -1370.7   3339.0
99   16   -585.9   -206.9   3252.7
99   17   -371.8   -238.7   3307.2
99   18   -503.8   -181.4   3477.4
100   0   -495.3   -86.2   3515.2
100   1   -501.8   -250.0   3475.3
100   2   -632.2   -253.1   3457.0
100   3   -655.1   -401.0   3283.4
100   4   -575.9   -164.8   3253.0
100   5   -375.0   -256.9   3479.5
100   6   -309.8   -435.4   3351.4
100   7   -378.4   -198.3   3302.9
100   8   -495.5   -467.1   3452.4
100   9   -495.8   -637.3   3425.0
100   10   -579.4   -677.6   3395.1
100   11   -577.6   -1040.9   3315.0
100   12   -577.4   -1363.5   3315.0
100   13   -410.9   -684.3   3416.3
100   14   -423.0   -1048.0   3338.8
100   15   -423.0   -1369.3   3338.4
100   16   -589.1   -204.2   3258.1
100   17   -367.0   -237.8   3311.0
100   18   -503.8   -181.4   3482.5
101   0   -495.2   -87.0   3521.5
101   1   -501.9   -249.9   3478.2
101   2   -629.6   -251.4   3448.5
101   3   -655.9   -406.6   3282.3
101   4   -560.9   -175.8   3268.5
101   5   -375.0   -256.6   3478.6
101   6   -308.3   -436.7   3353.5
101   7   -384.0   -202.8   3301.9
101   8   -495.8   -467.2   3452.6
101   9   -496.2   -636.5   3421.4
101   10   -580.0   -678.2   3394.3
101   11   -577.7   -1042.2   3314.7
101   12   -577.8   -1365.4   3314.6
101   13   -411.2   -683.7   3416.2
101   14   -423.0   -1047.8   3338.1
101   15   -423.0   -1370.1   3337.6
101   16   -576.7   -214.3   3270.8
101   17   -371.4   -241.8   3310.5
101   18   -503.8   -181.4   3486.3
102   0   -495.2   -86.8   3521.3
102   1   -501.9   -249.9   3478.3
102   2   -625.5   -249.1   3433.4
102   3   -655.5   -417.7   3282.3
102   4   -525.8   -206.7   3269.1
102   5   -374.7   -257.1   3478.1
102   6   -308.1   -438.3   3354.6
102   7   -411.9   -218.4   3299.1
102   8   -496.0   -467.4   3451.6
102   9   -496.4   -636.5   3419.3
102   10   -580.5   -680.0   3393.4
102   11   -577.9   -1044.1   3314.3
102   12   -578.1   -1367.7   3314.1
102   13   -411.0   -684.7   3416.2
102   14   -423.1   -1048.7   3337.3
102   15   -423.1   -1371.7   3336.7
102   16   -547.4   -241.9   3271.3
102   17   -394.6   -255.0   3308.4
102   18   -503.8   -181.4   3486.7
103   0   -495.2   -86.7   3518.2
103   1   -501.9   -249.9   3475.8
103   2   -624.4   -248.7   3424.9
103   3   -652.8   -427.6   3285.3
103   4   -492.3   -240.8   3258.4
103   5   -374.3   -257.9   3477.9
103   6   -309.3   -440.5   3355.6
103   7   -444.4   -243.5   3288.2
103   8   -496.1   -467.5   3449.6
103   9   -496.5   -637.0   3418.1
103   10   -581.1   -681.0   3392.6
103   11   -578.0   -1045.1   3314.2
103   12   -578.0   -1367.9   3314.1
103   13   -410.6   -685.6   3416.1
103   14   -423.1   -1049.4   3337.0
103   15   -423.0   -1372.2   3336.9
103   16   -519.1   -271.9   3262.9
103   17   -421.9   -276.4   3299.5
103   18   -503.8   -181.4   3484.0
104   0   -495.3   -87.1   3516.0
104   1   -501.9   -249.9   3472.7
104   2   -624.8   -249.3   3420.9
104   3   -647.7   -437.7   3293.2
104   4   -472.0   -263.6   3257.7
104   5   -374.1   -258.8   3477.8
104   6   -311.9   -443.9   3357.9
104   7   -463.7   -268.9   3267.2
104   8   -496.2   -467.5   3447.9
104   9   -496.6   -637.7   3417.5
104   10   -581.5   -681.6   3391.9
104   11   -578.0   -1045.7   3314.1
104   12   -577.9   -1368.0   3314.1
104   13   -410.5   -686.6   3415.9
104   14   -423.1   -1050.2   3336.7
104   15   -423.1   -1373.0   3336.7
104   16   -501.3   -292.6   3263.6
104   17   -438.4   -298.1   3282.3
104   18   -503.8   -181.4   3480.6
105   0   -495.5   -87.7   3515.5
105   1   -502.0   -250.0   3470.4
105   2   -625.6   -250.1   3419.7
105   3   -641.6   -445.5   3301.2
105   4   -464.7   -272.6   3257.7
105   5   -374.1   -259.6   3477.9
105   6   -316.7   -447.9   3360.8
105   7   -470.3   -282.7   3252.2
105   8   -496.2   -467.5   3446.8
105   9   -496.6   -638.5   3417.3
105   10   -581.9   -681.9   3391.6
105   11   -578.0   -1046.0   3314.0
105   12   -578.0   -1368.3   3314.1
105   13   -410.5   -687.6   3415.8
105   14   -423.1   -1051.2   3336.5
105   15   -423.1   -1374.0   3336.5
105   16   -494.2   -301.4   3265.0
105   17   -444.7   -310.3   3270.3
105   18   -503.8   -181.4   3477.9
106   0   -495.6   -88.3   3516.1
106   1   -502.0   -250.0   3469.0
106   2   -626.4   -250.9   3419.9
106   3   -635.0   -449.7   3306.1
106   4   -462.7   -272.2   3261.3
106   5   -374.2   -260.3   3478.2
106   6   -320.4   -451.9   3364.7
106   7   -470.5   -290.2   3244.3
106   8   -496.2   -467.5   3446.2
106   9   -496.6   -639.2   3417.3
106   10   -582.1   -682.2   3391.5
106   11   -578.0   -1046.3   3314.1
106   12   -578.0   -1368.5   3314.1
106   13   -410.5   -688.6   3415.6
106   14   -423.1   -1052.2   3336.6
106   15   -423.1   -1374.9   3336.8
106   16   -491.4   -301.8   3268.7
106   17   -445.4   -317.1   3264.4
106   18   -503.8   -181.4   3476.2
107   0   -495.7   -88.7   3517.1
107   1   -502.0   -250.0   3468.3
107   2   -626.9   -251.6   3420.9
107   3   -632.0   -451.2   3308.0
107   4   -463.8   -269.0   3267.2
107   5   -374.4   -260.7   3478.5
107   6   -323.5   -453.4   3365.5
107   7   -468.7   -290.7   3240.0
107   8   -496.2   -467.6   3445.9
107   9   -496.6   -640.1   3417.3
107   10   -582.3   -682.5   3391.4
107   11   -578.1   -1046.6   3314.1
107   12   -578.2   -1368.9   3314.1
107   13   -410.9   -690.1   3415.4
107   14   -423.1   -1053.7   3336.7
107   15   -423.1   -1377.0   3336.9
107   16   -491.8   -299.4   3274.0
107   17   -444.5   -317.8   3260.9
107   18   -503.8   -181.4   3475.3
108   0   -495.8   -89.0   3518.5
108   1   -502.0   -250.0   3467.9
108   2   -627.3   -252.1   3422.0
108   3   -631.2   -451.4   3308.4
108   4   -465.6   -266.6   3269.2
108   5   -374.5   -261.0   3478.9
108   6   -324.8   -454.0   3365.7
108   7   -468.4   -290.3   3239.7
108   8   -496.2   -467.8   3445.8
108   9   -496.6   -640.9   3417.3
108   10   -582.4   -682.7   3391.3
108   11   -578.2   -1046.9   3314.1
108   12   -578.2   -1369.1   3314.1
108   13   -411.2   -691.4   3415.2
108   14   -423.1   -1055.0   3336.6
108   15   -423.1   -1377.9   3336.5
108   16   -493.2   -297.4   3275.8
108   17   -444.5   -317.5   3260.7
108   18   -503.8   -181.4   3474.9
109   0   -495.8   -89.2   3519.8
109   1   -502.0   -250.0   3467.8
109   2   -627.4   -252.6   3423.1
109   3   -630.8   -451.0   3308.2
109   4   -466.6   -265.2   3268.6
109   5   -374.7   -261.0   3479.1
109   6   -325.1   -453.8   3365.6
109   7   -469.0   -288.8   3242.2
109   8   -496.2   -468.1   3445.8
109   9   -496.5   -641.7   3417.2
109   10   -582.5   -683.0   3391.3
109   11   -578.2   -1047.6   3314.0
109   12   -578.2   -1370.2   3313.9
109   13   -411.3   -692.0   3415.0
109   14   -423.1   -1056.1   3336.3
109   15   -423.2   -1378.9   3336.1
109   16   -493.9   -296.1   3275.2
109   17   -445.0   -316.3   3262.8
109   18   -503.8   -181.4   3474.7
110   0   -495.9   -89.0   3520.6
110   1   -502.0   -250.0   3467.8
110   2   -627.5   -253.0   3424.1
110   3   -630.6   -450.6   3307.8
110   4   -467.2   -264.6   3266.0
110   5   -374.8   -261.0   3479.4
110   6   -324.9   -453.6   3365.6
110   7   -468.0   -286.1   3244.8
110   8   -496.2   -468.3   3445.8
110   9   -496.5   -642.4   3417.2
110   10   -582.5   -683.0   3391.3
110   11   -578.2   -1047.7   3313.9
110   12   -578.2   -1369.9   3313.9
110   13   -410.6   -690.8   3414.8
110   14   -423.1   -1055.2   3336.5
110   15   -423.1   -1376.1   3336.6
110   16   -494.4   -295.6   3273.0
110   17   -444.2   -314.0   3264.9
110   18   -503.8   -181.4   3474.7
111   0   -495.9   -88.8   3521.0
111   1   -502.0   -250.0   3467.8
111   2   -627.2   -253.4   3424.5
111   3   -629.9   -450.4   3307.3
111   4   -467.5   -263.7   3264.6
111   5   -374.8   -260.9   3479.6
111   6   -324.3   -453.2   3365.8
111   7   -465.9   -283.1   3247.2
111   8   -496.2   -468.6   3445.8
111   9   -496.5   -643.0   3417.1
111   10   -582.4   -682.9   3391.3
111   11   -578.1   -1047.6   3313.9
111   12   -578.0   -1369.6   3313.9
111   13   -409.7   -688.8   3414.5
111   14   -423.0   -1053.3   3336.8
111   15   -423.0   -1373.8   3337.1
111   16   -494.5   -294.8   3271.7
111   17   -442.3   -311.4   3266.9
111   18   -503.8   -181.4   3474.7
112   0   -496.0   -88.5   3521.2
112   1   -502.0   -250.0   3467.8
112   2   -626.9   -253.8   3424.5
112   3   -628.6   -450.4   3306.7
112   4   -467.6   -262.5   3263.9
112   5   -374.9   -260.7   3479.7
112   6   -323.6   -453.0   3366.0
112   7   -464.4   -281.4   3248.5
112   8   -496.2   -468.8   3445.8
112   9   -496.5   -643.5   3417.0
112   10   -582.3   -682.8   3391.3
112   11   -578.0   -1047.6   3313.9
112   12   -578.0   -1369.6   3313.8
112   13   -409.5   -688.0   3414.2
112   14   -423.0   -1052.5   3336.9
112   15   -423.0   -1374.3   3336.9
112   16   -494.5   -293.8   3271.0
112   17   -440.9   -310.0   3268.1
112   18   -503.8   -181.4   3474.7
113   0   -496.0   -88.3   3521.3
113   1   -502.0   -250.0   3467.8
113   2   -626.5   -254.0   3424.4
113   3   -627.2   -450.3   3306.2
113   4   -467.7   -261.3   3263.3
113   5   -375.0   -260.6   3479.6
113   6   -322.9   -452.7   3366.0
113   7   -463.0   -279.6   3250.2
113   8   -496.2   -469.0   3445.8
113   9   -496.5   -643.9   3416.9
113   10   -582.2   -682.9   3391.3
113   11   -578.0   -1047.7   3313.9
113   12   -577.9   -1370.0   3314.0
113   13   -409.6   -688.1   3413.9
113   14   -423.0   -1052.7   3336.8
113   15   -423.0   -1375.3   3336.7
113   16   -494.3   -292.8   3270.5
113   17   -439.6   -308.4   3269.5
113   18   -503.8   -181.4   3474.8
114   0   -496.1   -88.1   3521.3
114   1   -502.0   -250.0   3467.8
114   2   -626.2   -254.1   3424.1
114   3   -627.1   -450.3   3305.7
114   4   -467.9   -260.9   3262.7
114   5   -375.0   -260.4   3479.4
114   6   -322.3   -452.2   3365.6
114   7   -461.2   -276.3   3252.5
114   8   -496.2   -469.2   3445.8
114   9   -496.5   -644.2   3416.9
114   10   -582.1   -683.2   3391.3
114   11   -577.9   -1048.3   3314.1
114   12   -577.8   -1370.8   3314.2
114   13   -409.9   -688.7   3413.6
114   14   -423.1   -1053.6   3336.6
114   15   -423.1   -1376.6   3336.5
114   16   -494.5   -292.5   3269.9
114   17   -438.1   -305.7   3271.3
114   18   -503.8   -181.4   3474.8
115   0   -496.2   -87.9   3521.3
115   1   -502.0   -250.0   3467.8
115   2   -625.9   -254.2   3424.0
115   3   -627.0   -450.3   3305.5
115   4   -467.9   -261.0   3262.1
115   5   -375.1   -260.3   3479.3
115   6   -321.9   -451.5   3364.8
115   7   -460.9   -274.5   3253.6
115   8   -496.2   -469.3   3445.7
115   9   -496.5   -644.4   3416.8
115   10   -582.0   -683.5   3391.3
115   11   -577.8   -1049.1   3314.3
115   12   -577.7   -1371.8   3314.4
115   13   -410.2   -689.4   3413.5
115   14   -423.1   -1054.8   3336.4
115   15   -423.1   -1377.8   3336.2
115   16   -494.4   -292.6   3269.3
115   17   -437.7   -304.0   3272.1
115   18   -503.8   -181.4   3474.8
116   0   -496.2   -87.8   3521.3
116   1   -502.0   -250.0   3467.8
116   2   -625.7   -254.3   3424.1
116   3   -627.2   -449.4   3304.0
116   4   -467.0   -260.8   3261.4
116   5   -375.2   -260.1   3479.3
116   6   -321.1   -451.0   3364.5
116   7   -461.5   -275.2   3253.1
116   8   -496.2   -469.4   3445.7
116   9   -496.5   -644.6   3416.8
116   10   -582.0   -683.8   3391.3
116   11   -577.8   -1046.5   3315.3
116   12   -577.8   -1366.2   3316.1
116   13   -410.5   -690.1   3413.6
116   14   -423.0   -1052.4   3336.9
116   15   -423.0   -1372.3   3337.4
116   16   -493.7   -292.2   3268.5
116   17   -438.1   -304.5   3271.7
116   18   -503.8   -181.4   3474.8
117   0   -496.2   -87.7   3521.3
117   1   -502.0   -250.0   3467.8
117   2   -625.4   -254.3   3424.0
117   3   -627.3   -448.3   3302.0
117   4   -465.8   -260.5   3261.2
117   5   -375.3   -259.9   3479.2
117   6   -320.3   -450.5   3364.5
117   7   -462.1   -276.0   3252.8
117   8   -496.2   -469.5   3445.7
117   9   -496.5   -644.7   3416.8
117   10   -581.8   -684.5   3391.3
117   11   -577.8   -1046.3   3315.8
117   12   -577.8   -1368.6   3316.2
117   13   -411.0   -691.4   3413.7
117   14   -423.1   -1052.7   3336.9
117   15   -423.1   -1375.4   3336.8
117   16   -492.7   -291.8   3268.0
117   17   -438.4   -305.1   3271.4
117   18   -503.8   -181.4   3474.8
118   0   -496.2   -87.5   3521.3
118   1   -501.5   -250.0   3467.8
118   2   -624.8   -254.2   3424.1
118   3   -627.7   -447.2   3300.6
118   4   -464.5   -260.5   3261.4
118   5   -374.9   -260.0   3479.2
118   6   -319.8   -450.5   3364.4
118   7   -462.3   -276.6   3252.6
118   8   -496.2   -469.6   3445.7
118   9   -496.5   -644.9   3416.8
118   10   -581.5   -685.4   3391.4
118   11   -577.8   -1047.5   3316.3
118   12   -577.8   -1370.8   3316.5
118   13   -411.5   -692.5   3413.8
118   14   -423.1   -1053.9   3336.6
118   15   -423.1   -1377.1   3336.4
118   16   -491.7   -291.6   3268.0
118   17   -438.5   -305.6   3271.2
118   18   -503.2   -181.4   3474.8
119   0   -496.2   -87.5   3521.3
119   1   -500.8   -250.0   3467.8
119   2   -623.9   -254.0   3424.4
119   3   -628.0   -446.7   3300.4
119   4   -464.0   -260.7   3261.4
119   5   -374.2   -260.3   3479.2
119   6   -319.2   -450.7   3364.2
119   7   -462.3   -277.4   3252.4
119   8   -496.2   -469.6   3445.7
119   9   -496.5   -645.0   3416.8
119   10   -581.2   -686.5   3391.4
119   11   -577.8   -1049.3   3316.8
119   12   -577.8   -1372.9   3317.0
119   13   -411.5   -692.9   3413.8
119   14   -423.1   -1054.9   3336.5
119   15   -423.2   -1377.8   3336.4
119   16   -491.3   -291.7   3267.9
119   17   -438.5   -306.3   3271.1
119   18   -502.2   -181.4   3474.7
120   0   -496.2   -87.4   3521.3
120   1   -499.9   -250.0   3467.8
120   2   -623.0   -253.7   3424.6
120   3   -628.4   -446.5   3300.8
120   4   -464.0   -261.0   3261.1
120   5   -373.3   -260.7   3479.2
120   6   -318.4   -451.0   3364.0
120   7   -462.2   -278.2   3252.3
120   8   -496.2   -469.7   3445.7
120   9   -496.5   -645.1   3416.7
120   10   -581.1   -687.2   3391.5
120   11   -577.7   -1050.9   3316.6
120   12   -577.7   -1374.0   3316.3
120   13   -411.2   -692.8   3413.8
120   14   -423.2   -1055.7   3336.3
120   15   -423.2   -1378.3   3336.3
120   16   -491.4   -291.9   3267.7
120   17   -438.3   -307.0   3270.9
120   18   -501.1   -181.4   3474.7
121   0   -496.2   -87.3   3521.3
121   1   -499.0   -250.0   3467.8
121   2   -622.1   -253.5   3424.8
121   3   -628.8   -446.5   3301.6
121   4   -464.3   -261.2   3261.0
121   5   -372.4   -261.1   3479.3
121   6   -318.5   -451.4   3363.5
121   7   -462.2   -278.4   3251.9
121   8   -496.2   -469.7   3445.7
121   9   -496.5   -645.2   3416.7
121   10   -581.0   -687.6   3391.4
121   11   -577.7   -1052.0   3315.9
121   12   -577.7   -1374.7   3315.3
121   13   -410.9   -692.5   3413.7
121   14   -423.2   -1056.3   3336.2
121   15   -423.2   -1378.7   3336.2
121   16   -491.8   -292.1   3267.8
121   17   -438.2   -307.3   3270.5
121   18   -499.9   -181.4   3474.7
122   0   -496.2   -87.3   3521.3
122   1   -498.1   -250.0   3467.8
122   2   -621.2   -253.2   3425.1
122   3   -629.3   -446.5   3302.3
122   4   -464.2   -262.0   3260.8
122   5   -371.4   -261.6   3479.3
122   6   -318.8   -451.7   3362.7
122   7   -462.1   -278.3   3251.2
122   8   -496.2   -469.8   3445.7
122   9   -496.5   -645.2   3416.7
122   10   -581.1   -687.8   3391.5
122   11   -577.7   -1052.7   3314.7
122   12   -577.6   -1375.1   3313.8
122   13   -410.5   -692.1   3413.7
122   14   -423.2   -1056.6   3336.1
122   15   -423.2   -1378.8   3336.1
122   16   -491.7   -292.8   3267.7
122   17   -438.2   -307.2   3269.8
122   18   -498.7   -181.4   3474.7
123   0   -496.2   -87.3   3521.3
123   1   -497.2   -250.0   3467.8
123   2   -620.3   -252.8   3425.3
123   3   -629.9   -446.9   3303.8
123   4   -464.6   -262.9   3260.6
123   5   -370.5   -262.0   3479.3
123   6   -319.6   -452.0   3361.7
123   7   -462.3   -277.7   3250.7
123   8   -496.2   -469.8   3445.7
123   9   -496.5   -645.3   3416.8
123   10   -581.0   -688.3   3391.6
123   11   -577.6   -1053.3   3312.8
123   12   -577.5   -1375.6   3311.4
123   13   -410.3   -691.9   3413.7
123   14   -423.2   -1056.9   3335.9
123   15   -423.3   -1379.2   3335.8
123   16   -492.2   -293.6   3267.8
123   17   -438.5   -306.8   3269.2
123   18   -497.5   -181.4   3474.7
124   0   -496.2   -87.3   3521.3
124   1   -496.3   -250.0   3467.8
124   2   -619.4   -252.5   3425.6
124   3   -630.5   -447.8   3306.2
124   4   -465.7   -264.1   3260.4
124   5   -369.8   -262.4   3479.3
124   6   -320.0   -452.0   3360.7
124   7   -462.7   -277.3   3250.4
124   8   -496.2   -469.8   3445.7
124   9   -496.5   -645.3   3416.8
124   10   -581.0   -688.4   3391.7
124   11   -577.6   -1053.7   3313.2
124   12   -577.6   -1376.0   3314.0
124   13   -410.2   -691.9   3413.7
124   14   -423.3   -1057.0   3335.7
124   15   -423.3   -1379.1   3335.6
124   16   -493.1   -294.7   3268.0
124   17   -438.9   -306.4   3268.8
124   18   -496.4   -181.4   3474.7
125   0   -496.2   -87.3   3521.3
125   1   -495.6   -250.0   3467.8
125   2   -618.5   -252.2   3425.9
125   3   -631.2   -449.0   3309.0
125   4   -467.0   -265.5   3260.2
125   5   -369.2   -262.6   3479.4
125   6   -320.3   -451.9   3359.7
125   7   -463.1   -276.9   3250.2
125   8   -496.2   -469.8   3445.7
125   9   -496.5   -645.3   3416.9
125   10   -581.0   -688.6   3391.8
125   11   -577.7   -1054.1   3314.8
125   12   -577.7   -1376.4   3316.3
125   13   -410.1   -691.9   3413.7
125   14   -423.3   -1056.9   3335.6
125   15   -423.3   -1378.9   3335.6
125   16   -494.4   -296.0   3268.3
125   17   -439.3   -306.0   3268.4
125   18   -495.4   -181.4   3474.7
126   0   -496.2   -87.2   3521.0
126   1   -495.2   -250.0   3467.8
126   2   -617.9   -252.1   3426.0
126   3   -631.9   -449.2   3310.0
126   4   -467.6   -266.1   3260.1
126   5   -368.8   -262.7   3479.4
126   6   -320.4   -451.9   3359.4
126   7   -463.0   -276.3   3250.5
126   8   -496.2   -469.8   3445.8
126   9   -496.5   -645.3   3417.0
126   10   -581.0   -688.7   3391.9
126   11   -577.7   -1054.1   3315.4
126   12   -530.1   -1362.4   3307.2
126   13   -410.1   -691.9   3413.7
126   14   -423.3   -1056.7   3335.6
126   15   -423.3   -1378.6   3335.7
126   16   -495.0   -296.6   3268.4
126   17   -439.3   -305.6   3268.6
126   18   -494.8   -181.4   3474.7
127   0   -496.2   -87.1   3520.5
127   1   -494.9   -250.0   3467.9
127   2   -617.4   -252.0   3426.2
127   3   -632.6   -449.2   3310.5
127   4   -468.0   -266.5   3260.1
127   5   -368.6   -262.7   3479.4
127   6   -320.5   -451.9   3359.2
127   7   -463.1   -276.0   3250.8
127   8   -496.2   -469.8   3445.8
127   9   -496.5   -645.4   3417.0
127   10   -581.0   -688.8   3392.0
127   11   -577.7   -1054.1   3315.7
127   12   -561.1   -1370.8   3301.1
127   13   -410.1   -691.9   3413.7
127   14   -423.3   -1056.6   3335.6
127   15   -423.3   -1378.6   3335.6
127   16   -495.4   -297.0   3268.5
127   17   -439.4   -305.3   3268.9
127   18   -494.4   -181.4   3474.7
128   0   -496.2   -86.4   3518.6
128   1   -494.6   -250.0   3467.9
128   2   -617.0   -252.0   3426.4
128   3   -632.9   -449.1   3310.6
128   4   -468.1   -266.6   3260.0
128   5   -368.5   -262.7   3479.4
128   6   -320.6   -451.9   3359.3
128   7   -463.6   -276.1   3251.1
128   8   -496.2   -469.8   3445.8
128   9   -496.5   -645.4   3417.1
128   10   -580.9   -689.0   3392.1
128   11   -577.7   -1054.4   3315.7
128   12   -580.2   -1374.2   3290.1
128   13   -410.1   -692.0   3413.7
128   14   -423.3   -1056.8   3335.8
128   15   -423.2   -1379.1   3335.9
128   16   -495.5   -297.1   3268.4
128   17   -439.7   -305.4   3269.1
128   18   -494.1   -181.4   3474.8
129   0   -496.3   -85.7   3516.0
129   1   -494.4   -250.0   3467.9
129   2   -616.6   -251.9   3426.6
129   3   -633.1   -448.9   3310.6
129   4   -468.0   -266.6   3260.0
129   5   -368.3   -262.6   3479.4
129   6   -320.7   -452.0   3359.3
129   7   -464.1   -276.6   3251.1
129   8   -496.2   -469.8   3445.9
129   9   -496.5   -645.4   3417.2
129   10   -580.8   -689.4   3392.4
129   11   -577.7   -1054.7   3315.6
129   12   -562.5   -1375.3   3312.3
129   13   -410.1   -692.1   3413.7
129   14   -423.2   -1057.0   3335.8
129   15   -423.2   -1379.3   3335.8
129   16   -495.5   -297.0   3268.4
129   17   -440.2   -305.9   3269.2
129   18   -493.8   -181.4   3474.8
130   0   -496.3   -85.3   3513.8
130   1   -494.2   -250.0   3467.9
130   2   -616.2   -251.9   3426.8
130   3   -633.0   -448.6   3310.4
130   4   -467.7   -266.5   3259.9
130   5   -368.2   -262.6   3479.4
130   6   -320.8   -452.1   3359.5
130   7   -464.8   -277.1   3251.3
130   8   -496.2   -469.8   3445.9
130   9   -496.5   -645.4   3417.3
130   10   -580.7   -689.7   3392.7
130   11   -577.7   -1055.0   3315.5
130   12   -525.7   -1367.6   3351.6
130   13   -410.2   -692.3   3413.7
130   14   -423.2   -1057.1   3335.7
130   15   -423.2   -1380.3   3335.7
130   16   -495.3   -296.9   3268.3
130   17   -440.8   -306.3   3269.3
130   18   -493.5   -181.4   3474.8
