2   0   -444.9   -121.4   3605.9
2   1   -442.3   -290.4   3568.0
2   2   -580.3   -295.9   3532.2
2   3   -560.6   -501.3   3404.2
2   4   -564.5   -766.6   3384.6
2   5   -304.9   -306.5   3605.8
2   6   -304.6   -499.3   3458.1
2   7   -379.2   -746.3   3393.2
2   8   -444.5   -527.7   3536.5
2   9   -445.5   -688.0   3508.4
2   10   -540.1   -746.5   3493.6
2   11   -506.1   -1073.0   3338.8
2   12   -518.0   -1380.7   3490.4
2   13   -352.9   -749.8   3516.7
2   14   -397.3   -1087.1   3390.5
2   15   -386.0   -1422.1   3464.3
2   16   -563.9   -722.4   3387.9
2   17   -366.7   -705.2   3404.0
2   18   -441.7   -217.9   3577.6
3   0   -444.3   -120.0   3608.1
3   1   -442.5   -289.0   3569.6
3   2   -580.1   -294.3   3532.3
3   3   -561.5   -500.0   3404.6
3   4   -563.2   -765.6   3382.4
3   5   -305.1   -305.2   3605.4
3   6   -299.9   -500.3   3461.5
3   7   -377.0   -746.5   3394.9
3   8   -444.4   -525.6   3538.6
3   9   -445.2   -685.9   3510.7
3   10   -538.9   -737.5   3493.9
3   11   -510.0   -1067.7   3351.1
3   12   -515.2   -1380.7   3482.3
3   13   -352.8   -741.3   3517.9
3   14   -393.5   -1079.9   3397.2
3   15   -374.5   -1386.2   3431.1
3   16   -562.9   -721.3   3386.1
3   17   -364.2   -705.5   3406.0
3   18   -442.0   -216.5   3579.1
4   0   -443.2   -115.3   3614.6
4   1   -443.4   -284.3   3574.3
4   2   -578.6   -290.5   3532.7
4   3   -565.7   -496.7   3405.2
4   4   -556.9   -763.5   3377.7
4   5   -306.4   -301.0   3604.5
4   6   -290.8   -501.3   3470.2
4   7   -364.4   -750.7   3402.1
4   8   -443.9   -517.6   3543.7
4   9   -444.2   -678.2   3517.0
4   10   -533.1   -719.7   3496.2
4   11   -516.9   -1054.3   3375.1
4   12   -507.9   -1376.3   3462.0
4   13   -356.1   -725.4   3519.9
4   14   -386.0   -1064.3   3409.1
4   15   -371.2   -1375.9   3432.1
4   16   -558.4   -719.0   3382.3
4   17   -352.1   -709.1   3413.4
4   18   -443.2   -211.8   3583.8
5   0   -442.2   -109.2   3622.7
5   1   -444.5   -278.2   3579.9
5   2   -576.8   -285.5   3533.2
5   3   -569.2   -493.5   3408.3
5   4   -537.0   -760.3   3372.4
5   5   -308.7   -296.1   3603.3
5   6   -282.1   -499.1   3474.4
5   7   -342.7   -757.3   3414.4
5   8   -443.1   -506.2   3549.3
5   9   -442.7   -666.9   3524.2
5   10   -526.7   -700.0   3498.6
5   11   -523.6   -1039.9   3399.7
5   12   -503.8   -1371.7   3438.0
5   13   -360.0   -708.2   3521.8
5   14   -379.1   -1048.1   3419.9
5   15   -372.8   -1375.2   3429.7
5   16   -542.4   -715.9   3378.4
5   17   -332.6   -714.3   3424.4
5   18   -445.0   -205.7   3589.7
6   0   -441.6   -104.8   3627.0
6   1   -445.3   -274.1   3583.8
6   2   -575.2   -282.5   3533.8
6   3   -570.6   -491.6   3410.5
6   4   -527.7   -758.9   3374.0
6   5   -310.5   -292.3   3602.3
6   6   -276.9   -498.2   3478.7
6   7   -318.3   -763.1   3427.6
6   8   -442.4   -497.4   3553.5
6   9   -441.6   -657.7   3528.2
6   10   -524.5   -689.9   3499.0
6   11   -527.7   -1034.1   3413.7
6   12   -511.0   -1372.4   3427.0
6   13   -359.6   -700.0   3522.0
6   14   -375.5   -1041.5   3426.0
6   15   -374.0   -1381.6   3428.8
6   16   -534.8   -714.4   3380.0
6   17   -311.4   -719.0   3436.1
6   18   -446.3   -201.6   3593.6
7   0   -441.5   -102.7   3627.7
7   1   -445.8   -272.2   3585.7
7   2   -574.3   -281.1   3534.1
7   3   -569.8   -490.4   3411.1
7   4   -529.4   -758.7   3379.4
7   5   -311.7   -290.3   3601.3
7   6   -274.5   -498.6   3482.3
7   7   -301.3   -767.2   3441.9
7   8   -442.1   -493.2   3556.0
7   9   -440.9   -652.9   3528.9
7   10   -526.6   -687.6   3497.6
7   11   -529.3   -1034.7   3418.9
7   12   -517.1   -1376.0   3426.2
7   13   -355.6   -698.6   3521.7
7   14   -375.1   -1041.4   3427.5
7   15   -376.2   -1386.1   3426.7
7   16   -536.1   -714.0   3384.7
7   17   -296.8   -722.5   3448.6
7   18   -447.1   -199.7   3595.5
8   0   -441.7   -102.2   3627.1
8   1   -446.0   -271.5   3586.4
8   2   -573.7   -280.6   3534.4
8   3   -566.3   -489.6   3410.9
8   4   -537.5   -759.5   3376.3
8   5   -312.4   -289.5   3601.0
8   6   -273.9   -498.5   3483.4
8   7   -294.4   -769.7   3450.6
8   8   -441.8   -492.1   3557.2
8   9   -440.6   -651.3   3527.6
8   10   -529.8   -687.9   3496.3
8   11   -529.6   -1036.8   3419.6
8   12   -522.1   -1378.8   3430.2
8   13   -351.1   -699.4   3521.5
8   14   -375.6   -1043.0   3427.3
8   15   -376.7   -1387.5   3425.7
8   16   -542.3   -714.5   3382.1
8   17   -290.9   -724.5   3456.1
8   18   -447.4   -199.0   3596.0
9   0   -442.0   -102.5   3626.0
9   1   -446.1   -271.5   3586.4
9   2   -573.4   -280.7   3534.5
9   3   -563.7   -489.2   3410.5
9   4   -547.3   -759.1   3371.5
9   5   -312.9   -289.2   3600.9
9   6   -274.4   -498.1   3483.2
9   7   -293.0   -770.0   3456.8
9   8   -441.5   -492.3   3557.4
9   9   -440.5   -651.3   3525.9
9   10   -532.0   -688.7   3495.5
9   11   -529.5   -1038.7   3418.2
9   12   -522.5   -1380.6   3432.3
9   13   -348.4   -700.4   3521.5
9   14   -375.9   -1044.7   3426.8
9   15   -376.6   -1388.4   3425.7
9   16   -550.1   -714.1   3378.0
9   17   -289.9   -724.7   3461.2
9   18   -447.5   -199.0   3596.0
10   0   -442.4   -103.3   3625.1
10   1   -446.1   -271.7   3586.1
10   2   -573.1   -280.9   3534.7
10   3   -563.0   -488.9   3409.9
10   4   -549.5   -758.0   3369.7
10   5   -313.3   -289.2   3600.9
10   6   -274.8   -497.9   3482.9
10   7   -293.7   -769.2   3461.9
10   8   -441.5   -492.8   3556.9
10   9   -440.5   -651.9   3524.9
10   10   -532.9   -689.6   3495.3
10   11   -529.3   -1040.3   3417.0
10   12   -518.0   -1381.8   3432.3
10   13   -347.4   -701.7   3521.6
10   14   -376.2   -1046.8   3426.3
10   15   -376.6   -1390.0   3425.6
10   16   -551.8   -713.1   3376.4
10   17   -290.5   -724.0   3465.4
10   18   -447.6   -199.3   3595.7
11   0   -442.7   -103.3   3625.1
11   1   -446.1   -272.0   3585.7
11   2   -572.9   -281.1   3534.8
11   3   -563.1   -488.6   3409.3
11   4   -546.8   -756.2   3367.7
11   5   -313.6   -289.3   3600.9
11   6   -275.1   -497.8   3482.7
11   7   -294.7   -767.7   3461.3
11   8   -441.6   -493.1   3556.0
11   9   -440.5   -652.6   3524.4
11   10   -532.9   -690.5   3495.4
11   11   -529.2   -1041.6   3416.1
11   12   -511.8   -1382.6   3431.6
11   13   -347.7   -703.4   3521.6
11   14   -376.3   -1049.0   3425.4
11   15   -376.4   -1392.0   3424.6
11   16   -549.5   -711.6   3374.6
11   17   -291.5   -722.7   3464.8
11   18   -447.6   -199.6   3595.4
12   0   -442.9   -103.0   3625.4
12   1   -446.1   -272.2   3585.1
12   2   -572.6   -281.4   3534.9
12   3   -563.3   -488.4   3408.6
12   4   -549.1   -755.2   3368.5
12   5   -314.1   -289.6   3600.9
12   6   -276.2   -498.0   3482.3
12   7   -298.2   -766.1   3456.7
12   8   -441.7   -493.1   3555.0
12   9   -440.5   -653.1   3524.2
12   10   -532.4   -691.8   3495.7
12   11   -529.1   -1043.2   3415.6
12   12   -510.4   -1383.8   3431.6
12   13   -348.6   -705.6   3521.5
12   14   -376.1   -1052.0   3426.0
12   15   -375.8   -1395.4   3426.6
12   16   -551.5   -710.7   3375.2
12   17   -294.5   -721.4   3460.9
12   18   -447.5   -199.8   3595.0
13   0   -443.2   -102.6   3626.0
13   1   -446.1   -272.4   3584.6
13   2   -572.5   -281.7   3535.0
13   3   -564.3   -488.4   3408.3
13   4   -554.4   -754.7   3370.1
13   5   -314.4   -289.8   3600.9
13   6   -277.6   -498.0   3481.9
13   7   -303.0   -764.6   3454.3
13   8   -441.7   -493.0   3553.9
13   9   -440.6   -653.5   3524.0
13   10   -531.8   -692.8   3496.1
13   11   -529.1   -1040.9   3416.4
13   12   -511.6   -1381.4   3431.2
13   13   -349.5   -706.7   3521.5
13   14   -375.6   -1050.2   3427.1
13   15   -375.3   -1389.0   3428.0
13   16   -556.0   -710.3   3376.4
13   17   -298.7   -720.2   3458.9
13   18   -447.5   -200.1   3594.6
14   0   -443.4   -102.3   3626.6
14   1   -446.1   -272.7   3584.2
14   2   -572.3   -281.9   3535.1
14   3   -564.9   -488.5   3408.2
14   4   -551.9   -753.9   3370.9
14   5   -314.6   -289.9   3600.9
14   6   -278.1   -497.8   3481.4
14   7   -310.2   -762.2   3448.7
14   8   -441.8   -492.8   3553.2
14   9   -440.6   -653.8   3524.0
14   10   -531.2   -694.1   3496.6
14   11   -529.1   -1038.2   3418.0
14   12   -494.9   -1378.3   3432.3
14   13   -350.2   -707.5   3521.5
14   14   -375.1   -1047.1   3428.8
14   15   -374.8   -1388.0   3430.0
14   16   -554.1   -709.7   3377.1
14   17   -304.8   -718.1   3454.1
14   18   -447.5   -200.3   3594.4
15   0   -443.7   -102.1   3627.0
15   1   -446.1   -272.9   3583.9
15   2   -572.2   -282.1   3535.1
15   3   -565.2   -488.6   3408.1
15   4   -551.1   -753.1   3369.6
15   5   -314.8   -290.0   3600.9
15   6   -278.4   -497.5   3480.8
15   7   -316.0   -759.9   3443.7
15   8   -441.8   -492.5   3552.7
15   9   -440.6   -654.1   3524.0
15   10   -530.3   -696.5   3497.1
15   11   -529.2   -1038.5   3420.6
15   12   -487.5   -1378.3   3433.8
15   13   -351.0   -708.6   3521.5
15   14   -374.5   -1046.4   3431.3
15   15   -374.0   -1389.0   3433.0
15   16   -553.5   -709.0   3376.0
15   17   -309.7   -716.2   3449.8
15   18   -447.5   -200.6   3594.2
16   0   -444.1   -101.9   3627.2
16   1   -446.1   -273.2   3583.7
16   2   -572.0   -282.4   3535.2
16   3   -565.4   -488.7   3408.1
16   4   -551.6   -754.3   3368.6
16   5   -314.9   -290.1   3600.8
16   6   -278.5   -497.4   3480.5
16   7   -318.3   -760.4   3440.8
16   8   -441.8   -492.3   3552.4
16   9   -440.6   -654.4   3524.0
16   10   -529.9   -697.9   3497.7
16   11   -529.3   -1038.8   3422.3
16   12   -499.2   -1379.6   3434.8
16   13   -351.6   -709.3   3521.5
16   14   -373.8   -1046.5   3433.9
16   15   -373.4   -1389.3   3435.6
16   16   -553.9   -710.1   3375.2
16   17   -311.7   -716.5   3447.5
16   18   -447.5   -200.9   3594.0
17   0   -444.5   -101.8   3627.2
17   1   -446.1   -273.4   3583.4
17   2   -572.0   -282.5   3535.3
17   3   -565.7   -488.8   3408.4
17   4   -553.4   -754.7   3368.9
17   5   -315.0   -290.1   3600.8
17   6   -279.5   -497.4   3480.5
17   7   -314.4   -761.5   3442.4
17   8   -441.8   -491.9   3551.8
17   9   -440.6   -654.7   3523.9
17   10   -529.5   -698.9   3498.2
17   11   -529.3   -1038.0   3422.3
17   12   -514.9   -1379.3   3434.8
17   13   -351.7   -709.0   3521.5
17   14   -373.6   -1044.6   3434.2
17   15   -373.6   -1385.1   3433.9
17   16   -555.4   -710.4   3375.5
17   17   -308.5   -717.5   3448.7
17   18   -447.5   -201.2   3593.8
18   0   -444.8   -101.7   3627.2
18   1   -446.1   -273.6   3583.1
18   2   -571.9   -282.5   3535.3
18   3   -566.0   -488.8   3408.5
18   4   -553.8   -754.5   3370.2
18   5   -315.0   -290.1   3600.8
18   6   -281.9   -497.8   3480.5
18   7   -311.7   -762.4   3445.3
18   8   -441.8   -491.5   3551.2
18   9   -440.6   -655.0   3523.9
18   10   -529.3   -699.3   3498.8
18   11   -529.3   -1038.9   3421.2
18   12   -518.9   -1380.2   3434.5
18   13   -351.8   -708.3   3521.6
18   14   -373.7   -1044.6   3433.4
18   15   -373.9   -1386.5   3432.3
18   16   -555.9   -710.2   3376.6
18   17   -306.7   -718.3   3451.2
18   18   -447.5   -201.4   3593.7
19   0   -445.3   -101.8   3627.1
19   1   -446.1   -273.8   3582.8
19   2   -571.9   -282.4   3535.3
19   3   -566.6   -488.8   3408.6
19   4   -553.5   -754.2   3373.0
19   5   -315.1   -290.1   3600.7
19   6   -285.7   -498.2   3480.4
19   7   -310.9   -763.2   3448.9
19   8   -441.8   -491.2   3550.5
19   9   -440.6   -655.3   3523.8
19   10   -529.1   -699.4   3499.2
19   11   -529.4   -1039.0   3421.9
19   12   -488.7   -1376.5   3431.6
19   13   -352.0   -708.2   3521.6
19   14   -373.0   -1044.9   3435.3
19   15   -372.4   -1386.6   3436.8
19   16   -555.7   -709.9   3378.9
19   17   -306.7   -719.0   3454.2
19   18   -447.5   -201.7   3593.5
20   0   -445.7   -101.8   3627.1
20   1   -446.1   -274.0   3582.6
20   2   -571.9   -282.4   3535.3
20   3   -567.4   -488.7   3408.6
20   4   -552.1   -753.6   3375.4
20   5   -315.2   -290.0   3600.7
20   6   -290.9   -498.5   3480.0
20   7   -312.1   -762.8   3445.5
20   8   -441.8   -491.0   3549.9
20   9   -440.6   -655.8   3523.7
20   10   -529.1   -699.5   3500.3
20   11   -529.5   -1037.5   3421.5
20   12   -504.4   -1376.4   3432.1
20   13   -352.3   -708.4   3521.8
20   14   -372.8   -1043.8   3434.9
20   15   -372.7   -1383.8   3434.4
20   16   -554.7   -709.5   3380.9
20   17   -308.5   -718.8   3451.3
20   18   -447.5   -201.9   3593.4
21   0   -446.2   -101.9   3626.9
21   1   -446.1   -274.1   3582.3
21   2   -571.9   -282.3   3535.4
21   3   -569.1   -488.6   3408.7
21   4   -550.8   -753.0   3377.0
21   5   -315.3   -290.0   3600.7
21   6   -294.4   -498.5   3479.5
21   7   -313.5   -761.6   3439.1
21   8   -441.7   -491.0   3549.2
21   9   -440.6   -656.3   3523.5
21   10   -528.8   -699.4   3500.8
21   11   -529.7   -1038.0   3420.6
21   12   -521.9   -1377.7   3432.5
21   13   -352.8   -708.3   3522.0
21   14   -372.7   -1044.5   3433.9
21   15   -372.7   -1385.9   3432.8
21   16   -553.8   -708.9   3382.3
21   17   -310.3   -717.7   3445.8
21   18   -447.5   -202.1   3593.3
22   0   -446.8   -102.0   3626.8
22   1   -446.1   -274.3   3582.0
22   2   -571.9   -282.3   3535.4
22   3   -571.1   -488.4   3408.7
22   4   -548.4   -754.3   3376.4
22   5   -315.4   -290.0   3600.6
22   6   -297.2   -498.3   3478.9
22   7   -312.4   -763.7   3439.1
22   8   -441.7   -491.2   3548.4
22   9   -440.5   -656.9   3523.3
22   10   -528.5   -699.3   3501.2
22   11   -529.8   -1040.0   3421.6
22   12   -523.9   -1380.1   3431.6
22   13   -353.3   -708.3   3522.2
22   14   -372.2   -1046.1   3433.0
22   15   -371.9   -1388.0   3432.3
22   16   -552.1   -710.0   3381.8
22   17   -309.8   -719.5   3445.7
22   18   -447.5   -202.3   3593.1
23   0   -447.3   -103.2   3626.3
23   1   -446.1   -274.5   3581.7
23   2   -571.9   -282.3   3535.4
23   3   -573.2   -488.3   3408.7
23   4   -548.3   -754.5   3377.8
23   5   -315.5   -290.1   3600.6
23   6   -299.6   -498.3   3478.5
23   7   -310.3   -764.9   3443.5
23   8   -441.7   -491.8   3547.5
23   9   -440.5   -657.6   3523.0
23   10   -528.1   -699.1   3501.4
23   11   -529.9   -1041.8   3421.3
23   12   -492.0   -1378.3   3431.3
23   13   -353.8   -708.2   3522.3
23   14   -371.6   -1047.9   3432.1
23   15   -371.1   -1389.3   3431.6
23   16   -552.5   -710.2   3382.9
23   17   -308.5   -720.5   3449.4
23   18   -447.5   -202.5   3593.0
24   0   -447.8   -104.9   3625.7
24   1   -446.1   -274.8   3581.4
24   2   -571.9   -282.2   3535.4
24   3   -575.9   -488.2   3408.8
24   4   -548.5   -754.0   3379.3
24   5   -315.6   -290.1   3600.5
24   6   -301.8   -498.4   3478.5
24   7   -308.9   -765.3   3447.2
24   8   -441.7   -492.6   3546.8
24   9   -440.5   -658.0   3522.6
24   10   -527.5   -698.9   3501.6
24   11   -530.0   -1043.4   3421.6
24   12   -494.4   -1380.6   3436.6
24   13   -354.6   -707.8   3522.3
24   14   -370.7   -1049.3   3431.6
24   15   -370.2   -1390.2   3431.4
24   16   -553.1   -709.7   3384.2
24   17   -307.8   -720.8   3452.4
24   18   -447.5   -202.9   3592.8
25   0   -448.3   -106.5   3625.1
25   1   -446.1   -275.1   3581.2
25   2   -571.9   -282.2   3535.4
25   3   -578.4   -488.2   3409.2
25   4   -547.0   -755.2   3378.7
25   5   -315.7   -290.2   3600.5
25   6   -303.3   -498.4   3478.4
25   7   -308.3   -767.1   3447.6
25   8   -441.7   -493.4   3546.3
25   9   -440.5   -658.2   3522.4
25   10   -527.2   -698.7   3501.9
25   11   -530.0   -1043.0   3423.3
25   12   -503.7   -1381.3   3433.4
25   13   -355.1   -707.5   3522.3
25   14   -369.8   -1048.6   3431.9
25   15   -369.2   -1387.4   3432.4
25   16   -552.3   -710.7   3383.8
25   17   -307.5   -722.3   3452.7
25   18   -447.5   -203.2   3592.7
26   0   -448.7   -108.0   3624.7
26   1   -446.1   -275.4   3581.1
26   2   -571.9   -282.2   3535.4
26   3   -580.8   -488.0   3409.2
26   4   -544.0   -755.9   3376.9
26   5   -315.7   -290.2   3600.5
26   6   -302.9   -498.3   3478.5
26   7   -308.7   -769.1   3449.7
26   8   -441.6   -494.1   3546.0
26   9   -440.5   -658.3   3522.2
26   10   -527.1   -698.6   3502.2
26   11   -529.9   -1043.4   3426.1
26   12   -510.3   -1382.3   3427.0
26   13   -355.4   -707.3   3522.4
26   14   -369.4   -1048.5   3432.4
26   15   -369.3   -1388.0   3432.8
26   16   -550.2   -711.2   3382.2
26   17   -307.7   -724.0   3454.5
26   18   -447.5   -203.5   3592.7
27   0   -449.1   -109.0   3624.3
27   1   -446.1   -275.6   3581.1
27   2   -571.9   -282.1   3535.4
27   3   -582.8   -487.8   3409.3
27   4   -542.5   -754.9   3376.3
27   5   -315.8   -290.3   3600.5
27   6   -301.0   -498.3   3478.7
27   7   -309.1   -769.0   3451.6
27   8   -441.6   -494.6   3545.7
27   9   -440.5   -658.3   3522.2
27   10   -527.1   -698.6   3502.5
27   11   -530.0   -1041.3   3425.5
27   12   -514.8   -1380.3   3417.4
27   13   -355.5   -707.3   3522.4
27   14   -369.4   -1046.8   3433.4
27   15   -369.5   -1384.9   3434.2
27   16   -549.2   -710.4   3381.8
27   17   -307.7   -723.9   3456.1
27   18   -447.5   -203.8   3592.6
28   0   -449.5   -109.8   3624.1
28   1   -446.1   -275.7   3581.0
28   2   -571.8   -282.1   3535.4
28   3   -584.8   -487.6   3409.4
28   4   -541.6   -753.3   3376.5
28   5   -316.0   -290.3   3600.6
28   6   -299.0   -498.1   3478.8
28   7   -308.9   -767.8   3452.3
28   8   -441.6   -495.0   3545.6
28   9   -440.5   -658.3   3522.2
28   10   -527.2   -698.6   3502.9
28   11   -530.0   -1037.6   3424.0
28   12   -517.5   -1376.7   3418.6
28   13   -355.5   -707.3   3522.4
28   14   -369.5   -1043.6   3434.3
28   15   -369.7   -1380.5   3434.9
28   16   -548.8   -709.0   3382.0
28   17   -307.2   -722.8   3456.7
28   18   -447.5   -203.9   3592.6
29   0   -449.6   -110.5   3623.9
29   1   -446.0   -275.9   3581.0
29   2   -571.7   -282.0   3535.4
29   3   -585.2   -487.4   3409.5
29   4   -541.7   -751.9   3377.2
29   5   -316.1   -290.3   3600.6
29   6   -298.3   -498.0   3479.0
29   7   -308.5   -766.3   3451.5
29   8   -441.6   -495.3   3545.4
29   9   -440.5   -658.3   3522.3
29   10   -527.3   -698.7   3503.0
29   11   -530.0   -1034.2   3423.5
29   12   -516.9   -1373.2   3421.8
29   13   -355.3   -707.3   3522.5
29   14   -369.4   -1040.5   3434.9
29   15   -369.3   -1377.6   3435.2
29   16   -548.9   -707.8   3382.6
29   17   -306.8   -721.6   3456.1
29   18   -447.5   -204.1   3592.6
30   0   -449.7   -111.0   3623.7
30   1   -446.0   -276.1   3581.0
30   2   -572.1   -282.2   3536.7
30   3   -584.5   -486.8   3409.4
30   4   -542.0   -750.2   3378.0
30   5   -316.2   -290.4   3600.6
30   6   -297.9   -497.9   3479.1
30   7   -308.3   -765.0   3451.1
30   8   -441.6   -495.6   3545.4
30   9   -440.5   -658.4   3522.3
30   10   -527.5   -698.7   3503.0
30   11   -530.0   -1031.2   3423.1
30   12   -516.5   -1370.1   3426.6
30   13   -355.2   -707.4   3522.6
30   14   -369.3   -1037.8   3435.7
30   15   -369.3   -1375.3   3436.2
30   16   -549.1   -706.3   3383.2
30   17   -306.6   -720.5   3455.8
30   18   -447.5   -204.4   3592.6
31   0   -449.7   -111.4   3623.6
31   1   -446.0   -276.3   3580.9
31   2   -572.5   -282.5   3538.7
31   3   -584.2   -485.7   3409.4
31   4   -542.0   -748.2   3378.6
31   5   -316.4   -290.3   3600.6
31   6   -297.8   -497.8   3479.1
31   7   -308.6   -763.7   3450.4
31   8   -441.6   -495.8   3545.3
31   9   -440.5   -658.6   3522.4
31   10   -527.6   -698.8   3503.0
31   11   -530.0   -1030.2   3424.3
31   12   -515.5   -1368.7   3435.2
31   13   -355.0   -707.5   3522.8
31   14   -369.3   -1036.7   3436.4
31   15   -369.2   -1375.4   3436.8
31   16   -549.0   -704.4   3383.8
31   17   -306.8   -719.4   3455.2
31   18   -447.5   -204.6   3592.6
32   0   -449.6   -111.7   3623.5
32   1   -446.0   -276.4   3580.9
32   2   -573.0   -282.8   3540.8
32   3   -584.1   -484.5   3409.5
32   4   -541.9   -746.2   3379.4
32   5   -316.6   -290.3   3600.5
32   6   -297.8   -497.7   3479.2
32   7   -308.8   -762.6   3450.4
32   8   -441.6   -495.9   3545.2
32   9   -440.5   -658.7   3522.5
32   10   -527.7   -698.8   3503.0
32   11   -530.1   -1028.7   3423.8
32   12   -511.8   -1369.8   3433.3
32   13   -354.9   -707.5   3522.9
32   14   -369.3   -1035.4   3436.7
32   15   -387.4   -1414.7   3460.2
32   16   -549.0   -702.6   3384.4
32   17   -307.0   -718.5   3455.2
32   18   -447.5   -204.8   3592.6
33   0   -449.6   -111.8   3623.5
33   1   -446.0   -276.5   3580.9
33   2   -572.7   -282.6   3540.6
33   3   -584.2   -484.3   3409.4
33   4   -543.1   -745.6   3380.5
33   5   -316.9   -290.2   3600.5
33   6   -297.8   -497.5   3479.3
33   7   -309.0   -761.8   3450.9
33   8   -441.6   -495.8   3545.2
33   9   -440.5   -658.8   3522.6
33   10   -527.9   -698.6   3503.0
33   11   -530.2   -1027.0   3422.8
33   12   -511.8   -1369.0   3430.9
33   13   -354.8   -707.4   3523.1
33   14   -369.4   -1034.0   3436.8
33   15   -384.8   -1401.5   3449.9
33   16   -549.9   -702.0   3385.3
33   17   -307.2   -717.8   3455.7
33   18   -447.5   -204.9   3592.6
34   0   -449.6   -111.9   3623.5
34   1   -446.0   -276.5   3580.9
34   2   -572.4   -282.5   3540.6
34   3   -584.1   -484.0   3409.3
34   4   -545.4   -745.2   3382.0
34   5   -317.2   -290.2   3600.5
34   6   -297.9   -497.4   3479.4
34   7   -309.3   -761.2   3451.2
34   8   -441.5   -495.6   3545.1
34   9   -440.5   -658.8   3522.7
34   10   -528.0   -698.3   3503.0
34   11   -530.2   -1025.5   3422.9
34   12   -520.4   -1367.6   3430.2
34   13   -354.6   -707.1   3523.2
34   14   -369.6   -1032.4   3436.7
34   15   -380.2   -1386.8   3435.4
34   16   -551.9   -701.7   3386.6
34   17   -307.4   -717.2   3455.9
34   18   -447.5   -204.9   3592.6
35   0   -449.6   -112.0   3623.6
35   1   -446.0   -276.5   3580.9
35   2   -572.3   -282.4   3541.0
35   3   -584.1   -483.6   3409.4
35   4   -547.4   -744.8   3383.9
35   5   -317.5   -290.2   3600.5
35   6   -297.9   -497.3   3479.5
35   7   -309.5   -760.6   3451.2
35   8   -441.5   -495.4   3545.1
35   9   -440.5   -658.8   3522.8
35   10   -528.2   -697.8   3502.9
35   11   -530.3   -1024.0   3423.1
35   12   -524.4   -1365.5   3431.1
35   13   -354.4   -706.8   3523.5
35   14   -369.9   -1030.9   3436.7
35   15   -377.4   -1376.6   3427.4
35   16   -553.5   -701.3   3388.2
35   17   -307.6   -716.7   3455.9
35   18   -447.5   -204.9   3592.6
36   0   -449.6   -112.0   3623.7
36   1   -446.0   -276.4   3580.9
36   2   -572.2   -282.3   3541.2
36   3   -584.1   -483.3   3409.5
36   4   -546.4   -744.0   3384.0
36   5   -317.7   -290.1   3600.5
36   6   -297.9   -497.2   3479.7
36   7   -309.6   -760.1   3451.2
36   8   -441.5   -495.0   3545.0
36   9   -440.5   -658.8   3522.9
36   10   -528.4   -697.0   3502.9
36   11   -530.5   -1022.2   3423.3
36   12   -526.4   -1363.0   3432.5
36   13   -354.2   -706.0   3523.7
36   14   -370.3   -1029.0   3436.8
36   15   -370.7   -1368.1   3436.8
36   16   -552.7   -700.6   3388.3
36   17   -307.7   -716.3   3455.9
36   18   -447.5   -204.9   3592.6
37   0   -449.6   -112.1   3623.9
37   1   -446.0   -276.4   3580.8
37   2   -572.0   -282.2   3541.3
37   3   -584.1   -483.1   3409.6
37   4   -542.5   -742.7   3383.4
37   5   -318.0   -290.1   3600.5
37   6   -297.8   -497.1   3479.8
37   7   -309.6   -759.6   3451.4
37   8   -441.5   -494.7   3545.0
37   9   -440.5   -658.7   3522.9
37   10   -528.5   -696.0   3502.9
37   11   -530.7   -1020.7   3423.6
37   12   -525.9   -1360.7   3435.4
37   13   -353.9   -705.2   3523.7
37   14   -370.8   -1027.5   3437.2
37   15   -371.1   -1366.5   3437.4
37   16   -549.4   -699.5   3387.8
37   17   -307.6   -715.9   3456.1
37   18   -447.5   -204.9   3592.6
38   0   -449.6   -112.1   3624.1
38   1   -446.0   -276.4   3580.8
38   2   -571.9   -282.1   3541.4
38   3   -584.1   -482.8   3409.7
38   4   -534.2   -740.7   3383.6
38   5   -318.2   -290.1   3600.5
38   6   -297.7   -497.0   3479.8
38   7   -309.5   -759.2   3451.6
38   8   -441.5   -494.3   3545.0
38   9   -440.5   -658.6   3523.0
38   10   -528.3   -696.0   3502.9
38   11   -531.0   -1020.6   3424.1
38   12   -523.0   -1359.9   3435.4
38   13   -354.1   -705.2   3523.6
38   14   -371.5   -1027.4   3437.4
38   15   -371.9   -1367.1   3437.5
38   16   -542.5   -697.7   3388.0
38   17   -307.5   -715.5   3456.3
38   18   -447.5   -204.9   3592.6
39   0   -449.6   -112.2   3624.3
39   1   -446.0   -276.3   3580.8
39   2   -571.7   -282.0   3541.5
39   3   -584.1   -482.7   3409.9
39   4   -534.2   -740.3   3383.3
39   5   -318.4   -290.1   3600.4
39   6   -297.5   -496.9   3479.9
39   7   -309.5   -758.9   3451.6
39   8   -441.6   -493.9   3545.0
39   9   -440.5   -658.5   3523.1
39   10   -528.2   -696.0   3503.0
39   11   -531.2   -1021.3   3424.8
39   12   -516.5   -1359.9   3433.5
39   13   -354.3   -705.3   3523.3
39   14   -372.1   -1028.1   3437.3
39   15   -372.5   -1367.6   3437.2
39   16   -542.5   -697.4   3387.7
39   17   -307.5   -715.2   3456.3
39   18   -447.5   -204.9   3592.6
40   0   -449.6   -112.2   3624.7
40   1   -446.3   -276.3   3580.8
40   2   -572.0   -281.7   3542.0
40   3   -584.0   -482.3   3410.4
40   4   -545.0   -741.2   3382.6
40   5   -318.8   -290.5   3599.8
40   6   -297.2   -497.3   3479.5
40   7   -309.5   -759.1   3451.5
40   8   -442.4   -493.6   3545.2
40   9   -441.1   -658.4   3523.2
40   10   -528.6   -696.2   3502.9
40   11   -531.5   -1023.3   3425.6
40   12   -512.2   -1361.3   3430.5
40   13   -355.0   -705.1   3523.0
40   14   -373.3   -1029.5   3437.0
40   15   -374.1   -1369.2   3436.7
40   16   -551.5   -698.1   3387.2
40   17   -307.5   -715.4   3456.2
40   18   -447.5   -204.9   3592.6
41   0   -449.6   -112.3   3625.1
41   1   -446.6   -276.3   3580.9
41   2   -572.5   -281.4   3542.7
41   3   -583.9   -481.7   3410.8
41   4   -548.5   -741.0   3382.4
41   5   -319.1   -291.0   3598.7
41   6   -296.8   -497.9   3479.1
41   7   -309.6   -759.5   3451.5
41   8   -443.7   -493.3   3545.3
41   9   -442.1   -658.3   3523.2
41   10   -529.5   -696.3   3502.7
41   11   -531.9   -1024.0   3424.5
41   12   -509.7   -1361.5   3427.1
41   13   -355.9   -704.6   3522.6
41   14   -374.5   -1029.9   3436.9
41   15   -375.3   -1368.1   3436.9
41   16   -554.4   -697.7   3387.1
41   17   -307.4   -715.9   3456.1
41   18   -447.5   -204.9   3592.6
42   0   -449.6   -112.3   3625.4
42   1   -446.9   -276.3   3581.0
42   2   -573.0   -281.0   3543.4
42   3   -583.9   -480.9   3411.2
42   4   -541.2   -738.8   3382.5
42   5   -319.4   -291.6   3597.6
42   6   -296.5   -498.7   3478.6
42   7   -309.6   -760.2   3451.7
42   8   -445.0   -493.0   3545.7
42   9   -443.3   -658.2   3523.3
42   10   -530.5   -696.3   3502.5
42   11   -532.0   -1023.4   3423.2
42   12   -506.1   -1360.4   3422.9
42   13   -356.8   -704.0   3522.1
42   14   -375.9   -1029.1   3436.8
42   15   -376.9   -1366.0   3436.8
42   16   -548.3   -695.9   3387.3
42   17   -307.4   -716.6   3456.2
42   18   -447.5   -204.9   3592.6
43   0   -449.6   -112.3   3625.6
43   1   -447.2   -276.3   3581.1
43   2   -573.4   -280.6   3544.2
43   3   -583.8   -480.1   3411.4
43   4   -530.8   -735.8   3382.9
43   5   -319.9   -292.3   3596.8
43   6   -296.2   -499.5   3478.3
43   7   -309.6   -760.8   3452.1
43   8   -446.4   -492.8   3546.1
43   9   -444.5   -658.1   3523.3
43   10   -531.6   -696.0   3502.2
43   11   -532.1   -1021.4   3421.7
43   12   -504.9   -1358.0   3423.4
43   13   -357.7   -703.0   3521.7
43   14   -377.5   -1026.5   3436.2
43   15   -378.5   -1362.0   3435.7
43   16   -539.6   -693.2   3387.6
43   17   -307.4   -717.2   3456.5
43   18   -447.5   -204.9   3592.6
44   0   -449.6   -112.3   3625.9
44   1   -447.5   -276.2   3581.2
44   2   -573.8   -280.2   3544.9
44   3   -583.7   -479.3   3411.7
44   4   -533.1   -735.6   3383.3
44   5   -320.3   -292.6   3596.2
44   6   -296.1   -499.9   3478.2
44   7   -309.6   -761.1   3452.4
44   8   -447.5   -492.6   3546.6
44   9   -445.7   -657.9   3523.3
44   10   -532.6   -696.0   3501.9
44   11   -532.1   -1020.3   3421.6
44   12   -504.9   -1356.5   3426.9
44   13   -358.8   -702.3   3521.5
44   14   -379.2   -1024.6   3436.0
44   15   -380.3   -1360.7   3435.9
44   16   -541.5   -692.8   3388.1
44   17   -307.4   -717.5   3456.7
44   18   -447.5   -204.9   3592.6
45   0   -449.6   -112.3   3626.0
45   1   -447.7   -276.2   3581.3
45   2   -573.8   -280.1   3545.1
45   3   -583.6   -479.0   3411.9
45   4   -538.0   -736.1   3383.7
45   5   -320.4   -292.6   3594.9
45   6   -295.9   -500.4   3478.0
45   7   -309.7   -761.4   3451.9
45   8   -448.3   -492.5   3547.1
45   9   -446.8   -657.8   3523.3
45   10   -533.3   -695.9   3501.6
45   11   -532.1   -1018.4   3420.2
45   12   -505.0   -1354.4   3428.2
45   13   -360.0   -701.8   3521.4
45   14   -380.0   -1022.6   3435.8
45   15   -380.1   -1358.3   3435.8
45   16   -545.6   -693.2   3388.4
45   17   -307.4   -717.9   3456.3
45   18   -447.5   -204.9   3592.6
46   0   -449.6   -112.3   3626.1
46   1   -447.8   -276.2   3581.4
46   2   -573.8   -280.0   3545.2
46   3   -583.0   -478.9   3412.0
46   4   -535.3   -735.4   3383.4
46   5   -320.4   -292.5   3593.9
46   6   -295.9   -500.6   3477.9
46   7   -309.7   -761.4   3451.2
46   8   -448.5   -492.3   3547.6
46   9   -447.5   -657.6   3523.3
46   10   -533.8   -695.7   3501.4
46   11   -532.1   -1016.6   3419.9
46   12   -504.8   -1352.3   3428.6
46   13   -360.8   -701.4   3521.3
46   14   -380.0   -1020.5   3435.6
46   15   -379.8   -1356.1   3435.5
46   16   -543.3   -692.7   3388.2
46   17   -307.4   -717.9   3455.6
46   18   -447.5   -204.9   3592.6
47   0   -449.6   -112.2   3626.2
47   1   -447.8   -276.2   3581.6
47   2   -573.7   -280.0   3545.1
47   3   -582.0   -478.8   3412.1
47   4   -532.1   -734.7   3382.6
47   5   -320.4   -292.4   3593.1
47   6   -295.9   -500.7   3477.8
47   7   -310.0   -761.3   3450.9
47   8   -448.5   -492.2   3548.2
47   9   -447.9   -657.5   3523.4
47   10   -534.0   -695.3   3501.1
47   11   -532.1   -1014.7   3420.1
47   12   -505.0   -1350.2   3428.7
47   13   -361.3   -700.9   3521.3
47   14   -379.8   -1018.4   3435.3
47   15   -378.5   -1362.6   3425.4
47   16   -540.4   -692.1   3387.5
47   17   -307.6   -717.9   3455.3
47   18   -447.5   -204.9   3592.6
48   0   -449.6   -112.2   3626.3
48   1   -447.8   -276.2   3581.7
48   2   -573.6   -280.0   3545.0
48   3   -581.6   -478.8   3412.1
48   4   -531.6   -736.6   3382.4
48   5   -320.4   -292.3   3592.8
48   6   -295.8   -500.6   3477.7
48   7   -311.1   -763.0   3449.6
48   8   -448.4   -492.1   3548.6
48   9   -448.0   -657.4   3523.4
48   10   -534.0   -694.8   3500.8
48   11   -532.1   -1013.0   3420.3
48   12   -507.2   -1348.5   3428.6
48   13   -361.6   -700.5   3521.3
48   14   -379.4   -1016.7   3435.2
48   15   -379.3   -1355.0   3426.8
48   16   -539.9   -693.6   3387.4
48   17   -308.5   -719.2   3454.3
48   18   -447.5   -204.9   3592.6
49   0   -449.6   -112.2   3626.4
49   1   -447.7   -276.2   3581.7
49   2   -573.5   -279.9   3544.9
49   3   -581.4   -478.7   3412.0
49   4   -532.2   -738.3   3382.4
49   5   -320.4   -292.2   3592.8
49   6   -295.9   -500.5   3477.8
49   7   -312.7   -764.1   3447.7
49   8   -448.3   -491.9   3548.8
49   9   -448.0   -657.2   3523.4
49   10   -533.9   -694.5   3500.5
49   11   -532.1   -1011.7   3420.6
49   12   -508.4   -1347.2   3428.4
49   13   -361.6   -700.1   3521.2
49   14   -378.9   -1015.3   3435.1
49   15   -378.9   -1351.2   3427.1
49   16   -540.4   -695.0   3387.3
49   17   -309.9   -720.2   3452.7
49   18   -447.5   -204.9   3592.6
50   0   -449.6   -112.2   3626.6
50   1   -447.7   -276.1   3581.7
50   2   -573.4   -279.9   3544.8
50   3   -581.3   -478.4   3411.9
50   4   -532.5   -738.4   3382.6
50   5   -320.5   -292.2   3593.0
50   6   -295.9   -500.2   3477.8
50   7   -312.6   -764.1   3447.8
50   8   -448.2   -491.8   3549.0
50   9   -448.0   -657.1   3523.4
50   10   -533.7   -694.2   3500.3
50   11   -532.1   -1010.9   3421.0
50   12   -508.8   -1346.2   3427.9
50   13   -361.6   -699.7   3521.2
50   14   -378.4   -1014.2   3435.2
50   15   -377.8   -1349.3   3425.9
50   16   -540.6   -695.1   3387.5
50   17   -309.8   -720.1   3452.8
50   18   -447.5   -204.9   3592.6
51   0   -449.6   -112.2   3626.7
51   1   -447.7   -276.1   3581.8
51   2   -573.4   -279.8   3544.7
51   3   -581.3   -477.9   3411.2
51   4   -533.1   -737.6   3383.1
51   5   -320.5   -292.2   3593.2
51   6   -295.9   -499.9   3477.7
51   7   -311.8   -763.5   3449.4
51   8   -448.1   -491.7   3549.0
51   9   -447.9   -657.0   3523.4
51   10   -533.5   -693.9   3500.0
51   11   -532.1   -1010.3   3421.2
51   12   -508.8   -1345.4   3427.4
51   13   -361.3   -698.9   3521.2
51   14   -378.1   -1013.0   3435.4
51   15   -377.3   -1347.8   3422.6
51   16   -541.1   -694.3   3387.8
51   17   -309.1   -719.6   3454.1
51   18   -447.5   -204.9   3592.6
52   0   -449.6   -112.2   3626.9
52   1   -447.7   -276.1   3581.8
52   2   -573.3   -279.8   3544.5
52   3   -581.3   -476.9   3409.9
52   4   -534.1   -736.2   3383.8
52   5   -320.6   -292.2   3593.5
52   6   -295.8   -499.6   3477.6
52   7   -311.0   -762.7   3451.5
52   8   -448.1   -491.6   3549.1
52   9   -447.9   -656.8   3523.4
52   10   -533.4   -693.7   3499.7
52   11   -532.1   -1009.9   3421.4
52   12   -507.7   -1344.8   3426.3
52   13   -361.3   -698.6   3521.2
52   14   -378.1   -1012.5   3435.5
52   15   -377.2   -1347.2   3418.0
52   16   -541.9   -693.0   3388.2
52   17   -308.5   -718.8   3455.8
52   18   -447.5   -204.9   3592.6
53   0   -449.6   -112.2   3627.0
53   1   -447.7   -276.0   3581.7
53   2   -572.4   -279.2   3541.5
53   3   -582.3   -475.1   3405.4
53   4   -533.1   -733.7   3384.2
53   5   -320.6   -292.2   3593.6
53   6   -292.8   -499.1   3477.8
53   7   -311.0   -761.3   3452.7
53   8   -448.1   -491.4   3549.0
53   9   -447.9   -656.7   3523.4
53   10   -533.1   -693.6   3498.4
53   11   -532.1   -1009.8   3421.4
53   12   -507.4   -1344.5   3421.7
53   13   -361.3   -698.7   3521.0
53   14   -378.0   -1012.3   3435.3
53   15   -377.5   -1346.9   3415.0
53   16   -541.3   -690.6   3387.7
53   17   -308.0   -717.6   3456.9
53   18   -447.5   -204.9   3592.6
54   0   -449.6   -111.9   3624.3
54   1   -447.7   -276.0   3579.8
54   2   -570.5   -278.1   3534.3
54   3   -585.2   -468.5   3391.5
54   4   -529.9   -728.1   3384.7
54   5   -320.6   -292.1   3588.8
54   6   -280.5   -499.4   3478.4
54   7   -313.2   -761.6   3452.6
54   8   -448.1   -491.3   3546.4
54   9   -447.9   -656.5   3521.0
54   10   -532.5   -693.3   3493.5
54   11   -532.1   -1010.4   3420.8
54   12   -507.2   -1344.6   3408.4
54   13   -361.2   -698.8   3519.9
54   14   -378.0   -1012.1   3433.9
54   15   -378.0   -1347.5   3432.7
54   16   -539.1   -684.8   3385.9
54   17   -307.8   -717.9   3456.9
54   18   -447.5   -204.9   3590.9
55   0   -449.6   -111.2   3617.4
55   1   -447.7   -275.9   3575.7
55   2   -569.7   -277.6   3527.9
55   3   -596.6   -464.1   3382.2
55   4   -525.3   -721.3   3380.1
55   5   -320.6   -292.0   3584.6
55   6   -259.3   -496.6   3480.3
55   7   -314.8   -755.8   3452.3
55   8   -448.1   -491.3   3541.8
55   9   -447.9   -656.4   3516.5
55   10   -531.1   -692.8   3484.1
55   11   -532.1   -1011.5   3419.3
55   12   -507.1   -1345.4   3404.5
55   13   -361.1   -698.8   3518.1
55   14   -377.9   -1011.9   3431.5
55   15   -377.9   -1347.0   3429.6
55   16   -537.2   -678.4   3380.4
55   17   -305.6   -712.6   3457.0
55   18   -447.5   -204.9   3586.9
56   0   -449.6   -110.6   3609.3
56   1   -447.7   -275.9   3571.1
56   2   -571.0   -278.4   3526.8
56   3   -617.5   -467.7   3391.1
56   4   -523.0   -714.8   3368.0
56   5   -320.4   -291.8   3584.0
56   6   -244.8   -492.9   3481.9
56   7   -314.3   -748.9   3452.0
56   8   -448.1   -491.6   3537.9
56   9   -447.8   -656.6   3511.5
56   10   -531.4   -692.9   3479.3
56   11   -532.1   -1012.2   3416.9
56   12   -507.2   -1346.2   3406.1
56   13   -361.0   -698.9   3515.8
56   14   -377.9   -1011.8   3428.3
56   15   -377.8   -1346.8   3426.0
56   16   -538.8   -673.6   3371.9
56   17   -302.7   -706.2   3457.0
56   18   -447.5   -204.9   3582.0
57   0   -449.6   -110.5   3603.1
57   1   -447.7   -276.0   3567.5
57   2   -573.1   -279.7   3529.3
57   3   -640.4   -472.6   3408.2
57   4   -516.9   -699.3   3356.5
57   5   -320.5   -291.4   3586.9
57   6   -297.3   -504.6   3498.2
57   7   -306.2   -757.6   3445.1
57   8   -448.1   -492.2   3536.5
57   9   -447.8   -656.9   3507.7
57   10   -532.3   -693.3   3477.9
57   11   -532.1   -1012.5   3412.9
57   12   -507.3   -1346.4   3404.7
57   13   -361.0   -699.0   3512.8
57   14   -377.8   -1012.2   3424.4
57   15   -377.7   -1347.4   3421.8
57   16   -537.5   -661.5   3365.1
57   17   -304.8   -715.5   3453.9
57   18   -447.5   -204.9   3577.6
58   0   -449.6   -110.7   3599.8
58   1   -447.7   -276.0   3565.3
58   2   -574.9   -280.7   3532.9
58   3   -663.1   -464.7   3410.7
58   4   -602.4   -574.0   3241.5
58   5   -320.7   -290.9   3590.1
58   6   -238.7   -492.8   3530.2
58   7   -243.1   -663.4   3372.6
58   8   -448.1   -492.9   3536.7
58   9   -447.8   -657.3   3505.4
58   10   -532.9   -693.5   3477.5
58   11   -532.1   -1013.1   3409.7
58   12   -506.4   -1346.7   3399.5
58   13   -360.9   -699.1   3510.0
58   14   -377.7   -1013.1   3421.0
58   15   -377.6   -1348.5   3419.1
58   16   -612.2   -556.2   3269.7
58   17   -242.4   -635.2   3398.9
58   18   -447.5   -204.9   3574.7
59   0   -449.6   -111.1   3598.5
59   1   -447.7   -276.1   3564.2
59   2   -575.6   -281.0   3533.6
59   3   -676.4   -439.3   3390.5
59   4   -737.4   -542.3   3206.9
59   5   -320.3   -290.6   3588.0
59   6   -199.3   -475.5   3525.2
59   7   -101.6   -627.0   3377.9
59   8   -448.1   -493.5   3537.5
59   9   -447.8   -657.7   3504.1
59   10   -533.4   -693.6   3477.5
59   11   -532.1   -1014.2   3408.4
59   12   -502.0   -1347.4   3400.5
59   13   -360.9   -699.2   3508.2
59   14   -377.6   -1014.6   3419.7
59   15   -377.5   -1350.3   3419.6
59   16   -727.1   -525.2   3237.5
59   17   -117.7   -601.8   3402.5
59   18   -447.5   -204.9   3573.0
60   0   -449.6   -111.4   3598.2
60   1   -447.7   -276.1   3563.8
60   2   -575.8   -281.0   3532.8
60   3   -692.8   -422.9   3383.7
60   4   -829.3   -536.0   3218.9
60   5   -319.8   -290.5   3582.9
60   6   -173.0   -463.1   3523.0
60   7   -10.9   -610.0   3411.1
60   8   -448.1   -494.0   3538.6
60   9   -447.8   -658.0   3503.5
60   10   -533.6   -693.6   3477.7
60   11   -532.1   -1014.0   3406.7
60   12   -504.6   -1347.2   3401.4
60   13   -360.9   -699.2   3506.9
60   14   -377.4   -1015.1   3419.3
60   15   -377.3   -1349.5   3419.6
60   16   -806.6   -517.2   3246.3
60   17   -37.8   -585.5   3429.8
60   18   -447.5   -204.9   3572.0
61   0   -449.6   -111.8   3598.3
61   1   -447.7   -276.1   3563.4
61   2   -575.5   -280.7   3530.0
61   3   -705.7   -417.5   3386.1
61   4   -876.3   -541.3   3235.6
61   5   -318.9   -289.7   3580.0
61   6   -157.0   -458.2   3544.4
61   7   32.8   -603.7   3445.0
61   8   -448.1   -494.3   3539.5
61   9   -447.8   -658.3   3503.2
61   10   -533.7   -693.4   3477.8
61   11   -532.1   -1013.6   3406.0
61   12   -508.2   -1346.9   3402.0
61   13   -360.9   -699.2   3506.9
61   14   -377.2   -1014.9   3419.2
61   15   -377.1   -1348.7   3419.5
61   16   -848.0   -520.7   3260.7
61   17   1.3   -579.5   3461.6
61   18   -447.5   -204.9   3571.2
62   0   -449.6   -112.0   3598.5
62   1   -447.7   -276.1   3563.0
62   2   -574.9   -280.3   3526.0
62   3   -711.7   -417.9   3388.7
62   4   -899.4   -548.4   3253.4
62   5   -317.4   -287.8   3578.6
62   6   -149.6   -455.4   3560.3
62   7   47.5   -602.4   3463.2
62   8   -448.1   -494.6   3540.1
62   9   -447.8   -658.6   3503.1
62   10   -533.7   -693.3   3477.9
62   11   -532.0   -1013.7   3406.4
62   12   -509.8   -1347.0   3402.1
62   13   -361.0   -699.2   3507.2
62   14   -377.1   -1015.0   3419.1
62   15   -377.1   -1349.1   3419.2
62   16   -868.2   -526.6   3275.9
62   17   14.7   -577.9   3479.4
62   18   -447.5   -204.9   3570.5
63   0   -449.6   -112.2   3598.6
63   1   -447.7   -276.1   3562.5
63   2   -574.6   -280.0   3523.1
63   3   -713.5   -420.0   3390.3
63   4   -906.5   -549.9   3259.6
63   5   -316.0   -286.1   3578.1
63   6   -149.3   -456.1   3565.2
63   7   49.8   -604.0   3471.6
63   8   -448.1   -494.7   3540.4
63   9   -447.8   -658.7   3503.0
63   10   -533.7   -693.0   3477.9
63   11   -532.0   -1013.9   3406.8
63   12   -510.8   -1347.1   3402.1
63   13   -361.1   -699.1   3507.3
63   14   -377.1   -1015.3   3418.9
63   15   -374.1   -1347.4   3432.2
63   16   -874.4   -528.3   3281.3
63   17   16.6   -579.4   3487.2
63   18   -447.5   -204.9   3569.8
64   0   -449.6   -112.4   3598.6
64   1   -447.7   -276.1   3562.0
64   2   -574.9   -280.2   3522.4
64   3   -713.5   -421.2   3390.7
64   4   -906.1   -547.7   3258.7
64   5   -314.4   -284.1   3577.7
64   6   -151.6   -457.1   3562.6
64   7   48.9   -605.6   3475.6
64   8   -448.1   -494.7   3540.5
64   9   -447.8   -658.7   3503.0
64   10   -533.7   -692.9   3478.0
64   11   -532.0   -1014.3   3407.1
64   12   -511.5   -1347.4   3402.2
64   13   -361.2   -699.1   3507.4
64   14   -377.1   -1015.7   3419.0
64   15   -372.5   -1348.2   3437.7
64   16   -874.0   -526.6   3280.7
64   17   15.4   -580.8   3490.1
64   18   -447.5   -204.9   3569.0
65   0   -449.6   -112.4   3598.6
65   1   -447.6   -276.1   3561.5
65   2   -575.3   -280.4   3522.8
65   3   -713.1   -421.2   3390.3
65   4   -902.3   -543.5   3253.4
65   5   -314.1   -283.8   3577.7
65   6   -153.4   -457.8   3557.2
65   7   48.4   -605.4   3476.1
65   8   -448.1   -494.7   3540.4
65   9   -447.8   -658.6   3502.9
65   10   -533.6   -692.7   3478.1
65   11   -532.1   -1014.6   3407.6
65   12   -512.4   -1347.6   3402.5
65   13   -361.3   -698.9   3506.8
65   14   -377.1   -1016.2   3419.3
65   15   -371.4   -1349.2   3429.2
65   16   -870.8   -523.1   3276.3
65   17   14.7   -580.8   3489.6
65   18   -447.5   -204.9   3568.4
66   0   -449.6   -112.5   3598.6
66   1   -447.6   -276.0   3561.1
66   2   -575.7   -280.6   3523.3
66   3   -713.0   -419.8   3389.1
66   4   -896.6   -538.1   3244.5
66   5   -314.7   -285.0   3577.9
66   6   -154.2   -458.0   3552.6
66   7   49.5   -601.7   3472.8
66   8   -448.1   -494.5   3539.9
66   9   -447.8   -658.3   3502.8
66   10   -533.4   -692.5   3478.2
66   11   -532.1   -1014.9   3407.8
66   12   -512.7   -1347.7   3402.8
66   13   -361.5   -698.7   3505.9
66   14   -377.1   -1016.8   3419.8
66   15   -377.1   -1350.5   3420.2
66   16   -866.0   -518.4   3268.6
66   17   15.5   -577.7   3486.1
66   18   -447.5   -204.9   3568.0
67   0   -449.6   -112.4   3598.6
67   1   -447.6   -276.0   3560.3
67   2   -575.9   -280.7   3523.5
67   3   -713.7   -416.2   3386.3
67   4   -896.9   -528.0   3237.9
67   5   -315.5   -286.4   3578.2
67   6   -153.8   -457.8   3551.5
67   7   53.9   -587.7   3463.0
67   8   -448.1   -494.1   3537.6
67   9   -447.8   -657.9   3502.6
67   10   -533.2   -692.3   3478.2
67   11   -532.1   -1015.1   3407.9
67   12   -512.7   -1347.7   3403.1
67   13   -361.7   -698.4   3504.6
67   14   -377.0   -1017.5   3420.5
67   15   -377.0   -1351.1   3420.9
67   16   -866.4   -509.4   3262.7
67   17   19.3   -566.0   3477.8
67   18   -447.5   -204.9   3567.7
68   0   -449.6   -112.4   3598.6
68   1   -447.6   -275.8   3559.3
68   2   -576.0   -280.8   3523.7
68   3   -716.9   -406.8   3381.1
68   4   -905.3   -499.5   3228.2
68   5   -315.6   -286.9   3578.3
68   6   -151.5   -455.8   3552.8
68   7   64.2   -557.0   3451.9
68   8   -448.1   -493.5   3533.6
68   9   -447.8   -657.5   3502.4
68   10   -533.0   -692.0   3478.2
68   11   -532.1   -1015.3   3408.0
68   12   -512.7   -1347.7   3401.2
68   13   -361.9   -698.2   3503.4
68   14   -376.9   -1018.2   3420.6
68   15   -376.8   -1351.5   3420.5
68   16   -873.9   -484.0   3253.7
68   17   28.2   -540.2   3468.7
68   18   -447.5   -204.9   3567.6
69   0   -449.6   -112.3   3598.7
69   1   -447.6   -275.7   3558.4
69   2   -576.1   -280.9   3523.8
69   3   -722.5   -387.1   3372.2
69   4   -915.9   -462.3   3216.5
69   5   -315.4   -286.6   3578.3
69   6   -141.7   -445.0   3552.3
69   7   83.8   -514.3   3447.5
69   8   -448.1   -493.0   3530.5
69   9   -447.8   -657.0   3502.4
69   10   -532.9   -691.8   3478.2
69   11   -532.1   -1015.8   3408.0
69   12   -511.9   -1347.9   3397.9
69   13   -362.0   -698.0   3502.9
69   14   -376.8   -1018.7   3420.4
69   15   -376.6   -1351.8   3420.3
69   16   -883.6   -449.8   3242.5
69   17   46.3   -502.8   3465.0
69   18   -447.5   -204.9   3567.5
70   0   -449.6   -112.3   3598.7
70   1   -447.6   -275.6   3558.1
70   2   -576.2   -280.9   3524.0
70   3   -731.0   -355.7   3363.8
70   4   -930.3   -386.3   3204.5
70   5   -315.3   -286.5   3579.2
70   6   -124.5   -421.2   3550.6
70   7   93.0   -439.7   3418.5
70   8   -448.1   -492.6   3529.1
70   9   -447.8   -656.3   3502.4
70   10   -532.9   -691.7   3478.1
70   11   -532.1   -1016.2   3407.9
70   12   -511.0   -1348.0   3396.1
70   13   -362.1   -698.0   3502.8
70   14   -376.4   -1019.1   3420.1
70   15   -376.2   -1351.9   3419.8
70   16   -897.1   -381.2   3231.1
70   17   56.8   -436.6   3440.5
70   18   -447.4   -204.9   3567.5
71   0   -449.6   -112.2   3598.7
71   1   -447.6   -275.6   3558.1
71   2   -576.3   -280.9   3524.1
71   3   -739.5   -319.1   3360.0
71   4   -923.3   -281.5   3190.9
71   5   -315.0   -285.7   3581.4
71   6   -104.3   -381.5   3549.4
71   7   36.7   -310.6   3373.6
71   8   -448.1   -492.2   3529.2
71   9   -447.8   -655.7   3502.4
71   10   -532.9   -691.7   3478.1
71   11   -532.1   -1016.7   3407.8
71   12   -509.9   -1348.2   3394.4
71   13   -362.1   -697.9   3502.8
71   14   -375.7   -1019.4   3419.5
71   15   -367.9   -1350.6   3431.2
71   16   -892.6   -287.8   3219.1
71   17   13.3   -322.5   3402.9
71   18   -447.4   -204.9   3567.5
72   0   -449.6   -112.2   3598.7
72   1   -447.6   -275.6   3558.6
72   2   -576.4   -280.9   3524.2
72   3   -745.1   -269.7   3363.2
72   4   -917.0   -180.4   3197.0
72   5   -313.2   -282.0   3584.9
72   6   -87.8   -333.2   3553.1
72   7   -2.7   -176.7   3391.9
72   8   -448.0   -492.0   3531.4
72   9   -447.8   -655.0   3502.5
72   10   -532.9   -691.8   3478.0
72   11   -532.1   -1017.0   3407.7
72   12   -508.5   -1348.2   3394.0
72   13   -362.0   -697.8   3502.7
72   14   -374.2   -1019.5   3418.7
72   15   -362.4   -1351.0   3431.8
72   16   -888.4   -195.3   3224.7
72   17   -16.9   -202.8   3418.7
72   18   -447.4   -204.9   3567.5
73   0   -449.5   -111.7   3598.7
73   1   -447.6   -275.3   3559.6
73   2   -578.0   -277.6   3524.1
73   3   -745.8   -215.6   3374.0
73   4   -897.2   -75.1   3221.8
73   5   -309.4   -273.7   3587.5
73   6   -78.0   -268.8   3568.9
73   7   -19.8   -76.6   3409.5
73   8   -448.0   -491.3   3535.3
73   9   -447.8   -653.8   3502.4
73   10   -532.4   -691.3   3478.1
73   11   -531.9   -1016.6   3407.6
73   12   -506.6   -1347.6   3394.1
73   13   -362.3   -696.7   3502.6
73   14   -371.7   -1018.6   3418.0
73   15   -357.1   -1350.2   3431.2
73   16   -872.0   -98.5   3247.2
73   17   -29.5   -108.6   3436.1
73   18   -447.4   -204.6   3567.5
74   0   -449.5   -109.2   3598.6
74   1   -447.5   -273.1   3560.4
74   2   -581.9   -265.7   3523.0
74   3   -746.6   -158.2   3395.6
74   4   -879.5   26.8   3276.4
74   5   -305.7   -262.3   3588.0
74   6   -80.5   -202.3   3581.8
74   7   -43.2   12.4   3434.5
74   8   -447.9   -487.9   3538.8
74   9   -447.7   -650.4   3501.7
74   10   -531.4   -687.9   3478.4
74   11   -531.6   -1013.9   3408.1
74   12   -504.0   -1345.9   3393.2
74   13   -362.9   -692.4   3502.6
74   14   -367.5   -1014.9   3417.8
74   15   -376.4   -1346.3   3444.2
74   16   -857.3   -4.0   3296.3
74   17   -49.5   -23.4   3459.0
74   18   -447.4   -202.3   3567.5
75   0   -449.6   -102.1   3597.8
75   1   -447.2   -265.6   3560.3
75   2   -585.6   -246.2   3520.9
75   3   -747.1   -102.5   3428.8
75   4   -812.6   116.0   3316.4
75   5   -304.7   -251.3   3587.3
75   6   -94.6   -149.8   3611.2
75   7   -129.0   80.0   3504.8
75   8   -446.9   -479.7   3541.0
75   9   -446.9   -643.1   3501.2
75   10   -530.1   -680.8   3478.7
75   11   -531.2   -1008.7   3409.1
75   12   -501.0   -1340.6   3392.1
75   13   -362.0   -683.9   3502.5
75   14   -364.7   -1008.5   3418.8
75   15   -378.3   -1340.6   3443.3
75   16   -801.6   79.6   3335.1
75   17   -123.3   41.7   3522.6
75   18   -447.3   -194.8   3566.7
76   0   -449.6   -91.0   3594.7
76   1   -446.7   -255.6   3559.5
76   2   -586.6   -231.1   3519.0
76   3   -733.1   -56.8   3455.2
76   4   -764.9   184.9   3369.8
76   5   -304.1   -237.8   3587.1
76   6   -126.7   -102.9   3656.0
76   7   -96.2   132.3   3583.0
76   8   -445.0   -469.0   3542.0
76   9   -445.4   -633.6   3500.2
76   10   -529.2   -666.6   3478.9
76   11   -530.5   -999.0   3410.8
76   12   -497.7   -1330.3   3390.6
76   13   -359.1   -668.0   3502.4
76   14   -362.2   -997.1   3420.3
76   15   -374.4   -1329.7   3438.7
76   16   -759.6   144.6   3384.0
76   17   -101.3   93.1   3595.2
76   18   -447.2   -184.7   3565.3
77   0   -449.7   -80.0   3589.5
77   1   -445.9   -246.2   3558.0
77   2   -586.7   -220.3   3518.2
77   3   -709.7   -22.7   3471.0
77   4   -749.5   223.3   3393.3
77   5   -304.6   -227.3   3587.0
77   6   -153.6   -72.7   3683.3
77   7   -66.5   152.0   3617.3
77   8   -442.7   -458.8   3542.2
77   9   -443.3   -624.6   3498.7
77   10   -526.6   -654.1   3479.5
77   11   -529.7   -991.8   3411.4
77   12   -492.3   -1322.0   3389.0
77   13   -358.1   -656.3   3502.2
77   14   -360.5   -990.8   3419.9
77   15   -370.3   -1323.4   3433.3
77   16   -742.9   182.3   3406.2
77   17   -81.0   114.5   3628.3
77   18   -447.0   -175.4   3563.3
78   0   -449.8   -71.2   3583.2
78   1   -445.1   -239.2   3556.5
78   2   -585.6   -215.8   3518.4
78   3   -696.9   -8.8   3477.0
78   4   -745.1   236.1   3400.7
78   5   -305.4   -219.7   3587.7
78   6   -157.1   -65.8   3694.2
78   7   -49.4   155.0   3622.9
78   8   -439.7   -451.1   3542.4
78   9   -440.2   -617.6   3497.6
78   10   -522.8   -645.8   3480.2
78   11   -528.7   -988.7   3410.5
78   12   -490.7   -1318.5   3388.4
78   13   -356.2   -648.3   3501.5
78   14   -359.9   -988.2   3418.0
78   15   -368.5   -1320.6   3427.1
78   16   -737.1   195.3   3413.4
78   17   -67.4   118.2   3634.8
78   18   -446.8   -168.4   3561.2
79   0   -449.8   -65.9   3578.5
79   1   -444.2   -235.3   3555.0
79   2   -584.5   -215.0   3518.9
79   3   -692.4   -6.8   3476.9
79   4   -746.2   234.6   3396.4
79   5   -307.3   -218.4   3588.6
79   6   -145.6   -72.0   3681.8
79   7   -39.1   156.9   3629.5
79   8   -436.8   -447.0   3541.5
79   9   -436.6   -613.9   3497.4
79   10   -519.3   -642.1   3480.4
79   11   -527.8   -988.9   3407.6
79   12   -492.1   -1318.6   3388.9
79   13   -354.0   -646.8   3500.1
79   14   -359.7   -990.7   3414.4
79   15   -367.4   -1322.8   3421.1
79   16   -737.2   194.4   3409.8
79   17   -56.8   118.7   3638.2
79   18   -446.7   -164.6   3559.5
80   0   -449.8   -63.7   3576.9
80   1   -443.5   -233.8   3553.5
80   2   -582.4   -218.7   3519.8
80   3   -692.4   -13.9   3472.6
80   4   -749.2   221.7   3381.6
80   5   -309.8   -221.8   3589.3
80   6   -134.8   -83.1   3665.2
80   7   -36.0   153.3   3632.8
80   8   -434.7   -445.7   3539.0
80   9   -433.5   -613.0   3498.1
80   10   -517.4   -642.1   3479.8
80   11   -526.7   -991.7   3404.9
80   12   -491.6   -1321.3   3389.5
80   13   -351.3   -649.4   3497.5
80   14   -359.4   -996.6   3411.6
80   15   -366.9   -1328.3   3415.2
80   16   -739.7   182.5   3396.8
80   17   -52.5   113.9   3638.2
80   18   -446.5   -163.0   3558.4
81   0   -449.7   -65.2   3579.6
81   1   -443.1   -234.9   3552.2
81   2   -580.0   -225.7   3520.7
81   3   -695.1   -28.3   3462.1
81   4   -758.2   205.5   3369.5
81   5   -312.5   -228.6   3590.1
81   6   -133.1   -92.5   3659.7
81   7   -46.2   147.7   3617.5
81   8   -433.6   -447.5   3535.1
81   9   -431.6   -615.1   3498.9
81   10   -517.5   -644.6   3478.1
81   11   -525.8   -995.1   3400.4
81   12   -491.2   -1324.7   3391.9
81   13   -348.6   -654.5   3493.0
81   14   -359.5   -1003.6   3409.5
81   15   -365.3   -1335.0   3415.6
81   16   -747.7   166.5   3384.9
81   17   -60.7   107.7   3624.5
81   18   -446.2   -164.3   3557.9
82   0   -449.6   -70.2   3586.0
82   1   -442.8   -237.9   3552.2
82   2   -578.3   -231.7   3521.3
82   3   -697.0   -41.0   3451.2
82   4   -766.9   191.8   3358.1
82   5   -313.5   -234.1   3591.6
82   6   -133.9   -98.0   3660.4
82   7   -52.7   140.2   3597.0
82   8   -433.0   -451.3   3531.1
82   9   -430.7   -618.9   3499.2
82   10   -518.2   -648.0   3475.7
82   11   -524.9   -998.9   3397.5
82   12   -492.3   -1328.5   3394.6
82   13   -345.7   -658.4   3488.6
82   14   -359.6   -1008.6   3408.2
82   15   -363.1   -1339.5   3420.0
82   16   -755.3   153.0   3373.6
82   17   -66.2   100.5   3607.6
82   18   -446.0   -167.4   3559.1
83   0   -449.3   -76.0   3592.8
83   1   -442.5   -241.8   3553.5
83   2   -577.9   -234.1   3521.5
83   3   -700.1   -49.4   3442.3
83   4   -780.3   180.2   3346.1
83   5   -312.8   -237.6   3593.7
83   6   -133.1   -98.7   3655.5
83   7   -60.1   144.1   3591.4
83   8   -432.7   -455.6   3527.5
83   9   -430.3   -623.0   3498.7
83   10   -518.5   -651.3   3472.8
83   11   -523.9   -1002.2   3396.6
83   12   -494.6   -1332.0   3395.5
83   13   -344.0   -661.7   3485.5
83   14   -359.7   -1011.8   3407.4
83   15   -362.2   -1342.2   3427.5
83   16   -766.9   142.0   3362.1
83   17   -72.3   103.6   3602.1
83   18   -445.7   -171.5   3562.1
84   0   -449.2   -80.6   3598.4
84   1   -442.3   -245.4   3555.9
84   2   -578.0   -234.0   3521.7
84   3   -703.0   -56.9   3431.0
84   4   -783.4   172.3   3330.2
84   5   -311.4   -239.1   3596.6
84   6   -131.1   -97.6   3649.4
84   7   -53.4   145.2   3584.6
84   8   -432.6   -458.9   3525.7
84   9   -430.2   -626.0   3497.5
84   10   -518.7   -652.8   3470.7
84   11   -523.5   -1003.6   3396.6
84   12   -497.9   -1333.5   3395.6
84   13   -342.9   -662.9   3484.7
84   14   -359.7   -1012.6   3407.2
84   15   -361.8   -1342.9   3426.9
84   16   -770.0   134.1   3347.0
84   17   -66.4   104.7   3595.4
84   18   -445.5   -175.3   3565.8
85   0   -449.1   -84.0   3601.9
85   1   -442.1   -248.3   3558.5
85   2   -577.5   -234.2   3522.0
85   3   -705.9   -65.6   3420.2
85   4   -780.1   166.0   3317.1
85   5   -310.2   -239.3   3600.0
85   6   -127.4   -97.2   3641.0
85   7   -42.3   141.7   3567.2
85   8   -432.6   -460.9   3525.2
85   9   -430.2   -628.0   3496.0
85   10   -518.7   -653.3   3469.3
85   11   -523.5   -1003.9   3396.7
85   12   -499.8   -1333.9   3395.3
85   13   -342.4   -663.0   3485.3
85   14   -359.7   -1012.1   3407.3
85   15   -361.7   -1342.2   3428.8
85   16   -767.8   127.4   3334.2
85   17   -56.5   101.9   3579.5
85   18   -445.2   -178.4   3569.4
86   0   -449.1   -86.8   3604.1
86   1   -441.9   -250.9   3560.8
86   2   -576.9   -234.7   3522.6
86   3   -710.9   -82.1   3405.2
86   4   -770.2   156.3   3309.6
86   5   -309.2   -239.7   3603.0
86   6   -120.5   -101.9   3621.2
86   7   -42.5   137.8   3542.9
86   8   -432.7   -462.2   3525.4
86   9   -430.2   -629.5   3494.4
86   10   -518.7   -653.6   3468.9
86   11   -523.7   -1003.7   3396.6
86   12   -501.2   -1333.7   3394.9
86   13   -342.8   -664.1   3486.7
86   14   -359.8   -1012.3   3407.2
86   15   -361.7   -1342.2   3429.5
86   16   -760.3   116.6   3325.6
86   17   -55.5   97.9   3556.0
86   18   -445.0   -181.1   3572.6
87   0   -449.1   -89.6   3605.2
87   1   -441.7   -253.1   3562.3
87   2   -576.1   -236.1   3523.3
87   3   -718.5   -111.1   3386.6
87   4   -743.1   137.0   3305.6
87   5   -307.9   -240.6   3600.0
87   6   -108.1   -120.2   3591.5
87   7   -76.0   123.9   3505.2
87   8   -432.8   -463.2   3525.9
87   9   -430.3   -630.7   3492.9
87   10   -518.6   -654.0   3468.6
87   11   -523.7   -1003.7   3396.6
87   12   -500.3   -1333.5   3395.2
87   13   -343.6   -665.5   3488.1
87   14   -359.8   -1012.9   3407.1
87   15   -361.7   -1342.9   3427.2
87   16   -738.9   95.7   3319.1
87   17   -81.4   83.2   3519.6
87   18   -444.7   -183.4   3574.3
88   0   -449.1   -92.6   3605.9
88   1   -441.6   -255.1   3563.0
88   2   -574.9   -241.1   3525.5
88   3   -726.4   -164.8   3368.4
88   4   -679.0   74.2   3290.3
88   5   -308.3   -244.1   3599.4
88   6   -95.2   -170.3   3555.8
88   7   -189.6   19.7   3458.3
88   8   -433.0   -464.0   3526.8
88   9   -430.3   -631.5   3491.3
88   10   -518.5   -654.7   3468.3
88   11   -523.6   -1004.0   3396.5
88   12   -499.6   -1334.9   3395.3
88   13   -344.9   -667.9   3488.7
88   14   -360.0   -1014.6   3406.7
88   15   -370.9   -1344.2   3440.4
88   16   -686.9   34.3   3303.3
88   17   -173.8   -12.0   3474.5
88   18   -444.4   -185.4   3575.1
89   0   -449.0   -95.8   3605.9
89   1   -441.5   -257.5   3563.6
89   2   -572.3   -249.9   3527.5
89   3   -726.0   -233.9   3357.2
89   4   -590.6   -41.2   3279.4
89   5   -309.8   -250.8   3598.2
89   6   -103.6   -226.5   3505.0
89   7   -295.4   -109.7   3444.8
89   8   -433.4   -465.5   3528.4
89   9   -430.4   -632.4   3490.3
89   10   -518.7   -656.1   3467.9
89   11   -523.4   -1004.8   3396.4
89   12   -498.9   -1336.1   3395.4
89   13   -345.5   -670.0   3488.6
89   14   -360.1   -1016.0   3406.4
89   15   -369.4   -1346.9   3431.0
89   16   -613.2   -73.3   3292.4
89   17   -263.5   -129.3   3454.8
89   18   -444.2   -187.7   3575.3
90   0   -449.1   -97.1   3602.2
90   1   -441.4   -260.2   3563.8
90   2   -568.8   -258.4   3525.5
90   3   -691.6   -298.1   3335.6
90   4   -513.8   -119.6   3290.2
90   5   -312.3   -261.7   3588.4
90   6   -129.7   -302.0   3459.5
90   7   -341.5   -168.2   3427.4
90   8   -433.9   -468.0   3530.1
90   9   -430.8   -633.6   3489.8
90   10   -519.5   -657.9   3467.4
90   11   -523.4   -1006.2   3396.3
90   12   -498.6   -1337.4   3395.4
90   13   -345.7   -672.6   3488.2
90   14   -360.2   -1018.2   3405.9
90   15   -367.1   -1349.7   3420.6
90   16   -543.4   -149.3   3297.7
90   17   -306.3   -190.5   3432.7
90   18   -443.9   -190.4   3575.1
91   0   -449.0   -97.5   3592.2
91   1   -441.4   -263.3   3562.5
91   2   -563.4   -269.4   3520.2
91   3   -642.0   -357.0   3321.4
91   4   -462.2   -170.2   3316.2
91   5   -315.9   -273.6   3575.0
91   6   -177.9   -377.8   3426.2
91   7   -375.7   -212.9   3407.9
91   8   -434.6   -472.1   3531.7
91   9   -431.3   -635.9   3490.3
91   10   -520.6   -662.3   3466.7
91   11   -523.3   -1009.7   3395.9
91   12   -498.2   -1340.7   3395.5
91   13   -345.5   -678.2   3487.5
91   14   -360.4   -1022.7   3404.8
91   15   -363.4   -1354.3   3414.4
91   16   -492.2   -201.3   3317.1
91   17   -342.7   -240.4   3411.0
91   18   -443.7   -193.3   3572.8
92   0   -448.8   -99.6   3581.2
92   1   -441.5   -267.7   3559.6
92   2   -561.6   -274.7   3510.7
92   3   -600.8   -415.8   3331.5
92   4   -434.8   -214.8   3332.2
92   5   -318.7   -284.7   3567.1
92   6   -227.4   -434.4   3413.9
92   7   -403.3   -247.3   3379.9
92   8   -435.2   -478.3   3531.7
92   9   -431.8   -640.9   3491.3
92   10   -520.3   -675.7   3466.4
92   11   -523.4   -1019.7   3394.1
92   12   -497.0   -1350.3   3396.3
92   13   -346.2   -689.9   3487.2
92   14   -360.8   -1030.9   3402.8
92   15   -356.0   -1362.2   3414.2
92   16   -462.5   -248.3   3332.0
92   17   -374.0   -278.5   3385.5
92   18   -443.6   -197.6   3568.9
93   0   -448.6   -103.5   3575.5
93   1   -441.6   -272.7   3554.6
93   2   -559.8   -276.3   3496.5
93   3   -576.2   -452.8   3341.2
93   4   -419.8   -244.2   3338.7
93   5   -318.2   -290.8   3563.7
93   6   -270.8   -469.6   3416.1
93   7   -421.3   -270.7   3350.6
93   8   -435.7   -485.1   3528.1
93   9   -432.3   -647.4   3491.3
93   10   -521.4   -682.6   3465.8
93   11   -523.4   -1023.3   3393.8
93   12   -496.6   -1353.5   3396.4
93   13   -344.1   -693.4   3486.9
93   14   -360.9   -1031.0   3403.0
93   15   -355.0   -1361.9   3417.4
93   16   -445.9   -279.0   3339.1
93   17   -396.3   -303.8   3361.5
93   18   -443.6   -202.5   3563.3
94   0   -448.4   -107.5   3575.2
94   1   -441.7   -276.6   3548.7
94   2   -560.7   -276.6   3488.2
94   3   -566.0   -468.0   3345.3
94   4   -414.0   -256.7   3341.1
94   5   -317.2   -292.9   3562.5
94   6   -293.4   -485.0   3421.0
94   7   -430.8   -282.2   3336.8
94   8   -436.1   -489.7   3522.5
94   9   -432.7   -652.5   3490.6
94   10   -522.0   -684.8   3465.2
94   11   -523.4   -1022.6   3394.6
94   12   -496.7   -1352.7   3396.1
94   13   -342.8   -692.5   3486.8
94   14   -360.7   -1027.1   3404.2
94   15   -359.5   -1357.9   3417.3
94   16   -439.3   -291.9   3341.8
94   17   -407.9   -316.0   3350.8
94   18   -443.6   -206.3   3557.4
95   0   -448.1   -112.0   3579.4
95   1   -441.8   -278.6   3544.0
95   2   -562.6   -275.2   3484.4
95   3   -563.3   -471.1   3346.9
95   4   -411.8   -260.3   3341.7
95   5   -316.4   -292.4   3562.6
95   6   -299.1   -490.2   3427.6
95   7   -431.3   -288.4   3331.6
95   8   -436.4   -491.3   3517.5
95   9   -433.2   -655.2   3490.0
95   10   -522.0   -685.4   3465.0
95   11   -523.4   -1020.9   3396.0
95   12   -496.8   -1350.7   3395.5
95   13   -343.3   -692.2   3487.0
95   14   -360.6   -1024.3   3405.2
95   15   -360.0   -1355.1   3417.4
95   16   -437.1   -295.4   3342.6
95   17   -409.2   -322.0   3347.6
95   18   -443.6   -208.4   3552.8
96   0   -447.9   -116.2   3586.6
96   1   -441.9   -279.5   3541.0
96   2   -564.3   -273.1   3483.3
96   3   -564.3   -469.2   3347.9
96   4   -412.6   -259.4   3341.3
96   5   -315.4   -289.8   3563.0
96   6   -296.0   -491.8   3437.2
96   7   -427.2   -294.7   3331.0
96   8   -436.8   -490.3   3514.3
96   9   -433.6   -655.9   3489.5
96   10   -521.5   -685.1   3465.1
96   11   -523.4   -1018.8   3397.7
96   12   -496.7   -1348.5   3395.0
96   13   -344.7   -691.8   3487.4
96   14   -360.4   -1022.0   3406.2
96   15   -360.4   -1352.6   3417.9
96   16   -437.8   -294.3   3342.4
96   17   -405.3   -327.6   3348.7
96   18   -443.6   -209.3   3549.9
97   0   -447.7   -118.8   3592.4
97   1   -442.0   -279.7   3539.4
97   2   -565.2   -271.1   3483.1
97   3   -567.3   -466.3   3348.6
97   4   -414.8   -257.7   3340.4
97   5   -315.1   -287.6   3563.5
97   6   -292.2   -489.0   3440.1
97   7   -425.7   -296.1   3330.2
97   8   -437.2   -488.2   3512.7
97   9   -434.1   -655.3   3489.1
97   10   -520.8   -684.6   3465.3
97   11   -523.4   -1016.9   3399.5
97   12   -496.5   -1346.4   3394.5
97   13   -346.6   -691.4   3488.0
97   14   -360.2   -1020.0   3407.0
97   15   -360.6   -1350.6   3418.6
97   16   -440.2   -292.4   3341.8
97   17   -403.4   -328.3   3348.5
97   18   -443.6   -209.5   3548.4
98   0   -447.7   -119.0   3593.9
98   1   -442.1   -279.7   3538.6
98   2   -565.2   -270.1   3483.4
98   3   -571.1   -464.4   3349.3
98   4   -418.2   -256.6   3338.6
98   5   -315.5   -286.4   3563.4
98   6   -290.2   -485.8   3439.1
98   7   -424.2   -292.8   3331.0
98   8   -437.7   -486.0   3512.2
98   9   -434.5   -654.2   3488.9
98   10   -520.3   -684.1   3465.4
98   11   -523.4   -1015.2   3400.3
98   12   -496.2   -1344.7   3394.2
98   13   -348.3   -690.9   3488.7
98   14   -360.1   -1018.3   3407.8
98   15   -361.0   -1348.8   3418.0
98   16   -443.7   -291.2   3340.3
98   17   -401.9   -325.0   3349.0
98   18   -443.6   -209.5   3547.5
99   0   -447.7   -117.6   3592.0
99   1   -442.2   -279.6   3538.3
99   2   -564.8   -269.8   3483.8
99   3   -574.0   -463.0   3349.4
99   4   -421.9   -255.1   3335.8
99   5   -316.3   -286.0   3563.4
99   6   -289.4   -483.8   3438.1
99   7   -422.8   -289.7   3332.0
99   8   -438.2   -484.3   3512.4
99   9   -435.0   -652.8   3488.8
99   10   -519.8   -683.8   3465.6
99   11   -523.4   -1013.8   3400.7
99   12   -496.0   -1343.2   3394.0
99   13   -349.7   -690.3   3489.4
99   14   -360.0   -1016.7   3408.7
99   15   -361.1   -1347.1   3417.6
99   16   -447.2   -289.7   3338.0
99   17   -400.6   -322.0   3349.7
99   18   -443.6   -209.4   3547.1
100   0   -447.8   -115.9   3588.8
100   1   -442.4   -279.5   3538.2
100   2   -564.2   -269.9   3484.2
100   3   -576.6   -462.3   3349.5
100   4   -425.5   -253.8   3334.6
100   5   -317.2   -286.0   3563.4
100   6   -289.6   -484.0   3439.3
100   7   -421.6   -289.8   3332.5
100   8   -438.7   -483.3   3512.7
100   9   -435.4   -651.5   3488.8
100   10   -519.7   -683.6   3465.6
100   11   -523.4   -1012.8   3401.0
100   12   -497.6   -1342.2   3393.8
100   13   -350.7   -689.8   3490.0
100   14   -359.9   -1015.4   3409.6
100   15   -361.4   -1345.8   3417.3
100   16   -450.6   -288.6   3337.1
100   17   -399.6   -322.1   3350.3
100   18   -443.6   -209.3   3547.0
101   0   -447.8   -114.6   3586.3
101   1   -442.5   -279.5   3538.1
101   2   -563.8   -269.9   3484.6
101   3   -580.5   -461.8   3349.9
101   4   -430.9   -252.5   3334.3
101   5   -317.8   -285.8   3563.4
101   6   -289.5   -486.0   3443.5
101   7   -418.7   -291.4   3334.3
101   8   -439.2   -483.0   3513.0
101   9   -435.9   -650.4   3488.9
101   10   -519.9   -683.6   3465.7
101   11   -523.4   -1012.1   3401.1
101   12   -498.4   -1341.5   3393.8
101   13   -351.4   -689.5   3490.7
101   14   -359.9   -1014.4   3410.5
101   15   -361.8   -1344.8   3417.2
101   16   -455.9   -287.3   3336.9
101   17   -397.2   -323.8   3352.5
101   18   -443.7   -209.2   3546.8
102   0   -447.8   -113.4   3584.2
102   1   -442.6   -279.5   3538.1
102   2   -563.4   -269.9   3484.9
102   3   -586.8   -461.5   3351.1
102   4   -442.7   -251.0   3335.5
102   5   -318.3   -285.4   3563.4
102   6   -290.8   -483.1   3439.4
102   7   -417.4   -286.0   3337.2
102   8   -439.7   -483.3   3513.3
102   9   -436.4   -649.6   3489.0
102   10   -520.2   -683.6   3465.6
102   11   -523.4   -1011.6   3401.1
102   12   -498.8   -1341.0   3393.9
102   13   -351.9   -689.3   3491.2
102   14   -359.9   -1013.7   3411.3
102   15   -362.3   -1344.1   3416.9
102   16   -466.7   -286.1   3338.1
102   17   -396.3   -318.8   3354.2
102   18   -443.7   -209.2   3546.6
103   0   -447.9   -112.2   3582.7
103   1   -442.7   -279.5   3538.1
103   2   -563.6   -270.1   3486.5
103   3   -594.3   -461.0   3353.2
103   4   -461.0   -245.6   3337.7
103   5   -318.3   -284.7   3562.8
103   6   -289.1   -482.1   3438.8
103   7   -405.7   -276.3   3347.3
103   8   -440.0   -484.1   3513.5
103   9   -436.8   -649.1   3489.0
103   10   -520.6   -683.7   3465.6
103   11   -523.4   -1011.3   3401.2
103   12   -498.8   -1340.7   3393.8
103   13   -352.2   -689.1   3491.0
103   14   -360.0   -1013.3   3412.0
103   15   -362.7   -1343.7   3416.6
103   16   -483.2   -281.5   3340.3
103   17   -386.2   -310.6   3362.5
103   18   -443.7   -209.2   3546.5
104   0   -447.9   -111.3   3581.9
104   1   -442.8   -279.5   3538.2
104   2   -565.8   -271.2   3493.6
104   3   -603.0   -459.6   3358.3
104   4   -478.0   -239.8   3338.9
104   5   -318.3   -284.1   3562.5
104   6   -284.0   -482.1   3440.7
104   7   -379.1   -262.6   3359.3
104   8   -440.2   -485.7   3513.8
104   9   -437.3   -648.9   3489.1
104   10   -521.1   -683.9   3465.4
104   11   -523.4   -1011.1   3401.2
104   12   -498.8   -1340.5   3393.8
104   13   -352.5   -689.1   3490.6
104   14   -360.1   -1013.1   3412.1
104   15   -363.2   -1343.5   3416.5
104   16   -498.8   -276.4   3342.2
104   17   -363.2   -299.2   3372.9
104   18   -443.7   -209.2   3546.5
105   0   -447.9   -110.5   3581.6
105   1   -442.9   -279.5   3538.3
105   2   -568.2   -272.4   3502.3
105   3   -605.8   -461.4   3367.7
105   4   -486.4   -239.1   3339.4
105   5   -318.0   -283.8   3558.8
105   6   -275.3   -482.8   3441.8
105   7   -354.9   -252.2   3373.9
105   8   -440.5   -488.2   3514.1
105   9   -437.7   -651.2   3489.0
105   10   -522.0   -684.3   3465.2
105   11   -523.4   -1011.3   3401.1
105   12   -523.4   -1341.9   3401.1
105   13   -352.4   -689.6   3490.4
105   14   -360.1   -1013.3   3411.8
105   15   -363.4   -1343.6   3416.4
105   16   -506.3   -276.1   3344.1
105   17   -341.6   -290.7   3385.3
105   18   -443.7   -209.2   3546.4
106   0   -448.0   -109.8   3581.7
106   1   -443.0   -279.5   3538.4
106   2   -570.4   -273.5   3511.4
106   3   -604.7   -461.2   3374.3
106   4   -487.4   -238.0   3338.7
106   5   -317.6   -283.3   3552.8
106   6   -268.7   -484.9   3442.6
106   7   -347.9   -250.3   3383.3
106   8   -440.7   -491.0   3514.2
106   9   -438.2   -652.9   3489.1
106   10   -523.1   -684.8   3464.9
106   11   -523.3   -1011.6   3401.1
106   12   -523.3   -1342.3   3401.1
106   13   -352.1   -690.6   3490.3
106   14   -360.2   -1014.1   3412.0
106   15   -363.4   -1344.4   3415.9
106   16   -507.0   -275.2   3344.6
106   17   -334.7   -289.4   3393.2
106   18   -443.7   -209.2   3546.5
107   0   -448.0   -109.4   3582.0
107   1   -443.0   -279.5   3538.5
107   2   -569.8   -273.2   3508.9
107   3   -602.5   -462.5   3373.5
107   4   -483.0   -239.7   3339.1
107   5   -317.2   -282.9   3548.4
107   6   -262.3   -486.8   3445.5
107   7   -362.2   -259.7   3389.2
107   8   -440.8   -493.6   3514.2
107   9   -438.7   -654.3   3489.4
107   10   -524.3   -685.2   3464.7
107   11   -523.3   -1011.9   3401.1
107   12   -523.3   -1342.5   3401.1
107   13   -352.0   -691.5   3490.3
107   14   -360.2   -1014.9   3412.4
107   15   -364.2   -1345.3   3415.4
107   16   -502.9   -276.8   3344.8
107   17   -345.5   -297.6   3398.6
107   18   -443.7   -209.2   3546.5
108   0   -448.1   -109.0   3582.4
108   1   -443.0   -279.5   3538.7
108   2   -567.9   -272.3   3501.9
108   3   -599.8   -463.8   3369.6
108   4   -468.9   -246.5   3340.1
108   5   -317.0   -282.5   3550.5
108   6   -259.1   -488.5   3453.3
108   7   -380.2   -273.2   3392.1
108   8   -441.0   -495.9   3514.1
108   9   -439.3   -655.6   3489.5
108   10   -525.1   -685.5   3464.5
108   11   -523.3   -1012.1   3401.1
108   12   -523.3   -1342.6   3401.1
108   13   -352.3   -692.3   3490.3
108   14   -360.3   -1015.7   3412.5
108   15   -365.3   -1346.0   3414.9
108   16   -490.8   -282.7   3345.0
108   17   -360.0   -309.0   3402.3
108   18   -443.7   -209.2   3546.6
109   0   -448.1   -108.9   3583.0
109   1   -443.1   -279.5   3538.9
109   2   -566.9   -271.8   3498.2
109   3   -592.4   -465.7   3368.1
109   4   -449.1   -255.8   3340.6
109   5   -317.7   -282.3   3560.1
109   6   -266.8   -485.0   3453.5
109   7   -398.8   -276.4   3387.2
109   8   -441.1   -497.7   3514.3
109   9   -439.9   -656.6   3489.5
109   10   -525.8   -685.6   3464.4
109   11   -523.3   -1012.3   3401.1
109   12   -523.3   -1342.7   3401.0
109   13   -353.1   -693.1   3490.3
109   14   -360.4   -1016.7   3412.9
109   15   -365.6   -1347.0   3414.2
109   16   -473.0   -290.8   3345.2
109   17   -376.8   -311.2   3398.3
109   18   -443.7   -209.2   3546.8
110   0   -448.2   -108.8   3583.9
110   1   -443.1   -279.5   3539.1
110   2   -566.3   -271.5   3496.3
110   3   -582.8   -467.8   3368.4
110   4   -431.7   -262.9   3339.9
110   5   -318.3   -282.5   3565.3
110   6   -281.3   -487.3   3457.3
110   7   -415.6   -286.8   3372.5
110   8   -441.2   -498.9   3514.4
110   9   -440.5   -657.5   3489.5
110   10   -526.2   -685.7   3464.3
110   11   -523.3   -1012.5   3401.2
110   12   -498.6   -1341.3   3396.8
110   13   -354.2   -694.1   3490.4
110   14   -360.5   -1017.9   3413.6
110   15   -365.3   -1348.2   3413.6
110   16   -456.9   -297.0   3344.7
110   17   -393.2   -320.2   3386.6
110   18   -443.7   -209.2   3547.0
111   0   -448.2   -109.2   3585.9
111   1   -443.2   -279.5   3539.4
111   2   -566.1   -271.4   3496.0
111   3   -576.1   -468.4   3368.4
111   4   -422.5   -264.9   3339.5
111   5   -318.9   -283.0   3568.0
111   6   -293.0   -489.1   3458.7
111   7   -424.5   -292.6   3359.7
111   8   -441.3   -499.7   3514.7
111   9   -441.2   -658.1   3489.5
111   10   -526.5   -685.7   3464.3
111   11   -523.4   -1012.7   3401.2
111   12   -498.1   -1341.8   3398.0
111   13   -355.1   -694.2   3490.6
111   14   -360.8   -1018.0   3413.2
111   15   -365.2   -1348.4   3413.8
111   16   -448.1   -298.8   3344.3
111   17   -402.6   -325.3   3376.2
111   18   -443.8   -209.2   3547.3
112   0   -448.2   -110.1   3589.7
112   1   -443.2   -279.5   3539.7
112   2   -566.2   -271.4   3496.7
112   3   -573.2   -468.1   3368.2
112   4   -418.6   -264.9   3339.4
112   5   -319.4   -283.3   3569.1
112   6   -296.7   -489.7   3459.3
112   7   -426.7   -295.4   3353.0
112   8   -441.4   -499.8   3514.9
112   9   -441.7   -658.6   3489.4
112   10   -526.8   -685.7   3464.3
112   11   -523.4   -1012.8   3401.2
112   12   -497.5   -1342.1   3398.6
112   13   -356.0   -694.0   3490.8
112   14   -361.1   -1018.1   3413.8
112   15   -365.3   -1348.4   3413.6
112   16   -444.4   -298.8   3344.2
112   17   -405.1   -327.8   3370.7
112   18   -443.8   -209.2   3547.6
113   0   -448.3   -110.8   3593.1
113   1   -443.3   -279.5   3540.0
113   2   -566.2   -271.4   3497.7
113   3   -572.3   -467.2   3367.9
113   4   -416.6   -264.8   3339.5
113   5   -319.7   -283.5   3569.3
113   6   -297.4   -489.8   3458.9
113   7   -426.2   -295.3   3350.7
113   8   -441.5   -499.2   3515.2
113   9   -442.3   -659.0   3489.4
113   10   -527.0   -685.7   3464.3
113   11   -523.5   -1012.9   3401.2
113   12   -498.1   -1342.2   3398.8
113   13   -356.8   -693.8   3491.1
113   14   -361.4   -1017.9   3413.7
113   15   -365.3   -1348.2   3413.6
113   16   -442.6   -298.5   3344.2
113   17   -404.7   -327.8   3368.7
113   18   -443.8   -209.2   3547.9
114   0   -448.3   -111.5   3596.7
114   1   -443.3   -279.5   3540.3
114   2   -566.3   -271.5   3498.9
114   3   -572.1   -466.1   3367.3
114   4   -415.9   -263.8   3339.9
114   5   -320.1   -283.8   3569.1
114   6   -297.4   -490.0   3458.5
114   7   -425.2   -295.3   3349.3
114   8   -441.6   -498.2   3515.6
114   9   -442.7   -659.3   3489.4
114   10   -527.0   -685.7   3464.4
114   11   -523.6   -1012.9   3401.2
114   12   -500.2   -1342.4   3398.8
114   13   -357.4   -693.6   3491.5
114   14   -361.7   -1017.7   3413.5
114   15   -365.3   -1348.0   3413.7
114   16   -442.0   -297.5   3344.5
114   17   -403.9   -327.7   3367.5
114   18   -443.8   -209.2   3548.3
115   0   -448.3   -112.1   3600.5
115   1   -443.3   -279.5   3541.2
115   2   -566.2   -271.4   3500.2
115   3   -572.2   -464.9   3366.9
115   4   -415.5   -262.6   3341.4
115   5   -320.1   -283.7   3568.7
115   6   -296.3   -490.0   3458.6
115   7   -424.1   -295.6   3348.7
115   8   -441.7   -497.0   3516.2
115   9   -442.8   -659.4   3489.5
115   10   -526.9   -685.7   3464.6
115   11   -523.7   -1013.0   3401.4
115   12   -501.3   -1342.6   3398.7
115   13   -357.8   -693.6   3492.0
115   14   -362.0   -1017.7   3414.0
115   15   -365.1   -1348.1   3413.7
115   16   -441.6   -296.3   3345.6
115   17   -402.8   -328.0   3367.1
115   18   -443.9   -209.2   3549.2
116   0   -448.4   -111.9   3602.7
116   1   -443.4   -279.4   3542.4
116   2   -566.0   -271.3   3501.6
116   3   -572.3   -464.0   3367.1
116   4   -415.2   -261.6   3345.2
116   5   -320.0   -283.5   3568.5
116   6   -292.5   -490.1   3459.9
116   7   -423.9   -300.1   3346.7
116   8   -441.7   -495.8   3516.8
116   9   -442.8   -659.4   3489.6
116   10   -526.8   -685.7   3464.7
116   11   -523.8   -1013.2   3401.5
116   12   -501.8   -1342.8   3398.5
116   13   -358.0   -693.6   3492.5
116   14   -362.3   -1017.7   3414.1
116   15   -365.0   -1348.1   3413.7
116   16   -441.4   -295.3   3348.9
116   17   -402.0   -331.8   3365.6
116   18   -443.9   -209.2   3550.7
117   0   -448.4   -111.1   3604.1
117   1   -443.4   -279.4   3544.4
117   2   -565.7   -271.2   3503.3
117   3   -572.5   -463.2   3367.9
117   4   -414.7   -260.7   3352.7
117   5   -319.7   -283.3   3568.3
117   6   -284.9   -489.9   3462.1
117   7   -421.8   -304.0   3348.7
117   8   -441.7   -494.6   3517.6
117   9   -442.8   -659.2   3490.1
117   10   -526.5   -685.9   3464.9
117   11   -523.9   -1013.8   3401.9
117   12   -501.8   -1343.4   3397.5
117   13   -358.2   -693.8   3493.4
117   14   -362.5   -1018.1   3414.1
117   15   -364.9   -1348.5   3413.7
117   16   -441.0   -294.5   3355.2
117   17   -399.0   -335.0   3367.6
117   18   -443.9   -209.2   3553.1
118   0   -448.6   -110.0   3605.1
118   1   -443.4   -279.3   3547.4
118   2   -565.4   -271.3   3506.2
118   3   -572.7   -462.0   3369.1
118   4   -414.0   -259.8   3360.1
118   5   -319.7   -283.2   3571.7
118   6   -275.7   -488.2   3465.8
118   7   -421.7   -311.3   3349.7
118   8   -441.5   -493.6   3519.1
118   9   -442.5   -659.0   3491.9
118   10   -525.7   -686.3   3465.3
118   11   -524.0   -1014.7   3402.2
118   12   -501.7   -1344.2   3396.1
118   13   -358.0   -694.2   3494.5
118   14   -362.8   -1018.7   3414.0
118   15   -364.8   -1349.1   3413.7
118   16   -440.4   -293.5   3361.6
118   17   -397.4   -340.8   3369.1
118   18   -444.0   -209.2   3556.7
119   0   -448.6   -109.0   3605.8
119   1   -443.3   -279.3   3550.8
119   2   -564.9   -271.5   3509.0
119   3   -572.8   -460.9   3370.2
119   4   -413.2   -259.2   3365.3
119   5   -319.6   -283.6   3573.6
119   6   -272.9   -488.2   3468.0
119   7   -425.4   -320.7   3346.5
119   8   -441.2   -492.8   3521.1
119   9   -442.2   -658.9   3495.1
119   10   -524.6   -686.7   3465.9
119   11   -524.1   -1016.6   3403.2
119   12   -501.4   -1346.0   3395.1
119   13   -357.7   -694.9   3495.9
119   14   -362.9   -1020.4   3413.6
119   15   -364.9   -1350.7   3413.8
119   16   -439.8   -292.8   3366.1
119   17   -400.0   -348.6   3366.8
119   18   -444.0   -209.1   3560.6
120   0   -448.7   -108.4   3606.2
120   1   -443.2   -279.2   3553.9
120   2   -564.9   -272.0   3512.6
120   3   -572.8   -459.7   3371.4
120   4   -412.3   -258.6   3366.8
120   5   -319.6   -284.1   3574.4
120   6   -274.9   -488.7   3467.8
120   7   -427.2   -321.4   3345.1
120   8   -440.9   -492.4   3523.7
120   9   -441.8   -658.9   3499.3
120   10   -523.3   -686.6   3466.7
120   11   -524.0   -1016.1   3402.3
120   12   -501.3   -1345.6   3395.4
120   13   -357.1   -695.3   3497.5
120   14   -363.0   -1020.3   3413.6
120   15   -363.0   -1350.4   3413.7
120   16   -439.1   -292.1   3367.6
120   17   -401.8   -349.3   3365.5
120   18   -444.0   -209.1   3563.9
121   0   -448.7   -108.2   3606.4
121   1   -443.2   -279.2   3556.2
121   2   -564.7   -272.5   3514.4
121   3   -572.8   -459.7   3372.7
121   4   -412.4   -258.6   3366.5
121   5   -319.6   -284.6   3574.6
121   6   -276.1   -489.1   3467.3
121   7   -428.8   -321.3   3345.7
121   8   -440.6   -492.3   3526.3
121   9   -441.4   -658.9   3502.7
121   10   -522.3   -686.4   3467.3
121   11   -524.0   -1015.2   3402.2
121   12   -499.4   -1344.5   3395.5
121   13   -356.5   -695.7   3499.0
121   14   -363.0   -1019.7   3413.8
121   15   -363.0   -1349.4   3414.0
121   16   -439.1   -292.1   3367.5
121   17   -403.3   -349.3   3366.0
121   18   -444.0   -209.1   3566.0
122   0   -448.6   -108.3   3606.3
122   1   -443.2   -279.3   3557.6
122   2   -564.5   -273.0   3515.2
122   3   -573.0   -460.7   3374.1
122   4   -413.0   -259.4   3365.2
122   5   -319.7   -285.1   3574.5
122   6   -276.4   -490.0   3467.9
122   7   -428.8   -322.0   3346.3
122   8   -440.4   -492.2   3528.2
122   9   -441.1   -658.9   3504.7
122   10   -521.7   -686.5   3467.8
122   11   -524.0   -1015.8   3403.5
122   12   -498.2   -1345.0   3395.2
122   13   -356.1   -696.1   3500.2
122   14   -363.1   -1020.2   3413.8
122   15   -363.1   -1351.0   3413.7
122   16   -439.6   -293.0   3366.7
122   17   -403.4   -350.0   3366.6
122   18   -444.1   -209.1   3567.2
123   0   -448.6   -108.5   3606.3
123   1   -443.2   -279.3   3558.4
123   2   -564.4   -273.5   3515.4
123   3   -573.1   -462.3   3375.8
123   4   -413.9   -260.4   3364.1
123   5   -319.7   -285.6   3574.6
123   6   -276.2   -490.5   3468.1
123   7   -428.7   -322.5   3346.6
123   8   -440.3   -492.3   3529.3
123   9   -440.9   -658.7   3505.7
123   10   -521.4   -686.7   3468.2
123   11   -524.6   -1016.7   3404.2
123   12   -497.6   -1345.8   3395.3
123   13   -355.8   -696.5   3501.3
123   14   -363.1   -1021.0   3414.0
123   15   -363.1   -1352.0   3414.2
123   16   -440.4   -294.1   3366.0
123   17   -403.3   -350.5   3366.8
123   18   -444.1   -209.1   3567.9
124   0   -448.6   -108.8   3606.2
124   1   -443.2   -279.3   3558.7
124   2   -564.4   -273.8   3515.3
124   3   -573.2   -464.1   3377.8
124   4   -415.3   -261.4   3362.9
124   5   -319.7   -286.0   3574.8
124   6   -275.9   -490.8   3468.2
124   7   -428.2   -322.2   3347.2
124   8   -440.3   -492.3   3529.9
124   9   -440.8   -658.6   3506.1
124   10   -521.4   -687.1   3468.6
124   11   -525.4   -1017.7   3404.7
124   12   -497.1   -1346.7   3395.3
124   13   -355.7   -696.9   3501.7
124   14   -363.2   -1022.1   3414.5
124   15   -363.3   -1353.2   3415.0
124   16   -441.7   -295.2   3365.4
124   17   -402.8   -350.3   3367.4
124   18   -444.1   -209.1   3568.2
125   0   -448.5   -109.2   3606.5
125   1   -443.2   -279.2   3558.9
125   2   -565.0   -274.3   3516.6
125   3   -573.2   -465.7   3380.5
125   4   -416.1   -262.7   3361.6
125   5   -319.6   -286.3   3576.2
125   6   -276.4   -490.5   3468.3
125   7   -427.3   -320.2   3348.0
125   8   -440.2   -492.4   3530.2
125   9   -440.8   -658.5   3506.3
125   10   -521.4   -688.3   3469.3
125   11   -526.4   -1019.6   3405.3
125   12   -527.2   -1351.3   3405.6
125   13   -355.8   -697.5   3501.9
125   14   -363.3   -1023.7   3415.9
125   15   -364.9   -1353.2   3421.2
125   16   -442.3   -296.5   3364.8
125   17   -402.2   -348.6   3368.1
125   18   -444.2   -209.1   3568.4
126   0   -448.5   -109.6   3607.0
126   1   -443.2   -279.2   3559.1
126   2   -565.4   -274.5   3516.9
126   3   -573.3   -468.2   3384.1
126   4   -417.9   -264.4   3360.6
126   5   -319.4   -286.4   3576.9
126   6   -277.1   -490.5   3468.3
126   7   -425.6   -316.9   3349.6
126   8   -440.2   -492.5   3530.4
126   9   -440.8   -658.5   3506.3
126   10   -521.5   -690.1   3470.2
126   11   -527.7   -1021.7   3405.8
126   12   -528.6   -1353.4   3406.0
126   13   -355.9   -698.3   3502.1
126   14   -363.6   -1024.8   3415.8
126   15   -364.9   -1354.7   3426.0
126   16   -443.8   -298.4   3364.5
126   17   -400.8   -345.8   3369.3
126   18   -444.2   -209.1   3568.5
127   0   -448.5   -109.9   3607.3
127   1   -443.2   -279.2   3559.1
127   2   -565.5   -274.7   3516.8
127   3   -573.3   -469.3   3385.3
127   4   -418.6   -265.1   3360.3
127   5   -319.2   -286.5   3577.2
127   6   -278.1   -490.5   3468.0
127   7   -423.9   -313.7   3350.7
127   8   -440.2   -492.7   3530.6
127   9   -440.9   -658.5   3506.3
127   10   -521.5   -692.5   3471.5
127   11   -528.9   -1024.2   3406.1
127   12   -529.5   -1356.1   3406.3
127   13   -356.1   -699.3   3502.2
127   14   -363.8   -1026.4   3416.7
127   15   -364.8   -1356.5   3427.6
127   16   -444.4   -299.1   3364.5
127   17   -399.6   -343.2   3370.3
127   18   -444.2   -209.1   3568.5
128   0   -448.4   -110.1   3607.5
128   1   -443.3   -279.2   3559.2
128   2   -565.6   -274.9   3516.3
128   3   -573.4   -469.5   3384.8
128   4   -418.8   -265.1   3360.4
128   5   -319.0   -286.5   3577.4
128   6   -279.2   -490.5   3467.6
128   7   -422.7   -311.0   3351.5
128   8   -440.3   -492.9   3530.8
128   9   -440.9   -658.6   3506.3
128   10   -521.3   -695.7   3473.4
128   11   -530.1   -1027.1   3406.5
128   12   -530.8   -1359.3   3406.6
128   13   -356.4   -700.9   3502.4
128   14   -364.0   -1028.2   3417.3
128   15   -364.6   -1358.4   3427.7
128   16   -444.5   -299.2   3364.4
128   17   -398.8   -341.0   3370.9
128   18   -444.3   -209.1   3568.5
129   0   -448.4   -110.2   3607.7
129   1   -443.3   -279.2   3559.3
129   2   -565.8   -275.0   3516.3
129   3   -573.3   -469.0   3383.8
129   4   -418.5   -264.6   3360.6
129   5   -318.8   -286.6   3577.5
129   6   -282.1   -490.8   3467.0
129   7   -421.8   -307.8   3351.8
129   8   -440.3   -493.0   3531.1
129   9   -440.9   -658.7   3506.4
129   10   -521.9   -697.3   3475.4
129   11   -531.3   -1028.1   3407.3
129   12   -532.1   -1358.6   3407.8
129   13   -356.9   -702.9   3502.6
129   14   -364.4   -1029.9   3417.9
129   15   -364.3   -1360.2   3426.3
129   16   -444.3   -298.7   3364.4
129   17   -398.5   -338.3   3371.0
129   18   -444.3   -209.1   3568.6
130   0   -448.3   -110.3   3607.8
130   1   -443.3   -279.2   3559.4
130   2   -566.1   -275.3   3516.6
130   3   -573.2   -468.6   3383.3
130   4   -418.2   -264.4   3360.6
130   5   -318.6   -286.7   3577.6
130   6   -283.8   -490.8   3466.4
130   7   -421.8   -306.2   3351.8
130   8   -440.3   -493.3   3531.3
130   9   -440.9   -658.9   3506.4
130   10   -522.9   -698.5   3477.8
130   11   -531.8   -1028.5   3408.2
130   12   -495.5   -1351.8   3413.2
130   13   -357.9   -706.0   3502.9
130   14   -365.0   -1032.5   3418.2
130   15   -365.4   -1364.5   3418.3
130   16   -444.0   -298.4   3364.4
130   17   -398.8   -336.9   3370.9
130   18   -444.3   -209.0   3568.6
131   0   -448.3   -110.3   3607.8
131   1   -443.4   -279.2   3559.6
131   2   -566.5   -275.5   3517.3
131   3   -573.2   -468.4   3383.2
131   4   -418.0   -264.2   3360.6
131   5   -318.5   -286.8   3577.8
131   6   -286.3   -490.8   3465.6
131   7   -422.2   -304.2   3351.6
131   8   -440.3   -493.6   3531.7
131   9   -440.9   -659.2   3506.5
131   10   -523.7   -699.1   3479.3
131   11   -531.9   -1028.4   3409.1
131   12   -496.2   -1354.6   3421.1
131   13   -358.1   -707.5   3503.1
131   14   -365.6   -1033.5   3418.8
131   15   -366.0   -1364.2   3419.3
131   16   -443.9   -298.2   3364.4
131   17   -399.5   -335.3   3370.6
131   18   -444.4   -209.0   3568.7
132   0   -448.2   -110.4   3607.9
132   1   -443.4   -279.2   3559.7
132   2   -567.0   -275.7   3518.0
132   3   -573.1   -468.6   3383.8
132   4   -418.2   -264.3   3360.3
132   5   -318.4   -286.9   3578.1
132   6   -287.1   -490.7   3465.3
132   7   -422.6   -303.3   3352.0
132   8   -440.3   -493.8   3532.1
132   9   -441.0   -659.5   3506.7
132   10   -524.7   -699.5   3480.5
132   11   -531.8   -1028.3   3410.0
132   12   -496.6   -1356.1   3419.1
132   13   -357.8   -708.5   3503.4
132   14   -366.2   -1034.2   3420.0
132   15   -366.5   -1364.6   3420.7
132   16   -444.0   -298.3   3364.2
132   17   -400.0   -334.6   3370.8
132   18   -444.4   -209.0   3568.7
133   0   -448.2   -110.4   3607.9
133   1   -443.4   -279.3   3559.9
133   2   -567.3   -276.0   3518.8
133   3   -573.0   -469.0   3384.9
133   4   -418.7   -264.5   3360.0
133   5   -318.3   -287.0   3578.4
133   6   -287.1   -490.6   3465.2
133   7   -422.8   -303.0   3352.5
133   8   -440.3   -494.1   3532.5
133   9   -441.0   -660.0   3506.8
133   10   -525.5   -699.9   3481.2
133   11   -531.6   -1028.4   3411.1
133   12   -496.9   -1356.7   3408.3
133   13   -357.3   -709.1   3503.7
133   14   -366.7   -1034.5   3420.8
133   15   -366.9   -1364.8   3421.3
133   16   -444.4   -298.6   3364.2
133   17   -400.2   -334.3   3371.3
133   18   -444.4   -209.0   3568.8
134   0   -447.8   -110.7   3608.9
134   1   -443.5   -279.3   3560.3
134   2   -568.5   -276.6   3522.4
134   3   -572.8   -468.3   3386.6
134   4   -418.5   -264.1   3359.4
134   5   -318.5   -287.1   3581.7
134   6   -286.8   -489.0   3465.7
134   7   -423.6   -302.4   3352.8
134   8   -440.3   -494.4   3533.7
134   9   -441.0   -660.5   3507.3
134   10   -525.9   -700.2   3481.3
134   11   -531.2   -1028.3   3411.5
134   12   -497.5   -1356.6   3397.1
134   13   -356.9   -709.6   3503.9
134   14   -366.9   -1034.6   3421.5
134   15   -366.9   -1364.9   3421.9
134   16   -444.2   -298.1   3363.9
134   17   -400.8   -333.5   3371.6
134   18   -444.5   -209.0   3569.0
135   0   -447.3   -111.0   3609.5
135   1   -443.5   -279.3   3561.1
135   2   -569.4   -277.1   3525.6
135   3   -572.6   -468.1   3388.7
135   4   -418.7   -263.9   3358.7
135   5   -318.6   -287.3   3582.3
135   6   -285.9   -488.8   3465.8
135   7   -423.9   -302.3   3354.2
135   8   -440.4   -494.8   3536.2
135   9   -441.0   -661.0   3508.0
135   10   -526.2   -700.3   3481.4
135   11   -530.6   -1028.1   3411.6
135   12   -497.7   -1356.7   3400.9
135   13   -356.5   -709.9   3504.3
135   14   -366.8   -1034.7   3422.2
135   15   -363.5   -1362.9   3431.2
135   16   -444.4   -297.9   3363.7
135   17   -400.9   -333.4   3372.8
135   18   -444.5   -209.0   3569.2
136   0   -446.6   -111.3   3609.9
136   1   -443.5   -279.4   3562.1
136   2   -570.5   -277.7   3529.9
136   3   -572.4   -467.6   3391.5
136   4   -419.3   -263.5   3357.6
136   5   -318.9   -287.6   3582.9
136   6   -285.7   -488.7   3465.8
136   7   -425.1   -302.1   3356.1
136   8   -440.5   -495.2   3539.8
136   9   -441.0   -661.5   3508.9
136   10   -526.5   -700.5   3481.4
136   11   -530.1   -1028.0   3411.7
136   12   -497.5   -1356.7   3401.2
136   13   -356.2   -710.4   3504.7
136   14   -366.6   -1034.9   3422.3
136   15   -362.8   -1364.5   3430.7
136   16   -444.8   -297.6   3363.3
136   17   -401.8   -333.2   3374.4
136   18   -444.5   -209.0   3569.4
137   0   -446.0   -111.5   3610.1
137   1   -443.6   -279.5   3563.4
137   2   -571.1   -278.0   3533.0
137   3   -572.3   -468.3   3395.1
137   4   -421.0   -263.8   3356.2
137   5   -319.2   -287.8   3583.4
137   6   -285.6   -488.5   3465.9
137   7   -426.6   -301.9   3358.2
137   8   -440.5   -495.5   3544.2
137   9   -441.1   -661.8   3509.8
137   10   -526.6   -700.5   3481.4
137   11   -529.2   -1027.8   3411.7
137   12   -497.3   -1356.4   3397.4
137   13   -355.9   -710.6   3505.1
137   14   -366.3   -1034.8   3422.5
137   15   -362.5   -1365.0   3428.5
137   16   -446.3   -297.8   3362.7
137   17   -403.1   -333.0   3376.1
137   18   -444.6   -209.0   3569.7
138   0   -445.2   -111.9   3610.2
138   1   -443.6   -279.6   3564.5
138   2   -571.2   -278.1   3534.4
138   3   -572.3   -468.9   3397.2
138   4   -422.8   -263.7   3354.9
138   5   -319.5   -287.9   3584.4
138   6   -285.5   -488.1   3466.1
138   7   -427.4   -301.5   3359.6
138   8   -440.6   -495.6   3547.9
138   9   -441.1   -662.0   3510.8
138   10   -526.6   -700.5   3481.5
138   11   -528.2   -1027.6   3411.7
138   12   -496.8   -1356.4   3404.5
138   13   -355.7   -710.7   3505.6
138   14   -366.0   -1034.5   3422.6
138   15   -365.8   -1364.6   3422.5
138   16   -447.7   -297.9   3361.9
138   17   -403.8   -332.6   3377.4
138   18   -444.6   -209.0   3570.0
