3   0   -73.1   711.1   3642.8
3   1   -79.8   519.4   3663.9
3   2   -229.6   503.6   3676.2
3   3   -231.3   269.7   3559.3
3   4   -50.8   475.1   3474.0
3   5   65.2   503.8   3694.1
3   6   97.2   265.2   3592.1
3   7   -76.4   454.8   3465.8
3   8   -79.3   288.7   3709.6
3   9   -78.4   110.1   3723.5
3   10   -182.1   -4.5   3756.9
3   11   -159.7   -379.5   3728.2
3   12   -111.8   -742.0   3799.6
3   13   20.5   -8.1   3766.5
3   14   -1.9   -384.0   3755.9
3   15   -70.4   -741.9   3833.8
3   16   -80.9   440.9   3488.2
3   17   -47.4   423.2   3486.8
3   18   -80.0   596.6   3648.6
4   0   -71.9   710.5   3642.8
4   1   -78.0   519.1   3664.4
4   2   -227.8   503.4   3675.2
4   3   -234.9   268.2   3562.4
4   4   -55.6   472.4   3472.8
4   5   68.3   503.7   3690.1
4   6   102.7   262.9   3597.0
4   7   -68.0   449.8   3464.3
4   8   -77.8   288.1   3711.0
4   9   -77.2   108.9   3724.0
4   10   -180.5   -3.1   3754.6
4   11   -159.4   -379.9   3731.4
4   12   -111.2   -742.7   3799.6
4   13   21.8   -6.2   3764.5
4   14   -0.1   -383.8   3756.8
4   15   -68.2   -742.7   3827.6
4   16   -85.5   438.4   3487.7
4   17   -39.5   418.6   3486.4
4   18   -78.0   596.2   3648.9
5   0   -68.3   709.0   3642.8
5   1   -72.6   518.6   3666.0
5   2   -223.5   505.9   3675.0
5   3   -240.3   268.2   3569.8
5   4   -63.0   470.0   3471.2
5   5   74.9   502.4   3683.9
5   6   113.7   257.6   3606.2
5   7   -49.1   441.1   3460.4
5   8   -73.8   286.7   3714.9
5   9   -73.7   105.3   3725.5
5   10   -176.1   1.0   3751.4
5   11   -158.7   -380.6   3735.1
5   12   -110.6   -743.7   3798.7
5   13   22.9   -3.6   3762.8
5   14   4.5   -385.6   3756.3
5   15   -61.0   -746.8   3808.6
5   16   -92.6   436.4   3487.7
5   17   -22.0   410.5   3484.7
5   18   -72.2   595.6   3649.7
6   0   -63.9   707.2   3642.9
6   1   -65.9   518.2   3667.8
6   2   -218.0   509.2   3674.4
6   3   -246.0   269.2   3576.6
6   4   -68.8   466.5   3468.6
6   5   82.4   501.1   3677.5
6   6   124.7   251.9   3616.1
6   7   -26.1   432.1   3454.1
6   8   -68.8   284.9   3719.5
6   9   -69.3   99.5   3727.5
6   10   -170.5   4.4   3749.4
6   11   -158.0   -381.9   3738.9
6   12   -110.1   -744.9   3797.8
6   13   24.4   -1.3   3762.4
6   14   9.6   -387.8   3758.1
6   15   -55.7   -750.5   3789.0
6   16   -98.3   433.6   3486.6
6   17   -1.0   402.1   3481.1
6   18   -64.9   595.1   3650.8
7   0   -60.6   705.8   3643.2
7   1   -61.2   518.0   3668.9
7   2   -213.7   511.7   3673.8
7   3   -249.5   270.2   3581.2
7   4   -72.3   464.4   3467.1
7   5   87.2   500.3   3673.5
7   6   131.4   248.4   3621.8
7   7   -8.9   424.3   3445.3
7   8   -65.5   283.1   3722.2
7   9   -66.2   93.9   3728.9
7   10   -166.8   6.6   3747.7
7   11   -157.8   -385.5   3742.9
7   12   -108.8   -748.2   3798.1
7   13   27.5   1.3   3760.0
7   14   12.3   -390.8   3759.2
7   15   -50.2   -754.7   3777.9
7   16   -101.8   432.0   3486.1
7   17   14.4   395.0   3474.7
7   18   -59.8   594.8   3651.5
8   0   -58.8   705.0   3643.5
8   1   -58.9   518.0   3669.3
8   2   -211.1   513.0   3673.4
8   3   -250.9   270.9   3583.2
8   4   -73.3   464.1   3467.6
8   5   89.1   500.0   3671.8
8   6   134.1   247.0   3624.1
8   7   -3.9   420.4   3442.3
8   8   -64.0   281.4   3722.9
8   9   -64.6   89.9   3729.6
8   10   -164.9   7.6   3747.0
8   11   -157.8   -388.3   3746.3
8   12   -108.0   -750.7   3798.2
8   13   29.0   1.8   3757.9
8   14   12.9   -393.9   3759.6
8   15   -45.0   -758.4   3775.3
8   16   -102.9   431.9   3486.9
8   17   19.1   391.5   3472.6
8   18   -57.2   594.8   3651.9
9   0   -58.0   704.6   3643.9
9   1   -58.0   518.1   3669.3
9   2   -209.6   513.6   3673.2
9   3   -251.3   271.4   3583.9
9   4   -73.1   464.8   3469.6
9   5   89.5   500.1   3671.5
9   6   134.6   246.8   3624.5
9   7   -4.3   419.6   3442.4
9   8   -63.5   279.8   3722.5
9   9   -63.9   87.4   3729.9
9   10   -164.2   7.9   3746.7
9   11   -157.8   -392.1   3749.7
9   12   -107.4   -754.4   3798.4
9   13   29.8   1.8   3756.4
9   14   13.0   -397.9   3759.7
9   15   -46.9   -761.6   3777.3
9   16   -102.8   432.6   3488.6
9   17   18.8   390.8   3472.7
9   18   -56.2   594.9   3652.1
10   0   -57.7   704.4   3644.3
10   1   -57.8   518.1   3669.0
10   2   -208.8   514.0   3673.1
10   3   -251.5   271.9   3584.0
10   4   -73.0   465.4   3470.5
10   5   89.1   500.4   3671.8
10   6   134.0   247.4   3623.4
10   7   -5.7   420.4   3442.3
10   8   -63.5   278.0   3721.6
10   9   -63.7   86.3   3729.9
10   10   -164.0   7.8   3746.7
10   11   -157.5   -396.9   3750.9
10   12   -106.8   -759.0   3798.2
10   13   30.4   1.7   3755.0
10   14   12.2   -402.7   3759.8
10   15   -47.5   -765.8   3782.7
10   16   -102.8   433.1   3489.4
10   17   17.6   391.5   3472.5
10   18   -56.0   595.0   3652.2
11   0   -57.7   704.2   3644.7
11   1   -57.9   518.3   3668.9
11   2   -208.3   514.2   3673.1
11   3   -251.5   272.2   3583.8
11   4   -73.6   466.5   3470.7
11   5   88.4   500.8   3672.1
11   6   133.6   248.1   3622.3
11   7   -7.4   421.3   3442.5
11   8   -63.7   276.6   3720.9
11   9   -63.7   86.0   3729.9
11   10   -164.0   7.8   3746.7
11   11   -157.3   -401.1   3750.3
11   12   -106.4   -762.8   3797.8
11   13   30.9   1.6   3753.3
11   14   11.2   -406.8   3759.9
11   15   -48.6   -769.4   3785.9
11   16   -103.3   434.1   3489.6
11   17   16.1   392.4   3472.5
11   18   -56.1   595.2   3652.3
12   0   -57.7   704.1   3645.1
12   1   -58.0   518.4   3668.7
12   2   -208.0   514.4   3673.0
12   3   -251.2   272.5   3583.7
12   4   -74.2   467.2   3470.3
12   5   87.8   501.1   3672.2
12   6   133.1   248.7   3621.1
12   7   -8.8   422.3   3442.5
12   8   -63.8   275.5   3720.5
12   9   -63.7   86.3   3729.8
12   10   -164.0   7.9   3746.7
12   11   -157.0   -402.5   3746.1
12   12   -106.9   -761.2   3797.2
12   13   31.7   2.0   3750.4
12   14   10.6   -407.8   3759.9
12   15   -48.5   -767.8   3787.2
12   16   -103.7   434.7   3489.2
12   17   14.9   393.3   3472.3
12   18   -56.2   595.4   3652.2
13   0   -57.8   704.0   3645.5
13   1   -58.2   518.5   3668.5
13   2   -207.7   514.5   3673.0
13   3   -250.8   272.6   3583.7
13   4   -73.9   467.3   3470.1
13   5   87.3   501.4   3672.2
13   6   132.6   249.4   3619.2
13   7   -10.2   424.7   3443.2
13   8   -64.0   274.9   3720.4
13   9   -63.8   86.8   3729.8
13   10   -164.0   8.0   3746.5
13   11   -157.2   -400.8   3745.8
13   12   -107.3   -758.5   3796.4
13   13   31.9   2.3   3749.2
13   14   12.2   -406.0   3759.0
13   15   -48.3   -764.6   3786.7
13   16   -103.4   434.8   3489.0
13   17   13.6   395.5   3472.5
13   18   -56.3   595.5   3652.1
14   0   -57.9   703.9   3645.8
14   1   -58.3   518.6   3668.3
14   2   -207.4   514.7   3672.9
14   3   -250.3   272.9   3583.2
14   4   -73.5   467.8   3469.9
14   5   86.9   501.6   3672.2
14   6   132.2   250.3   3616.5
14   7   -12.0   427.2   3443.4
14   8   -64.1   274.6   3720.3
14   9   -63.8   87.4   3729.7
14   10   -163.9   8.1   3746.2
14   11   -157.2   -397.8   3744.6
14   12   -107.8   -755.6   3794.7
14   13   31.8   2.5   3749.0
14   14   12.4   -402.9   3759.0
14   15   -47.9   -761.6   3786.0
14   16   -103.0   435.3   3488.7
14   17   12.0   397.7   3472.2
14   18   -56.4   595.6   3651.9
15   0   -58.2   703.8   3646.1
15   1   -58.4   518.7   3668.1
15   2   -207.3   514.8   3671.6
15   3   -250.2   273.0   3582.1
15   4   -73.3   468.2   3469.8
15   5   86.5   501.8   3672.0
15   6   131.8   250.6   3615.6
15   7   -12.6   427.9   3443.1
15   8   -64.4   274.3   3720.0
15   9   -64.2   87.7   3729.4
15   10   -164.3   7.9   3745.8
15   11   -157.3   -395.1   3742.9
15   12   -108.3   -753.4   3792.4
15   13   31.5   2.6   3749.4
15   14   12.0   -399.8   3759.3
15   15   -48.8   -759.0   3781.7
15   16   -102.8   435.7   3488.5
15   17   11.4   398.3   3471.9
15   18   -56.5   595.7   3651.7
16   0   -58.8   703.7   3646.2
16   1   -58.6   518.8   3667.8
16   2   -207.1   515.0   3670.7
16   3   -250.2   273.3   3580.9
16   4   -73.0   468.8   3469.5
16   5   86.1   502.0   3671.8
16   6   131.6   250.8   3615.9
16   7   -12.9   427.5   3442.8
16   8   -64.9   274.1   3719.7
16   9   -64.9   87.6   3728.9
16   10   -165.0   7.5   3745.4
16   11   -157.4   -392.8   3739.9
16   12   -108.9   -751.4   3791.1
16   13   31.2   2.9   3749.6
16   14   11.5   -397.0   3759.7
16   15   -49.8   -756.6   3779.8
16   16   -102.5   436.2   3488.1
16   17   11.2   398.1   3471.7
16   18   -56.6   595.8   3651.5
17   0   -59.5   703.6   3646.3
17   1   -58.7   518.9   3667.6
17   2   -206.9   515.2   3670.0
17   3   -250.3   273.9   3579.5
17   4   -72.6   469.6   3469.3
17   5   85.7   502.3   3671.5
17   6   131.3   250.8   3616.5
17   7   -12.5   427.7   3443.1
17   8   -65.4   273.9   3719.4
17   9   -65.7   87.2   3728.3
17   10   -166.0   7.0   3744.9
17   11   -157.5   -391.1   3737.6
17   12   -109.7   -750.1   3789.5
17   13   30.9   3.0   3749.7
17   14   11.1   -394.6   3760.3
17   15   -51.0   -754.7   3778.8
17   16   -102.3   437.0   3487.6
17   17   11.5   398.2   3472.0
17   18   -56.6   595.9   3651.3
18   0   -60.3   703.5   3646.3
18   1   -58.9   519.0   3667.4
18   2   -206.7   515.5   3669.1
18   3   -250.4   274.7   3577.4
18   4   -72.0   470.8   3469.0
18   5   85.4   502.5   3671.1
18   6   130.9   251.0   3616.3
18   7   -12.3   428.9   3443.6
18   8   -66.0   273.8   3719.2
18   9   -66.6   86.6   3727.7
18   10   -167.0   6.5   3744.3
18   11   -157.7   -390.0   3737.4
18   12   -110.7   -749.6   3788.0
18   13   30.5   3.2   3749.8
18   14   10.5   -392.7   3761.1
18   15   -51.7   -753.2   3778.5
18   16   -101.7   438.1   3487.1
18   17   11.5   399.3   3472.4
18   18   -56.6   596.0   3651.1
19   0   -61.1   703.4   3646.3
19   1   -59.0   519.2   3667.2
19   2   -206.6   515.8   3668.6
19   3   -250.4   275.9   3574.7
19   4   -70.9   472.3   3468.8
19   5   85.1   502.7   3671.0
19   6   130.6   251.2   3616.2
19   7   -12.4   429.5   3443.7
19   8   -66.6   273.6   3719.1
19   9   -67.5   85.8   3727.2
19   10   -168.1   6.1   3743.5
19   11   -157.7   -393.2   3736.8
19   12   -111.3   -753.1   3787.8
19   13   30.1   3.5   3749.7
19   14   10.1   -395.3   3761.5
19   15   -51.9   -756.1   3778.7
19   16   -100.8   439.5   3486.4
19   17   11.5   399.8   3472.4
19   18   -56.7   596.2   3650.9
20   0   -61.8   703.3   3646.3
20   1   -59.2   519.3   3667.0
20   2   -206.3   516.0   3668.6
20   3   -250.5   276.9   3572.8
20   4   -70.2   473.5   3468.6
20   5   84.9   503.1   3670.9
20   6   130.2   251.6   3616.2
20   7   -12.6   429.8   3443.3
20   8   -67.0   273.4   3719.1
20   9   -68.1   85.1   3726.9
20   10   -168.8   5.8   3743.3
20   11   -157.9   -393.9   3736.4
20   12   -112.9   -754.2   3787.4
20   13   29.5   3.5   3750.0
20   14   10.2   -395.8   3761.7
20   15   -51.1   -756.9   3779.1
20   16   -100.3   440.7   3486.0
20   17   11.2   400.1   3472.1
20   18   -56.7   596.3   3650.7
21   0   -62.3   703.2   3646.3
21   1   -59.3   519.4   3666.8
21   2   -206.0   516.1   3668.8
21   3   -250.6   277.1   3572.8
21   4   -71.3   474.4   3468.2
21   5   84.7   503.4   3670.8
21   6   130.1   251.9   3616.3
21   7   -12.3   430.3   3443.5
21   8   -67.3   273.2   3719.1
21   9   -68.4   84.3   3726.8
21   10   -169.1   5.1   3743.2
21   11   -158.4   -393.8   3737.2
21   12   -113.6   -754.4   3787.2
21   13   28.8   2.3   3750.4
21   14   11.2   -396.2   3762.6
21   15   -48.2   -757.7   3779.6
21   16   -101.2   441.5   3485.7
21   17   11.4   400.6   3472.3
21   18   -56.8   596.4   3650.5
22   0   -62.6   703.1   3646.3
22   1   -59.3   519.5   3666.6
22   2   -205.8   516.1   3669.2
22   3   -250.5   277.3   3573.0
22   4   -75.2   476.6   3465.7
22   5   84.6   503.6   3670.6
22   6   130.5   252.2   3615.8
22   7   -9.6   435.3   3446.1
22   8   -67.4   273.0   3719.2
22   9   -68.5   83.4   3726.7
22   10   -169.1   4.3   3743.3
22   11   -158.5   -393.3   3738.9
22   12   -114.0   -754.3   3787.3
22   13   28.3   1.1   3751.1
22   14   11.9   -396.1   3764.2
22   15   -45.5   -758.2   3779.6
22   16   -104.4   443.4   3483.6
22   17   13.7   404.8   3474.4
22   18   -56.8   596.4   3650.2
23   0   -62.7   703.0   3646.7
23   1   -59.3   519.5   3666.6
23   2   -205.5   516.1   3669.8
23   3   -252.1   277.8   3573.0
23   4   -97.0   484.0   3451.2
23   5   84.6   503.9   3670.4
23   6   132.5   252.8   3615.9
23   7   -1.1   447.5   3454.6
23   8   -67.5   273.1   3719.8
23   9   -68.3   82.9   3726.8
23   10   -169.8   5.6   3743.2
23   11   -157.8   -392.2   3737.4
23   12   -114.4   -752.0   3786.8
23   13   30.1   4.1   3752.4
23   14   11.3   -393.2   3762.2
23   15   -50.2   -753.4   3779.7
23   16   -122.8   449.7   3471.5
23   17   21.2   415.1   3481.4
23   18   -56.8   596.4   3650.0
24   0   -62.7   702.9   3648.5
24   1   -59.3   519.6   3668.9
24   2   -204.3   514.6   3675.3
24   3   -256.9   280.1   3572.9
24   4   -156.8   478.5   3404.5
24   5   85.4   504.6   3670.3
24   6   142.6   255.8   3614.9
24   7   26.6   455.6   3446.9
24   8   -67.4   273.1   3722.6
24   9   -68.1   82.6   3727.0
24   10   -172.4   13.3   3743.4
24   11   -157.7   -382.2   3736.7
24   12   -115.2   -744.7   3785.8
24   13   34.2   14.2   3754.4
24   14   11.6   -380.9   3754.1
24   15   -46.7   -743.5   3779.8
24   16   -173.4   445.4   3432.6
24   17   45.9   422.3   3474.9
24   18   -56.8   596.5   3652.2
25   0   -61.8   702.7   3652.4
25   1   -58.8   519.6   3675.6
25   2   -203.5   514.4   3687.3
25   3   -263.8   284.7   3578.7
25   4   -267.7   440.1   3363.6
25   5   85.7   507.6   3686.9
25   6   160.3   270.3   3611.2
25   7   22.5   475.1   3471.1
25   8   -65.2   273.6   3730.4
25   9   -66.3   83.0   3731.3
25   10   -169.2   11.8   3743.5
25   11   -157.3   -386.1   3739.2
25   12   -114.6   -749.9   3785.8
25   13   33.7   11.4   3756.2
25   14   15.1   -386.1   3760.8
25   15   -46.6   -749.5   3780.2
25   16   -266.9   414.3   3399.5
25   17   45.5   441.0   3494.5
25   18   -56.8   596.5   3658.4
26   0   -60.4   702.3   3657.9
26   1   -58.0   519.7   3685.3
26   2   -204.4   514.1   3693.7
26   3   -284.2   287.3   3593.2
26   4   -335.2   374.7   3339.1
26   5   87.4   509.3   3696.0
26   6   177.4   277.0   3619.4
26   7   -9.4   460.1   3520.5
26   8   -61.9   274.2   3741.3
26   9   -63.5   84.0   3737.7
26   10   -170.1   23.2   3744.3
26   11   -156.0   -374.3   3727.2
26   12   -115.5   -740.0   3784.3
26   13   40.1   21.5   3760.0
26   14   17.7   -376.0   3755.3
26   15   -43.1   -742.5   3780.6
26   16   -326.6   360.3   3381.4
26   17   21.6   429.5   3537.0
26   18   -56.8   596.5   3667.9
27   0   -58.5   701.8   3664.3
27   1   -57.4   519.7   3695.5
27   2   -205.4   513.7   3696.9
27   3   -305.9   293.1   3601.4
27   4   -377.2   322.6   3328.3
27   5   89.5   510.6   3700.7
27   6   197.2   286.7   3621.4
27   7   141.2   350.9   3428.8
27   8   -59.4   274.4   3750.8
27   9   -61.2   84.7   3745.2
27   10   -164.0   17.9   3746.0
27   11   -155.5   -382.2   3734.8
27   12   -114.2   -749.6   3785.9
27   13   36.8   13.4   3764.2
27   14   20.8   -386.7   3765.0
27   15   -44.8   -753.7   3781.0
27   16   -365.3   317.7   3373.8
27   17   150.0   340.5   3460.9
27   18   -56.8   596.5   3678.2
28   0   -55.5   701.4   3671.7
28   1   -57.1   519.5   3703.9
28   2   -206.3   513.4   3698.3
28   3   -318.9   300.0   3598.9
28   4   -421.4   276.6   3328.8
28   5   91.0   511.2   3703.0
28   6   208.3   296.6   3611.6
28   7   258.0   261.3   3387.0
28   8   -58.0   274.1   3756.6
28   9   -59.8   84.9   3750.6
28   10   -162.6   18.8   3748.5
28   11   -154.8   -384.3   3731.2
28   12   -114.1   -748.3   3786.8
28   13   37.0   11.5   3766.8
28   14   21.3   -391.7   3765.7
28   15   -45.4   -755.8   3782.1
28   16   -404.4   280.5   3373.8
28   17   249.4   267.4   3424.4
28   18   -56.8   596.5   3687.3
29   0   -52.1   701.1   3678.8
29   1   -56.9   519.3   3709.6
29   2   -206.8   513.3   3698.9
29   3   -323.7   306.9   3586.8
29   4   -457.9   239.6   3334.4
29   5   91.6   510.9   3703.9
29   6   217.6   306.9   3597.4
29   7   332.4   188.4   3386.5
29   8   -57.4   273.8   3759.3
29   9   -59.1   85.1   3753.7
29   10   -162.6   21.3   3751.6
29   11   -154.2   -384.6   3727.7
29   12   -113.9   -746.3   3787.7
29   13   38.7   13.9   3768.7
29   14   21.2   -392.4   3774.2
29   15   -45.8   -755.0   3782.0
29   16   -435.6   250.8   3376.5
29   17   313.2   208.2   3421.7
29   18   -56.8   596.5   3694.0
30   0   -48.5   700.6   3682.1
30   1   -56.9   519.2   3712.0
30   2   -207.0   513.2   3699.1
30   3   -325.0   308.3   3582.5
30   4   -480.8   208.1   3351.3
30   5   91.8   510.4   3703.3
30   6   223.4   309.0   3595.1
30   7   374.8   136.4   3417.4
30   8   -57.2   273.9   3759.9
30   9   -58.8   85.5   3755.2
30   10   -163.6   25.9   3753.3
30   11   -154.0   -382.2   3726.1
30   12   -114.2   -742.4   3787.6
30   13   40.7   18.4   3769.3
30   14   19.9   -390.2   3770.2
30   15   -44.3   -751.8   3783.1
30   16   -454.9   224.7   3389.8
30   17   349.6   165.1   3447.1
30   18   -56.8   596.4   3696.8
31   0   -46.2   699.9   3682.1
31   1   -56.8   519.2   3712.4
31   2   -207.1   513.2   3699.3
31   3   -325.3   306.1   3586.3
31   4   -490.9   185.5   3371.7
31   5   91.8   509.9   3702.3
31   6   226.2   305.1   3604.5
31   7   390.2   105.4   3450.8
31   8   -57.2   274.2   3759.6
31   9   -58.8   86.1   3755.6
31   10   -162.8   26.4   3754.7
31   11   -152.5   -383.8   3725.6
31   12   -113.9   -743.3   3788.0
31   13   40.8   19.8   3769.1
31   14   18.6   -390.9   3769.0
31   15   -43.2   -752.3   3783.3
31   16   -463.3   205.6   3407.4
31   17   362.8   138.7   3476.4
31   18   -56.7   596.4   3697.5
32   0   -45.0   699.0   3678.6
32   1   -56.8   519.2   3711.6
32   2   -207.2   513.2   3699.1
32   3   -322.7   301.2   3595.6
32   4   -494.4   166.6   3396.4
32   5   91.9   509.6   3700.9
32   6   226.5   297.1   3628.7
32   7   387.9   88.2   3482.2
32   8   -57.3   274.7   3758.8
32   9   -58.8   86.9   3755.6
32   10   -159.3   21.1   3756.1
32   11   -151.9   -387.9   3731.0
32   12   -113.2   -747.9   3789.4
32   13   38.0   16.2   3768.6
32   14   18.0   -393.2   3768.3
32   15   -43.2   -754.5   3783.4
32   16   -465.8   189.1   3429.6
32   17   361.0   123.0   3506.7
32   18   -56.6   596.4   3696.7
33   0   -44.6   698.2   3674.2
33   1   -56.9   519.2   3710.4
33   2   -208.1   514.3   3698.8
33   3   -318.3   296.8   3604.4
33   4   -497.1   147.3   3421.5
33   5   92.0   509.0   3700.2
33   6   221.9   288.7   3649.5
33   7   380.3   75.2   3506.9
33   8   -58.2   275.2   3758.0
33   9   -60.3   87.6   3755.5
33   10   -161.9   24.2   3757.4
33   11   -151.7   -385.8   3733.5
33   12   -113.3   -743.3   3789.9
33   13   37.0   18.1   3768.5
33   14   17.0   -392.2   3767.1
33   15   -43.1   -750.8   3783.3
33   16   -467.3   172.2   3452.0
33   17   353.9   110.7   3530.7
33   18   -56.5   596.4   3695.3
34   0   -46.8   697.7   3669.4
34   1   -57.5   519.2   3709.0
34   2   -209.4   515.8   3697.9
34   3   -317.8   294.4   3610.5
34   4   -499.1   131.2   3440.7
34   5   93.1   510.1   3700.1
34   6   212.3   280.8   3662.9
34   7   375.3   68.3   3526.1
34   8   -60.6   275.7   3756.9
34   9   -63.1   88.3   3754.7
34   10   -165.5   27.3   3758.4
34   11   -152.0   -382.5   3734.9
34   12   -112.9   -739.1   3790.8
34   13   35.4   22.0   3768.3
34   14   16.4   -388.3   3765.8
34   15   -43.8   -745.9   3783.5
34   16   -468.9   158.4   3469.0
34   17   348.1   103.7   3548.9
34   18   -56.5   596.4   3693.8
35   0   -49.8   697.6   3665.9
35   1   -58.4   519.3   3707.5
35   2   -210.5   517.0   3696.6
35   3   -321.5   294.7   3613.5
35   4   -502.9   121.8   3453.3
35   5   94.3   511.5   3700.3
35   6   206.8   276.9   3669.7
35   7   371.8   64.1   3539.2
35   8   -64.4   276.5   3755.9
35   9   -66.9   89.1   3753.5
35   10   -170.3   31.8   3758.4
35   11   -151.7   -377.0   3732.9
35   12   -113.5   -733.6   3790.0
35   13   33.1   27.3   3768.1
35   14   16.0   -382.4   3763.5
35   15   -43.4   -740.1   3783.6
35   16   -472.6   150.6   3480.0
35   17   344.3   99.6   3560.9
35   18   -56.5   596.4   3692.2
36   0   -53.0   697.9   3663.7
36   1   -59.3   519.3   3706.1
36   2   -211.4   517.9   3695.2
36   3   -324.9   295.6   3614.8
36   4   -505.3   119.7   3455.9
36   5   95.0   512.0   3700.5
36   6   205.0   275.4   3672.2
36   7   370.0   63.6   3541.9
36   8   -68.2   277.2   3754.6
36   9   -70.4   89.9   3752.1
36   10   -172.5   30.7   3758.3
36   11   -152.1   -378.7   3732.1
36   12   -113.5   -733.2   3790.1
36   13   28.2   26.2   3767.6
36   14   16.2   -384.4   3762.5
36   15   -44.0   -740.0   3783.4
36   16   -475.2   149.1   3482.4
36   17   342.5   98.9   3563.7
36   18   -56.5   596.5   3690.7
37   0   -55.2   698.3   3662.4
37   1   -60.0   519.4   3704.9
37   2   -211.9   518.2   3694.6
37   3   -327.3   297.3   3615.0
37   4   -507.0   123.8   3454.0
37   5   95.4   512.2   3700.8
37   6   204.7   275.9   3672.1
37   7   369.1   66.3   3540.1
37   8   -70.9   277.9   3753.4
37   9   -72.8   90.6   3750.7
37   10   -173.0   27.9   3758.2
37   11   -153.2   -379.8   3732.9
37   12   -113.5   -734.1   3790.2
37   13   24.8   25.6   3767.2
37   14   16.6   -383.3   3762.6
37   15   -44.2   -738.7   3782.5
37   16   -477.1   152.8   3480.8
37   17   341.7   101.3   3562.1
37   18   -56.5   596.5   3689.5
38   0   -56.5   698.7   3661.8
38   1   -60.4   519.4   3704.2
38   2   -212.3   518.3   3694.4
38   3   -329.3   299.7   3615.0
38   4   -507.5   132.2   3447.2
38   5   95.6   512.1   3701.1
38   6   205.1   277.7   3670.6
38   7   371.4   72.5   3535.7
38   8   -72.5   278.5   3752.5
38   9   -74.2   91.2   3749.7
38   10   -171.6   23.0   3758.0
38   11   -153.9   -382.0   3733.3
38   12   -113.5   -736.9   3790.4
38   13   22.9   24.6   3766.9
38   14   16.8   -381.5   3763.1
38   15   -43.5   -737.7   3781.4
38   16   -477.8   160.1   3475.2
38   17   343.7   106.7   3558.2
38   18   -56.5   596.5   3688.7
39   0   -56.6   699.0   3661.6
39   1   -60.6   519.4   3703.6
39   2   -212.6   518.3   3694.4
39   3   -331.6   302.9   3614.9
39   4   -512.6   146.1   3437.9
39   5   95.8   512.0   3701.4
39   6   207.4   281.0   3668.3
39   7   384.5   86.2   3529.4
39   8   -73.3   279.1   3751.9
39   9   -74.6   91.8   3749.0
39   10   -171.1   21.2   3758.1
39   11   -154.0   -383.5   3733.6
39   12   -113.9   -735.7   3789.7
39   13   22.4   24.2   3766.7
39   14   16.7   -381.6   3763.8
39   15   -42.7   -735.1   3780.9
39   16   -482.4   172.3   3467.4
39   17   355.0   118.7   3552.6
39   18   -56.5   596.5   3688.1
40   0   -55.8   699.3   3661.5
40   1   -60.7   519.4   3703.0
40   2   -212.7   518.0   3694.5
40   3   -335.1   305.9   3612.6
40   4   -523.3   171.1   3425.0
40   5   96.0   511.9   3701.5
40   6   218.8   288.7   3661.2
40   7   409.5   111.2   3516.3
40   8   -73.7   279.8   3751.3
40   9   -74.6   92.2   3748.4
40   10   -170.5   20.1   3758.2
40   11   -154.0   -382.9   3734.6
40   12   -114.1   -735.1   3788.7
40   13   22.2   23.6   3766.5
40   14   17.1   -380.4   3768.4
40   15   -42.4   -733.7   3780.4
40   16   -491.9   193.6   3456.3
40   17   377.7   140.8   3540.5
40   18   -56.5   596.5   3687.4
41   0   -54.1   699.8   3663.1
41   1   -60.6   519.4   3702.6
41   2   -212.8   517.6   3694.6
41   3   -343.8   313.2   3600.8
41   4   -543.6   214.2   3406.2
41   5   96.5   512.2   3701.5
41   6   238.5   301.3   3648.5
41   7   438.7   154.1   3487.3
41   8   -73.4   280.5   3751.0
41   9   -74.3   92.6   3748.0
41   10   -170.2   20.4   3758.3
41   11   -153.7   -383.7   3735.9
41   12   -115.0   -737.2   3787.8
41   13   22.2   23.5   3766.2
41   14   16.8   -381.4   3769.4
41   15   -42.7   -735.7   3780.4
41   16   -510.3   230.7   3438.7
41   17   405.4   178.6   3514.2
41   18   -56.4   596.5   3687.0
42   0   -51.1   700.4   3666.6
42   1   -60.2   519.5   3702.4
42   2   -212.8   517.3   3694.7
42   3   -369.1   344.1   3582.6
42   4   -579.5   273.4   3383.7
42   5   98.1   513.6   3701.3
42   6   264.6   323.1   3640.6
42   7   466.8   234.7   3446.8
42   8   -72.6   281.2   3750.9
42   9   -73.9   93.0   3748.1
42   10   -170.8   23.1   3758.6
42   11   -152.6   -381.4   3734.7
42   12   -115.9   -737.2   3787.6
42   13   23.4   25.9   3766.2
42   14   16.3   -379.6   3767.0
42   15   -42.6   -736.1   3780.7
42   16   -544.5   285.2   3416.9
42   17   433.1   249.4   3479.1
42   18   -56.2   596.5   3686.8
43   0   -49.6   700.8   3669.3
43   1   -59.7   519.6   3702.5
43   2   -213.9   519.2   3694.8
43   3   -401.0   394.5   3569.0
43   4   -608.9   366.1   3356.2
43   5   99.5   514.7   3701.2
43   6   295.9   359.3   3631.2
43   7   492.7   329.9   3412.5
43   8   -71.8   282.3   3751.4
43   9   -73.5   93.5   3748.5
43   10   -171.3   27.3   3758.6
43   11   -153.0   -378.8   3735.1
43   12   -116.0   -736.2   3787.7
43   13   24.6   30.1   3766.4
43   14   16.4   -377.1   3766.0
43   15   -42.6   -735.1   3780.8
43   16   -574.3   370.8   3391.7
43   17   459.9   334.7   3449.0
43   18   -55.8   596.6   3686.7
44   0   -49.0   703.6   3670.5
44   1   -59.3   521.3   3702.7
44   2   -216.0   525.6   3694.9
44   3   -421.7   453.8   3554.6
44   4   -630.2   468.6   3338.0
44   5   101.7   519.4   3701.2
44   6   323.2   416.9   3614.3
44   7   524.7   431.2   3391.1
44   8   -71.0   285.1   3752.1
44   9   -73.1   95.6   3749.0
44   10   -170.5   31.5   3758.5
44   11   -153.5   -375.7   3735.6
44   12   -115.5   -733.9   3789.9
44   13   24.9   34.8   3766.5
44   14   16.5   -373.2   3765.8
44   15   -42.6   -732.4   3780.9
44   16   -595.4   466.1   3374.1
44   17   491.1   428.8   3428.3
44   18   -55.5   598.2   3686.6
45   0   -48.9   708.4   3670.4
45   1   -58.8   524.9   3702.9
45   2   -218.0   535.0   3695.0
45   3   -432.1   514.4   3546.5
45   4   -640.3   588.8   3346.4
45   5   104.8   528.7   3701.3
45   6   339.8   482.3   3600.1
45   7   538.3   541.1   3380.9
45   8   -70.1   290.0   3752.7
45   9   -72.8   99.9   3749.5
45   10   -169.2   36.5   3758.4
45   11   -154.0   -369.3   3736.1
45   12   -115.6   -728.2   3790.4
45   13   25.1   41.0   3766.7
45   14   17.0   -365.6   3767.4
45   15   -41.7   -725.6   3780.8
45   16   -605.6   576.4   3379.7
45   17   505.2   531.3   3417.4
45   18   -55.0   601.8   3686.6
46   0   -49.2   715.1   3667.3
46   1   -58.3   530.8   3702.7
46   2   -219.0   544.0   3695.1
46   3   -429.6   570.4   3539.8
46   4   -635.4   698.8   3369.8
46   5   107.6   539.9   3700.6
46   6   349.9   538.0   3599.1
46   7   531.6   653.8   3393.2
46   8   -69.2   297.1   3752.9
46   9   -72.5   106.6   3749.9
46   10   -168.4   43.3   3758.4
46   11   -153.9   -363.6   3736.4
46   12   -116.6   -720.7   3789.7
46   13   25.4   48.4   3766.8
46   14   17.4   -359.3   3768.4
46   15   -40.4   -717.4   3780.6
46   16   -601.1   677.4   3398.1
46   17   501.3   634.5   3427.5
46   18   -54.7   607.6   3686.2
47   0   -49.9   721.5   3660.8
47   1   -57.9   536.9   3700.9
47   2   -218.6   550.1   3695.0
47   3   -417.5   619.9   3536.3
47   4   -620.3   787.4   3400.9
47   5   108.5   547.3   3696.4
47   6   345.9   596.4   3594.4
47   7   526.3   755.6   3422.2
47   8   -68.3   304.4   3752.2
47   9   -72.1   113.7   3750.1
47   10   -167.1   47.7   3758.3
47   11   -154.1   -357.9   3737.3
47   12   -117.4   -714.8   3788.8
47   13   22.6   49.4   3766.4
47   14   16.7   -356.8   3774.6
47   15   -39.9   -714.7   3780.8
47   16   -586.5   759.5   3423.4
47   17   496.2   729.2   3450.9
47   18   -54.5   613.7   3684.0
48   0   -50.6   729.6   3650.8
48   1   -57.5   544.8   3694.5
48   2   -217.4   556.2   3692.4
48   3   -403.8   664.3   3539.5
48   4   -596.1   867.2   3437.7
48   5   108.6   555.8   3691.9
48   6   336.0   644.7   3591.4
48   7   515.7   838.9   3456.7
48   8   -67.1   312.6   3748.3
48   9   -71.4   121.9   3748.5
48   10   -166.4   54.1   3758.2
48   11   -154.1   -349.3   3737.6
48   12   -118.4   -706.9   3787.3
48   13   25.0   58.2   3766.7
48   14   16.6   -345.6   3779.5
48   15   -38.1   -704.2   3781.0
48   16   -564.0   833.4   3454.7
48   17   485.8   806.6   3479.2
48   18   -54.3   621.4   3676.8
49   0   -51.0   738.5   3641.0
49   1   -57.1   553.3   3686.4
49   2   -216.0   562.4   3687.4
49   3   -390.9   700.5   3545.0
49   4   -572.3   925.1   3458.8
49   5   108.3   564.9   3688.6
49   6   326.8   680.5   3593.7
49   7   502.9   896.3   3479.9
49   8   -65.5   320.4   3743.2
49   9   -69.8   129.7   3746.5
49   10   -164.2   56.6   3757.8
49   11   -154.3   -344.5   3738.5
49   12   -118.5   -703.0   3786.3
49   13   22.8   56.6   3766.0
49   14   15.8   -344.5   3783.7
49   15   -37.8   -704.0   3781.8
49   16   -542.0   887.7   3473.2
49   17   473.6   860.3   3498.8
49   18   -54.3   629.7   3667.8
50   0   -51.1   746.9   3633.6
50   1   -56.7   561.2   3679.3
50   2   -215.7   570.7   3684.4
50   3   -382.3   727.0   3551.0
50   4   -548.2   965.3   3466.4
50   5   107.2   571.7   3686.8
50   6   317.1   708.1   3600.7
50   7   482.6   940.0   3499.8
50   8   -64.0   326.9   3738.6
50   9   -68.1   135.9   3744.3
50   10   -162.9   58.7   3757.5
50   11   -154.4   -340.1   3739.1
50   12   -118.9   -699.7   3784.5
50   13   24.4   58.4   3766.2
50   14   15.8   -340.6   3780.6
50   15   -37.0   -700.9   3782.9
50   16   -520.6   925.6   3480.5
50   17   455.0   901.3   3516.6
50   18   -54.3   637.4   3660.0
51   0   -51.0   753.6   3630.1
51   1   -56.3   567.1   3674.8
51   2   -215.1   575.8   3682.8
51   3   -377.9   742.0   3557.5
51   4   -528.2   986.2   3465.6
51   5   106.6   577.2   3686.0
51   6   311.8   724.2   3608.0
51   7   456.4   966.1   3502.5
51   8   -62.6   331.6   3735.1
51   9   -66.5   139.7   3741.6
51   10   -163.2   63.7   3757.3
51   11   -154.7   -333.4   3739.3
51   12   -119.7   -693.9   3782.9
51   13   28.8   65.4   3767.0
51   14   16.6   -331.8   3776.1
51   15   -35.7   -692.8   3783.2
51   16   -503.2   945.5   3480.9
51   17   432.3   925.8   3520.1
51   18   -54.2   643.4   3655.3
52   0   -51.0   757.8   3628.7
52   1   -55.9   570.8   3672.9
52   2   -214.5   578.1   3682.1
52   3   -375.6   748.1   3561.2
52   4   -515.0   994.6   3463.4
52   5   106.2   579.9   3685.7
52   6   309.0   730.4   3609.9
52   7   439.1   979.4   3505.8
52   8   -61.3   334.3   3732.5
52   9   -64.9   141.1   3739.0
52   10   -163.4   67.6   3757.0
52   11   -154.8   -328.0   3739.4
52   12   -119.8   -689.2   3782.1
52   13   29.0   64.9   3766.6
52   14   16.8   -330.9   3771.6
52   15   -35.6   -692.4   3782.6
52   16   -491.7   953.5   3479.7
52   17   417.4   937.8   3523.2
52   18   -54.2   647.1   3653.6
53   0   -51.0   759.8   3629.3
53   1   -55.6   572.3   3672.7
53   2   -214.3   578.6   3682.1
53   3   -374.3   750.1   3563.3
53   4   -501.7   998.7   3459.7
53   5   106.3   580.7   3685.6
53   6   307.9   730.4   3607.8
53   7   430.4   980.7   3501.7
53   8   -60.0   335.1   3730.9
53   9   -63.5   140.6   3736.6
53   10   -163.8   71.3   3756.6
53   11   -154.8   -323.1   3738.8
53   12   -119.5   -684.8   3781.3
53   13   30.4   66.1   3766.5
53   14   17.2   -328.6   3771.0
53   15   -35.3   -690.6   3781.1
53   16   -480.4   957.3   3477.0
53   17   410.0   938.9   3519.4
53   18   -54.2   648.7   3653.9
54   0   -51.0   760.3   3632.3
54   1   -55.3   572.1   3673.4
54   2   -213.7   576.3   3682.9
54   3   -376.3   742.9   3562.2
54   4   -482.6   998.5   3457.1
54   5   106.1   578.8   3685.6
54   6   307.2   726.0   3603.8
54   7   427.3   974.6   3495.1
54   8   -59.0   334.6   3730.1
54   9   -62.5   139.3   3734.9
54   10   -163.9   72.5   3756.1
54   11   -155.1   -321.0   3739.0
54   12   -118.8   -683.0   3781.2
54   13   30.6   64.4   3766.0
54   14   17.5   -329.4   3770.5
54   15   -35.3   -691.6   3781.3
54   16   -464.9   955.9   3474.6
54   17   407.2   933.2   3513.2
54   18   -54.1   648.7   3655.2
55   0   -51.0   758.6   3637.1
55   1   -55.1   569.5   3674.6
55   2   -211.4   568.2   3683.8
55   3   -384.5   716.6   3556.5
55   4   -462.0   982.4   3457.8
55   5   105.9   574.0   3684.9
55   6   312.2   708.1   3596.2
55   7   414.9   963.1   3490.4
55   8   -58.4   332.1   3729.4
55   9   -61.9   136.7   3733.9
55   10   -164.3   71.3   3755.6
55   11   -155.6   -321.6   3739.5
55   12   -117.2   -683.7   3781.3
55   13   30.3   60.2   3765.3
55   14   17.7   -332.9   3770.5
55   15   -35.2   -695.5   3781.4
55   16   -449.1   938.1   3474.3
55   17   397.8   920.6   3508.0
55   18   -54.1   646.2   3656.9
56   0   -51.5   754.3   3643.4
56   1   -55.0   564.3   3676.3
56   2   -210.9   561.5   3688.8
56   3   -395.8   676.9   3548.0
56   4   -426.5   951.8   3450.6
56   5   104.0   562.5   3684.3
56   6   324.0   664.1   3590.8
56   7   367.0   932.7   3488.0
56   8   -58.0   327.0   3729.8
56   9   -61.6   132.4   3733.6
56   10   -165.3   67.9   3755.2
56   11   -155.7   -324.5   3738.5
56   12   -115.1   -686.5   3781.4
56   13   30.8   55.0   3765.0
56   14   17.8   -337.6   3770.7
56   15   -35.7   -700.3   3781.6
56   16   -421.4   906.0   3466.8
56   17   359.8   888.0   3505.1
56   18   -54.0   641.1   3659.0
57   0   -52.2   746.1   3652.4
57   1   -55.0   555.5   3682.3
57   2   -211.7   553.1   3695.0
57   3   -405.7   631.7   3542.1
57   4   -377.2   902.2   3431.7
57   5   105.3   553.5   3685.6
57   6   336.8   609.3   3585.8
57   7   313.1   885.0   3494.5
57   8   -58.0   317.7   3732.7
57   9   -61.4   123.6   3734.9
57   10   -164.8   54.1   3755.1
57   11   -156.3   -338.1   3743.2
57   12   -113.6   -700.3   3783.2
57   13   30.3   41.2   3764.9
57   14   17.6   -351.1   3771.4
57   15   -37.9   -713.6   3782.5
57   16   -381.9   857.1   3450.1
57   17   317.0   839.1   3509.7
57   18   -54.0   632.5   3666.0
58   0   -53.0   736.6   3660.9
58   1   -54.9   546.6   3690.9
58   2   -214.2   547.6   3699.4
58   3   -416.2   576.2   3540.5
58   4   -330.0   828.1   3417.1
58   5   107.1   546.4   3689.7
58   6   339.2   560.3   3575.7
58   7   259.6   831.3   3494.9
58   8   -58.1   308.2   3738.8
58   9   -61.4   114.1   3738.2
58   10   -165.0   42.2   3755.6
58   11   -156.7   -349.8   3745.3
58   12   -112.5   -712.1   3784.5
58   13   33.7   33.9   3766.4
58   14   17.5   -357.9   3772.7
58   15   -38.8   -720.5   3782.9
58   16   -344.4   786.1   3437.7
58   17   272.9   786.1   3508.3
58   18   -53.9   623.8   3675.4
59   0   -53.7   727.7   3667.2
59   1   -54.9   538.8   3699.0
59   2   -215.8   541.2   3703.0
59   3   -413.2   515.4   3537.9
59   4   -284.7   750.1   3413.4
59   5   107.4   537.6   3693.6
59   6   329.5   502.6   3564.8
59   7   206.1   761.3   3492.8
59   8   -58.2   299.7   3745.1
59   9   -61.5   105.3   3742.4
59   10   -165.4   34.9   3756.5
59   11   -157.4   -356.8   3746.2
59   12   -111.9   -719.1   3785.5
59   13   36.6   29.9   3767.7
59   14   17.6   -361.5   3774.1
59   15   -39.3   -724.2   3783.0
59   16   -306.1   711.0   3434.1
59   17   226.7   718.1   3504.8
59   18   -53.8   616.2   3684.1
60   0   -57.1   721.9   3675.3
60   1   -54.8   533.5   3705.4
60   2   -215.7   535.0   3708.3
60   3   -387.0   452.4   3535.8
60   4   -232.2   674.5   3416.2
60   5   107.6   531.7   3697.8
60   6   296.0   443.9   3548.3
60   7   153.5   696.7   3488.2
60   8   -58.3   294.4   3752.2
60   9   -61.6   100.3   3746.4
60   10   -167.1   38.4   3757.3
60   11   -157.7   -353.1   3745.1
60   12   -112.5   -715.4   3785.5
60   13   38.4   32.2   3768.3
60   14   17.9   -359.0   3774.8
60   15   -38.9   -721.8   3783.0
60   16   -257.9   637.5   3436.1
60   17   177.3   654.6   3498.2
60   18   -53.7   610.8   3690.2
61   0   -57.1   719.2   3684.4
61   1   -54.5   531.1   3709.7
61   2   -213.2   526.8   3706.7
61   3   -343.2   385.9   3539.4
61   4   -182.6   605.2   3423.8
61   5   108.2   529.9   3702.1
61   6   251.9   389.9   3545.5
61   7   102.8   638.3   3487.8
61   8   -57.7   292.8   3756.7
61   9   -61.7   99.2   3748.9
61   10   -163.3   37.7   3758.6
61   11   -157.0   -353.5   3743.4
61   12   -112.6   -715.8   3786.0
61   13   38.7   37.7   3768.2
61   14   18.6   -353.4   3774.7
61   15   -37.3   -716.5   3783.5
61   16   -209.4   568.6   3443.0
61   17   127.6   596.9   3497.4
61   18   -53.5   608.4   3694.5
62   0   -50.5   719.0   3688.6
62   1   -53.0   530.6   3710.1
62   2   -207.9   518.9   3697.3
62   3   -294.2   335.5   3539.9
62   4   -122.4   553.9   3453.0
62   5   106.2   523.0   3705.9
62   6   194.7   348.7   3540.8
62   7   58.8   603.0   3499.1
62   8   -56.6   293.6   3758.2
62   9   -61.7   100.3   3750.5
62   10   -158.8   33.5   3759.6
62   11   -156.2   -357.7   3743.9
62   12   -112.2   -720.1   3786.6
62   13   36.2   35.7   3767.6
62   14   18.7   -355.4   3774.9
62   15   -36.0   -718.7   3783.8
62   16   -151.0   517.5   3467.5
62   17   81.5   560.6   3506.1
62   18   -51.9   607.9   3694.4
63   0   -40.8   719.2   3689.4
63   1   -50.5   530.9   3704.6
63   2   -197.2   507.3   3683.9
63   3   -246.7   294.3   3543.5
63   4   -76.3   517.4   3473.4
63   5   105.2   515.9   3691.8
63   6   164.0   301.0   3564.4
63   7   24.7   510.9   3449.1
63   8   -55.3   295.1   3754.8
63   9   -61.4   101.5   3751.2
63   10   -155.5   24.6   3761.0
63   11   -155.5   -370.4   3744.7
63   12   -110.7   -732.7   3788.0
63   13   33.5   27.1   3766.9
63   14   18.0   -367.8   3775.7
63   15   -37.2   -731.2   3784.1
63   16   -104.7   480.2   3485.1
63   17   47.9   476.0   3468.4
63   18   -48.9   608.0   3688.2
64   0   -35.2   719.6   3688.0
64   1   -48.0   531.4   3695.7
64   2   -193.4   506.8   3684.0
64   3   -215.8   280.4   3552.7
64   4   -37.7   495.4   3480.5
64   5   104.2   510.8   3678.8
64   6   149.9   270.6   3592.7
64   7   9.3   460.5   3440.0
64   8   -53.7   295.5   3747.7
64   9   -61.0   101.3   3751.0
64   10   -155.8   14.9   3763.1
64   11   -155.2   -381.3   3746.6
64   12   -109.1   -743.7   3789.2
64   13   33.7   16.7   3766.7
64   14   18.3   -379.5   3776.5
64   15   -38.9   -742.7   3784.1
64   16   -67.4   459.6   3492.5
64   17   32.7   428.9   3465.4
64   18   -46.1   608.3   3678.7
65   0   -33.2   720.1   3683.7
65   1   -46.1   531.8   3686.8
65   2   -192.0   510.2   3685.1
65   3   -202.2   276.3   3563.7
65   4   -22.5   484.6   3479.8
65   5   103.9   508.7   3669.2
65   6   146.1   257.4   3606.5
65   7   2.3   444.4   3445.1
65   8   -52.2   294.9   3741.0
65   9   -60.5   100.1   3750.4
65   10   -159.1   12.2   3766.6
65   11   -154.9   -386.9   3746.4
65   12   -108.3   -749.1   3789.8
65   13   39.2   17.0   3767.4
65   14   18.0   -381.8   3777.6
65   15   -39.3   -745.2   3784.0
65   16   -52.4   449.9   3493.8
65   17   26.3   413.3   3472.0
65   18   -44.2   608.6   3669.2
66   0   -33.1   720.5   3679.4
66   1   -45.0   532.2   3680.3
66   2   -191.8   514.8   3686.4
66   3   -197.0   281.0   3564.8
66   4   -16.0   486.5   3477.5
66   5   103.8   508.5   3667.0
66   6   147.0   255.0   3609.4
66   7   3.2   443.5   3446.6
66   8   -51.0   293.9   3737.9
66   9   -60.2   99.0   3750.1
66   10   -162.0   13.9   3770.4
66   11   -154.1   -386.7   3747.2
66   12   -108.4   -749.3   3789.9
66   13   40.9   15.3   3767.6
66   14   17.4   -385.2   3778.3
66   15   -40.0   -748.5   3784.1
66   16   -46.1   452.3   3492.0
66   17   27.1   412.1   3473.7
66   18   -43.0   608.8   3661.7
67   0   -34.0   721.1   3674.5
67   1   -44.3   532.5   3676.1
67   2   -191.5   517.7   3686.4
67   3   -196.5   286.8   3561.1
67   4   -16.6   494.3   3476.6
67   5   103.7   509.1   3665.3
67   6   148.6   257.1   3604.5
67   7   8.9   450.8   3443.6
67   8   -49.9   292.9   3737.6
67   9   -59.9   98.1   3750.0
67   10   -162.7   15.5   3774.6
67   11   -152.6   -384.4   3747.8
67   12   -108.6   -747.4   3790.0
67   13   41.6   15.2   3768.0
67   14   18.4   -384.9   3778.3
67   15   -40.1   -748.2   3784.1
67   16   -46.6   459.8   3490.7
67   17   32.2   418.5   3470.4
67   18   -42.5   608.9   3656.6
68   0   -35.4   721.7   3668.9
68   1   -43.9   532.9   3673.5
68   2   -191.0   519.3   3685.5
68   3   -199.6   288.5   3561.8
68   4   -24.7   498.0   3472.4
68   5   103.6   509.9   3664.4
68   6   149.6   263.3   3589.0
68   7   3.8   462.0   3441.0
68   8   -49.0   292.1   3739.0
68   9   -59.6   97.9   3750.2
68   10   -162.8   16.8   3776.3
68   11   -150.5   -384.7   3747.3
68   12   -108.9   -745.0   3790.3
68   13   41.5   15.3   3769.0
68   14   18.2   -386.6   3779.0
68   15   -40.0   -747.2   3784.1
68   16   -53.8   463.1   3487.3
68   17   28.1   428.9   3465.6
68   18   -42.3   609.0   3652.8
69   0   -36.8   722.4   3662.8
69   1   -43.6   533.3   3671.4
69   2   -190.4   520.0   3683.6
69   3   -206.5   290.2   3559.5
69   4   -36.1   502.1   3466.9
69   5   103.2   510.5   3663.5
69   6   149.8   271.8   3568.5
69   7   -4.1   477.4   3440.7
69   8   -48.1   292.3   3741.7
69   9   -59.3   98.4   3750.5
69   10   -162.4   17.8   3776.6
69   11   -148.4   -386.5   3747.7
69   12   -108.9   -746.1   3791.4
69   13   41.2   16.2   3770.3
69   14   19.1   -388.7   3779.3
69   15   -40.2   -748.2   3784.3
69   16   -64.5   466.8   3482.3
69   17   21.5   443.2   3462.0
69   18   -42.2   609.0   3649.4
70   0   -37.7   723.0   3655.5
70   1   -43.3   533.7   3669.1
70   2   -189.7   519.6   3680.0
70   3   -215.6   292.9   3552.4
70   4   -48.7   507.3   3459.0
70   5   102.8   511.0   3662.6
70   6   150.0   283.1   3545.2
70   7   -4.6   501.9   3444.1
70   8   -47.1   293.5   3743.8
70   9   -58.9   99.6   3750.7
70   10   -161.7   18.5   3776.6
70   11   -147.8   -385.7   3748.8
70   12   -108.9   -745.5   3792.4
70   13   40.8   17.0   3772.3
70   14   20.9   -387.8   3780.0
70   15   -40.1   -747.1   3784.4
70   16   -76.5   471.6   3474.5
70   17   21.2   465.4   3460.9
70   18   -42.2   609.0   3645.7
71   0   -38.1   723.1   3652.4
71   1   -43.2   534.0   3666.8
71   2   -189.3   518.5   3673.6
71   3   -225.0   295.6   3545.9
71   4   -69.4   514.7   3451.8
71   5   102.2   511.6   3663.4
71   6   150.6   294.4   3530.5
71   7   6.5   526.4   3452.7
71   8   -46.5   295.4   3745.2
71   9   -58.5   101.2   3750.9
71   10   -160.8   18.9   3776.4
71   11   -147.6   -383.7   3749.5
71   12   -109.1   -744.2   3792.4
71   13   40.2   17.4   3774.1
71   14   21.4   -385.8   3781.5
71   15   -39.9   -745.7   3784.3
71   16   -95.4   478.2   3467.4
71   17   30.5   487.7   3465.7
71   18   -42.2   609.0   3642.2
72   0   -38.4   722.5   3655.2
72   1   -43.1   534.3   3665.5
72   2   -189.1   518.4   3670.9
72   3   -225.9   297.8   3545.1
72   4   -100.6   532.6   3450.7
72   5   100.7   512.6   3671.1
72   6   149.9   308.3   3524.0
72   7   17.8   550.8   3459.5
72   8   -46.2   298.3   3746.7
72   9   -58.3   103.4   3751.1
72   10   -159.1   20.5   3775.4
72   11   -147.3   -384.1   3749.0
72   12   -109.2   -743.8   3791.9
72   13   39.5   19.9   3773.7
72   14   20.2   -385.2   3782.7
72   15   -39.6   -744.4   3784.3
72   16   -121.5   493.5   3466.4
72   17   39.8   510.4   3470.2
72   18   -42.2   609.0   3639.8
73   0   -38.6   721.6   3663.0
73   1   -43.1   535.4   3665.1
73   2   -188.8   518.9   3670.5
73   3   -224.9   300.6   3541.9
73   4   -127.7   549.3   3449.7
73   5   99.4   513.5   3676.9
73   6   139.8   319.7   3514.9
73   7   78.8   321.6   3377.5
73   8   -46.2   303.2   3748.1
73   9   -58.3   107.4   3751.4
73   10   -156.1   25.9   3773.8
73   11   -147.3   -378.3   3749.3
73   12   -110.0   -738.4   3791.1
73   13   39.9   29.6   3772.3
73   14   20.5   -374.9   3782.7
73   15   -38.0   -734.6   3784.2
73   16   -143.9   507.8   3465.0
73   17   88.8   322.0   3400.4
73   18   -42.2   609.7   3638.5
74   0   -38.7   722.1   3669.5
74   1   -43.1   537.0   3665.5
74   2   -190.2   522.7   3671.8
74   3   -224.4   306.4   3538.5
74   4   -142.6   560.9   3442.5
74   5   98.3   514.7   3681.4
74   6   145.1   334.8   3504.9
74   7   62.0   455.0   3415.1
74   8   -46.2   307.8   3746.9
74   9   -58.4   111.4   3751.4
74   10   -152.8   30.3   3771.7
74   11   -147.5   -372.4   3749.4
74   12   -110.7   -733.2   3790.4
74   13   38.4   35.3   3770.8
74   14   21.1   -367.6   3782.2
74   15   -37.7   -727.7   3784.3
74   16   -156.2   518.5   3458.5
74   17   75.7   435.6   3430.1
74   18   -42.1   611.5   3639.1
75   0   -38.8   723.5   3673.4
75   1   -43.1   538.1   3666.7
75   2   -192.2   527.7   3673.8
75   3   -223.5   312.0   3537.0
75   4   -142.8   563.5   3430.0
75   5   100.3   517.6   3679.7
75   6   148.7   339.6   3499.7
75   7   55.1   537.3   3444.8
75   8   -46.3   310.2   3743.2
75   9   -58.3   113.6   3751.4
75   10   -150.7   33.1   3769.8
75   11   -147.7   -367.9   3749.9
75   12   -111.2   -729.5   3790.1
75   13   37.3   38.6   3769.8
75   14   21.8   -362.4   3782.3
75   15   -38.2   -723.0   3784.5
75   16   -156.3   521.6   3447.9
75   17   70.6   504.7   3454.0
75   18   -42.1   613.0   3641.6
76   0   -38.9   725.2   3675.5
76   1   -43.1   539.0   3668.1
76   2   -194.6   533.7   3675.6
76   3   -219.8   317.0   3537.3
76   4   -144.3   569.6   3427.1
76   5   102.5   520.6   3676.1
76   6   150.5   336.6   3500.8
76   7   47.8   575.7   3465.2
76   8   -46.3   311.4   3739.5
76   9   -58.1   115.0   3751.4
76   10   -149.9   34.3   3768.1
76   11   -147.6   -369.1   3749.5
76   12   -111.3   -728.8   3790.1
76   13   37.8   40.6   3769.1
76   14   22.3   -362.7   3782.5
76   15   -38.7   -721.3   3785.7
76   16   -156.8   527.5   3445.4
76   17   64.9   536.0   3471.1
76   18   -42.1   614.4   3644.5
77   0   -38.9   726.6   3676.5
77   1   -43.1   539.4   3669.2
77   2   -192.9   531.6   3675.5
77   3   -214.8   314.3   3535.7
77   4   -129.9   563.7   3424.2
77   5   103.6   521.2   3668.0
77   6   151.7   320.7   3512.3
77   7   36.8   575.3   3480.0
77   8   -46.2   311.1   3735.9
77   9   -57.6   115.1   3751.0
77   10   -151.4   32.9   3766.6
77   11   -147.6   -370.5   3749.2
77   12   -111.1   -729.8   3790.3
77   13   38.8   38.0   3769.1
77   14   22.4   -365.2   3782.2
77   15   -39.5   -723.4   3786.3
77   16   -144.1   522.1   3442.8
77   17   55.9   532.9   3485.4
77   18   -42.1   615.2   3647.1
78   0   -38.8   727.5   3672.3
78   1   -43.1   539.1   3668.0
78   2   -188.8   525.2   3674.1
78   3   -209.4   306.9   3534.2
78   4   -97.4   547.7   3430.2
78   5   103.4   520.0   3659.7
78   6   150.7   298.5   3537.2
78   7   16.6   539.0   3466.1
78   8   -46.2   309.4   3732.4
78   9   -56.9   114.3   3750.3
78   10   -154.5   30.1   3766.5
78   11   -146.9   -373.8   3747.9
78   12   -110.8   -732.6   3790.6
78   13   40.8   33.2   3769.6
78   14   21.6   -370.6   3782.5
78   15   -40.9   -728.4   3786.8
78   16   -116.1   507.5   3447.5
78   17   38.9   499.0   3478.0
78   18   -42.1   615.2   3646.7
79   0   -38.8   728.2   3664.0
79   1   -43.0   538.4   3665.6
79   2   -186.9   522.3   3672.6
79   3   -203.8   299.7   3538.3
79   4   -64.8   527.4   3437.1
79   5   102.7   518.4   3655.9
79   6   148.6   284.8   3552.5
79   7   -8.6   494.8   3442.6
79   8   -46.1   306.5   3729.3
79   9   -56.2   112.3   3749.3
79   10   -158.4   27.0   3766.9
79   11   -146.8   -379.7   3747.5
79   12   -110.2   -739.0   3791.2
79   13   43.0   26.3   3770.0
79   14   21.5   -380.3   3782.3
79   15   -43.0   -738.2   3787.3
79   16   -88.0   489.4   3454.0
79   17   17.7   459.8   3461.0
79   18   -42.1   614.7   3644.6
80   0   -38.7   728.3   3655.9
80   1   -43.0   537.7   3663.0
80   2   -186.6   521.9   3671.4
80   3   -201.8   294.1   3545.0
80   4   -46.5   513.7   3446.4
80   5   102.3   517.7   3654.2
80   6   147.5   278.7   3559.1
80   7   -28.6   469.2   3435.8
80   8   -46.0   303.2   3727.5
80   9   -55.6   110.0   3748.6
80   10   -160.9   24.9   3767.3
80   11   -146.7   -383.3   3744.1
80   12   -109.9   -741.5   3791.6
80   13   45.9   23.9   3770.6
80   14   20.9   -384.3   3782.3
80   15   -43.6   -741.7   3787.4
80   16   -72.4   477.1   3462.8
80   17   0.7   437.4   3456.3
80   18   -42.1   614.0   3642.1
81   0   -38.8   728.1   3648.7
81   1   -43.0   537.0   3660.5
81   2   -187.1   522.2   3668.3
81   3   -202.4   287.3   3555.0
81   4   -42.2   505.6   3458.7
81   5   102.2   517.6   3653.7
81   6   146.3   276.0   3562.6
81   7   -34.8   457.8   3430.1
81   8   -46.0   300.2   3726.7
81   9   -55.2   107.8   3748.3
81   10   -161.4   23.0   3767.6
81   11   -147.7   -384.2   3743.4
81   12   -109.7   -742.6   3791.7
81   13   47.1   21.9   3770.9
81   14   21.5   -385.3   3782.0
81   15   -44.3   -742.9   3787.4
81   16   -68.9   469.3   3474.7
81   17   -4.6   427.5   3452.2
81   18   -42.1   613.2   3639.3
82   0   -38.9   727.5   3644.2
82   1   -43.0   536.2   3658.8
82   2   -187.5   522.3   3665.7
82   3   -205.2   282.1   3563.5
82   4   -44.4   500.5   3467.3
82   5   102.2   517.6   3653.5
82   6   146.2   274.3   3565.6
82   7   -36.0   450.8   3426.7
82   8   -46.0   297.5   3726.7
82   9   -54.9   105.7   3748.3
82   10   -160.6   20.8   3767.7
82   11   -148.8   -387.8   3743.1
82   12   -109.0   -746.8   3792.3
82   13   46.8   19.9   3770.9
82   14   21.4   -388.7   3782.0
82   15   -45.9   -747.0   3787.2
82   16   -71.2   464.1   3483.3
82   17   -5.6   421.4   3449.9
82   18   -42.1   612.4   3637.2
83   0   -39.1   726.9   3642.7
83   1   -43.1   535.6   3657.8
83   2   -187.7   522.6   3665.4
83   3   -208.7   280.3   3567.7
83   4   -45.8   496.8   3470.3
83   5   102.2   517.6   3653.2
83   6   146.5   273.8   3566.7
83   7   -35.9   451.1   3429.9
83   8   -46.0   295.2   3727.1
83   9   -54.8   103.9   3748.5
83   10   -159.9   20.0   3767.6
83   11   -149.6   -391.4   3742.7
83   12   -108.4   -751.1   3792.9
83   13   46.4   18.9   3770.8
83   14   20.8   -392.5   3782.2
83   15   -47.7   -751.5   3787.0
83   16   -72.9   460.7   3486.5
83   17   -5.5   421.6   3452.7
83   18   -42.1   611.7   3635.9
84   0   -39.3   726.2   3642.6
84   1   -43.2   535.0   3657.3
84   2   -188.1   522.8   3664.8
84   3   -210.3   279.8   3568.4
84   4   -47.8   495.9   3469.5
84   5   102.2   517.7   3652.8
84   6   146.7   273.5   3567.1
84   7   -35.5   452.9   3433.5
84   8   -46.1   293.4   3727.7
84   9   -54.8   102.6   3748.7
84   10   -159.1   20.7   3767.2
84   11   -149.6   -390.9   3741.0
84   12   -108.5   -750.7   3792.8
84   13   46.4   20.6   3770.8
84   14   19.4   -390.9   3782.7
84   15   -48.5   -750.3   3786.7
84   16   -74.9   459.9   3485.9
84   17   -5.2   423.0   3455.8
84   18   -42.3   611.0   3635.1
85   0   -41.2   725.5   3643.1
85   1   -43.5   534.3   3657.1
85   2   -188.6   522.7   3664.0
85   3   -211.2   279.6   3567.2
85   4   -49.2   495.8   3467.6
85   5   102.1   517.9   3652.3
85   6   146.8   273.4   3567.4
85   7   -34.9   454.3   3435.6
85   8   -46.2   291.9   3728.4
85   9   -54.8   101.6   3749.1
85   10   -158.1   21.2   3767.1
85   11   -150.1   -388.3   3741.7
85   12   -109.0   -748.9   3791.9
85   13   45.2   20.3   3770.7
85   14   20.6   -389.2   3782.1
85   15   -49.7   -748.8   3786.6
85   16   -76.2   459.8   3484.2
85   17   -4.6   424.2   3457.6
85   18   -42.7   610.3   3634.7
86   0   -45.2   724.6   3643.7
86   1   -44.0   533.5   3657.0
86   2   -189.3   522.4   3663.1
86   3   -211.9   279.5   3565.5
86   4   -51.1   496.2   3464.8
86   5   101.9   518.0   3651.8
86   6   146.9   273.2   3567.7
86   7   -34.1   455.1   3436.5
86   8   -46.4   290.7   3729.0
86   9   -54.9   101.0   3749.3
86   10   -157.0   22.0   3766.9
86   11   -150.0   -387.4   3741.3
86   12   -109.4   -748.2   3791.2
86   13   44.4   21.4   3770.6
86   14   19.5   -387.9   3782.2
86   15   -49.7   -747.7   3786.9
86   16   -77.9   460.1   3481.6
86   17   -3.9   424.8   3458.4
86   18   -43.3   609.5   3634.5
87   0   -49.1   723.8   3644.2
87   1   -44.6   532.8   3656.9
87   2   -189.9   522.0   3662.6
87   3   -212.5   279.8   3563.0
87   4   -52.9   497.1   3461.2
87   5   101.7   518.1   3650.9
87   6   147.0   272.9   3567.8
87   7   -33.5   455.5   3436.8
87   8   -46.8   289.7   3729.5
87   9   -55.0   100.9   3749.6
87   10   -155.8   22.8   3766.8
87   11   -150.1   -388.3   3742.3
87   12   -109.3   -749.6   3790.7
87   13   43.9   23.4   3770.5
87   14   20.3   -387.7   3781.3
87   15   -49.2   -747.8   3787.3
87   16   -79.5   460.8   3478.2
87   17   -3.4   425.0   3458.7
87   18   -43.9   608.7   3634.3
88   0   -50.7   723.0   3644.6
88   1   -45.1   532.1   3657.0
88   2   -190.6   521.7   3662.6
88   3   -213.4   280.8   3559.7
88   4   -53.3   497.5   3457.4
88   5   101.5   518.2   3650.0
88   6   147.0   272.5   3568.0
88   7   -33.1   455.3   3436.9
88   8   -47.2   289.0   3730.0
88   9   -55.1   101.2   3749.8
88   10   -154.8   23.6   3766.6
88   11   -149.9   -389.2   3742.1
88   12   -109.2   -751.0   3790.9
88   13   43.3   24.7   3770.3
88   14   20.5   -388.1   3780.5
88   15   -48.3   -748.9   3787.5
88   16   -80.0   461.4   3474.4
88   17   -3.1   424.9   3458.7
88   18   -44.4   608.0   3634.2
89   0   -51.0   722.5   3644.9
89   1   -45.7   531.6   3657.0
89   2   -191.2   521.4   3662.6
89   3   -214.9   281.1   3558.2
89   4   -53.9   496.7   3454.5
89   5   101.2   518.4   3649.1
89   6   147.1   272.2   3568.4
89   7   -32.5   455.2   3436.5
89   8   -47.6   288.9   3730.4
89   9   -55.2   102.0   3749.8
89   10   -153.8   24.4   3766.4
89   11   -149.8   -389.9   3742.4
89   12   -109.1   -752.3   3791.1
89   13   42.4   25.7   3770.1
89   14   20.6   -388.7   3779.6
89   15   -47.2   -750.3   3787.7
89   16   -80.8   460.8   3471.8
89   17   -2.6   424.7   3458.5
89   18   -45.1   607.5   3634.1
90   0   -50.4   722.2   3645.1
90   1   -46.3   531.3   3657.2
90   2   -191.8   521.2   3662.7
90   3   -215.7   281.2   3557.3
90   4   -53.8   496.2   3453.6
90   5   100.9   518.5   3648.1
90   6   147.2   271.9   3568.6
90   7   -32.9   454.5   3436.7
90   8   -48.0   289.2   3730.9
90   9   -55.3   103.0   3749.5
90   10   -153.2   25.0   3766.2
90   11   -149.7   -390.6   3741.7
90   12   -109.0   -753.5   3791.3
90   13   41.8   26.3   3769.8
90   14   20.7   -389.5   3779.3
90   15   -45.3   -752.0   3787.9
90   16   -80.8   460.4   3470.9
90   17   -2.9   424.1   3458.7
90   18   -45.7   607.1   3634.0
91   0   -49.8   722.0   3645.2
91   1   -47.0   531.0   3657.3
91   2   -192.6   521.0   3662.7
91   3   -216.0   281.0   3556.9
91   4   -53.1   495.5   3453.5
91   5   100.5   518.8   3647.6
91   6   147.2   271.9   3568.8
91   7   -33.6   454.2   3437.1
91   8   -48.4   289.8   3731.3
91   9   -55.3   104.0   3749.1
91   10   -153.0   25.3   3766.1
91   11   -149.7   -391.5   3742.1
91   12   -109.0   -754.9   3791.6
91   13   41.5   26.5   3769.7
91   14   20.6   -390.4   3779.2
91   15   -42.3   -753.9   3788.1
91   16   -80.3   459.8   3470.7
91   17   -3.5   423.8   3459.0
91   18   -46.5   606.8   3634.0
92   0   -49.3   721.9   3645.2
92   1   -47.8   530.8   3657.4
92   2   -193.4   520.7   3662.8
92   3   -216.2   280.7   3556.5
92   4   -52.7   494.9   3453.1
92   5   100.0   519.1   3647.1
92   6   147.0   271.9   3568.9
92   7   -34.3   453.7   3437.0
92   8   -49.0   290.7   3731.4
92   9   -55.3   104.9   3748.5
92   10   -153.0   25.4   3765.9
92   11   -149.8   -392.5   3743.3
92   12   -108.9   -756.3   3792.1
92   13   41.3   26.4   3769.7
92   14   20.5   -391.4   3779.2
92   15   -42.4   -755.3   3787.8
92   16   -79.9   459.2   3470.3
92   17   -4.1   423.4   3458.9
92   18   -47.4   606.7   3634.0
93   0   -49.0   721.8   3645.2
93   1   -48.4   530.7   3657.4
93   2   -194.2   520.5   3662.6
93   3   -216.2   280.4   3556.2
93   4   -52.8   494.8   3452.7
93   5   99.6   519.3   3647.0
93   6   146.8   272.0   3568.9
93   7   -35.1   453.3   3437.0
93   8   -49.6   291.5   3731.4
93   9   -55.3   105.6   3747.9
93   10   -153.2   25.1   3765.8
93   11   -149.9   -393.4   3744.4
93   12   -108.7   -757.7   3792.3
93   13   40.9   25.2   3769.6
93   14   20.4   -393.3   3779.2
93   15   -45.2   -757.0   3787.6
93   16   -80.0   459.1   3469.9
93   17   -4.8   423.1   3459.0
93   18   -48.0   606.6   3633.9
94   0   -48.7   721.9   3645.1
94   1   -49.0   530.7   3657.4
94   2   -194.9   520.3   3662.3
94   3   -216.2   280.1   3555.7
94   4   -52.7   494.8   3452.7
94   5   99.3   519.5   3647.1
94   6   146.7   272.0   3569.6
94   7   -32.7   454.2   3435.3
94   8   -50.3   292.2   3731.3
94   9   -55.4   106.0   3747.3
94   10   -153.6   24.7   3765.7
94   11   -149.8   -395.3   3743.9
94   12   -108.5   -759.8   3792.5
94   13   40.9   24.2   3769.6
94   14   20.3   -395.8   3779.1
94   15   -47.0   -759.5   3787.6
94   16   -80.0   459.0   3469.8
94   17   -2.8   423.9   3457.6
94   18   -48.6   606.5   3633.9
95   0   -48.6   721.9   3645.1
95   1   -49.7   530.6   3657.4
95   2   -195.7   520.1   3661.8
95   3   -216.3   279.7   3555.2
95   4   -52.1   494.3   3452.6
95   5   98.9   519.7   3647.2
95   6   146.2   271.8   3570.8
95   7   -31.0   454.6   3434.2
95   8   -51.0   292.9   3731.1
95   9   -55.4   106.2   3746.7
95   10   -154.0   24.1   3765.6
95   11   -149.8   -396.8   3744.1
95   12   -108.2   -761.5   3792.6
95   13   40.8   22.8   3769.6
95   14   20.1   -398.0   3779.1
95   15   -48.3   -761.8   3787.6
95   16   -79.5   458.5   3469.7
95   17   -1.5   424.1   3457.0
95   18   -49.3   606.5   3633.9
96   0   -48.5   721.9   3645.1
96   1   -50.4   530.6   3657.4
96   2   -196.5   519.9   3661.3
96   3   -216.3   279.3   3554.9
96   4   -51.2   493.2   3452.3
96   5   98.4   519.9   3647.2
96   6   145.4   271.3   3572.4
96   7   -29.8   454.6   3433.6
96   8   -51.8   293.3   3731.0
96   9   -55.4   106.1   3746.2
96   10   -154.6   23.2   3764.7
96   11   -149.8   -399.2   3743.5
96   12   -107.9   -764.0   3792.8
96   13   40.5   21.0   3769.6
96   14   19.7   -401.3   3779.1
96   15   -49.4   -765.2   3787.7
96   16   -78.7   457.5   3469.4
96   17   -0.6   424.0   3456.7
96   18   -50.0   606.5   3633.8
97   0   -48.4   721.9   3645.1
97   1   -51.0   530.6   3657.3
97   2   -197.0   519.8   3660.7
97   3   -216.4   278.9   3554.7
97   4   -50.7   492.6   3452.3
97   5   98.2   520.1   3647.2
97   6   144.4   270.7   3574.1
97   7   -29.0   454.6   3433.5
97   8   -52.5   293.7   3730.8
97   9   -55.5   105.9   3745.6
97   10   -155.3   22.3   3763.3
97   11   -149.8   -399.9   3743.5
97   12   -107.8   -764.9   3792.4
97   13   40.1   18.8   3769.5
97   14   19.4   -403.2   3779.0
97   15   -49.9   -767.3   3787.7
97   16   -78.3   457.0   3469.4
97   17   -0.1   423.9   3456.9
97   18   -50.4   606.5   3633.7
98   0   -48.4   721.9   3645.2
98   1   -51.4   530.5   3657.2
98   2   -197.5   519.8   3660.5
98   3   -216.6   278.7   3554.6
98   4   -50.5   492.3   3452.4
98   5   98.0   520.2   3647.3
98   6   143.3   269.5   3577.8
98   7   -27.0   453.6   3433.5
98   8   -53.3   293.5   3730.4
98   9   -55.6   105.2   3744.9
98   10   -156.1   20.7   3761.7
98   11   -149.8   -402.4   3743.1
98   12   -107.7   -767.5   3792.6
98   13   39.5   15.6   3769.4
98   14   19.0   -407.4   3778.7
98   15   -50.7   -771.5   3787.9
98   16   -78.2   456.7   3469.4
98   17   1.4   422.9   3457.6
98   18   -50.8   606.5   3633.7
