2   0   -28.8   504.6   3602.5
2   1   -36.5   336.4   3597.9
2   2   -184.2   325.6   3600.8
2   3   -166.6   116.4   3486.2
2   4   -14.4   318.3   3417.4
2   5   101.5   312.1   3633.6
2   6   101.4   112.7   3501.4
2   7   101.4   -194.9   3501.4
2   8   -44.7   123.7   3629.4
2   9   -49.0   -40.0   3632.4
2   10   -150.2   -136.7   3653.6
2   11   -126.6   -493.3   3646.1
2   12   -83.4   -817.2   3725.1
2   13   45.7   -138.5   3663.6
2   14   17.2   -494.2   3684.3
2   15   -47.6   -823.2   3707.7
2   16   -39.8   284.7   3428.9
2   17   101.4   -105.6   3501.4
2   18   -33.8   407.6   3587.4
3   0   -29.3   506.1   3602.5
3   1   -36.4   338.1   3598.5
3   2   -183.3   325.7   3598.5
3   3   -168.6   115.1   3486.6
3   4   -18.1   317.1   3415.1
3   5   102.2   314.0   3629.8
3   6   104.3   111.5   3503.6
3   7   118.7   -202.3   3514.1
3   8   -44.1   125.3   3632.4
3   9   -48.2   -39.0   3637.0
3   10   -148.3   -133.3   3655.4
3   11   -129.6   -490.7   3649.3
3   12   -83.8   -815.5   3720.2
3   13   44.9   -136.2   3667.3
3   14   18.8   -492.8   3685.1
3   15   -47.9   -821.5   3703.0
3   16   -43.1   283.4   3427.0
3   17   118.7   -113.0   3514.1
3   18   -33.9   409.2   3587.2
4   0   -30.2   510.8   3603.2
4   1   -36.0   343.0   3600.3
4   2   -181.6   328.7   3598.0
4   3   -173.6   116.1   3489.4
4   4   -22.9   314.1   3408.7
4   5   103.2   319.2   3623.8
4   6   111.0   110.9   3508.7
4   7   124.2   -197.8   3518.6
4   8   -42.2   129.8   3641.1
4   9   -46.1   -36.7   3649.9
4   10   -141.7   -124.5   3658.4
4   11   -132.8   -484.7   3657.2
4   12   -85.1   -811.9   3709.6
4   13   41.7   -130.4   3672.2
4   14   21.1   -490.1   3686.4
4   15   -46.8   -818.8   3694.1
4   16   -48.1   281.1   3422.2
4   17   124.2   -108.5   3518.6
4   18   -33.9   413.6   3586.8
5   0   -30.8   517.1   3604.4
5   1   -35.2   349.1   3602.2
5   2   -178.5   331.8   3594.7
5   3   -180.2   115.8   3493.0
5   4   -27.8   308.0   3402.2
5   5   103.8   324.9   3614.2
5   6   117.7   109.4   3514.0
5   7   123.9   -199.8   3519.0
5   8   -39.7   134.8   3650.8
5   9   -43.4   -34.2   3664.4
5   10   -134.4   -117.4   3662.5
5   11   -134.5   -478.5   3642.7
5   12   -87.4   -804.7   3703.8
5   13   38.2   -126.8   3678.0
5   14   23.3   -488.8   3688.4
5   15   -43.3   -817.9   3686.0
5   16   -53.2   276.0   3417.4
5   17   123.9   -110.5   3519.0
5   18   -33.7   419.3   3586.4
6   0   -31.0   521.8   3605.5
6   1   -34.5   353.2   3603.1
6   2   -175.9   334.2   3593.6
6   3   -184.3   115.7   3497.5
6   4   -32.8   305.0   3398.8
6   5   103.5   329.1   3610.6
6   6   122.0   109.9   3518.0
6   7   124.2   -196.9   3520.4
6   8   -37.8   136.6   3656.2
6   9   -41.6   -34.2   3671.2
6   10   -132.0   -112.8   3664.4
6   11   -136.4   -477.7   3656.0
6   12   -87.4   -806.6   3697.7
6   13   39.7   -123.5   3681.5
6   14   23.0   -488.6   3690.2
6   15   -37.2   -819.0   3680.9
6   16   -58.1   273.4   3415.2
6   17   124.2   -107.6   3520.4
6   18   -33.5   423.2   3586.0
7   0   -31.0   524.5   3606.2
7   1   -34.1   355.1   3603.1
7   2   -174.3   335.7   3591.4
7   3   -186.1   115.3   3499.4
7   4   -36.3   304.7   3398.0
7   5   103.0   331.2   3607.5
7   6   124.1   109.4   3520.5
7   7   54.0   -136.6   3579.0
7   8   -36.6   138.0   3656.6
7   9   -40.6   -35.5   3670.3
7   10   -133.0   -112.3   3664.8
7   11   -137.3   -480.8   3667.7
7   12   -86.5   -811.5   3695.3
7   13   41.2   -124.9   3683.0
7   14   22.7   -493.3   3691.1
7   15   -35.9   -824.1   3678.2
7   16   -61.2   273.1   3414.9
7   17   65.8   -95.7   3569.4
7   18   -33.3   425.0   3585.8
8   0   -30.9   525.8   3607.0
8   1   -33.9   355.7   3602.6
8   2   -173.2   336.6   3591.2
8   3   -186.6   116.1   3499.4
8   4   -37.2   306.0   3397.9
8   5   102.5   331.9   3604.6
8   6   124.9   108.3   3522.4
8   7   53.2   -136.9   3578.2
8   8   -36.0   139.1   3654.8
8   9   -40.2   -36.8   3665.3
8   10   -135.3   -113.8   3664.7
8   11   -137.5   -485.5   3673.3
8   12   -85.1   -816.8   3694.3
8   13   41.7   -129.4   3683.1
8   14   22.3   -500.8   3691.4
8   15   -36.8   -831.5   3677.0
8   16   -62.1   274.3   3414.8
8   17   65.1   -95.9   3568.8
8   18   -33.2   425.7   3585.8
9   0   -30.9   526.4   3607.8
9   1   -33.8   355.7   3602.1
9   2   -172.5   337.1   3592.1
9   3   -187.0   117.4   3498.5
9   4   -35.8   306.1   3397.5
9   5   102.2   332.0   3599.9
9   6   125.2   106.4   3523.3
9   7   52.4   -138.2   3577.4
9   8   -35.8   139.9   3652.5
9   9   -40.1   -37.5   3660.9
9   10   -137.0   -115.3   3664.5
9   11   -137.3   -490.2   3676.5
9   12   -84.0   -821.8   3693.6
9   13   43.7   -130.0   3683.8
9   14   21.7   -504.4   3691.7
9   15   -37.8   -835.0   3676.6
9   16   -61.0   274.7   3414.3
9   17   64.4   -97.2   3568.2
9   18   -33.2   425.8   3585.7
10   0   -30.8   526.5   3608.7
10   1   -33.8   355.5   3601.9
10   2   -171.9   337.4   3593.6
10   3   -187.5   119.4   3496.6
10   4   -34.3   307.1   3396.8
10   5   101.5   332.1   3601.3
10   6   125.9   107.2   3523.4
10   7   52.5   -138.3   3575.6
10   8   -35.8   140.8   3651.1
10   9   -40.2   -37.6   3657.8
10   10   -137.5   -115.3   3664.3
10   11   -137.0   -493.5   3677.6
10   12   -83.0   -825.1   3693.5
10   13   46.1   -125.6   3684.4
10   14   22.0   -503.2   3691.7
10   15   -37.8   -833.7   3677.0
10   16   -59.8   275.8   3413.5
10   17   64.6   -97.3   3566.8
10   18   -33.1   425.7   3585.8
11   0   -30.8   526.5   3609.6
11   1   -33.8   355.3   3601.7
11   2   -171.5   337.7   3594.9
11   3   -190.3   122.1   3493.3
11   4   -33.5   308.3   3396.4
11   5   100.8   332.3   3603.5
11   6   133.1   112.5   3515.9
11   7   31.4   114.2   3508.1
11   8   -35.8   139.5   3650.6
11   9   -40.5   -39.7   3656.1
11   10   -137.3   -115.1   3664.1
11   11   -136.7   -495.9   3677.8
11   12   -82.0   -827.4   3693.4
11   13   44.3   -127.0   3683.7
11   14   22.2   -507.4   3691.6
11   15   -38.8   -837.7   3677.1
11   16   -59.7   277.2   3412.5
11   17   48.3   113.3   3509.4
11   18   -33.1   425.6   3585.8
12   0   -30.7   526.4   3610.6
12   1   -33.8   355.1   3601.3
12   2   -171.1   338.0   3596.2
12   3   -208.4   135.6   3477.0
12   4   -30.8   309.5   3398.4
12   5   100.4   332.5   3604.1
12   6   159.2   139.3   3484.1
12   7   7.6   255.3   3451.7
12   8   -35.9   137.5   3649.3
12   9   -40.7   -42.5   3655.1
12   10   -136.6   -114.5   3664.0
12   11   -136.4   -493.9   3677.5
12   12   -81.7   -825.3   3693.2
12   13   44.7   -123.5   3683.6
12   14   22.9   -502.4   3691.4
12   15   -37.7   -832.8   3678.0
12   16   -60.4   280.5   3411.5
12   17   32.8   235.7   3457.1
12   18   -33.1   425.4   3585.8
13   0   -30.7   526.3   3611.3
13   1   -33.7   354.8   3600.5
13   2   -170.6   338.2   3596.6
13   3   -256.3   193.4   3443.1
13   4   -35.8   308.6   3405.0
13   5   100.4   332.6   3603.2
13   6   196.6   203.7   3443.0
13   7   -4.5   338.7   3434.9
13   8   -36.0   135.6   3646.2
13   9   -41.0   -45.1   3654.2
13   10   -135.4   -113.6   3663.6
13   11   -136.5   -493.6   3677.2
13   12   -80.4   -824.7   3693.4
13   13   45.1   -119.1   3683.4
13   14   22.7   -498.5   3691.5
13   15   -36.2   -829.3   3679.0
13   16   -72.5   289.3   3411.3
13   17   29.0   316.1   3436.2
13   18   -32.9   425.3   3585.8
14   0   -30.7   525.2   3611.6
14   1   -33.4   354.5   3599.5
14   2   -170.1   338.6   3596.9
14   3   -300.8   266.0   3427.5
14   4   -55.2   332.4   3403.6
14   5   100.4   333.5   3606.7
14   6   238.3   287.1   3435.5
14   7   4.2   395.9   3410.4
14   8   -36.1   134.2   3642.0
14   9   -41.4   -47.3   3653.6
14   10   -133.6   -112.2   3663.2
14   11   -136.4   -493.6   3677.0
14   12   -78.3   -824.3   3693.9
14   13   44.7   -114.8   3682.2
14   14   22.4   -495.7   3691.6
14   15   -34.8   -826.8   3679.6
14   16   -96.1   321.3   3407.6
14   17   43.2   377.8   3414.6
14   18   -32.6   425.2   3585.8
15   0   -30.7   525.1   3611.9
15   1   -33.1   354.3   3599.3
15   2   -170.8   341.4   3597.2
15   3   -337.5   343.1   3440.3
15   4   -111.8   377.7   3343.5
15   5   102.8   339.5   3614.3
15   6   277.8   361.1   3467.7
15   7   30.6   429.2   3411.4
15   8   -36.2   133.4   3638.5
15   9   -41.7   -49.0   3653.2
15   10   -131.5   -110.2   3662.4
15   11   -136.2   -489.6   3676.6
15   12   -77.0   -820.2   3692.5
15   13   42.8   -112.5   3679.6
15   14   23.2   -491.4   3690.9
15   15   -34.4   -822.3   3676.2
15   16   -149.4   371.9   3359.6
15   17   71.7   417.9   3420.8
15   18   -32.1   425.2   3586.7
16   0   -30.7   526.7   3612.2
16   1   -32.8   355.4   3600.1
16   2   -173.3   349.8   3597.6
16   3   -363.0   407.3   3470.3
16   4   -251.4   464.0   3287.8
16   5   107.6   351.6   3618.9
16   6   277.6   425.6   3469.6
16   7   228.0   516.7   3329.6
16   8   -36.3   134.3   3637.5
16   9   -42.0   -49.0   3653.0
16   10   -129.3   -107.2   3661.3
16   11   -135.7   -483.2   3676.0
16   12   -76.2   -813.7   3691.6
16   13   40.5   -110.1   3675.6
16   14   24.4   -485.8   3689.1
16   15   -33.6   -816.2   3666.8
16   16   -269.6   454.4   3318.2
16   17   235.6   501.4   3353.0
16   18   -31.6   426.4   3588.0
17   0   -30.7   529.8   3612.5
17   1   -32.5   357.9   3601.0
17   2   -174.6   358.4   3597.6
17   3   -364.2   449.6   3477.3
17   4   -383.5   569.0   3296.9
17   5   111.2   362.6   3619.6
17   6   286.3   458.2   3480.1
17   7   347.8   607.1   3343.2
17   8   -36.4   136.9   3637.6
17   9   -42.3   -47.5   3652.6
17   10   -128.1   -104.3   3659.9
17   11   -135.4   -476.7   3675.1
17   12   -76.9   -807.4   3691.1
17   13   38.7   -108.5   3671.3
17   14   14.9   -480.3   3680.2
17   15   -29.8   -812.8   3670.3
17   16   -380.2   549.1   3326.9
17   17   337.3   582.3   3366.0
17   18   -31.2   429.0   3589.3
18   0   -30.7   534.7   3610.4
18   1   -32.1   361.9   3601.6
18   2   -175.0   367.5   3596.6
18   3   -356.6   478.9   3476.7
18   4   -463.3   646.5   3348.4
18   5   113.1   370.9   3614.4
18   6   296.7   483.7   3501.2
18   7   420.3   666.5   3388.5
18   8   -36.5   141.1   3638.0
18   9   -42.4   -44.4   3651.7
18   10   -128.2   -99.0   3657.5
18   11   -135.3   -468.2   3674.3
18   12   -78.7   -799.2   3690.6
18   13   37.0   -106.2   3665.0
18   14   6.1   -474.3   3664.2
18   15   -25.8   -807.0   3684.2
18   16   -445.6   618.6   3369.8
18   17   399.7   636.1   3407.3
18   18   -30.7   433.0   3589.9
19   0   -30.8   541.0   3604.7
19   1   -31.7   367.1   3601.7
19   2   -173.5   373.5   3593.9
19   3   -355.7   494.2   3485.6
19   4   -498.8   692.7   3402.9
19   5   113.4   377.4   3610.2
19   6   308.4   492.7   3524.2
19   7   439.4   701.4   3424.6
19   8   -36.5   146.0   3638.1
19   9   -42.5   -39.9   3650.2
19   10   -130.7   -90.5   3654.1
19   11   -135.7   -459.5   3674.2
19   12   -80.4   -790.8   3690.2
19   13   35.8   -102.8   3661.6
19   14   10.4   -471.1   3672.0
19   15   -27.4   -804.1   3684.8
19   16   -475.0   659.7   3416.6
19   17   417.6   666.6   3441.2
19   18   -30.2   438.1   3590.0
20   0   -30.8   547.1   3596.0
20   1   -31.4   372.2   3601.5
20   2   -171.2   377.5   3589.2
20   3   -357.2   503.1   3497.5
20   4   -510.7   712.7   3428.5
20   5   111.5   379.9   3608.6
20   6   312.0   493.9   3535.8
20   7   440.6   710.7   3439.0
20   8   -36.4   150.8   3638.0
20   9   -42.6   -35.2   3647.8
20   10   -132.4   -84.9   3649.9
20   11   -135.9   -452.6   3673.5
20   12   -81.8   -784.0   3689.9
20   13   35.9   -99.2   3659.5
20   14   16.3   -466.2   3680.7
20   15   -28.9   -798.7   3681.0
20   16   -485.1   677.8   3440.0
20   17   419.2   674.6   3455.2
20   18   -29.8   443.3   3589.8
21   0   -30.9   551.5   3586.2
21   1   -31.1   376.3   3601.0
21   2   -168.7   379.6   3585.0
21   3   -356.9   503.6   3498.9
21   4   -510.1   715.0   3432.3
21   5   109.4   380.9   3607.8
21   6   312.4   492.0   3539.9
21   7   437.0   710.2   3445.8
21   8   -36.4   154.2   3637.7
21   9   -42.5   -31.7   3643.9
21   10   -132.8   -82.6   3647.7
21   11   -135.8   -448.6   3672.5
21   12   -82.7   -780.1   3689.9
21   13   37.4   -95.4   3658.1
21   14   19.9   -460.6   3685.4
21   15   -29.1   -792.8   3676.9
21   16   -484.6   679.8   3443.4
21   17   416.2   673.8   3461.5
21   18   -29.4   447.4   3589.3
22   0   -30.7   553.3   3582.5
22   1   -30.7   377.9   3600.5
22   2   -166.9   380.4   3584.7
22   3   -356.3   499.8   3497.3
22   4   -502.8   706.7   3414.6
22   5   107.8   380.1   3607.6
22   6   310.6   489.2   3538.7
22   7   434.4   705.8   3446.1
22   8   -36.4   155.2   3637.7
22   9   -42.5   -30.4   3640.6
22   10   -132.7   -82.4   3646.7
22   11   -135.6   -446.7   3671.0
22   12   -83.1   -779.3   3690.1
22   13   37.8   -94.0   3657.5
22   14   17.0   -457.8   3664.4
22   15   -27.8   -790.7   3679.7
22   16   -478.4   672.2   3428.4
22   17   413.8   669.7   3461.5
22   18   -28.9   449.0   3588.7
23   0   -30.4   553.7   3582.9
23   1   -30.4   378.1   3600.0
23   2   -165.8   380.4   3584.9
23   3   -356.7   492.8   3493.6
23   4   -494.5   696.0   3392.1
23   5   106.1   377.6   3607.7
23   6   306.8   485.6   3533.1
23   7   434.4   699.1   3439.9
23   8   -36.4   154.8   3637.7
23   9   -42.6   -30.5   3638.4
23   10   -132.6   -83.2   3646.2
23   11   -135.6   -445.9   3671.1
23   12   -83.3   -778.9   3690.2
23   13   37.8   -94.1   3657.4
23   14   20.1   -456.5   3671.8
23   15   -29.0   -789.8   3676.5
23   16   -471.5   662.1   3409.0
23   17   413.2   663.5   3455.4
23   18   -28.4   449.1   3588.0
24   0   -30.1   553.2   3584.9
24   1   -30.2   377.5   3599.5
24   2   -165.2   380.0   3584.8
24   3   -356.0   486.9   3487.9
24   4   -488.9   685.9   3370.0
24   5   104.7   375.0   3607.7
24   6   302.6   482.0   3526.2
24   7   437.6   689.4   3427.0
24   8   -36.4   154.0   3637.8
24   9   -42.6   -31.1   3637.3
24   10   -132.5   -84.5   3646.2
24   11   -135.5   -446.0   3670.7
24   12   -83.3   -778.9   3690.4
24   13   37.6   -95.0   3657.6
24   14   22.3   -455.9   3682.6
24   15   -29.5   -788.7   3671.8
24   16   -466.8   652.7   3389.6
24   17   415.1   654.9   3443.6
24   18   -28.2   448.5   3587.4
25   0   -29.6   552.4   3588.2
25   1   -30.0   376.7   3599.0
25   2   -164.8   379.6   3584.4
25   3   -354.3   480.3   3479.1
25   4   -488.3   678.7   3358.2
25   5   104.5   374.6   3608.0
25   6   300.4   478.9   3519.2
25   7   443.1   679.1   3412.9
25   8   -36.4   153.1   3638.0
25   9   -42.6   -31.8   3636.9
25   10   -132.7   -85.7   3646.2
25   11   -135.6   -446.1   3671.1
25   12   -82.8   -781.5   3690.5
25   13   37.5   -96.2   3658.0
25   14   17.7   -455.6   3652.7
25   15   -28.0   -789.2   3679.6
25   16   -466.0   645.6   3378.4
25   17   419.3   645.7   3430.6
25   18   -28.0   447.6   3586.7
26   0   -29.2   551.7   3591.2
26   1   -30.0   376.0   3598.5
26   2   -164.4   379.3   3583.8
26   3   -351.2   474.2   3468.9
26   4   -488.6   675.8   3355.6
26   5   104.4   374.5   3607.9
26   6   297.4   474.6   3508.8
26   7   447.0   671.7   3403.6
26   8   -36.5   152.5   3638.0
26   9   -42.7   -32.3   3636.8
26   10   -133.8   -85.3   3646.4
26   11   -135.9   -446.2   3672.4
26   12   -82.6   -782.4   3690.4
26   13   38.5   -96.0   3658.7
26   14   19.1   -456.3   3665.9
26   15   -28.9   -791.8   3675.4
26   16   -465.7   642.2   3374.5
26   17   422.1   638.8   3421.1
26   18   -27.9   446.9   3586.0
27   0   -28.8   551.1   3593.2
27   1   -29.9   375.6   3598.1
27   2   -164.2   379.2   3583.1
27   3   -347.2   470.9   3459.6
27   4   -489.0   673.6   3352.5
27   5   104.2   374.7   3607.9
27   6   296.4   470.8   3503.0
27   7   447.7   666.3   3395.6
27   8   -36.5   152.3   3638.1
27   9   -42.9   -32.6   3636.9
27   10   -134.6   -85.6   3646.6
27   11   -136.0   -446.4   3671.3
27   12   -82.6   -782.2   3690.5
27   13   39.0   -95.9   3659.5
27   14   21.8   -456.1   3677.4
27   15   -29.7   -791.6   3671.2
27   16   -465.3   639.8   3370.4
27   17   422.5   633.7   3413.5
27   18   -27.9   446.5   3585.4
28   0   -28.2   550.8   3594.1
28   1   -29.9   375.4   3597.5
28   2   -164.0   379.3   3582.4
28   3   -342.8   469.1   3451.6
28   4   -487.8   669.9   3343.3
28   5   104.1   375.0   3607.9
28   6   296.4   466.0   3498.6
28   7   443.0   660.1   3381.2
28   8   -36.5   152.4   3638.1
28   9   -43.3   -32.6   3637.0
28   10   -135.3   -86.2   3646.8
28   11   -136.1   -446.4   3671.2
28   12   -82.9   -781.6   3690.5
28   13   39.2   -96.0   3660.3
28   14   22.9   -455.4   3687.6
28   15   -29.7   -790.0   3668.0
28   16   -463.7   636.4   3361.3
28   17   418.5   627.8   3400.7
28   18   -27.9   446.3   3584.6
29   0   -27.8   550.6   3594.3
29   1   -29.9   375.4   3597.0
29   2   -163.8   379.3   3581.6
29   3   -337.6   467.3   3443.0
29   4   -485.3   664.9   3329.8
29   5   103.9   375.4   3607.8
29   6   296.9   458.7   3494.0
29   7   434.9   653.6   3365.6
29   8   -36.4   152.7   3638.0
29   9   -43.8   -32.7   3637.1
29   10   -136.2   -87.4   3647.0
29   11   -136.3   -447.0   3671.4
29   12   -83.1   -781.4   3690.5
29   13   39.4   -96.6   3661.4
29   14   23.8   -455.4   3691.0
29   15   -29.9   -789.3   3667.0
29   16   -460.7   631.9   3348.7
29   17   411.9   621.1   3387.0
29   18   -27.9   446.2   3583.9
30   0   -27.5   550.6   3594.3
30   1   -30.0   375.4   3596.4
30   2   -163.6   379.4   3580.8
30   3   -333.1   464.8   3435.4
30   4   -478.4   656.2   3307.2
30   5   103.6   375.6   3607.7
30   6   294.3   446.8   3483.0
30   7   421.9   645.9   3347.3
30   8   -36.4   153.0   3638.0
30   9   -44.3   -33.1   3637.2
30   10   -137.5   -89.1   3647.2
30   11   -136.5   -448.1   3671.6
30   12   -83.1   -781.8   3690.6
30   13   39.9   -97.7   3662.6
30   14   24.1   -456.0   3691.6
30   15   -30.0   -789.3   3666.9
30   16   -454.2   624.3   3328.5
30   17   400.7   612.7   3370.0
30   18   -27.9   446.2   3583.2
31   0   -27.4   550.5   3594.2
31   1   -30.0   375.5   3595.9
31   2   -163.4   379.5   3580.1
31   3   -324.7   459.1   3423.0
31   4   -463.8   644.6   3280.0
31   5   103.3   375.8   3607.6
31   6   285.4   429.2   3464.0
31   7   393.2   639.3   3328.4
31   8   -36.4   153.3   3637.9
31   9   -44.6   -31.9   3637.3
31   10   -138.8   -91.2   3647.5
31   11   -136.8   -449.6   3672.1
31   12   -82.9   -782.6   3690.6
31   13   40.7   -99.1   3664.0
31   14   24.4   -456.9   3692.1
31   15   -29.4   -789.7   3667.3
31   16   -440.7   613.7   3303.8
31   17   375.2   604.3   3351.0
31   18   -27.9   446.2   3582.5
32   0   -27.4   550.4   3594.4
32   1   -30.0   375.5   3595.6
32   2   -163.2   379.4   3580.3
32   3   -314.3   446.3   3408.3
32   4   -417.9   634.3   3241.8
32   5   103.1   375.9   3607.5
32   6   279.2   402.6   3450.1
32   7   343.8   626.6   3310.7
32   8   -36.4   153.3   3637.8
32   9   -44.9   -30.1   3637.4
32   10   -140.2   -92.9   3647.8
32   11   -137.0   -450.8   3672.6
32   12   -82.7   -783.3   3690.7
32   13   41.6   -99.9   3665.3
32   14   23.9   -457.2   3692.8
32   15   -27.9   -789.8   3668.6
32   16   -400.6   603.0   3269.5
32   17   333.0   589.3   3333.9
32   18   -27.9   446.2   3582.1
33   0   -27.4   550.4   3594.7
33   1   -30.0   375.5   3595.4
33   2   -162.5   378.4   3581.1
33   3   -296.2   417.5   3386.9
33   4   -334.3   605.8   3201.7
33   5   102.9   375.9   3607.4
33   6   256.2   383.0   3424.2
33   7   249.3   612.5   3288.2
33   8   -36.4   153.1   3637.6
33   9   -45.1   -28.6   3637.6
33   10   -141.0   -95.4   3648.2
33   11   -140.4   -453.3   3662.9
33   12   -81.8   -785.1   3692.6
33   13   42.2   -100.8   3667.0
33   14   17.5   -457.7   3685.3
33   15   -24.6   -793.0   3672.1
33   16   -328.0   574.4   3232.5
33   17   250.4   574.3   3310.9
33   18   -28.0   446.2   3582.0
34   0   -27.3   550.4   3594.3
34   1   -30.0   375.5   3595.3
34   2   -160.3   374.4   3581.4
34   3   -258.4   375.3   3363.8
34   4   -222.6   562.3   3180.4
34   5   102.6   375.2   3606.4
34   6   196.3   355.6   3390.9
34   7   118.7   590.5   3308.9
34   8   -36.3   152.7   3637.4
34   9   -45.6   -27.4   3638.0
34   10   -141.0   -96.4   3648.6
34   11   -140.8   -454.1   3662.4
34   12   -81.4   -785.9   3692.8
34   13   41.6   -101.0   3667.4
34   14   19.8   -457.7   3687.6
34   15   -24.7   -792.7   3670.1
34   16   -228.6   531.1   3210.9
34   17   131.5   551.3   3322.5
34   18   -28.0   446.2   3582.0
35   0   -27.2   550.8   3588.0
35   1   -30.0   375.5   3595.3
35   2   -158.0   370.2   3581.4
35   3   -197.2   312.1   3358.2
35   4   -124.2   533.3   3250.3
35   5   100.7   370.4   3600.8
35   6   131.5   289.5   3385.2
35   7   23.6   529.7   3350.2
35   8   -36.3   152.1   3637.3
35   9   -46.0   -26.7   3638.7
35   10   -140.9   -97.0   3649.1
35   11   -139.6   -454.1   3668.4
35   12   -81.4   -786.4   3692.0
35   13   39.8   -103.0   3667.1
35   14   21.7   -459.2   3693.0
35   15   -25.4   -793.0   3666.5
35   16   -136.2   496.5   3268.3
35   17   41.5   489.7   3356.0
35   18   -28.0   446.2   3582.0
36   0   -27.1   551.0   3583.0
36   1   -30.0   375.6   3592.7
36   2   -156.9   367.9   3575.2
36   3   -147.8   238.1   3384.6
36   4   -41.9   458.9   3285.0
36   5   98.6   365.2   3586.4
36   6   68.4   233.2   3395.8
36   7   -40.6   478.2   3370.5
36   8   -36.3   151.6   3635.8
36   9   -46.2   -26.1   3639.3
36   10   -140.8   -97.3   3649.6
36   11   -138.6   -453.9   3673.5
36   12   -81.5   -786.3   3691.2
36   13   37.8   -105.3   3666.7
36   14   22.8   -461.6   3689.5
36   15   -27.5   -794.7   3665.6
36   16   -59.5   422.1   3301.6
36   17   -22.4   437.4   3374.8
36   18   -28.0   446.2   3579.2
37   0   -27.1   550.5   3583.8
37   1   -30.0   375.7   3588.7
37   2   -156.1   366.9   3566.1
37   3   -116.1   198.7   3400.3
37   4   28.2   400.7   3304.6
37   5   96.7   361.3   3579.2
37   6   25.5   227.0   3390.9
37   7   -104.0   462.4   3389.5
37   8   -36.3   151.0   3632.8
37   9   -46.3   -25.7   3639.8
37   10   -140.5   -97.5   3650.2
37   11   -138.3   -453.8   3675.1
37   12   -81.6   -786.0   3691.0
37   13   36.8   -106.3   3666.5
37   14   23.1   -462.5   3689.8
37   15   -28.3   -794.8   3663.1
37   16   4.2   367.1   3320.6
37   17   -82.4   423.1   3389.7
37   18   -28.0   446.2   3574.9
38   0   -27.1   548.3   3590.0
38   1   -30.0   375.4   3584.4
38   2   -155.6   366.3   3558.6
38   3   -102.8   179.2   3409.5
38   4   55.1   372.6   3312.9
38   5   95.1   358.7   3575.8
38   6   8.3   227.5   3387.5
38   7   -140.9   449.5   3396.2
38   8   -36.3   149.9   3629.3
38   9   -46.3   -25.8   3640.3
38   10   -140.8   -98.8   3650.9
38   11   -138.3   -455.0   3675.2
38   12   -81.1   -788.6   3691.0
38   13   36.8   -108.2   3666.6
38   14   17.7   -464.1   3666.3
38   15   -27.3   -798.6   3669.4
38   16   28.7   340.3   3329.0
38   17   -116.0   412.5   3394.7
38   18   -28.0   445.9   3570.4
39   0   -27.2   543.8   3597.1
39   1   -30.0   374.5   3581.2
39   2   -155.4   365.6   3554.9
39   3   -99.3   172.7   3412.9
39   4   59.3   364.3   3315.7
39   5   94.5   357.6   3574.6
39   6   5.2   225.3   3388.4
39   7   -148.1   443.3   3392.5
39   8   -36.3   148.2   3626.5
39   9   -46.2   -26.8   3640.9
39   10   -141.0   -102.2   3651.9
39   11   -138.3   -458.4   3675.0
39   12   -80.6   -791.1   3691.1
39   13   36.9   -111.9   3666.8
39   14   16.6   -468.0   3664.4
39   15   -27.7   -802.5   3670.9
39   16   32.9   332.4   3331.9
39   17   -122.5   407.0   3391.8
39   18   -28.0   445.0   3567.0
40   0   -27.4   539.8   3600.8
40   1   -30.0   373.3   3579.0
40   2   -155.4   364.9   3553.6
40   3   -101.6   171.4   3414.0
40   4   55.9   360.8   3314.5
40   5   94.4   357.1   3574.5
40   6   11.8   220.9   3390.5
40   7   -142.2   436.7   3386.1
40   8   -36.4   146.2   3624.6
40   9   -46.1   -28.2   3641.3
40   10   -140.0   -108.4   3652.8
40   11   -139.9   -464.4   3650.8
40   12   -79.6   -793.9   3695.8
40   13   36.9   -116.8   3667.0
40   14   15.8   -472.8   3663.7
40   15   -28.6   -808.7   3673.8
40   16   29.7   329.3   3331.1
40   17   -116.5   400.7   3386.8
40   18   -28.0   443.8   3564.8
41   0   -27.5   536.8   3601.9
41   1   -30.0   371.8   3577.9
41   2   -155.4   364.0   3553.6
41   3   -105.7   171.8   3414.1
41   4   49.8   358.2   3309.3
41   5   94.7   357.0   3574.7
41   6   18.1   220.2   3390.6
41   7   -138.9   432.1   3379.3
41   8   -36.5   144.1   3623.9
41   9   -46.0   -29.8   3642.0
41   10   -139.8   -112.1   3653.9
41   11   -140.5   -467.9   3637.9
41   12   -79.1   -795.3   3698.3
41   13   37.4   -119.7   3667.4
41   14   12.8   -475.4   3667.8
41   15   -27.9   -812.0   3672.9
41   16   23.9   327.1   3326.8
41   17   -112.7   396.8   3381.2
41   18   -28.0   442.2   3563.7
42   0   -27.7   534.4   3601.6
42   1   -30.0   369.8   3577.5
42   2   -155.7   363.4   3554.2
42   3   -107.5   173.2   3414.1
42   4   43.4   358.8   3303.9
42   5   95.3   356.8   3574.9
42   6   22.2   221.3   3390.1
42   7   -139.1   428.8   3376.5
42   8   -36.5   142.1   3623.7
42   9   -46.1   -31.5   3642.7
42   10   -140.9   -110.8   3653.9
42   11   -140.6   -470.7   3642.6
42   12   -78.3   -798.7   3697.8
42   13   38.2   -119.2   3667.7
42   14   14.3   -478.4   3676.0
42   15   -29.5   -814.0   3669.7
42   16   18.2   327.9   3322.3
42   17   -112.2   394.3   3378.8
42   18   -28.0   440.2   3563.2
43   0   -27.9   532.5   3600.7
43   1   -30.0   367.5   3577.4
43   2   -156.1   362.8   3554.9
43   3   -108.5   174.7   3413.7
43   4   40.4   359.1   3300.7
43   5   96.0   356.5   3575.2
43   6   24.0   223.4   3389.4
43   7   -140.6   427.5   3375.4
43   8   -36.6   140.2   3623.7
43   9   -46.2   -33.0   3643.2
43   10   -140.8   -109.5   3653.3
43   11   -140.4   -470.4   3658.8
43   12   -78.1   -800.0   3694.5
43   13   38.6   -117.1   3667.8
43   14   16.7   -477.3   3685.1
43   15   -30.6   -811.2   3666.4
43   16   15.6   328.4   3319.5
43   17   -113.2   393.5   3377.7
43   18   -28.0   437.8   3563.1
44   0   -28.1   530.9   3599.8
44   1   -30.0   364.9   3577.5
44   2   -156.7   362.3   3555.6
44   3   -108.7   176.4   3412.9
44   4   40.8   360.3   3300.8
44   5   96.7   356.3   3575.3
44   6   23.6   225.2   3389.2
44   7   -143.3   426.9   3374.8
44   8   -36.6   138.7   3623.9
44   9   -46.4   -34.3   3643.7
44   10   -140.1   -108.3   3652.6
44   11   -140.2   -468.9   3667.4
44   12   -78.3   -799.1   3692.6
44   13   38.3   -115.1   3667.7
44   14   18.4   -474.9   3690.5
44   15   -30.4   -807.6   3664.7
44   16   15.8   329.7   3319.5
44   17   -115.5   393.3   3377.2
44   18   -28.0   435.1   3563.1
45   0   -28.4   529.8   3598.9
45   1   -30.1   362.4   3577.7
45   2   -157.1   362.0   3555.9
45   3   -107.7   178.4   3411.5
45   4   42.7   362.5   3302.0
45   5   97.2   356.1   3575.4
45   6   23.3   225.4   3389.8
45   7   -145.1   425.2   3374.0
45   8   -36.7   137.4   3624.1
45   9   -46.6   -35.3   3644.0
45   10   -139.5   -107.7   3652.3
45   11   -140.0   -467.4   3670.8
45   12   -78.5   -797.7   3691.9
45   13   37.6   -114.5   3667.6
45   14   19.5   -473.5   3691.7
45   15   -30.3   -805.4   3664.4
45   16   17.6   331.8   3320.2
45   17   -117.0   391.9   3376.7
45   18   -28.1   432.6   3563.2
46   0   -28.8   529.2   3598.2
46   1   -30.2   360.4   3577.8
46   2   -157.4   361.7   3555.9
46   3   -106.0   180.3   3409.9
46   4   44.4   364.6   3301.7
46   5   97.5   356.0   3575.4
46   6   23.9   224.2   3390.8
46   7   -146.8   421.5   3373.1
46   8   -36.7   136.7   3624.3
46   9   -46.7   -35.9   3644.1
46   10   -139.3   -107.4   3651.9
46   11   -139.9   -466.1   3672.6
46   12   -78.7   -796.1   3691.5
46   13   37.2   -114.2   3667.5
46   14   19.8   -472.3   3692.2
46   15   -30.0   -803.5   3664.4
46   16   19.4   333.9   3319.8
46   17   -118.3   388.6   3376.0
46   18   -28.2   430.6   3563.3
47   0   -29.2   528.8   3597.7
47   1   -30.3   358.6   3577.9
47   2   -157.5   361.5   3555.7
47   3   -104.5   182.3   3407.9
47   4   46.8   366.8   3301.8
47   5   97.6   356.0   3575.4
47   6   24.9   222.9   3391.7
47   7   -146.8   418.7   3372.5
47   8   -36.7   136.0   3624.4
47   9   -46.7   -36.4   3644.2
47   10   -139.2   -107.3   3651.6
47   11   -139.8   -465.1   3672.9
47   12   -78.9   -794.7   3691.4
47   13   37.0   -114.1   3667.5
47   14   20.3   -471.3   3692.5
47   15   -29.9   -802.0   3664.5
47   16   21.6   336.1   3319.5
47   17   -118.2   386.0   3375.7
47   18   -28.3   428.7   3563.3
48   0   -29.7   528.5   3597.3
48   1   -30.4   356.8   3578.0
48   2   -157.5   361.2   3555.5
48   3   -105.7   182.5   3407.0
48   4   48.1   365.9   3303.2
48   5   97.7   356.0   3575.4
48   6   24.9   221.6   3392.9
48   7   -147.0   416.8   3371.8
48   8   -36.8   135.2   3624.4
48   9   -46.8   -37.0   3644.3
48   10   -139.2   -107.3   3651.3
48   11   -139.7   -464.4   3672.3
48   12   -79.1   -793.5   3691.4
48   13   36.9   -114.2   3667.5
48   14   16.3   -470.3   3692.8
48   15   -29.9   -801.2   3664.6
48   16   22.5   335.3   3320.5
48   17   -118.3   384.3   3375.3
48   18   -28.4   426.8   3563.4
49   0   -30.2   527.3   3596.5
49   1   -30.5   355.0   3578.1
49   2   -157.5   360.9   3555.2
49   3   -108.9   181.4   3406.8
49   4   48.5   361.5   3303.2
49   5   97.6   355.9   3575.4
49   6   24.6   219.7   3394.6
49   7   -146.1   415.2   3370.5
49   8   -36.8   134.4   3624.4
49   9   -46.8   -37.7   3644.4
49   10   -139.3   -107.4   3650.9
49   11   -139.4   -466.5   3672.1
49   12   -78.6   -795.2   3691.6
49   13   37.0   -114.3   3667.4
49   14   17.1   -472.7   3689.6
49   15   -33.6   -802.8   3666.0
49   16   22.3   331.5   3320.5
49   17   -117.6   382.6   3374.5
49   18   -28.5   425.1   3563.4
50   0   -30.7   526.1   3595.5
50   1   -30.6   353.9   3578.1
50   2   -157.3   360.6   3554.9
50   3   -135.9   175.5   3409.5
50   4   42.4   333.7   3308.0
50   5   97.4   355.9   3575.4
50   6   27.2   217.7   3395.2
50   7   -146.8   409.8   3369.9
50   8   -36.8   134.0   3624.3
50   9   -46.9   -39.8   3644.6
50   10   -139.2   -107.7   3650.9
50   11   -139.0   -467.1   3671.9
50   12   -78.6   -795.5   3691.4
50   13   37.0   -114.4   3667.4
50   14   18.7   -473.4   3687.4
50   15   -46.5   -800.6   3668.4
50   16   12.7   307.4   3324.9
50   17   -117.8   377.8   3374.1
50   18   -28.6   423.9   3563.4
51   0   -31.2   525.2   3594.6
51   1   -30.7   353.4   3578.4
51   2   -156.9   360.4   3554.9
51   3   -177.6   163.3   3431.7
51   4   16.7   285.0   3315.0
51   5   96.9   356.0   3575.4
51   6   24.5   221.3   3393.6
51   7   -146.7   415.3   3364.9
51   8   -36.8   134.3   3625.5
51   9   -47.1   -41.8   3644.8
51   10   -139.1   -108.1   3651.2
51   11   -138.8   -467.0   3671.8
51   12   -78.5   -795.2   3691.2
51   13   37.2   -114.5   3667.5
51   14   20.2   -473.1   3686.4
51   15   -62.4   -796.2   3672.2
51   16   -15.7   264.8   3334.5
51   17   -118.2   382.9   3369.7
51   18   -28.7   423.3   3563.4
52   0   -31.6   525.8   3594.0
52   1   -30.7   353.3   3578.9
52   2   -156.5   360.2   3555.8
52   3   -218.9   154.7   3467.4
52   4   -68.0   211.6   3285.9
52   5   96.7   356.4   3575.2
52   6   93.5   191.0   3423.1
52   7   -75.8   362.7   3342.8
52   8   -36.8   134.9   3627.1
52   9   -47.1   -43.3   3645.0
52   10   -139.1   -108.3   3651.6
52   11   -138.7   -466.7   3658.1
52   12   -78.8   -792.9   3693.5
52   13   37.4   -114.5   3667.5
52   14   21.1   -472.2   3686.6
52   15   -47.8   -798.2   3673.2
52   16   -93.0   202.2   3316.1
52   17   -47.6   334.1   3356.2
52   18   -28.8   423.1   3563.5
53   0   -31.9   526.8   3593.4
53   1   -30.8   353.3   3579.2
53   2   -156.6   359.9   3558.4
53   3   -259.4   160.2   3490.9
53   4   -197.8   147.2   3263.5
53   5   96.8   357.7   3579.6
53   6   166.3   170.5   3501.8
53   7   49.7   274.2   3327.2
53   8   -36.8   135.5   3628.1
53   9   -47.2   -44.4   3645.1
53   10   -139.2   -108.6   3652.4
53   11   -138.6   -466.0   3662.3
53   12   -78.7   -792.7   3692.7
53   13   37.7   -114.6   3667.5
53   14   15.8   -471.3   3675.5
53   15   -31.4   -800.6   3677.3
53   16   -207.9   149.5   3301.4
53   17   68.9   257.2   3356.3
53   18   -28.9   423.0   3563.6
54   0   -32.1   527.9   3592.5
54   1   -30.8   353.4   3579.6
54   2   -156.9   359.5   3562.2
54   3   -288.3   178.9   3485.1
54   4   -355.2   104.5   3276.5
54   5   96.9   358.3   3583.6
54   6   215.6   170.3   3532.1
54   7   243.2   172.0   3327.3
54   8   -36.8   136.2   3628.9
54   9   -47.2   -45.0   3645.2
54   10   -139.4   -108.7   3652.3
54   11   -138.4   -467.9   3669.3
54   12   -78.0   -795.1   3691.5
54   13   38.3   -114.4   3667.5
54   14   17.6   -473.3   3675.7
54   15   -37.5   -801.7   3677.4
54   16   -344.2   116.9   3311.3
54   17   238.5   171.8   3361.4
54   18   -28.9   423.0   3563.8
55   0   -32.2   528.9   3590.6
55   1   -30.9   353.6   3579.8
55   2   -157.3   359.1   3564.6
55   3   -315.9   201.4   3485.9
55   4   -473.7   102.0   3320.0
55   5   97.3   358.2   3584.2
55   6   244.4   176.0   3545.3
55   7   390.8   117.7   3385.3
55   8   -36.9   136.7   3629.3
55   9   -47.2   -45.4   3645.2
55   10   -139.6   -108.8   3652.3
55   11   -138.2   -468.3   3670.9
55   12   -76.8   -795.2   3691.3
55   13   38.6   -114.3   3667.4
55   14   18.2   -473.6   3674.5
55   15   -41.4   -801.3   3677.6
55   16   -447.5   118.5   3347.6
55   17   366.6   127.3   3412.0
55   18   -29.0   423.1   3564.0
56   0   -32.2   530.1   3586.3
56   1   -31.1   353.9   3579.9
56   2   -157.9   358.9   3565.4
56   3   -337.4   217.8   3499.2
56   4   -547.7   117.9   3370.8
56   5   97.5   357.7   3583.1
56   6   265.3   186.7   3564.7
56   7   459.0   66.9   3453.1
56   8   -36.9   137.3   3629.2
56   9   -47.2   -45.5   3645.2
56   10   -139.7   -108.9   3652.2
56   11   -137.9   -467.7   3671.2
56   12   -76.4   -794.4   3691.2
56   13   38.8   -114.4   3667.4
56   14   15.3   -470.4   3639.9
56   15   -39.6   -793.0   3687.2
56   16   -512.8   134.6   3392.2
56   17   426.8   86.7   3471.7
56   18   -29.2   423.4   3564.1
57   0   -32.3   531.3   3578.6
57   1   -31.3   354.5   3579.9
57   2   -158.6   358.8   3565.3
57   3   -348.9   228.1   3506.0
57   4   -581.8   130.7   3401.9
57   5   97.5   357.1   3581.4
57   6   274.0   193.2   3579.0
57   7   490.1   58.2   3484.0
57   8   -36.9   137.9   3629.0
57   9   -47.2   -45.4   3645.1
57   10   -139.8   -109.0   3652.2
57   11   -137.6   -466.6   3672.4
57   12   -76.7   -793.3   3690.8
57   13   38.9   -114.4   3667.4
57   14   20.1   -470.6   3661.5
57   15   -39.3   -794.7   3679.9
57   16   -543.0   146.9   3419.2
57   17   454.1   80.7   3499.8
57   18   -29.5   424.0   3564.2
58   0   -32.3   532.1   3569.2
58   1   -31.5   355.3   3579.9
58   2   -159.1   358.8   3564.7
58   3   -352.5   231.8   3508.1
58   4   -590.9   137.1   3414.5
58   5   97.5   356.6   3578.8
58   6   276.4   196.5   3585.5
58   7   496.4   60.1   3492.5
58   8   -36.9   138.6   3628.6
58   9   -47.1   -45.1   3645.1
58   10   -139.9   -109.0   3652.2
58   11   -137.0   -465.7   3669.0
58   12   -77.1   -792.2   3691.3
58   13   39.0   -114.5   3667.4
58   14   14.9   -470.0   3667.3
58   15   -36.5   -797.1   3677.7
58   16   -551.1   152.9   3430.1
58   17   459.7   82.8   3508.0
58   18   -29.8   424.8   3564.2
59   0   -32.4   532.3   3560.6
59   1   -31.7   356.4   3579.7
59   2   -159.5   358.9   3563.9
59   3   -352.2   231.8   3507.5
59   4   -587.3   137.7   3414.8
59   5   97.2   355.8   3577.9
59   6   276.1   197.7   3586.5
59   7   497.8   68.2   3496.4
59   8   -37.0   139.5   3628.2
59   9   -47.1   -44.5   3645.0
59   10   -140.0   -109.0   3652.2
59   11   -137.5   -464.7   3669.1
59   12   -77.5   -791.0   3691.1
59   13   39.0   -114.5   3667.4
59   14   17.8   -469.4   3677.7
59   15   -37.0   -796.6   3674.8
59   16   -548.1   153.4   3430.3
59   17   460.9   89.8   3511.4
59   18   -30.0   425.9   3564.2
60   0   -32.4   532.3   3555.1
60   1   -31.8   357.7   3579.6
60   2   -159.9   359.1   3563.3
60   3   -350.2   230.3   3505.5
60   4   -577.9   135.4   3406.8
60   5   96.8   354.9   3577.9
60   6   275.1   198.0   3584.7
60   7   490.8   74.7   3485.4
60   8   -37.0   140.5   3627.8
60   9   -47.1   -43.8   3644.9
60   10   -140.0   -109.0   3652.2
60   11   -138.2   -463.7   3671.2
60   12   -77.6   -789.8   3690.6
60   13   39.0   -114.5   3667.3
60   14   20.1   -468.7   3684.0
60   15   -37.4   -795.6   3673.1
60   16   -539.9   151.3   3423.3
60   17   454.8   95.2   3502.0
60   18   -30.1   427.1   3564.2
61   0   -32.4   532.3   3552.8
61   1   -31.7   359.0   3579.5
61   2   -160.0   359.1   3562.9
61   3   -347.7   228.6   3502.9
61   4   -567.9   130.9   3397.8
61   5   96.4   353.9   3578.0
61   6   274.2   197.7   3581.1
61   7   481.8   81.8   3467.2
61   8   -37.0   141.5   3627.3
61   9   -47.0   -43.0   3644.8
61   10   -140.0   -109.0   3652.2
61   11   -138.8   -462.8   3672.6
61   12   -77.5   -788.7   3690.3
61   13   39.0   -114.6   3667.5
61   14   21.1   -467.9   3688.9
61   15   -37.4   -794.3   3671.6
61   16   -531.2   147.2   3415.3
61   17   447.2   101.2   3486.2
61   18   -30.0   428.4   3564.2
62   0   -32.4   532.4   3553.8
62   1   -31.6   360.3   3579.4
62   2   -160.0   358.9   3562.4
62   3   -345.7   227.5   3500.1
62   4   -562.3   127.1   3394.7
62   5   96.3   353.3   3578.1
62   6   273.4   197.3   3575.4
62   7   476.3   83.2   3456.4
62   8   -37.0   142.6   3626.9
62   9   -47.0   -42.2   3644.7
62   10   -140.1   -109.0   3652.3
62   11   -138.5   -462.2   3673.1
62   12   -77.5   -787.8   3690.1
62   13   38.9   -114.7   3667.7
62   14   15.5   -467.4   3677.5
62   15   -36.1   -794.7   3675.1
62   16   -526.2   143.8   3412.3
62   17   442.5   102.2   3476.2
62   18   -29.9   429.7   3564.2
63   0   -32.4   532.5   3556.8
63   1   -31.4   361.6   3579.3
63   2   -159.8   358.6   3561.8
63   3   -344.6   226.9   3498.1
63   4   -560.5   125.4   3396.8
63   5   96.4   352.8   3578.2
63   6   272.8   196.7   3572.3
63   7   473.9   82.0   3454.9
63   8   -37.1   143.5   3626.5
63   9   -46.9   -41.5   3644.6
63   10   -140.1   -109.0   3652.3
63   11   -138.2   -461.6   3673.1
63   12   -77.1   -786.9   3690.1
63   13   38.9   -114.8   3667.8
63   14   18.1   -467.0   3682.2
63   15   -37.2   -793.4   3673.3
63   16   -524.5   142.3   3413.7
63   17   440.4   101.1   3474.5
63   18   -29.7   430.9   3564.2
64   0   -32.4   532.5   3561.0
64   1   -31.3   362.8   3579.1
64   2   -159.6   358.1   3561.5
64   3   -343.5   226.7   3495.6
64   4   -559.6   125.3   3396.6
64   5   96.4   352.2   3578.3
64   6   272.4   196.0   3570.5
64   7   467.2   85.2   3442.1
64   8   -37.1   144.4   3626.2
64   9   -46.9   -40.8   3644.5
64   10   -140.2   -109.0   3652.3
64   11   -138.1   -461.1   3672.9
64   12   -76.6   -786.0   3690.0
64   13   38.8   -115.0   3667.9
64   14   19.6   -466.6   3686.4
64   15   -38.9   -792.1   3671.8
64   16   -523.5   142.2   3413.1
64   17   434.7   103.6   3463.5
64   18   -29.4   432.1   3564.2
65   0   -32.4   532.3   3564.8
65   1   -31.1   363.9   3579.0
65   2   -159.4   357.7   3561.1
65   3   -342.7   226.6   3493.7
65   4   -555.6   127.5   3386.8
65   5   96.6   351.8   3578.3
65   6   272.0   195.2   3569.8
65   7   469.8   87.3   3444.1
65   8   -37.1   145.2   3625.8
65   9   -46.8   -40.2   3644.4
65   10   -140.3   -109.0   3652.3
65   11   -138.5   -461.0   3664.4
65   12   -76.2   -784.3   3691.4
65   13   38.5   -115.5   3668.1
65   14   14.6   -466.6   3681.0
65   15   -38.9   -792.4   3672.6
65   16   -520.1   144.0   3404.6
65   17   436.8   105.3   3465.1
65   18   -29.2   433.1   3564.2
66   0   -32.5   532.9   3567.4
66   1   -31.0   364.8   3578.9
66   2   -159.2   357.1   3561.1
66   3   -341.9   226.4   3491.8
66   4   -545.2   131.5   3362.0
66   5   97.0   351.6   3578.4
66   6   271.8   194.7   3569.8
66   7   469.2   91.2   3435.7
66   8   -37.2   145.8   3625.5
66   9   -46.8   -39.8   3644.4
66   10   -140.4   -109.0   3652.3
66   11   -139.3   -460.7   3663.8
66   12   -75.4   -783.2   3691.6
66   13   38.3   -115.8   3668.4
66   14   16.2   -466.6   3683.0
66   15   -41.1   -791.3   3670.9
66   16   -511.3   147.3   3383.7
66   17   436.3   108.4   3458.1
66   18   -29.0   434.0   3564.2
67   0   -32.5   533.8   3568.9
67   1   -30.8   365.3   3578.9
67   2   -159.3   356.8   3561.2
67   3   -340.7   225.9   3489.6
67   4   -527.7   136.3   3333.6
67   5   97.5   351.3   3578.4
67   6   271.9   194.3   3569.8
67   7   456.5   97.2   3414.3
67   8   -37.2   146.0   3625.3
67   9   -46.7   -37.9   3644.1
67   10   -140.6   -109.1   3652.3
67   11   -139.8   -460.2   3667.7
67   12   -73.8   -782.4   3691.3
67   13   38.1   -116.3   3669.1
67   14   18.4   -466.7   3688.7
67   15   -40.9   -790.2   3667.7
67   16   -496.6   151.2   3359.6
67   17   425.7   113.4   3440.2
67   18   -28.8   434.5   3564.2
68   0   -32.6   534.6   3569.6
68   1   -30.7   365.6   3578.8
68   2   -159.6   356.6   3561.5
68   3   -338.3   224.0   3486.8
68   4   -484.9   139.8   3293.6
68   5   98.0   351.0   3578.5
68   6   272.0   193.8   3569.5
68   7   420.1   113.5   3376.2
68   8   -37.3   146.0   3625.2
68   9   -46.5   -35.6   3643.8
68   10   -140.9   -109.2   3652.4
68   11   -140.0   -459.9   3668.1
68   12   -73.8   -782.5   3691.1
68   13   37.7   -116.9   3670.1
68   14   12.3   -466.6   3672.0
68   15   -38.9   -791.9   3671.3
68   16   -460.5   153.8   3325.8
68   17   395.4   126.8   3408.4
68   18   -28.7   434.7   3564.2
69   0   -32.6   535.2   3569.6
69   1   -30.7   365.7   3578.8
69   2   -159.9   356.3   3561.7
69   3   -326.0   211.4   3483.2
69   4   -400.7   150.2   3252.1
69   5   98.5   350.7   3578.5
69   6   271.0   192.4   3566.9
69   7   340.3   152.1   3333.9
69   8   -37.3   145.9   3625.2
69   9   -46.4   -33.4   3643.5
69   10   -141.2   -109.4   3652.4
69   11   -144.0   -457.2   3627.6
69   12   -76.4   -772.3   3694.0
69   13   37.3   -117.7   3671.2
69   14   8.2   -465.8   3649.2
69   15   -37.3   -791.3   3679.9
69   16   -388.3   160.4   3290.6
69   17   328.8   158.7   3372.7
69   18   -28.6   434.8   3564.2
70   0   -32.7   535.6   3569.3
70   1   -30.6   365.8   3578.7
70   2   -160.2   356.0   3561.1
70   3   -284.2   181.4   3477.6
70   4   -288.9   203.3   3235.3
70   5   98.9   350.4   3578.6
70   6   258.6   190.5   3528.8
70   7   242.0   224.6   3290.2
70   8   -37.4   145.8   3625.2
70   9   -46.3   -31.5   3643.2
70   10   -141.5   -109.6   3652.4
70   11   -150.1   -460.3   3625.0
70   12   -75.8   -775.7   3695.0
70   13   36.6   -118.8   3672.5
70   14   11.1   -469.7   3668.5
70   15   -39.2   -796.8   3677.7
70   16   -288.1   199.6   3275.7
70   17   244.8   218.9   3330.0
70   18   -28.5   434.8   3564.2
71   0   -32.7   535.8   3568.9
71   1   -30.6   365.8   3577.6
71   2   -160.5   355.6   3557.7
71   3   -241.1   163.3   3461.2
71   4   -167.2   282.9   3279.4
71   5   99.1   350.1   3578.6
71   6   211.3   186.6   3473.2
71   7   118.4   318.4   3316.4
71   8   -37.5   145.8   3625.2
71   9   -46.2   -29.8   3643.0
71   10   -141.6   -110.2   3653.0
71   11   -159.5   -461.8   3631.0
71   12   -74.3   -777.3   3694.7
71   13   35.5   -120.3   3674.2
71   14   8.8   -471.6   3658.9
71   15   -38.9   -800.0   3681.0
71   16   -179.4   263.2   3309.7
71   17   133.6   296.7   3342.6
71   18   -28.5   434.7   3562.7
72   0   -32.7   535.8   3566.6
72   1   -30.6   365.9   3574.5
72   2   -160.7   355.2   3551.0
72   3   -205.8   153.6   3445.4
72   4   -81.4   323.6   3315.5
72   5   99.3   349.8   3576.7
72   6   162.2   167.1   3457.2
72   7   35.6   352.1   3351.1
72   8   -37.5   146.3   3624.9
72   9   -46.0   -27.8   3642.9
72   10   -141.6   -111.0   3654.1
72   11   -150.7   -462.9   3653.3
72   12   -74.4   -783.8   3692.1
72   13   34.0   -122.0   3676.4
72   14   13.3   -473.5   3679.5
72   15   -40.5   -800.8   3673.3
72   16   -102.0   295.4   3337.1
72   17   56.6   321.4   3368.8
72   18   -28.5   434.5   3558.8
73   0   -32.6   534.4   3562.4
73   1   -30.6   366.3   3568.7
73   2   -160.8   354.9   3545.2
73   3   -176.8   148.7   3435.8
73   4   -33.3   344.1   3335.3
73   5   98.4   348.2   3569.3
73   6   123.0   148.3   3456.8
73   7   -10.8   358.9   3373.4
73   8   -37.6   147.7   3624.4
73   9   -45.9   -25.3   3642.8
73   10   -141.7   -111.3   3654.8
73   11   -141.2   -462.9   3664.2
73   12   -75.3   -787.0   3690.8
73   13   33.5   -123.0   3677.2
73   14   15.4   -474.2   3688.3
73   15   -39.4   -800.3   3664.0
73   16   -57.2   311.5   3352.1
73   17   11.5   323.9   3387.3
73   18   -28.5   434.4   3551.3
74   0   -32.5   532.3   3558.7
74   1   -30.6   366.8   3561.6
74   2   -160.5   354.8   3542.1
74   3   -159.9   148.4   3429.6
74   4   -11.6   354.0   3344.9
74   5   96.8   346.0   3559.2
74   6   101.8   132.2   3466.2
74   7   -27.4   352.9   3388.5
74   8   -37.6   149.4   3623.6
74   9   -45.8   -22.6   3642.6
74   10   -141.7   -111.6   3655.5
74   11   -141.8   -461.0   3635.7
74   12   -76.4   -781.0   3694.0
74   13   33.3   -123.8   3677.2
74   14   16.4   -474.5   3687.6
74   15   -36.1   -801.9   3654.2
74   16   -36.3   319.7   3359.1
74   17   -5.8   316.1   3401.4
74   18   -28.5   434.4   3542.4
75   0   -32.4   530.1   3557.3
75   1   -30.7   367.2   3556.2
75   2   -159.9   354.9   3540.8
75   3   -158.6   148.1   3428.9
75   4   -6.8   353.5   3352.9
75   5   94.1   344.6   3558.3
75   6   101.7   123.4   3481.9
75   7   -29.2   338.6   3398.2
75   8   -37.7   150.7   3623.0
75   9   -45.6   -20.5   3642.4
75   10   -141.7   -113.6   3656.2
75   11   -145.1   -459.7   3609.5
75   12   -77.0   -775.4   3696.4
75   13   33.1   -126.1   3677.4
75   14   15.0   -476.1   3686.0
75   15   -30.9   -806.8   3647.0
75   16   -32.1   319.3   3365.6
75   17   -7.4   302.7   3412.2
75   18   -28.5   434.3   3535.4
76   0   -32.4   528.5   3557.3
76   1   -30.8   367.4   3553.4
76   2   -159.3   354.9   3540.5
76   3   -163.9   146.7   3433.2
76   4   -11.3   348.0   3358.3
76   5   92.0   344.5   3561.3
76   6   110.7   122.3   3490.2
76   7   -27.8   324.6   3397.9
76   8   -37.8   153.2   3622.0
76   9   -45.4   -17.4   3642.0
76   10   -141.7   -116.2   3656.3
76   11   -142.6   -462.4   3609.5
76   12   -75.7   -781.1   3698.5
76   13   32.7   -129.3   3677.2
76   14   12.3   -478.6   3678.8
76   15   -24.4   -813.0   3645.9
76   16   -36.7   314.4   3370.8
76   17   -4.7   290.9   3413.3
76   18   -28.6   434.2   3532.0
77   0   -32.4   527.4   3557.9
77   1   -30.8   367.5   3552.5
77   2   -158.8   354.9   3540.7
77   3   -165.2   145.5   3437.1
77   4   -16.6   345.7   3361.6
77   5   91.0   344.4   3561.7
77   6   111.3   121.5   3493.8
77   7   -25.1   320.6   3398.2
77   8   -37.8   155.9   3621.1
77   9   -45.3   -14.0   3641.7
77   10   -141.9   -115.7   3655.8
77   11   -141.5   -462.6   3633.6
77   12   -74.6   -786.3   3695.7
77   13   34.8   -126.6   3677.3
77   14   12.5   -474.5   3676.3
77   15   -21.5   -809.2   3647.0
77   16   -41.4   312.3   3374.2
77   17   -2.4   287.4   3414.1
77   18   -28.6   434.2   3530.8
78   0   -32.4   526.7   3559.3
78   1   -31.1   367.5   3552.6
78   2   -158.5   354.7   3541.1
78   3   -163.5   145.6   3438.3
78   4   -20.2   346.5   3362.4
78   5   90.5   344.2   3560.3
78   6   106.3   121.2   3493.3
78   7   -26.0   322.4   3401.5
78   8   -38.0   158.3   3620.4
78   9   -45.3   -11.1   3641.5
78   10   -142.0   -114.2   3654.8
78   11   -141.0   -461.3   3653.2
78   12   -74.0   -789.2   3692.9
78   13   34.9   -125.5   3676.3
78   14   8.6   -472.1   3664.7
78   15   -20.3   -808.4   3652.7
78   16   -44.1   313.0   3375.0
78   17   -4.0   288.8   3416.8
78   18   -28.9   434.1   3531.1
79   0   -32.5   525.9   3561.5
79   1   -31.4   367.4   3553.3
79   2   -158.3   354.6   3541.6
79   3   -162.8   145.8   3438.8
79   4   -22.4   346.6   3362.1
79   5   90.3   344.0   3557.5
79   6   104.0   120.8   3492.1
79   7   -28.0   321.0   3401.2
79   8   -38.1   160.3   3619.8
79   9   -45.2   -8.7   3641.3
79   10   -141.3   -115.3   3654.3
79   11   -142.4   -461.2   3633.1
79   12   -74.3   -786.6   3695.9
79   13   34.1   -127.1   3674.7
79   14   6.2   -471.4   3641.9
79   15   -23.2   -807.5   3665.6
79   16   -45.8   313.1   3374.9
79   17   -6.0   287.7   3416.3
79   18   -29.2   434.0   3532.0
80   0   -33.7   525.3   3563.9
80   1   -31.9   367.3   3554.2
80   2   -158.3   354.4   3542.2
80   3   -163.0   146.1   3439.1
80   4   -23.8   346.1   3361.5
80   5   89.7   344.2   3557.6
80   6   102.9   122.3   3489.4
80   7   -31.0   320.4   3399.1
80   8   -38.3   161.9   3619.4
80   9   -45.2   -6.8   3641.1
80   10   -139.5   -119.7   3653.9
80   11   -145.4   -463.7   3614.3
80   12   -73.9   -785.7   3698.0
80   13   32.4   -131.2   3672.9
80   14   6.8   -474.9   3633.4
80   15   -35.8   -809.8   3678.1
80   16   -47.0   312.7   3374.4
80   17   -8.7   287.4   3414.1
80   18   -29.8   434.0   3533.1
81   0   -35.7   524.7   3565.8
81   1   -32.4   367.1   3555.1
81   2   -158.4   354.0   3542.7
81   3   -163.9   146.3   3439.0
81   4   -24.7   345.2   3361.0
81   5   89.0   344.6   3559.4
81   6   102.8   124.8   3485.9
81   7   -32.6   321.9   3397.2
81   8   -38.5   163.0   3619.1
81   9   -45.2   -5.4   3640.8
81   10   -140.0   -119.9   3653.8
81   11   -144.8   -465.1   3639.3
81   12   -72.8   -791.4   3692.8
81   13   34.6   -130.1   3671.7
81   14   6.1   -472.7   3626.6
81   15   -39.7   -804.0   3688.9
81   16   -47.9   312.1   3374.0
81   17   -10.0   289.1   3412.0
81   18   -30.4   433.8   3534.2
