2   0   -504.8   -99.1   3508.8
2   1   -501.1   -258.6   3461.9
2   2   -645.9   -265.8   3435.7
2   3   -570.7   -416.6   3275.6
2   4   -392.9   -238.1   3238.1
2   5   -359.6   -280.4   3491.6
2   6   -321.7   -455.4   3343.3
2   7   -491.8   -286.5   3257.4
2   8   -502.9   -464.5   3425.3
2   9   -504.7   -625.4   3398.7
2   10   -599.9   -714.4   3378.4
2   11   -562.3   -1034.2   3248.1
2   12   -578.4   -1340.5   3360.5
2   13   -413.5   -717.6   3408.9
2   14   -451.4   -1049.9   3314.9
2   15   -449.0   -1376.1   3334.0
2   16   -422.5   -267.9   3244.4
2   17   -463.4   -314.6   3271.7
2   18   -500.5   -189.6   3474.1
3   0   -503.8   -96.5   3509.6
3   1   -501.1   -256.3   3463.5
3   2   -644.4   -263.6   3434.0
3   3   -580.4   -421.6   3279.4
3   4   -402.3   -244.6   3238.2
3   5   -359.5   -278.2   3490.3
3   6   -318.8   -456.9   3348.6
3   7   -486.8   -290.9   3255.3
3   8   -502.9   -462.5   3426.4
3   9   -504.3   -623.8   3400.8
3   10   -597.8   -707.7   3379.6
3   11   -565.9   -1031.7   3258.7
3   12   -575.8   -1341.3   3354.6
3   13   -413.8   -710.9   3408.7
3   14   -448.3   -1045.7   3320.7
3   15   -432.7   -1351.4   3349.7
3   16   -432.0   -274.1   3245.1
3   17   -458.8   -318.6   3270.8
3   18   -500.4   -187.4   3475.9
4   0   -501.3   -89.5   3511.5
4   1   -501.0   -250.2   3467.9
4   2   -641.3   -257.9   3432.5
4   3   -600.7   -429.6   3289.1
4   4   -421.7   -256.4   3238.8
4   5   -360.8   -273.4   3487.9
4   6   -310.5   -459.1   3360.9
4   7   -474.6   -303.9   3248.5
4   8   -502.7   -456.8   3430.1
4   9   -503.2   -619.7   3407.4
4   10   -590.2   -692.8   3384.0
4   11   -573.0   -1024.9   3276.9
4   12   -544.6   -1335.9   3346.6
4   13   -418.0   -696.4   3408.9
4   14   -443.2   -1037.1   3331.0
4   15   -433.0   -1351.2   3351.1
4   16   -451.6   -285.2   3247.2
4   17   -447.3   -329.8   3267.3
4   18   -500.4   -181.3   3480.5
5   0   -498.2   -81.6   3513.8
5   1   -500.8   -243.5   3473.5
5   2   -637.3   -251.9   3431.3
5   3   -621.4   -436.9   3298.9
5   4   -442.1   -267.4   3238.3
5   5   -362.6   -268.3   3485.4
5   6   -303.2   -459.7   3370.6
5   7   -466.4   -315.3   3242.5
5   8   -502.5   -450.8   3435.9
5   9   -501.7   -616.0   3415.8
5   10   -582.4   -678.9   3388.6
5   11   -580.9   -1020.8   3295.1
5   12   -539.7   -1339.2   3321.0
5   13   -421.6   -683.3   3409.1
5   14   -437.8   -1031.9   3342.4
5   15   -432.6   -1358.1   3353.2
5   16   -472.0   -295.6   3248.4
5   17   -439.2   -339.4   3263.9
5   18   -500.3   -174.6   3486.0
6   0   -496.1   -76.8   3515.5
6   1   -500.8   -239.6   3477.4
6   2   -634.5   -248.1   3430.6
6   3   -633.1   -441.2   3304.4
6   4   -453.1   -274.0   3238.2
6   5   -364.0   -264.9   3483.8
6   6   -298.9   -461.5   3379.9
6   7   -457.8   -323.3   3238.4
6   8   -502.3   -448.2   3440.7
6   9   -500.7   -615.4   3421.2
6   10   -580.9   -674.8   3390.0
6   11   -585.6   -1024.2   3305.4
6   12   -510.0   -1342.5   3335.9
6   13   -420.1   -680.3   3408.6
6   14   -434.6   -1034.6   3347.8
6   15   -433.1   -1374.5   3350.0
6   16   -483.1   -301.9   3249.2
6   17   -431.4   -346.3   3262.0
6   18   -500.3   -170.6   3489.6
7   0   -495.5   -74.9   3516.4
7   1   -500.7   -237.9   3478.9
7   2   -632.9   -246.5   3430.4
7   3   -638.0   -443.1   3306.9
7   4   -458.0   -276.7   3238.1
7   5   -364.8   -263.1   3483.2
7   6   -297.8   -462.3   3384.0
7   7   -453.6   -326.3   3235.7
7   8   -502.1   -448.3   3441.9
7   9   -500.2   -616.6   3421.7
7   10   -583.2   -675.0   3389.4
7   11   -586.9   -1029.1   3308.8
7   12   -516.9   -1353.5   3324.5
7   13   -416.1   -681.0   3407.8
7   14   -433.1   -1039.3   3350.3
7   15   -433.0   -1377.6   3350.4
7   16   -488.0   -304.4   3249.6
7   17   -427.6   -349.0   3260.4
7   18   -500.3   -169.0   3491.1
8   0   -495.8   -74.9   3517.0
8   1   -500.7   -237.6   3478.9
8   2   -632.1   -246.1   3430.5
8   3   -639.1   -443.8   3307.7
8   4   -459.3   -277.2   3238.3
8   5   -365.2   -262.4   3483.2
8   6   -298.4   -462.5   3385.2
8   7   -450.6   -325.8   3233.2
8   8   -501.9   -449.8   3440.0
8   9   -500.0   -618.5   3418.6
8   10   -586.3   -676.5   3388.3
8   11   -587.2   -1033.1   3309.1
8   12   -499.8   -1356.5   3329.3
8   13   -412.6   -682.6   3407.4
8   14   -432.9   -1042.7   3350.2
8   15   -433.5   -1382.7   3348.6
8   16   -489.2   -305.0   3249.8
8   17   -425.2   -348.6   3258.5
8   18   -500.3   -168.7   3491.5
9   0   -496.5   -76.0   3517.4
9   1   -500.7   -237.9   3478.3
9   2   -631.7   -246.2   3430.6
9   3   -638.4   -443.9   3307.6
9   4   -459.0   -276.9   3238.2
9   5   -365.5   -262.1   3483.5
9   6   -300.1   -462.4   3384.8
9   7   -449.8   -323.9   3231.8
9   8   -501.7   -451.9   3437.6
9   9   -500.0   -620.6   3414.8
9   10   -588.5   -678.0   3387.4
9   11   -587.1   -1036.3   3308.4
9   12   -474.3   -1350.5   3341.3
9   13   -410.5   -683.9   3407.3
9   14   -432.7   -1045.6   3350.4
9   15   -432.9   -1382.7   3349.9
9   16   -488.9   -304.7   3249.8
9   17   -424.8   -347.0   3257.3
9   18   -500.3   -169.1   3491.4
10   0   -497.1   -76.5   3518.1
10   1   -500.7   -238.4   3477.6
10   2   -631.4   -246.5   3430.7
10   3   -637.7   -443.8   3307.3
10   4   -458.6   -276.6   3238.0
10   5   -365.6   -262.0   3483.8
10   6   -301.2   -461.9   3383.8
10   7   -450.6   -321.9   3231.9
10   8   -501.7   -453.9   3435.3
10   9   -499.9   -622.5   3411.7
10   10   -589.4   -678.7   3387.0
10   11   -587.0   -1037.8   3307.7
10   12   -454.8   -1341.7   3353.7
10   13   -410.0   -684.4   3407.3
10   14   -433.5   -1046.5   3348.3
10   15   -434.4   -1380.2   3346.1
10   16   -488.4   -304.5   3249.5
10   17   -425.7   -345.3   3257.2
10   18   -500.3   -169.7   3491.1
11   0   -497.8   -76.7   3518.7
11   1   -500.7   -239.1   3476.9
11   2   -631.2   -247.0   3430.9
11   3   -637.2   -443.9   3307.1
11   4   -458.3   -276.4   3237.7
11   5   -365.8   -262.0   3484.2
11   6   -302.0   -461.1   3382.4
11   7   -452.0   -318.8   3233.7
11   8   -501.6   -455.5   3433.6
11   9   -499.9   -624.0   3409.6
11   10   -589.3   -678.9   3386.9
11   11   -586.9   -1038.0   3307.1
11   12   -443.3   -1338.2   3362.3
11   13   -410.4   -684.4   3407.4
11   14   -433.7   -1046.6   3347.7
11   15   -433.9   -1385.0   3347.4
11   16   -488.1   -304.4   3249.3
11   17   -427.0   -342.5   3258.5
11   18   -500.4   -170.4   3490.6
12   0   -498.4   -76.8   3519.3
12   1   -500.7   -239.7   3476.3
12   2   -630.9   -247.3   3430.8
12   3   -636.9   -444.0   3306.8
12   4   -458.2   -276.4   3237.3
12   5   -365.9   -261.9   3484.5
12   6   -302.4   -460.2   3381.0
12   7   -453.4   -314.6   3236.5
12   8   -501.6   -456.5   3432.5
12   9   -499.9   -625.1   3408.4
12   10   -588.8   -678.8   3386.9
12   11   -586.8   -1037.3   3306.4
12   12   -586.6   -1372.7   3305.9
12   13   -411.1   -684.1   3407.5
12   14   -433.8   -1045.9   3347.4
12   15   -433.9   -1381.4   3347.3
12   16   -487.9   -304.3   3248.9
12   17   -428.2   -338.9   3260.6
12   18   -500.4   -171.0   3490.2
13   0   -498.8   -76.9   3519.7
13   1   -500.7   -240.2   3475.9
13   2   -630.7   -247.6   3430.7
13   3   -636.7   -444.2   3306.6
13   4   -458.2   -276.4   3236.9
13   5   -366.0   -262.0   3485.0
13   6   -302.7   -459.7   3380.3
13   7   -454.1   -313.1   3237.3
13   8   -501.5   -457.1   3431.7
13   9   -499.9   -626.0   3407.8
13   10   -588.2   -678.6   3387.0
13   11   -586.6   -1035.5   3305.5
13   12   -586.5   -1368.4   3304.9
13   13   -411.9   -683.8   3407.5
13   14   -433.9   -1044.2   3347.2
13   15   -433.9   -1377.3   3347.1
13   16   -487.9   -304.4   3248.5
13   17   -428.9   -337.5   3261.1
13   18   -500.4   -171.6   3489.9
14   0   -499.1   -77.0   3520.1
14   1   -500.7   -240.8   3475.5
14   2   -630.4   -247.9   3430.6
14   3   -636.5   -444.3   3306.4
14   4   -458.2   -276.2   3237.3
14   5   -366.2   -262.0   3485.4
14   6   -302.9   -459.3   3380.0
14   7   -454.4   -312.0   3237.8
14   8   -501.4   -457.4   3431.2
14   9   -499.9   -626.6   3407.4
14   10   -587.6   -678.3   3387.1
14   11   -586.4   -1033.0   3304.9
14   12   -586.3   -1364.1   3304.5
14   13   -412.5   -683.5   3407.5
14   14   -434.1   -1041.8   3346.6
14   15   -434.2   -1372.9   3346.3
14   16   -487.9   -304.3   3248.8
14   17   -429.1   -336.6   3261.5
14   18   -500.4   -172.2   3489.6
15   0   -499.2   -77.2   3520.3
15   1   -500.6   -241.3   3475.3
15   2   -630.1   -248.1   3430.4
15   3   -636.5   -444.4   3306.1
15   4   -458.1   -275.8   3238.4
15   5   -366.3   -262.0   3485.7
15   6   -302.9   -459.1   3380.0
15   7   -454.7   -312.1   3237.9
15   8   -501.4   -457.4   3430.9
15   9   -499.8   -627.1   3407.3
15   10   -587.1   -678.1   3387.1
15   11   -586.3   -1030.2   3303.9
15   12   -586.2   -1360.1   3303.3
15   13   -413.0   -683.3   3407.5
15   14   -433.9   -1039.4   3347.0
15   15   -433.7   -1369.4   3347.5
15   16   -487.8   -303.9   3249.7
15   17   -429.4   -336.6   3261.6
15   18   -500.4   -172.8   3489.4
16   0   -499.1   -77.5   3520.4
16   1   -500.6   -241.9   3475.1
16   2   -629.8   -248.3   3430.2
16   3   -636.4   -444.7   3305.9
16   4   -458.1   -275.7   3238.9
16   5   -366.5   -262.1   3486.1
16   6   -302.9   -459.0   3380.2
16   7   -454.7   -312.2   3237.8
16   8   -501.3   -457.3   3430.7
16   9   -499.8   -627.5   3407.2
16   10   -586.6   -678.0   3387.2
16   11   -586.1   -1027.3   3303.6
16   12   -586.0   -1356.2   3303.5
16   13   -413.4   -683.0   3407.5
16   14   -433.8   -1036.5   3347.1
16   15   -433.7   -1365.4   3347.2
16   16   -487.8   -303.9   3250.1
16   17   -429.4   -336.7   3261.6
16   18   -500.4   -173.3   3489.2
17   0   -499.1   -77.8   3520.5
17   1   -500.6   -242.4   3475.0
17   2   -629.5   -248.5   3430.1
17   3   -636.4   -444.9   3305.9
17   4   -458.1   -275.7   3239.1
17   5   -366.6   -262.2   3486.4
17   6   -303.0   -458.9   3380.0
17   7   -454.8   -311.1   3238.7
17   8   -501.3   -457.2   3430.6
17   9   -499.8   -627.8   3407.1
17   10   -586.2   -677.7   3387.2
17   11   -585.8   -1024.6   3304.1
17   12   -585.6   -1353.0   3304.6
17   13   -413.8   -682.7   3407.6
17   14   -433.8   -1033.7   3346.7
17   15   -433.8   -1361.9   3346.4
17   16   -487.8   -303.9   3250.2
17   17   -429.5   -335.7   3262.2
17   18   -500.4   -173.8   3489.1
18   0   -499.0   -79.1   3520.2
18   1   -500.6   -242.9   3474.9
18   2   -629.1   -248.7   3429.9
18   3   -636.4   -445.1   3305.8
18   4   -458.1   -275.9   3239.2
18   5   -366.7   -262.2   3486.4
18   6   -303.1   -458.7   3379.8
18   7   -454.5   -309.7   3239.4
18   8   -501.2   -457.1   3430.5
18   9   -499.8   -628.0   3407.0
18   10   -585.9   -677.4   3387.2
18   11   -585.7   -1023.1   3305.2
18   12   -585.7   -1351.8   3306.2
18   13   -414.1   -682.3   3407.6
18   14   -433.5   -1031.9   3347.1
18   15   -433.3   -1360.5   3347.4
18   16   -487.8   -304.1   3250.3
18   17   -429.3   -334.6   3262.8
18   18   -500.4   -174.3   3489.1
19   0   -499.0   -80.8   3519.8
19   1   -500.6   -243.4   3474.8
19   2   -628.7   -249.0   3429.7
19   3   -636.3   -445.3   3305.6
19   4   -458.1   -276.0   3239.2
19   5   -366.9   -262.2   3486.6
19   6   -303.2   -458.6   3379.8
19   7   -454.9   -310.7   3238.7
19   8   -501.1   -457.0   3430.5
19   9   -499.8   -628.1   3406.9
19   10   -585.7   -677.0   3387.2
19   11   -585.6   -1022.4   3306.1
19   12   -585.6   -1351.2   3306.8
19   13   -414.3   -681.9   3407.6
19   14   -433.3   -1031.0   3347.1
19   15   -433.2   -1359.7   3347.1
19   16   -487.8   -304.2   3250.3
19   17   -429.6   -335.3   3262.2
19   18   -500.4   -174.8   3489.0
20   0   -499.0   -82.4   3519.3
20   1   -500.6   -243.9   3474.8
20   2   -628.3   -249.1   3429.7
20   3   -636.3   -445.4   3305.5
20   4   -458.1   -276.1   3239.2
20   5   -367.1   -262.3   3486.9
20   6   -303.6   -458.6   3380.0
20   7   -455.8   -313.4   3236.6
20   8   -501.1   -457.0   3430.5
20   9   -499.7   -628.2   3406.8
20   10   -585.5   -676.8   3387.1
20   11   -585.6   -1023.5   3307.5
20   12   -585.6   -1353.2   3308.4
20   13   -414.5   -681.7   3407.7
20   14   -433.2   -1031.7   3346.9
20   15   -433.1   -1361.1   3346.6
20   16   -487.8   -304.3   3250.2
20   17   -430.4   -337.6   3260.5
20   18   -500.4   -175.3   3489.0
21   0   -499.0   -83.8   3518.9
21   1   -500.6   -244.4   3474.8
21   2   -627.9   -249.2   3429.5
21   3   -636.2   -445.5   3305.2
21   4   -458.0   -276.1   3239.1
21   5   -367.4   -262.3   3487.2
21   6   -304.4   -458.8   3380.3
21   7   -456.0   -315.3   3234.6
21   8   -501.0   -457.1   3430.5
21   9   -499.7   -628.3   3406.8
21   10   -585.6   -676.2   3387.0
21   11   -585.6   -1023.3   3307.1
21   12   -585.5   -1351.3   3306.5
21   13   -414.6   -681.5   3407.7
21   14   -433.0   -1032.0   3346.5
21   15   -432.8   -1360.4   3346.2
21   16   -487.7   -304.3   3250.1
21   17   -430.7   -339.2   3258.9
21   18   -500.4   -175.8   3489.0
22   0   -499.0   -84.9   3518.6
22   1   -500.5   -244.8   3474.7
22   2   -627.4   -249.4   3429.3
22   3   -636.2   -445.6   3305.0
22   4   -457.9   -276.1   3239.2
22   5   -367.7   -262.3   3487.6
22   6   -304.6   -459.0   3381.0
22   7   -454.6   -315.8   3233.3
22   8   -500.9   -457.2   3430.5
22   9   -499.7   -628.4   3406.8
22   10   -585.5   -676.1   3386.9
22   11   -585.5   -1024.6   3307.8
22   12   -585.5   -1353.5   3308.2
22   13   -414.6   -681.5   3407.8
22   14   -432.7   -1033.0   3346.0
22   15   -432.6   -1361.6   3345.7
22   16   -487.6   -304.4   3250.1
22   17   -429.6   -339.7   3258.0
22   18   -500.4   -176.3   3489.0
23   0   -498.8   -85.8   3518.5
23   1   -500.5   -245.3   3474.7
23   2   -626.9   -249.5   3429.2
23   3   -636.1   -445.6   3304.7
23   4   -457.7   -276.2   3239.2
23   5   -368.0   -262.3   3488.0
23   6   -304.6   -458.9   3381.4
23   7   -452.8   -315.3   3232.2
23   8   -500.8   -457.5   3430.6
23   9   -499.7   -628.7   3406.8
23   10   -585.5   -676.2   3386.8
23   11   -585.5   -1025.4   3307.5
23   12   -585.5   -1353.5   3307.1
23   13   -414.5   -681.4   3407.9
23   14   -432.4   -1033.6   3345.6
23   15   -432.2   -1361.6   3345.3
23   16   -487.4   -304.4   3250.1
23   17   -428.1   -339.2   3257.1
23   18   -500.4   -176.8   3489.0
24   0   -498.6   -86.4   3518.6
24   1   -500.5   -245.6   3474.7
24   2   -626.5   -249.4   3429.1
24   3   -636.2   -445.6   3304.7
24   4   -457.5   -276.4   3239.3
24   5   -368.3   -262.3   3488.6
24   6   -304.7   -458.3   3381.1
24   7   -452.2   -314.0   3231.9
24   8   -500.7   -457.6   3430.6
24   9   -499.7   -628.8   3406.8
24   10   -585.3   -676.5   3386.7
24   11   -585.5   -1026.4   3307.5
24   12   -585.5   -1354.4   3307.4
24   13   -414.5   -681.4   3408.0
24   14   -432.0   -1034.2   3345.3
24   15   -431.7   -1361.9   3345.2
24   16   -487.3   -304.6   3250.2
24   17   -427.6   -338.1   3256.8
24   18   -500.4   -177.1   3489.0
25   0   -498.2   -86.9   3518.8
25   1   -500.5   -245.9   3474.7
25   2   -626.2   -249.3   3429.2
25   3   -636.2   -445.5   3304.9
25   4   -457.3   -276.6   3239.3
25   5   -368.5   -262.1   3489.1
25   6   -304.7   -457.8   3381.0
25   7   -452.0   -313.4   3231.7
25   8   -500.6   -457.7   3430.6
25   9   -499.7   -628.9   3406.8
25   10   -585.2   -677.0   3386.7
25   11   -585.5   -1027.7   3307.8
25   12   -585.4   -1355.8   3308.1
25   13   -414.4   -681.4   3408.2
25   14   -431.6   -1034.9   3344.9
25   15   -431.3   -1362.6   3344.6
25   16   -487.1   -304.7   3250.2
25   17   -427.4   -337.4   3256.6
25   18   -500.4   -177.3   3489.0
26   0   -497.8   -87.1   3519.0
26   1   -500.4   -246.0   3474.7
26   2   -626.0   -249.2   3429.2
26   3   -636.3   -445.4   3305.2
26   4   -457.1   -276.9   3239.3
26   5   -368.8   -262.0   3489.9
26   6   -304.6   -457.0   3380.9
26   7   -452.1   -313.1   3231.3
26   8   -500.4   -457.8   3430.7
26   9   -499.7   -629.0   3406.8
26   10   -584.9   -677.6   3386.7
26   11   -585.4   -1029.0   3307.7
26   12   -585.4   -1356.8   3307.5
26   13   -414.3   -681.5   3408.3
26   14   -431.1   -1035.5   3344.5
26   15   -430.8   -1362.9   3344.2
26   16   -487.0   -305.0   3250.2
26   17   -427.6   -337.1   3256.3
26   18   -500.4   -177.5   3489.0
27   0   -497.4   -87.3   3519.2
27   1   -500.4   -246.1   3474.7
27   2   -625.7   -249.1   3429.2
27   3   -636.3   -445.4   3305.3
27   4   -456.4   -277.7   3239.5
27   5   -369.0   -261.8   3490.8
27   6   -304.6   -456.2   3380.9
27   7   -452.4   -313.0   3231.0
27   8   -500.3   -457.8   3430.7
27   9   -499.7   -629.1   3406.8
27   10   -584.9   -677.7   3386.6
27   11   -585.3   -1029.6   3307.6
27   12   -585.3   -1356.8   3307.5
27   13   -414.2   -681.5   3408.4
27   14   -430.6   -1036.0   3344.0
27   15   -430.3   -1363.2   3343.8
27   16   -486.4   -305.6   3250.5
27   17   -427.8   -336.8   3256.0
27   18   -500.4   -177.6   3489.0
28   0   -496.9   -87.4   3519.4
28   1   -500.3   -246.2   3474.7
28   2   -625.4   -249.0   3429.2
28   3   -636.4   -445.4   3305.4
28   4   -455.9   -278.2   3239.7
28   5   -369.2   -261.6   3491.4
28   6   -304.5   -455.5   3380.8
28   7   -452.7   -312.8   3230.9
28   8   -500.1   -457.8   3430.8
28   9   -499.7   -629.1   3406.9
28   10   -584.8   -677.8   3386.6
28   11   -585.3   -1030.2   3307.5
28   12   -585.3   -1357.3   3307.4
28   13   -414.1   -681.4   3408.4
28   14   -429.9   -1036.4   3344.0
28   15   -429.4   -1363.5   3344.0
28   16   -486.0   -306.1   3250.6
28   17   -428.0   -336.6   3255.8
28   18   -500.4   -177.7   3489.0
29   0   -496.4   -87.5   3519.4
29   1   -500.3   -246.4   3474.8
29   2   -625.2   -249.0   3429.2
29   3   -636.5   -445.3   3305.5
29   4   -455.3   -279.0   3239.8
29   5   -369.3   -261.5   3491.8
29   6   -304.4   -455.0   3380.7
29   7   -452.9   -312.6   3230.8
29   8   -500.0   -458.0   3430.9
29   9   -499.6   -629.2   3406.9
29   10   -584.8   -677.9   3386.6
29   11   -585.3   -1030.8   3307.5
29   12   -585.3   -1357.9   3307.5
29   13   -414.1   -681.3   3408.4
29   14   -429.2   -1036.9   3344.1
29   15   -428.7   -1364.0   3344.4
29   16   -485.5   -306.7   3250.7
29   17   -428.1   -336.3   3255.8
29   18   -500.4   -177.8   3489.0
30   0   -496.0   -87.6   3519.5
30   1   -500.3   -246.6   3474.8
30   2   -625.0   -248.9   3429.1
30   3   -636.5   -445.3   3305.5
30   4   -454.5   -280.0   3239.9
30   5   -369.5   -261.4   3491.8
30   6   -304.1   -454.5   3380.2
30   7   -453.2   -312.1   3230.8
30   8   -499.8   -458.1   3431.0
30   9   -499.6   -629.4   3406.9
30   10   -584.6   -678.1   3386.5
30   11   -585.3   -1031.6   3307.5
30   12   -585.3   -1358.9   3307.6
30   13   -414.1   -681.2   3408.4
30   14   -428.8   -1037.4   3344.3
30   15   -428.7   -1364.5   3344.5
30   16   -484.8   -307.5   3250.8
30   17   -428.4   -335.8   3255.7
30   18   -500.4   -178.0   3489.0
31   0   -495.8   -87.7   3519.6
31   1   -500.2   -246.8   3474.8
31   2   -624.8   -248.9   3429.1
31   3   -636.6   -445.3   3305.5
31   4   -453.6   -281.1   3239.8
31   5   -369.5   -261.4   3491.8
31   6   -303.9   -454.0   3379.7
31   7   -453.5   -311.5   3230.9
31   8   -499.6   -458.3   3431.1
31   9   -499.6   -629.6   3406.9
31   10   -584.4   -678.3   3386.5
31   11   -585.1   -1032.5   3307.6
31   12   -585.0   -1359.9   3307.7
31   13   -414.1   -681.1   3408.4
31   14   -428.7   -1038.1   3344.6
31   15   -428.7   -1365.2   3344.8
31   16   -484.1   -308.5   3250.7
31   17   -428.5   -335.3   3255.7
31   18   -500.4   -178.2   3489.0
32   0   -495.7   -87.8   3519.7
32   1   -500.2   -247.0   3474.8
32   2   -624.7   -248.9   3429.1
32   3   -636.7   -445.3   3305.6
32   4   -453.3   -281.6   3239.7
32   5   -369.6   -261.3   3491.8
32   6   -303.9   -453.7   3379.4
32   7   -453.5   -310.9   3231.0
32   8   -499.5   -458.5   3431.1
32   9   -499.6   -629.8   3406.9
32   10   -584.2   -678.6   3386.5
32   11   -584.9   -1033.4   3307.5
32   12   -584.8   -1360.6   3307.4
32   13   -414.1   -681.0   3408.4
32   14   -428.5   -1038.7   3345.0
32   15   -428.4   -1365.7   3345.3
32   16   -483.9   -308.9   3250.7
32   17   -428.6   -334.7   3255.7
32   18   -500.4   -178.5   3489.0
33   0   -495.7   -87.9   3519.7
33   1   -500.2   -247.2   3474.8
33   2   -624.5   -248.9   3429.0
33   3   -636.8   -445.4   3305.6
33   4   -453.2   -281.9   3239.7
33   5   -369.6   -261.3   3491.8
33   6   -303.9   -453.5   3379.1
33   7   -453.4   -310.3   3231.1
33   8   -499.3   -458.7   3431.2
33   9   -499.6   -630.1   3406.9
33   10   -583.9   -678.9   3386.5
33   11   -584.6   -1034.2   3307.4
33   12   -584.4   -1361.2   3307.3
33   13   -414.1   -680.9   3408.4
33   14   -428.3   -1039.1   3345.1
33   15   -428.3   -1365.9   3345.1
33   16   -483.8   -309.1   3250.7
33   17   -428.5   -334.2   3255.7
33   18   -500.4   -178.7   3489.0
34   0   -495.7   -87.9   3519.8
34   1   -500.1   -247.5   3474.8
34   2   -624.4   -248.9   3428.9
34   3   -636.8   -445.4   3305.6
34   4   -453.2   -282.0   3239.7
34   5   -369.7   -261.3   3491.8
34   6   -303.9   -453.2   3378.6
34   7   -453.6   -310.0   3230.7
34   8   -499.2   -459.0   3431.2
34   9   -499.6   -630.3   3406.9
34   10   -583.7   -679.0   3386.5
34   11   -584.3   -1034.7   3307.3
34   12   -479.2   -1346.1   3336.3
34   13   -414.1   -680.8   3408.4
34   14   -428.3   -1039.4   3345.0
34   15   -428.4   -1366.1   3344.8
34   16   -483.8   -309.2   3250.7
34   17   -428.6   -333.9   3255.4
34   18   -500.4   -179.0   3489.0
35   0   -495.7   -88.0   3519.8
35   1   -500.1   -247.8   3474.8
35   2   -624.3   -248.9   3428.8
35   3   -636.8   -445.5   3305.6
35   4   -453.2   -282.1   3239.7
35   5   -369.7   -261.3   3491.8
35   6   -303.9   -453.1   3378.5
35   7   -453.5   -309.9   3230.6
35   8   -499.0   -459.3   3431.2
35   9   -499.6   -630.6   3406.9
35   10   -583.6   -679.0   3386.4
35   11   -584.0   -1035.1   3307.3
35   12   -503.6   -1354.4   3321.6
35   13   -414.1   -680.6   3408.4
35   14   -428.4   -1039.5   3344.8
35   15   -428.4   -1371.1   3344.7
35   16   -483.8   -309.3   3250.7
35   17   -428.6   -333.8   3255.2
35   18   -500.4   -179.2   3489.0
36   0   -495.7   -88.0   3519.8
36   1   -500.0   -248.0   3474.8
36   2   -624.2   -249.0   3428.7
36   3   -636.9   -445.5   3305.5
36   4   -453.1   -282.2   3239.7
36   5   -369.6   -261.3   3491.8
36   6   -303.8   -453.1   3378.6
36   7   -453.1   -309.7   3230.7
36   8   -498.8   -459.5   3431.2
36   9   -499.5   -630.9   3406.9
36   10   -583.5   -678.9   3386.4
36   11   -583.7   -1035.3   3307.2
36   12   -516.2   -1361.7   3315.0
36   13   -414.1   -680.5   3408.4
36   14   -428.4   -1039.6   3344.7
36   15   -428.4   -1376.5   3344.7
36   16   -483.8   -309.4   3250.7
36   17   -428.2   -333.6   3255.3
36   18   -500.4   -179.5   3489.0
37   0   -495.7   -88.1   3519.8
37   1   -500.0   -248.3   3474.8
37   2   -624.2   -249.0   3428.5
37   3   -636.9   -445.6   3305.5
37   4   -453.1   -282.3   3239.8
37   5   -369.6   -261.3   3491.8
37   6   -303.8   -453.2   3378.7
37   7   -452.7   -309.5   3230.6
37   8   -498.6   -459.8   3431.1
37   9   -499.5   -631.2   3406.8
37   10   -583.4   -678.9   3386.4
37   11   -583.4   -1035.4   3307.2
37   12   -521.8   -1364.2   3313.6
37   13   -414.1   -680.3   3408.3
37   14   -428.4   -1039.7   3344.8
37   15   -428.4   -1374.5   3344.9
37   16   -483.8   -309.5   3250.7
37   17   -427.9   -333.5   3255.3
37   18   -500.4   -179.8   3489.0
38   0   -495.7   -88.1   3519.8
38   1   -499.9   -248.6   3474.8
38   2   -624.1   -249.1   3428.4
38   3   -636.9   -445.7   3305.5
38   4   -453.0   -282.6   3239.8
38   5   -369.6   -261.3   3491.8
38   6   -303.6   -453.2   3378.9
38   7   -452.5   -309.7   3230.7
38   8   -498.4   -460.1   3431.0
38   9   -499.5   -631.5   3406.8
38   10   -583.3   -678.8   3386.3
38   11   -583.0   -1035.6   3307.1
38   12   -523.5   -1364.2   3315.5
38   13   -414.1   -680.2   3408.3
38   14   -428.4   -1039.8   3344.8
38   15   -428.4   -1372.8   3344.8
38   16   -483.7   -309.8   3250.7
38   17   -427.7   -333.6   3255.4
38   18   -500.4   -180.1   3489.0
39   0   -495.7   -88.1   3519.8
39   1   -499.9   -248.9   3474.8
39   2   -624.0   -249.2   3428.3
39   3   -636.9   -445.8   3305.4
39   4   -452.9   -282.9   3239.7
39   5   -369.5   -261.3   3491.8
39   6   -303.2   -453.3   3379.2
39   7   -452.2   -310.0   3230.9
39   8   -498.2   -460.3   3431.0
39   9   -499.5   -631.8   3406.8
39   10   -583.1   -679.0   3386.3
39   11   -582.6   -1035.9   3307.1
39   12   -523.1   -1366.8   3319.7
39   13   -414.1   -680.1   3408.3
39   14   -428.4   -1039.8   3344.8
39   15   -428.4   -1378.0   3344.8
39   16   -483.5   -310.1   3250.6
39   17   -427.4   -333.9   3255.6
39   18   -500.4   -180.4   3489.0
40   0   -495.7   -88.1   3519.9
40   1   -499.8   -249.1   3474.8
40   2   -623.9   -249.3   3428.3
40   3   -636.9   -445.8   3305.4
40   4   -452.6   -283.5   3239.5
40   5   -369.5   -261.3   3491.8
40   6   -303.0   -453.4   3379.6
40   7   -451.8   -310.2   3231.0
40   8   -498.0   -460.5   3430.9
40   9   -499.5   -632.0   3406.8
40   10   -582.8   -679.4   3386.4
40   11   -582.1   -1036.3   3307.1
40   12   -521.7   -1370.1   3326.0
40   13   -414.2   -680.1   3408.3
40   14   -428.3   -1039.9   3344.8
40   15   -428.3   -1382.1   3344.8
40   16   -483.3   -310.5   3250.5
40   17   -427.0   -334.1   3255.8
40   18   -500.4   -180.6   3489.0
41   0   -495.7   -88.0   3519.9
41   1   -499.8   -249.2   3474.8
41   2   -623.9   -249.3   3428.3
41   3   -636.9   -445.9   3305.4
41   4   -452.1   -284.2   3239.2
41   5   -369.5   -261.3   3491.8
41   6   -302.3   -453.2   3379.9
41   7   -451.7   -310.6   3231.4
41   8   -497.8   -460.7   3430.9
41   9   -499.5   -632.1   3406.8
41   10   -582.7   -679.5   3386.4
41   11   -581.5   -1036.4   3307.1
41   12   -515.0   -1368.9   3327.3
41   13   -414.1   -680.0   3408.3
41   14   -428.3   -1039.8   3344.7
41   15   -428.3   -1378.7   3344.5
41   16   -482.9   -311.1   3250.2
41   17   -426.8   -334.4   3256.2
41   18   -500.4   -180.8   3489.0
42   0   -495.7   -87.9   3520.0
42   1   -499.7   -249.2   3474.8
42   2   -623.8   -249.4   3428.3
42   3   -637.0   -445.9   3305.4
42   4   -451.6   -285.1   3238.5
42   5   -369.6   -261.2   3491.8
42   6   -301.7   -452.9   3379.7
42   7   -451.4   -310.5   3231.4
42   8   -497.5   -460.7   3430.9
42   9   -499.5   -632.1   3406.9
42   10   -582.7   -679.5   3386.4
42   11   -581.0   -1036.4   3307.1
42   12   -529.0   -1371.7   3303.2
42   13   -414.1   -680.0   3408.3
42   14   -428.3   -1039.7   3344.3
42   15   -428.3   -1380.1   3344.0
42   16   -482.5   -311.9   3249.7
42   17   -426.5   -334.2   3256.1
42   18   -500.4   -180.8   3489.0
43   0   -495.7   -87.7   3520.2
43   1   -499.7   -249.2   3474.8
43   2   -623.7   -249.4   3428.3
43   3   -637.0   -445.8   3305.3
43   4   -452.0   -285.6   3236.2
43   5   -369.6   -261.2   3491.8
43   6   -300.9   -452.0   3378.9
43   7   -450.8   -309.1   3231.3
43   8   -497.3   -460.6   3430.9
43   9   -499.4   -632.1   3406.9
43   10   -582.8   -679.3   3386.4
43   11   -580.3   -1036.3   3307.2
43   12   -550.8   -1369.9   3270.4
43   13   -414.2   -680.0   3408.3
43   14   -428.3   -1039.7   3343.6
43   15   -428.3   -1377.2   3343.1
43   16   -482.8   -312.3   3247.7
43   17   -425.8   -333.0   3255.9
43   18   -500.4   -180.7   3489.0
44   0   -495.7   -87.6   3520.3
44   1   -499.6   -249.1   3474.8
44   2   -623.7   -249.6   3428.8
44   3   -637.0   -444.7   3303.8
44   4   -454.8   -286.4   3231.1
44   5   -369.7   -261.1   3491.8
44   6   -299.1   -448.1   3374.0
44   7   -447.9   -300.8   3233.9
44   8   -497.2   -460.6   3431.0
44   9   -499.4   -632.0   3406.9
44   10   -582.8   -679.0   3386.4
44   11   -579.7   -1036.2   3307.2
44   12   -573.8   -1364.0   3238.6
44   13   -414.2   -679.9   3408.2
44   14   -428.4   -1039.6   3342.6
44   15   -428.5   -1374.8   3341.9
44   16   -485.2   -312.7   3243.2
44   17   -423.1   -325.4   3257.2
44   18   -500.4   -180.7   3489.0
45   0   -495.7   -88.0   3522.0
45   1   -499.6   -249.1   3474.8
45   2   -624.8   -250.2   3432.6
45   3   -637.1   -431.8   3290.1
45   4   -453.2   -275.7   3219.4
45   5   -369.9   -261.0   3491.8
45   6   -285.9   -428.9   3357.9
45   7   -449.2   -281.2   3239.2
45   8   -497.0   -460.6   3431.0
45   9   -499.4   -632.0   3407.0
45   10   -583.0   -678.5   3386.3
45   11   -579.4   -1035.9   3307.3
45   12   -579.4   -1369.1   3307.3
45   13   -414.2   -679.8   3408.2
45   14   -428.4   -1039.6   3342.1
45   15   -428.3   -1372.9   3341.9
45   16   -483.9   -301.7   3231.2
45   17   -422.0   -305.8   3259.0
45   18   -500.4   -180.7   3489.0
46   0   -495.7   -88.2   3523.5
46   1   -499.6   -249.1   3475.0
46   2   -625.9   -250.7   3436.8
46   3   -646.6   -379.0   3254.4
46   4   -443.4   -241.5   3220.1
46   5   -370.2   -260.8   3488.9
46   6   -255.6   -380.9   3335.7
46   7   -451.5   -256.3   3252.3
46   8   -497.0   -460.7   3431.8
46   9   -499.4   -632.0   3407.0
46   10   -583.1   -677.9   3386.3
46   11   -579.3   -1035.7   3307.3
46   12   -579.4   -1367.4   3307.4
46   13   -414.1   -679.6   3408.2
46   14   -428.3   -1039.6   3341.9
46   15   -428.3   -1371.6   3341.8
46   16   -477.2   -264.5   3225.8
46   17   -418.9   -277.0   3266.2
46   18   -500.4   -180.6   3489.0
47   0   -495.4   -87.7   3523.0
47   1   -499.6   -249.5   3477.2
47   2   -626.5   -251.1   3440.1
47   3   -670.6   -316.4   3232.2
47   4   -452.6   -196.6   3224.8
47   5   -370.3   -259.8   3493.3
47   6   -223.3   -320.1   3335.3
47   7   -442.3   -219.6   3273.8
47   8   -496.9   -462.2   3440.9
47   9   -499.2   -632.6   3409.2
47   10   -582.9   -676.8   3386.3
47   11   -579.3   -1034.9   3307.3
47   12   -579.4   -1364.8   3307.3
47   13   -413.9   -679.3   3408.3
47   14   -428.2   -1039.7   3341.9
47   15   -428.2   -1370.4   3342.0
47   16   -488.9   -216.5   3226.0
47   17   -405.8   -236.4   3284.0
47   18   -500.4   -180.6   3489.0
48   0   -495.2   -87.2   3523.8
48   1   -499.5   -249.9   3481.9
48   2   -627.3   -251.5   3446.2
48   3   -712.3   -266.6   3238.5
48   4   -488.8   -159.4   3209.0
48   5   -371.0   -257.9   3506.2
48   6   -198.2   -260.3   3360.7
48   7   -423.2   -180.5   3284.7
48   8   -496.9   -464.0   3455.5
48   9   -499.0   -632.8   3414.1
48   10   -582.4   -673.8   3386.5
48   11   -579.4   -1032.5   3307.5
48   12   -579.4   -1360.2   3307.7
48   13   -413.7   -678.4   3408.5
48   14   -428.1   -1039.3   3342.2
48   15   -428.0   -1368.7   3342.5
48   16   -526.0   -177.2   3213.9
48   17   -385.7   -193.7   3297.4
48   18   -500.4   -180.6   3490.5
49   0   -495.1   -87.0   3526.5
49   1   -499.5   -250.2   3486.6
49   2   -628.5   -249.7   3449.0
49   3   -759.6   -218.6   3267.8
49   4   -554.1   -138.7   3169.6
49   5   -370.1   -256.4   3509.6
49   6   -171.3   -215.3   3408.9
49   7   -389.4   -151.6   3303.4
49   8   -496.8   -465.2   3468.8
49   9   -498.9   -633.1   3421.3
49   10   -580.9   -671.3   3387.3
49   11   -579.4   -1030.4   3307.6
49   12   -579.4   -1357.9   3307.6
49   13   -413.6   -677.0   3409.0
49   14   -428.0   -1038.5   3342.4
49   15   -427.9   -1366.7   3342.6
49   16   -588.3   -152.0   3186.0
49   17   -353.1   -162.2   3321.0
49   18   -500.4   -180.6   3492.4
50   0   -495.0   -86.7   3528.4
50   1   -499.5   -250.3   3488.9
50   2   -630.3   -246.7   3451.0
50   3   -789.4   -176.0   3300.9
50   4   -658.3   -52.1   3154.7
50   5   -367.5   -252.0   3510.0
50   6   -158.6   -172.7   3466.4
50   7   -278.0   -60.0   3311.4
50   8   -496.8   -465.7   3474.6
50   9   -498.6   -634.0   3426.9
50   10   -579.7   -668.5   3388.2
50   11   -579.4   -1028.0   3307.7
50   12   -579.4   -1354.7   3307.8
50   13   -413.2   -674.7   3409.4
50   14   -427.9   -1036.7   3342.6
50   15   -427.9   -1363.6   3342.7
50   16   -680.0   -72.8   3179.1
50   17   -258.2   -78.8   3337.3
50   18   -500.4   -180.6   3493.5
51   0   -494.9   -84.8   3528.0
51   1   -499.5   -248.9   3489.4
51   2   -632.2   -240.6   3451.0
51   3   -796.4   -129.9   3328.3
51   4   -761.3   38.2   3172.6
51   5   -363.9   -242.9   3509.7
51   6   -164.0   -125.5   3500.5
51   7   -172.0   40.6   3354.6
51   8   -496.8   -464.2   3475.4
51   9   -498.4   -633.2   3430.1
51   10   -578.8   -664.5   3389.0
51   11   -579.4   -1024.5   3307.6
51   12   -579.4   -1349.9   3307.5
51   13   -412.9   -670.7   3409.9
51   14   -427.8   -1033.4   3343.1
51   15   -427.8   -1358.6   3343.5
51   16   -767.1   10.1   3198.5
51   17   -170.6   12.9   3378.9
51   18   -500.4   -179.2   3493.9
52   0   -494.9   -77.3   3522.4
52   1   -499.4   -242.8   3487.7
52   2   -634.9   -224.5   3447.5
52   3   -791.1   -86.8   3338.0
52   4   -843.9   103.8   3204.9
52   5   -361.3   -230.6   3509.1
52   6   -178.1   -83.6   3512.2
52   7   -93.3   110.0   3427.8
52   8   -496.7   -457.5   3471.8
52   9   -498.3   -627.6   3430.6
52   10   -577.9   -657.0   3389.9
52   11   -579.4   -1017.4   3308.5
52   12   -579.3   -1339.4   3309.3
52   13   -413.5   -663.2   3410.6
52   14   -427.6   -1026.4   3344.3
52   15   -427.4   -1348.3   3345.2
52   16   -835.2   72.0   3227.1
52   17   -107.2   77.8   3441.9
52   18   -500.3   -173.1   3492.9
53   0   -495.0   -67.5   3512.9
53   1   -499.1   -234.2   3483.7
53   2   -634.0   -214.5   3441.3
53   3   -788.0   -59.1   3354.5
53   4   -892.3   141.3   3250.0
53   5   -361.5   -222.0   3508.5
53   6   -186.8   -64.2   3527.1
53   7   -63.3   145.4   3488.7
53   8   -496.6   -448.1   3465.5
53   9   -498.1   -619.5   3428.8
53   10   -578.1   -647.4   3389.9
53   11   -579.4   -1008.9   3309.3
53   12   -579.4   -1329.8   3309.9
53   13   -414.4   -655.5   3411.3
53   14   -427.4   -1019.7   3345.4
53   15   -427.3   -1342.3   3346.1
53   16   -875.0   107.9   3267.4
53   17   -83.8   110.5   3495.1
53   18   -500.0   -164.6   3489.6
54   0   -495.0   -59.3   3505.0
54   1   -498.8   -226.2   3478.3
54   2   -633.2   -208.2   3437.4
54   3   -790.7   -45.9   3374.6
54   4   -913.5   158.4   3283.2
54   5   -362.6   -215.7   3508.1
54   6   -191.3   -58.4   3544.1
54   7   -55.8   157.7   3521.6
54   8   -496.4   -439.1   3457.4
54   9   -497.9   -612.0   3425.0
54   10   -578.3   -640.8   3389.7
54   11   -579.3   -1000.1   3309.8
54   12   -579.3   -1321.2   3310.0
54   13   -414.8   -649.0   3411.6
54   14   -427.2   -1011.1   3346.8
54   15   -427.0   -1331.9   3347.8
54   16   -893.0   124.3   3298.4
54   17   -78.4   121.6   3525.4
54   18   -499.6   -156.7   3485.2
55   0   -495.1   -54.2   3501.3
55   1   -498.5   -220.2   3473.7
55   2   -632.8   -204.7   3435.9
55   3   -793.5   -43.3   3381.1
55   4   -921.1   163.4   3300.6
55   5   -364.2   -212.7   3507.7
55   6   -193.1   -58.2   3550.3
55   7   -57.4   157.4   3518.5
55   8   -496.2   -432.2   3451.2
55   9   -497.7   -605.9   3419.9
55   10   -579.6   -635.5   3389.0
55   11   -579.4   -991.3   3309.5
55   12   -579.5   -1312.3   3309.2
55   13   -414.0   -643.0   3411.4
55   14   -426.9   -1001.9   3348.2
55   15   -445.2   -1366.8   3331.4
55   16   -899.8   129.0   3314.0
55   17   -80.0   121.4   3523.8
55   18   -499.2   -150.8   3481.0
56   0   -495.1   -52.6   3500.9
56   1   -498.2   -217.9   3470.5
56   2   -632.7   -204.5   3435.8
56   3   -796.0   -47.2   3381.1
56   4   -921.5   161.8   3307.5
56   5   -364.9   -212.0   3507.6
56   6   -193.3   -60.0   3550.8
56   7   -60.3   153.8   3510.1
56   8   -496.2   -429.2   3447.3
56   9   -497.6   -602.7   3414.0
56   10   -580.9   -634.4   3388.3
56   11   -579.5   -986.2   3307.0
56   12   -579.6   -1310.3   3304.9
56   13   -413.6   -641.6   3411.0
56   14   -426.7   -996.9   3348.4
56   15   -438.9   -1350.9   3327.3
56   16   -900.6   127.0   3319.8
56   17   -82.5   118.2   3516.9
56   18   -498.9   -148.6   3478.1
57   0   -495.2   -55.5   3504.8
57   1   -497.9   -219.6   3468.6
57   2   -633.2   -208.0   3439.2
57   3   -798.3   -55.8   3379.7
57   4   -920.0   155.2   3308.7
57   5   -365.5   -215.2   3508.3
57   6   -193.7   -64.2   3549.1
57   7   -61.4   146.1   3497.1
57   8   -496.2   -430.5   3444.7
57   9   -497.5   -603.2   3408.3
57   10   -582.6   -636.6   3387.6
57   11   -579.6   -987.6   3301.2
57   12   -579.6   -1316.6   3296.6
57   13   -413.3   -644.0   3410.4
57   14   -426.9   -999.6   3346.7
57   15   -432.4   -1338.9   3323.1
57   16   -899.7   120.1   3320.5
57   17   -83.5   111.0   3505.8
57   18   -498.5   -150.3   3476.5
58   0   -495.4   -62.2   3510.6
58   1   -497.6   -223.4   3467.9
58   2   -635.0   -210.8   3444.8
58   3   -799.2   -61.9   3377.2
58   4   -922.3   148.2   3306.9
58   5   -366.2   -220.9   3509.1
58   6   -193.8   -70.8   3547.9
58   7   -57.4   135.6   3492.5
58   8   -496.2   -434.7   3443.7
58   9   -497.5   -606.1   3404.8
58   10   -584.4   -640.5   3386.8
58   11   -579.7   -993.1   3300.0
58   12   -579.8   -1324.2   3300.1
58   13   -413.2   -649.5   3409.8
58   14   -427.1   -1006.3   3343.7
58   15   -429.0   -1336.4   3320.3
58   16   -901.8   113.2   3318.6
58   17   -80.1   101.2   3501.8
58   18   -498.1   -154.1   3475.8
59   0   -495.6   -69.0   3515.8
59   1   -497.6   -227.4   3467.7
59   2   -636.6   -213.0   3448.0
59   3   -799.9   -66.1   3375.1
59   4   -929.2   141.3   3306.2
59   5   -365.9   -224.4   3510.3
59   6   -191.8   -76.5   3547.9
59   7   -53.0   128.2   3489.4
59   8   -496.5   -439.1   3443.5
59   9   -497.6   -609.8   3403.9
59   10   -585.2   -644.3   3386.3
59   11   -579.9   -996.5   3302.9
59   12   -580.0   -1324.5   3306.1
59   13   -412.4   -653.0   3409.3
59   14   -427.0   -1008.5   3342.5
59   15   -428.5   -1334.2   3318.2
59   16   -907.7   106.8   3317.7
59   17   -76.2   94.1   3499.2
59   18   -497.9   -158.1   3475.7
60   0   -495.8   -74.4   3521.0
60   1   -497.7   -230.4   3468.4
60   2   -637.6   -214.7   3450.5
60   3   -801.0   -70.5   3373.1
60   4   -939.5   133.9   3306.8
60   5   -365.3   -226.4   3511.6
60   6   -190.5   -79.4   3548.4
60   7   -52.5   127.0   3486.9
60   8   -496.9   -442.5   3444.0
60   9   -497.6   -613.0   3404.6
60   10   -585.4   -646.9   3385.9
60   11   -580.0   -997.1   3304.0
60   12   -580.0   -1322.2   3304.7
60   13   -411.6   -654.9   3408.8
60   14   -426.7   -1008.0   3341.9
60   15   -429.3   -1331.9   3316.7
60   16   -916.4   99.9   3317.9
60   17   -75.5   92.6   3497.2
60   18   -497.9   -161.2   3476.4
61   0   -495.9   -77.7   3524.8
61   1   -497.8   -232.5   3469.5
61   2   -638.0   -216.4   3452.2
61   3   -802.4   -75.3   3371.3
61   4   -945.6   129.5   3307.8
61   5   -364.7   -227.6   3512.3
61   6   -190.2   -80.2   3548.4
61   7   -54.4   129.6   3484.6
61   8   -497.4   -444.9   3444.7
61   9   -497.7   -615.4   3406.2
61   10   -584.7   -649.8   3385.7
61   11   -580.0   -997.7   3305.0
61   12   -580.0   -1322.9   3305.6
61   13   -410.9   -655.9   3408.4
61   14   -426.3   -1006.4   3342.2
61   15   -430.7   -1329.7   3315.0
61   16   -921.7   95.4   3318.4
61   17   -77.0   94.6   3495.2
61   18   -497.9   -163.4   3477.6
62   0   -496.0   -79.2   3527.3
62   1   -497.9   -233.8   3471.0
62   2   -637.7   -218.3   3453.6
62   3   -802.8   -79.7   3369.8
62   4   -948.0   127.2   3308.5
62   5   -364.1   -228.0   3512.6
62   6   -190.3   -79.8   3548.2
62   7   -54.0   131.9   3482.7
62   8   -497.9   -446.3   3446.1
62   9   -497.8   -616.8   3408.4
62   10   -584.1   -650.8   3385.7
62   11   -580.0   -996.3   3305.8
62   12   -580.1   -1319.9   3306.3
62   13   -410.8   -656.1   3408.2
62   14   -426.0   -1004.5   3343.1
62   15   -432.3   -1327.5   3313.3
62   16   -923.8   92.7   3318.7
62   17   -76.7   96.6   3493.6
62   18   -497.9   -164.6   3479.1
63   0   -496.1   -79.5   3528.8
63   1   -498.1   -234.4   3472.6
63   2   -637.1   -219.9   3454.2
63   3   -802.3   -82.6   3369.0
63   4   -948.5   126.5   3309.0
63   5   -363.6   -228.1   3512.8
63   6   -190.6   -78.9   3547.8
63   7   -51.2   132.8   3481.5
63   8   -498.4   -447.0   3448.3
63   9   -497.8   -617.6   3411.2
63   10   -583.4   -650.5   3385.9
63   11   -580.1   -994.2   3306.6
63   12   -580.2   -1317.3   3307.0
63   13   -411.0   -656.0   3408.1
63   14   -425.8   -1002.5   3344.1
63   15   -434.0   -1325.3   3311.4
63   16   -924.1   91.7   3319.0
63   17   -74.5   97.5   3492.6
63   18   -497.9   -165.2   3480.6
64   0   -496.1   -79.2   3529.6
64   1   -498.2   -234.6   3474.5
64   2   -636.7   -220.4   3454.5
64   3   -801.8   -83.9   3367.9
64   4   -948.7   126.9   3309.4
64   5   -363.4   -228.4   3512.8
64   6   -191.2   -78.3   3547.4
64   7   -49.2   133.2   3479.8
64   8   -498.9   -447.3   3451.4
64   9   -497.9   -617.7   3414.3
64   10   -582.6   -650.1   3386.3
64   11   -580.2   -992.1   3307.3
64   12   -580.2   -1315.5   3307.6
64   13   -411.3   -655.8   3408.1
64   14   -425.6   -1000.8   3345.1
64   15   -435.6   -1323.4   3310.5
64   16   -924.2   91.8   3319.1
64   17   -72.9   98.0   3491.1
64   18   -498.0   -165.5   3482.0
65   0   -496.2   -78.8   3530.0
65   1   -498.3   -234.7   3475.8
65   2   -636.4   -220.4   3454.6
65   3   -801.2   -84.9   3366.0
65   4   -948.7   127.6   3309.7
65   5   -363.4   -228.5   3512.8
65   6   -191.4   -78.1   3546.9
65   7   -49.5   134.2   3477.3
65   8   -499.4   -447.4   3454.0
65   9   -497.9   -617.6   3416.6
65   10   -582.1   -649.7   3386.6
65   11   -580.3   -990.4   3307.9
65   12   -580.4   -1314.1   3308.2
65   13   -411.7   -655.6   3408.2
65   14   -425.7   -999.4   3345.6
65   15   -436.4   -1322.0   3310.6
65   16   -924.1   92.2   3319.1
65   17   -73.2   98.8   3488.9
65   18   -498.0   -165.5   3483.0
66   0   -496.2   -78.4   3530.2
66   1   -498.4   -234.7   3476.7
66   2   -636.2   -220.0   3454.6
66   3   -800.6   -85.7   3363.7
66   4   -948.6   128.0   3309.7
66   5   -363.4   -228.5   3512.8
66   6   -191.3   -78.2   3546.4
66   7   -50.8   134.9   3473.6
66   8   -499.9   -447.3   3455.5
66   9   -498.0   -617.2   3417.9
66   10   -581.8   -649.3   3386.9
66   11   -580.5   -989.0   3308.3
66   12   -580.7   -1312.9   3308.4
66   13   -412.0   -655.5   3408.2
66   14   -425.8   -998.2   3345.6
66   15   -436.9   -1320.8   3311.1
66   16   -923.9   92.4   3318.7
66   17   -74.2   99.4   3485.7
66   18   -498.0   -165.5   3483.7
67   0   -496.3   -78.0   3530.2
67   1   -498.6   -234.6   3477.4
67   2   -636.1   -219.5   3454.6
67   3   -800.0   -86.7   3360.8
67   4   -948.2   127.9   3308.8
67   5   -363.5   -228.5   3512.8
67   6   -191.1   -78.6   3545.9
67   7   -51.6   134.3   3468.9
67   8   -500.4   -447.1   3456.3
67   9   -498.1   -616.8   3418.6
67   10   -581.7   -649.1   3387.0
67   11   -580.8   -987.9   3308.5
67   12   -580.9   -1311.9   3308.6
67   13   -412.2   -655.4   3408.2
67   14   -426.1   -997.2   3345.3
67   15   -436.6   -1319.8   3311.9
67   16   -923.5   92.2   3317.5
67   17   -74.9   98.8   3481.8
67   18   -498.0   -165.5   3484.2
68   0   -496.3   -77.8   3530.2
68   1   -498.7   -234.6   3477.8
68   2   -636.0   -219.2   3454.6
68   3   -799.2   -87.9   3357.7
68   4   -947.1   126.8   3303.5
68   5   -363.6   -228.6   3512.8
68   6   -190.7   -79.2   3545.4
68   7   -52.9   133.0   3462.4
68   8   -500.9   -446.8   3456.6
68   9   -498.1   -616.4   3418.9
68   10   -581.8   -648.9   3387.2
68   11   -581.0   -987.0   3308.7
68   12   -581.2   -1311.0   3308.8
68   13   -412.4   -655.4   3408.1
68   14   -426.3   -996.4   3345.0
68   15   -436.4   -1319.1   3312.9
68   16   -922.4   91.0   3312.5
68   17   -75.9   97.6   3476.2
68   18   -498.0   -165.4   3484.7
69   0   -496.4   -77.5   3530.2
69   1   -498.8   -234.5   3478.2
69   2   -635.8   -219.0   3454.6
69   3   -798.9   -88.7   3356.5
69   4   -945.4   124.9   3292.8
69   5   -363.7   -228.6   3512.8
69   6   -190.1   -80.0   3544.8
69   7   -55.0   130.2   3451.4
69   8   -501.4   -446.6   3456.6
69   9   -498.2   -616.0   3419.0
69   10   -582.0   -648.7   3387.2
69   11   -581.4   -986.3   3308.9
69   12   -581.6   -1310.3   3308.9
69   13   -412.5   -655.4   3408.0
69   14   -426.4   -995.8   3344.5
69   15   -436.3   -1318.5   3313.6
69   16   -921.0   89.3   3303.4
69   17   -77.5   95.2   3467.0
69   18   -498.0   -165.4   3485.2
70   0   -496.5   -77.4   3530.2
70   1   -498.9   -234.5   3478.5
70   2   -635.6   -218.9   3454.7
70   3   -798.9   -89.4   3356.0
70   4   -942.7   121.9   3276.2
70   5   -363.8   -228.6   3512.8
70   6   -189.3   -81.0   3543.8
70   7   -57.3   127.6   3439.5
70   8   -501.8   -446.5   3456.6
70   9   -498.3   -615.6   3419.1
70   10   -582.3   -648.6   3387.3
70   11   -581.8   -985.7   3309.0
70   12   -582.0   -1309.7   3309.0
70   13   -412.6   -655.6   3407.9
70   14   -426.5   -995.5   3344.3
70   15   -436.2   -1318.1   3313.8
70   16   -918.7   86.7   3289.5
70   17   -79.3   92.8   3456.9
70   18   -498.0   -165.4   3485.6
71   0   -496.6   -77.3   3530.2
71   1   -499.0   -234.4   3478.6
71   2   -635.4   -218.9   3454.7
71   3   -798.9   -90.2   3355.5
71   4   -936.9   116.0   3255.8
71   5   -363.9   -228.6   3512.8
71   6   -187.7   -82.5   3540.3
71   7   -63.8   120.1   3417.2
71   8   -502.3   -446.3   3456.5
71   9   -498.4   -615.4   3419.1
71   10   -582.6   -648.5   3387.4
71   11   -582.2   -985.2   3309.1
71   12   -582.4   -1309.0   3309.1
71   13   -412.8   -655.7   3407.5
71   14   -426.6   -995.2   3344.2
71   15   -436.1   -1317.8   3313.9
71   16   -913.9   81.6   3272.4
71   17   -84.5   86.3   3437.7
71   18   -498.0   -165.4   3485.8
72   0   -496.6   -77.2   3530.1
72   1   -499.2   -234.4   3478.7
72   2   -635.2   -218.9   3454.8
72   3   -798.0   -92.4   3351.8
72   4   -923.8   108.7   3231.0
72   5   -364.1   -228.6   3512.8
72   6   -184.5   -85.6   3519.9
72   7   -67.7   120.3   3396.8
72   8   -502.8   -446.2   3456.5
72   9   -498.5   -615.1   3419.1
72   10   -582.8   -648.4   3387.5
72   11   -582.6   -984.7   3309.1
72   12   -582.9   -1308.4   3309.1
72   13   -413.0   -655.9   3407.3
72   14   -426.7   -995.1   3343.9
72   15   -436.0   -1317.5   3314.1
72   16   -902.8   75.2   3251.1
72   17   -87.2   86.0   3417.4
72   18   -498.0   -165.4   3485.9
73   0   -496.7   -77.5   3531.1
73   1   -499.3   -234.4   3478.8
73   2   -634.9   -219.2   3454.9
73   3   -792.0   -105.0   3332.8
73   4   -882.3   104.6   3202.1
73   5   -364.3   -228.8   3512.8
73   6   -182.6   -99.5   3473.7
73   7   -78.6   122.1   3377.4
73   8   -503.3   -446.2   3456.4
73   9   -498.6   -615.0   3419.1
73   10   -583.1   -648.3   3387.6
73   11   -583.0   -984.3   3309.1
73   12   -583.3   -1308.0   3309.2
73   13   -413.3   -656.1   3407.2
73   14   -426.8   -995.0   3343.6
73   15   -436.0   -1317.4   3314.2
73   16   -867.3   69.6   3223.8
73   17   -95.9   85.2   3393.4
73   18   -498.0   -165.4   3486.1
74   0   -496.8   -78.3   3533.7
74   1   -499.4   -234.4   3479.0
74   2   -633.4   -222.4   3455.2
74   3   -784.1   -144.7   3304.9
74   4   -807.7   76.7   3178.3
74   5   -364.9   -229.9   3512.8
74   6   -269.0   -291.4   3457.8
74   7   -182.6   -54.6   3388.1
74   8   -503.8   -446.3   3456.5
74   9   -498.8   -615.2   3419.4
74   10   -583.6   -649.3   3387.7
74   11   -583.4   -985.0   3309.1
74   12   -583.7   -1309.4   3309.1
74   13   -413.3   -657.3   3407.1
74   14   -426.9   -995.9   3343.3
74   15   -435.9   -1318.2   3314.1
74   16   -803.7   39.8   3199.4
74   17   -197.0   -94.1   3399.7
74   18   -498.0   -165.4   3486.3
75   0   -496.9   -78.9   3537.7
75   1   -499.5   -234.3   3480.5
75   2   -631.1   -227.3   3455.9
75   3   -763.4   -208.3   3277.8
75   4   -671.1   -19.0   3164.8
75   5   -366.9   -234.8   3512.5
75   6   -273.3   -285.5   3372.9
75   7   -329.5   -107.0   3420.7
75   8   -504.2   -446.5   3456.8
75   9   -499.1   -615.7   3420.1
75   10   -584.4   -651.2   3387.7
75   11   -584.0   -986.7   3309.0
75   12   -584.4   -1311.7   3308.8
75   13   -412.9   -659.5   3406.9
75   14   -426.9   -997.8   3343.0
75   15   -426.9   -1322.9   3342.9
75   16   -686.4   -50.6   3183.7
75   17   -320.7   -137.0   3412.8
75   18   -498.0   -165.4   3488.3
76   0   -495.9   -72.2   3520.5
76   1   -499.6   -234.3   3481.3
76   2   -622.7   -230.9   3439.1
76   3   -689.2   -232.9   3229.5
76   4   -542.0   -61.6   3232.8
76   5   -371.8   -243.1   3485.0
76   6   -315.5   -306.2   3293.8
76   7   -429.9   -144.7   3408.0
76   8   -504.5   -446.8   3456.4
76   9   -499.7   -616.3   3419.7
76   10   -585.0   -654.2   3387.5
76   11   -584.3   -992.2   3306.6
76   12   -584.3   -1320.2   3304.6
76   13   -413.1   -661.9   3406.7
76   14   -427.2   -1003.1   3341.6
76   15   -427.4   -1330.8   3340.4
76   16   -566.3   -90.2   3232.3
76   17   -411.0   -171.7   3388.9
76   18   -498.0   -165.4   3489.4
77   0   -494.2   -68.5   3494.7
77   1   -499.6   -234.1   3480.3
77   2   -608.8   -226.6   3412.2
77   3   -609.7   -301.5   3211.0
77   4   -473.0   -103.3   3252.3
77   5   -376.8   -242.6   3454.6
77   6   -407.5   -313.6   3251.9
77   7   -527.8   -144.7   3394.6
77   8   -504.7   -446.7   3452.0
77   9   -500.3   -616.8   3417.4
77   10   -585.9   -655.7   3387.1
77   11   -584.4   -996.5   3305.3
77   12   -584.5   -1322.6   3304.6
77   13   -414.4   -664.4   3406.6
77   14   -427.7   -1008.1   3339.4
77   15   -428.1   -1334.9   3337.8
77   16   -495.8   -136.3   3245.4
77   17   -507.7   -172.9   3370.8
77   18   -498.0   -165.5   3489.4
78   0   -492.6   -66.2   3488.0
78   1   -499.7   -233.8   3477.5
78   2   -601.1   -221.3   3396.6
78   3   -559.4   -349.3   3219.4
78   4   -419.3   -140.1   3248.9
78   5   -378.1   -239.1   3438.5
78   6   -458.1   -324.9   3242.3
78   7   -622.5   -160.3   3344.8
78   8   -504.9   -445.7   3442.4
78   9   -500.9   -616.9   3412.6
78   10   -587.1   -656.5   3386.4
78   11   -584.6   -997.9   3305.0
78   12   -584.6   -1321.2   3305.2
78   13   -416.3   -666.4   3406.4
78   14   -428.3   -1010.1   3336.2
78   15   -428.7   -1333.8   3333.9
78   16   -442.7   -175.0   3244.0
78   17   -594.9   -187.7   3327.7
78   18   -498.0   -165.5   3488.8
79   0   -491.7   -68.9   3502.9
79   1   -499.7   -233.3   3474.2
79   2   -597.5   -218.4   3389.5
79   3   -540.5   -371.0   3224.5
79   4   -386.2   -168.3   3256.3
79   5   -377.0   -233.6   3431.7
79   6   -474.0   -333.4   3242.7
79   7   -683.0   -207.0   3276.3
79   8   -505.0   -444.2   3431.1
79   9   -501.5   -616.7   3407.7
79   10   -588.0   -656.8   3385.8
79   11   -584.6   -1001.2   3304.4
79   12   -584.5   -1326.4   3304.1
79   13   -418.0   -667.1   3406.0
79   14   -428.6   -1013.5   3334.4
79   15   -428.8   -1338.6   3333.5
79   16   -412.0   -202.1   3251.0
79   17   -647.9   -227.9   3270.7
79   18   -498.0   -165.5   3488.0
80   0   -491.5   -75.9   3524.1
80   1   -499.7   -233.0   3471.9
80   2   -596.0   -216.8   3387.0
80   3   -537.2   -377.5   3226.1
80   4   -368.9   -186.5   3259.4
80   5   -375.5   -230.3   3431.3
80   6   -469.0   -338.5   3244.4
80   7   -692.1   -218.9   3246.8
80   8   -505.1   -443.2   3423.4
80   9   -501.9   -617.0   3405.1
80   10   -588.2   -656.4   3385.4
80   11   -584.5   -1003.7   3303.6
80   12   -584.4   -1328.0   3303.1
80   13   -419.3   -666.7   3406.0
80   14   -428.7   -1016.2   3334.3
80   15   -436.8   -1330.1   3319.9
80   16   -397.0   -218.3   3253.8
80   17   -654.9   -238.8   3246.4
80   18   -498.0   -165.5   3487.5
81   0   -491.5   -83.1   3540.1
81   1   -499.6   -232.8   3470.9
81   2   -593.9   -215.1   3384.6
81   3   -536.6   -378.3   3226.2
81   4   -365.7   -190.8   3260.2
81   5   -373.9   -227.8   3432.8
81   6   -460.1   -339.8   3246.4
81   7   -678.8   -208.1   3238.2
81   8   -505.2   -442.6   3420.0
81   9   -502.0   -617.6   3404.4
81   10   -587.7   -654.8   3385.5
81   11   -584.4   -1004.8   3303.8
81   12   -584.4   -1327.9   3304.2
81   13   -420.7   -665.2   3406.3
81   14   -428.7   -1017.3   3334.6
81   15   -437.6   -1336.5   3322.4
81   16   -394.2   -222.0   3254.5
81   17   -642.3   -230.0   3239.5
81   18   -497.9   -165.6   3487.2
82   0   -491.6   -86.7   3548.0
82   1   -499.5   -232.8   3470.7
82   2   -592.3   -213.9   3382.8
82   3   -538.3   -376.4   3224.8
82   4   -368.7   -189.3   3259.5
82   5   -372.3   -226.0   3434.7
82   6   -452.0   -339.8   3248.5
82   7   -664.9   -199.3   3235.9
82   8   -505.1   -442.4   3419.6
82   9   -502.1   -618.2   3404.6
82   10   -587.0   -652.1   3385.9
82   11   -584.4   -1004.8   3304.9
82   12   -584.4   -1327.0   3306.0
82   13   -421.8   -662.4   3407.0
82   14   -428.8   -1017.0   3335.2
82   15   -437.8   -1338.6   3323.3
82   16   -397.0   -220.5   3253.7
82   17   -629.4   -222.7   3238.0
82   18   -497.7   -165.6   3487.1
83   0   -491.6   -86.0   3549.9
83   1   -499.3   -232.9   3471.2
83   2   -591.1   -213.2   3381.8
83   3   -540.5   -373.9   3223.0
83   4   -371.9   -187.4   3257.7
83   5   -371.5   -225.4   3435.8
83   6   -447.0   -339.6   3249.7
83   7   -657.4   -196.7   3236.8
83   8   -504.7   -442.7   3421.5
83   9   -502.0   -618.7   3405.2
83   10   -586.5   -649.4   3386.1
83   11   -584.4   -1004.8   3306.4
83   12   -584.4   -1330.8   3307.5
83   13   -422.0   -659.4   3407.8
83   14   -428.9   -1016.5   3336.0
83   15   -437.7   -1341.0   3332.6
83   16   -400.0   -218.5   3251.9
83   17   -622.4   -220.5   3238.9
83   18   -497.5   -165.6   3487.2
84   0   -491.6   -82.8   3547.0
84   1   -499.0   -233.1   3472.4
84   2   -589.9   -212.6   3380.9
84   3   -542.2   -372.7   3222.0
84   4   -374.3   -186.7   3256.5
84   5   -371.1   -225.5   3436.5
84   6   -445.6   -339.0   3250.6
84   7   -653.6   -194.1   3238.1
84   8   -504.1   -443.8   3425.7
84   9   -502.1   -619.3   3406.1
84   10   -586.1   -648.6   3386.2
84   11   -584.4   -1006.7   3307.7
84   12   -584.4   -1333.5   3308.6
84   13   -421.7   -658.1   3409.1
84   14   -429.0   -1017.4   3337.1
84   15   -441.1   -1341.9   3354.0
84   16   -402.3   -217.7   3250.8
84   17   -618.9   -218.3   3240.2
84   18   -497.4   -165.7   3487.4
85   0   -491.7   -79.4   3542.1
85   1   -498.7   -233.4   3474.0
85   2   -589.7   -212.5   3380.9
85   3   -543.4   -372.1   3222.0
85   4   -375.8   -186.5   3255.8
85   5   -370.9   -225.8   3436.8
85   6   -446.3   -338.5   3251.3
85   7   -652.4   -192.4   3239.2
85   8   -503.5   -445.8   3431.3
85   9   -502.1   -620.1   3407.1
85   10   -586.0   -648.6   3386.3
85   11   -584.4   -1007.1   3309.8
85   12   -584.4   -1331.9   3311.3
85   13   -421.1   -657.9   3410.8
85   14   -429.0   -1017.4   3339.2
85   15   -448.3   -1338.8   3381.2
85   16   -403.7   -217.4   3250.2
85   17   -618.0   -216.7   3241.2
85   18   -497.2   -165.7   3487.6
86   0   -491.9   -76.9   3537.0
86   1   -498.4   -233.7   3475.3
86   2   -589.8   -212.7   3381.4
86   3   -545.0   -372.3   3222.7
86   4   -376.8   -187.4   3254.8
86   5   -370.9   -226.2   3436.9
86   6   -449.0   -337.7   3252.3
86   7   -653.4   -190.3   3239.6
86   8   -502.9   -448.1   3435.9
86   9   -502.1   -621.0   3408.7
86   10   -586.0   -648.9   3386.4
86   11   -584.5   -1007.1   3312.0
86   12   -584.6   -1331.0   3313.3
86   13   -420.6   -658.5   3413.1
86   14   -429.1   -1017.2   3341.4
86   15   -456.4   -1333.4   3408.0
86   16   -404.8   -218.2   3249.4
86   17   -619.3   -214.9   3241.7
86   18   -497.0   -165.8   3487.8
87   0   -492.2   -76.9   3533.8
87   1   -498.1   -235.3   3476.3
87   2   -590.0   -213.0   3381.3
87   3   -546.7   -373.0   3222.9
87   4   -377.6   -188.9   3252.8
87   5   -371.5   -229.4   3436.9
87   6   -454.0   -336.5   3251.8
87   7   -656.0   -186.5   3240.8
87   8   -502.2   -449.4   3438.9
87   9   -502.2   -620.7   3411.0
87   10   -586.1   -649.2   3386.5
87   11   -584.6   -1006.5   3313.5
87   12   -584.6   -1329.5   3314.2
87   13   -420.4   -659.8   3415.8
87   14   -429.2   -1017.0   3343.1
87   15   -463.4   -1327.5   3429.3
87   16   -405.8   -219.6   3247.8
87   17   -622.4   -211.5   3242.6
87   18   -496.8   -167.3   3488.2
88   0   -492.6   -79.0   3532.1
88   1   -497.8   -238.8   3477.0
88   2   -590.4   -213.6   3380.7
88   3   -548.6   -374.3   3222.7
88   4   -378.0   -190.9   3244.2
88   5   -372.7   -235.2   3436.1
88   6   -454.5   -334.8   3246.8
88   7   -658.3   -187.6   3246.0
88   8   -501.6   -451.4   3440.6
88   9   -502.3   -621.3   3413.6
88   10   -586.2   -649.7   3386.7
88   11   -584.6   -1004.9   3313.0
88   12   -584.7   -1326.9   3312.1
88   13   -420.2   -661.6   3417.0
88   14   -429.4   -1016.8   3343.9
88   15   -468.0   -1322.7   3443.2
88   16   -406.5   -221.5   3240.6
88   17   -624.3   -212.1   3246.1
88   18   -496.7   -170.7   3488.6
89   0   -492.9   -81.5   3531.4
89   1   -497.5   -242.8   3477.9
89   2   -590.7   -216.5   3381.4
89   3   -556.0   -378.0   3222.8
89   4   -380.3   -201.7   3209.6
89   5   -370.7   -241.0   3443.9
89   6   -444.8   -330.6   3246.9
89   7   -657.6   -198.1   3245.3
89   8   -500.6   -453.6   3441.3
89   9   -502.2   -622.2   3416.0
89   10   -586.6   -650.3   3386.9
89   11   -584.7   -1003.4   3313.0
89   12   -584.8   -1325.3   3312.8
89   13   -419.8   -664.0   3417.6
89   14   -429.6   -1017.1   3344.7
89   15   -470.3   -1320.1   3451.0
89   16   -409.6   -231.1   3211.8
89   17   -622.2   -220.2   3245.5
89   18   -496.5   -174.8   3489.7
90   0   -493.1   -82.9   3531.8
90   1   -497.1   -245.7   3479.3
90   2   -591.9   -223.9   3386.4
90   3   -588.2   -387.3   3228.4
90   4   -398.2   -246.1   3166.6
90   5   -367.8   -246.3   3460.7
90   6   -401.8   -362.6   3272.2
90   7   -598.4   -217.8   3234.4
90   8   -499.5   -456.6   3441.5
90   9   -502.2   -624.8   3418.6
90   10   -587.4   -651.2   3387.1
90   11   -584.9   -1002.3   3313.6
90   12   -585.0   -1324.3   3314.0
90   13   -418.7   -666.9   3417.9
90   14   -429.9   -1017.9   3344.8
90   15   -430.1   -1341.1   3344.6
90   16   -429.8   -269.6   3176.9
90   17   -565.6   -241.9   3240.7
90   18   -496.3   -177.8   3491.5
91   0   -493.1   -83.5   3532.5
91   1   -496.8   -247.4   3481.0
91   2   -604.1   -235.4   3409.9
91   3   -634.8   -397.7   3254.5
91   4   -413.1   -298.5   3215.7
91   5   -366.8   -251.3   3482.7
91   6   -330.9   -393.7   3324.1
91   7   -505.8   -263.2   3217.3
91   8   -498.8   -459.0   3443.5
91   9   -502.1   -627.5   3421.8
91   10   -588.2   -652.2   3387.6
91   11   -585.1   -1001.5   3314.2
91   12   -568.4   -1341.5   3275.2
91   13   -416.8   -669.3   3418.1
91   14   -430.2   -1018.3   3345.0
91   15   -430.4   -1340.9   3345.0
91   16   -450.0   -315.0   3222.1
91   17   -476.6   -284.9   3235.1
91   18   -496.1   -179.5   3493.0
92   0   -493.1   -83.7   3533.1
92   1   -496.6   -248.5   3483.1
92   2   -615.5   -240.1   3431.4
92   3   -687.9   -400.8   3290.0
92   4   -445.7   -352.1   3281.2
92   5   -366.2   -254.1   3493.4
92   6   -271.0   -417.5   3390.4
92   7   -392.3   -311.4   3212.8
92   8   -498.5   -461.0   3449.0
92   9   -502.0   -630.0   3425.8
92   10   -588.6   -654.0   3388.7
92   11   -585.1   -1001.4   3314.0
92   12   -563.4   -1329.2   3294.8
92   13   -414.9   -671.0   3418.1
92   14   -430.5   -1018.4   3345.2
92   15   -430.7   -1340.5   3345.3
92   16   -486.0   -360.3   3282.7
92   17   -372.2   -329.0   3242.4
92   18   -495.9   -180.4   3494.0
93   0   -493.1   -83.7   3533.3
93   1   -496.4   -249.0   3485.5
93   2   -623.5   -241.1   3446.4
93   3   -724.2   -388.5   3305.2
93   4   -476.8   -402.4   3319.8
93   5   -365.2   -254.8   3497.6
93   6   -229.9   -417.3   3419.9
93   7   -235.8   -391.1   3201.2
93   8   -498.4   -462.6   3457.2
93   9   -502.0   -632.0   3429.8
93   10   -588.1   -657.1   3390.5
93   11   -585.8   -1002.9   3314.2
93   12   -559.2   -1324.8   3302.2
93   13   -413.6   -672.1   3418.2
93   14   -431.0   -1018.2   3345.5
93   15   -431.3   -1339.8   3345.6
93   16   -518.0   -400.2   3317.4
93   17   -234.9   -395.4   3237.7
93   18   -495.8   -180.7   3494.6
94   0   -493.1   -83.6   3532.1
94   1   -496.3   -249.3   3486.7
94   2   -626.4   -241.2   3449.7
94   3   -744.7   -368.9   3301.6
94   4   -746.0   -428.1   3244.3
94   5   -364.0   -254.2   3494.0
94   6   -211.7   -413.1   3422.8
94   7   -88.0   -468.7   3280.7
94   8   -498.4   -463.7   3463.8
94   9   -501.9   -633.3   3432.2
94   10   -586.7   -663.3   3393.0
94   11   -586.1   -1009.5   3312.7
94   12   -555.2   -1328.7   3302.7
94   13   -413.2   -672.7   3418.4
94   14   -431.8   -1020.0   3345.5
94   15   -432.4   -1343.2   3345.4
94   16   -745.1   -418.2   3253.9
94   17   -108.3   -459.6   3304.4
94   18   -495.6   -180.8   3494.1
95   0   -493.1   -83.2   3528.9
95   1   -496.2   -249.0   3485.8
95   2   -627.9   -241.0   3450.1
95   3   -769.8   -353.6   3310.2
95   4   -904.4   -439.1   3227.3
95   5   -362.8   -253.1   3490.9
95   6   -199.0   -412.3   3453.5
95   7   -10.6   -501.1   3340.6
95   8   -498.7   -464.0   3467.1
95   9   -502.0   -634.1   3433.2
95   10   -584.4   -670.9   3395.8
95   11   -586.2   -1017.3   3311.1
95   12   -551.0   -1335.8   3311.7
95   13   -413.4   -673.4   3418.8
95   14   -431.9   -1022.0   3346.1
95   15   -431.8   -1345.6   3346.7
95   16   -881.6   -424.9   3241.1
95   17   -41.8   -486.4   3359.4
95   18   -495.4   -180.4   3491.7
96   0   -492.8   -82.9   3525.1
96   1   -496.3   -248.1   3483.2
96   2   -629.0   -240.4   3449.2
96   3   -785.4   -346.3   3318.9
96   4   -980.9   -443.7   3224.0
96   5   -361.9   -252.1   3488.9
96   6   -192.3   -409.1   3472.9
96   7   21.1   -514.2   3373.6
96   8   -499.7   -463.6   3468.0
96   9   -502.5   -634.4   3433.1
96   10   -584.1   -673.6   3397.4
96   11   -586.3   -1020.9   3310.4
96   12   -544.7   -1339.0   3314.0
96   13   -414.5   -673.9   3419.3
96   14   -431.5   -1024.3   3347.4
96   15   -431.2   -1347.6   3348.4
96   16   -948.2   -427.5   3239.8
96   17   -14.4   -496.8   3390.1
96   18   -495.2   -179.5   3488.0
97   0   -492.3   -82.6   3522.2
97   1   -496.4   -247.0   3480.3
97   2   -629.6   -239.8   3448.0
97   3   -791.9   -344.4   3323.6
97   4   -1010.2   -444.9   3224.2
97   5   -361.4   -251.2   3487.9
97   6   -188.8   -405.0   3480.6
97   7   29.6   -517.3   3386.5
97   8   -500.9   -462.7   3466.8
97   9   -503.3   -634.2   3432.2
97   10   -584.2   -674.7   3397.9
97   11   -586.3   -1023.4   3310.2
97   12   -509.1   -1333.4   3335.8
97   13   -416.2   -674.3   3419.7
97   14   -431.1   -1026.5   3348.7
97   15   -430.7   -1352.5   3349.5
97   16   -973.9   -428.2   3240.8
97   17   -6.8   -498.6   3402.2
97   18   -495.0   -178.3   3484.6
98   0   -491.7   -82.4   3520.1
98   1   -496.6   -245.7   3477.8
98   2   -630.0   -239.2   3447.1
98   3   -792.8   -345.5   3325.4
98   4   -1013.3   -443.1   3222.7
98   5   -360.9   -250.4   3487.6
98   6   -189.7   -404.6   3483.1
98   7   23.3   -511.9   3383.1
98   8   -502.2   -461.6   3464.1
98   9   -504.4   -633.8   3430.8
98   10   -584.8   -674.7   3397.9
98   11   -586.4   -1024.8   3309.9
98   12   -513.4   -1337.9   3330.1
98   13   -418.1   -674.6   3419.9
98   14   -430.7   -1028.3   3349.2
98   15   -457.3   -1337.1   3381.2
98   16   -976.6   -426.9   3239.8
98   17   -12.2   -494.0   3399.8
98   18   -494.8   -177.1   3482.1
99   0   -491.1   -82.0   3518.5
99   1   -496.7   -244.5   3475.9
99   2   -630.2   -238.9   3446.7
99   3   -790.3   -348.8   3325.7
99   4   -1004.9   -440.9   3218.3
99   5   -360.7   -250.0   3487.6
99   6   -193.6   -407.2   3482.1
99   7   12.2   -504.5   3373.3
99   8   -503.3   -460.4   3460.6
99   9   -505.4   -633.2   3429.3
99   10   -585.6   -674.6   3397.7
99   11   -586.5   -1025.8   3309.7
99   12   -533.0   -1343.2   3319.3
99   13   -420.0   -675.4   3420.1
99   14   -430.4   -1030.3   3349.4
99   15   -448.4   -1346.5   3341.0
99   16   -969.2   -425.6   3236.2
99   17   -22.1   -488.3   3391.4
99   18   -494.6   -175.9   3480.8
100   0   -490.8   -81.9   3517.4
100   1   -496.8   -243.5   3474.7
100   2   -630.3   -238.8   3446.5
100   3   -785.9   -354.1   3325.4
100   4   -993.5   -441.0   3214.7
100   5   -360.4   -250.0   3487.9
100   6   -197.9   -410.6   3478.5
100   7   -0.1   -498.3   3359.5
100   8   -504.2   -459.6   3457.2
100   9   -506.1   -632.9   3427.9
100   10   -586.5   -674.6   3397.4
100   11   -586.5   -1026.8   3309.5
100   12   -544.5   -1345.9   3302.1
100   13   -421.4   -676.4   3420.1
100   14   -430.1   -1032.4   3349.6
100   15   -442.7   -1351.5   3319.0
100   16   -959.0   -426.5   3233.2
100   17   -33.1   -483.7   3379.3
100   18   -494.4   -175.1   3480.2
101   0   -490.6   -82.1   3516.9
101   1   -496.7   -243.0   3474.2
101   2   -630.5   -239.0   3447.2
101   3   -781.9   -357.3   3324.1
101   4   -983.1   -445.0   3212.9
101   5   -360.0   -250.1   3488.8
101   6   -199.8   -412.0   3473.1
101   7   -5.3   -497.9   3354.2
101   8   -504.7   -459.2   3455.5
101   9   -506.6   -632.6   3426.5
101   10   -587.4   -674.6   3397.1
101   11   -586.6   -1027.6   3309.4
101   12   -548.4   -1347.1   3295.2
101   13   -421.9   -676.8   3420.1
101   14   -429.7   -1033.6   3349.5
101   15   -438.1   -1353.4   3308.4
101   16   -949.6   -430.4   3231.4
101   17   -37.7   -483.6   3374.0
101   18   -494.2   -174.6   3480.2
102   0   -490.5   -82.5   3516.6
102   1   -496.6   -242.7   3474.2
102   2   -630.8   -239.3   3448.2
102   3   -777.4   -360.0   3322.0
102   4   -975.3   -449.9   3213.2
102   5   -359.6   -250.4   3489.9
102   6   -200.3   -412.2   3468.7
102   7   -7.9   -499.9   3351.5
102   8   -504.9   -459.1   3454.8
102   9   -506.8   -632.4   3425.1
102   10   -588.0   -674.6   3396.7
102   11   -586.5   -1028.4   3309.2
102   12   -550.0   -1347.9   3295.9
102   13   -421.9   -676.5   3420.0
102   14   -429.5   -1034.0   3349.3
102   15   -433.5   -1353.8   3306.1
102   16   -942.3   -434.9   3231.4
102   17   -40.0   -485.3   3371.0
102   18   -494.0   -174.3   3480.3
103   0   -490.6   -83.0   3517.0
103   1   -496.5   -242.5   3474.5
103   2   -631.1   -239.6   3449.2
103   3   -773.7   -361.9   3320.2
103   4   -969.8   -454.2   3214.4
103   5   -359.2   -250.8   3491.0
103   6   -200.2   -411.7   3463.7
103   7   -8.9   -503.3   3350.4
103   8   -505.0   -459.0   3455.0
103   9   -506.8   -632.0   3424.1
103   10   -588.3   -674.5   3396.4
103   11   -586.5   -1028.9   3309.1
103   12   -550.5   -1348.3   3300.6
103   13   -421.6   -676.0   3419.8
103   14   -429.2   -1034.1   3349.1
103   15   -431.7   -1353.6   3307.3
103   16   -937.1   -438.8   3232.0
103   17   -40.8   -488.1   3369.3
103   18   -493.8   -174.2   3480.6
104   0   -490.7   -83.5   3517.8
104   1   -496.4   -242.4   3475.0
104   2   -631.4   -240.1   3450.8
104   3   -772.0   -362.5   3319.7
104   4   -967.3   -456.4   3216.9
104   5   -358.9   -251.4   3492.3
104   6   -199.4   -411.2   3462.0
104   7   -9.4   -504.9   3350.1
104   8   -505.0   -458.9   3455.7
104   9   -506.8   -631.5   3423.4
104   10   -588.5   -674.3   3396.2
104   11   -586.6   -1029.3   3309.0
104   12   -537.3   -1345.9   3317.9
104   13   -421.3   -675.7   3419.7
104   14   -428.8   -1034.2   3348.8
104   15   -431.3   -1353.3   3308.6
104   16   -934.7   -440.8   3234.0
104   17   -41.1   -489.3   3368.7
104   18   -493.7   -174.1   3481.0
105   0   -490.7   -84.1   3519.1
105   1   -496.2   -242.4   3475.6
105   2   -631.8   -240.6   3452.7
105   3   -771.0   -362.5   3319.9
105   4   -966.4   -457.0   3220.0
105   5   -358.6   -251.9   3493.6
105   6   -198.3   -410.6   3461.9
105   7   -9.8   -505.5   3350.0
105   8   -504.9   -458.8   3456.7
105   9   -506.7   -630.9   3423.0
105   10   -588.7   -674.1   3395.9
105   11   -586.6   -1029.5   3308.9
105   12   -510.4   -1337.8   3340.8
105   13   -420.9   -675.3   3419.5
105   14   -428.4   -1034.2   3348.5
105   15   -431.6   -1353.0   3309.6
105   16   -933.9   -441.3   3236.6
105   17   -41.2   -489.7   3368.6
105   18   -493.5   -174.1   3481.5
106   0   -490.7   -84.6   3521.2
106   1   -496.0   -242.4   3476.7
106   2   -632.1   -241.0   3455.7
106   3   -770.1   -361.8   3320.8
106   4   -965.7   -456.7   3223.0
106   5   -358.2   -252.3   3494.8
106   6   -197.7   -410.4   3461.8
106   7   -10.2   -505.3   3349.4
106   8   -504.8   -458.7   3457.8
106   9   -506.6   -630.1   3422.8
106   10   -588.9   -673.8   3395.7
106   11   -586.6   -1029.6   3308.9
106   12   -479.8   -1325.2   3362.1
106   13   -420.6   -675.1   3419.3
106   14   -428.2   -1034.3   3348.2
106   15   -432.0   -1352.8   3310.0
106   16   -933.1   -440.9   3239.3
106   17   -41.4   -489.5   3368.1
106   18   -493.3   -174.1   3482.6
107   0   -490.7   -85.1   3524.3
107   1   -495.8   -242.4   3478.3
107   2   -632.5   -241.4   3459.9
107   3   -769.0   -360.8   3322.3
107   4   -964.0   -455.9   3224.9
107   5   -357.9   -252.7   3496.0
107   6   -197.5   -410.5   3461.5
107   7   -10.1   -504.8   3349.3
107   8   -504.7   -458.6   3458.8
107   9   -506.5   -629.3   3422.8
107   10   -589.1   -673.5   3395.5
107   11   -586.6   -1029.7   3308.9
107   12   -586.6   -1350.1   3308.9
107   13   -420.4   -675.0   3419.1
107   14   -428.1   -1034.6   3348.0
107   15   -432.3   -1352.8   3310.0
107   16   -931.5   -440.0   3241.2
107   17   -41.3   -489.1   3368.0
107   18   -493.0   -174.1   3484.5
108   0   -490.7   -85.4   3528.1
108   1   -495.6   -242.3   3480.7
108   2   -632.3   -241.7   3462.3
108   3   -768.4   -360.2   3323.5
108   4   -962.7   -455.2   3225.7
108   5   -357.5   -253.1   3497.1
108   6   -197.3   -410.8   3461.2
108   7   -9.9   -504.4   3349.4
108   8   -504.7   -458.5   3459.9
108   9   -506.5   -628.3   3422.9
108   10   -589.2   -673.1   3395.4
108   11   -586.6   -1029.8   3308.9
108   12   -586.6   -1350.0   3308.9
108   13   -420.3   -674.9   3418.9
108   14   -428.1   -1034.8   3347.8
108   15   -432.7   -1352.8   3309.6
108   16   -930.3   -439.4   3242.0
108   17   -41.1   -488.8   3368.0
108   18   -492.8   -174.1   3487.2
109   0   -490.6   -85.8   3533.6
109   1   -495.4   -242.2   3484.0
109   2   -631.8   -241.9   3464.2
109   3   -767.8   -359.7   3324.9
109   4   -961.1   -454.5   3225.5
109   5   -357.0   -253.5   3498.3
109   6   -197.3   -411.1   3460.5
109   7   -9.5   -504.3   3349.5
109   8   -504.6   -458.4   3461.0
109   9   -506.4   -627.1   3423.2
109   10   -589.4   -672.8   3395.4
109   11   -586.7   -1029.9   3308.8
109   12   -586.6   -1350.0   3308.8
109   13   -420.2   -674.7   3418.8
109   14   -428.0   -1035.1   3347.7
109   15   -432.9   -1352.9   3309.0
109   16   -928.9   -438.7   3242.0
109   17   -40.8   -488.8   3368.0
109   18   -492.5   -174.1   3491.3
110   0   -490.4   -85.8   3539.2
110   1   -495.2   -242.1   3488.2
110   2   -631.0   -242.1   3466.1
110   3   -766.9   -359.3   3326.2
110   4   -958.4   -453.8   3223.3
110   5   -356.9   -254.5   3499.5
110   6   -197.2   -411.6   3459.5
110   7   -9.8   -504.0   3347.6
110   8   -504.5   -458.1   3462.1
110   9   -506.4   -626.0   3423.8
110   10   -589.5   -672.9   3395.4
110   11   -586.6   -1030.2   3308.8
110   12   -586.6   -1350.5   3308.7
110   13   -420.0   -674.8   3418.7
110   14   -428.0   -1035.5   3347.6
110   15   -432.9   -1353.1   3308.7
110   16   -926.5   -438.0   3240.5
110   17   -41.0   -488.6   3366.2
110   18   -492.3   -174.1   3496.5
111   0   -490.2   -85.3   3543.7
111   1   -495.0   -242.0   3493.0
111   2   -630.0   -242.2   3468.1
111   3   -765.7   -358.9   3327.6
111   4   -950.8   -452.5   3211.8
111   5   -357.1   -255.7   3501.7
111   6   -197.5   -411.6   3457.2
111   7   -17.5   -500.2   3330.3
111   8   -504.5   -457.8   3463.8
111   9   -506.3   -625.0   3425.4
111   10   -589.3   -673.1   3395.5
111   11   -586.6   -1030.6   3308.7
111   12   -586.6   -1350.8   3308.6
111   13   -419.7   -674.9   3419.1
111   14   -428.0   -1035.7   3347.6
111   15   -433.0   -1353.3   3308.6
111   16   -920.0   -436.9   3231.1
111   17   -47.5   -485.4   3351.4
111   18   -492.0   -174.1   3502.2
112   0   -490.1   -84.8   3546.6
112   1   -494.8   -241.9   3497.3
112   2   -629.3   -242.4   3470.5
112   3   -763.2   -359.0   3328.2
112   4   -923.8   -450.7   3177.0
112   5   -357.3   -257.0   3504.4
112   6   -198.5   -410.4   3450.2
112   7   -36.5   -490.8   3292.9
112   8   -504.5   -457.6   3466.3
112   9   -506.3   -624.3   3428.0
112   10   -589.0   -673.3   3395.7
112   11   -586.6   -1030.9   3308.7
112   12   -586.6   -1350.9   3308.7
112   13   -419.4   -675.1   3419.8
112   14   -428.0   -1035.8   3347.6
112   15   -436.7   -1354.3   3321.1
112   16   -897.0   -435.4   3202.2
112   17   -63.5   -477.4   3319.1
112   18   -491.7   -174.1   3507.1
113   0   -489.9   -84.5   3548.8
113   1   -494.5   -241.8   3501.3
113   2   -628.9   -242.9   3474.5
113   3   -756.5   -362.0   3328.8
113   4   -869.1   -445.7   3137.2
113   5   -357.3   -258.2   3507.8
113   6   -199.6   -409.4   3445.0
113   7   -81.1   -465.3   3247.2
113   8   -504.5   -457.4   3469.2
113   9   -506.3   -623.8   3430.8
113   10   -588.7   -673.3   3396.1
113   11   -586.7   -1030.9   3308.8
113   12   -586.7   -1356.3   3308.9
113   13   -419.1   -675.2   3420.6
113   14   -428.0   -1035.9   3347.4
113   15   -449.5   -1357.1   3348.1
113   16   -850.4   -431.8   3169.1
113   17   -100.8   -456.0   3280.2
113   18   -491.3   -174.1   3511.4
114   0   -489.8   -84.5   3550.4
114   1   -494.2   -241.8   3504.6
114   2   -628.7   -243.5   3478.5
114   3   -744.4   -370.7   3330.1
114   4   -797.3   -418.6   3103.0
114   5   -357.5   -259.4   3509.3
114   6   -201.5   -409.4   3439.2
114   7   -150.4   -429.3   3208.9
114   8   -504.5   -457.2   3472.1
114   9   -506.3   -623.4   3433.7
114   10   -588.3   -672.9   3396.5
114   11   -586.7   -1030.7   3309.0
114   12   -586.7   -1354.8   3309.2
114   13   -418.9   -675.3   3421.6
114   14   -428.0   -1036.0   3347.4
114   15   -428.0   -1360.3   3347.4
114   16   -788.6   -410.6   3140.8
114   17   -158.9   -426.0   3247.3
114   18   -490.9   -174.1   3514.8
115   0   -489.6   -85.0   3551.9
115   1   -493.9   -241.8   3506.9
115   2   -628.4   -244.5   3481.4
115   3   -717.5   -382.8   3326.3
115   4   -723.8   -376.3   3083.1
115   5   -357.6   -260.7   3510.1
115   6   -213.1   -414.0   3425.4
115   7   -226.9   -388.6   3185.1
115   8   -504.5   -457.1   3474.9
115   9   -506.3   -623.2   3436.8
115   10   -587.9   -672.4   3397.2
115   11   -586.7   -1030.2   3309.2
115   12   -586.6   -1353.3   3309.4
115   13   -418.9   -675.4   3422.9
115   14   -428.0   -1036.0   3347.4
115   15   -428.0   -1359.4   3347.3
115   16   -722.8   -377.4   3123.6
115   17   -224.6   -392.8   3225.1
115   18   -490.5   -174.1   3517.0
116   0   -489.5   -85.7   3553.5
116   1   -493.5   -241.9   3508.2
116   2   -627.1   -246.2   3481.9
116   3   -685.2   -377.1   3310.0
116   4   -645.8   -323.8   3070.6
116   5   -357.6   -261.8   3510.3
116   6   -240.4   -408.7   3390.7
116   7   -335.6   -332.7   3184.7
116   8   -504.4   -456.8   3476.3
116   9   -506.3   -623.0   3439.0
116   10   -587.7   -672.1   3398.1
116   11   -586.6   -1030.0   3309.3
116   12   -586.6   -1352.5   3309.4
116   13   -418.7   -675.4   3424.1
116   14   -428.1   -1035.8   3347.0
116   15   -428.1   -1358.4   3346.7
116   16   -652.3   -332.7   3110.5
116   17   -319.8   -345.3   3219.1
116   18   -490.1   -174.2   3518.2
117   0   -489.4   -86.7   3554.0
117   1   -493.1   -242.5   3508.6
117   2   -623.7   -247.3   3474.2
117   3   -667.2   -381.3   3298.7
117   4   -555.8   -268.8   3123.6
117   5   -357.2   -262.5   3510.3
117   6   -271.5   -415.0   3371.9
117   7   -416.3   -293.1   3217.6
117   8   -504.4   -457.0   3476.1
117   9   -506.3   -623.4   3440.4
117   10   -587.8   -672.1   3399.3
117   11   -586.6   -1029.8   3309.4
117   12   -586.5   -1351.8   3309.4
117   13   -418.5   -675.5   3425.7
117   14   -428.2   -1035.4   3346.0
117   15   -428.3   -1357.2   3345.2
117   16   -574.1   -287.3   3152.8
117   17   -392.2   -313.3   3243.3
117   18   -489.6   -174.8   3518.8
118   0   -489.3   -87.5   3552.9
118   1   -492.8   -243.4   3508.5
118   2   -617.8   -246.5   3459.3
118   3   -657.3   -400.6   3301.0
118   4   -507.2   -244.6   3195.9
118   5   -356.5   -263.2   3510.1
118   6   -309.5   -419.9   3357.9
118   7   -470.9   -265.0   3242.1
118   8   -504.3   -457.9   3475.2
118   9   -506.3   -624.5   3441.4
118   10   -588.1   -672.4   3401.3
118   11   -586.5   -1029.8   3309.7
118   12   -586.5   -1351.4   3309.9
118   13   -418.4   -675.6   3427.8
118   14   -428.2   -1035.1   3345.5
118   15   -428.3   -1356.5   3345.2
118   16   -532.1   -270.5   3213.4
118   17   -444.1   -290.8   3261.4
118   18   -489.1   -175.8   3519.0
119   0   -489.1   -87.7   3549.4
119   1   -492.4   -244.5   3507.7
119   2   -611.6   -244.8   3445.0
119   3   -648.5   -416.6   3304.9
119   4   -485.8   -235.1   3242.9
119   5   -355.9   -264.1   3510.0
119   6   -345.7   -426.3   3354.7
119   7   -504.5   -254.5   3250.8
119   8   -504.2   -459.3   3473.2
119   9   -506.3   -626.2   3441.8
119   10   -588.5   -673.2   3403.8
119   11   -586.5   -1030.2   3310.3
119   12   -586.5   -1351.9   3310.7
119   13   -418.4   -675.9   3428.8
119   14   -428.2   -1035.4   3345.6
119   15   -428.2   -1357.0   3345.8
119   16   -512.9   -265.3   3253.2
119   17   -478.1   -283.1   3268.1
119   18   -488.7   -176.9   3518.6
120   0   -489.0   -88.2   3544.2
120   1   -492.1   -245.6   3505.2
120   2   -609.4   -244.1   3437.8
120   3   -643.1   -426.1   3308.1
120   4   -483.1   -231.8   3266.8
120   5   -356.6   -266.3   3509.9
120   6   -365.2   -437.8   3361.7
120   7   -511.8   -256.8   3260.1
120   8   -504.1   -461.3   3470.1
120   9   -506.3   -628.6   3441.8
120   10   -589.0   -674.2   3406.7
120   11   -586.5   -1030.8   3310.7
120   12   -586.4   -1352.2   3311.0
120   13   -418.6   -676.3   3429.2
120   14   -428.2   -1036.1   3346.4
120   15   -428.1   -1357.7   3347.1
120   16   -509.8   -264.2   3273.7
120   17   -487.4   -286.9   3277.1
120   18   -488.3   -178.1   3516.2
121   0   -488.8   -89.4   3539.9
121   1   -491.8   -246.5   3499.9
121   2   -609.7   -244.4   3434.0
121   3   -641.4   -431.1   3309.3
121   4   -487.4   -230.6   3275.3
121   5   -358.7   -269.2   3507.2
121   6   -372.4   -452.5   3373.8
121   7   -504.7   -265.3   3268.8
121   8   -503.9   -461.3   3466.0
121   9   -506.3   -629.1   3441.7
121   10   -589.3   -675.3   3409.2
121   11   -586.4   -1031.1   3310.4
121   12   -586.3   -1352.0   3310.1
121   13   -418.9   -676.8   3429.4
121   14   -428.1   -1036.7   3347.2
121   15   -428.0   -1357.8   3347.8
121   16   -513.1   -264.0   3281.0
121   17   -482.7   -296.6   3286.3
121   18   -488.0   -179.0   3510.5
122   0   -488.7   -91.0   3536.7
122   1   -491.7   -247.1   3493.3
122   2   -611.0   -245.0   3432.1
122   3   -641.3   -433.6   3309.3
122   4   -491.4   -232.1   3276.5
122   5   -361.3   -271.1   3506.3
122   6   -373.7   -460.9   3381.3
122   7   -497.4   -271.6   3273.4
122   8   -503.7   -460.3   3462.1
122   9   -506.2   -628.4   3441.7
122   10   -589.0   -676.2   3410.1
122   11   -586.2   -1031.5   3310.0
122   12   -586.0   -1352.1   3309.6
122   13   -419.3   -677.3   3429.5
122   14   -427.9   -1037.3   3348.4
122   15   -427.8   -1358.2   3349.3
122   16   -516.5   -265.7   3282.0
122   17   -476.7   -303.2   3291.4
122   18   -488.0   -179.4   3503.2
123   0   -488.6   -92.3   3534.6
123   1   -491.7   -247.5   3487.8
123   2   -612.4   -245.5   3431.5
123   3   -641.7   -434.6   3309.0
123   4   -493.6   -234.2   3275.6
123   5   -363.2   -271.2   3506.1
123   6   -368.9   -458.5   3377.3
123   7   -495.5   -270.7   3272.7
123   8   -503.4   -459.0   3460.0
123   9   -506.2   -627.3   3441.8
123   10   -588.6   -677.2   3410.4
123   11   -585.9   -1032.1   3309.9
123   12   -585.7   -1352.9   3309.8
123   13   -419.7   -678.1   3429.5
123   14   -427.9   -1038.0   3349.2
123   15   -427.8   -1358.8   3349.6
123   16   -518.3   -267.6   3281.2
123   17   -474.4   -302.0   3290.1
123   18   -487.9   -179.6   3496.7
124   0   -488.6   -92.9   3533.6
124   1   -491.7   -247.6   3484.3
124   2   -613.2   -245.6   3431.6
124   3   -642.3   -434.6   3308.9
124   4   -494.1   -236.2   3274.5
124   5   -364.3   -270.5   3505.7
124   6   -360.0   -452.2   3369.7
124   7   -496.6   -268.6   3272.4
124   8   -503.2   -457.7   3459.2
124   9   -506.1   -626.0   3441.9
124   10   -588.1   -678.1   3410.5
124   11   -585.5   -1032.4   3309.9
124   12   -585.3   -1352.7   3309.9
124   13   -420.0   -678.9   3429.5
124   14   -427.9   -1038.2   3349.2
124   15   -427.9   -1358.4   3348.9
124   16   -518.8   -269.3   3280.2
124   17   -473.8   -299.2   3288.7
124   18   -488.0   -179.7   3492.4
125   0   -488.6   -92.9   3533.3
125   1   -491.7   -247.7   3482.4
125   2   -613.4   -245.5   3432.1
125   3   -643.1   -434.1   3309.0
125   4   -494.8   -238.9   3273.8
125   5   -365.3   -269.8   3505.3
125   6   -357.7   -456.3   3376.1
125   7   -489.5   -273.5   3275.1
125   8   -502.9   -456.5   3459.2
125   9   -506.1   -624.8   3442.0
125   10   -587.4   -679.5   3410.6
125   11   -585.0   -1032.9   3310.4
125   12   -584.7   -1353.3   3310.9
125   13   -420.4   -679.8   3429.5
125   14   -427.9   -1038.1   3348.6
125   15   -428.0   -1358.0   3348.0
125   16   -519.5   -271.4   3279.6
125   17   -467.5   -304.0   3291.9
125   18   -488.0   -179.7   3489.9
126   0   -488.6   -92.6   3533.3
126   1   -491.7   -247.7   3481.5
126   2   -613.3   -245.2   3432.7
126   3   -643.5   -433.5   3309.2
126   4   -495.2   -241.3   3273.6
126   5   -366.1   -269.1   3504.7
126   6   -354.5   -458.6   3380.1
126   7   -485.0   -279.0   3276.5
126   8   -502.7   -455.4   3459.6
126   9   -506.0   -623.8   3442.1
126   10   -586.8   -680.9   3410.6
126   11   -584.5   -1033.3   3311.4
126   12   -584.2   -1353.6   3312.1
126   13   -420.6   -680.5   3429.6
126   14   -428.0   -1037.5   3348.2
126   15   -428.0   -1357.0   3347.9
126   16   -519.9   -273.4   3279.5
126   17   -463.2   -308.9   3293.8
126   18   -488.1   -179.7   3488.7
127   0   -488.6   -92.1   3533.5
127   1   -491.7   -247.7   3481.3
127   2   -613.1   -244.8   3433.4
127   3   -643.6   -432.9   3309.5
127   4   -495.9   -243.6   3273.9
127   5   -366.8   -268.5   3504.3
127   6   -349.9   -458.8   3381.5
127   7   -483.5   -285.4   3276.8
127   8   -502.5   -454.5   3460.2
127   9   -506.0   -623.1   3442.2
127   10   -586.3   -681.8   3410.6
127   11   -583.8   -1033.3   3312.8
127   12   -583.4   -1353.2   3313.9
127   13   -420.8   -681.2   3429.7
127   14   -427.9   -1036.9   3348.5
127   15   -427.9   -1356.4   3348.9
127   16   -520.5   -275.1   3279.9
127   17   -461.2   -314.3   3294.3
127   18   -488.1   -179.7   3488.2
128   0   -488.6   -91.7   3533.7
128   1   -491.7   -247.7   3481.4
128   2   -612.8   -244.4   3434.0
128   3   -643.6   -432.2   3309.9
128   4   -496.3   -245.5   3274.6
128   5   -367.5   -268.0   3504.6
128   6   -343.2   -457.4   3381.5
128   7   -483.0   -292.1   3277.2
128   8   -502.2   -453.9   3461.0
128   9   -505.9   -622.6   3442.3
128   10   -585.9   -682.9   3410.7
128   11   -583.0   -1033.4   3314.0
128   12   -582.5   -1353.3   3314.7
128   13   -420.9   -681.9   3429.8
128   14   -427.9   -1036.4   3348.8
128   15   -427.9   -1355.9   3349.0
128   16   -520.8   -276.6   3280.5
128   17   -459.7   -319.6   3294.6
128   18   -488.2   -179.6   3488.1
129   0   -488.6   -91.2   3533.9
129   1   -491.6   -247.7   3481.6
129   2   -612.5   -244.0   3434.6
129   3   -643.6   -431.7   3310.3
129   4   -496.8   -246.8   3275.4
129   5   -368.0   -267.5   3504.6
129   6   -334.8   -454.7   3380.1
129   7   -481.4   -295.9   3279.4
129   8   -502.0   -453.4   3461.9
129   9   -505.8   -622.2   3442.4
129   10   -585.4   -684.0   3410.8
129   11   -582.2   -1033.5   3315.3
129   12   -581.8   -1353.4   3316.1
129   13   -421.0   -682.7   3429.9
129   14   -427.9   -1035.7   3349.0
129   15   -427.9   -1355.2   3349.1
129   16   -521.3   -277.6   3281.2
129   17   -457.0   -322.3   3296.2
129   18   -488.2   -179.6   3488.1
130   0   -488.6   -90.9   3534.1
130   1   -491.7   -247.8   3481.9
130   2   -612.4   -243.5   3435.3
130   3   -643.5   -431.0   3310.7
130   4   -496.1   -246.1   3275.9
130   5   -368.5   -267.1   3504.5
130   6   -334.9   -452.2   3376.9
130   7   -483.6   -292.8   3278.8
130   8   -501.8   -453.0   3463.1
130   9   -505.8   -621.9   3442.5
130   10   -585.5   -684.1   3410.8
130   11   -581.4   -1032.7   3316.5
130   12   -580.9   -1351.8   3317.1
130   13   -420.7   -682.5   3430.1
130   14   -427.9   -1034.5   3349.2
130   15   -427.9   -1353.4   3349.4
130   16   -520.6   -276.9   3281.7
130   17   -458.8   -319.4   3295.2
130   18   -488.3   -179.6   3488.2
131   0   -488.7   -90.6   3534.3
131   1   -491.7   -247.8   3482.3
131   2   -612.4   -243.1   3436.1
131   3   -643.3   -430.5   3311.1
131   4   -494.7   -244.7   3276.3
131   5   -369.0   -266.7   3504.5
131   6   -337.7   -449.4   3372.9
131   7   -487.8   -287.9   3277.0
131   8   -501.6   -452.8   3464.3
131   9   -505.7   -621.7   3442.6
131   10   -585.7   -684.1   3410.8
131   11   -580.8   -1031.8   3317.0
131   12   -580.6   -1351.0   3317.1
131   13   -420.5   -682.6   3430.3
131   14   -427.9   -1033.5   3349.5
131   15   -427.9   -1352.8   3349.6
131   16   -519.5   -275.7   3282.1
131   17   -462.8   -314.8   3293.0
131   18   -488.4   -179.6   3488.2
132   0   -488.9   -90.4   3534.4
132   1   -492.5   -247.8   3482.6
132   2   -613.2   -243.0   3436.5
132   3   -643.2   -430.4   3311.2
132   4   -493.5   -243.3   3276.9
132   5   -369.9   -265.8   3504.4
132   6   -340.6   -447.7   3371.1
132   7   -491.4   -283.7   3276.5
132   8   -501.5   -452.6   3465.6
132   9   -505.7   -621.6   3442.7
132   10   -585.8   -684.1   3410.8
132   11   -580.8   -1031.1   3317.4
132   12   -581.0   -1350.4   3317.4
132   13   -420.3   -682.7   3430.5
132   14   -427.9   -1032.8   3349.6
132   15   -427.9   -1352.2   3349.7
132   16   -518.5   -274.4   3282.7
132   17   -466.3   -311.0   3292.3
132   18   -489.5   -179.6   3488.3
133   0   -489.4   -90.2   3534.5
133   1   -494.2   -247.9   3482.9
133   2   -615.1   -243.5   3436.5
133   3   -643.0   -430.9   3310.9
133   4   -492.8   -242.3   3277.1
133   5   -371.5   -264.6   3504.2
133   6   -341.8   -447.0   3371.6
133   7   -493.7   -281.3   3277.9
133   8   -501.3   -452.6   3466.8
133   9   -505.6   -621.6   3442.8
133   10   -586.0   -684.0   3410.7
133   11   -580.7   -1030.5   3317.6
133   12   -580.7   -1350.0   3317.6
133   13   -419.8   -682.2   3430.6
133   14   -427.9   -1031.7   3349.7
133   15   -427.9   -1350.9   3349.6
133   16   -517.9   -273.7   3282.7
133   17   -468.4   -308.9   3293.6
133   18   -491.8   -179.6   3488.3
134   0   -489.8   -90.1   3534.5
134   1   -495.9   -247.8   3481.8
134   2   -615.5   -243.7   3432.8
134   3   -643.1   -432.4   3308.9
134   4   -492.7   -242.1   3276.8
134   5   -372.7   -263.7   3499.1
134   6   -343.1   -449.0   3370.7
134   7   -493.9   -280.5   3277.1
134   8   -501.2   -452.0   3462.3
134   9   -505.5   -621.3   3439.2
134   10   -586.3   -684.0   3408.0
134   11   -580.6   -1030.5   3316.4
134   12   -580.5   -1350.4   3315.3
134   13   -419.1   -681.6   3429.1
134   14   -427.9   -1030.9   3349.1
134   15   -427.9   -1350.2   3348.5
134   16   -517.8   -273.8   3282.1
134   17   -468.8   -308.5   3292.7
134   18   -494.1   -179.6   3488.3
135   0   -490.3   -90.0   3534.5
135   1   -497.0   -247.5   3479.6
135   2   -615.5   -244.0   3429.5
135   3   -643.2   -432.3   3305.0
135   4   -491.7   -241.1   3276.1
135   5   -373.4   -263.2   3494.2
135   6   -343.6   -449.7   3367.6
135   7   -493.9   -280.1   3272.5
135   8   -501.1   -453.1   3453.3
135   9   -505.5   -622.6   3431.4
135   10   -586.4   -683.8   3400.1
135   11   -580.4   -1031.0   3313.0
135   12   -580.3   -1351.3   3310.3
135   13   -418.7   -681.5   3425.1
135   14   -427.9   -1030.9   3347.6
135   15   -427.9   -1351.0   3346.4
135   16   -516.9   -272.9   3280.9
135   17   -468.9   -308.4   3288.4
135   18   -495.6   -179.6   3488.3
136   0   -490.8   -89.8   3534.4
136   1   -497.6   -247.2   3477.5
136   2   -615.0   -244.2   3426.6
136   3   -642.9   -430.0   3298.4
136   4   -489.2   -238.7   3276.5
136   5   -373.8   -262.9   3489.2
136   6   -343.7   -449.9   3363.2
136   7   -494.8   -279.2   3269.5
136   8   -500.9   -454.6   3444.4
136   9   -505.5   -624.1   3422.8
136   10   -586.5   -683.6   3392.0
136   11   -580.1   -1031.3   3308.2
136   12   -580.0   -1351.3   3304.6
136   13   -418.6   -681.7   3419.3
136   14   -427.9   -1031.5   3345.6
136   15   -427.8   -1351.9   3344.2
136   16   -514.8   -270.6   3280.1
136   17   -469.6   -307.6   3285.1
136   18   -496.5   -179.6   3488.3
137   0   -491.1   -89.7   3534.2
137   1   -497.9   -247.0   3476.2
137   2   -614.5   -244.2   3424.3
137   3   -642.6   -428.2   3293.6
137   4   -487.1   -237.0   3276.8
137   5   -374.0   -262.8   3485.4
137   6   -343.7   -452.1   3363.0
137   7   -493.4   -280.1   3267.9
137   8   -500.8   -456.3   3439.0
137   9   -505.4   -625.8   3416.3
137   10   -586.9   -683.7   3387.4
137   11   -580.1   -1031.0   3303.1
137   12   -580.0   -1350.5   3299.7
137   13   -418.6   -681.9   3414.4
137   14   -427.8   -1032.1   3343.3
137   15   -427.8   -1352.4   3341.7
137   16   -513.0   -268.9   3279.6
137   17   -468.5   -308.8   3283.7
137   18   -497.0   -179.6   3488.2
138   0   -491.3   -89.6   3533.9
138   1   -498.0   -247.0   3475.6
138   2   -614.4   -244.2   3423.2
138   3   -642.2   -426.1   3289.6
138   4   -484.9   -235.5   3277.1
138   5   -374.0   -262.8   3488.8
138   6   -344.0   -450.9   3364.6
138   7   -493.5   -280.1   3266.2
138   8   -500.6   -457.9   3436.5
138   9   -505.4   -627.2   3412.3
138   10   -587.2   -683.6   3384.7
138   11   -580.0   -1030.8   3299.7
138   12   -580.0   -1350.4   3298.1
138   13   -418.8   -682.1   3410.3
138   14   -427.8   -1032.5   3340.1
138   15   -427.7   -1352.5   3338.0
138   16   -511.1   -267.3   3279.2
138   17   -468.6   -308.6   3282.6
138   18   -497.2   -179.6   3488.1
139   0   -491.4   -89.3   3533.0
139   1   -498.0   -246.9   3475.4
139   2   -614.4   -244.3   3422.7
139   3   -642.0   -425.6   3288.2
139   4   -483.7   -235.2   3276.9
139   5   -373.8   -262.9   3489.1
139   6   -344.1   -451.1   3365.0
139   7   -493.4   -280.1   3265.5
139   8   -500.5   -459.1   3435.6
139   9   -505.4   -628.4   3410.2
139   10   -587.2   -683.7   3383.7
139   11   -580.0   -1030.7   3297.4
139   12   -580.0   -1350.3   3296.5
139   13   -419.1   -682.6   3408.7
139   14   -427.7   -1033.2   3338.7
139   15   -427.7   -1353.5   3338.2
139   16   -510.1   -267.0   3278.8
139   17   -468.5   -308.6   3282.1
139   18   -497.2   -179.6   3488.0
140   0   -491.4   -88.9   3531.7
140   1   -498.0   -247.0   3475.3
140   2   -614.5   -244.4   3422.5
140   3   -641.6   -425.4   3287.5
140   4   -482.6   -235.2   3276.6
140   5   -373.7   -263.0   3487.6
140   6   -344.6   -451.6   3363.8
140   7   -493.8   -279.6   3265.4
140   8   -500.5   -460.1   3435.6
140   9   -505.3   -629.3   3409.3
140   10   -587.1   -683.7   3383.6
140   11   -580.0   -1030.8   3297.2
140   12   -580.0   -1350.7   3297.9
140   13   -419.4   -682.8   3408.1
140   14   -427.7   -1033.6   3338.0
140   15   -427.7   -1353.5   3338.1
140   16   -509.1   -266.9   3278.4
140   17   -468.9   -308.3   3281.8
140   18   -497.2   -179.6   3487.9
141   0   -491.4   -88.7   3530.6
141   1   -498.0   -247.0   3475.3
141   2   -614.7   -244.5   3422.6
141   3   -641.1   -425.3   3287.2
141   4   -482.2   -234.8   3276.1
141   5   -373.6   -263.1   3485.1
141   6   -345.5   -451.5   3360.9
141   7   -495.1   -278.0   3265.3
141   8   -500.6   -460.8   3435.9
141   9   -505.3   -630.0   3409.0
141   10   -587.0   -683.7   3383.8
141   11   -580.0   -1030.9   3297.3
141   12   -580.0   -1350.8   3297.9
141   13   -419.5   -682.9   3408.0
141   14   -427.6   -1033.7   3337.8
141   15   -427.5   -1353.5   3338.0
141   16   -508.7   -266.6   3278.0
141   17   -470.2   -306.9   3281.3
141   18   -497.2   -179.6   3487.7
142   0   -491.4   -88.6   3529.8
142   1   -498.0   -247.0   3475.4
142   2   -614.9   -244.6   3422.8
142   3   -640.7   -425.2   3286.9
142   4   -482.0   -234.3   3275.5
142   5   -373.5   -263.1   3485.6
142   6   -345.9   -450.8   3360.1
142   7   -495.7   -276.8   3265.0
142   8   -500.6   -461.2   3436.4
142   9   -505.2   -630.6   3408.9
142   10   -586.8   -683.8   3384.0
142   11   -580.0   -1031.0   3297.5
142   12   -580.0   -1350.7   3297.9
142   13   -419.7   -682.9   3408.1
142   14   -427.5   -1033.8   3337.8
142   15   -427.4   -1353.5   3338.0
142   16   -508.4   -266.1   3277.4
142   17   -470.7   -305.8   3280.8
142   18   -497.2   -179.6   3487.6
143   0   -491.4   -88.6   3529.0
143   1   -498.0   -247.0   3475.5
143   2   -615.0   -244.7   3422.9
143   3   -640.2   -425.1   3286.8
143   4   -481.8   -233.8   3274.8
143   5   -373.4   -263.2   3486.2
143   6   -345.9   -450.2   3359.7
143   7   -495.5   -275.9   3264.6
143   8   -500.5   -461.6   3436.9
143   9   -505.2   -631.0   3409.0
143   10   -586.6   -683.8   3384.4
143   11   -580.0   -1030.9   3297.4
143   12   -580.0   -1350.5   3297.5
143   13   -419.8   -683.0   3408.2
143   14   -427.3   -1033.8   3337.8
143   15   -427.2   -1353.4   3338.0
143   16   -508.2   -265.7   3276.8
143   17   -470.6   -304.9   3280.4
143   18   -497.2   -179.6   3487.6
144   0   -491.4   -88.5   3528.3
144   1   -498.0   -247.1   3475.6
144   2   -615.3   -244.8   3423.3
144   3   -639.6   -425.0   3286.7
144   4   -481.5   -233.5   3273.9
144   5   -373.3   -263.3   3487.0
144   6   -345.6   -449.7   3359.7
144   7   -495.0   -275.2   3264.3
144   8   -500.5   -462.0   3437.6
144   9   -505.1   -631.4   3409.3
144   10   -586.3   -683.8   3384.8
144   11   -580.0   -1030.8   3297.4
144   12   -580.0   -1350.4   3297.5
144   13   -419.9   -683.0   3408.3
144   14   -427.1   -1033.8   3337.9
144   15   -427.0   -1353.5   3338.0
144   16   -507.8   -265.4   3276.0
144   17   -470.1   -304.3   3280.2
144   18   -497.2   -179.6   3487.6
145   0   -491.0   -88.6   3527.8
145   1   -497.9   -247.2   3476.3
145   2   -616.5   -245.6   3426.0
145   3   -638.8   -424.5   3287.3
145   4   -480.7   -232.9   3272.8
145   5   -373.2   -263.4   3487.5
145   6   -344.9   -449.8   3360.2
145   7   -494.3   -275.4   3264.4
145   8   -500.5   -462.7   3440.3
145   9   -504.8   -632.3   3411.8
145   10   -585.7   -683.6   3385.3
145   11   -580.0   -1030.4   3297.5
145   12   -580.0   -1349.9   3297.6
145   13   -419.6   -683.3   3408.5
145   14   -427.0   -1034.1   3337.9
145   15   -426.9   -1354.0   3338.0
145   16   -507.0   -264.8   3275.2
145   17   -469.4   -304.4   3280.4
145   18   -497.2   -179.6   3487.6
146   0   -490.5   -88.8   3527.4
146   1   -497.9   -247.3   3477.4
146   2   -618.1   -246.6   3430.1
146   3   -638.0   -423.5   3288.6
146   4   -479.4   -232.4   3272.1
146   5   -373.0   -263.4   3487.8
146   6   -344.0   -450.2   3361.2
146   7   -493.5   -276.2   3264.6
146   8   -500.4   -463.7   3445.0
146   9   -504.3   -633.4   3416.5
146   10   -584.6   -683.1   3386.0
146   11   -580.0   -1029.8   3297.7
146   12   -580.0   -1349.0   3297.9
146   13   -419.1   -683.7   3408.7
146   14   -426.9   -1034.3   3337.9
146   15   -426.9   -1354.3   3337.9
146   16   -505.8   -264.2   3274.8
146   17   -468.6   -305.2   3280.7
146   18   -497.1   -179.6   3487.6
