2   0   -37.6   497.6   3567.1
2   1   -39.8   335.1   3562.6
2   2   -186.2   324.0   3567.1
2   3   -172.2   126.5   3442.3
2   4   -17.1   325.6   3397.0
2   5   96.5   314.5   3594.4
2   6   108.1   117.4   3468.6
2   7   -65.1   298.9   3415.7
2   8   -42.4   128.9   3605.3
2   9   -46.6   -37.4   3615.6
2   10   -149.9   -143.1   3650.4
2   11   -130.8   -492.0   3635.1
2   12   -81.5   -812.5   3723.4
2   13   50.7   -143.0   3658.7
2   14   -0.3   -488.7   3674.3
2   15   -83.8   -810.0   3726.5
2   16   -42.9   292.4   3404.6
2   17   -36.2   268.7   3424.5
2   18   -38.9   404.1   3548.4
3   0   -37.1   500.0   3567.6
3   1   -39.1   337.6   3563.1
3   2   -184.5   324.7   3564.8
3   3   -174.3   125.4   3442.9
3   4   -21.5   325.0   3393.3
3   5   97.9   317.0   3590.3
3   6   111.1   117.1   3470.1
3   7   -60.2   298.9   3412.9
3   8   -41.8   131.1   3607.4
3   9   -46.3   -35.7   3619.0
3   10   -148.4   -138.6   3650.1
3   11   -131.7   -487.7   3640.0
3   12   -79.5   -809.1   3718.8
3   13   49.3   -139.7   3659.1
3   14   3.7   -485.9   3675.2
3   15   -78.6   -807.9   3718.1
3   16   -46.9   291.7   3401.6
3   17   -31.6   268.5   3422.5
3   18   -38.3   406.5   3548.4
4   0   -35.5   507.5   3569.1
4   1   -37.3   345.2   3564.4
4   2   -180.8   330.0   3562.3
4   3   -179.9   127.3   3446.9
4   4   -29.4   322.5   3385.4
4   5   99.2   321.8   3582.6
4   6   117.3   115.5   3476.5
4   7   -48.8   294.8   3407.2
4   8   -40.4   137.8   3613.7
4   9   -45.5   -29.5   3629.2
4   10   -140.2   -131.8   3650.3
4   11   -132.6   -480.9   3651.8
4   12   -77.8   -804.5   3702.4
4   13   40.7   -135.6   3660.0
4   14   10.2   -482.5   3660.1
4   15   -73.5   -803.7   3702.4
4   16   -54.5   290.0   3395.7
4   17   -21.2   264.9   3418.7
4   18   -36.3   413.8   3548.2
5   0   -33.6   516.6   3571.4
5   1   -35.0   354.7   3566.2
5   2   -175.4   336.2   3562.0
5   3   -189.2   130.4   3453.2
5   4   -38.6   316.9   3379.0
5   5   100.8   329.0   3574.9
5   6   123.7   115.0   3486.6
5   7   -36.5   288.0   3401.4
5   8   -38.7   145.5   3622.1
5   9   -44.6   -22.5   3641.0
5   10   -137.6   -116.6   3650.3
5   11   -134.6   -465.7   3661.8
5   12   -81.8   -791.9   3686.7
5   13   37.9   -124.7   3661.6
5   14   16.6   -472.8   3667.4
5   15   -70.7   -793.2   3688.2
5   16   -63.7   285.8   3391.4
5   17   -9.8   259.2   3415.6
5   18   -33.8   422.8   3548.1
6   0   -32.1   522.2   3573.4
6   1   -33.5   360.6   3567.3
6   2   -171.6   340.1   3561.2
6   3   -194.9   132.2   3457.3
6   4   -44.5   314.2   3374.7
6   5   101.0   332.6   3570.3
6   6   126.9   115.4   3488.7
6   7   -29.5   288.0   3397.7
6   8   -37.6   151.0   3626.5
6   9   -43.9   -17.6   3646.9
6   10   -136.7   -108.9   3650.0
6   11   -136.0   -460.7   3665.2
6   12   -83.5   -788.0   3678.2
6   13   36.5   -120.1   3662.5
6   14   20.0   -471.4   3674.6
6   15   -72.2   -790.1   3675.1
6   16   -69.6   283.9   3388.5
6   17   -3.4   259.3   3412.9
6   18   -32.1   428.4   3548.1
7   0   -31.4   524.0   3574.7
7   1   -32.7   362.7   3567.4
7   2   -169.6   341.7   3560.3
7   3   -196.8   132.5   3458.9
7   4   -47.1   313.9   3372.2
7   5   100.6   333.9   3568.3
7   6   128.1   116.5   3486.2
7   7   -26.3   291.9   3395.5
7   8   -36.8   153.4   3626.6
7   9   -43.5   -17.3   3646.3
7   10   -137.0   -108.3   3649.3
7   11   -136.7   -461.1   3666.6
7   12   -83.0   -788.4   3672.7
7   13   37.8   -119.5   3663.1
7   14   22.2   -472.0   3679.3
7   15   -79.7   -787.3   3673.9
7   16   -72.0   283.7   3386.7
7   17   -0.6   262.7   3410.6
7   18   -31.3   430.5   3548.2
8   0   -31.1   523.6   3575.4
8   1   -32.4   362.5   3567.1
8   2   -168.8   342.2   3559.7
8   3   -196.7   132.4   3459.5
8   4   -47.4   314.3   3370.8
8   5   100.5   334.2   3567.6
8   6   128.2   116.1   3486.9
8   7   -23.8   294.4   3395.3
8   8   -36.7   153.9   3624.6
8   9   -43.5   -19.5   3643.5
8   10   -136.3   -115.1   3648.9
8   11   -137.2   -468.2   3656.8
8   12   -81.7   -794.9   3672.6
8   13   39.7   -122.2   3663.7
8   14   19.5   -474.6   3676.1
8   15   -75.2   -792.4   3676.8
8   16   -72.2   284.0   3385.6
8   17   1.5   264.7   3410.6
8   18   -31.0   430.5   3548.3
9   0   -31.0   522.7   3576.3
9   1   -32.4   361.2   3566.7
9   2   -168.8   342.1   3559.3
9   3   -195.4   132.5   3458.5
9   4   -46.0   315.7   3369.8
9   5   100.5   334.0   3567.5
9   6   127.7   115.2   3488.5
9   7   -21.4   296.8   3396.1
9   8   -36.9   153.2   3622.3
9   9   -43.6   -21.0   3640.2
9   10   -138.6   -118.9   3648.8
9   11   -137.6   -471.5   3660.1
9   12   -80.9   -798.0   3671.9
9   13   41.1   -126.2   3664.1
9   14   21.9   -478.1   3680.9
9   15   -53.4   -800.2   3670.8
9   16   -70.9   285.2   3384.6
9   17   3.5   266.5   3411.5
9   18   -30.9   429.3   3548.5
10   0   -31.1   521.7   3576.9
10   1   -32.5   359.4   3566.5
10   2   -169.0   341.9   3559.0
10   3   -193.2   133.1   3455.9
10   4   -43.6   318.0   3368.8
10   5   100.7   333.7   3567.7
10   6   127.7   113.5   3492.8
10   7   -19.2   295.9   3396.4
10   8   -37.3   152.1   3620.7
10   9   -44.0   -21.9   3637.7
10   10   -140.5   -121.4   3648.8
10   11   -137.8   -473.3   3664.5
10   12   -80.3   -799.4   3671.9
10   13   40.9   -130.3   3664.1
10   14   24.0   -481.5   3686.2
10   15   -26.4   -806.1   3654.9
10   16   -68.5   287.2   3383.3
10   17   5.3   265.5   3412.5
10   18   -31.0   427.6   3548.7
11   0   -31.1   519.5   3576.8
11   1   -32.7   357.4   3566.5
11   2   -169.3   341.7   3558.8
11   3   -192.3   133.5   3454.3
11   4   -41.8   319.1   3368.2
11   5   100.8   333.2   3568.0
11   6   128.1   112.8   3494.0
11   7   -18.3   296.1   3396.6
11   8   -38.0   148.5   3620.4
11   9   -44.6   -24.9   3636.5
11   10   -141.3   -121.6   3648.8
11   11   -137.8   -473.5   3666.7
11   12   -80.2   -799.2   3672.5
11   13   41.1   -129.4   3664.3
11   14   22.4   -480.8   3682.3
11   15   -35.0   -804.5   3651.3
11   16   -66.9   288.2   3382.6
11   17   6.1   265.5   3412.9
11   18   -31.0   425.6   3548.9
12   0   -31.2   517.0   3576.2
12   1   -32.9   355.0   3566.6
12   2   -169.6   341.4   3558.5
12   3   -192.5   133.7   3453.0
12   4   -41.1   319.7   3367.8
12   5   101.0   332.7   3568.3
12   6   128.6   112.7   3493.2
12   7   -18.0   297.0   3396.8
12   8   -38.7   144.1   3621.0
12   9   -45.4   -30.3   3636.5
12   10   -141.0   -119.9   3648.6
12   11   -137.7   -471.5   3667.4
12   12   -80.6   -797.0   3673.6
12   13   41.8   -124.2   3664.4
12   14   22.5   -475.3   3683.9
12   15   -42.3   -796.8   3646.2
12   16   -66.3   288.7   3382.0
12   17   6.4   266.3   3412.8
12   18   -31.1   423.3   3549.1
13   0   -31.2   514.4   3575.5
13   1   -33.1   352.4   3566.9
13   2   -170.0   341.0   3558.3
13   3   -193.4   133.6   3452.4
13   4   -41.3   319.7   3367.4
13   5   101.4   332.5   3569.3
13   6   129.1   113.8   3490.9
13   7   -18.3   299.1   3396.4
13   8   -39.5   139.3   3621.6
13   9   -46.3   -36.0   3637.0
13   10   -140.2   -116.7   3648.4
13   11   -137.4   -470.6   3667.5
13   12   -80.6   -795.8   3674.0
13   13   41.3   -118.9   3664.0
13   14   21.9   -472.3   3682.9
13   15   -49.6   -792.1   3643.4
13   16   -66.7   288.7   3381.6
13   17   6.3   268.2   3412.2
13   18   -31.1   420.7   3549.3
14   0   -31.2   512.7   3575.0
14   1   -33.3   350.5   3567.1
14   2   -170.1   340.9   3558.0
14   3   -195.7   133.7   3452.2
14   4   -42.4   319.0   3366.9
14   5   101.5   332.6   3570.9
14   6   129.9   115.9   3487.1
14   7   -18.9   302.1   3395.8
14   8   -40.3   135.5   3622.2
14   9   -47.2   -40.7   3637.7
14   10   -139.9   -115.7   3648.2
14   11   -137.5   -470.3   3655.0
14   12   -80.3   -796.3   3675.8
14   13   37.0   -121.7   3662.8
14   14   22.9   -475.8   3681.9
14   15   -51.5   -796.5   3639.9
14   16   -67.9   288.1   3381.1
14   17   5.9   271.1   3411.0
14   18   -31.1   418.7   3549.7
15   0   -31.3   512.1   3574.9
15   1   -33.6   349.2   3568.3
15   2   -170.0   341.0   3557.7
15   3   -199.4   134.2   3452.2
15   4   -44.1   318.2   3366.8
15   5   101.2   332.8   3573.1
15   6   131.9   120.7   3479.5
15   7   -20.0   307.7   3394.8
15   8   -41.2   132.6   3622.6
15   9   -48.1   -44.2   3638.2
15   10   -139.9   -114.7   3646.8
15   11   -138.3   -469.0   3656.8
15   12   -80.2   -795.5   3675.3
15   13   38.4   -116.6   3663.2
15   14   22.5   -470.2   3682.7
15   15   -49.9   -792.1   3642.2
15   16   -70.0   287.5   3381.0
15   17   5.3   276.6   3408.9
15   18   -31.2   417.6   3551.2
16   0   -31.3   512.2   3575.2
16   1   -33.8   348.5   3570.6
16   2   -169.7   341.2   3557.7
16   3   -210.4   136.7   3451.8
16   4   -49.8   316.7   3367.4
16   5   100.7   333.2   3576.8
16   6   140.9   133.5   3463.5
16   7   -20.8   318.3   3394.2
16   8   -42.0   130.3   3623.0
16   9   -48.7   -46.9   3638.6
16   10   -139.8   -113.7   3646.2
16   11   -138.7   -467.1   3661.9
16   12   -80.3   -793.7   3674.8
16   13   38.3   -114.5   3663.0
16   14   22.5   -467.4   3683.1
16   15   -50.0   -790.1   3654.6
16   16   -76.6   286.7   3381.5
16   17   6.1   287.5   3405.7
16   18   -31.2   417.0   3554.1
17   0   -31.3   512.5   3576.2
17   1   -34.0   348.1   3572.9
17   2   -169.3   341.4   3557.6
17   3   -239.2   160.9   3431.8
17   4   -53.2   321.8   3370.8
17   5   100.3   333.5   3579.1
17   6   167.5   165.7   3437.2
17   7   -22.8   326.8   3399.1
17   8   -42.6   128.6   3623.1
17   9   -49.1   -48.9   3638.9
17   10   -139.8   -113.8   3645.8
17   11   -138.8   -466.2   3666.3
17   12   -79.9   -792.4   3675.8
17   13   36.6   -116.4   3662.5
17   14   22.5   -468.6   3682.9
17   15   -53.5   -790.5   3681.9
17   16   -84.2   295.0   3381.0
17   17   8.9   300.0   3405.5
17   18   -31.3   416.8   3557.2
18   0   -31.4   512.7   3577.5
18   1   -34.1   347.9   3574.6
18   2   -168.9   341.7   3557.6
18   3   -278.7   215.6   3406.8
18   4   -65.4   345.6   3374.4
18   5   100.0   334.3   3581.3
18   6   212.2   212.8   3425.9
18   7   -1.4   346.2   3400.3
18   8   -42.9   127.4   3623.4
18   9   -49.3   -50.5   3639.0
18   10   -140.0   -112.9   3645.6
18   11   -138.9   -464.5   3666.8
18   12   -79.5   -790.1   3679.3
18   13   38.8   -111.8   3662.9
18   14   23.7   -463.3   3682.1
18   15   -55.1   -784.0   3699.0
18   16   -100.9   323.9   3379.8
18   17   34.2   323.9   3404.5
18   18   -31.4   416.7   3559.4
19   0   -31.4   512.8   3579.1
19   1   -34.2   347.9   3576.2
19   2   -168.4   342.0   3562.3
19   3   -315.8   279.0   3404.6
19   4   -94.1   389.5   3351.7
19   5   99.6   335.9   3586.0
19   6   250.9   278.7   3428.6
19   7   25.5   383.3   3379.5
19   8   -43.0   126.7   3623.8
19   9   -49.4   -52.2   3639.1
19   10   -140.7   -110.4   3645.3
19   11   -139.1   -461.6   3665.5
19   12   -79.5   -786.2   3685.3
19   13   40.8   -106.9   3663.1
19   14   24.4   -457.8   3681.6
19   15   -54.5   -778.2   3702.9
19   16   -131.0   371.1   3360.5
19   17   63.1   365.8   3387.7
19   18   -31.4   416.7   3561.4
20   0   -32.5   513.2   3580.3
20   1   -34.3   347.9   3578.1
20   2   -167.7   342.4   3568.1
20   3   -341.2   345.9   3421.2
20   4   -150.0   427.7   3295.2
20   5   100.8   339.8   3588.9
20   6   284.1   347.4   3455.6
20   7   90.4   418.2   3329.2
20   8   -43.2   126.5   3624.4
20   9   -49.4   -51.9   3638.9
20   10   -142.5   -105.4   3644.7
20   11   -139.5   -456.1   3665.0
20   12   -80.1   -779.9   3691.3
20   13   42.0   -103.3   3662.5
20   14   25.1   -453.7   3681.0
20   15   -52.3   -774.4   3697.0
20   16   -181.8   414.1   3316.2
20   17   122.6   406.5   3350.3
20   18   -31.5   416.9   3563.7
21   0   -34.6   515.1   3581.3
21   1   -34.4   350.0   3580.0
21   2   -167.8   346.8   3570.1
21   3   -360.3   402.2   3454.8
21   4   -248.4   476.1   3261.0
21   5   103.6   349.7   3591.4
21   6   311.0   396.9   3502.1
21   7   157.7   459.0   3320.5
21   8   -43.3   128.8   3624.9
21   9   -49.4   -48.5   3638.6
21   10   -143.6   -100.1   3643.6
21   11   -139.0   -450.6   3645.3
21   12   -80.7   -773.8   3695.5
21   13   41.4   -101.6   3661.0
21   14   18.4   -451.5   3665.7
21   15   -50.3   -775.1   3698.5
21   16   -266.9   463.8   3293.3
21   17   183.2   448.6   3350.8
21   18   -31.6   419.0   3565.9
22   0   -37.7   520.4   3580.5
22   1   -34.5   354.5   3581.7
22   2   -168.8   356.1   3570.9
22   3   -356.2   445.2   3457.5
22   4   -357.1   564.4   3264.1
22   5   105.5   361.6   3593.8
22   6   310.1   436.8   3502.6
22   7   283.9   552.0   3314.5
22   8   -43.4   134.1   3625.2
22   9   -49.4   -41.9   3638.2
22   10   -145.1   -90.4   3641.4
22   11   -139.6   -440.7   3648.6
22   12   -81.5   -765.5   3695.0
22   13   39.4   -99.1   3658.3
22   14   19.7   -448.9   3666.8
22   15   -49.8   -773.7   3695.0
22   16   -357.0   544.6   3296.3
22   17   288.3   532.8   3345.8
22   18   -31.7   423.6   3568.0
23   0   -40.3   527.8   3576.5
23   1   -34.6   360.8   3582.3
23   2   -169.2   365.9   3570.9
23   3   -342.3   471.3   3446.7
23   4   -421.4   635.6   3298.5
23   5   105.8   371.5   3593.3
23   6   301.1   465.3   3495.5
23   7   366.9   631.3   3356.1
23   8   -43.4   141.4   3625.0
23   9   -49.3   -33.4   3637.7
23   10   -142.9   -87.0   3638.3
23   11   -139.5   -436.7   3656.7
23   12   -80.9   -762.4   3694.0
23   13   36.5   -96.7   3654.8
23   14   21.5   -446.2   3671.4
23   15   -47.2   -771.7   3689.1
23   16   -408.3   608.3   3323.2
23   17   356.1   603.7   3379.3
23   18   -31.8   430.0   3568.8
24   0   -42.0   535.8   3568.0
24   1   -34.7   368.0   3582.1
24   2   -167.9   372.8   3569.3
24   3   -337.6   490.6   3451.9
24   4   -467.4   675.2   3344.5
24   5   104.9   378.8   3590.8
24   6   299.1   485.5   3505.7
24   7   412.4   680.2   3404.8
24   8   -43.2   149.5   3624.6
24   9   -49.3   -24.3   3637.1
24   10   -140.2   -85.1   3636.5
24   11   -139.0   -434.3   3660.9
24   12   -80.3   -760.1   3693.1
24   13   33.8   -94.4   3650.8
24   14   22.0   -443.5   3675.9
24   15   -40.8   -769.8   3680.1
24   16   -445.9   644.5   3362.4
24   17   393.6   647.8   3421.6
24   18   -32.0   437.1   3568.6
25   0   -42.9   542.6   3558.1
25   1   -34.7   374.7   3581.5
25   2   -165.7   377.0   3566.3
25   3   -340.2   495.1   3458.8
25   4   -490.9   694.7   3381.0
25   5   102.2   382.7   3591.8
25   6   299.1   490.2   3517.0
25   7   427.2   702.2   3432.4
25   8   -42.9   156.8   3624.0
25   9   -49.1   -16.2   3636.3
25   10   -138.7   -84.5   3635.7
25   11   -138.6   -433.4   3663.4
25   12   -79.9   -761.6   3692.3
25   13   32.5   -93.3   3649.1
25   14   19.0   -441.6   3641.9
25   15   -30.4   -768.4   3680.0
25   16   -465.8   661.4   3393.9
25   17   405.9   666.9   3446.5
25   18   -32.1   443.8   3568.0
26   0   -43.2   546.4   3547.9
26   1   -34.8   379.3   3580.5
26   2   -163.7   378.8   3562.2
26   3   -342.5   496.3   3463.9
26   4   -498.4   698.9   3388.0
26   5   99.8   384.3   3591.4
26   6   299.2   487.0   3519.4
26   7   428.3   705.3   3437.4
26   8   -42.8   161.4   3623.4
26   9   -49.0   -10.9   3635.5
26   10   -138.7   -83.2   3635.0
26   11   -138.7   -431.9   3665.4
26   12   -79.9   -760.6   3691.3
26   13   32.0   -92.6   3648.2
26   14   20.1   -441.2   3656.4
26   15   -23.9   -771.0   3675.0
26   16   -472.4   665.1   3400.7
26   17   406.7   668.9   3451.1
26   18   -32.2   448.4   3566.9
27   0   -43.6   548.3   3543.1
27   1   -34.8   381.3   3579.5
27   2   -162.4   379.0   3560.5
27   3   -342.6   495.6   3465.1
27   4   -498.9   690.3   3376.4
27   5   98.2   384.4   3591.3
27   6   298.8   479.8   3515.6
27   7   424.7   698.6   3432.9
27   8   -42.6   162.9   3622.7
27   9   -48.9   -9.0   3634.4
27   10   -139.0   -85.4   3634.4
27   11   -138.8   -433.9   3665.3
27   12   -79.6   -761.9   3691.1
27   13   32.8   -93.9   3648.1
27   14   21.7   -442.4   3667.6
27   15   -25.6   -772.3   3677.4
27   16   -472.8   657.8   3391.2
27   17   403.7   662.1   3446.7
27   18   -32.4   450.4   3565.8
28   0   -44.0   549.1   3542.0
28   1   -34.9   381.7   3578.4
28   2   -161.7   378.4   3560.2
28   3   -341.1   494.3   3463.8
28   4   -495.5   677.5   3356.3
28   5   97.1   383.9   3591.1
28   6   298.0   473.0   3510.2
28   7   422.3   688.8   3423.4
28   8   -42.4   164.3   3621.4
28   9   -48.7   -7.2   3633.2
28   10   -139.4   -89.5   3633.9
28   11   -139.0   -437.8   3665.6
28   12   -79.1   -764.8   3691.1
28   13   34.3   -96.3   3648.3
28   14   22.9   -444.6   3674.3
28   15   -30.6   -773.2   3679.3
28   16   -469.8   646.9   3374.2
28   17   401.6   652.8   3437.8
28   18   -32.5   450.8   3564.7
29   0   -44.3   549.4   3543.3
29   1   -34.9   381.4   3577.4
29   2   -161.4   377.5   3560.6
29   3   -339.8   492.0   3461.6
29   4   -492.4   670.3   3346.0
29   5   96.4   383.2   3591.0
29   6   297.9   466.9   3506.6
29   7   424.1   677.7   3415.0
29   8   -42.3   165.7   3620.2
29   9   -48.5   -5.5   3631.9
29   10   -139.4   -94.2   3634.1
29   11   -139.2   -442.5   3665.0
29   12   -78.8   -768.3   3691.3
29   13   35.7   -99.1   3648.6
29   14   17.1   -446.1   3638.1
29   15   -40.9   -766.5   3688.1
29   16   -467.0   640.6   3365.2
29   17   403.0   642.6   3430.3
29   18   -32.6   450.4   3563.7
30   0   -44.5   549.8   3547.4
30   1   -35.0   380.8   3576.7
30   2   -161.3   376.6   3561.4
30   3   -338.5   489.0   3458.4
30   4   -489.8   667.0   3341.8
30   5   95.9   382.4   3591.0
30   6   296.3   463.5   3501.9
30   7   427.4   666.4   3402.7
30   8   -42.1   166.9   3619.2
30   9   -48.3   -4.0   3630.8
30   10   -139.9   -96.9   3634.6
30   11   -139.5   -445.1   3665.1
30   12   -78.9   -770.1   3690.8
30   13   36.2   -101.7   3648.8
30   14   19.7   -449.2   3656.7
30   15   -50.9   -769.3   3684.4
30   16   -464.6   637.3   3361.2
30   17   405.5   632.6   3419.3
30   18   -32.8   449.8   3563.0
31   0   -44.6   549.9   3551.2
31   1   -35.2   380.2   3576.4
31   2   -161.4   376.0   3561.8
31   3   -336.4   486.0   3452.8
31   4   -488.6   666.4   3342.7
31   5   95.6   381.7   3590.9
31   6   294.4   461.8   3497.7
31   7   431.9   658.6   3396.9
31   8   -42.1   168.0   3618.6
31   9   -48.2   -2.8   3629.8
31   10   -140.6   -97.3   3634.8
31   11   -139.9   -445.4   3665.3
31   12   -79.9   -769.8   3690.0
31   13   36.4   -102.6   3648.9
31   14   21.2   -450.2   3669.7
31   15   -52.9   -770.9   3679.8
31   16   -463.3   636.3   3361.1
31   17   409.0   625.8   3413.7
31   18   -32.9   449.2   3562.6
32   0   -44.5   549.8   3553.7
32   1   -35.3   379.7   3576.1
32   2   -161.6   375.7   3561.8
32   3   -334.3   483.4   3447.3
32   4   -487.5   666.2   3344.0
32   5   95.3   381.2   3590.8
32   6   291.8   460.6   3492.7
32   7   437.4   652.8   3395.4
32   8   -42.0   168.9   3618.2
32   9   -48.2   -1.7   3629.0
32   10   -141.4   -96.0   3634.9
32   11   -140.4   -443.9   3666.0
32   12   -81.5   -768.2   3687.0
32   13   36.4   -102.5   3648.9
32   14   21.8   -450.1   3676.1
32   15   -50.8   -771.6   3673.5
32   16   -462.0   635.8   3361.3
32   17   413.1   620.8   3411.6
32   18   -33.1   448.7   3562.3
33   0   -44.2   549.9   3555.0
33   1   -35.4   379.5   3575.9
33   2   -161.7   375.6   3561.8
33   3   -330.3   480.7   3439.0
33   4   -486.2   665.6   3345.4
33   5   95.0   380.8   3590.7
33   6   288.2   459.3   3485.7
33   7   439.0   649.1   3393.4
33   8   -42.0   169.8   3618.0
33   9   -48.1   -0.6   3628.5
33   10   -142.5   -93.5   3635.1
33   11   -141.1   -441.3   3666.2
33   12   -83.6   -765.4   3685.4
33   13   36.2   -102.0   3648.9
33   14   21.6   -449.5   3679.2
33   15   -42.8   -772.2   3664.0
33   16   -460.2   634.7   3361.0
33   17   413.9   617.5   3408.8
33   18   -33.2   448.5   3562.1
34   0   -43.1   550.1   3555.6
34   1   -35.5   379.6   3575.7
34   2   -161.9   375.5   3561.6
34   3   -326.3   478.7   3431.9
34   4   -483.8   664.2   3342.8
34   5   94.7   380.6   3590.7
34   6   286.7   458.8   3483.1
34   7   436.7   645.7   3384.5
34   8   -42.0   170.8   3617.8
34   9   -48.1   0.5   3628.2
34   10   -143.6   -90.6   3635.2
34   11   -141.9   -438.2   3666.5
34   12   -85.8   -762.2   3684.6
34   13   35.9   -101.1   3649.0
34   14   21.1   -448.4   3680.6
34   15   -35.2   -772.0   3655.7
34   16   -457.5   633.3   3357.6
34   17   411.7   614.6   3401.0
34   18   -33.4   448.5   3561.8
35   0   -41.7   550.3   3555.7
35   1   -35.6   379.6   3575.5
35   2   -162.1   375.5   3561.4
35   3   -324.8   477.6   3428.8
35   4   -481.4   664.1   3338.9
35   5   94.5   380.6   3590.6
35   6   285.9   458.6   3482.2
35   7   432.6   643.8   3374.8
35   8   -42.1   171.5   3617.7
35   9   -48.1   1.4   3628.0
35   10   -143.9   -89.1   3635.3
35   11   -142.5   -436.6   3666.1
35   12   -88.2   -760.6   3684.1
35   13   35.7   -100.2   3649.1
35   14   20.7   -447.3   3681.4
35   15   -37.6   -769.8   3651.4
35   16   -455.3   633.0   3353.9
35   17   408.2   612.9   3392.7
35   18   -33.5   448.5   3561.5
36   0   -40.2   550.4   3555.6
36   1   -35.8   379.6   3575.2
36   2   -162.3   375.4   3561.1
36   3   -324.4   476.9   3427.4
36   4   -479.9   663.6   3333.6
36   5   94.3   380.4   3590.5
36   6   285.0   458.3   3480.9
36   7   425.9   645.8   3367.8
36   8   -42.1   172.2   3617.6
36   9   -48.2   2.2   3628.0
36   10   -143.6   -88.5   3635.4
36   11   -143.1   -435.9   3664.9
36   12   -88.8   -761.9   3684.0
36   13   35.1   -99.8   3649.6
36   14   15.6   -447.0   3675.3
36   15   -28.3   -773.9   3650.6
36   16   -454.0   632.5   3349.2
36   17   402.4   614.5   3386.7
36   18   -33.7   448.4   3561.1
37   0   -38.7   550.5   3555.5
37   1   -35.9   379.6   3574.9
37   2   -162.5   375.3   3560.7
37   3   -324.7   475.8   3426.5
37   4   -479.5   663.3   3330.2
37   5   94.1   380.3   3590.5
37   6   284.0   457.9   3479.5
37   7   414.7   649.8   3359.6
37   8   -42.1   172.7   3617.5
37   9   -48.2   2.9   3628.0
37   10   -143.3   -88.1   3635.5
37   11   -143.3   -435.4   3665.0
37   12   -89.1   -761.9   3684.0
37   13   34.6   -99.4   3650.1
37   14   11.1   -446.0   3644.4
37   15   -18.8   -774.0   3655.7
37   16   -453.7   632.1   3346.3
37   17   392.9   617.8   3379.6
37   18   -33.8   448.4   3560.7
38   0   -37.7   550.4   3555.3
38   1   -36.1   379.6   3574.6
38   2   -162.7   375.1   3560.3
38   3   -324.8   472.7   3424.0
38   4   -471.4   654.4   3308.5
38   5   94.0   380.2   3590.4
38   6   282.6   456.9   3476.9
38   7   399.7   648.3   3344.1
38   8   -42.2   173.2   3617.5
38   9   -48.2   3.5   3628.0
38   10   -142.8   -87.9   3635.6
38   11   -143.2   -435.1   3664.9
38   12   -89.3   -761.2   3684.0
38   13   34.1   -98.9   3650.3
38   14   8.3   -444.8   3625.3
38   15   -11.1   -772.4   3659.3
38   16   -447.0   624.1   3327.8
38   17   380.2   616.4   3366.2
38   18   -34.0   448.3   3560.3
39   0   -37.2   550.4   3555.1
39   1   -36.2   379.6   3574.3
39   2   -163.0   375.0   3559.9
39   3   -321.7   461.7   3413.5
39   4   -449.9   636.0   3271.9
39   5   93.9   380.2   3590.4
39   6   277.9   451.2   3466.8
39   7   359.6   645.0   3317.0
39   8   -42.2   173.6   3617.4
39   9   -48.2   4.0   3628.0
39   10   -142.6   -87.8   3635.6
39   11   -143.1   -434.8   3664.8
39   12   -89.2   -760.2   3684.4
39   13   34.0   -98.5   3649.8
39   14   14.0   -445.0   3647.9
39   15   -10.4   -772.7   3655.8
39   16   -428.6   606.9   3295.5
39   17   346.0   612.7   3341.9
39   18   -34.2   448.3   3559.9
40   0   -36.9   550.3   3554.9
40   1   -36.3   379.5   3574.3
40   2   -163.3   374.8   3559.8
40   3   -308.4   435.7   3391.7
40   4   -381.8   621.0   3231.0
40   5   93.8   380.2   3590.3
40   6   264.8   430.8   3444.2
40   7   261.1   628.6   3289.8
40   8   -42.2   173.8   3617.4
40   9   -48.2   4.3   3628.0
40   10   -142.4   -87.8   3635.6
40   11   -142.9   -434.6   3664.6
40   12   -89.1   -759.3   3684.5
40   13   34.0   -98.4   3649.5
40   14   17.7   -444.7   3666.5
40   15   -15.3   -771.1   3653.6
40   16   -369.6   590.1   3257.8
40   17   261.7   595.6   3315.5
40   18   -34.4   448.2   3559.9
41   0   -36.7   550.1   3554.7
41   1   -36.5   379.5   3574.5
41   2   -163.5   374.7   3559.8
41   3   -285.1   403.6   3366.2
41   4   -267.6   584.9   3196.5
41   5   93.8   380.1   3590.3
41   6   222.4   389.7   3405.1
41   7   131.8   592.6   3302.5
41   8   -42.2   174.0   3617.5
41   9   -48.2   4.6   3628.0
41   10   -142.4   -87.7   3635.6
41   11   -142.7   -434.3   3664.7
41   12   -88.7   -758.4   3683.0
41   13   34.1   -98.1   3649.3
41   14   18.8   -444.3   3674.6
41   15   -34.9   -767.2   3653.2
41   16   -270.5   554.7   3224.8
41   17   146.8   558.8   3319.6
41   18   -34.6   448.1   3560.2
42   0   -36.6   550.1   3552.3
42   1   -36.6   379.7   3574.7
42   2   -163.0   373.1   3559.9
42   3   -225.2   377.8   3340.1
42   4   -123.6   563.8   3216.7
42   5   91.8   375.9   3589.8
42   6   151.7   329.7   3381.2
42   7   30.9   545.8   3329.3
42   8   -42.3   174.5   3617.6
42   9   -48.2   5.2   3628.1
42   10   -142.4   -87.6   3635.6
42   11   -142.3   -434.0   3665.4
42   12   -88.0   -757.5   3682.3
42   13   34.3   -97.7   3649.3
42   14   19.3   -443.7   3678.5
42   15   -33.8   -766.5   3652.3
42   16   -140.4   532.8   3237.3
42   17   50.9   509.8   3337.9
42   18   -34.7   448.3   3560.4
43   0   -36.5   550.4   3550.6
43   1   -36.7   380.2   3573.5
43   2   -162.6   372.4   3555.4
43   3   -164.9   289.0   3355.6
43   4   -36.2   488.6   3261.1
43   5   90.6   372.6   3582.6
43   6   68.6   284.3   3379.0
43   7   -27.2   517.3   3330.7
43   8   -42.3   175.6   3618.1
43   9   -48.3   6.4   3628.2
43   10   -141.6   -86.8   3635.6
43   11   -142.0   -432.8   3666.1
43   12   -87.3   -755.8   3682.0
43   13   33.7   -96.4   3649.1
43   14   19.4   -442.2   3680.2
43   15   -24.9   -765.8   3652.7
43   16   -57.6   455.4   3276.8
43   17   -11.3   478.4   3338.7
43   18   -34.9   448.6   3558.6
44   0   -36.4   548.4   3553.8
44   1   -36.9   379.3   3572.0
44   2   -162.7   371.8   3549.8
44   3   -126.1   230.1   3376.2
44   4   28.7   411.7   3274.6
44   5   90.2   370.2   3575.6
44   6   18.1   268.1   3376.3
44   7   -118.3   479.7   3330.9
44   8   -42.4   175.4   3618.4
44   9   -48.3   6.3   3628.3
44   10   -141.5   -86.7   3635.6
44   11   -141.8   -432.6   3666.0
44   12   -87.0   -755.0   3682.1
44   13   33.7   -96.1   3649.1
44   14   20.4   -441.8   3679.6
44   15   -20.4   -765.6   3652.9
44   16   2.9   381.4   3291.5
44   17   -95.5   444.5   3338.5
44   18   -35.1   447.6   3556.5
45   0   -36.3   544.1   3561.8
45   1   -37.0   376.6   3570.9
45   2   -163.5   371.0   3547.7
45   3   -110.0   197.9   3394.3
45   4   48.3   352.4   3262.4
45   5   91.1   368.5   3567.5
45   6   0.9   256.2   3373.9
45   7   -194.5   403.4   3341.9
45   8   -42.4   173.1   3618.5
45   9   -48.4   4.1   3628.4
45   10   -141.9   -87.3   3635.7
45   11   -141.9   -432.8   3666.9
45   12   -86.9   -754.8   3682.4
45   13   34.3   -96.6   3649.3
45   14   19.5   -441.7   3681.8
45   15   -22.8   -764.9   3654.0
45   16   21.9   326.7   3284.4
45   17   -161.9   378.9   3347.2
45   18   -35.2   444.6   3555.0
46   0   -36.3   538.5   3570.7
46   1   -37.1   372.1   3570.3
46   2   -165.0   370.0   3548.3
46   3   -107.2   184.6   3405.6
46   4   45.2   325.2   3253.3
46   5   92.3   366.9   3565.0
46   6   -3.3   250.6   3376.4
46   7   -225.1   370.7   3352.6
46   8   -42.5   168.9   3618.5
46   9   -48.4   0.1   3628.5
46   10   -142.8   -88.3   3635.7
46   11   -142.0   -433.6   3666.8
46   12   -86.6   -755.2   3682.5
46   13   35.4   -97.6   3649.6
46   14   19.7   -442.5   3681.2
46   15   -42.1   -761.8   3656.4
46   16   19.8   301.8   3278.7
46   17   -188.1   350.7   3356.6
46   18   -35.3   440.1   3554.2
47   0   -36.3   533.6   3576.4
47   1   -37.2   367.3   3569.9
47   2   -166.3   369.1   3547.9
47   3   -109.2   183.1   3408.3
47   4   41.2   322.4   3253.0
47   5   93.5   365.4   3561.7
47   6   -2.1   246.9   3377.9
47   7   -225.7   371.8   3365.3
47   8   -42.4   164.3   3618.2
47   9   -48.4   -4.4   3628.4
47   10   -144.0   -90.7   3635.9
47   11   -142.3   -436.0   3664.9
47   12   -85.9   -758.3   3682.8
47   13   36.7   -100.0   3650.2
47   14   13.4   -445.0   3667.1
47   15   -48.6   -766.0   3663.2
47   16   16.1   299.2   3278.9
47   17   -188.4   351.0   3367.4
47   18   -35.4   435.3   3553.8
48   0   -36.4   530.2   3579.1
48   1   -37.2   363.0   3569.8
48   2   -167.3   368.4   3548.1
48   3   -111.6   188.1   3405.8
48   4   41.3   325.6   3252.7
48   5   94.4   364.3   3560.3
48   6   1.9   244.1   3380.2
48   7   -219.2   374.0   3366.9
48   8   -42.4   160.2   3618.1
48   9   -48.4   -8.4   3628.4
48   10   -144.4   -93.1   3636.1
48   11   -142.7   -438.3   3662.3
48   12   -85.3   -760.4   3683.2
48   13   37.2   -102.3   3650.9
48   14   16.0   -447.1   3671.2
48   15   -50.1   -767.9   3667.4
48   16   15.8   302.7   3278.2
48   17   -182.4   352.4   3369.1
48   18   -35.5   430.8   3553.7
49   0   -36.5   528.2   3580.0
49   1   -37.3   359.6   3569.8
49   2   -167.9   368.0   3548.1
49   3   -112.5   192.3   3404.4
49   4   39.5   329.5   3251.3
49   5   94.6   363.2   3559.9
49   6   5.2   242.7   3381.7
49   7   -215.4   372.1   3364.7
49   8   -42.5   155.0   3618.6
49   9   -48.5   -13.5   3628.7
49   10   -144.5   -94.5   3636.2
49   11   -142.9   -439.5   3662.8
49   12   -84.8   -761.2   3683.2
49   13   37.1   -103.9   3651.5
49   14   18.8   -448.2   3677.8
49   15   -45.3   -769.1   3668.4
49   16   14.1   306.6   3276.8
49   17   -178.6   350.5   3367.5
49   18   -35.5   427.5   3553.6
50   0   -36.6   527.0   3580.3
50   1   -37.3   357.3   3569.9
50   2   -168.0   367.7   3548.1
50   3   -111.2   196.5   3402.6
50   4   39.1   333.3   3248.9
50   5   94.5   362.4   3559.8
50   6   7.2   242.8   3382.1
50   7   -218.1   361.2   3363.0
50   8   -42.6   150.5   3619.4
50   9   -48.6   -17.9   3628.9
50   10   -144.1   -95.6   3636.3
50   11   -142.8   -440.3   3664.1
50   12   -84.3   -761.5   3683.2
50   13   36.9   -104.5   3652.1
50   14   12.1   -448.0   3647.6
50   15   -34.4   -768.2   3675.2
50   16   14.1   310.5   3274.5
50   17   -180.5   341.5   3366.2
50   18   -35.5   425.1   3553.7
51   0   -36.7   526.4   3580.4
51   1   -37.3   356.0   3569.9
51   2   -167.8   367.5   3548.0
51   3   -107.3   200.9   3400.7
51   4   40.2   337.3   3245.0
51   5   94.0   361.6   3559.9
51   6   8.2   243.5   3381.9
51   7   -218.7   357.3   3362.8
51   8   -42.7   147.1   3620.0
51   9   -48.7   -21.2   3629.1
51   10   -143.2   -97.8   3636.4
51   11   -142.4   -442.0   3665.3
51   12   -83.9   -762.7   3683.2
51   13   36.4   -105.5   3653.1
51   14   16.0   -448.9   3665.8
51   15   -25.0   -770.8   3672.2
51   16   15.6   314.6   3270.9
51   17   -180.9   338.4   3365.9
51   18   -35.5   423.7   3553.7
52   0   -36.7   526.1   3580.4
52   1   -37.3   355.3   3569.9
52   2   -167.3   367.3   3547.8
52   3   -104.4   204.9   3398.0
52   4   43.3   340.3   3242.4
52   5   93.4   360.9   3560.0
52   6   8.6   244.1   3381.3
52   7   -218.8   355.7   3362.7
52   8   -42.8   144.9   3620.3
52   9   -48.8   -23.3   3629.3
52   10   -142.0   -100.6   3636.5
52   11   -141.7   -444.6   3665.9
52   12   -83.2   -764.7   3683.4
52   13   35.6   -107.1   3654.0
52   14   18.8   -450.1   3680.5
52   15   -13.7   -772.9   3669.2
52   16   18.7   317.7   3268.3
52   17   -180.9   337.1   3365.8
52   18   -35.5   423.0   3553.7
53   0   -36.8   526.1   3580.1
53   1   -37.3   355.1   3569.9
53   2   -166.9   367.2   3547.7
53   3   -100.9   209.5   3394.4
53   4   49.0   343.3   3239.9
53   5   92.7   360.4   3560.0
53   6   8.9   245.1   3380.0
53   7   -218.7   355.5   3363.3
53   8   -42.8   143.4   3620.5
53   9   -48.8   -24.6   3629.3
53   10   -141.7   -101.4   3636.6
53   11   -141.5   -445.9   3657.5
53   12   -82.9   -766.7   3684.4
53   13   35.1   -108.1   3654.5
53   14   15.3   -451.5   3657.1
53   15   -17.9   -774.8   3675.0
53   16   24.0   321.0   3265.7
53   17   -180.8   337.1   3366.1
53   18   -35.5   422.7   3553.8
54   0   -36.8   526.3   3579.7
54   1   -37.3   355.1   3569.9
54   2   -166.4   367.1   3547.6
54   3   -97.8   212.0   3392.5
54   4   51.8   345.1   3237.7
54   5   92.2   360.3   3560.0
54   6   8.7   245.6   3379.2
54   7   -218.7   355.7   3363.4
54   8   -42.8   142.5   3620.6
54   9   -48.8   -25.4   3629.4
54   10   -141.7   -101.5   3636.7
54   11   -142.2   -446.0   3635.1
54   12   -83.6   -763.6   3685.5
54   13   34.7   -108.5   3655.2
54   14   18.5   -452.1   3670.2
54   15   -15.1   -776.6   3671.4
54   16   26.9   322.9   3263.5
54   17   -180.8   337.4   3366.0
54   18   -35.5   422.7   3553.8
55   0   -36.8   526.8   3579.5
55   1   -37.3   355.7   3569.8
55   2   -165.8   367.1   3547.6
55   3   -98.7   211.2   3392.3
55   4   53.0   344.4   3240.2
55   5   91.7   360.5   3560.0
55   6   8.5   245.8   3378.8
55   7   -218.7   355.7   3363.1
55   8   -42.8   142.4   3620.5
55   9   -48.8   -25.4   3629.9
55   10   -141.2   -102.5   3636.8
55   11   -144.1   -446.9   3627.1
55   12   -84.0   -762.8   3685.8
55   13   33.0   -110.6   3656.2
55   14   13.8   -452.6   3638.1
55   15   -12.1   -774.5   3673.3
55   16   27.7   322.2   3265.5
55   17   -180.8   337.4   3365.7
55   18   -35.5   423.2   3553.8
56   0   -36.8   527.4   3579.3
56   1   -37.3   356.5   3569.8
56   2   -164.9   366.9   3544.5
56   3   -106.5   205.1   3392.1
56   4   51.3   341.6   3250.2
56   5   91.2   360.8   3560.0
56   6   9.9   244.7   3378.8
56   7   -217.2   354.1   3361.9
56   8   -42.8   142.7   3620.4
56   9   -48.8   -24.9   3630.5
56   10   -140.7   -103.1   3637.1
56   11   -144.3   -447.2   3641.6
56   12   -83.4   -766.7   3685.1
56   13   33.3   -110.2   3656.9
56   14   13.0   -452.3   3629.6
56   15   -12.5   -776.4   3671.1
56   16   25.0   318.9   3273.8
56   17   -179.4   335.9   3364.7
56   18   -35.5   424.0   3553.8
57   0   -36.8   528.1   3579.3
57   1   -37.3   357.5   3569.7
57   2   -163.7   366.6   3539.7
57   3   -129.0   193.0   3392.7
57   4   42.1   330.5   3269.6
57   5   90.8   361.3   3560.2
57   6   10.7   247.9   3375.1
57   7   -217.4   355.1   3363.3
57   8   -42.8   143.3   3620.2
57   9   -48.7   -24.1   3631.9
57   10   -140.2   -103.9   3637.6
57   11   -143.7   -447.1   3657.0
57   12   -83.2   -768.5   3684.0
57   13   33.6   -110.2   3657.1
57   14   17.1   -452.6   3656.7
57   15   -15.3   -777.6   3665.8
57   16   13.6   307.5   3290.1
57   17   -179.4   337.2   3365.2
57   18   -35.5   425.0   3553.8
58   0   -36.8   529.2   3579.3
58   1   -37.3   359.3   3569.7
58   2   -162.9   366.2   3540.6
58   3   -167.8   177.1   3413.2
58   4   9.4   306.7   3290.0
58   5   90.1   362.1   3564.1
58   6   66.6   201.9   3418.0
58   7   -131.2   327.4   3351.1
58   8   -42.8   144.9   3620.0
58   9   -48.6   -22.2   3634.3
58   10   -139.7   -104.4   3638.1
58   11   -143.0   -447.2   3663.1
58   12   -83.2   -768.8   3683.6
58   13   34.0   -110.1   3657.8
58   14   19.1   -452.5   3673.6
58   15   -16.5   -777.2   3662.6
58   16   -20.2   285.1   3310.6
58   17   -98.3   306.4   3362.3
58   18   -35.5   426.7   3553.8
59   0   -36.8   530.6   3578.8
59   1   -37.2   361.6   3569.6
59   2   -162.3   365.7   3543.8
59   3   -209.8   167.6   3443.0
59   4   -66.1   257.3   3270.2
59   5   88.6   363.3   3573.7
59   6   124.3   169.9   3495.4
59   7   -0.6   269.4   3336.4
59   8   -42.7   147.2   3619.8
59   9   -48.5   -19.4   3637.2
59   10   -139.2   -104.7   3638.7
59   11   -142.3   -447.6   3644.0
59   12   -83.3   -768.1   3685.3
59   13   34.5   -110.1   3658.2
59   14   16.7   -452.8   3667.8
59   15   -16.8   -779.7   3664.6
59   16   -90.0   242.4   3299.0
59   17   20.0   252.8   3362.9
59   18   -35.5   429.0   3553.9
60   0   -36.8   532.3   3578.2
60   1   -37.2   364.0   3571.1
60   2   -161.7   365.3   3550.4
60   3   -250.3   174.8   3463.8
60   4   -184.6   186.4   3246.3
60   5   86.5   364.2   3585.3
60   6   167.0   162.3   3542.8
60   7   140.0   192.2   3326.1
60   8   -42.6   149.5   3619.8
60   9   -48.4   -16.8   3639.3
60   10   -138.7   -104.9   3639.3
60   11   -140.6   -447.6   3651.2
60   12   -83.1   -769.4   3684.8
60   13   34.8   -110.0   3658.3
60   14   18.2   -452.4   3673.6
60   15   -17.5   -779.2   3663.6
60   16   -195.5   184.6   3282.6
60   17   144.3   187.3   3362.2
60   18   -35.5   431.5   3555.8
61   0   -36.9   533.8   3577.5
61   1   -37.2   366.4   3573.6
61   2   -161.1   364.9   3554.0
61   3   -278.5   198.8   3456.1
61   4   -335.4   134.3   3257.6
61   5   85.5   363.3   3589.1
61   6   198.9   169.9   3552.7
61   7   285.2   104.9   3368.4
61   8   -42.6   151.6   3619.8
61   9   -48.4   -14.4   3640.4
61   10   -138.3   -104.9   3639.5
61   11   -138.1   -447.1   3659.3
61   12   -82.8   -770.1   3684.2
61   13   34.7   -109.9   3658.3
61   14   15.3   -452.2   3662.1
61   15   -17.9   -779.1   3666.4
61   16   -326.0   145.0   3290.7
61   17   271.0   115.6   3399.2
61   18   -35.5   434.0   3559.1
62   0   -36.9   534.2   3574.5
62   1   -37.2   367.8   3575.4
62   2   -160.8   364.3   3555.7
62   3   -304.4   219.1   3458.1
62   4   -452.7   124.1   3300.6
62   5   84.8   360.1   3586.0
62   6   221.2   177.1   3561.9
62   7   384.8   61.2   3436.9
62   8   -42.6   152.9   3619.9
62   9   -48.3   -13.0   3640.7
62   10   -137.9   -104.8   3639.4
62   11   -136.1   -446.6   3663.5
62   12   -82.2   -769.5   3683.6
62   13   34.5   -109.9   3658.1
62   14   18.0   -451.9   3670.7
62   15   -20.9   -777.2   3664.4
62   16   -428.1   139.9   3326.9
62   17   357.8   80.4   3457.7
62   18   -35.5   435.5   3561.4
63   0   -36.8   533.9   3568.1
63   1   -37.2   368.6   3576.3
63   2   -160.8   363.5   3556.1
63   3   -327.3   232.8   3474.5
63   4   -522.6   133.6   3340.9
63   5   84.3   357.5   3583.8
63   6   236.8   185.7   3580.3
63   7   437.0   52.4   3483.2
63   8   -42.5   153.7   3619.8
63   9   -48.3   -12.1   3640.7
63   10   -137.7   -104.7   3639.1
63   11   -141.4   -444.4   3651.7
63   12   -81.7   -765.0   3683.9
63   13   33.5   -110.8   3658.1
63   14   12.4   -450.0   3672.4
63   15   -23.7   -775.7   3663.6
63   16   -490.1   150.1   3363.1
63   17   403.7   74.6   3499.4
63   18   -35.5   436.2   3562.5
64   0   -36.8   532.8   3557.9
64   1   -37.2   369.1   3575.9
64   2   -161.0   362.6   3555.6
64   3   -338.4   240.7   3480.4
64   4   -556.5   143.9   3367.7
64   5   84.9   357.1   3582.7
64   6   243.6   191.1   3591.3
64   7   461.4   57.5   3515.8
64   8   -42.5   154.3   3619.7
64   9   -48.2   -11.3   3640.6
64   10   -137.5   -104.6   3638.9
64   11   -150.0   -440.4   3637.5
64   12   -81.7   -757.9   3683.5
64   13   32.3   -112.0   3658.1
64   14   9.6   -447.5   3670.8
64   15   -25.7   -773.8   3663.5
64   16   -520.2   160.1   3386.5
64   17   425.1   79.8   3528.4
64   18   -35.5   436.6   3562.2
65   0   -36.8   531.2   3547.2
65   1   -37.2   369.4   3574.9
65   2   -161.2   361.8   3554.8
65   3   -342.7   243.4   3482.6
65   4   -567.0   148.2   3380.5
65   5   86.1   358.0   3582.2
65   6   245.7   194.1   3599.0
65   7   467.6   66.3   3528.3
65   8   -42.5   155.0   3619.6
65   9   -48.2   -10.5   3640.4
65   10   -137.3   -104.4   3638.6
65   11   -144.4   -439.1   3648.2
65   12   -81.1   -758.7   3682.9
65   13   31.9   -112.0   3658.1
65   14   8.3   -446.5   3663.5
65   15   -25.9   -772.7   3664.0
65   16   -529.6   164.1   3397.5
65   17   430.6   87.7   3540.1
65   18   -35.5   436.9   3560.8
66   0   -36.7   530.1   3540.6
66   1   -37.2   369.7   3573.1
66   2   -161.5   360.9   3553.8
66   3   -343.8   243.0   3483.3
66   4   -566.3   148.2   3384.6
66   5   86.5   357.7   3581.5
66   6   246.8   195.5   3598.0
66   7   468.6   73.8   3530.6
66   8   -42.5   155.6   3619.4
66   9   -48.2   -9.7   3640.1
66   10   -137.2   -104.2   3638.2
66   11   -140.7   -438.8   3658.3
66   12   -80.5   -759.0   3682.2
66   13   32.1   -111.5   3658.2
66   14   12.7   -446.1   3671.9
66   15   -25.3   -770.5   3660.9
66   16   -529.2   164.0   3401.0
66   17   431.6   94.1   3541.8
66   18   -35.5   437.0   3558.6
67   0   -36.7   529.3   3536.2
67   1   -37.2   369.9   3570.9
67   2   -161.7   359.9   3552.9
67   3   -343.6   241.4   3483.2
67   4   -561.6   144.6   3385.4
67   5   86.7   357.5   3580.8
67   6   246.6   195.3   3592.4
67   7   467.9   79.6   3527.1
67   8   -42.5   156.3   3619.2
67   9   -48.2   -8.9   3639.9
67   10   -137.3   -103.8   3638.2
67   11   -138.8   -438.9   3663.7
67   12   -80.7   -758.9   3681.9
67   13   32.1   -111.3   3658.2
67   14   16.0   -446.3   3678.8
67   15   -25.7   -768.6   3657.8
67   16   -525.3   160.8   3401.7
67   17   431.0   98.9   3538.0
67   18   -35.5   437.0   3555.7
68   0   -36.6   529.1   3535.4
68   1   -37.2   370.1   3568.7
68   2   -161.9   358.9   3552.0
68   3   -342.8   239.0   3482.9
68   4   -556.6   139.5   3385.2
68   5   86.8   357.2   3580.2
68   6   246.5   195.2   3589.8
68   7   466.0   85.8   3519.0
68   8   -42.5   156.9   3618.9
68   9   -48.1   -8.2   3639.8
68   10   -137.5   -103.4   3638.2
68   11   -138.0   -439.2   3665.3
68   12   -80.9   -758.4   3681.7
68   13   32.1   -111.1   3658.3
68   14   16.3   -447.2   3677.2
68   15   -27.7   -768.2   3657.2
68   16   -520.9   156.1   3401.5
68   17   429.4   104.0   3530.8
68   18   -35.5   437.0   3552.9
69   0   -36.6   529.1   3536.9
69   1   -37.1   370.2   3566.7
69   2   -162.1   358.0   3551.1
69   3   -341.9   236.5   3482.8
69   4   -551.4   131.8   3385.0
69   5   87.0   356.9   3579.6
69   6   246.7   195.1   3588.1
69   7   465.4   91.4   3512.0
69   8   -42.4   157.4   3618.7
69   9   -48.1   -7.6   3639.6
69   10   -137.8   -103.0   3638.5
69   11   -137.9   -439.6   3664.7
69   12   -81.0   -757.8   3681.6
69   13   31.9   -111.3   3658.5
69   14   15.5   -448.0   3658.4
69   15   -30.1   -767.8   3659.9
69   16   -516.5   149.2   3401.3
69   17   429.0   108.7   3524.7
69   18   -35.5   436.9   3550.3
70   0   -36.5   529.0   3539.6
70   1   -37.1   370.3   3565.0
70   2   -162.3   357.1   3550.2
70   3   -341.1   233.9   3482.7
70   4   -547.1   124.8   3384.1
70   5   87.2   356.6   3579.0
70   6   247.4   195.4   3586.4
70   7   464.0   94.0   3503.7
70   8   -42.4   157.8   3618.6
70   9   -48.1   -7.1   3639.5
70   10   -138.2   -102.5   3638.7
70   11   -137.9   -439.6   3664.3
70   12   -81.0   -756.9   3681.5
70   13   32.0   -111.3   3658.7
70   14   19.2   -448.4   3670.9
70   15   -31.2   -766.2   3658.5
70   16   -512.8   143.0   3400.5
70   17   427.9   110.9   3517.5
70   18   -35.5   436.9   3548.2
71   0   -36.5   528.7   3541.9
71   1   -37.1   370.4   3563.8
71   2   -162.5   356.2   3549.4
71   3   -340.4   231.5   3482.7
71   4   -543.6   119.5   3382.5
71   5   87.4   356.1   3578.5
71   6   248.4   195.7   3583.9
71   7   462.6   95.3   3495.1
71   8   -42.4   158.0   3618.4
71   9   -48.1   -6.7   3639.4
71   10   -138.6   -102.0   3638.7
71   11   -138.0   -439.4   3664.1
71   12   -80.9   -755.9   3681.5
71   13   32.2   -111.1   3659.1
71   14   21.8   -448.5   3678.2
71   15   -30.5   -765.2   3657.6
71   16   -509.8   138.2   3399.2
71   17   426.9   112.1   3509.9
71   18   -35.5   436.8   3546.7
72   0   -36.4   528.4   3543.4
72   1   -37.1   370.4   3563.1
72   2   -162.8   355.7   3548.6
72   3   -339.6   229.1   3482.7
72   4   -540.7   115.7   3380.2
72   5   87.7   355.5   3578.0
72   6   249.1   195.7   3578.0
72   7   463.8   99.2   3486.5
72   8   -42.4   158.2   3618.4
72   9   -48.1   -6.4   3639.4
72   10   -139.0   -101.7   3638.8
72   11   -137.9   -439.3   3663.4
72   12   -80.9   -755.2   3681.5
72   13   32.4   -110.9   3659.6
72   14   23.1   -448.5   3681.6
72   15   -28.7   -764.6   3657.2
72   16   -507.2   134.6   3397.3
72   17   428.0   115.3   3501.8
72   18   -35.5   436.7   3545.8
73   0   -36.4   528.1   3544.1
73   1   -37.1   370.4   3562.8
73   2   -163.2   355.3   3547.7
73   3   -339.3   227.6   3482.5
73   4   -538.8   113.7   3377.1
73   5   87.9   354.9   3577.5
73   6   249.6   195.5   3572.4
73   7   465.2   106.2   3475.4
73   8   -42.4   158.2   3618.4
73   9   -48.1   -6.2   3639.3
73   10   -139.1   -101.7   3638.8
73   11   -137.7   -439.5   3663.2
73   12   -81.1   -754.8   3681.2
73   13   32.5   -110.9   3660.0
73   14   23.5   -448.7   3683.2
73   15   -28.4   -764.2   3657.1
73   16   -505.6   132.7   3394.7
73   17   429.2   121.1   3491.6
73   18   -35.4   436.7   3545.4
74   0   -36.4   527.8   3544.3
74   1   -37.1   370.4   3562.7
74   2   -163.6   355.1   3547.1
74   3   -338.9   226.2   3482.3
74   4   -537.5   113.0   3373.0
74   5   88.2   354.4   3577.1
74   6   250.1   195.3   3571.3
74   7   460.3   109.5   3459.5
74   8   -42.4   158.2   3618.4
74   9   -48.1   -6.1   3639.3
74   10   -138.6   -102.8   3638.9
74   11   -137.4   -440.6   3663.3
74   12   -81.1   -755.6   3681.1
74   13   32.2   -111.5   3660.7
74   14   23.0   -449.3   3684.0
74   15   -30.3   -764.3   3658.3
74   16   -504.4   131.8   3391.2
74   17   425.3   123.8   3478.1
74   18   -35.4   436.7   3545.3
75   0   -36.4   527.6   3544.4
75   1   -37.1   370.5   3562.6
75   2   -163.9   354.9   3547.0
75   3   -338.3   224.9   3482.0
75   4   -535.1   113.9   3364.6
75   5   88.5   353.9   3576.7
75   6   250.7   195.2   3571.0
75   7   455.6   111.1   3445.7
75   8   -42.4   158.2   3618.4
75   9   -48.1   -6.1   3639.3
75   10   -138.5   -103.4   3638.9
75   11   -137.3   -441.3   3663.5
75   12   -81.3   -756.0   3681.0
75   13   32.0   -111.9   3660.9
75   14   22.0   -449.7   3684.4
75   15   -30.5   -764.9   3664.9
75   16   -502.3   132.4   3384.2
75   17   421.4   125.1   3466.6
75   18   -35.4   436.6   3545.3
76   0   -36.4   527.4   3544.3
76   1   -37.1   370.5   3562.6
76   2   -164.2   354.7   3547.3
76   3   -337.1   223.2   3481.5
76   4   -527.6   117.4   3347.8
76   5   88.7   353.4   3576.3
76   6   251.4   195.2   3570.7
76   7   447.9   114.5   3428.4
76   8   -42.4   158.2   3618.4
76   9   -48.1   -6.0   3639.3
76   10   -138.5   -103.7   3639.3
76   11   -137.3   -441.6   3663.9
76   12   -81.4   -756.1   3681.0
76   13   32.1   -112.1   3661.0
76   14   20.6   -449.8   3685.8
76   15   -31.0   -765.3   3679.6
76   16   -495.8   135.0   3370.1
76   17   415.1   127.9   3452.1
76   18   -35.4   436.6   3545.3
77   0   -36.4   527.3   3544.3
77   1   -37.1   370.5   3562.7
77   2   -164.5   354.6   3547.8
77   3   -335.0   220.7   3480.5
77   4   -506.9   124.1   3320.2
77   5   89.0   353.0   3575.8
77   6   252.0   195.2   3569.8
77   7   435.6   120.8   3408.7
77   8   -42.4   158.2   3618.4
77   9   -48.0   -6.0   3639.2
77   10   -138.8   -104.5   3640.0
77   11   -137.3   -442.5   3664.2
77   12   -81.3   -756.8   3681.1
77   13   32.2   -113.0   3661.1
77   14   19.8   -450.8   3685.1
77   15   -31.8   -766.2   3686.5
77   16   -478.3   140.2   3346.9
77   17   405.0   133.2   3435.5
77   18   -35.4   436.6   3545.3
78   0   -36.4   527.1   3544.2
78   1   -37.1   370.5   3562.7
78   2   -164.7   354.4   3548.4
78   3   -330.7   216.4   3478.6
78   4   -450.3   133.3   3276.9
78   5   89.2   352.6   3575.4
78   6   252.3   195.1   3566.5
78   7   405.0   133.6   3374.2
78   8   -42.4   158.2   3618.4
78   9   -48.0   -6.0   3639.1
78   10   -139.2   -105.5   3640.9
78   11   -137.4   -443.6   3664.6
78   12   -80.8   -759.7   3681.4
78   13   32.3   -114.4   3661.3
78   14   12.9   -451.9   3683.8
78   15   -31.4   -770.4   3684.2
78   16   -430.4   147.1   3310.5
78   17   379.6   143.8   3406.3
78   18   -35.4   436.6   3545.3
79   0   -36.4   527.0   3544.2
79   1   -37.1   370.5   3562.7
79   2   -165.0   354.3   3549.0
79   3   -314.9   201.9   3475.4
79   4   -368.0   140.5   3242.3
79   5   89.4   352.2   3574.7
79   6   249.7   194.4   3548.9
79   7   327.7   169.8   3319.3
79   8   -42.4   158.2   3618.4
79   9   -48.0   -6.0   3638.9
79   10   -139.6   -106.5   3641.9
79   11   -137.5   -444.6   3664.8
79   12   -80.5   -761.3   3681.6
79   13   32.2   -116.0   3661.5
79   14   13.6   -453.6   3684.8
79   15   -32.6   -772.2   3675.6
79   16   -359.3   150.7   3281.1
79   17   314.8   173.9   3357.6
79   18   -35.4   436.6   3545.3
80   0   -36.4   527.0   3544.2
80   1   -37.1   370.5   3562.7
80   2   -165.2   354.2   3549.3
80   3   -280.0   180.1   3467.5
80   4   -254.5   190.1   3229.9
80   5   90.1   351.5   3570.7
80   6   230.1   193.6   3500.2
80   7   209.7   245.7   3276.0
80   8   -42.4   158.2   3618.4
80   9   -47.9   -6.0   3638.8
80   10   -139.4   -108.8   3644.0
80   11   -137.5   -447.0   3665.0
80   12   -80.1   -763.5   3681.9
80   13   31.7   -118.4   3662.4
80   14   12.5   -455.8   3658.3
80   15   -32.6   -773.6   3670.8
80   16   -258.8   188.5   3269.5
80   17   213.1   237.1   3313.4
80   18   -35.4   436.6   3545.4
81   0   -36.4   526.9   3544.2
81   1   -37.1   370.5   3562.7
81   2   -165.4   354.1   3549.3
81   3   -243.4   164.5   3458.7
81   4   -243.0   164.5   3212.2
81   5   91.1   350.7   3561.9
81   6   192.0   171.9   3477.3
81   7   89.4   295.1   3315.4
81   8   -42.4   158.2   3618.5
81   9   -47.9   -6.0   3638.7
81   10   -138.9   -110.7   3647.3
81   11   -138.4   -449.2   3663.8
81   12   -79.2   -767.8   3682.6
81   13   30.5   -120.4   3664.3
81   14   14.2   -457.5   3641.1
81   15   -33.3   -775.1   3680.2
81   16   -243.0   164.5   3253.3
81   17   106.3   274.7   3342.4
81   18   -35.4   436.6   3545.4
82   0   -36.4   526.8   3544.3
82   1   -37.1   370.5   3562.5
82   2   -165.5   354.0   3548.9
82   3   -217.1   156.5   3451.5
82   4   -257.1   105.7   3218.7
82   5   91.8   350.2   3553.2
82   6   148.9   146.9   3488.1
82   7   6.2   302.0   3357.3
82   8   -42.4   158.2   3618.6
82   9   -47.9   -6.0   3638.8
82   10   -138.8   -111.2   3651.3
82   11   -138.8   -450.0   3662.5
82   12   -79.0   -768.8   3683.3
82   13   29.4   -121.2   3667.5
82   14   17.1   -459.2   3659.4
82   15   -34.5   -778.2   3677.8
82   16   -250.4   114.1   3257.5
82   17   29.9   276.2   3379.1
82   18   -35.4   436.6   3545.0
83   0   -36.4   526.8   3544.3
83   1   -37.1   370.7   3562.5
83   2   -165.7   353.9   3548.3
83   3   -203.3   153.0   3448.1
83   4   -199.8   -145.4   3447.2
83   5   92.0   349.9   3552.1
83   6   121.9   133.8   3498.2
83   7   -42.8   296.5   3378.8
83   8   -42.4   158.5   3620.3
83   9   -47.9   -5.7   3639.8
83   10   -139.0   -111.2   3653.3
83   11   -138.9   -450.0   3662.8
83   12   -79.3   -768.3   3683.7
83   13   28.5   -121.5   3671.5
83   14   18.1   -459.7   3676.3
83   15   -34.8   -778.6   3672.4
83   16   -199.8   -60.1   3447.2
83   17   -15.3   269.4   3398.7
83   18   -35.4   436.6   3544.5
84   0   -36.4   526.6   3544.4
84   1   -37.1   370.7   3562.8
84   2   -165.9   353.8   3547.6
84   3   -197.9   151.3   3447.5
84   4   -199.3   -146.5   3448.5
84   5   92.2   349.7   3552.8
84   6   109.3   128.7   3501.6
84   7   -63.7   289.3   3384.4
84   8   -42.4   159.0   3623.7
84   9   -47.9   -5.4   3641.4
84   10   -138.9   -112.0   3654.1
84   11   -138.8   -450.8   3665.4
84   12   -79.4   -768.4   3684.3
84   13   28.2   -122.0   3673.6
84   14   18.1   -460.5   3683.2
84   15   -34.9   -779.0   3670.0
84   16   -199.3   -61.4   3448.5
84   17   -34.8   262.5   3403.9
84   18   -35.4   436.4   3543.9
85   0   -36.4   526.3   3544.4
85   1   -37.1   370.8   3563.4
85   2   -166.2   353.6   3546.9
85   3   -196.9   150.1   3449.0
85   4   -199.8   -146.9   3451.2
85   5   92.1   349.6   3555.4
85   6   106.0   128.0   3502.1
85   7   -65.0   284.5   3381.2
85   8   -42.4   161.7   3627.5
85   9   -47.8   -2.9   3643.2
85   10   -139.1   -112.4   3654.4
85   11   -140.0   -451.0   3650.5
85   12   -79.4   -768.3   3686.3
85   13   28.1   -122.7   3674.7
85   14   16.7   -461.3   3686.5
85   15   -35.1   -781.9   3669.8
85   16   -199.8   -61.8   3451.2
85   17   -36.5   258.4   3401.3
85   18   -35.4   436.1   3543.4
86   0   -36.4   526.1   3544.7
86   1   -37.1   370.8   3564.2
86   2   -166.4   353.4   3546.3
86   3   -197.5   149.7   3449.8
86   4   -200.1   -146.0   3450.7
86   5   92.0   349.5   3558.6
86   6   107.4   129.4   3500.8
86   7   -58.5   286.3   3380.1
86   8   -42.3   165.0   3630.8
86   9   -47.7   0.2   3645.0
86   10   -139.6   -112.5   3654.4
86   11   -140.4   -451.1   3659.8
86   12   -79.3   -769.3   3685.7
86   13   28.2   -123.5   3675.2
86   14   16.5   -462.0   3688.0
86   15   -34.8   -783.0   3670.8
86   16   -200.1   -61.0   3450.7
86   17   -30.8   260.2   3400.2
86   18   -35.4   435.8   3543.1
87   0   -36.4   525.7   3545.6
87   1   -37.2   370.6   3564.6
87   2   -166.8   353.2   3545.7
87   3   -198.4   149.5   3450.0
87   4   -200.0   -145.5   3450.1
87   5   92.1   349.3   3558.6
87   6   110.6   130.5   3498.6
87   7   -50.3   291.2   3382.3
87   8   -42.2   167.5   3632.5
87   9   -47.7   2.7   3646.3
87   10   -140.0   -112.4   3654.3
87   11   -139.1   -450.4   3639.9
87   12   -80.3   -765.5   3686.8
87   13   28.3   -124.2   3675.4
87   14   16.4   -462.8   3688.0
87   15   -33.8   -783.2   3671.0
87   16   -200.0   -60.6   3450.1
87   17   -23.5   264.4   3401.7
87   18   -35.7   435.4   3543.0
88   0   -36.4   525.2   3547.0
88   1   -37.5   370.1   3564.9
88   2   -167.3   352.9   3545.6
88   3   -199.0   149.5   3449.7
88   4   -141.0   213.7   3285.0
88   5   91.9   349.2   3559.5
88   6   115.1   131.6   3498.3
88   7   -43.9   294.6   3385.3
88   8   -42.2   169.3   3632.9
88   9   -47.6   4.5   3647.6
88   10   -140.4   -112.4   3654.2
88   11   -137.5   -450.6   3656.6
88   12   -80.1   -768.0   3685.1
88   13   28.6   -124.7   3675.6
88   14   14.4   -463.3   3680.8
88   15   -32.7   -784.6   3672.2
88   16   -151.1   203.6   3312.4
88   17   -17.4   267.4   3404.2
88   18   -36.0   434.8   3542.9
89   0   -36.4   524.6   3548.9
89   1   -37.8   369.5   3565.0
89   2   -167.8   352.5   3545.8
89   3   -199.5   149.6   3449.2
89   4   -84.3   285.2   3327.3
89   5   91.8   349.2   3559.8
89   6   117.6   132.2   3498.0
89   7   -41.0   295.5   3386.6
89   8   -42.3   170.4   3632.8
89   9   -47.6   5.8   3648.9
89   10   -140.6   -112.4   3654.3
89   11   -136.4   -450.6   3667.0
89   12   -80.8   -769.1   3683.2
89   13   29.0   -125.1   3675.7
89   14   17.1   -463.9   3680.5
89   15   -34.2   -783.9   3671.1
89   16   -103.1   262.7   3347.4
89   17   -14.6   268.3   3405.2
89   18   -36.4   434.2   3543.0
90   0   -36.4   524.0   3551.6
90   1   -38.2   368.9   3565.0
90   2   -168.3   352.3   3546.0
90   3   -199.7   149.8   3448.5
90   4   -60.0   322.8   3351.8
90   5   91.6   349.2   3560.0
90   6   118.9   132.5   3498.0
90   7   -40.0   293.0   3386.4
90   8   -42.3   171.2   3632.5
90   9   -47.6   6.7   3649.8
90   10   -140.7   -112.4   3654.3
90   11   -136.2   -450.7   3671.6
90   12   -82.1   -769.2   3682.2
90   13   29.3   -125.4   3675.7
90   14   19.0   -461.1   3644.0
90   15   -33.4   -776.2   3676.8
90   16   -82.8   293.9   3367.8
90   17   -13.5   266.2   3405.0
90   18   -36.8   433.6   3543.0
91   0   -36.4   523.2   3555.3
91   1   -38.5   368.3   3565.1
91   2   -168.7   352.0   3546.4
91   3   -199.7   150.1   3447.8
91   4   -48.7   335.3   3364.1
91   5   91.4   349.2   3560.1
91   6   119.5   132.7   3498.0
91   7   -38.5   289.8   3385.7
91   8   -42.3   171.5   3632.2
91   9   -47.6   7.2   3650.7
91   10   -140.9   -112.3   3654.4
91   11   -136.1   -450.7   3673.6
91   12   -83.2   -768.7   3681.9
91   13   29.5   -125.6   3675.8
91   14   20.0   -462.7   3665.7
91   15   -34.0   -777.9   3669.3
91   16   -73.5   304.3   3378.0
91   17   -12.2   263.6   3404.4
91   18   -37.2   433.0   3543.0
92   0   -36.4   522.3   3559.5
92   1   -38.8   367.7   3565.1
92   2   -169.0   351.8   3547.2
92   3   -199.3   150.5   3447.1
92   4   -44.7   338.0   3368.4
92   5   91.1   349.2   3560.1
92   6   119.8   132.7   3498.6
92   7   -39.3   287.0   3386.3
92   8   -42.4   171.7   3632.0
92   9   -47.6   7.5   3651.5
92   10   -140.7   -112.8   3654.5
92   11   -136.5   -451.7   3673.5
92   12   -84.3   -769.2   3682.0
92   13   29.3   -126.4   3675.8
92   14   17.2   -464.7   3675.9
92   15   -35.2   -780.3   3663.3
92   16   -70.2   306.6   3381.5
92   17   -12.8   261.3   3405.0
92   18   -37.6   432.4   3543.1
