2   0   39.0   683.9   3626.2
2   1   35.9   506.0   3644.8
2   2   -115.6   492.5   3666.0
2   3   -133.9   273.3   3592.8
2   4   51.3   451.9   3492.6
2   5   188.4   486.4   3638.3
2   6   202.3   260.0   3590.5
2   7   132.1   -7.0   3585.8
2   8   36.6   283.7   3705.9
2   9   34.7   114.6   3724.8
2   10   -71.0   6.7   3765.8
2   11   -80.1   -372.5   3712.0
2   12   -91.6   -745.8   3810.2
2   13   140.1   6.2   3761.3
2   14   127.5   -373.4   3711.1
2   15   123.5   -745.0   3816.1
2   16   20.4   422.2   3509.3
2   17   143.8   37.5   3586.6
2   18   35.7   580.5   3624.3
3   0   38.9   685.8   3624.6
3   1   36.2   507.9   3644.8
3   2   -115.3   493.8   3664.6
3   3   -134.7   273.4   3593.1
3   4   49.5   452.6   3491.8
3   5   188.5   488.1   3637.2
3   6   204.4   260.9   3590.3
3   7   127.3   -3.8   3584.2
3   8   37.2   286.2   3708.4
3   9   35.2   116.6   3726.3
3   10   -70.1   12.0   3764.0
3   11   -81.8   -367.3   3711.7
3   12   -92.3   -740.5   3810.0
3   13   139.8   11.0   3759.7
3   14   128.2   -368.9   3711.4
3   15   123.3   -740.8   3814.6
3   16   18.8   422.7   3508.7
3   17   140.2   40.3   3585.2
3   18   35.8   582.1   3623.5
4   0   38.8   691.8   3620.0
4   1   37.0   513.7   3645.3
4   2   -114.2   498.1   3662.1
4   3   -135.0   274.5   3592.0
4   4   47.1   455.7   3489.5
4   5   188.1   492.2   3635.3
4   6   206.6   262.2   3589.3
4   7   113.5   5.3   3566.5
4   8   38.9   294.8   3716.0
4   9   36.5   122.9   3730.3
4   10   -66.1   24.1   3759.6
4   11   -83.5   -355.0   3708.5
4   12   -93.1   -728.7   3804.3
4   13   137.4   22.0   3756.3
4   14   129.9   -358.2   3710.6
4   15   123.9   -730.7   3811.0
4   16   16.8   425.5   3506.6
4   17   129.1   48.1   3570.3
4   18   36.4   587.1   3621.6
5   0   38.6   699.5   3614.5
5   1   37.9   520.8   3645.9
5   2   -112.6   503.4   3659.7
5   3   -135.9   274.6   3593.2
5   4   41.9   458.1   3487.9
5   5   187.4   497.4   3633.9
5   6   208.3   263.5   3587.0
5   7   105.6   10.4   3555.4
5   8   40.8   305.1   3724.2
5   9   38.0   129.5   3735.2
5   10   -60.2   32.9   3755.6
5   11   -86.3   -345.9   3703.8
5   12   -93.7   -721.6   3793.2
5   13   133.4   29.8   3753.6
5   14   131.4   -351.1   3710.9
5   15   126.0   -725.2   3807.0
5   16   12.3   427.5   3505.4
5   17   122.7   52.6   3560.7
5   18   36.9   593.3   3619.6
6   0   38.4   704.9   3611.1
6   1   38.3   525.2   3645.8
6   2   -111.4   506.5   3658.2
6   3   -136.9   273.0   3593.8
6   4   37.2   458.9   3487.8
6   5   186.6   500.7   3633.4
6   6   211.0   263.2   3585.5
6   7   99.0   14.4   3548.6
6   8   41.8   310.1   3727.7
6   9   39.2   131.2   3737.6
6   10   -57.8   35.6   3753.3
6   11   -88.0   -342.8   3701.8
6   12   -93.2   -719.7   3787.9
6   13   133.8   33.2   3752.1
6   14   132.3   -347.5   3710.5
6   15   127.3   -723.2   3802.1
6   16   8.2   427.9   3505.4
6   17   117.7   55.9   3554.8
6   18   37.1   597.3   3618.3
7   0   38.3   707.5   3609.6
7   1   38.4   526.6   3645.1
7   2   -110.7   507.6   3657.4
7   3   -137.5   271.0   3593.1
7   4   34.3   458.4   3488.3
7   5   186.2   502.1   3633.0
7   6   213.3   261.8   3584.3
7   7   97.2   15.1   3549.5
7   8   42.2   309.3   3727.3
7   9   39.8   128.6   3737.8
7   10   -58.7   33.5   3752.5
7   11   -88.7   -344.2   3701.9
7   12   -93.2   -721.1   3787.9
7   13   136.9   32.4   3751.8
7   14   132.9   -347.6   3710.2
7   15   128.0   -724.0   3798.5
7   16   5.7   427.1   3505.8
7   17   116.6   56.2   3555.3
7   18   37.2   598.8   3617.8
8   0   38.2   708.5   3609.2
8   1   38.4   526.5   3644.3
8   2   -110.4   507.4   3657.0
8   3   -137.8   268.7   3591.7
8   4   32.5   457.3   3489.0
8   5   186.0   502.4   3632.9
8   6   214.5   260.1   3583.6
8   7   97.3   13.7   3558.4
8   8   42.2   305.4   3725.6
8   9   40.1   124.1   3737.0
8   10   -61.1   31.0   3752.5
8   11   -88.9   -346.0   3701.9
8   12   -93.1   -722.7   3788.4
8   13   140.2   30.3   3752.1
8   14   133.3   -348.7   3710.1
8   15   128.3   -725.4   3796.8
8   16   4.1   425.9   3506.1
8   17   116.8   54.8   3562.6
8   18   37.2   598.9   3617.6
9   0   38.2   708.6   3609.5
9   1   38.4   525.7   3643.8
9   2   -110.1   506.7   3657.1
9   3   -137.8   266.6   3590.5
9   4   31.2   456.1   3489.7
9   5   185.9   501.9   3632.9
9   6   215.1   258.1   3583.0
9   7   97.4   12.2   3564.4
9   8   42.2   301.2   3724.5
9   9   40.2   119.9   3736.0
9   10   -62.6   29.8   3752.7
9   11   -89.0   -346.5   3701.6
9   12   -93.0   -723.3   3789.0
9   13   142.2   29.5   3752.4
9   14   133.4   -348.7   3710.3
9   15   128.4   -725.8   3796.5
9   16   3.0   424.6   3506.5
9   17   117.0   53.2   3567.5
9   18   37.1   598.3   3617.6
10   0   38.1   708.2   3610.1
10   1   38.3   524.8   3643.7
10   2   -109.9   505.7   3657.4
10   3   -137.6   264.6   3590.1
10   4   30.4   454.6   3490.0
10   5   185.7   501.2   3632.9
10   6   215.3   256.1   3582.6
10   7   95.3   11.8   3566.4
10   8   42.1   298.2   3724.4
10   9   40.2   117.0   3735.1
10   10   -62.8   30.0   3752.7
10   11   -88.9   -345.7   3701.5
10   12   -92.9   -722.8   3790.3
10   13   142.6   30.1   3752.5
10   14   133.4   -347.5   3710.5
10   15   128.3   -725.0   3797.8
10   16   2.4   422.9   3506.7
10   17   115.3   52.5   3569.1
10   18   37.1   597.5   3617.7
11   0   38.1   707.7   3610.8
11   1   38.3   523.8   3643.7
11   2   -109.7   504.7   3657.7
11   3   -136.9   262.7   3589.7
11   4   30.2   453.9   3490.3
11   5   185.7   500.3   3632.9
11   6   215.4   254.4   3582.4
11   7   89.7   13.0   3565.4
11   8   42.0   296.3   3724.5
11   9   40.2   115.3   3734.2
11   10   -62.2   30.5   3752.6
11   11   -89.0   -344.7   3701.1
11   12   -92.9   -722.8   3791.0
11   13   142.0   30.6   3752.5
11   14   133.3   -346.6   3710.5
11   15   128.0   -725.0   3799.3
11   16   2.3   422.0   3506.8
11   17   110.6   53.2   3568.2
11   18   37.1   596.6   3617.9
12   0   38.1   707.1   3613.5
12   1   38.3   522.9   3643.9
12   2   -109.8   504.2   3658.2
12   3   -136.7   261.7   3589.5
12   4   30.0   453.4   3490.5
12   5   185.7   499.5   3633.0
12   6   215.5   253.0   3582.1
12   7   90.4   11.3   3564.6
12   8   42.0   295.3   3724.6
12   9   40.1   114.2   3733.3
12   10   -61.2   31.0   3752.4
12   11   -89.0   -343.7   3701.1
12   12   -92.9   -723.1   3791.4
12   13   141.0   31.2   3752.3
12   14   133.1   -345.7   3710.4
12   15   127.6   -725.2   3800.2
12   16   2.2   421.5   3507.0
12   17   111.3   51.6   3567.5
12   18   37.1   595.7   3618.1
13   0   38.1   706.6   3618.8
13   1   38.2   522.0   3644.9
13   2   -110.1   503.9   3658.7
13   3   -137.3   260.9   3589.6
13   4   26.9   454.0   3489.9
13   5   185.9   499.2   3633.0
13   6   215.6   252.2   3581.7
13   7   93.9   9.1   3564.2
13   8   42.0   294.7   3724.9
13   9   40.1   113.3   3732.4
13   10   -60.3   31.6   3752.2
13   11   -88.9   -342.8   3701.3
13   12   -92.9   -723.3   3791.5
13   13   140.0   31.7   3752.1
13   14   133.0   -344.9   3710.4
13   15   127.2   -725.3   3800.9
13   16   -0.4   421.8   3506.5
13   17   114.2   49.6   3567.1
13   18   37.0   594.9   3619.3
14   0   38.1   706.1   3625.8
14   1   38.3   521.3   3647.0
14   2   -110.5   503.6   3659.2
14   3   -145.9   261.5   3589.4
14   4   12.4   458.8   3486.0
14   5   186.3   499.2   3633.1
14   6   221.5   252.7   3580.9
14   7   85.9   16.3   3565.5
14   8   42.0   294.3   3725.4
14   9   40.1   112.4   3731.7
14   10   -59.3   32.2   3752.0
14   11   -88.7   -342.3   3701.6
14   12   -92.9   -723.4   3791.1
14   13   139.0   32.2   3751.9
14   14   133.0   -344.5   3710.5
14   15   126.7   -725.3   3801.3
14   16   -14.0   425.9   3503.3
14   17   108.5   55.7   3568.1
14   18   37.1   594.3   3621.7
15   0   38.1   705.8   3629.5
15   1   38.4   520.9   3647.9
15   2   -110.6   503.6   3659.4
15   3   -173.8   273.1   3581.6
15   4   -11.7   469.3   3478.8
15   5   187.1   500.2   3633.0
15   6   203.4   251.7   3596.3
15   7   64.4   18.8   3559.7
15   8   42.0   294.9   3725.6
15   9   40.1   112.0   3731.0
15   10   -58.5   32.7   3751.7
15   11   -88.6   -341.8   3701.8
15   12   -92.9   -723.3   3790.9
15   13   138.1   32.6   3751.6
15   14   133.1   -344.1   3710.5
15   15   126.5   -725.1   3801.7
15   16   -38.7   436.6   3496.0
15   17   87.6   57.6   3565.8
15   18   37.2   593.9   3622.8
16   0   38.1   705.6   3631.6
16   1   38.5   520.7   3648.5
16   2   -110.6   503.6   3659.5
16   3   -219.5   304.7   3561.6
16   4   -46.7   493.0   3458.8
16   5   188.8   502.7   3632.8
16   6   212.2   253.3   3624.7
16   7   67.6   32.1   3553.4
16   8   42.1   296.3   3726.2
16   9   40.0   112.1   3730.5
16   10   -57.5   34.4   3751.4
16   11   -88.3   -340.2   3702.0
16   12   -92.9   -722.2   3790.5
16   13   136.8   33.9   3751.1
16   14   133.1   -343.1   3710.7
16   15   126.4   -724.4   3801.8
16   16   -75.5   461.6   3475.9
16   17   91.7   69.0   3565.3
16   18   37.4   593.7   3623.3
17   0   38.1   705.9   3632.4
17   1   38.7   520.8   3650.8
17   2   -110.4   507.5   3668.7
17   3   -260.7   338.6   3565.8
17   4   -125.3   514.1   3411.9
17   5   190.9   510.0   3648.0
17   6   290.5   323.2   3572.0
17   7   121.7   313.2   3466.4
17   8   42.2   298.1   3727.9
17   9   40.0   112.7   3730.6
17   10   -56.0   38.8   3750.9
17   11   -88.0   -336.5   3702.5
17   12   -92.9   -718.9   3789.7
17   13   134.6   37.1   3750.5
17   14   133.1   -340.6   3711.0
17   15   126.4   -722.1   3801.6
17   16   -147.8   484.9   3437.5
17   17   149.9   314.7   3484.0
17   18   37.5   593.8   3625.6
18   0   38.0   705.5   3633.2
18   1   38.9   520.8   3656.3
18   2   -111.8   512.1   3678.3
18   3   -299.1   404.2   3558.5
18   4   -209.6   562.9   3357.9
18   5   192.2   513.9   3661.8
18   6   340.5   397.0   3531.9
18   7   207.8   513.9   3381.0
18   8   42.3   298.2   3729.4
18   9   39.9   112.2   3730.9
18   10   -55.1   43.5   3750.6
18   11   -87.4   -332.9   3703.0
18   12   -92.8   -715.7   3788.5
18   13   132.9   40.6   3750.1
18   14   133.1   -338.2   3711.3
18   15   125.9   -719.9   3801.4
18   16   -224.5   536.4   3391.3
18   17   229.9   494.2   3406.1
18   18   37.8   594.1   3632.2
19   0   38.0   705.1   3634.7
19   1   39.0   520.7   3663.8
19   2   -115.5   519.8   3687.2
19   3   -322.4   472.4   3555.1
19   4   -295.1   612.0   3319.4
19   5   194.2   517.1   3670.1
19   6   373.9   463.7   3515.6
19   7   298.4   637.1   3325.8
19   8   42.3   296.9   3730.6
19   9   39.9   110.6   3731.5
19   10   -54.6   44.4   3750.5
19   11   -87.2   -333.0   3703.1
19   12   -92.8   -716.0   3787.6
19   13   132.3   41.5   3749.9
19   14   133.1   -338.4   3711.3
19   15   125.2   -720.0   3801.7
19   16   -299.6   588.7   3358.7
19   17   310.9   608.2   3357.5
19   18   37.9   594.6   3641.7
20   0   38.0   706.4   3636.4
20   1   39.1   522.2   3670.6
20   2   -119.4   528.3   3691.4
20   3   -327.8   531.4   3546.2
20   4   -378.0   670.8   3312.4
20   5   197.8   524.3   3667.9
20   6   400.6   519.3   3516.2
20   7   395.2   706.5   3304.5
20   8   42.3   296.6   3731.4
20   9   39.8   110.3   3732.1
20   10   -56.3   48.7   3750.8
20   11   -86.7   -329.9   3703.4
20   12   -92.5   -713.4   3785.8
20   13   132.7   43.5   3750.0
20   14   133.1   -337.3   3711.3
20   15   125.0   -719.0   3801.6
20   16   -369.7   647.6   3351.3
20   17   396.0   675.3   3339.8
20   18   38.0   596.7   3650.5
21   0   38.0   709.9   3637.2
21   1   39.1   525.9   3675.5
21   2   -123.2   539.7   3692.8
21   3   -324.6   578.7   3539.5
21   4   -445.4   726.7   3334.6
21   5   199.9   532.5   3665.9
21   6   404.6   570.0   3514.6
21   7   479.7   755.0   3308.6
21   8   42.3   298.1   3731.7
21   9   39.8   112.2   3732.7
21   10   -57.0   51.1   3750.9
21   11   -86.3   -328.8   3703.5
21   12   -92.2   -712.6   3784.1
21   13   132.9   45.3   3750.2
21   14   133.1   -336.7   3711.1
21   15   125.1   -718.0   3802.5
21   16   -425.4   702.1   3368.8
21   17   467.3   724.2   3343.0
21   18   38.0   600.9   3657.1
22   0   38.0   713.9   3635.2
22   1   38.9   530.8   3677.4
22   2   -125.2   548.3   3689.7
22   3   -319.2   611.2   3532.9
22   4   -488.7   771.3   3369.2
22   5   201.0   541.2   3662.7
22   6   400.9   611.8   3514.4
22   7   542.0   785.8   3331.0
22   8   41.9   300.9   3731.8
22   9   39.6   115.5   3733.4
22   10   -57.4   52.9   3750.9
22   11   -85.8   -328.5   3703.7
22   12   -91.9   -712.2   3783.2
22   13   133.0   47.5   3750.6
22   14   133.1   -335.8   3711.0
22   15   125.1   -716.8   3802.7
22   16   -460.5   744.6   3396.5
22   17   518.6   756.9   3361.5
22   18   37.9   606.0   3659.6
23   0   38.0   717.4   3628.9
23   1   38.3   536.2   3675.9
23   2   -125.9   553.6   3682.3
23   3   -319.0   633.4   3532.1
23   4   -511.2   806.5   3403.8
23   5   200.1   545.7   3656.7
23   6   394.5   638.1   3512.9
23   7   575.7   806.1   3357.7
23   8   40.3   304.9   3731.9
23   9   38.4   119.9   3733.8
23   10   -58.3   55.6   3750.9
23   11   -85.5   -327.7   3703.9
23   12   -91.4   -711.3   3782.7
23   13   132.5   51.8   3750.9
23   14   133.1   -333.2   3710.8
23   15   125.2   -714.0   3802.1
23   16   -479.2   777.7   3425.2
23   17   545.6   778.1   3383.5
23   18   37.7   611.3   3657.8
24   0   38.0   719.7   3619.2
24   1   37.3   541.4   3672.3
24   2   -125.4   557.6   3677.6
24   3   -322.0   643.1   3536.1
24   4   -518.2   832.9   3440.2
24   5   198.4   547.9   3650.2
24   6   391.6   649.6   3512.3
24   7   590.6   821.3   3385.6
24   8   36.6   310.0   3732.3
24   9   35.4   124.8   3734.1
24   10   -61.5   59.2   3751.1
24   11   -85.5   -326.2   3704.1
24   12   -91.3   -709.8   3782.5
24   13   130.3   56.2   3751.2
24   14   133.0   -330.6   3710.6
24   15   125.0   -711.3   3801.6
24   16   -485.4   801.3   3456.1
24   17   557.5   792.7   3406.7
24   18   37.5   616.1   3652.9
25   0   37.7   722.2   3609.1
25   1   35.7   545.8   3667.7
25   2   -124.3   560.0   3674.2
25   3   -327.8   647.3   3545.3
25   4   -522.1   847.1   3469.7
25   5   196.6   548.8   3644.0
25   6   392.8   653.4   3514.6
25   7   598.7   828.2   3408.1
25   8   30.9   315.4   3732.7
25   9   30.5   129.3   3734.3
25   10   -66.7   61.1   3751.4
25   11   -85.8   -326.6   3704.3
25   12   -91.4   -709.7   3782.9
25   13   126.6   59.3   3751.3
25   14   133.0   -329.6   3711.2
25   15   124.9   -710.2   3801.4
25   16   -489.7   813.8   3482.3
25   17   564.4   799.1   3425.8
25   18   37.2   620.1   3646.7
26   0   37.2   724.9   3602.1
26   1   34.0   549.0   3663.6
26   2   -123.4   561.8   3672.8
26   3   -333.3   648.5   3555.1
26   4   -522.2   854.0   3486.3
26   5   195.0   549.1   3643.2
26   6   395.7   653.3   3522.1
26   7   601.0   828.5   3420.9
26   8   25.0   320.1   3732.8
26   9   24.7   132.5   3734.4
26   10   -73.7   63.4   3751.4
26   11   -86.3   -326.8   3704.3
26   12   -91.8   -709.5   3782.9
26   13   122.0   61.5   3751.1
26   14   132.9   -329.6   3711.3
26   15   124.5   -709.7   3801.4
26   16   -490.7   819.7   3497.7
26   17   566.8   799.3   3437.7
26   18   37.0   622.9   3641.2
27   0   36.5   727.5   3599.1
27   1   32.8   551.0   3660.7
27   2   -122.6   562.7   3672.5
27   3   -335.5   647.9   3559.1
27   4   -522.0   857.9   3492.9
27   5   193.8   549.2   3644.4
27   6   399.2   651.4   3530.7
27   7   601.3   826.2   3421.8
27   8   20.8   323.4   3732.6
27   9   20.3   134.0   3734.4
27   10   -78.2   62.9   3751.4
27   11   -86.8   -329.6   3704.1
27   12   -92.5   -711.7   3783.1
27   13   118.5   62.3   3750.9
27   14   132.8   -330.8   3711.2
27   15   124.4   -710.4   3801.5
27   16   -490.9   822.9   3504.0
27   17   567.6   797.0   3439.9
27   18   36.7   624.5   3637.5
28   0   35.8   729.5   3598.7
28   1   31.9   552.0   3659.0
28   2   -122.1   562.5   3672.3
28   3   -337.6   646.7   3562.9
28   4   -521.6   860.7   3494.0
28   5   192.9   549.1   3645.9
28   6   400.7   647.9   3533.8
28   7   601.6   823.4   3419.2
28   8   18.3   325.3   3732.3
28   9   17.5   134.2   3734.3
28   10   -81.0   61.8   3751.0
28   11   -87.0   -333.0   3703.7
28   12   -92.8   -714.5   3783.6
28   13   116.2   62.1   3751.0
28   14   132.8   -333.1   3710.9
28   15   124.3   -712.1   3801.9
28   16   -490.9   825.0   3505.5
28   17   568.1   794.2   3438.3
28   18   36.3   625.4   3635.3
29   0   35.1   731.0   3599.6
29   1   31.4   552.4   3658.1
29   2   -121.9   561.9   3672.1
29   3   -339.8   645.3   3567.0
29   4   -521.4   862.3   3493.4
29   5   192.3   549.0   3646.6
29   6   401.8   643.8   3534.4
29   7   601.6   820.3   3414.7
29   8   17.1   326.2   3731.8
29   9   16.0   133.7   3734.2
29   10   -82.1   59.5   3750.2
29   11   -87.0   -337.2   3703.3
29   12   -93.3   -718.3   3784.0
29   13   114.8   61.0   3751.1
29   14   132.9   -335.9   3709.7
29   15   124.3   -714.2   3802.4
29   16   -491.1   826.1   3505.7
29   17   568.3   790.9   3434.6
29   18   36.0   625.7   3634.2
30   0   34.4   732.1   3601.1
30   1   31.0   552.5   3657.6
30   2   -121.8   561.1   3672.0
30   3   -341.6   643.4   3569.7
30   4   -522.8   861.2   3491.1
30   5   191.8   548.9   3647.0
30   6   403.2   639.1   3534.5
30   7   601.7   817.3   3411.0
30   8   16.6   326.5   3731.4
30   9   15.3   132.7   3734.0
30   10   -83.2   58.4   3749.2
30   11   -87.0   -339.6   3702.6
30   12   -93.6   -720.4   3784.1
30   13   114.0   59.5   3751.3
30   14   133.0   -338.5   3708.4
30   15   124.2   -716.1   3802.9
30   16   -492.6   824.9   3504.2
30   17   568.6   787.6   3431.6
30   18   35.7   625.8   3633.7
31   0   33.7   732.9   3602.9
31   1   30.8   552.4   3657.4
31   2   -121.7   560.3   3672.1
31   3   -341.8   642.4   3570.1
31   4   -526.8   858.6   3488.2
31   5   191.5   548.8   3647.2
31   6   404.9   633.4   3534.0
31   7   600.1   816.5   3407.4
31   8   16.5   326.5   3731.0
31   9   15.0   131.7   3733.8
31   10   -84.3   58.1   3747.7
31   11   -87.1   -341.0   3702.4
31   12   -93.9   -721.8   3784.1
31   13   113.9   58.6   3751.4
31   14   133.1   -340.2   3707.6
31   15   124.2   -717.7   3803.2
31   16   -496.0   822.5   3501.9
31   17   567.6   786.0   3428.5
31   18   35.4   625.7   3633.6
32   0   33.3   733.7   3604.9
32   1   30.6   552.3   3657.3
32   2   -121.6   559.4   3672.4
32   3   -341.6   641.3   3570.1
32   4   -530.1   853.0   3481.0
32   5   191.3   548.9   3647.2
32   6   407.0   627.1   3533.5
32   7   595.8   814.5   3401.4
32   8   16.5   326.4   3730.6
32   9   15.0   130.7   3733.5
32   10   -85.5   58.6   3746.0
32   11   -87.3   -341.2   3702.2
32   12   -94.0   -722.6   3783.9
32   13   114.2   58.2   3751.4
32   14   133.2   -340.9   3705.0
32   15   124.2   -718.3   3803.3
32   16   -498.7   817.7   3495.9
32   17   564.4   783.3   3423.4
32   18   35.2   625.7   3633.6
33   0   33.0   734.4   3607.1
33   1   30.6   552.2   3657.3
33   2   -121.2   558.3   3672.6
33   3   -341.7   638.6   3570.0
33   4   -523.6   845.1   3462.7
33   5   191.4   548.9   3647.1
33   6   409.6   618.2   3532.6
33   7   587.5   808.8   3393.3
33   8   16.6   326.1   3730.1
33   9   15.0   129.8   3733.3
33   10   -86.4   59.1   3744.4
33   11   -87.4   -341.3   3701.9
33   12   -94.0   -722.1   3783.3
33   13   114.6   58.1   3751.2
33   14   133.3   -341.2   3702.3
33   15   124.2   -717.3   3803.0
33   16   -493.3   810.6   3480.6
33   17   557.9   777.0   3416.5
33   18   35.1   625.6   3633.6
34   0   32.9   735.1   3609.9
34   1   30.6   552.1   3657.2
34   2   -120.7   557.0   3672.7
34   3   -343.6   629.2   3569.4
34   4   -511.3   829.6   3438.0
34   5   191.5   548.9   3647.1
34   6   413.3   602.6   3531.3
34   7   577.9   800.5   3390.7
34   8   16.7   325.6   3729.7
34   9   15.1   129.1   3733.0
34   10   -87.1   59.8   3744.0
34   11   -87.4   -340.8   3701.4
34   12   -93.9   -720.7   3782.6
34   13   115.1   58.2   3751.0
34   14   133.4   -340.9   3699.3
34   15   124.3   -715.4   3802.4
34   16   -483.4   796.2   3459.9
34   17   550.5   767.5   3414.1
34   18   35.1   625.6   3633.7
35   0   32.9   735.7   3612.4
35   1   30.7   552.0   3657.0
35   2   -120.0   555.4   3672.7
35   3   -347.0   609.6   3568.1
35   4   -492.8   810.2   3417.7
35   5   191.6   548.8   3647.1
35   6   416.6   580.1   3530.0
35   7   562.5   783.3   3381.8
35   8   16.9   325.0   3728.8
35   9   15.1   128.6   3732.6
35   10   -87.8   60.8   3743.8
35   11   -87.4   -339.5   3700.8
35   12   -93.8   -719.1   3781.5
35   13   115.6   58.7   3750.5
35   14   133.0   -340.1   3698.2
35   15   124.3   -714.1   3801.7
35   16   -468.5   776.8   3442.7
35   17   538.2   749.4   3406.5
35   18   35.2   625.5   3633.7
36   0   32.9   735.8   3615.4
36   1   30.8   551.4   3656.6
36   2   -118.7   551.8   3672.5
36   3   -348.8   589.1   3567.3
36   4   -460.5   790.1   3395.2
36   5   190.8   546.3   3647.0
36   6   417.5   552.0   3529.3
36   7   535.2   758.2   3366.4
36   8   17.2   323.6   3727.3
36   9   15.1   128.1   3732.1
36   10   -87.9   59.0   3743.8
36   11   -87.4   -341.2   3700.4
36   12   -93.8   -719.8   3781.3
36   13   116.7   58.2   3749.9
36   14   132.5   -340.6   3698.1
36   15   124.3   -713.6   3801.5
36   16   -441.9   756.6   3423.9
36   17   515.6   723.8   3393.5
36   18   35.2   625.0   3633.7
37   0   32.9   733.9   3619.9
37   1   31.0   548.7   3657.4
37   2   -116.8   544.8   3674.3
37   3   -346.0   564.9   3562.2
37   4   -420.6   770.1   3374.6
37   5   188.7   538.8   3646.9
37   6   414.0   514.8   3528.8
37   7   491.7   727.3   3351.8
37   8   17.5   319.3   3725.6
37   9   15.2   125.5   3731.6
37   10   -88.4   55.8   3744.0
37   11   -87.4   -343.2   3700.1
37   12   -93.8   -718.4   3781.0
37   13   118.5   57.1   3748.9
37   14   132.2   -340.8   3697.8
37   15   124.3   -710.5   3800.5
37   16   -408.2   735.9   3405.9
37   17   478.8   691.9   3381.3
37   18   35.3   622.6   3635.4
38   0   33.0   728.6   3626.7
38   1   31.0   543.7   3659.9
38   2   -115.5   536.6   3678.4
38   3   -334.3   537.6   3549.3
38   4   -371.7   746.3   3354.6
38   5   187.3   530.1   3647.1
38   6   404.7   482.6   3523.5
38   7   424.0   699.9   3340.0
38   8   17.8   312.0   3724.5
38   9   15.3   120.5   3731.0
38   10   -88.3   49.3   3744.1
38   11   -87.3   -347.8   3699.0
38   12   -93.9   -721.3   3781.8
38   13   121.0   55.1   3747.4
38   14   132.1   -341.3   3697.7
38   15   124.3   -709.8   3800.3
38   16   -365.5   711.5   3387.0
38   17   420.8   663.7   3370.6
38   18   35.3   618.0   3639.2
39   0   33.1   721.7   3635.0
39   1   31.3   537.1   3664.2
39   2   -114.8   526.5   3681.7
39   3   -315.9   513.2   3525.2
39   4   -316.8   726.0   3333.1
39   5   186.4   520.6   3647.6
39   6   386.9   442.0   3509.8
39   7   342.9   662.7   3338.5
39   8   18.8   302.9   3724.7
39   9   16.5   113.7   3730.6
39   10   -87.6   44.5   3744.1
39   11   -87.3   -350.4   3697.9
39   12   -94.0   -724.2   3782.7
39   13   123.9   52.3   3745.4
39   14   132.0   -342.3   3697.6
39   15   124.3   -711.4   3800.9
39   16   -316.7   690.5   3365.1
39   17   350.2   625.9   3367.0
39   18   35.3   611.7   3644.8
40   0   33.2   714.7   3642.4
40   1   32.1   529.6   3669.3
40   2   -116.1   519.4   3685.3
40   3   -297.8   480.4   3505.6
40   4   -251.7   686.4   3314.5
40   5   187.5   514.3   3653.2
40   6   352.4   390.8   3500.2
40   7   261.8   609.5   3342.6
40   8   21.9   293.4   3725.6
40   9   19.8   106.3   3730.3
40   10   -84.0   40.3   3743.8
40   11   -87.3   -352.0   3697.1
40   12   -93.9   -723.6   3782.5
40   13   127.3   48.1   3742.0
40   14   131.9   -344.4   3697.4
40   15   124.3   -711.3   3801.1
40   16   -259.3   652.1   3346.4
40   17   276.9   573.0   3368.8
40   18   35.3   604.6   3651.3
41   0   33.3   709.7   3647.5
41   1   32.7   523.7   3674.2
41   2   -118.4   515.6   3687.2
41   3   -257.3   448.5   3478.7
41   4   -172.5   651.6   3298.5
41   5   188.4   509.5   3661.8
41   6   303.4   351.6   3491.9
41   7   177.7   573.8   3366.2
41   8   24.6   286.7   3727.5
41   9   23.1   101.5   3730.0
41   10   -82.2   48.0   3743.6
41   11   -87.1   -342.9   3698.2
41   12   -93.7   -715.5   3780.7
41   13   129.6   49.3   3738.2
41   14   131.9   -342.2   3697.8
41   15   124.3   -709.6   3800.7
41   16   -186.6   617.7   3328.5
41   17   198.6   536.8   3387.2
41   18   35.3   599.0   3657.3
42   0   32.6   708.4   3649.3
42   1   33.0   522.2   3676.3
42   2   -119.3   512.6   3678.0
42   3   -213.1   416.3   3454.1
42   4   -84.4   612.4   3295.7
42   5   184.7   503.1   3649.8
42   6   245.9   301.5   3499.1
42   7   108.1   536.6   3421.7
42   8   25.7   286.2   3728.8
42   9   24.8   102.2   3729.6
42   10   -78.8   49.4   3743.2
42   11   -86.8   -340.1   3698.8
42   12   -93.6   -714.5   3780.5
42   13   127.9   47.2   3735.5
42   14   131.9   -343.1   3697.9
42   15   124.2   -712.1   3801.2
42   16   -105.8   579.7   3322.1
42   17   131.1   497.4   3434.6
42   18   35.3   597.6   3659.5
43   0   31.8   707.0   3646.4
43   1   33.1   522.0   3675.8
43   2   -116.2   506.8   3654.9
43   3   -172.1   351.9   3456.9
43   4   -19.8   559.4   3341.7
43   5   180.7   498.7   3636.6
43   6   197.1   270.6   3509.2
43   7   30.4   490.9   3443.7
43   8   26.1   287.6   3728.8
43   9   25.8   104.2   3729.1
43   10   -73.8   43.8   3742.5
43   11   -86.6   -342.9   3698.7
43   12   -93.6   -718.8   3782.3
43   13   124.0   40.2   3734.3
43   14   132.2   -347.3   3697.3
43   15   124.0   -717.6   3802.9
43   16   -45.2   524.8   3360.9
43   17   58.2   454.2   3454.6
43   18   35.3   597.3   3658.8
44   0   31.0   706.9   3639.4
44   1   33.1   522.3   3670.0
44   2   -113.8   503.2   3642.2
44   3   -147.9   296.2   3497.1
44   4   11.0   493.2   3370.9
44   5   177.0   495.6   3623.2
44   6   166.9   251.9   3522.2
44   7   -22.5   450.2   3450.3
44   8   26.4   289.5   3726.0
44   9   26.3   106.2   3728.1
44   10   -71.0   37.8   3742.1
44   11   -86.3   -345.8   3698.8
44   12   -93.7   -723.0   3784.5
44   13   123.6   36.2   3733.7
44   14   132.2   -348.3   3696.9
44   15   123.9   -720.1   3803.5
44   16   -15.5   460.4   3391.9
44   17   9.1   417.2   3462.3
44   18   35.3   597.4   3652.0
45   0   30.2   707.5   3631.5
45   1   33.2   522.8   3659.2
45   2   -111.8   501.6   3635.9
45   3   -126.3   270.3   3516.5
45   4   39.5   453.7   3379.1
45   5   173.5   492.5   3611.5
45   6   144.2   243.2   3527.2
45   7   -67.8   412.9   3448.8
45   8   26.6   290.8   3720.2
45   9   26.6   107.2   3726.5
45   10   -70.1   30.9   3742.1
45   11   -86.3   -349.5   3698.5
45   12   -93.7   -727.8   3786.1
45   13   125.3   32.7   3733.7
45   14   132.1   -348.7   3696.5
45   15   123.8   -721.8   3804.0
45   16   11.8   423.1   3402.0
45   17   -32.4   384.7   3461.9
45   18   35.3   597.5   3639.5
46   0   29.3   707.9   3625.9
46   1   33.1   523.3   3646.2
46   2   -109.8   501.6   3631.6
46   3   -105.9   263.1   3520.5
46   4   58.7   442.2   3376.3
46   5   171.4   490.8   3604.5
46   6   137.4   240.8   3527.1
46   7   -87.8   390.7   3444.3
46   8   26.7   291.1   3712.7
46   9   26.8   107.0   3724.5
46   10   -70.3   25.6   3742.4
46   11   -86.2   -351.8   3698.0
46   12   -93.7   -731.1   3786.7
46   13   127.3   30.1   3733.9
46   14   132.1   -348.4   3696.4
46   15   123.7   -722.7   3804.2
46   16   31.3   412.3   3400.4
46   17   -50.2   365.7   3458.1
46   18   35.2   597.5   3624.9
47   0   28.6   707.3   3623.5
47   1   33.1   523.7   3633.9
47   2   -108.3   502.2   3624.2
47   3   -96.2   263.1   3515.3
47   4   69.6   449.0   3383.0
47   5   170.3   490.8   3602.3
47   6   139.3   242.5   3524.1
47   7   -95.1   376.9   3439.7
47   8   26.8   293.4   3705.4
47   9   26.8   109.0   3722.2
47   10   -71.0   24.4   3742.6
47   11   -86.1   -350.5   3697.7
47   12   -93.4   -730.9   3786.1
47   13   128.4   29.3   3734.1
47   14   132.0   -346.7   3696.5
47   15   123.6   -722.1   3804.0
47   16   42.0   418.0   3405.0
47   17   -56.0   354.5   3453.8
47   18   35.1   597.5   3610.9
48   0   28.3   705.9   3622.8
48   1   32.9   524.2   3624.2
48   2   -107.1   503.1   3617.4
48   3   -94.3   263.4   3513.1
48   4   69.4   460.0   3395.8
48   5   169.5   491.9   3602.7
48   6   141.4   247.7   3516.9
48   7   -99.7   371.8   3436.3
48   8   26.9   296.9   3701.0
48   9   26.9   112.2   3720.5
48   10   -71.7   25.3   3742.9
48   11   -86.2   -347.6   3697.9
48   12   -92.9   -729.2   3785.0
48   13   128.6   29.3   3734.4
48   14   132.0   -344.7   3696.7
48   15   123.7   -721.2   3803.6
48   16   42.1   427.3   3415.4
48   17   -59.5   351.1   3449.7
48   18   34.9   597.4   3599.5
49   0   28.2   704.7   3622.3
49   1   32.8   524.7   3617.9
49   2   -105.9   504.0   3613.3
49   3   -96.0   264.0   3513.3
49   4   70.6   464.1   3406.3
49   5   169.1   493.9   3603.9
49   6   142.7   252.5   3513.5
49   7   -100.4   372.9   3434.5
49   8   27.0   300.7   3699.0
49   9   26.9   115.6   3719.5
49   10   -72.4   27.5   3743.1
49   11   -86.1   -344.4   3698.5
49   12   -92.4   -726.8   3784.2
49   13   128.4   29.6   3734.7
49   14   132.0   -343.3   3696.9
49   15   123.7   -720.6   3802.9
49   16   42.8   430.8   3424.1
49   17   -59.9   352.9   3447.6
49   18   34.7   597.4   3591.6
50   0   28.5   703.2   3621.0
50   1   32.7   525.3   3614.8
50   2   -104.8   505.0   3612.1
50   3   -100.6   264.4   3516.1
50   4   66.0   465.1   3409.9
50   5   168.9   496.3   3604.7
50   6   142.4   256.3   3512.5
50   7   -100.0   377.1   3433.2
50   8   26.9   301.6   3699.6
50   9   26.8   116.2   3719.4
50   10   -73.3   32.5   3743.4
50   11   -86.0   -339.6   3699.2
50   12   -92.6   -722.9   3783.2
50   13   127.3   30.5   3734.9
50   14   132.0   -342.5   3697.0
50   15   123.6   -720.4   3802.6
50   16   38.2   431.7   3427.6
50   17   -59.6   356.9   3446.4
50   18   34.6   597.5   3587.4
51   0   28.7   702.4   3619.6
51   1   32.6   525.8   3613.8
51   2   -104.0   505.9   3611.8
51   3   -111.4   264.0   3522.1
51   4   51.1   459.9   3402.7
51   5   169.2   499.1   3605.2
51   6   143.9   259.6   3512.9
51   7   -97.3   381.5   3432.8
51   8   26.8   301.7   3701.9
51   9   26.8   116.1   3720.0
51   10   -72.9   36.1   3743.5
51   11   -85.9   -336.9   3699.8
51   12   -92.7   -720.8   3782.7
51   13   125.7   32.1   3735.3
51   14   132.1   -341.7   3697.4
51   15   123.5   -720.2   3802.4
51   16   24.0   427.3   3422.6
51   17   -57.1   361.2   3446.2
51   18   34.4   597.7   3585.5
52   0   28.9   702.1   3618.5
52   1   32.4   526.2   3613.9
52   2   -103.3   506.8   3611.7
52   3   -124.1   264.3   3527.9
52   4   37.7   451.6   3395.0
52   5   169.8   502.3   3605.6
52   6   147.3   262.5   3514.2
52   7   -94.1   382.4   3432.6
52   8   26.7   301.8   3704.7
52   9   26.8   116.1   3720.6
52   10   -71.2   36.4   3743.4
52   11   -85.9   -337.0   3700.1
52   12   -92.7   -721.2   3782.8
52   13   124.4   33.3   3736.4
52   14   132.1   -340.8   3698.0
52   15   123.4   -719.7   3802.2
52   16   10.7   420.4   3417.1
52   17   -53.9   362.4   3446.2
52   18   34.2   597.9   3584.9
53   0   29.0   702.0   3617.9
53   1   32.3   526.6   3614.4
53   2   -102.7   507.7   3611.8
53   3   -142.8   265.4   3536.3
53   4   27.5   438.8   3395.4
53   5   170.2   505.1   3605.8
53   6   157.4   264.4   3515.8
53   7   -86.5   379.1   3434.8
53   8   26.7   301.8   3707.4
53   9   26.8   116.1   3721.2
53   10   -70.1   36.2   3743.6
53   11   -85.8   -337.3   3700.3
53   12   -92.7   -721.7   3782.8
53   13   123.9   34.8   3738.2
53   14   132.0   -339.5   3699.0
53   15   123.3   -718.9   3802.0
53   16   -0.9   409.9   3418.9
53   17   -45.9   360.0   3448.3
53   18   34.1   598.0   3584.9
54   0   29.1   702.4   3617.6
54   1   32.1   526.7   3616.5
54   2   -102.4   508.4   3612.1
54   3   -160.5   267.7   3543.5
54   4   17.3   430.1   3399.1
54   5   169.5   506.1   3606.9
54   6   175.3   265.4   3517.5
54   7   -71.3   374.1   3438.0
54   8   26.6   301.4   3710.2
54   9   26.8   115.8   3721.7
54   10   -69.2   35.5   3744.1
54   11   -85.8   -337.9   3700.6
54   12   -92.6   -722.3   3782.7
54   13   123.4   35.6   3741.2
54   14   132.0   -338.4   3700.5
54   15   123.1   -718.1   3801.8
54   16   -12.3   403.1   3423.2
54   17   -30.2   356.0   3451.2
54   18   33.9   598.1   3586.8
55   0   29.7   703.2   3617.9
55   1   32.0   526.5   3621.3
55   2   -101.9   510.4   3626.1
55   3   -176.3   275.1   3554.0
55   4   7.8   418.0   3400.2
55   5   173.0   512.6   3616.3
55   6   199.1   274.0   3525.5
55   7   -46.2   372.8   3435.5
55   8   26.7   300.4   3713.4
55   9   26.8   114.9   3723.5
55   10   -69.1   35.1   3745.0
55   11   -85.2   -337.9   3700.5
55   12   -92.3   -722.1   3782.7
55   13   123.3   36.0   3744.7
55   14   132.0   -337.4   3702.1
55   15   123.2   -717.5   3801.6
55   16   -22.9   394.2   3425.9
55   17   -5.3   356.4   3450.5
55   18   33.8   598.2   3592.1
56   0   30.9   704.1   3618.3
56   1   32.0   526.1   3628.8
56   2   -103.3   511.6   3636.5
56   3   -193.3   279.2   3573.3
56   4   -33.0   363.8   3372.3
56   5   176.3   516.7   3624.2
56   6   227.7   278.0   3547.0
56   7   -5.2   375.3   3430.8
56   8   26.8   299.1   3717.3
56   9   26.8   113.7   3727.3
56   10   -69.6   34.3   3746.2
56   11   -85.0   -338.2   3700.2
56   12   -92.2   -722.0   3782.8
56   13   123.6   36.0   3749.2
56   14   131.9   -336.9   3704.4
56   15   123.3   -717.2   3801.5
56   16   -59.7   349.7   3405.8
56   17   33.6   359.0   3450.2
56   18   33.7   598.2   3600.7
57   0   32.7   704.3   3618.7
57   1   32.0   525.6   3638.9
57   2   -104.7   512.1   3647.9
57   3   -198.9   278.6   3594.6
57   4   -124.0   278.1   3350.6
57   5   178.2   518.1   3635.9
57   6   248.7   278.8   3577.1
57   7   36.1   376.1   3428.3
57   8   27.0   297.5   3722.5
57   9   26.8   112.2   3732.2
57   10   -70.3   33.7   3747.6
57   11   -85.0   -338.4   3700.0
57   12   -92.2   -721.6   3783.4
57   13   124.5   35.7   3751.5
57   14   131.9   -337.0   3706.9
57   15   123.4   -717.5   3801.6
57   16   -136.4   278.3   3391.2
57   17   71.5   359.9   3453.1
57   18   33.7   598.2   3612.3
58   0   35.4   703.5   3619.0
58   1   32.1   524.8   3649.6
58   2   -106.9   511.9   3655.6
58   3   -206.3   278.0   3616.5
58   4   -220.5   206.5   3364.2
58   5   179.7   518.2   3645.3
58   6   268.6   281.3   3601.0
58   7   106.0   330.0   3390.6
58   8   27.2   295.4   3726.5
58   9   26.9   109.9   3735.6
58   10   -70.9   33.2   3748.3
58   11   -84.9   -338.5   3699.3
58   12   -92.2   -720.8   3784.1
58   13   125.3   35.5   3752.3
58   14   131.9   -337.2   3709.5
58   15   123.5   -717.8   3801.8
58   16   -218.1   218.4   3406.2
58   17   133.0   321.9   3425.6
58   18   33.7   598.2   3625.0
59   0   37.5   702.1   3619.5
59   1   32.1   524.2   3658.2
59   2   -109.5   512.2   3659.0
59   3   -218.7   280.7   3636.8
59   4   -309.6   161.0   3402.8
59   5   181.1   517.4   3649.1
59   6   284.4   283.6   3619.5
59   7   190.9   240.1   3374.1
59   8   27.4   293.7   3728.9
59   9   26.9   108.2   3737.4
59   10   -71.5   33.8   3748.5
59   11   -84.9   -337.4   3697.6
59   12   -92.2   -718.8   3784.5
59   13   125.8   35.8   3752.4
59   14   131.9   -336.8   3710.5
59   15   123.6   -717.1   3801.9
59   16   -294.5   180.9   3441.8
59   17   206.4   247.5   3415.0
59   18   33.7   598.2   3635.5
60   0   38.8   700.8   3620.1
60   1   32.2   523.8   3663.4
60   2   -111.4   512.1   3659.9
60   3   -225.7   283.2   3633.7
60   4   -379.1   124.1   3454.8
60   5   182.1   516.4   3650.5
60   6   289.4   282.9   3632.0
60   7   263.8   171.1   3381.6
60   8   27.6   292.9   3730.2
60   9   26.9   107.4   3738.1
60   10   -72.2   35.4   3748.3
60   11   -85.0   -335.2   3694.9
60   12   -92.2   -716.2   3784.2
60   13   126.2   36.7   3752.0
60   14   131.9   -335.7   3710.6
60   15   123.6   -716.2   3802.2
60   16   -353.6   150.5   3484.6
60   17   268.1   189.7   3423.3
60   18   33.7   598.2   3641.9
61   0   39.8   699.9   3620.7
61   1   32.3   523.6   3666.4
61   2   -112.5   511.6   3659.9
61   3   -228.5   287.7   3624.8
61   4   -423.9   107.5   3502.5
61   5   182.7   515.6   3651.9
61   6   286.3   283.8   3627.2
61   7   335.4   115.4   3405.7
61   8   27.9   292.7   3730.7
61   9   27.0   107.4   3738.2
61   10   -73.0   37.4   3747.9
61   11   -85.0   -332.7   3693.5
61   12   -92.2   -713.8   3783.8
61   13   126.5   37.8   3751.7
61   14   131.8   -334.2   3709.8
61   15   123.5   -714.4   3803.2
61   16   -391.4   137.5   3522.9
61   17   327.3   143.4   3442.6
61   18   33.7   598.2   3645.6
62   0   40.3   699.2   3621.3
62   1   32.4   523.5   3667.8
62   2   -113.3   511.1   3658.8
62   3   -231.3   290.8   3617.3
62   4   -449.6   102.5   3534.4
62   5   183.1   514.9   3654.6
62   6   280.7   285.7   3611.0
62   7   395.8   83.5   3436.8
62   8   28.3   292.8   3730.9
62   9   27.0   108.0   3738.1
62   10   -74.1   40.6   3747.2
62   11   -85.0   -329.3   3692.9
62   12   -92.1   -711.2   3782.8
62   13   127.0   39.6   3751.4
62   14   131.7   -332.0   3709.2
62   15   123.7   -712.5   3804.9
62   16   -413.2   133.9   3548.2
62   17   376.7   117.1   3465.8
62   18   33.7   598.2   3647.3
63   0   40.6   698.8   3621.8
63   1   32.5   523.5   3668.1
63   2   -113.9   510.7   3656.4
63   3   -234.7   291.9   3615.3
63   4   -461.9   99.9   3557.4
63   5   183.4   514.1   3655.7
63   6   277.7   284.4   3607.1
63   7   431.7   71.2   3462.5
63   8   28.6   293.0   3730.8
63   9   27.1   108.9   3738.0
63   10   -75.6   45.2   3746.3
63   11   -84.8   -325.4   3693.1
63   12   -92.0   -708.5   3781.6
63   13   127.5   42.0   3751.1
63   14   131.6   -330.2   3709.0
63   15   123.9   -711.3   3805.6
63   16   -424.0   131.9   3567.1
63   17   406.1   106.7   3486.6
63   18   33.7   598.2   3647.8
64   0   40.9   699.9   3621.6
64   1   32.6   523.5   3666.7
64   2   -114.5   510.4   3651.8
64   3   -241.2   292.7   3622.4
64   4   -470.1   97.8   3581.9
64   5   183.7   513.7   3655.7
64   6   279.8   284.2   3605.5
64   7   452.6   65.4   3483.4
64   8   28.9   293.7   3730.4
64   9   27.2   110.4   3737.7
64   10   -76.5   48.9   3745.1
64   11   -84.6   -323.1   3693.6
64   12   -91.8   -707.2   3781.0
64   13   127.9   44.7   3750.9
64   14   131.5   -328.7   3709.1
64   15   123.9   -710.5   3805.9
64   16   -431.9   130.3   3588.7
64   17   423.8   101.8   3503.8
64   18   33.8   598.2   3646.0
65   0   41.1   701.9   3621.3
65   1   32.7   523.7   3663.1
65   2   -114.9   510.1   3647.0
65   3   -249.5   295.2   3636.6
65   4   -476.2   99.0   3601.5
65   5   184.1   513.4   3650.7
65   6   287.1   285.1   3605.5
65   7   464.5   64.5   3494.2
65   8   29.3   294.5   3728.3
65   9   27.3   112.2   3736.6
65   10   -77.1   52.8   3743.7
65   11   -84.4   -321.2   3694.1
65   12   -91.8   -706.2   3780.8
65   13   128.5   48.2   3750.7
65   14   131.3   -327.0   3709.5
65   15   123.9   -709.7   3805.8
65   16   -438.4   131.7   3607.3
65   17   434.9   101.3   3512.7
65   18   33.8   598.2   3641.8
66   0   41.3   704.0   3621.0
66   1   32.8   523.8   3658.9
66   2   -115.1   510.1   3646.3
66   3   -253.1   296.3   3646.0
66   4   -482.8   109.4   3604.7
66   5   184.5   513.1   3646.5
66   6   293.0   286.2   3606.8
66   7   469.2   68.1   3496.1
66   8   29.6   295.2   3725.5
66   9   27.3   114.0   3735.1
66   10   -76.7   54.6   3743.2
66   11   -84.4   -321.3   3694.4
66   12   -91.8   -706.7   3781.2
66   13   128.6   51.1   3750.6
66   14   131.2   -325.9   3709.9
66   15   124.6   -709.2   3805.9
66   16   -444.5   140.5   3611.5
66   17   439.8   104.5   3514.5
66   18   33.8   598.2   3637.2
67   0   41.5   705.7   3620.8
67   1   32.9   523.8   3655.4
67   2   -115.2   510.1   3646.4
67   3   -254.6   297.4   3650.8
67   4   -486.9   119.9   3602.1
67   5   184.9   513.0   3643.5
67   6   297.5   288.0   3607.3
67   7   470.2   72.7   3494.2
67   8   30.0   295.4   3722.5
67   9   27.4   115.5   3733.9
67   10   -75.7   54.4   3743.3
67   11   -84.4   -322.7   3694.3
67   12   -91.8   -708.1   3781.7
67   13   127.8   51.4   3750.5
67   14   131.2   -326.9   3710.3
67   15   125.4   -710.2   3806.4
67   16   -448.1   149.5   3610.2
67   17   441.4   108.6   3513.0
67   18   33.9   598.2   3633.5
68   0   41.6   707.0   3620.8
68   1   33.0   523.9   3652.6
68   2   -115.4   510.1   3646.4
68   3   -254.8   298.8   3651.2
68   4   -486.3   128.6   3587.6
68   5   185.3   512.9   3641.0
68   6   301.3   290.6   3607.2
68   7   468.5   76.6   3490.4
68   8   30.3   295.6   3720.2
68   9   27.5   116.8   3732.8
68   10   -74.9   54.3   3743.4
68   11   -84.4   -323.7   3694.2
68   12   -91.8   -709.1   3782.0
68   13   127.4   51.8   3750.4
68   14   131.0   -327.3   3710.4
68   15   125.6   -710.8   3806.5
68   16   -447.7   157.0   3598.2
68   17   440.7   112.3   3509.9
68   18   33.9   598.2   3630.7
69   0   41.6   707.9   3620.7
69   1   33.1   523.9   3650.7
69   2   -115.6   510.1   3646.5
69   3   -254.0   299.3   3648.9
69   4   -481.5   136.1   3562.7
69   5   185.6   512.8   3641.6
69   6   302.8   292.3   3607.4
69   7   463.8   80.8   3481.8
69   8   30.7   295.8   3718.7
69   9   27.6   118.0   3732.0
69   10   -74.3   54.3   3743.5
69   11   -84.4   -324.2   3694.1
69   12   -91.8   -709.8   3782.2
69   13   127.1   52.3   3750.3
69   14   130.8   -327.4   3710.4
69   15   125.7   -711.2   3806.3
69   16   -443.6   163.3   3577.1
69   17   437.0   116.1   3502.8
69   18   33.9   598.2   3628.6
70   0   41.7   708.6   3620.7
70   1   33.2   523.9   3649.7
70   2   -115.9   510.0   3646.7
70   3   -252.6   299.0   3644.4
70   4   -469.9   138.5   3529.0
70   5   185.7   512.9   3644.0
70   6   303.4   293.7   3607.6
70   7   453.7   88.1   3460.2
70   8   31.0   296.0   3718.0
70   9   27.7   119.0   3731.4
70   10   -73.7   54.0   3743.6
70   11   -84.5   -324.7   3694.0
70   12   -91.8   -710.7   3782.3
70   13   126.8   52.4   3750.2
70   14   130.6   -327.6   3710.3
70   15   125.8   -711.8   3806.1
70   16   -433.6   165.2   3548.2
70   17   428.6   122.4   3484.8
70   18   34.0   598.2   3627.5
71   0   41.7   709.1   3620.7
71   1   33.4   523.9   3649.3
71   2   -116.1   510.0   3647.1
71   3   -249.9   297.6   3642.2
71   4   -444.7   138.8   3493.1
71   5   186.0   512.9   3645.5
71   6   302.8   293.9   3607.6
71   7   430.2   98.6   3431.5
71   8   31.3   296.1   3717.8
71   9   27.8   119.8   3731.2
71   10   -73.3   53.6   3743.8
71   11   -84.5   -325.2   3694.4
71   12   -91.8   -711.6   3782.4
71   13   126.5   52.1   3750.2
71   14   130.4   -328.0   3710.4
71   15   125.7   -712.7   3805.7
71   16   -412.2   165.3   3517.9
71   17   409.0   131.2   3460.8
71   18   34.0   598.2   3627.0
72   0   41.7   709.5   3620.7
72   1   33.5   523.9   3649.3
72   2   -116.3   510.0   3647.4
72   3   -242.4   293.6   3641.4
72   4   -406.5   151.7   3451.7
72   5   186.3   512.9   3646.3
72   6   301.3   293.6   3607.5
72   7   382.2   121.3   3393.9
72   8   31.7   296.1   3717.8
72   9   27.9   120.4   3731.0
72   10   -72.7   52.9   3744.0
72   11   -84.5   -325.8   3695.0
72   12   -91.9   -712.2   3782.4
72   13   126.2   51.5   3750.2
72   14   130.4   -328.5   3711.0
72   15   125.6   -713.4   3804.9
72   16   -379.2   175.4   3483.4
72   17   368.8   150.0   3429.5
72   18   34.1   598.2   3627.0
73   0   41.7   709.8   3620.7
73   1   33.7   523.9   3649.4
73   2   -116.5   510.0   3647.8
73   3   -231.5   286.9   3640.6
73   4   -342.7   194.3   3400.6
73   5   186.6   512.8   3646.6
73   6   298.1   291.1   3607.0
73   7   320.8   171.1   3355.3
73   8   32.1   296.2   3717.8
73   9   28.1   120.8   3731.0
73   10   -72.1   51.9   3744.3
73   11   -84.6   -326.6   3696.4
73   12   -91.9   -713.3   3782.6
73   13   126.0   50.9   3750.2
73   14   130.6   -328.9   3711.7
73   15   125.7   -714.1   3804.4
73   16   -324.3   209.6   3440.6
73   17   317.1   191.1   3397.2
73   18   34.2   598.2   3627.1
74   0   41.7   710.0   3620.8
74   1   33.8   523.9   3649.5
74   2   -116.7   509.9   3648.1
74   3   -220.4   280.5   3635.7
74   4   -284.1   238.0   3365.0
74   5   186.9   512.6   3646.8
74   6   288.1   285.4   3605.7
74   7   252.1   247.2   3335.4
74   8   32.4   296.2   3717.8
74   9   28.2   121.1   3730.9
74   10   -71.7   51.4   3744.6
74   11   -84.6   -327.0   3698.3
74   12   -91.8   -710.5   3782.0
74   13   126.1   50.8   3750.2
74   14   130.7   -328.7   3712.0
74   15   125.7   -710.5   3803.2
74   16   -273.5   245.1   3410.1
74   17   258.1   253.5   3380.5
74   18   34.2   598.2   3627.2
75   0   41.7   710.2   3620.9
75   1   33.9   523.8   3649.6
75   2   -116.9   509.9   3648.4
75   3   -204.4   277.1   3609.0
75   4   -231.8   291.8   3327.0
75   5   187.2   512.5   3647.0
75   6   278.1   280.1   3604.2
75   7   189.9   332.6   3349.5
75   8   32.6   296.2   3717.9
75   9   28.4   121.4   3730.9
75   10   -71.4   51.1   3744.9
75   11   -84.6   -327.1   3699.1
75   12   -91.7   -706.0   3781.0
75   13   126.2   50.8   3750.1
75   14   130.7   -328.6   3712.2
75   15   125.8   -705.7   3801.9
75   16   -227.2   289.4   3374.0
75   17   204.5   323.9   3392.0
75   18   34.3   598.2   3627.4
76   0   41.7   710.4   3621.0
76   1   34.0   523.8   3649.8
76   2   -117.1   510.0   3648.8
76   3   -196.2   287.0   3565.3
76   4   -165.1   351.0   3291.1
76   5   187.6   512.3   3645.9
76   6   266.4   275.1   3600.3
76   7   140.6   388.7   3374.5
76   8   32.8   296.1   3717.9
76   9   28.5   121.5   3730.9
76   10   -71.1   50.9   3744.8
76   11   -84.7   -327.2   3699.8
76   12   -91.7   -701.5   3780.1
76   13   126.4   50.8   3750.0
76   14   130.7   -328.4   3712.3
76   15   125.8   -700.9   3800.6
76   16   -170.2   340.4   3336.8
76   17   161.5   369.8   3412.1
76   18   34.4   598.2   3627.5
77   0   41.7   710.5   3621.1
77   1   34.1   523.8   3649.8
77   2   -117.3   510.1   3649.0
77   3   -190.4   290.6   3544.5
77   4   -101.2   409.1   3306.0
77   5   188.3   511.9   3637.7
77   6   252.5   269.6   3591.6
77   7   108.9   426.6   3396.9
77   8   33.0   296.1   3718.0
77   9   28.7   121.6   3730.6
77   10   -70.9   50.8   3744.3
77   11   -84.7   -327.3   3700.0
77   12   -91.6   -697.5   3779.2
77   13   126.6   50.8   3749.3
77   14   130.7   -328.3   3712.3
77   15   125.9   -696.7   3799.6
77   16   -115.9   389.4   3345.7
77   17   132.8   400.5   3429.3
77   18   34.5   598.2   3627.6
78   0   41.7   710.7   3621.5
78   1   34.3   523.9   3648.1
78   2   -117.4   510.7   3649.0
78   3   -180.2   287.9   3540.2
78   4   -48.3   443.0   3343.4
78   5   188.7   511.7   3624.4
78   6   238.7   264.8   3581.3
78   7   84.7   444.1   3412.2
78   8   33.1   296.5   3717.7
78   9   28.9   122.0   3730.1
78   10   -70.5   50.1   3744.1
78   11   -84.7   -327.9   3700.8
78   12   -91.6   -694.9   3778.7
78   13   126.7   50.2   3749.0
78   14   130.7   -328.6   3712.1
78   15   125.9   -693.7   3799.0
78   16   -70.2   417.2   3376.2
78   17   110.3   414.2   3440.4
78   18   34.6   598.2   3625.4
79   0   41.7   710.8   3622.3
79   1   34.4   524.2   3644.3
79   2   -117.2   511.7   3648.9
79   3   -166.7   282.3   3545.7
79   4   -11.5   457.6   3379.4
79   5   188.1   510.1   3614.0
79   6   220.8   260.3   3568.5
79   7   57.2   447.4   3418.9
79   8   33.3   297.3   3717.0
79   9   29.1   122.4   3729.4
79   10   -69.9   46.8   3744.2
79   11   -84.6   -330.9   3702.3
79   12   -91.6   -699.3   3779.6
79   13   127.2   48.4   3748.9
79   14   130.7   -330.1   3712.0
79   15   125.8   -696.2   3799.6
79   16   -37.3   428.4   3407.1
79   17   84.5   416.2   3443.8
79   18   34.7   598.2   3620.6
80   0   41.7   710.6   3623.1
80   1   34.4   524.6   3639.7
80   2   -116.3   512.5   3648.8
80   3   -147.1   278.4   3548.5
80   4   17.4   469.2   3407.9
80   5   186.5   507.3   3608.8
80   6   209.5   255.6   3564.5
80   7   35.9   433.0   3418.3
80   8   33.4   298.2   3716.2
80   9   29.3   122.0   3728.5
80   10   -69.3   42.2   3744.4
80   11   -84.4   -335.9   3704.5
80   12   -91.8   -707.6   3780.7
80   13   128.1   46.0   3748.7
80   14   130.7   -332.7   3711.7
80   15   125.7   -701.8   3799.6
80   16   -10.0   437.4   3431.4
80   17   64.9   403.4   3442.7
80   18   34.8   598.2   3614.8
81   0   41.7   710.2   3623.7
81   1   34.5   524.9   3635.8
81   2   -114.8   512.8   3648.5
81   3   -141.1   276.5   3550.6
81   4   29.3   476.2   3432.0
81   5   185.5   506.1   3607.7
81   6   204.2   253.2   3564.8
81   7   20.8   421.5   3423.8
81   8   33.5   298.6   3715.5
81   9   29.5   120.6   3727.6
81   10   -69.0   37.5   3744.4
81   11   -84.3   -341.1   3706.4
81   12   -92.1   -716.5   3780.8
81   13   129.1   43.5   3748.4
81   14   130.7   -335.5   3711.3
81   15   125.7   -708.8   3795.9
81   16   0.8   442.9   3451.8
81   17   51.4   393.5   3447.3
81   18   34.8   598.2   3610.0
82   0   41.7   709.9   3624.1
82   1   34.6   525.0   3633.3
82   2   -113.7   511.9   3645.9
82   3   -139.1   273.9   3551.2
82   4   32.9   478.5   3446.6
82   5   184.8   505.6   3609.1
82   6   203.3   252.1   3568.8
82   7   15.6   415.6   3430.5
82   8   33.6   298.4   3715.0
82   9   29.6   118.4   3726.9
82   10   -69.5   35.5   3744.2
82   11   -84.3   -343.6   3707.0
82   12   -92.3   -722.5   3779.0
82   13   130.2   42.2   3748.0
82   14   130.8   -337.1   3710.9
82   15   125.7   -714.9   3788.8
82   16   4.2   444.4   3464.0
82   17   46.8   388.3   3453.5
82   18   34.9   598.2   3607.0
83   0   41.6   709.7   3624.3
83   1   34.7   525.0   3631.6
83   2   -112.8   510.4   3641.1
83   3   -139.3   270.5   3551.0
83   4   31.1   476.4   3449.7
83   5   184.1   505.7   3613.2
83   6   204.7   251.9   3574.5
83   7   14.6   406.9   3431.6
83   8   33.6   297.5   3712.9
83   9   29.7   115.5   3725.9
83   10   -69.8   34.6   3744.1
83   11   -84.3   -344.8   3706.8
83   12   -92.3   -726.7   3775.8
83   13   130.8   41.5   3747.3
83   14   130.8   -338.2   3710.6
83   15   125.7   -719.5   3782.6
83   16   2.7   442.1   3466.6
83   17   46.3   381.1   3455.4
83   18   35.0   598.2   3605.4
84   0   41.6   709.7   3624.4
84   1   34.8   524.7   3630.2
84   2   -110.6   508.0   3638.4
84   3   -140.1   267.6   3550.3
84   4   30.8   471.7   3449.7
84   5   183.1   506.3   3618.8
84   6   208.0   253.3   3576.7
84   7   19.7   408.7   3432.7
84   8   33.6   296.1   3709.6
84   9   29.8   112.5   3724.8
84   10   -70.0   34.5   3744.0
84   11   -84.3   -345.2   3706.7
84   12   -92.3   -729.3   3773.5
84   13   131.3   41.2   3746.3
84   14   130.9   -338.9   3710.3
84   15   125.9   -722.5   3780.0
84   16   2.3   437.7   3466.5
84   17   51.1   382.8   3456.7
84   18   35.2   598.2   3604.7
85   0   41.6   709.7   3624.4
85   1   35.0   524.4   3629.2
85   2   -108.8   506.6   3636.0
85   3   -140.6   265.6   3550.0
85   4   31.8   467.2   3448.8
85   5   182.3   506.9   3621.0
85   6   211.8   254.6   3577.1
85   7   26.0   413.1   3433.6
85   8   33.6   294.8   3705.9
85   9   29.9   109.8   3723.6
85   10   -69.9   34.6   3743.9
85   11   -84.2   -345.3   3706.5
85   12   -92.2   -731.3   3771.4
85   13   131.6   41.1   3745.2
85   14   131.0   -339.4   3710.3
85   15   126.1   -724.5   3779.9
85   16   3.1   433.6   3465.7
85   17   57.0   386.7   3457.5
85   18   35.4   598.2   3604.5
86   0   42.6   709.7   3624.4
86   1   35.5   524.1   3628.2
86   2   -106.6   506.2   3636.2
86   3   -140.7   265.5   3550.0
86   4   31.0   466.4   3447.6
86   5   182.0   507.3   3621.0
86   6   216.6   255.6   3576.5
86   7   30.2   412.3   3432.1
86   8   33.7   293.6   3702.0
86   9   30.1   107.5   3722.0
86   10   -69.8   34.9   3742.4
86   11   -84.1   -345.4   3706.1
86   12   -92.1   -732.9   3769.8
86   13   132.0   41.2   3743.6
86   14   131.3   -339.6   3710.2
86   15   126.6   -725.8   3781.7
86   16   2.4   432.9   3464.6
86   17   61.3   386.2   3456.1
86   18   36.1   598.2   3604.5
87   0   44.8   709.6   3624.4
87   1   36.3   523.8   3627.5
87   2   -104.8   506.8   3636.4
87   3   -140.5   266.1   3550.4
87   4   30.3   466.6   3446.1
87   5   182.1   507.4   3620.4
87   6   218.6   256.1   3574.6
87   7   35.3   409.8   3423.3
87   8   33.8   292.8   3698.7
87   9   30.4   105.8   3719.9
87   10   -69.5   35.1   3740.4
87   11   -82.4   -346.2   3727.8
87   12   -92.2   -737.4   3768.7
87   13   132.2   41.2   3741.8
87   14   131.7   -339.8   3710.1
87   15   127.5   -727.0   3782.7
87   16   1.8   433.2   3463.5
87   17   65.9   384.2   3448.5
87   18   37.1   598.2   3604.5
88   0   47.3   709.6   3624.4
88   1   37.2   523.6   3627.0
88   2   -103.5   507.6   3635.3
88   3   -140.0   266.4   3550.9
88   4   29.9   467.2   3446.2
88   5   182.4   507.4   3619.5
88   6   219.5   256.2   3572.7
88   7   36.9   403.2   3414.2
88   8   34.0   292.4   3696.6
88   9   30.6   104.6   3716.6
88   10   -69.3   35.5   3736.2
88   11   -81.4   -346.3   3737.5
88   12   -92.2   -739.8   3766.9
88   13   132.2   41.4   3739.3
88   14   132.2   -339.9   3710.1
88   15   128.6   -728.1   3783.2
88   16   1.6   433.8   3463.7
88   17   67.3   378.7   3440.6
88   18   38.3   598.2   3604.6
89   0   49.3   709.5   3624.4
89   1   38.1   523.5   3626.8
89   2   -102.6   508.4   3632.4
89   3   -139.6   265.9   3551.7
89   4   29.4   467.7   3447.3
89   5   182.8   507.3   3619.3
89   6   219.9   256.2   3571.3
89   7   35.5   403.6   3414.9
89   8   34.1   292.3   3695.4
89   9   30.9   103.9   3713.1
89   10   -68.4   36.1   3735.3
89   11   -81.1   -345.5   3721.7
89   12   -92.0   -738.1   3767.2
89   13   132.1   41.5   3736.7
89   14   132.5   -340.1   3710.1
89   15   129.1   -729.1   3783.5
89   16   1.2   434.1   3464.7
89   17   66.2   379.1   3441.0
89   18   39.4   598.2   3604.6
90   0   50.8   709.6   3624.4
90   1   39.1   523.5   3626.7
90   2   -101.7   509.2   3630.8
90   3   -139.0   265.8   3552.6
90   4   28.8   469.0   3448.7
90   5   183.3   507.1   3619.0
90   6   219.8   256.3   3568.7
90   7   31.5   408.0   3421.5
90   8   34.3   292.3   3694.8
90   9   31.2   103.7   3710.6
90   10   -67.4   36.5   3736.2
90   11   -80.3   -344.7   3712.2
90   12   -91.7   -732.8   3769.3
90   13   131.9   41.6   3735.8
90   14   133.4   -340.0   3710.0
90   15   129.3   -726.0   3783.1
90   16   0.8   435.2   3466.1
90   17   62.9   382.7   3446.1
90   18   40.6   598.2   3604.7
91   0   52.0   709.6   3624.3
91   1   40.0   523.4   3626.7
91   2   -100.7   509.9   3630.1
91   3   -138.4   265.8   3553.9
91   4   27.9   470.1   3449.5
91   5   184.1   506.9   3618.8
91   6   219.6   256.5   3565.4
91   7   30.8   409.1   3419.4
91   8   34.4   292.5   3694.5
91   9   31.5   103.8   3709.3
91   10   -66.5   36.9   3736.4
91   11   -79.4   -344.1   3707.1
91   12   -91.3   -726.5   3771.9
91   13   131.8   41.8   3735.3
91   14   134.3   -339.9   3709.8
91   15   129.4   -721.2   3782.7
91   16   0.2   436.1   3466.9
91   17   62.2   383.6   3443.7
91   18   41.9   598.2   3604.7
92   0   53.1   709.8   3623.6
92   1   41.3   523.4   3626.7
92   2   -99.6   510.5   3629.8
92   3   -138.2   265.9   3555.3
92   4   27.4   470.2   3449.7
92   5   185.6   507.7   3619.3
92   6   218.9   257.9   3561.8
92   7   33.0   417.7   3419.8
92   8   35.4   292.6   3694.5
92   9   32.3   104.2   3708.6
92   10   -65.5   37.3   3736.2
92   11   -77.9   -343.6   3705.0
92   12   -90.8   -720.2   3777.0
92   13   132.2   41.7   3735.2
92   14   135.1   -339.9   3709.5
92   15   129.6   -716.4   3782.7
92   16   -0.2   436.1   3467.3
92   17   64.0   391.1   3443.5
92   18   43.2   598.2   3604.7
93   0   54.0   710.0   3622.5
93   1   42.6   523.4   3626.7
93   2   -98.5   511.0   3629.6
93   3   -138.4   265.9   3557.2
93   4   27.4   468.9   3449.1
93   5   186.9   507.9   3619.3
93   6   218.6   258.0   3560.4
93   7   33.5   420.4   3420.1
93   8   36.9   292.7   3694.5
93   9   33.4   104.7   3708.5
93   10   -64.5   37.7   3736.0
93   11   -76.2   -343.3   3704.5
93   12   -90.4   -715.6   3777.3
93   13   132.8   41.4   3735.4
93   14   135.9   -340.1   3709.3
93   15   129.7   -712.5   3782.9
93   16   -0.3   435.0   3467.1
93   17   64.3   393.4   3443.5
93   18   44.5   598.2   3604.7
94   0   54.6   710.3   3621.6
94   1   44.1   523.4   3626.7
94   2   -97.5   511.4   3629.6
94   3   -138.6   266.1   3558.1
94   4   27.4   468.3   3448.6
94   5   188.1   507.6   3619.0
94   6   218.1   257.3   3560.5
94   7   30.7   417.7   3420.6
94   8   39.1   292.8   3694.5
94   9   34.7   105.2   3708.5
94   10   -63.3   38.1   3735.8
94   11   -75.4   -342.8   3704.0
94   12   -90.2   -716.0   3775.6
94   13   133.8   41.0   3735.5
94   14   136.2   -340.4   3709.0
94   15   129.7   -713.2   3783.9
94   16   -0.3   434.6   3466.9
94   17   61.9   390.9   3443.9
94   18   45.7   598.2   3604.7
95   0   54.9   710.5   3620.7
95   1   45.3   523.4   3626.7
95   2   -96.9   511.8   3629.5
95   3   -138.7   266.4   3558.5
95   4   27.9   467.4   3447.6
95   5   188.9   507.2   3618.3
95   6   217.3   256.4   3560.7
95   7   25.3   415.1   3425.2
95   8   41.2   292.8   3694.5
95   9   36.1   105.6   3708.5
95   10   -62.0   38.2   3735.5
95   11   -75.3   -342.7   3703.5
95   12   -89.9   -718.4   3775.2
95   13   134.6   40.3   3735.6
95   14   136.4   -341.2   3708.4
95   15   129.7   -716.0   3785.7
95   16   0.1   433.9   3466.1
95   17   57.3   388.7   3447.8
95   18   46.7   598.2   3604.7
96   0   54.9   710.7   3620.1
96   1   46.1   523.3   3626.7
96   2   -96.6   512.1   3629.8
96   3   -138.7   266.7   3558.8
96   4   28.7   466.0   3445.9
96   5   189.5   506.9   3617.4
96   6   216.6   255.6   3561.0
96   7   22.6   412.7   3426.0
96   8   42.7   292.8   3694.5
96   9   37.2   105.9   3708.6
96   10   -61.0   38.1   3735.4
96   11   -75.2   -343.3   3703.5
96   12   -89.4   -721.6   3775.2
96   13   135.1   39.4   3735.8
96   14   136.4   -342.6   3707.8
96   15   129.6   -719.6   3786.8
96   16   0.8   432.8   3464.7
96   17   55.0   386.5   3448.5
96   18   47.3   598.2   3604.7
97   0   54.9   711.0   3617.8
97   1   46.5   523.3   3626.7
97   2   -96.6   512.3   3629.9
97   3   -138.7   266.8   3558.8
97   4   29.5   464.0   3443.3
97   5   189.8   506.6   3616.3
97   6   215.9   254.9   3561.2
97   7   19.9   407.6   3424.2
97   8   43.5   292.8   3694.5
97   9   37.8   106.2   3708.7
97   10   -60.4   37.9   3735.2
97   11   -75.3   -344.3   3703.6
97   12   -88.7   -724.5   3775.4
97   13   135.3   38.5   3735.8
97   14   136.5   -344.2   3707.0
97   15   129.6   -722.9   3787.1
97   16   1.4   431.2   3462.5
97   17   52.5   382.1   3447.0
97   18   47.5   598.2   3604.7
