2   0   -368.7   687.2   3534.7
2   1   -370.0   522.4   3545.1
2   2   -510.5   509.7   3540.6
2   3   -507.4   291.0   3473.0
2   4   -341.3   469.7   3392.6
2   5   -231.9   510.5   3572.5
2   6   -246.0   290.6   3510.0
2   7   -246.0   -8.9   3510.0
2   8   -373.8   319.9   3582.3
2   9   -373.3   156.8   3586.0
2   10   -471.4   75.5   3606.6
2   11   -436.8   -261.2   3556.3
2   12   -412.9   -567.1   3653.5
2   13   -276.8   77.6   3616.1
2   14   -302.4   -263.5   3609.0
2   15   -314.6   -580.1   3666.1
2   16   -369.0   439.9   3406.0
2   17   -246.0   76.6   3510.0
2   18   -368.7   590.2   3532.7
3   0   -368.4   691.0   3535.5
3   1   -369.9   526.3   3546.6
3   2   -509.5   512.1   3538.2
3   3   -507.0   293.1   3471.3
3   4   -340.5   469.4   3387.6
3   5   -231.9   513.6   3569.6
3   6   -241.7   292.8   3510.8
3   7   -220.0   5.3   3514.8
3   8   -373.2   324.3   3586.9
3   9   -372.5   161.1   3590.6
3   10   -469.0   82.7   3606.8
3   11   -440.1   -254.6   3563.0
3   12   -413.1   -562.0   3651.4
3   13   -277.1   84.6   3616.7
3   14   -300.7   -256.4   3613.1
3   15   -312.1   -573.4   3665.4
3   16   -368.2   440.1   3401.6
3   17   -220.0   90.8   3514.8
3   18   -368.7   593.9   3533.1
4   0   -367.9   702.4   3537.6
4   1   -369.5   538.2   3550.9
4   2   -506.1   519.2   3534.8
4   3   -505.8   300.3   3467.6
4   4   -337.8   470.1   3376.9
4   5   -233.3   521.2   3563.6
4   6   -232.3   299.0   3512.7
4   7   -213.9   13.2   3516.5
4   8   -371.7   338.2   3600.1
4   9   -370.0   174.3   3602.8
4   10   -459.4   100.3   3608.0
4   11   -437.4   -237.1   3582.6
4   12   -413.4   -548.8   3647.0
4   13   -282.1   100.3   3618.2
4   14   -297.4   -239.4   3621.2
4   15   -307.7   -557.5   3665.4
4   16   -365.8   441.8   3392.0
4   17   -213.9   98.7   3516.5
4   18   -368.7   605.0   3534.4
5   0   -367.4   716.3   3540.2
5   1   -369.0   552.3   3555.7
5   2   -501.4   527.1   3531.5
5   3   -505.6   308.0   3465.4
5   4   -335.8   469.1   3365.6
5   5   -236.0   529.7   3557.5
5   6   -219.7   306.5   3514.4
5   7   -207.3   16.7   3516.0
5   8   -369.8   354.8   3614.0
5   9   -367.2   189.8   3616.2
5   10   -450.0   118.2   3609.3
5   11   -446.7   -218.2   3593.1
5   12   -414.2   -531.9   3643.4
5   13   -286.3   115.9   3619.5
5   14   -294.7   -221.7   3628.2
5   15   -303.7   -540.3   3664.8
5   16   -364.1   442.3   3382.2
5   17   -207.3   102.2   3516.0
5   18   -368.7   618.3   3536.3
6   0   -367.2   724.4   3541.8
6   1   -368.7   559.9   3557.7
6   2   -498.5   531.9   3529.1
6   3   -505.5   312.5   3464.1
6   4   -334.7   467.8   3358.6
6   5   -237.5   534.9   3553.8
6   6   -214.0   310.7   3516.1
6   7   -211.6   16.2   3517.1
6   8   -368.7   362.8   3617.9
6   9   -365.7   196.7   3621.7
6   10   -448.6   123.9   3609.0
6   11   -453.5   -211.1   3598.4
6   12   -413.9   -524.5   3642.2
6   13   -284.1   120.7   3619.7
6   14   -293.5   -214.6   3632.7
6   15   -300.9   -532.4   3663.9
6   16   -363.2   441.9   3376.2
6   17   -211.6   101.7   3517.1
6   18   -368.7   625.8   3537.6
7   0   -367.2   725.0   3542.5
7   1   -368.6   560.7   3557.3
7   2   -497.9   533.6   3527.6
7   3   -506.9   313.8   3464.1
7   4   -335.7   466.0   3356.3
7   5   -237.5   536.7   3552.2
7   6   -215.1   311.7   3517.1
7   7   -280.4   65.9   3522.3
7   8   -368.5   362.1   3614.5
7   9   -365.5   195.2   3619.5
7   10   -452.7   123.0   3607.9
7   11   -457.0   -210.7   3600.0
7   12   -413.5   -522.9   3641.7
7   13   -278.7   120.3   3619.6
7   14   -293.1   -212.9   3634.6
7   15   -299.3   -529.7   3662.7
7   16   -364.2   440.6   3374.3
7   17   -270.0   106.8   3521.5
7   18   -368.6   627.0   3538.2
8   0   -367.4   721.8   3542.7
8   1   -368.7   557.8   3556.1
8   2   -498.5   533.6   3526.7
8   3   -507.5   313.4   3464.6
8   4   -337.0   465.0   3356.0
8   5   -236.7   536.9   3551.7
8   6   -218.0   311.2   3517.3
8   7   -275.0   65.0   3525.3
8   8   -368.8   357.0   3609.1
8   9   -365.8   189.8   3614.3
8   10   -456.8   121.1   3607.3
8   11   -458.4   -211.4   3599.7
8   12   -413.5   -522.4   3641.4
8   13   -274.9   119.4   3619.9
8   14   -293.1   -212.3   3635.2
8   15   -298.8   -528.1   3661.0
8   16   -365.4   439.7   3374.1
8   17   -265.6   105.9   3523.9
8   18   -368.6   624.5   3538.4
9   0   -367.6   717.2   3542.6
9   1   -368.8   553.5   3555.1
9   2   -499.5   532.8   3526.1
9   3   -507.5   312.8   3463.4
9   4   -337.6   465.3   3356.1
9   5   -235.5   536.3   3551.8
9   6   -220.1   310.5   3517.0
9   7   -264.4   63.3   3532.4
9   8   -369.2   351.2   3605.3
9   9   -366.3   183.9   3610.3
9   10   -458.8   120.0   3607.0
9   11   -458.8   -211.7   3598.7
9   12   -413.6   -521.7   3641.7
9   13   -273.9   119.1   3620.0
9   14   -293.1   -211.6   3635.0
9   15   -298.4   -526.7   3660.5
9   16   -365.9   439.9   3374.0
9   17   -257.0   104.5   3529.9
9   18   -368.6   620.4   3538.5
10   0   -367.8   713.0   3542.5
10   1   -368.8   549.5   3554.7
10   2   -500.2   532.1   3525.7
10   3   -507.1   312.7   3460.8
10   4   -337.4   466.8   3356.2
10   5   -234.7   535.8   3551.9
10   6   -221.9   309.9   3516.6
10   7   -252.4   61.3   3537.1
10   8   -369.5   346.5   3604.2
10   9   -366.8   179.4   3608.4
10   10   -459.4   119.4   3606.9
10   11   -458.8   -211.6   3598.1
10   12   -413.9   -521.1   3642.1
10   13   -274.3   119.2   3619.9
10   14   -293.0   -210.9   3634.4
10   15   -298.2   -525.6   3660.5
10   16   -365.7   441.1   3373.7
10   17   -247.2   102.7   3533.7
10   18   -368.6   616.6   3538.4
11   0   -367.9   709.5   3542.5
11   1   -368.9   546.5   3554.5
11   2   -500.4   531.6   3523.3
11   3   -505.9   313.9   3453.1
11   4   -334.8   470.5   3355.6
11   5   -234.4   535.4   3551.9
11   6   -222.6   309.6   3515.9
11   7   -241.1   59.8   3537.6
11   8   -369.8   343.1   3604.0
11   9   -367.3   176.3   3607.5
11   10   -459.2   119.1   3606.6
11   11   -458.6   -211.3   3597.7
11   12   -413.7   -521.2   3640.2
11   13   -275.3   119.6   3619.5
11   14   -293.0   -210.1   3633.4
11   15   -298.3   -524.9   3660.2
11   16   -363.3   444.4   3371.9
11   17   -238.0   101.4   3534.0
11   18   -368.6   613.5   3538.2
12   0   -368.0   706.8   3542.5
12   1   -368.9   544.5   3554.0
12   2   -499.9   531.5   3519.7
12   3   -502.6   316.9   3440.5
12   4   -329.2   477.1   3354.6
12   5   -234.5   535.3   3551.7
12   6   -222.6   309.5   3515.7
12   7   -236.6   59.4   3538.7
12   8   -369.9   341.1   3604.1
12   9   -367.6   174.7   3607.0
12   10   -458.8   119.1   3606.1
12   11   -458.5   -210.9   3596.9
12   12   -413.0   -521.6   3639.0
12   13   -276.4   120.0   3618.8
12   14   -293.0   -209.4   3632.2
12   15   -298.8   -525.1   3659.4
12   16   -358.1   450.4   3368.9
12   17   -234.2   101.1   3534.9
12   18   -368.5   611.5   3537.5
13   0   -368.1   705.9   3540.7
13   1   -368.8   543.6   3552.1
13   2   -499.4   531.5   3516.2
13   3   -496.7   318.6   3432.4
13   4   -324.7   483.4   3352.5
13   5   -235.0   535.4   3550.7
13   6   -222.0   309.5   3515.9
13   7   -237.9   59.6   3538.4
13   8   -369.8   340.4   3604.0
13   9   -367.8   174.4   3606.7
13   10   -458.1   119.2   3605.3
13   11   -458.4   -210.4   3595.4
13   12   -411.5   -522.9   3637.7
13   13   -277.4   120.2   3617.8
13   14   -293.0   -208.9   3630.7
13   15   -299.1   -526.5   3658.1
13   16   -353.4   455.9   3365.8
13   17   -235.3   101.2   3534.6
13   18   -368.5   610.4   3535.0
14   0   -368.1   706.0   3537.3
14   1   -368.8   543.3   3549.1
14   2   -498.9   531.4   3515.1
14   3   -490.6   319.8   3428.3
14   4   -321.7   488.5   3350.1
14   5   -235.8   535.7   3549.0
14   6   -220.8   309.6   3516.6
14   7   -236.7   59.4   3534.5
14   8   -369.6   340.7   3603.7
14   9   -367.9   175.1   3606.4
14   10   -457.3   119.5   3604.1
14   11   -458.3   -209.8   3593.2
14   12   -409.5   -524.2   3636.3
14   13   -278.2   120.5   3616.6
14   14   -292.9   -208.4   3628.8
14   15   -299.1   -528.3   3655.9
14   16   -349.8   460.4   3363.1
14   17   -234.1   101.1   3531.5
14   18   -368.5   609.9   3531.1
15   0   -368.1   706.6   3532.7
15   1   -368.7   543.3   3546.0
15   2   -498.4   531.4   3515.3
15   3   -486.0   320.8   3426.5
15   4   -319.4   491.7   3348.3
15   5   -236.5   536.0   3545.5
15   6   -219.4   309.4   3517.8
15   7   -234.3   59.1   3532.1
15   8   -369.4   341.4   3603.2
15   9   -367.9   176.1   3606.0
15   10   -456.7   119.8   3602.5
15   11   -458.3   -209.3   3590.2
15   12   -408.7   -525.6   3634.6
15   13   -278.8   120.7   3615.0
15   14   -292.9   -208.0   3628.1
15   15   -299.2   -530.2   3652.6
15   16   -347.2   463.2   3361.4
15   17   -231.8   100.8   3529.7
15   18   -368.5   609.7   3527.2
16   0   -368.1   707.3   3528.0
16   1   -368.6   543.5   3542.9
16   2   -497.9   531.4   3515.6
16   3   -484.1   320.0   3428.7
16   4   -319.9   491.3   3346.7
16   5   -237.2   536.2   3541.7
16   6   -218.0   309.2   3519.2
16   7   -234.6   59.1   3533.8
16   8   -369.1   342.2   3602.7
16   9   -367.9   177.3   3605.7
16   10   -456.1   119.9   3600.5
16   11   -458.2   -208.8   3585.2
16   12   -408.5   -526.1   3634.0
16   13   -279.2   120.9   3613.4
16   14   -292.8   -207.6   3627.6
16   15   -299.2   -531.5   3652.6
16   16   -347.3   462.8   3360.4
16   17   -231.9   100.8   3531.4
16   18   -368.4   609.6   3523.3
17   0   -368.1   707.9   3525.1
17   1   -368.5   543.6   3540.8
17   2   -497.3   531.4   3515.9
17   3   -483.3   319.7   3430.1
17   4   -320.3   490.6   3345.3
17   5   -237.8   536.3   3538.2
17   6   -217.4   309.1   3520.2
17   7   -243.8   59.8   3527.7
17   8   -368.8   342.8   3602.2
17   9   -367.9   178.1   3605.3
17   10   -455.7   120.0   3598.5
17   11   -458.2   -208.3   3581.8
17   12   -409.4   -526.1   3634.7
17   13   -279.4   121.0   3611.9
17   14   -292.8   -207.2   3627.3
17   15   -299.2   -531.7   3655.4
17   16   -347.4   462.1   3359.5
17   17   -239.4   101.4   3526.5
17   18   -368.4   609.6   3520.6
18   0   -368.1   708.3   3523.6
18   1   -368.4   543.7   3539.3
18   2   -496.7   531.5   3516.2
18   3   -483.0   319.6   3430.8
18   4   -320.5   489.8   3343.8
18   5   -238.4   536.4   3536.5
18   6   -217.0   309.1   3520.6
18   7   -257.8   63.6   3502.4
18   8   -368.6   343.1   3601.7
18   9   -367.9   178.6   3604.9
18   10   -455.4   120.1   3597.7
18   11   -458.2   -207.9   3579.5
18   12   -409.4   -524.5   3638.8
18   13   -279.5   121.1   3610.4
18   14   -292.8   -206.7   3627.1
18   15   -299.4   -530.6   3661.1
18   16   -347.6   461.5   3358.3
18   17   -251.0   104.6   3505.4
18   18   -368.4   609.6   3518.9
19   0   -368.1   708.7   3522.8
19   1   -368.4   543.8   3538.3
19   2   -496.1   531.5   3516.3
19   3   -482.9   319.6   3430.9
19   4   -320.5   488.9   3342.2
19   5   -239.0   536.6   3535.9
19   6   -216.8   309.3   3520.7
19   7   -261.9   64.0   3499.7
19   8   -368.3   343.2   3601.0
19   9   -367.8   178.8   3604.4
19   10   -455.1   120.1   3597.2
19   11   -458.1   -207.3   3577.6
19   12   -409.0   -520.1   3652.2
19   13   -279.7   121.1   3608.7
19   14   -292.8   -206.1   3626.7
19   15   -299.7   -529.4   3663.6
19   16   -347.6   460.7   3357.0
19   17   -254.4   104.9   3503.2
19   18   -368.4   609.6   3517.7
20   0   -368.1   708.9   3522.3
20   1   -368.3   543.8   3537.4
20   2   -495.5   531.5   3516.4
20   3   -482.8   319.6   3431.0
20   4   -319.9   488.0   3341.6
20   5   -239.6   536.7   3535.8
20   6   -216.7   309.5   3520.6
20   7   -255.9   62.7   3516.6
20   8   -368.1   343.2   3600.3
20   9   -367.8   178.9   3604.0
20   10   -454.9   120.0   3596.8
20   11   -458.1   -206.6   3577.0
20   12   -408.9   -516.9   3657.5
20   13   -279.8   121.2   3608.1
20   14   -292.7   -205.3   3626.1
20   15   -300.0   -527.4   3663.7
20   16   -347.0   460.0   3356.5
20   17   -249.4   103.9   3517.3
20   18   -368.4   609.6   3516.8
21   0   -368.1   708.0   3521.8
21   1   -368.2   543.8   3536.6
21   2   -495.0   531.5   3516.4
21   3   -482.6   319.6   3431.0
21   4   -318.8   487.1   3341.7
21   5   -240.1   536.8   3535.7
21   6   -216.3   309.7   3520.6
21   7   -248.2   61.9   3529.2
21   8   -367.8   343.2   3599.6
21   9   -367.8   179.0   3603.5
21   10   -454.7   119.9   3596.5
21   11   -458.0   -206.0   3577.2
21   12   -409.3   -514.4   3659.8
21   13   -280.0   121.3   3607.9
21   14   -292.7   -204.4   3625.1
21   15   -300.7   -525.0   3663.6
21   16   -346.1   459.2   3356.5
21   17   -242.9   103.2   3527.7
21   18   -368.3   609.5   3515.9
22   0   -368.1   706.7   3521.5
22   1   -368.1   543.8   3536.0
22   2   -494.6   531.4   3516.3
22   3   -482.8   319.5   3430.9
22   4   -318.4   486.4   3341.8
22   5   -240.5   536.8   3535.8
22   6   -215.8   309.9   3520.6
22   7   -241.5   61.1   3532.7
22   8   -367.6   343.1   3598.8
22   9   -367.8   179.0   3603.0
22   10   -454.4   119.7   3596.3
22   11   -457.8   -205.4   3577.4
22   12   -411.6   -512.8   3660.1
22   13   -280.1   121.4   3607.8
22   14   -292.6   -203.6   3624.0
22   15   -301.0   -522.8   3663.3
22   16   -345.8   458.6   3356.6
22   17   -237.2   102.6   3530.6
22   18   -368.3   609.5   3515.4
23   0   -368.1   705.3   3521.3
23   1   -368.0   543.7   3535.7
23   2   -494.1   531.4   3516.3
23   3   -483.1   319.5   3430.8
23   4   -318.1   485.9   3341.9
23   5   -240.8   536.9   3535.8
23   6   -214.3   310.2   3520.6
23   7   -240.0   61.3   3534.5
23   8   -367.3   343.0   3597.9
23   9   -367.7   178.9   3602.4
23   10   -454.2   119.5   3595.7
23   11   -457.7   -204.8   3577.6
23   12   -412.9   -512.3   3657.1
23   13   -280.2   121.4   3607.9
23   14   -292.6   -202.8   3623.5
23   15   -300.9   -521.1   3662.4
23   16   -345.6   458.2   3356.7
23   17   -235.7   102.8   3532.2
23   18   -368.3   609.5   3515.3
24   0   -368.2   704.2   3521.2
24   1   -368.0   543.6   3535.4
24   2   -493.8   531.3   3516.3
24   3   -483.4   319.5   3430.7
24   4   -317.9   485.4   3341.9
24   5   -241.1   536.9   3535.8
24   6   -212.5   310.5   3520.7
24   7   -243.9   62.2   3534.4
24   8   -367.0   342.8   3596.9
24   9   -367.7   178.7   3601.9
24   10   -453.9   119.2   3594.8
24   11   -457.6   -204.2   3577.6
24   12   -413.7   -513.6   3646.7
24   13   -280.3   121.5   3607.9
24   14   -292.6   -201.8   3623.1
24   15   -300.7   -519.6   3661.2
24   16   -345.5   457.8   3356.7
24   17   -238.7   103.6   3532.1
24   18   -368.3   609.5   3515.3
25   0   -368.2   703.3   3521.1
25   1   -367.9   543.6   3535.2
25   2   -493.4   531.2   3516.3
25   3   -483.5   319.4   3430.6
25   4   -317.8   484.9   3341.8
25   5   -241.4   536.8   3535.8
25   6   -209.1   311.0   3520.9
25   7   -244.2   63.1   3531.3
25   8   -366.7   342.7   3595.9
25   9   -367.7   178.5   3601.3
25   10   -453.5   118.7   3593.8
25   11   -457.4   -203.6   3577.4
25   12   -414.3   -515.2   3633.9
25   13   -280.4   121.6   3607.9
25   14   -292.5   -200.6   3622.9
25   15   -300.6   -518.2   3659.8
25   16   -345.4   457.4   3356.6
25   17   -238.3   104.4   3529.5
25   18   -368.3   609.5   3515.3
26   0   -368.2   702.5   3521.1
26   1   -367.8   543.5   3535.0
26   2   -493.0   531.0   3516.3
26   3   -483.7   319.2   3430.6
26   4   -317.8   484.5   3341.6
26   5   -241.6   536.8   3535.8
26   6   -207.6   311.1   3521.3
26   7   -243.5   63.3   3528.7
26   8   -366.4   342.5   3594.8
26   9   -367.7   178.3   3600.7
26   10   -453.3   118.5   3592.9
26   11   -457.3   -202.6   3577.3
26   12   -414.9   -515.0   3631.8
26   13   -280.5   121.6   3607.9
26   14   -292.5   -199.4   3622.5
26   15   -300.7   -517.3   3658.0
26   16   -345.5   457.0   3356.4
26   17   -237.5   104.6   3527.4
26   18   -368.2   609.5   3515.4
27   0   -368.2   702.0   3521.0
27   1   -367.7   543.4   3534.8
27   2   -492.7   530.8   3516.3
27   3   -483.7   319.1   3430.5
27   4   -317.8   484.2   3341.4
27   5   -241.8   536.7   3535.7
27   6   -206.9   311.2   3521.8
27   7   -242.8   63.4   3527.3
27   8   -366.1   342.4   3593.6
27   9   -367.7   178.1   3600.2
27   10   -453.3   118.5   3592.8
27   11   -457.2   -201.4   3577.2
27   12   -415.6   -514.4   3632.3
27   13   -280.5   121.7   3607.9
27   14   -292.5   -198.1   3622.3
27   15   -300.6   -516.7   3656.1
27   16   -345.5   456.7   3356.2
27   17   -236.8   104.7   3526.4
27   18   -368.2   609.5   3515.4
28   0   -368.2   701.5   3521.0
28   1   -367.6   543.4   3534.6
28   2   -492.4   530.5   3516.2
28   3   -483.7   318.9   3430.4
28   4   -317.8   483.7   3341.0
28   5   -241.9   536.7   3535.7
28   6   -206.2   311.3   3522.2
28   7   -242.9   63.6   3526.8
28   8   -365.7   342.4   3592.7
28   9   -367.6   178.0   3599.6
28   10   -453.4   118.5   3592.8
28   11   -457.2   -200.2   3577.3
28   12   -416.6   -513.2   3636.0
28   13   -280.5   121.8   3607.9
28   14   -292.5   -196.9   3621.4
28   15   -300.6   -515.9   3655.9
28   16   -345.4   456.3   3355.9
28   17   -236.8   104.9   3526.0
28   18   -368.2   609.5   3515.5
29   0   -368.2   701.2   3520.9
29   1   -367.5   543.3   3534.5
29   2   -492.1   530.3   3516.2
29   3   -483.7   318.7   3430.3
29   4   -317.7   483.3   3340.7
29   5   -242.1   536.5   3535.7
29   6   -204.9   311.4   3522.3
29   7   -243.4   64.1   3526.7
29   8   -365.4   342.4   3591.9
29   9   -367.6   177.9   3599.1
29   10   -453.4   118.5   3592.8
29   11   -457.1   -199.3   3577.4
29   12   -417.0   -512.0   3640.5
29   13   -280.5   121.9   3607.8
29   14   -292.4   -195.9   3621.0
29   15   -300.5   -515.3   3656.7
29   16   -345.4   455.8   3355.6
29   17   -237.0   105.3   3526.0
29   18   -368.2   609.5   3515.5
30   0   -368.2   700.9   3520.9
30   1   -367.4   543.3   3534.4
30   2   -491.8   530.1   3516.2
30   3   -483.7   318.5   3430.2
30   4   -317.7   482.5   3339.8
30   5   -242.3   536.3   3535.6
30   6   -202.2   311.8   3521.3
30   7   -245.2   65.3   3526.8
30   8   -365.1   342.5   3591.5
30   9   -367.6   177.9   3598.6
30   10   -453.4   118.4   3592.7
30   11   -457.1   -198.6   3577.4
30   12   -417.1   -511.2   3643.4
30   13   -280.5   121.9   3607.8
30   14   -292.4   -195.0   3620.8
30   15   -300.0   -514.8   3657.1
30   16   -345.4   455.2   3354.8
30   17   -238.1   106.4   3525.9
30   18   -368.1   609.5   3515.6
31   0   -368.2   700.7   3520.9
31   1   -367.3   543.3   3534.4
31   2   -491.6   529.8   3516.1
31   3   -483.7   318.3   3430.1
31   4   -317.8   481.5   3338.2
31   5   -242.4   536.1   3535.6
31   6   -198.1   312.6   3519.9
31   7   -246.2   67.1   3525.7
31   8   -364.8   342.7   3591.3
31   9   -367.6   177.9   3598.1
31   10   -453.4   118.3   3592.7
31   11   -457.0   -198.1   3577.4
31   12   -417.2   -510.5   3646.7
31   13   -280.5   122.0   3607.7
31   14   -292.3   -194.2   3620.9
31   15   -300.1   -514.6   3657.5
31   16   -345.4   454.3   3353.5
31   17   -238.2   108.0   3524.7
31   18   -368.1   609.5   3515.6
32   0   -368.2   700.5   3520.9
32   1   -367.2   543.3   3534.4
32   2   -491.4   529.7   3516.1
32   3   -483.7   318.3   3430.1
32   4   -318.0   480.8   3336.6
32   5   -242.4   536.1   3535.6
32   6   -193.0   313.8   3518.4
32   7   -244.2   69.0   3523.8
32   8   -364.4   342.9   3591.3
32   9   -367.5   177.9   3597.6
32   10   -453.4   118.2   3592.5
32   11   -456.9   -197.7   3577.4
32   12   -417.0   -510.6   3646.6
32   13   -280.4   122.1   3607.6
32   14   -292.2   -193.6   3621.1
32   15   -300.6   -514.3   3657.6
32   16   -345.6   453.7   3352.2
32   17   -235.6   109.8   3522.9
32   18   -368.1   609.5   3515.6
33   0   -368.1   700.4   3520.9
33   1   -367.1   543.3   3534.4
33   2   -491.3   529.8   3516.1
33   3   -483.6   318.4   3430.0
33   4   -317.7   480.5   3336.4
33   5   -242.3   536.2   3535.5
33   6   -190.9   314.5   3517.9
33   7   -242.9   69.8   3522.9
33   8   -364.1   343.1   3591.3
33   9   -367.5   177.9   3597.2
33   10   -453.5   118.1   3592.4
33   11   -456.8   -197.6   3577.6
33   12   -415.6   -511.1   3643.8
33   13   -280.2   122.2   3607.4
33   14   -292.0   -193.2   3621.2
33   15   -300.8   -514.2   3657.3
33   16   -345.3   453.5   3352.0
33   17   -234.2   110.6   3522.1
33   18   -368.0   609.5   3515.6
34   0   -368.1   700.3   3520.9
34   1   -366.9   543.4   3534.5
34   2   -491.3   529.8   3516.1
34   3   -483.6   318.5   3430.0
34   4   -317.3   480.3   3336.7
34   5   -242.2   536.4   3535.5
34   6   -190.2   314.9   3517.5
34   7   -243.6   70.6   3522.7
34   8   -363.8   343.3   3591.4
34   9   -367.4   177.8   3596.9
34   10   -453.5   117.9   3592.2
34   11   -456.6   -197.6   3577.6
34   12   -412.5   -512.1   3639.2
34   13   -280.1   122.3   3607.3
34   14   -291.7   -193.0   3621.2
34   15   -300.6   -514.5   3656.1
34   16   -345.0   453.4   3352.2
34   17   -234.7   111.3   3521.8
34   18   -368.0   609.5   3515.7
35   0   -368.1   700.2   3520.9
35   1   -366.8   543.4   3534.5
35   2   -491.2   529.9   3516.1
35   3   -483.6   318.7   3430.1
35   4   -316.9   480.2   3337.3
35   5   -242.0   536.7   3535.5
35   6   -190.3   315.2   3517.1
35   7   -247.1   71.8   3523.1
35   8   -363.5   343.6   3591.5
35   9   -367.4   177.8   3596.7
35   10   -453.5   117.7   3592.1
35   11   -456.5   -197.8   3577.6
35   12   -408.6   -512.7   3639.3
35   13   -279.9   122.4   3607.2
35   14   -291.4   -192.9   3621.2
35   15   -300.8   -515.3   3656.6
35   16   -344.7   453.3   3352.8
35   17   -237.6   112.4   3522.1
35   18   -367.9   609.5   3515.7
36   0   -368.1   700.2   3520.9
36   1   -366.7   543.4   3534.6
36   2   -491.1   530.0   3516.1
36   3   -483.7   318.7   3430.2
36   4   -316.5   479.8   3337.5
36   5   -241.8   537.1   3535.5
36   6   -190.5   315.6   3516.6
36   7   -246.6   72.1   3523.4
36   8   -363.1   343.9   3591.5
36   9   -367.3   177.7   3596.7
36   10   -453.4   117.5   3592.1
36   11   -443.7   -197.6   3595.3
36   12   -404.9   -517.8   3639.9
36   13   -279.7   122.5   3607.0
36   14   -291.0   -192.8   3621.2
36   15   -301.0   -516.9   3657.0
36   16   -344.4   453.0   3352.9
36   17   -237.3   112.7   3522.3
36   18   -367.9   609.5   3515.7
37   0   -368.1   700.1   3520.9
37   1   -366.6   543.4   3534.6
37   2   -491.0   530.0   3516.1
37   3   -483.7   318.8   3430.3
37   4   -316.3   479.3   3337.4
37   5   -241.6   537.4   3535.4
37   6   -190.6   316.0   3516.1
37   7   -244.7   72.1   3523.7
37   8   -362.8   344.1   3591.6
37   9   -367.3   177.6   3596.7
37   10   -453.3   117.3   3592.1
37   11   -449.5   -198.0   3587.3
37   12   -404.1   -518.7   3638.8
37   13   -279.5   122.7   3606.9
37   14   -290.4   -192.7   3621.2
37   15   -300.9   -519.0   3657.1
37   16   -344.2   452.5   3352.8
37   17   -235.7   112.8   3522.5
37   18   -367.8   609.5   3515.7
38   0   -368.1   700.1   3520.9
38   1   -366.4   543.5   3534.6
38   2   -490.9   530.0   3516.1
38   3   -483.8   318.8   3430.5
38   4   -315.8   478.3   3336.9
38   5   -241.4   537.8   3535.4
38   6   -190.6   316.3   3515.8
38   7   -241.7   71.9   3524.1
38   8   -362.5   344.4   3591.7
38   9   -367.2   177.5   3596.8
38   10   -453.1   117.1   3592.1
38   11   -452.9   -198.3   3582.3
38   12   -403.8   -519.5   3638.7
38   13   -279.3   122.8   3606.8
38   14   -289.8   -192.5   3621.3
38   15   -300.3   -520.6   3656.7
38   16   -343.8   451.7   3352.5
38   17   -233.2   112.7   3522.7
38   18   -367.7   609.5   3515.7
39   0   -368.1   700.0   3520.9
39   1   -366.2   543.5   3534.7
39   2   -490.7   530.1   3516.0
39   3   -483.8   318.8   3430.6
39   4   -315.3   477.2   3336.2
39   5   -241.2   537.9   3535.4
39   6   -190.7   316.5   3515.9
39   7   -238.8   71.6   3524.5
39   8   -362.1   344.7   3591.7
39   9   -367.1   177.3   3596.8
39   10   -452.9   116.9   3592.1
39   11   -454.9   -198.5   3579.6
39   12   -403.7   -520.0   3638.8
39   13   -279.2   123.0   3606.8
39   14   -289.2   -192.3   3621.2
39   15   -299.5   -521.4   3655.7
39   16   -343.4   450.8   3352.0
39   17   -230.8   112.4   3523.1
39   18   -367.5   609.5   3515.7
40   0   -368.1   700.0   3520.9
40   1   -366.0   543.5   3534.7
40   2   -490.6   530.1   3516.0
40   3   -483.8   318.9   3430.7
40   4   -314.6   475.9   3335.4
40   5   -241.0   538.1   3535.4
40   6   -190.6   316.6   3516.0
40   7   -238.0   71.7   3524.6
40   8   -361.8   344.9   3591.8
40   9   -367.0   177.2   3596.8
40   10   -452.7   116.8   3592.1
40   11   -455.8   -198.6   3578.3
40   12   -404.8   -520.1   3638.8
40   13   -279.0   123.2   3606.7
40   14   -288.5   -192.1   3621.2
40   15   -298.8   -521.2   3655.3
40   16   -342.8   449.7   3351.3
40   17   -230.1   112.5   3523.1
40   18   -367.4   609.5   3515.7
41   0   -368.1   700.0   3520.9
41   1   -365.8   543.6   3534.7
41   2   -490.4   530.2   3516.0
41   3   -483.8   319.0   3430.7
41   4   -314.4   475.2   3334.7
41   5   -240.7   538.1   3535.4
41   6   -190.5   316.8   3515.6
41   7   -241.1   72.6   3524.5
41   8   -361.5   345.2   3591.9
41   9   -366.9   177.0   3596.9
41   10   -452.5   116.6   3592.1
41   11   -456.1   -198.8   3577.8
41   12   -406.7   -520.5   3637.0
41   13   -279.0   123.3   3606.7
41   14   -287.9   -192.0   3620.9
41   15   -298.3   -521.0   3654.8
41   16   -342.6   449.2   3350.7
41   17   -232.6   113.3   3523.0
41   18   -367.2   609.5   3515.7
42   0   -368.1   700.0   3520.9
42   1   -365.6   543.6   3534.7
42   2   -490.2   530.2   3516.0
42   3   -483.8   319.1   3430.8
42   4   -314.4   474.9   3334.4
42   5   -240.5   538.2   3535.4
42   6   -190.6   316.9   3515.6
42   7   -246.9   74.0   3522.4
42   8   -361.3   345.5   3591.9
42   9   -366.8   176.8   3596.9
42   10   -452.2   116.6   3592.1
42   11   -456.2   -198.9   3577.6
42   12   -409.8   -521.3   3634.8
42   13   -279.0   123.3   3606.7
42   14   -287.7   -192.0   3620.7
42   15   -298.3   -521.0   3653.2
42   16   -342.7   448.9   3350.5
42   17   -237.5   114.4   3521.2
42   18   -367.0   609.5   3515.7
43   0   -367.7   700.0   3521.0
43   1   -365.5   543.6   3534.8
43   2   -489.9   530.0   3515.8
43   3   -483.9   318.8   3430.8
43   4   -314.1   474.8   3334.5
43   5   -240.3   538.5   3535.3
43   6   -190.8   317.1   3515.8
43   7   -266.1   79.8   3510.0
43   8   -361.2   345.8   3592.2
43   9   -366.5   176.6   3597.0
43   10   -451.9   116.7   3592.1
43   11   -456.2   -198.7   3577.7
43   12   -411.5   -522.0   3633.6
43   13   -278.8   123.2   3606.7
43   14   -287.6   -192.1   3620.6
43   15   -298.7   -521.6   3651.0
43   16   -342.4   448.8   3350.6
43   17   -253.5   119.4   3510.9
43   18   -366.9   609.5   3515.7
44   0   -367.1   700.2   3521.2
44   1   -365.3   543.7   3534.9
44   2   -489.3   529.7   3515.5
44   3   -483.9   318.5   3430.7
44   4   -313.7   474.4   3335.0
44   5   -240.1   538.8   3535.3
44   6   -190.9   317.4   3515.7
44   7   -279.8   85.2   3498.6
44   8   -361.1   346.1   3592.5
44   9   -366.1   176.4   3597.1
44   10   -451.5   117.0   3592.1
44   11   -456.1   -198.5   3577.9
44   12   -412.5   -522.2   3633.5
44   13   -278.5   123.1   3606.7
44   14   -287.6   -192.3   3620.6
44   15   -299.4   -522.2   3649.8
44   16   -342.0   448.4   3351.0
44   17   -265.0   123.9   3501.4
44   18   -366.7   609.5   3515.7
45   0   -366.3   700.4   3521.5
45   1   -365.1   543.7   3535.0
45   2   -488.7   529.3   3515.1
45   3   -483.9   318.1   3430.6
45   4   -313.5   474.0   3335.4
45   5   -239.9   539.2   3535.2
45   6   -191.2   317.8   3515.2
45   7   -271.9   82.2   3502.3
45   8   -361.1   346.3   3592.9
45   9   -365.6   176.3   3597.3
45   10   -451.1   117.3   3592.1
45   11   -456.1   -198.2   3578.0
45   12   -412.9   -522.1   3633.5
45   13   -278.1   122.8   3606.7
45   14   -287.7   -192.6   3620.6
45   15   -300.2   -522.5   3649.2
45   16   -341.9   448.0   3351.3
45   17   -258.4   121.5   3504.4
45   18   -366.5   609.5   3515.7
46   0   -365.6   700.8   3521.7
46   1   -365.0   543.8   3535.1
46   2   -488.2   529.2   3514.5
46   3   -483.9   317.9   3430.6
46   4   -313.0   473.3   3335.9
46   5   -239.5   539.8   3534.7
46   6   -191.6   318.3   3514.5
46   7   -261.6   79.3   3507.0
46   8   -361.0   346.5   3593.2
46   9   -365.0   176.0   3597.4
46   10   -450.6   117.6   3592.2
46   11   -456.0   -197.9   3578.1
46   12   -413.2   -521.9   3633.8
46   13   -277.5   122.5   3606.7
46   14   -287.7   -192.9   3620.7
46   15   -300.5   -522.9   3648.9
46   16   -341.5   447.4   3351.7
46   17   -249.9   119.1   3508.2
46   18   -366.3   609.5   3515.7
47   0   -364.9   701.2   3521.8
47   1   -364.8   543.8   3535.1
47   2   -487.7   529.4   3513.8
47   3   -483.8   317.8   3430.7
47   4   -312.9   472.9   3336.0
47   5   -239.2   540.4   3534.0
47   6   -192.0   319.0   3513.4
47   7   -262.9   80.1   3504.8
47   8   -360.9   346.5   3593.5
47   9   -364.3   175.6   3597.5
47   10   -450.0   117.9   3592.2
47   11   -456.0   -197.6   3578.2
47   12   -413.5   -521.8   3633.7
47   13   -277.0   122.2   3606.7
47   14   -287.8   -193.2   3620.5
47   15   -300.7   -523.4   3649.0
47   16   -341.3   447.0   3351.8
47   17   -251.1   119.9   3506.2
47   18   -366.1   609.5   3515.7
48   0   -364.2   701.8   3521.8
48   1   -364.6   543.9   3535.2
48   2   -487.2   529.6   3512.9
48   3   -483.6   317.7   3430.7
48   4   -311.0   474.2   3334.8
48   5   -238.8   541.1   3533.2
48   6   -192.4   319.5   3513.1
48   7   -266.2   79.1   3498.3
48   8   -360.8   346.3   3593.7
48   9   -363.6   175.2   3597.6
48   10   -449.3   118.3   3592.2
48   11   -456.0   -197.4   3578.2
48   12   -413.6   -521.5   3633.6
48   13   -276.5   122.0   3606.8
48   14   -287.8   -193.6   3620.3
48   15   -300.6   -523.3   3652.0
48   16   -339.8   448.1   3350.8
48   17   -253.9   119.2   3500.7
48   18   -365.9   609.5   3515.7
49   0   -363.6   702.4   3521.8
49   1   -364.4   543.9   3535.2
49   2   -486.8   529.9   3512.1
49   3   -483.4   317.8   3430.8
49   4   -310.5   474.6   3334.0
49   5   -238.7   541.4   3532.5
49   6   -192.7   319.8   3512.9
49   7   -268.3   79.9   3489.7
49   8   -360.6   346.1   3594.0
49   9   -362.9   174.7   3597.6
49   10   -448.6   118.7   3592.2
49   11   -456.1   -197.2   3578.3
49   12   -413.8   -520.6   3633.6
49   13   -276.1   121.8   3606.7
49   14   -287.9   -194.1   3619.7
49   15   -300.6   -522.8   3653.9
49   16   -339.3   448.5   3350.2
49   17   -255.7   119.9   3493.6
49   18   -365.6   609.5   3515.7
50   0   -363.0   703.1   3521.8
50   1   -364.1   544.0   3535.2
50   2   -486.4   530.4   3511.3
50   3   -483.1   318.0   3430.9
50   4   -308.7   476.1   3332.5
50   5   -238.6   541.6   3531.2
50   6   -192.9   319.8   3513.0
50   7   -273.0   80.5   3476.6
50   8   -360.5   345.8   3594.2
50   9   -362.3   174.3   3597.7
50   10   -447.9   119.2   3592.2
50   11   -456.2   -197.0   3578.4
50   12   -413.7   -518.9   3634.6
50   13   -275.7   121.6   3606.6
50   14   -287.9   -194.6   3618.5
50   15   -300.6   -521.7   3655.4
50   16   -337.8   449.7   3348.9
50   17   -259.7   120.4   3482.7
50   18   -365.3   609.6   3515.7
51   0   -362.3   703.9   3521.8
51   1   -363.9   544.1   3535.2
51   2   -485.9   530.7   3511.0
51   3   -483.1   318.3   3430.9
51   4   -306.6   477.8   3331.0
51   5   -238.5   541.6   3530.3
51   6   -193.0   319.9   3513.1
51   7   -277.3   78.5   3478.5
51   8   -360.4   345.5   3594.4
51   9   -361.8   173.8   3597.7
51   10   -447.3   119.7   3592.1
51   11   -456.3   -196.8   3578.4
51   12   -413.9   -517.2   3635.8
51   13   -275.5   121.6   3606.6
51   14   -288.0   -194.9   3616.9
51   15   -300.7   -520.4   3656.6
51   16   -336.0   451.2   3347.7
51   17   -263.3   118.8   3484.3
51   18   -365.1   609.6   3515.7
52   0   -361.5   704.6   3521.8
52   1   -363.7   544.2   3535.3
52   2   -485.3   531.0   3510.9
52   3   -483.1   318.6   3430.9
52   4   -305.9   477.6   3331.0
52   5   -238.6   541.7   3530.2
52   6   -193.0   320.0   3513.0
52   7   -274.7   76.4   3495.5
52   8   -360.3   345.2   3594.6
52   9   -361.5   173.3   3597.7
52   10   -446.9   120.1   3592.1
52   11   -456.3   -196.6   3578.4
52   12   -414.2   -515.5   3637.9
52   13   -275.5   121.7   3606.6
52   14   -288.0   -195.0   3615.0
52   15   -300.7   -519.0   3658.3
52   16   -335.4   451.1   3347.6
52   17   -261.1   117.0   3498.4
52   18   -364.8   609.7   3515.7
53   0   -361.0   705.4   3521.8
53   1   -363.4   544.3   3535.3
53   2   -484.7   531.2   3510.9
53   3   -483.2   318.9   3430.8
53   4   -305.8   476.2   3331.6
53   5   -238.7   541.7   3530.6
53   6   -193.0   320.2   3512.9
53   7   -264.5   74.5   3517.5
53   8   -360.3   344.9   3594.8
53   9   -361.3   173.0   3597.7
53   10   -446.6   120.5   3591.9
53   11   -456.3   -196.3   3578.4
53   12   -414.6   -513.9   3640.6
53   13   -275.4   122.3   3606.5
53   14   -288.0   -194.6   3614.4
53   15   -300.6   -517.5   3660.0
53   16   -335.4   450.0   3348.1
53   17   -252.5   115.4   3516.8
53   18   -364.5   609.7   3515.7
54   0   -360.6   706.1   3521.8
54   1   -363.2   544.4   3535.3
54   2   -484.3   531.4   3510.9
54   3   -483.3   319.2   3430.7
54   4   -306.4   475.0   3332.1
54   5   -238.7   541.7   3530.8
54   6   -193.0   320.3   3512.8
54   7   -258.1   74.2   3528.5
54   8   -360.3   344.8   3595.0
54   9   -361.4   172.7   3597.7
54   10   -446.5   121.0   3591.7
54   11   -456.2   -195.8   3578.3
54   12   -414.9   -512.7   3641.7
54   13   -275.3   123.2   3606.2
54   14   -288.0   -193.8   3614.5
54   15   -300.3   -516.1   3660.0
54   16   -335.9   449.1   3348.6
54   17   -247.2   115.2   3525.9
54   18   -364.1   609.8   3515.7
55   0   -360.4   706.7   3521.9
55   1   -362.9   544.4   3535.3
55   2   -483.9   531.7   3511.0
55   3   -483.3   319.7   3430.5
55   4   -307.1   474.2   3332.7
55   5   -238.6   541.7   3530.8
55   6   -193.0   320.4   3512.4
55   7   -258.5   75.6   3528.9
55   8   -360.2   344.8   3595.1
55   9   -361.4   172.6   3597.7
55   10   -446.5   121.6   3591.4
55   11   -456.2   -195.5   3578.4
55   12   -415.1   -511.9   3642.2
55   13   -275.2   124.2   3605.9
55   14   -287.9   -193.0   3615.0
55   15   -300.1   -515.1   3659.2
55   16   -336.4   448.5   3349.0
55   17   -247.6   116.4   3526.2
55   18   -363.8   609.8   3515.7
56   0   -360.1   707.2   3521.9
56   1   -362.7   544.5   3535.3
56   2   -483.6   531.9   3511.0
56   3   -483.3   320.2   3430.1
56   4   -306.0   475.1   3332.2
56   5   -238.5   541.6   3530.7
56   6   -193.0   320.4   3511.7
56   7   -265.1   76.3   3512.4
56   8   -360.2   344.9   3595.2
56   9   -361.5   172.6   3597.7
56   10   -446.6   122.3   3591.0
56   11   -456.2   -195.2   3578.4
56   12   -415.8   -511.2   3641.8
56   13   -275.2   125.1   3605.6
56   14   -287.9   -192.5   3615.3
56   15   -299.9   -514.2   3658.0
56   16   -335.6   449.3   3348.5
56   17   -253.1   117.0   3512.3
56   18   -363.5   609.9   3515.7
57   0   -359.9   707.5   3521.9
57   1   -362.5   544.6   3535.3
57   2   -483.2   532.1   3511.0
57   3   -483.4   320.8   3429.4
57   4   -305.8   475.6   3332.6
57   5   -238.3   541.5   3530.7
57   6   -193.1   320.4   3511.4
57   7   -271.7   79.3   3496.2
57   8   -360.2   345.1   3595.2
57   9   -361.6   172.7   3597.7
57   10   -446.7   123.2   3590.7
57   11   -456.1   -195.1   3578.5
57   12   -417.7   -510.5   3641.7
57   13   -275.1   126.1   3605.2
57   14   -287.9   -192.1   3615.4
57   15   -299.9   -513.1   3657.6
57   16   -335.4   449.8   3348.7
57   17   -258.6   119.5   3498.7
57   18   -363.2   610.0   3515.7
58   0   -359.6   707.7   3522.0
58   1   -362.2   544.7   3535.3
58   2   -482.9   532.2   3511.0
58   3   -483.5   321.3   3428.7
58   4   -306.0   475.6   3333.2
58   5   -238.1   541.4   3530.8
58   6   -193.1   320.4   3511.2
58   7   -264.7   77.7   3496.6
58   8   -360.2   345.2   3595.3
58   9   -361.7   172.8   3597.7
58   10   -446.8   124.0   3590.4
58   11   -456.0   -195.3   3578.6
58   12   -418.4   -509.7   3642.1
58   13   -275.1   127.2   3605.1
58   14   -287.9   -192.0   3616.0
58   15   -299.8   -512.0   3657.5
58   16   -335.6   449.9   3349.2
58   17   -252.8   118.1   3499.1
58   18   -362.9   610.0   3515.7
59   0   -359.4   707.9   3522.0
59   1   -361.9   544.8   3535.3
59   2   -482.6   532.3   3511.0
59   3   -483.8   323.6   3423.8
59   4   -303.8   476.4   3333.8
59   5   -237.9   541.3   3530.9
59   6   -198.1   320.8   3542.5
59   7   -250.2   76.7   3510.7
59   8   -360.2   345.4   3595.3
59   9   -361.8   173.0   3597.7
59   10   -446.8   124.8   3590.1
59   11   -456.0   -195.6   3578.7
59   12   -418.8   -508.8   3643.0
59   13   -275.0   128.4   3605.0
59   14   -287.9   -191.9   3617.1
59   15   -299.8   -511.0   3657.6
59   16   -333.8   451.0   3348.8
59   17   -241.5   117.3   3516.0
59   18   -362.5   610.1   3515.7
60   0   -359.1   707.9   3523.7
60   1   -361.7   544.8   3535.7
60   2   -482.3   532.5   3511.0
60   3   -486.0   330.6   3410.1
60   4   -297.9   479.3   3335.2
60   5   -237.5   541.2   3531.2
60   6   -192.4   323.8   3512.8
60   7   -235.9   79.6   3520.8
60   8   -360.2   345.5   3595.3
60   9   -361.8   173.1   3597.8
60   10   -446.8   125.7   3589.8
60   11   -455.9   -195.9   3578.7
60   12   -418.9   -508.2   3643.3
60   13   -275.2   128.9   3604.9
60   14   -287.9   -192.5   3617.7
60   15   -299.8   -510.9   3657.8
60   16   -329.2   454.5   3347.7
60   17   -228.7   120.3   3519.5
60   18   -362.1   610.1   3516.2
61   0   -358.9   707.7   3527.0
61   1   -361.5   544.9   3536.1
61   2   -482.2   532.7   3511.0
61   3   -498.0   345.0   3386.2
61   4   -296.7   483.9   3337.9
61   5   -237.2   541.2   3531.6
61   6   -214.1   319.4   3540.8
61   7   -224.3   77.8   3507.7
61   8   -360.2   345.5   3595.3
61   9   -361.8   173.2   3597.7
61   10   -446.6   126.1   3589.3
61   11   -455.8   -196.3   3578.6
61   12   -419.0   -508.1   3643.2
61   13   -275.5   129.1   3604.8
61   14   -287.8   -193.1   3617.7
61   15   -299.8   -510.9   3657.9
61   16   -330.2   460.8   3346.0
61   17   -222.7   118.1   3513.2
61   18   -361.9   610.2   3516.8
62   0   -358.6   707.3   3531.4
62   1   -361.3   544.9   3536.4
62   2   -482.1   532.8   3511.0
62   3   -526.9   388.6   3349.6
62   4   -316.4   519.4   3329.8
62   5   -237.1   541.1   3532.0
62   6   -244.0   324.1   3579.6
62   7   -226.0   116.7   3470.6
62   8   -360.2   345.6   3595.3
62   9   -361.8   173.4   3597.7
62   10   -446.5   126.6   3588.7
62   11   -455.8   -196.4   3578.6
62   12   -418.7   -508.0   3642.8
62   13   -275.7   129.3   3604.5
62   14   -287.8   -193.5   3617.4
62   15   -299.9   -511.0   3657.8
62   16   -351.4   497.6   3333.1
62   17   -229.0   151.2   3488.7
62   18   -361.7   610.2   3517.1
63   0   -358.4   707.0   3536.6
63   1   -361.2   545.0   3538.0
63   2   -482.3   533.4   3519.9
63   3   -565.5   433.2   3341.0
63   4   -371.3   569.8   3282.2
63   5   -237.6   541.3   3539.3
63   6   -268.1   325.3   3534.0
63   7   -213.7   107.5   3450.1
63   8   -360.2   345.3   3595.5
63   9   -361.9   173.4   3597.7
63   10   -446.2   127.7   3588.0
63   11   -455.7   -195.7   3578.4
63   12   -418.3   -507.4   3642.1
63   13   -276.1   129.9   3604.1
63   14   -287.8   -193.3   3617.3
63   15   -299.9   -510.9   3657.6
63   16   -403.7   547.0   3292.0
63   17   -222.8   143.7   3464.1
63   18   -361.5   610.3   3519.2
64   0   -358.3   707.5   3540.5
64   1   -361.0   545.1   3541.3
64   2   -482.8   534.3   3526.5
64   3   -612.9   488.4   3355.1
64   4   -418.9   586.4   3251.6
64   5   -237.6   541.5   3546.2
64   6   -274.2   333.0   3489.5
64   7   -215.2   102.2   3451.2
64   8   -360.2   344.9   3595.9
64   9   -361.9   173.5   3597.7
64   10   -445.9   129.1   3587.7
64   11   -455.5   -194.6   3578.2
64   12   -417.9   -506.8   3640.8
64   13   -276.6   130.7   3603.6
64   14   -287.7   -192.8   3617.5
64   15   -299.9   -510.6   3657.7
64   16   -451.2   570.1   3268.8
64   17   -225.0   140.6   3457.6
64   18   -361.3   610.8   3523.4
65   0   -358.1   710.0   3540.6
65   1   -361.0   547.5   3544.2
65   2   -485.0   540.3   3529.5
65   3   -643.5   545.2   3372.0
65   4   -528.8   652.0   3205.5
65   5   -236.0   546.2   3549.7
65   6   -254.9   329.7   3501.2
65   7   -226.2   92.0   3457.1
65   8   -360.2   346.3   3595.7
65   9   -361.9   175.6   3597.7
65   10   -445.6   131.0   3587.6
65   11   -455.3   -193.3   3577.6
65   12   -417.2   -505.7   3640.2
65   13   -277.2   131.8   3603.1
65   14   -287.7   -192.2   3617.7
65   15   -300.0   -510.3   3657.8
65   16   -547.7   634.1   3233.3
65   17   -231.0   131.6   3464.5
65   18   -361.2   613.3   3527.3
66   0   -357.9   715.9   3535.0
66   1   -360.8   552.9   3545.6
66   2   -487.7   551.3   3530.0
66   3   -652.6   602.1   3382.2
66   4   -646.3   743.2   3211.4
66   5   -232.6   558.2   3550.8
66   6   -233.6   336.3   3527.9
66   7   -227.7   93.6   3488.5
66   8   -360.2   351.0   3595.7
66   9   -361.9   181.1   3597.7
66   10   -445.0   134.9   3587.6
66   11   -454.9   -190.5   3577.6
66   12   -417.2   -503.2   3639.5
66   13   -278.6   134.4   3602.8
66   14   -287.6   -190.8   3618.0
66   15   -300.2   -509.1   3657.7
66   16   -647.3   719.7   3239.9
66   17   -228.7   134.0   3495.1
66   18   -361.0   618.8   3529.2
67   0   -357.8   723.3   3523.2
67   1   -360.6   560.5   3544.6
67   2   -490.0   564.7   3523.8
67   3   -650.0   651.5   3384.6
67   4   -728.6   815.1   3238.6
67   5   -229.9   571.1   3546.5
67   6   -224.1   346.9   3548.8
67   7   -223.9   101.1   3506.5
67   8   -360.3   358.9   3596.3
67   9   -361.9   189.5   3597.7
67   10   -445.7   144.9   3587.5
67   11   -454.7   -183.7   3577.7
67   12   -418.1   -496.8   3638.2
67   13   -280.3   140.3   3602.6
67   14   -287.6   -188.1   3618.1
67   15   -300.4   -506.4   3656.9
67   16   -715.6   787.9   3262.9
67   17   -223.9   142.1   3513.5
67   18   -360.8   626.3   3527.7
68   0   -357.7   731.6   3510.2
68   1   -360.5   569.5   3540.8
68   2   -489.4   574.9   3509.4
68   3   -645.7   686.6   3383.6
68   4   -776.4   871.1   3294.0
68   5   -227.9   584.3   3536.5
68   6   -224.8   359.6   3554.5
68   7   -218.3   112.9   3505.7
68   8   -360.3   370.2   3597.5
68   9   -361.9   200.6   3597.7
68   10   -446.1   156.9   3587.5
68   11   -454.5   -176.9   3577.9
68   12   -419.3   -490.1   3636.9
68   13   -280.5   151.4   3602.6
68   14   -287.5   -182.2   3618.2
68   15   -300.6   -500.3   3655.8
68   16   -754.7   840.4   3308.9
68   17   -219.4   154.1   3513.8
68   18   -360.6   634.7   3522.2
69   0   -358.2   739.6   3500.5
69   1   -360.5   577.9   3534.9
69   2   -487.8   580.6   3501.1
69   3   -646.9   702.4   3389.7
69   4   -792.7   905.1   3338.1
69   5   -229.0   591.0   3531.1
69   6   -231.9   365.7   3546.1
69   7   -212.3   116.2   3506.6
69   8   -360.4   381.8   3597.6
69   9   -361.9   211.5   3597.4
69   10   -446.1   166.0   3587.4
69   11   -454.4   -173.1   3578.1
69   12   -419.8   -485.9   3636.1
69   13   -280.0   161.3   3602.6
69   14   -287.4   -177.5   3618.3
69   15   -300.5   -495.2   3654.6
69   16   -768.4   871.3   3346.7
69   17   -215.6   157.8   3513.1
69   18   -360.5   642.5   3514.2
70   0   -359.1   744.9   3494.7
70   1   -360.5   583.3   3528.5
70   2   -486.5   583.1   3496.8
70   3   -649.0   712.0   3401.7
70   4   -795.8   921.3   3351.2
70   5   -231.1   593.9   3528.7
70   6   -240.8   368.7   3532.0
70   7   -212.4   116.6   3506.3
70   8   -360.7   389.9   3595.6
70   9   -361.9   218.4   3596.8
70   10   -445.5   168.6   3587.2
70   11   -454.3   -174.6   3578.1
70   12   -419.4   -486.3   3636.3
70   13   -281.1   163.8   3602.5
70   14   -287.5   -179.2   3618.7
70   15   -300.4   -496.0   3654.6
70   16   -771.4   886.4   3359.6
70   17   -217.1   158.7   3510.6
70   18   -360.4   647.4   3506.3
71   0   -360.3   747.9   3491.8
71   1   -360.6   586.1   3523.3
71   2   -485.5   584.0   3495.1
71   3   -650.9   715.4   3411.4
71   4   -793.7   926.3   3352.0
71   5   -233.0   594.8   3527.8
71   6   -241.2   369.6   3533.7
71   7   -215.7   116.2   3502.6
71   8   -361.0   393.8   3591.9
71   9   -362.0   221.4   3595.9
71   10   -444.7   167.5   3586.7
71   11   -454.2   -178.6   3578.1
71   12   -419.0   -488.6   3636.9
71   13   -282.5   162.3   3602.2
71   14   -287.5   -183.7   3618.9
71   15   -300.4   -498.8   3654.9
71   16   -769.9   891.2   3361.9
71   17   -220.0   158.4   3507.8
71   18   -360.4   650.0   3500.5
72   0   -361.6   749.1   3490.3
72   1   -360.7   587.2   3520.5
72   2   -484.8   584.3   3498.8
72   3   -649.7   713.9   3413.6
72   4   -790.0   924.7   3347.9
72   5   -234.3   594.7   3527.7
72   6   -248.8   370.3   3521.3
72   7   -213.2   115.6   3505.1
72   8   -361.4   394.7   3588.7
72   9   -362.0   221.4   3594.8
72   10   -444.4   163.8   3586.0
72   11   -454.2   -184.5   3578.0
72   12   -418.5   -492.0   3637.4
72   13   -283.1   158.6   3602.0
72   14   -289.8   -189.1   3624.1
72   15   -300.4   -502.6   3655.3
72   16   -766.6   889.5   3358.9
72   17   -219.1   158.0   3507.8
72   18   -360.4   651.1   3497.9
73   0   -363.0   749.4   3489.9
73   1   -360.8   587.3   3520.2
73   2   -484.1   584.4   3507.4
73   3   -646.4   709.6   3413.6
73   4   -785.8   919.6   3345.5
73   5   -235.0   594.2   3528.0
73   6   -254.2   370.1   3523.2
73   7   -203.8   117.1   3503.7
73   8   -361.8   393.5   3586.5
73   9   -362.1   219.5   3593.7
73   10   -446.5   162.7   3584.7
73   11   -454.5   -188.5   3577.5
73   12   -417.8   -494.7   3637.9
73   13   -281.6   156.8   3601.9
73   14   -288.8   -193.9   3621.7
73   15   -300.7   -506.1   3655.7
73   16   -762.6   884.6   3356.9
73   17   -212.2   159.3   3506.9
73   18   -360.5   651.3   3498.2
74   0   -364.5   749.2   3491.6
74   1   -360.9   586.9   3521.8
74   2   -483.6   584.4   3512.9
74   3   -645.0   703.1   3410.7
74   4   -782.6   910.3   3338.4
74   5   -235.5   593.1   3528.4
74   6   -255.7   369.2   3529.3
74   7   -199.5   119.5   3499.1
74   8   -362.2   390.9   3585.3
74   9   -362.2   216.8   3592.6
74   10   -449.4   164.6   3582.6
74   11   -454.8   -189.3   3576.8
74   12   -417.0   -496.0   3638.0
74   13   -279.1   157.6   3601.8
74   14   -288.2   -195.8   3620.0
74   15   -300.9   -508.5   3656.0
74   16   -759.7   875.8   3350.5
74   17   -208.9   161.1   3504.1
74   18   -360.5   651.3   3500.9
75   0   -366.0   749.1   3496.0
75   1   -361.0   586.4   3524.6
75   2   -483.4   584.4   3516.4
75   3   -644.4   698.5   3408.8
75   4   -781.7   904.9   3339.7
75   5   -236.0   592.3   3531.5
75   6   -254.7   368.5   3539.5
75   7   -199.9   122.0   3494.1
75   8   -362.7   387.7   3584.9
75   9   -362.3   213.7   3591.8
75   10   -450.6   163.9   3580.6
75   11   -454.9   -192.2   3576.4
75   12   -415.7   -499.7   3638.5
75   13   -277.4   157.6   3601.7
75   14   -287.9   -198.0   3619.1
75   15   -301.0   -511.7   3656.4
75   16   -758.8   870.5   3351.2
75   17   -209.0   163.1   3501.7
75   18   -360.5   651.1   3504.9
76   0   -367.4   749.0   3502.3
76   1   -361.2   586.0   3527.6
76   2   -483.3   584.3   3517.6
76   3   -644.7   693.3   3405.7
76   4   -770.2   901.9   3329.4
76   5   -237.0   591.7   3537.4
76   6   -251.3   368.7   3557.1
76   7   -203.2   128.6   3488.4
76   8   -363.2   384.5   3584.9
76   9   -362.4   210.8   3591.3
76   10   -450.5   162.1   3578.7
76   11   -454.9   -195.6   3576.2
76   12   -414.1   -503.9   3639.2
76   13   -276.6   157.3   3601.3
76   14   -287.9   -199.8   3618.7
76   15   -301.0   -514.5   3656.9
76   16   -749.3   867.1   3342.1
76   17   -211.2   168.6   3499.8
76   18   -360.5   651.0   3509.0
77   0   -368.8   748.9   3507.6
77   1   -361.3   585.8   3530.4
77   2   -483.3   584.3   3517.5
77   3   -644.1   692.8   3404.4
77   4   -773.1   902.2   3335.5
77   5   -237.9   591.3   3543.1
77   6   -245.4   367.8   3561.1
77   7   -206.4   126.2   3488.3
77   8   -363.7   382.3   3586.8
77   9   -362.5   208.8   3591.1
77   10   -450.4   161.1   3578.1
77   11   -443.5   -197.0   3592.4
77   12   -412.8   -509.4   3640.4
77   13   -276.4   157.1   3601.1
77   14   -287.9   -201.2   3618.5
77   15   -301.1   -516.5   3657.2
77   16   -751.6   867.3   3347.0
77   17   -212.9   166.4   3500.4
77   18   -360.6   650.9   3512.4
78   0   -370.0   748.8   3511.4
78   1   -361.5   585.8   3533.3
78   2   -483.4   584.3   3517.4
78   3   -642.7   694.9   3404.6
78   4   -775.6   901.4   3337.0
78   5   -238.6   590.9   3547.6
78   6   -237.1   367.5   3566.9
78   7   -211.7   125.3   3492.6
78   8   -364.1   381.3   3590.8
78   9   -362.6   208.0   3591.0
78   10   -450.3   160.6   3578.2
78   11   -448.7   -198.8   3584.8
78   12   -413.4   -509.8   3640.6
78   13   -276.5   157.1   3600.9
78   14   -288.1   -202.2   3618.4
78   15   -301.2   -517.8   3657.8
78   16   -753.4   867.0   3348.3
78   17   -216.0   165.6   3505.0
78   18   -360.6   650.9   3515.1
79   0   -371.2   748.6   3513.7
79   1   -361.6   586.0   3535.7
79   2   -483.4   584.3   3517.3
79   3   -641.4   697.0   3405.0
79   4   -776.6   899.7   3335.8
79   5   -238.6   590.1   3547.1
79   6   -234.1   367.0   3568.9
79   7   -214.8   124.2   3498.9
79   8   -364.6   381.0   3595.2
79   9   -362.7   207.8   3591.0
79   10   -450.1   160.5   3578.3
79   11   -452.0   -199.9   3579.1
79   12   -415.3   -509.7   3640.8
79   13   -276.9   157.0   3600.3
79   14   -288.4   -203.0   3618.5
79   15   -301.3   -518.5   3658.4
79   16   -754.1   865.9   3347.3
79   17   -218.0   164.7   3510.5
79   18   -360.6   650.8   3516.8
80   0   -372.1   748.5   3514.9
80   1   -361.7   586.2   3537.3
80   2   -483.4   584.3   3517.2
80   3   -640.3   698.8   3405.4
80   4   -776.0   897.9   3330.4
80   5   -238.6   589.5   3546.5
80   6   -234.4   366.6   3570.8
80   7   -214.5   125.6   3498.4
80   8   -365.1   381.3   3599.5
80   9   -362.9   208.1   3591.0
80   10   -449.9   160.6   3578.4
80   11   -453.8   -200.5   3575.1
80   12   -418.0   -509.4   3641.0
80   13   -277.4   156.9   3599.7
80   14   -288.6   -203.6   3618.5
80   15   -301.4   -518.8   3658.7
80   16   -753.3   864.7   3342.9
80   17   -217.8   165.7   3510.5
80   18   -360.7   650.8   3517.7
81   0   -372.7   748.4   3515.3
81   1   -361.9   586.4   3538.5
81   2   -483.4   584.3   3517.2
81   3   -639.8   699.3   3405.3
81   4   -774.9   897.3   3326.2
81   5   -238.7   589.0   3546.1
81   6   -234.4   366.6   3573.1
81   7   -215.2   125.2   3501.4
81   8   -365.6   381.8   3603.0
81   9   -363.0   208.5   3591.1
81   10   -449.7   160.7   3578.5
81   11   -454.6   -200.7   3572.3
81   12   -422.4   -508.8   3640.7
81   13   -277.9   156.8   3599.0
81   14   -288.9   -204.0   3618.6
81   15   -301.4   -518.5   3658.8
81   16   -752.4   864.3   3339.3
81   17   -218.4   165.4   3513.3
81   18   -360.7   650.8   3518.2
82   0   -372.9   748.3   3515.3
82   1   -362.0   586.5   3538.9
82   2   -483.4   584.3   3517.1
82   3   -639.4   699.4   3404.9
82   4   -774.3   897.7   3322.8
82   5   -238.9   588.5   3545.8
82   6   -234.1   366.6   3575.8
82   7   -216.4   124.1   3503.8
82   8   -366.1   382.1   3604.7
82   9   -363.1   208.5   3591.1
82   10   -449.5   160.9   3578.6
82   11   -455.0   -200.8   3570.5
82   12   -420.5   -507.6   3640.7
82   13   -278.6   156.7   3599.0
82   14   -289.2   -204.5   3618.6
82   15   -301.4   -518.3   3658.8
82   16   -751.8   864.6   3336.5
82   17   -219.3   164.5   3515.8
82   18   -360.7   650.7   3518.3
83   0   -373.1   748.2   3515.3
83   1   -362.2   586.6   3539.1
83   2   -483.5   584.3   3517.1
83   3   -639.1   699.3   3404.5
83   4   -773.1   897.3   3321.9
83   5   -239.1   588.1   3545.5
83   6   -233.5   366.8   3579.0
83   7   -218.4   124.1   3508.8
83   8   -366.6   382.2   3605.2
83   9   -363.3   208.1   3591.0
83   10   -449.3   161.1   3578.6
83   11   -455.0   -200.9   3570.4
83   12   -415.2   -506.2   3642.0
83   13   -279.4   156.5   3599.6
83   14   -289.5   -205.0   3618.6
83   15   -301.4   -518.4   3658.9
83   16   -750.8   864.3   3335.6
83   17   -220.9   164.6   3520.5
83   18   -360.8   650.7   3518.3
84   0   -373.1   748.1   3515.2
84   1   -362.3   586.6   3539.0
84   2   -483.5   584.3   3517.1
84   3   -638.8   699.1   3404.0
84   4   -773.3   898.6   3321.4
84   5   -239.2   587.9   3545.4
84   6   -232.5   367.0   3580.0
84   7   -219.6   123.4   3507.3
84   8   -367.1   382.4   3605.0
84   9   -363.4   207.7   3591.0
84   10   -449.1   161.3   3578.7
84   11   -455.0   -200.8   3571.1
84   12   -409.3   -505.3   3642.6
84   13   -280.2   156.3   3600.1
84   14   -289.7   -205.4   3618.6
84   15   -301.7   -518.6   3658.9
84   16   -750.9   865.4   3335.1
84   17   -221.8   164.0   3519.4
84   18   -360.8   650.7   3518.3
85   0   -373.1   748.1   3515.1
85   1   -362.4   586.6   3538.9
85   2   -483.6   584.3   3517.1
85   3   -638.4   698.8   3403.5
85   4   -773.7   900.6   3320.8
85   5   -239.2   587.9   3545.3
85   6   -231.1   367.0   3579.0
85   7   -221.3   121.2   3506.0
85   8   -367.5   382.6   3604.5
85   9   -363.5   207.3   3591.0
85   10   -448.8   161.6   3578.8
85   11   -455.0   -200.8   3572.2
85   12   -417.0   -505.9   3643.1
85   13   -281.1   156.2   3600.7
85   14   -289.9   -205.7   3618.6
85   15   -301.7   -518.6   3658.9
85   16   -751.1   866.9   3334.6
85   17   -222.9   162.2   3518.2
85   18   -360.8   650.7   3518.3
86   0   -373.1   748.0   3515.0
86   1   -362.6   586.6   3538.8
86   2   -483.6   584.3   3517.1
86   3   -638.1   698.6   3403.0
86   4   -774.1   902.4   3320.4
86   5   -239.1   588.1   3545.2
86   6   -233.5   366.1   3552.4
86   7   -221.6   112.8   3513.7
86   8   -368.0   382.9   3604.1
86   9   -363.7   207.0   3591.0
86   10   -448.6   161.8   3578.9
86   11   -454.9   -200.7   3573.5
86   12   -421.0   -506.1   3643.3
86   13   -281.8   156.1   3600.7
86   14   -290.3   -206.0   3618.7
86   15   -301.8   -518.4   3658.8
86   16   -751.4   868.4   3334.1
86   17   -223.6   155.0   3520.2
86   18   -360.9   650.7   3518.2
87   0   -373.1   747.9   3515.0
87   1   -362.7   586.6   3538.7
87   2   -483.6   584.3   3517.1
87   3   -636.8   697.6   3403.1
87   4   -773.6   902.9   3320.4
87   5   -239.1   588.2   3545.2
87   6   -256.6   380.9   3494.1
87   7   -220.4   134.1   3526.6
87   8   -368.4   383.2   3603.7
87   9   -363.9   208.6   3591.1
87   10   -448.3   162.0   3579.0
87   11   -454.9   -200.6   3574.8
87   12   -421.5   -506.0   3643.3
87   13   -282.4   156.2   3600.5
87   14   -290.4   -205.9   3618.7
87   15   -301.7   -517.9   3658.7
87   16   -750.8   868.7   3334.1
87   17   -226.4   175.3   3521.1
87   18   -360.9   650.6   3518.2
88   0   -373.1   747.9   3515.0
88   1   -362.8   586.6   3538.6
88   2   -483.7   584.2   3517.1
88   3   -636.4   697.3   3402.5
88   4   -774.0   903.9   3320.2
88   5   -239.2   588.0   3545.1
88   6   -287.7   401.1   3450.5
88   7   -222.8   165.9   3527.7
88   8   -368.8   383.5   3603.4
88   9   -364.1   210.8   3591.2
88   10   -448.2   162.3   3579.1
88   11   -454.8   -200.5   3575.4
88   12   -420.1   -505.7   3643.0
88   13   -282.8   156.5   3600.2
88   14   -290.5   -205.8   3618.7
88   15   -301.7   -517.6   3658.7
88   16   -751.0   869.5   3333.9
88   17   -233.6   205.1   3514.8
88   18   -360.9   650.6   3518.2
89   0   -373.1   747.8   3515.0
89   1   -363.0   586.6   3538.6
89   2   -483.7   584.2   3517.1
89   3   -634.9   696.2   3402.7
89   4   -773.7   903.1   3320.6
89   5   -239.2   588.0   3545.0
89   6   -307.6   417.3   3427.5
89   7   -221.6   193.2   3530.4
89   8   -369.2   383.8   3603.1
89   9   -364.3   213.2   3591.4
89   10   -448.0   162.5   3579.2
89   11   -454.8   -200.3   3575.6
89   12   -417.7   -505.5   3642.7
89   13   -283.2   156.7   3599.9
89   14   -290.5   -205.6   3618.7
89   15   -301.7   -517.5   3658.7
89   16   -750.5   868.6   3334.2
89   17   -235.9   230.5   3513.2
89   18   -361.0   650.6   3518.2
90   0   -373.1   747.8   3514.9
90   1   -363.1   586.6   3538.5
90   2   -483.8   584.2   3517.1
90   3   -634.5   695.9   3402.8
90   4   -773.8   903.2   3320.4
90   5   -239.2   587.9   3544.9
90   6   -277.2   394.2   3493.9
90   7   -217.4   155.0   3511.1
90   8   -369.7   384.1   3602.8
90   9   -364.5   215.3   3591.5
90   10   -447.9   162.6   3579.3
90   11   -454.8   -200.2   3575.7
90   12   -414.4   -505.3   3642.5
90   13   -283.6   156.9   3600.0
90   14   -290.5   -205.5   3618.7
90   15   -301.8   -517.7   3658.7
90   16   -750.6   868.7   3334.2
90   17   -227.2   194.9   3508.3
90   18   -361.0   650.6   3518.2
91   0   -373.0   747.7   3514.9
91   1   -363.3   586.6   3538.5
91   2   -483.9   584.2   3517.1
91   3   -634.7   695.7   3402.5
91   4   -771.8   899.8   3316.9
91   5   -239.2   588.0   3544.8
91   6   -250.5   381.6   3546.2
91   7   -221.7   141.0   3499.9
91   8   -370.3   384.4   3602.5
91   9   -364.8   217.0   3591.6
91   10   -447.9   162.9   3579.4
91   11   -454.8   -200.1   3575.7
91   12   -410.5   -505.1   3642.4
91   13   -284.0   157.1   3599.9
91   14   -290.5   -205.4   3618.7
91   15   -301.8   -517.9   3658.8
91   16   -749.0   865.8   3331.2
91   17   -226.4   181.1   3507.6
91   18   -361.1   650.6   3518.2
92   0   -373.0   747.7   3514.9
92   1   -363.4   586.6   3538.4
92   2   -483.9   584.2   3517.1
92   3   -635.1   695.7   3402.2
92   4   -772.6   898.6   3320.1
92   5   -239.2   588.1   3544.8
92   6   -241.2   373.3   3563.5
92   7   -221.1   128.7   3498.7
92   8   -370.7   384.6   3602.3
92   9   -365.0   218.4   3591.7
92   10   -447.9   163.1   3579.5
92   11   -454.8   -199.9   3575.7
92   12   -411.5   -505.4   3642.4
92   13   -284.4   157.3   3600.0
92   14   -290.6   -205.2   3618.8
92   15   -301.9   -518.2   3658.8
92   16   -749.6   864.8   3333.8
92   17   -224.4   169.5   3509.5
92   18   -361.1   650.5   3518.2
93   0   -373.0   747.7   3514.9
93   1   -363.6   586.6   3538.4
93   2   -484.0   584.2   3517.1
93   3   -635.6   695.4   3401.7
93   4   -768.3   899.7   3320.3
93   5   -239.1   588.2   3544.7
93   6   -247.8   369.4   3548.5
93   7   -215.9   120.5   3509.7
93   8   -371.1   384.8   3602.2
93   9   -365.2   219.5   3591.7
93   10   -448.0   163.3   3579.6
93   11   -454.8   -199.8   3575.7
93   12   -419.5   -506.5   3641.7
93   13   -284.7   157.5   3600.0
93   14   -290.6   -205.2   3618.8
93   15   -301.8   -518.2   3658.6
93   16   -746.2   865.7   3333.8
93   17   -221.2   162.0   3516.2
93   18   -361.2   650.5   3518.2
94   0   -373.0   747.6   3514.9
94   1   -363.7   586.6   3538.4
94   2   -484.0   584.2   3517.1
94   3   -636.2   695.0   3401.1
94   4   -772.4   899.3   3329.4
94   5   -239.1   588.2   3544.5
94   6   -245.7   367.2   3551.6
94   7   -216.3   117.0   3509.3
94   8   -371.6   385.0   3602.1
94   9   -365.4   220.4   3591.8
94   10   -448.0   163.6   3579.7
94   11   -454.8   -199.6   3575.8
94   12   -427.8   -507.2   3640.5
94   13   -285.1   157.6   3600.1
94   14   -290.6   -205.2   3618.8
94   15   -301.9   -518.0   3658.4
94   16   -749.7   865.3   3341.4
94   17   -221.2   158.7   3516.3
94   18   -361.2   650.5   3518.2
95   0   -373.0   747.6   3514.9
95   1   -363.9   586.6   3538.4
95   2   -484.1   584.2   3517.1
95   3   -636.9   694.0   3400.4
95   4   -769.2   898.9   3326.5
95   5   -239.1   588.3   3544.4
95   6   -243.9   366.9   3560.6
95   7   -217.4   119.5   3504.7
95   8   -372.1   385.2   3602.0
95   9   -365.8   221.1   3591.8
95   10   -448.4   164.2   3579.7
95   11   -454.8   -199.2   3575.8
95   12   -431.7   -506.9   3639.9
95   13   -285.6   157.8   3600.3
95   14   -290.7   -205.2   3618.8
95   15   -301.9   -517.7   3658.1
95   16   -747.1   864.7   3338.8
95   17   -221.8   160.8   3514.0
95   18   -361.3   650.5   3518.2
96   0   -372.9   747.6   3514.9
96   1   -364.1   586.6   3538.4
96   2   -484.2   584.3   3517.1
96   3   -638.1   691.7   3399.2
96   4   -762.0   900.1   3326.4
96   5   -239.1   588.3   3544.3
96   6   -263.8   375.8   3512.5
96   7   -220.7   132.9   3516.6
96   8   -372.7   385.3   3602.0
96   9   -366.2   221.7   3591.8
96   10   -448.8   164.9   3579.8
96   11   -454.9   -198.8   3576.2
96   12   -432.6   -506.2   3639.8
96   13   -286.1   158.1   3600.4
96   14   -290.7   -205.2   3618.8
96   15   -301.9   -517.2   3657.8
96   16   -741.4   865.4   3338.6
96   17   -227.8   173.3   3515.9
96   18   -361.3   650.5   3518.2
97   0   -372.9   747.6   3514.9
97   1   -364.3   586.6   3538.4
97   2   -484.3   584.3   3517.1
97   3   -639.7   688.4   3397.9
97   4   -760.7   899.1   3333.0
97   5   -239.1   588.3   3544.1
97   6   -290.5   395.7   3464.8
97   7   -233.8   160.1   3511.3
97   8   -373.3   385.4   3601.9
97   9   -366.6   222.1   3591.9
97   10   -449.2   165.2   3579.8
97   11   -455.0   -198.1   3576.8
97   12   -431.6   -505.0   3639.4
97   13   -286.7   158.4   3600.7
97   14   -290.7   -204.6   3618.8
97   15   -301.9   -516.0   3657.4
97   16   -740.6   864.0   3343.8
97   17   -243.2   199.3   3503.5
97   18   -361.4   650.5   3518.2
98   0   -372.9   747.6   3514.9
98   1   -364.5   586.6   3538.4
98   2   -484.4   584.3   3517.1
98   3   -640.2   688.5   3398.1
98   4   -770.2   894.8   3338.8
98   5   -239.1   588.3   3543.8
98   6   -162.8   554.7   3473.9
98   7   -90.2   576.3   3464.8
98   8   -374.0   385.5   3601.9
98   9   -367.0   220.7   3591.8
98   10   -449.5   165.5   3579.8
98   11   -455.1   -197.2   3577.5
98   12   -429.1   -503.6   3639.0
98   13   -287.3   158.6   3600.9
98   14   -290.7   -203.7   3618.8
98   15   -301.8   -514.7   3657.2
98   16   -748.5   860.4   3348.7
98   17   -102.3   572.1   3466.3
98   18   -361.5   650.5   3518.2
99   0   -372.9   747.6   3514.9
99   1   -364.7   586.6   3538.4
99   2   -484.5   584.4   3517.1
99   3   -640.8   688.1   3398.1
99   4   -767.0   895.9   3339.4
99   5   -239.1   588.3   3543.6
99   6   -91.6   637.5   3478.0
99   7   -102.1   793.8   3478.7
99   8   -374.5   385.5   3601.9
99   9   -367.4   218.7   3591.6
99   10   -450.0   165.6   3579.9
99   11   -455.2   -196.4   3578.8
99   12   -424.9   -502.1   3639.5
99   13   -287.9   158.8   3601.0
99   14   -290.7   -202.9   3618.8
99   15   -301.8   -513.5   3657.0
99   16   -746.0   861.2   3349.2
99   17   -100.4   767.4   3478.6
99   18   -361.5   650.5   3518.2
100   0   -372.9   747.6   3514.9
100   1   -364.8   586.6   3538.4
100   2   -484.6   584.4   3517.1
100   3   -641.2   688.2   3398.4
100   4   -769.9   894.6   3340.0
100   5   -239.1   588.3   3543.3
100   6   -59.2   681.7   3486.5
100   7   -16.9   893.1   3447.2
100   8   -374.8   385.6   3601.9
100   9   -367.9   216.7   3591.5
100   10   -450.4   165.7   3579.9
100   11   -455.3   -195.7   3580.3
100   12   -421.9   -501.0   3639.7
100   13   -288.6   158.9   3601.0
100   14   -290.7   -202.2   3618.8
100   15   -301.9   -512.5   3657.0
100   16   -748.4   860.2   3349.7
100   17   -24.0   857.7   3453.7
100   18   -361.6   650.5   3518.2
101   0   -372.9   747.6   3514.8
101   1   -364.9   586.6   3538.4
101   2   -484.7   584.4   3517.1
101   3   -641.4   688.6   3398.7
101   4   -773.1   893.4   3334.6
101   5   -239.2   588.3   3543.1
101   6   -47.5   699.4   3489.5
101   7   36.6   924.0   3423.6
101   8   -375.1   385.6   3601.9
101   9   -368.3   215.0   3591.4
101   10   -450.8   165.9   3579.9
101   11   -455.4   -195.1   3580.8
101   12   -418.5   -500.0   3639.5
101   13   -289.3   158.9   3601.1
101   14   -290.8   -201.6   3618.7
101   15   -302.1   -511.8   3656.9
101   16   -751.2   859.2   3345.3
101   17   22.5   886.5   3434.6
101   18   -361.7   650.5   3518.2
102   0   -372.9   747.6   3514.8
102   1   -365.1   586.6   3538.4
102   2   -484.8   584.5   3517.1
102   3   -641.6   689.2   3399.3
102   4   -775.7   893.6   3331.3
102   5   -239.1   588.3   3542.4
102   6   -44.7   703.8   3491.0
102   7   60.0   931.7   3417.0
102   8   -375.5   385.6   3601.9
102   9   -368.8   213.6   3591.3
102   10   -451.4   165.9   3580.0
102   11   -455.3   -194.7   3580.6
102   12   -417.1   -499.5   3639.2
102   13   -289.9   158.9   3601.1
102   14   -290.8   -201.3   3618.7
102   15   -302.3   -511.5   3656.8
102   16   -753.4   859.6   3342.6
102   17   42.5   893.7   3429.3
102   18   -361.7   650.5   3518.2
103   0   -372.9   747.6   3514.7
103   1   -365.2   586.6   3538.4
103   2   -484.9   584.5   3517.1
103   3   -641.7   689.7   3399.5
103   4   -777.6   894.7   3329.9
103   5   -239.0   588.2   3541.5
103   6   -45.3   702.9   3491.5
103   7   65.8   929.0   3410.3
103   8   -375.9   385.7   3601.9
103   9   -369.4   212.5   3591.2
103   10   -451.9   165.8   3580.0
103   11   -455.2   -194.6   3580.4
103   12   -416.5   -499.4   3639.0
103   13   -290.4   159.1   3601.0
103   14   -290.9   -200.9   3618.7
103   15   -302.7   -511.2   3656.7
103   16   -754.9   860.6   3341.5
103   17   47.3   891.4   3423.8
103   18   -361.8   650.5   3518.2
104   0   -372.9   747.6   3514.6
104   1   -365.3   586.6   3538.4
104   2   -484.9   584.6   3517.1
104   3   -642.0   689.3   3399.4
104   4   -775.1   895.3   3329.4
104   5   -239.0   588.2   3540.7
104   6   -46.8   700.6   3491.8
104   7   66.2   922.1   3408.4
104   8   -376.1   385.7   3601.8
104   9   -369.9   211.7   3591.2
104   10   -452.5   165.6   3579.9
104   11   -455.2   -194.8   3580.2
104   12   -416.3   -499.7   3638.8
104   13   -290.8   159.2   3601.0
104   14   -291.0   -200.8   3618.7
104   15   -302.9   -511.1   3656.7
104   16   -752.9   861.0   3341.0
104   17   47.4   885.2   3422.3
104   18   -361.9   650.4   3518.2
105   0   -372.9   747.6   3514.5
105   1   -365.4   586.6   3538.4
105   2   -485.0   584.6   3517.1
105   3   -642.2   689.2   3399.4
105   4   -777.0   895.6   3332.0
105   5   -238.9   588.2   3539.9
105   6   -48.1   698.7   3492.0
105   7   65.5   917.1   3407.6
105   8   -376.2   385.7   3601.8
105   9   -370.5   211.0   3591.2
105   10   -453.0   165.3   3579.8
105   11   -455.3   -195.3   3580.2
105   12   -416.6   -500.2   3638.9
105   13   -291.2   159.4   3600.9
105   14   -291.0   -200.9   3618.7
105   15   -303.2   -511.2   3656.8
105   16   -754.6   861.2   3343.2
105   17   46.6   880.7   3421.7
105   18   -362.0   650.4   3518.2
106   0   -372.9   747.6   3514.4
106   1   -365.5   586.6   3538.4
106   2   -485.1   584.7   3517.1
106   3   -642.3   689.2   3399.3
106   4   -780.7   892.9   3335.2
106   5   -238.9   588.1   3538.9
106   6   -48.9   697.5   3492.3
106   7   64.8   912.1   3407.7
106   8   -376.4   385.7   3601.8
106   9   -371.1   210.5   3591.2
106   10   -453.7   165.1   3579.8
106   11   -455.4   -196.0   3580.2
106   12   -416.7   -500.7   3639.0
106   13   -291.4   159.6   3600.9
106   14   -291.0   -201.0   3618.7
106   15   -303.6   -511.2   3657.0
106   16   -757.6   859.0   3345.9
106   17   45.9   876.3   3421.8
106   18   -362.0   650.4   3518.2
107   0   -372.9   747.5   3514.2
107   1   -365.6   586.6   3538.4
107   2   -485.2   584.7   3517.1
107   3   -642.4   689.1   3399.3
107   4   -771.8   894.1   3328.4
107   5   -238.9   588.2   3538.5
107   6   -49.4   696.7   3492.3
107   7   63.3   908.3   3408.1
107   8   -376.5   385.7   3601.8
107   9   -371.6   210.1   3591.1
107   10   -454.3   164.8   3579.7
107   11   -455.6   -196.6   3580.2
107   12   -416.7   -501.3   3639.1
107   13   -291.7   159.8   3600.9
107   14   -291.1   -201.2   3618.7
107   15   -303.8   -511.2   3657.4
107   16   -750.3   860.0   3340.2
107   17   44.5   873.0   3422.1
107   18   -362.1   650.4   3518.2
108   0   -373.0   747.5   3513.8
108   1   -365.6   586.6   3538.4
108   2   -485.3   584.7   3517.1
108   3   -642.8   688.6   3399.1
108   4   -768.5   892.0   3322.8
108   5   -239.0   588.2   3538.4
108   6   -49.7   696.2   3492.3
108   7   61.8   905.8   3408.7
108   8   -376.5   385.7   3601.8
108   9   -372.2   209.8   3591.1
108   10   -454.9   164.5   3579.6
108   11   -455.7   -197.2   3580.2
108   12   -416.9   -501.9   3637.5
108   13   -291.9   159.9   3600.8
108   14   -291.1   -201.3   3618.7
108   15   -303.8   -511.0   3657.7
108   16   -747.6   858.1   3335.5
108   17   43.2   870.9   3422.7
108   18   -362.2   650.4   3518.2
109   0   -372.9   747.4   3511.2
109   1   -365.7   586.6   3538.3
109   2   -485.3   584.8   3517.1
109   3   -643.3   687.8   3398.9
109   4   -766.3   890.7   3321.5
109   5   -239.0   588.2   3538.2
109   6   -49.8   695.9   3492.4
109   7   60.8   904.1   3409.5
109   8   -376.5   385.7   3601.8
109   9   -372.7   209.6   3591.1
109   10   -455.6   164.1   3579.5
109   11   -455.9   -197.8   3580.2
109   12   -417.6   -502.6   3633.1
109   13   -292.1   160.1   3600.8
109   14   -291.1   -201.4   3618.7
109   15   -303.7   -510.4   3658.0
109   16   -745.8   856.9   3334.4
109   17   42.4   869.4   3423.3
109   18   -362.3   650.4   3518.1
110   0   -372.9   746.9   3507.0
110   1   -365.8   586.6   3538.2
110   2   -485.5   584.8   3517.1
110   3   -643.9   686.6   3398.5
110   4   -764.5   890.0   3322.5
110   5   -239.1   588.2   3538.2
110   6   -49.9   695.9   3492.4
110   7   60.4   902.9   3410.4
110   8   -376.5   385.8   3601.8
110   9   -373.3   209.4   3591.2
110   10   -456.2   163.8   3579.5
110   11   -456.1   -198.3   3580.2
110   12   -419.1   -502.4   3633.3
110   13   -292.2   160.2   3600.8
110   14   -291.1   -201.5   3618.7
110   15   -303.7   -509.7   3658.0
110   16   -744.4   856.1   3335.2
110   17   42.0   868.4   3424.1
110   18   -362.3   650.4   3518.0
111   0   -372.8   746.5   3503.2
111   1   -365.8   586.6   3538.1
111   2   -485.6   584.8   3517.1
111   3   -644.6   685.1   3397.9
111   4   -763.1   889.7   3325.1
111   5   -239.2   588.2   3538.2
111   6   -49.9   695.9   3492.4
111   7   60.2   902.0   3411.3
111   8   -376.5   385.8   3601.8
111   9   -373.8   209.3   3591.2
111   10   -456.9   163.5   3579.4
111   11   -456.3   -198.9   3580.2
111   12   -420.9   -502.0   3636.3
111   13   -292.4   160.3   3600.8
111   14   -291.1   -201.6   3618.8
111   15   -303.7   -509.2   3658.0
111   16   -743.4   855.6   3337.3
111   17   41.9   867.6   3424.8
111   18   -362.4   650.4   3517.9
112   0   -372.7   745.8   3498.9
112   1   -365.9   586.6   3538.0
112   2   -485.7   584.9   3517.1
112   3   -645.2   683.8   3397.4
112   4   -761.9   889.8   3328.3
112   5   -239.3   588.2   3538.2
112   6   -49.9   695.8   3492.5
112   7   60.0   901.5   3412.2
112   8   -376.5   385.8   3601.8
112   9   -374.4   209.2   3591.2
112   10   -457.5   163.1   3579.3
112   11   -456.5   -199.4   3580.2
112   12   -421.7   -502.2   3635.2
112   13   -292.5   160.4   3600.8
112   14   -291.1   -201.7   3618.8
112   15   -303.6   -508.7   3657.9
112   16   -742.4   855.5   3339.8
112   17   41.7   867.2   3425.6
112   18   -362.5   650.4   3517.8
113   0   -372.7   745.4   3496.5
113   1   -365.9   586.6   3537.9
113   2   -485.8   584.9   3517.0
113   3   -645.7   682.6   3396.9
113   4   -761.1   890.0   3332.2
113   5   -239.3   588.3   3538.2
113   6   -49.9   695.8   3492.6
113   7   59.7   901.1   3412.7
113   8   -376.5   385.9   3601.7
113   9   -374.9   209.2   3591.2
113   10   -458.1   162.8   3579.2
113   11   -456.8   -199.9   3580.2
113   12   -421.6   -501.8   3637.5
113   13   -292.7   160.5   3600.7
113   14   -291.1   -201.8   3618.5
113   15   -303.5   -508.4   3657.9
113   16   -741.9   855.5   3342.9
113   17   41.4   866.9   3426.0
113   18   -362.6   650.4   3517.6
114   0   -372.6   745.2   3495.5
114   1   -366.0   586.6   3537.8
114   2   -485.9   584.9   3517.0
114   3   -646.2   681.3   3396.4
114   4   -760.6   890.4   3336.9
114   5   -239.4   588.3   3538.2
114   6   -49.9   695.9   3493.1
114   7   59.4   900.8   3413.0
114   8   -376.5   385.9   3601.7
114   9   -375.3   209.1   3591.2
114   10   -458.6   162.5   3579.1
114   11   -457.0   -200.3   3580.1
114   12   -421.0   -502.5   3633.3
114   13   -292.9   160.5   3600.7
114   14   -291.1   -201.9   3618.3
114   15   -303.4   -508.2   3657.7
114   16   -741.5   855.5   3346.8
114   17   41.2   866.6   3426.3
114   18   -362.6   650.4   3517.5
115   0   -372.6   745.2   3495.2
115   1   -366.1   586.6   3537.7
115   2   -486.1   585.0   3517.0
115   3   -646.7   680.1   3395.8
115   4   -760.2   890.7   3342.0
115   5   -239.4   588.3   3538.2
115   6   -49.8   696.0   3493.8
115   7   59.1   900.6   3413.5
115   8   -376.5   386.0   3601.7
115   9   -375.7   209.1   3591.2
115   10   -459.0   162.3   3579.1
115   11   -457.3   -200.6   3580.1
115   12   -420.7   -503.0   3631.0
115   13   -293.0   160.5   3600.7
115   14   -291.1   -201.9   3618.6
115   15   -303.2   -508.0   3657.6
115   16   -741.3   855.6   3351.0
115   17   41.0   866.5   3426.9
115   18   -362.7   650.4   3517.3
116   0   -372.6   745.2   3495.3
116   1   -366.1   586.6   3537.5
116   2   -486.2   584.9   3517.0
116   3   -646.7   680.0   3395.6
116   4   -760.6   891.2   3345.9
116   5   -239.5   588.3   3538.2
116   6   -49.7   696.0   3494.2
116   7   59.0   900.6   3414.5
116   8   -376.5   386.0   3601.7
116   9   -376.0   209.1   3591.3
116   10   -459.4   162.1   3579.0
116   11   -457.5   -200.8   3580.1
116   12   -420.6   -503.0   3631.2
116   13   -293.2   160.6   3600.7
116   14   -291.1   -201.8   3619.3
116   15   -302.9   -507.9   3657.7
116   16   -741.6   856.0   3354.1
116   17   40.9   866.5   3427.8
116   18   -362.8   650.4   3517.1
117   0   -372.6   745.3   3495.5
117   1   -366.2   586.6   3537.4
117   2   -486.3   584.9   3517.0
117   3   -646.5   680.6   3395.5
117   4   -761.0   891.3   3346.5
117   5   -239.5   588.3   3538.2
117   6   -49.7   696.1   3494.4
117   7   58.9   900.5   3415.1
117   8   -376.5   386.0   3601.7
117   9   -376.3   209.1   3591.3
117   10   -459.6   161.9   3579.0
117   11   -457.6   -201.0   3580.1
117   12   -420.5   -502.8   3633.3
117   13   -293.3   160.6   3600.7
117   14   -291.1   -201.8   3620.2
117   15   -302.8   -507.9   3657.9
117   16   -741.9   856.1   3354.7
117   17   40.8   866.5   3428.4
117   18   -362.9   650.4   3517.0
118   0   -372.6   745.4   3495.7
118   1   -366.2   586.6   3537.3
118   2   -486.4   584.8   3517.0
118   3   -646.2   681.4   3395.7
118   4   -761.6   891.3   3346.4
118   5   -239.5   588.3   3538.2
118   6   -49.7   696.1   3494.5
118   7   58.8   900.3   3415.0
118   8   -376.5   386.1   3601.6
118   9   -376.4   209.1   3591.3
118   10   -459.8   161.8   3578.9
118   11   -457.7   -201.2   3580.1
118   12   -420.4   -502.1   3638.1
118   13   -293.3   160.6   3600.7
118   14   -291.1   -201.8   3621.0
118   15   -302.8   -508.1   3658.2
118   16   -742.3   856.4   3354.6
118   17   40.7   866.3   3428.3
118   18   -363.0   650.4   3516.8
119   0   -372.5   745.5   3496.0
119   1   -366.3   586.6   3537.1
119   2   -486.5   584.8   3516.9
119   3   -646.0   682.0   3395.8
119   4   -762.0   891.4   3346.1
119   5   -239.6   588.3   3538.2
119   6   -49.7   696.0   3494.5
119   7   58.7   900.2   3415.2
119   8   -376.5   386.1   3601.6
119   9   -376.4   209.1   3591.3
119   10   -459.8   161.8   3578.9
119   11   -457.7   -201.2   3580.1
119   12   -420.5   -501.1   3645.5
119   13   -293.3   160.6   3600.7
119   14   -291.1   -201.8   3621.2
119   15   -302.9   -508.6   3658.6
119   16   -742.6   856.5   3354.4
119   17   40.7   866.2   3428.4
119   18   -363.0   650.4   3516.6
120   0   -372.5   745.6   3496.2
120   1   -366.3   586.6   3537.0
120   2   -486.7   584.7   3516.9
120   3   -645.4   683.6   3396.3
120   4   -765.1   889.8   3343.2
120   5   -239.6   588.4   3538.2
120   6   -49.7   696.0   3494.6
120   7   58.7   900.4   3416.0
120   8   -376.5   386.1   3601.6
120   9   -376.5   209.1   3591.3
120   10   -459.9   161.8   3578.9
120   11   -457.7   -201.3   3580.1
120   12   -420.4   -501.6   3645.8
120   13   -293.3   160.6   3600.6
120   14   -291.1   -201.9   3621.2
120   15   -302.9   -509.1   3658.8
120   16   -745.2   855.5   3352.1
120   17   40.6   866.3   3429.1
120   18   -363.1   650.4   3516.5
121   0   -372.5   745.7   3496.4
121   1   -366.4   586.6   3536.8
121   2   -486.8   584.7   3516.9
121   3   -645.2   684.4   3396.5
121   4   -766.7   888.9   3341.3
121   5   -239.6   588.4   3538.2
121   6   -49.7   696.0   3494.6
121   7   58.7   900.6   3416.8
121   8   -376.5   386.2   3601.5
121   9   -376.5   209.1   3591.3
121   10   -459.9   161.8   3578.9
121   11   -457.7   -201.4   3580.1
121   12   -420.3   -502.4   3643.8
121   13   -293.3   160.6   3600.6
121   14   -291.2   -201.9   3621.2
121   15   -302.8   -509.4   3659.0
121   16   -746.5   854.9   3350.5
121   17   40.6   866.5   3429.8
121   18   -363.2   650.4   3516.3
122   0   -372.5   745.8   3496.6
122   1   -366.5   586.6   3536.7
122   2   -486.9   584.6   3516.9
122   3   -645.0   684.8   3396.3
122   4   -767.5   888.6   3341.0
122   5   -239.7   588.4   3538.1
122   6   -49.8   696.0   3494.6
122   7   58.9   900.9   3418.3
122   8   -376.5   386.2   3601.5
122   9   -376.5   209.2   3591.3
122   10   -459.9   161.7   3578.8
122   11   -457.6   -201.4   3580.0
122   12   -420.2   -503.7   3637.1
122   13   -293.3   160.6   3600.6
122   14   -291.2   -202.0   3621.2
122   15   -302.7   -509.4   3658.8
122   16   -747.1   854.6   3350.2
122   17   40.8   866.8   3431.0
122   18   -363.3   650.4   3516.1
123   0   -372.5   745.9   3496.8
123   1   -366.5   586.6   3536.5
123   2   -487.1   584.6   3516.9
123   3   -644.8   685.0   3396.0
123   4   -768.0   888.4   3341.0
123   5   -239.7   588.4   3538.1
123   6   -49.8   696.0   3494.6
123   7   58.9   901.0   3418.9
123   8   -376.5   386.2   3601.4
123   9   -376.5   209.2   3591.3
123   10   -459.9   161.7   3578.8
123   11   -457.6   -201.4   3580.0
123   12   -420.1   -505.1   3625.1
123   13   -293.2   160.6   3600.5
123   14   -291.2   -202.0   3621.2
123   15   -302.6   -509.0   3658.6
123   16   -747.4   854.5   3350.2
123   17   40.8   866.9   3431.5
123   18   -363.4   650.4   3515.8
124   0   -372.5   746.0   3497.1
124   1   -366.6   586.6   3536.3
124   2   -487.2   584.5   3516.8
124   3   -644.6   685.0   3395.7
124   4   -768.2   888.3   3341.1
124   5   -239.7   588.4   3538.1
124   6   -49.8   696.0   3494.6
124   7   58.9   901.1   3419.3
124   8   -376.5   386.2   3601.3
124   9   -376.5   209.2   3591.3
124   10   -460.0   161.7   3578.7
124   11   -457.6   -201.5   3579.9
124   12   -420.3   -503.9   3632.1
124   13   -293.2   160.6   3600.4
124   14   -291.2   -202.0   3621.1
124   15   -302.5   -508.9   3658.4
124   16   -747.6   854.4   3350.2
124   17   40.8   866.9   3431.8
124   18   -363.5   650.4   3515.6
125   0   -372.4   746.1   3497.3
125   1   -366.7   586.7   3536.1
125   2   -487.4   584.5   3516.8
125   3   -644.9   685.0   3395.9
125   4   -769.4   887.8   3341.7
125   5   -239.8   588.4   3538.0
125   6   -49.8   696.0   3494.6
125   7   58.7   901.2   3419.4
125   8   -376.5   386.2   3601.1
125   9   -376.5   209.2   3591.3
125   10   -460.0   161.7   3578.7
125   11   -457.6   -201.5   3580.2
125   12   -420.4   -503.2   3637.4
125   13   -293.2   160.5   3600.3
125   14   -291.2   -202.1   3620.9
125   15   -302.5   -509.1   3658.3
125   16   -748.6   854.0   3350.7
125   17   40.6   867.0   3431.9
125   18   -363.6   650.4   3515.4
