3   0   -11.0   770.1   3780.9
3   1   -14.5   568.1   3788.7
3   2   -169.3   563.1   3804.7
3   3   -245.7   301.0   3782.8
3   4   4.5   402.9   3615.0
3   5   142.5   564.7   3800.9
3   6   188.0   295.0   3788.3
3   7   -34.1   446.4   3618.4
3   8   -15.6   323.8   3820.6
3   9   -15.5   130.0   3831.1
3   10   -118.2   -2.1   3866.1
3   11   -121.4   -407.2   3869.4
3   12   -160.4   -789.9   3882.1
3   13   91.8   4.4   3866.4
3   14   76.6   -399.6   3893.6
3   15   66.9   -783.3   3922.8
3   16   -37.2   385.9   3643.0
3   17   2.9   421.2   3646.7
3   18   -14.1   649.8   3778.1
4   0   -11.3   770.9   3779.4
4   1   -14.3   568.9   3789.2
4   2   -169.3   563.6   3803.4
4   3   -246.3   301.6   3784.0
4   4   3.5   403.1   3615.8
4   5   142.5   565.2   3799.8
4   6   187.3   295.3   3787.1
4   7   -34.7   445.4   3616.3
4   8   -15.1   324.8   3822.2
4   9   -15.0   130.7   3832.3
4   10   -117.8   -0.4   3866.0
4   11   -122.5   -406.6   3869.9
4   12   -160.3   -789.4   3880.0
4   13   92.2   5.9   3866.5
4   14   76.7   -399.0   3894.2
4   15   67.9   -782.9   3918.6
4   16   -38.2   386.2   3643.8
4   17   2.3   420.4   3644.8
4   18   -14.1   650.6   3778.1
5   0   -12.4   772.8   3775.6
5   1   -13.9   571.1   3790.3
5   2   -168.8   564.7   3800.5
5   3   -246.6   302.7   3784.3
5   4   0.1   410.2   3615.2
5   5   142.1   566.1   3798.3
5   6   187.1   296.3   3785.2
5   7   -38.2   434.6   3609.6
5   8   -13.9   326.1   3826.3
5   9   -13.9   130.6   3835.6
5   10   -116.0   3.0   3865.4
5   11   -125.6   -405.9   3870.8
5   12   -159.3   -789.0   3883.0
5   13   93.0   9.9   3866.3
5   14   77.7   -398.1   3892.8
5   15   71.7   -782.3   3910.0
5   16   -41.0   392.3   3643.4
5   17   -0.7   411.5   3638.8
5   18   -13.9   652.7   3778.3
6   0   -13.9   775.2   3772.2
6   1   -13.4   573.7   3791.6
6   2   -168.3   565.8   3796.3
6   3   -245.7   303.5   3783.9
6   4   -3.1   418.6   3614.2
6   5   141.6   567.1   3797.2
6   6   187.3   297.5   3782.8
6   7   -40.6   426.9   3603.8
6   8   -12.4   326.4   3831.2
6   9   -12.6   128.4   3839.4
6   10   -113.8   6.4   3864.7
6   11   -128.0   -407.9   3872.0
6   12   -158.3   -791.5   3878.6
6   13   93.6   13.5   3865.6
6   14   80.2   -400.0   3891.5
6   15   75.4   -784.6   3900.7
6   16   -43.5   399.4   3642.5
6   17   -2.6   405.3   3633.6
6   18   -13.7   655.1   3778.5
7   0   -14.9   776.8   3770.9
7   1   -13.1   575.5   3792.3
7   2   -167.9   566.6   3792.4
7   3   -245.2   304.0   3784.2
7   4   -6.5   425.0   3613.9
7   5   141.2   567.8   3795.9
7   6   188.1   298.4   3781.1
7   7   -41.5   421.8   3600.6
7   8   -11.4   325.2   3834.3
7   9   -11.9   124.8   3842.0
7   10   -112.9   9.1   3864.0
7   11   -129.6   -409.2   3873.2
7   12   -158.4   -793.0   3874.4
7   13   93.7   15.4   3864.5
7   14   81.0   -402.2   3892.1
7   15   76.0   -787.0   3898.4
7   16   -46.3   404.9   3642.3
7   17   -3.3   401.2   3630.7
7   18   -13.6   656.8   3778.7
8   0   -15.4   777.8   3771.0
8   1   -13.0   576.3   3792.3
8   2   -167.7   567.0   3791.2
8   3   -245.1   304.4   3783.8
8   4   -12.0   430.0   3612.8
8   5   140.8   567.8   3794.8
8   6   188.4   298.6   3780.0
8   7   -40.3   420.3   3600.5
8   8   -11.3   325.4   3834.1
8   9   -11.6   123.9   3842.8
8   10   -113.4   9.2   3863.8
8   11   -130.7   -413.2   3874.3
8   12   -159.1   -797.0   3873.2
8   13   93.3   14.0   3864.8
8   14   80.6   -407.6   3895.9
8   15   74.1   -792.4   3903.9
8   16   -50.9   409.1   3641.3
8   17   -2.2   400.0   3630.4
8   18   -13.5   657.7   3778.7
9   0   -15.6   778.2   3771.8
9   1   -13.0   576.6   3791.9
9   2   -167.5   567.2   3791.5
9   3   -245.2   304.7   3783.6
9   4   -16.9   431.9   3613.1
9   5   140.5   567.5   3794.0
9   6   188.7   298.4   3779.2
9   7   -37.6   420.6   3602.5
9   8   -11.5   326.2   3832.6
9   9   -11.7   124.9   3842.5
9   10   -114.2   9.1   3863.7
9   11   -131.0   -415.2   3874.7
9   12   -159.0   -799.2   3874.4
9   13   93.8   13.8   3865.0
9   14   79.1   -409.4   3898.7
9   15   71.3   -794.2   3903.4
9   16   -54.9   410.7   3641.5
9   17   0.1   400.2   3632.0
9   18   -13.5   658.1   3778.7
10   0   -15.7   778.3   3772.6
10   1   -13.1   576.7   3791.6
10   2   -167.4   567.3   3792.4
10   3   -245.5   305.0   3783.4
10   4   -18.3   430.5   3615.4
10   5   140.3   567.3   3793.2
10   6   188.8   298.2   3778.6
10   7   -35.0   421.8   3604.8
10   8   -12.0   327.2   3831.0
10   9   -12.0   126.6   3841.8
10   10   -114.6   9.0   3863.7
10   11   -131.1   -416.1   3874.9
10   12   -158.6   -800.0   3875.0
10   13   94.5   15.2   3865.2
10   14   76.9   -408.6   3900.0
10   15   70.1   -793.4   3906.0
10   16   -56.2   409.6   3643.4
10   17   2.3   401.2   3633.8
10   18   -13.5   658.1   3778.7
11   0   -15.7   778.3   3773.1
11   1   -13.2   576.6   3791.2
11   2   -167.2   567.4   3793.8
11   3   -245.5   305.2   3783.2
11   4   -17.7   428.5   3618.3
11   5   140.2   567.2   3792.4
11   6   188.7   298.0   3778.4
11   7   -33.4   422.0   3606.4
11   8   -12.5   328.2   3829.3
11   9   -12.3   128.4   3840.7
11   10   -114.7   8.9   3863.6
11   11   -131.0   -417.4   3875.0
11   12   -158.7   -801.3   3874.7
11   13   94.1   15.1   3864.8
11   14   76.0   -409.9   3899.3
11   15   69.4   -794.7   3907.3
11   16   -55.7   407.9   3645.8
11   17   3.6   401.3   3635.0
11   18   -13.5   658.1   3778.7
12   0   -15.6   778.3   3773.4
12   1   -13.4   576.5   3790.9
12   2   -167.1   567.4   3794.8
12   3   -245.5   305.3   3783.5
12   4   -18.0   426.9   3619.4
12   5   140.1   567.1   3791.7
12   6   188.4   297.8   3778.6
12   7   -32.4   421.9   3607.3
12   8   -12.9   329.0   3827.8
12   9   -12.6   129.8   3839.5
12   10   -114.6   8.9   3863.5
12   11   -131.0   -417.7   3875.0
12   12   -158.9   -801.6   3874.8
12   13   93.1   14.4   3864.4
12   14   75.4   -410.9   3899.2
12   15   69.0   -795.7   3908.0
12   16   -55.9   406.7   3646.8
12   17   4.4   401.2   3635.9
12   18   -13.5   658.1   3778.7
13   0   -15.6   778.2   3773.6
13   1   -13.4   576.4   3790.5
13   2   -166.9   567.5   3795.0
13   3   -245.5   305.4   3783.6
13   4   -18.7   426.0   3619.6
13   5   140.1   567.1   3791.0
13   6   188.6   297.8   3778.8
13   7   -31.0   421.9   3607.7
13   8   -13.2   329.6   3826.2
13   9   -12.8   130.9   3838.2
13   10   -114.5   8.8   3863.2
13   11   -130.9   -417.6   3875.0
13   12   -159.3   -801.5   3874.8
13   13   91.6   12.9   3864.3
13   14   75.6   -412.4   3898.1
13   15   69.3   -797.2   3908.0
13   16   -56.5   405.9   3646.9
13   17   5.6   401.2   3636.2
13   18   -13.5   658.1   3778.7
14   0   -15.6   778.2   3773.6
14   1   -13.5   576.3   3790.2
14   2   -166.9   567.6   3795.1
14   3   -245.5   305.5   3783.7
14   4   -18.9   425.5   3619.9
14   5   140.0   567.1   3790.4
14   6   188.6   297.8   3778.4
14   7   -30.4   422.0   3607.7
14   8   -13.4   330.1   3824.9
14   9   -12.9   131.6   3837.0
14   10   -114.4   8.8   3863.1
14   11   -130.8   -417.4   3873.8
14   12   -159.4   -801.3   3875.1
14   13   90.7   12.0   3864.2
14   14   76.2   -413.1   3897.3
14   15   70.0   -797.9   3907.2
14   16   -56.7   405.5   3647.2
14   17   6.1   401.3   3636.2
14   18   -13.5   658.0   3778.7
15   0   -15.6   778.2   3773.6
15   1   -13.5   576.3   3789.9
15   2   -166.9   567.8   3795.1
15   3   -245.4   305.7   3783.6
15   4   -18.8   425.1   3620.3
15   5   139.9   567.1   3790.3
15   6   188.5   297.9   3778.2
15   7   -30.4   422.0   3608.1
15   8   -13.5   330.4   3823.8
15   9   -13.1   132.1   3835.9
15   10   -114.3   8.8   3862.9
15   11   -130.7   -417.1   3873.2
15   12   -159.4   -801.0   3875.3
15   13   90.3   11.9   3864.0
15   14   76.5   -413.0   3896.8
15   15   70.9   -797.8   3906.8
15   16   -56.6   405.2   3647.6
15   17   6.1   401.3   3636.5
15   18   -13.5   658.0   3778.7
16   0   -15.6   778.2   3773.6
16   1   -13.5   576.3   3789.7
16   2   -166.9   568.0   3795.0
16   3   -245.4   305.8   3783.5
16   4   -18.2   424.0   3620.8
16   5   139.8   567.1   3790.2
16   6   188.7   297.9   3777.9
16   7   -30.1   422.4   3608.5
16   8   -13.6   330.7   3823.1
16   9   -13.1   132.5   3835.0
16   10   -114.2   8.8   3862.8
16   11   -130.6   -416.9   3872.9
16   12   -159.3   -800.7   3875.3
16   13   90.0   11.9   3863.9
16   14   77.3   -412.8   3896.5
16   15   71.7   -797.6   3906.6
16   16   -56.0   404.3   3647.9
16   17   6.3   401.6   3636.7
16   18   -13.5   658.0   3778.6
17   0   -15.6   778.2   3773.6
17   1   -13.6   576.2   3789.6
17   2   -166.9   568.1   3794.8
17   3   -245.3   305.9   3783.4
17   4   -17.8   423.0   3621.3
17   5   139.7   567.0   3790.1
17   6   188.9   297.9   3777.5
17   7   -29.7   422.7   3608.9
17   8   -13.7   331.0   3822.5
17   9   -13.2   132.7   3834.0
17   10   -114.1   8.8   3862.6
17   11   -130.6   -416.5   3872.6
17   12   -159.3   -800.4   3875.4
17   13   89.9   12.0   3863.9
17   14   78.3   -412.5   3894.3
17   15   72.7   -797.2   3906.8
17   16   -55.7   403.5   3648.3
17   17   6.8   401.9   3637.0
17   18   -13.5   658.0   3778.6
18   0   -15.7   778.2   3773.6
18   1   -13.6   576.2   3789.5
18   2   -166.9   568.1   3794.7
18   3   -245.3   306.0   3783.4
18   4   -17.6   423.2   3622.2
18   5   139.6   567.0   3790.7
18   6   189.1   298.1   3777.1
18   7   -29.5   422.6   3609.0
18   8   -13.7   331.2   3822.2
18   9   -13.2   132.7   3833.2
18   10   -114.0   8.8   3862.3
18   11   -130.6   -416.0   3872.3
18   12   -159.2   -799.9   3875.7
18   13   89.7   12.1   3863.7
18   14   79.8   -412.1   3891.4
18   15   74.0   -796.7   3906.2
18   16   -55.5   403.7   3649.1
18   17   6.9   401.9   3637.0
18   18   -13.5   658.0   3778.6
19   0   -15.7   778.2   3773.6
19   1   -13.6   576.2   3789.4
19   2   -166.8   568.1   3794.6
19   3   -245.3   306.0   3783.0
19   4   -14.4   422.2   3624.2
19   5   139.5   567.1   3790.9
19   6   189.7   298.2   3776.8
19   7   -30.0   422.5   3608.4
19   8   -13.8   331.3   3821.6
19   9   -13.3   132.5   3832.2
19   10   -113.9   8.9   3862.0
19   11   -130.5   -415.6   3871.8
19   12   -159.2   -799.4   3876.1
19   13   89.6   12.3   3863.5
19   14   81.4   -411.8   3887.5
19   15   75.3   -796.3   3904.8
19   16   -52.9   402.8   3650.6
19   17   6.6   401.8   3636.5
19   18   -13.5   658.0   3778.6
20   0   -15.7   778.2   3773.6
20   1   -13.6   576.2   3789.2
20   2   -166.8   568.2   3794.4
20   3   -245.3   306.2   3779.9
20   4   -8.2   420.9   3625.9
20   5   139.5   567.1   3791.0
20   6   190.7   298.5   3775.7
20   7   -31.5   422.4   3607.2
20   8   -13.9   331.3   3820.8
20   9   -13.3   132.2   3831.2
20   10   -113.9   8.9   3861.3
20   11   -130.4   -415.1   3871.3
20   12   -159.2   -798.9   3876.4
20   13   89.5   12.5   3863.1
20   14   81.7   -411.4   3884.4
20   15   75.7   -795.8   3903.4
20   16   -47.7   401.8   3651.6
20   17   5.5   401.8   3635.3
20   18   -13.5   658.0   3778.6
21   0   -15.7   778.2   3773.6
21   1   -13.6   576.2   3789.0
21   2   -166.8   568.2   3794.3
21   3   -245.1   307.2   3768.9
21   4   0.4   421.7   3625.8
21   5   139.4   567.1   3791.1
21   6   193.2   299.2   3773.3
21   7   -32.8   421.4   3606.0
21   8   -13.9   331.3   3820.2
21   9   -13.4   132.0   3830.2
21   10   -113.8   8.9   3860.6
21   11   -130.3   -414.7   3871.2
21   12   -159.1   -798.6   3876.4
21   13   89.4   12.8   3862.6
21   14   81.8   -410.8   3883.3
21   15   75.8   -795.3   3899.6
21   16   -40.5   402.6   3649.7
21   17   4.8   401.0   3633.9
21   18   -13.5   658.0   3778.6
22   0   -15.7   778.2   3773.6
22   1   -13.6   576.1   3788.9
22   2   -166.8   568.2   3794.2
22   3   -245.8   309.6   3753.1
22   4   5.3   426.7   3623.7
22   5   139.4   567.1   3791.1
22   6   199.2   302.1   3759.6
22   7   -35.7   422.7   3605.4
22   8   -14.0   331.4   3819.7
22   9   -13.4   131.7   3829.2
22   10   -113.8   8.9   3859.6
22   11   -130.3   -414.4   3871.1
22   12   -159.0   -798.3   3876.4
22   13   89.5   13.1   3861.7
22   14   81.9   -410.2   3882.7
22   15   75.8   -794.8   3897.8
22   16   -36.6   407.2   3645.2
22   17   3.5   402.6   3631.1
22   18   -13.5   658.0   3778.6
23   0   -15.7   778.2   3773.6
23   1   -13.7   576.1   3788.8
23   2   -166.8   568.2   3794.2
23   3   -250.3   313.0   3741.9
23   4   -9.4   450.4   3616.8
23   5   139.5   567.2   3791.1
23   6   220.5   313.9   3733.9
23   7   -31.3   426.4   3606.6
23   8   -14.1   331.4   3819.3
23   9   -13.5   131.4   3828.5
23   10   -113.9   8.9   3858.4
23   11   -130.4   -414.8   3871.2
23   12   -159.0   -798.7   3876.4
23   13   89.7   13.4   3860.7
23   14   82.2   -410.3   3882.0
23   15   75.8   -794.8   3897.4
23   16   -49.6   427.5   3637.6
23   17   10.6   407.6   3627.8
23   18   -13.5   658.0   3778.6
24   0   -15.7   778.2   3773.6
24   1   -13.7   576.1   3788.8
24   2   -167.1   568.7   3794.3
24   3   -272.6   326.5   3726.7
24   4   -32.1   476.1   3617.8
24   5   139.6   567.4   3791.1
24   6   256.9   336.7   3712.1
24   7   -2.0   451.9   3603.7
24   8   -14.2   331.4   3819.1
24   9   -13.5   131.2   3828.0
24   10   -113.7   9.9   3856.6
24   11   -130.3   -416.2   3871.3
24   12   -159.1   -800.0   3875.9
24   13   89.6   14.7   3859.3
24   14   82.4   -411.3   3881.9
24   15   75.8   -795.9   3897.7
24   16   -72.2   451.1   3636.0
24   17   41.1   432.7   3621.8
24   18   -13.5   658.0   3778.6
25   0   -15.6   778.2   3773.6
25   1   -13.7   576.1   3788.8
25   2   -168.8   571.7   3794.7
25   3   -315.8   368.8   3698.6
25   4   -56.1   499.8   3621.7
25   5   140.0   567.9   3791.1
25   6   296.8   376.1   3685.9
25   7   30.4   498.1   3612.4
25   8   -14.2   329.1   3819.4
25   9   -13.6   128.9   3827.7
25   10   -113.1   13.3   3853.7
25   11   -130.1   -413.9   3871.2
25   12   -158.9   -797.8   3874.8
25   13   89.2   18.5   3856.6
25   14   82.1   -408.5   3883.7
25   15   76.2   -793.1   3897.2
25   16   -99.4   477.9   3634.5
25   17   74.8   477.8   3624.7
25   18   -13.5   658.0   3778.6
26   0   -15.6   778.2   3773.8
26   1   -13.7   576.2   3789.0
26   2   -170.5   574.9   3795.1
26   3   -363.7   427.6   3686.0
26   4   -86.7   525.0   3626.0
26   5   141.6   570.9   3790.8
26   6   327.5   429.0   3657.1
26   7   50.3   541.0   3623.2
26   8   -14.3   326.4   3820.6
26   9   -13.6   126.2   3827.8
26   10   -112.2   18.0   3851.2
26   11   -130.1   -411.2   3871.1
26   12   -158.6   -795.1   3872.6
26   13   89.0   24.2   3854.5
26   14   82.1   -404.8   3884.8
26   15   76.5   -789.5   3897.0
26   16   -132.8   508.8   3636.0
26   17   96.5   522.3   3628.9
26   18   -13.5   658.0   3778.6
27   0   -15.6   778.3   3774.0
27   1   -13.7   576.3   3789.3
27   2   -172.3   578.9   3795.6
27   3   -393.2   483.9   3673.5
27   4   -114.3   585.0   3622.6
27   5   142.7   573.1   3790.5
27   6   355.0   480.9   3648.1
27   7   70.3   578.0   3626.5
27   8   -14.3   324.4   3822.3
27   9   -13.6   124.0   3828.0
27   10   -112.3   25.3   3848.1
27   11   -129.9   -406.2   3870.8
27   12   -158.2   -790.1   3871.6
27   13   88.1   30.3   3852.6
27   14   82.0   -400.8   3885.3
27   15   76.3   -785.6   3897.0
27   16   -160.8   568.2   3631.1
27   17   117.7   561.8   3630.1
27   18   -13.5   658.1   3778.6
28   0   -14.9   778.5   3774.7
28   1   -13.6   576.5   3790.0
28   2   -174.6   584.8   3797.8
28   3   -412.9   545.0   3671.9
28   4   -133.1   636.6   3609.1
28   5   145.7   579.1   3790.1
28   6   375.2   527.7   3648.6
28   7   91.6   623.4   3613.5
28   8   -13.8   322.9   3825.4
28   9   -13.2   122.2   3828.2
28   10   -113.2   32.6   3846.1
28   11   -129.9   -400.9   3869.8
28   12   -157.7   -784.9   3871.3
28   13   87.5   34.8   3850.8
28   14   81.9   -398.3   3885.8
28   15   76.3   -783.0   3897.1
28   16   -179.7   621.3   3619.6
28   17   138.9   607.5   3619.4
28   18   -13.5   658.2   3778.6
29   0   -13.8   779.7   3775.6
29   1   -13.4   577.9   3790.9
29   2   -175.6   590.4   3804.2
29   3   -417.8   607.7   3677.7
29   4   -154.7   691.7   3567.1
29   5   149.7   589.5   3789.8
29   6   389.1   585.7   3654.7
29   7   128.0   687.2   3561.1
29   8   -13.0   322.8   3829.4
29   9   -12.7   121.5   3828.3
29   10   -112.8   36.3   3844.9
29   11   -129.7   -399.1   3869.1
29   12   -157.6   -783.0   3871.3
29   13   86.9   37.1   3850.2
29   14   82.0   -398.0   3884.6
29   15   76.5   -782.6   3899.5
29   16   -198.6   677.7   3585.6
29   17   171.5   670.2   3576.7
29   18   -13.5   659.4   3778.6
30   0   -12.6   783.0   3775.6
30   1   -13.1   581.3   3791.7
30   2   -176.3   597.9   3810.2
30   3   -418.1   654.8   3689.4
30   4   -215.6   748.1   3506.6
30   5   152.6   599.7   3789.6
30   6   394.4   638.6   3663.7
30   7   198.7   758.4   3493.4
30   8   -12.0   325.0   3833.0
30   9   -12.1   122.7   3828.4
30   10   -111.6   38.0   3845.2
30   11   -129.5   -399.3   3869.0
30   12   -157.6   -783.2   3871.3
30   13   86.6   38.3   3850.4
30   14   82.0   -398.6   3884.8
30   15   76.6   -783.0   3903.7
30   16   -249.2   732.5   3537.0
30   17   231.2   738.4   3521.8
30   18   -13.5   662.7   3778.6
31   0   -11.7   788.1   3774.6
31   1   -12.9   586.5   3792.2
31   2   -177.2   608.1   3814.4
31   3   -420.9   696.3   3718.7
31   4   -288.7   804.7   3484.8
31   5   154.2   609.1   3789.0
31   6   392.9   678.5   3668.6
31   7   281.4   828.3   3451.5
31   8   -11.0   329.3   3835.2
31   9   -11.5   125.5   3828.5
31   10   -110.0   38.2   3846.1
31   11   -129.2   -400.4   3869.2
31   12   -157.8   -784.2   3871.3
31   13   86.6   38.9   3850.8
31   14   81.9   -399.3   3885.4
31   15   76.4   -783.7   3905.6
31   16   -310.6   786.5   3523.8
31   17   299.9   803.2   3487.7
31   18   -13.5   667.8   3778.6
32   0   -11.0   795.0   3773.2
32   1   -12.6   593.5   3791.6
32   2   -177.8   620.0   3817.8
32   3   -416.7   734.6   3738.8
32   4   -348.2   876.9   3487.2
32   5   156.2   622.2   3782.6
32   6   388.8   721.2   3671.7
32   7   339.5   883.3   3426.2
32   8   -9.9   336.1   3836.2
32   9   -10.8   130.4   3828.6
32   10   -108.6   40.4   3846.5
32   11   -128.7   -399.2   3869.1
32   12   -157.8   -783.0   3871.3
32   13   86.3   40.8   3851.2
32   14   81.9   -398.4   3885.8
32   15   76.2   -782.9   3905.4
32   16   -359.6   853.2   3529.1
32   17   347.7   856.3   3467.1
32   18   -13.5   674.8   3777.6
33   0   -10.3   803.2   3771.6
33   1   -12.4   601.8   3790.0
33   2   -179.2   638.0   3819.4
33   3   -408.1   772.0   3741.7
33   4   -400.0   967.6   3517.3
33   5   156.4   632.7   3770.5
33   6   375.5   767.0   3672.8
33   7   391.7   952.0   3433.3
33   8   -8.9   344.9   3836.7
33   9   -10.2   137.2   3828.6
33   10   -108.0   45.9   3846.8
33   11   -128.3   -394.9   3869.0
33   12   -157.4   -778.7   3871.5
33   13   85.7   45.0   3851.6
33   14   81.9   -395.6   3885.6
33   15   76.0   -780.0   3905.0
33   16   -401.4   935.0   3554.7
33   17   389.1   921.2   3473.2
33   18   -13.5   683.0   3775.2
34   0   -9.4   811.5   3770.3
34   1   -12.1   610.3   3787.8
34   2   -178.8   648.6   3819.3
34   3   -393.1   801.1   3736.7
34   4   -440.8   1031.1   3544.8
34   5   157.5   646.5   3762.2
34   6   363.3   806.4   3674.2
34   7   427.0   1022.9   3467.5
34   8   -7.9   354.4   3836.9
34   9   -9.8   144.9   3828.5
34   10   -109.3   55.3   3847.2
34   11   -127.8   -382.6   3868.5
34   12   -156.4   -766.4   3871.6
34   13   86.3   52.7   3851.9
34   14   82.0   -384.9   3884.9
34   15   75.9   -769.3   3904.5
34   16   -433.0   992.8   3576.8
34   17   416.5   986.9   3501.9
34   18   -13.5   691.3   3772.2
35   0   -8.4   822.6   3769.2
35   1   -11.9   621.3   3784.4
35   2   -179.6   667.6   3817.8
35   3   -377.4   832.0   3721.0
35   4   -475.3   1084.4   3572.6
35   5   158.0   661.0   3758.4
35   6   351.4   838.2   3674.7
35   7   452.0   1075.6   3500.7
35   8   -7.2   364.7   3832.4
35   9   -9.6   155.4   3828.0
35   10   -108.6   60.9   3847.0
35   11   -127.3   -372.4   3867.9
35   12   -155.6   -756.3   3871.7
35   13   86.9   59.3   3851.6
35   14   82.1   -373.7   3884.2
35   15   76.0   -758.1   3903.9
35   16   -459.1   1042.3   3597.3
35   17   435.3   1036.1   3529.7
35   18   -13.4   702.4   3769.2
36   0   -7.4   835.2   3766.1
36   1   -11.8   633.8   3779.6
36   2   -179.6   678.0   3810.1
36   3   -362.2   858.6   3713.4
36   4   -497.3   1119.7   3606.8
36   5   158.7   678.4   3756.2
36   6   344.8   862.6   3670.7
36   7   466.9   1114.2   3529.1
36   8   -6.8   377.9   3823.8
36   9   -9.4   169.9   3826.5
36   10   -107.9   65.3   3846.4
36   11   -127.1   -367.6   3867.6
36   12   -155.2   -751.6   3871.6
36   13   87.9   65.6   3851.1
36   14   82.1   -366.9   3884.4
36   15   76.1   -751.3   3903.5
36   16   -474.8   1076.2   3624.5
36   17   446.6   1072.3   3552.7
36   18   -13.3   715.1   3765.5
37   0   -6.7   847.7   3758.5
37   1   -11.7   646.1   3774.2
37   2   -179.6   688.9   3801.5
37   3   -359.0   878.0   3716.4
37   4   -505.1   1146.5   3636.1
37   5   157.6   687.9   3754.7
37   6   335.3   879.7   3669.3
37   7   471.6   1138.5   3552.3
37   8   -6.9   391.5   3813.8
37   9   -9.4   185.3   3824.2
37   10   -107.7   68.6   3845.9
37   11   -126.9   -361.7   3867.2
37   12   -154.7   -745.6   3871.3
37   13   88.4   69.8   3850.1
37   14   82.2   -360.0   3883.6
37   15   76.4   -744.5   3902.8
37   16   -480.7   1101.7   3649.5
37   17   448.9   1095.3   3571.8
37   18   -13.2   727.6   3761.5
38   0   -6.2   857.7   3746.8
38   1   -11.6   656.7   3769.8
38   2   -177.6   692.1   3794.7
38   3   -358.2   886.0   3724.7
38   4   -505.7   1156.8   3652.3
38   5   156.8   696.7   3753.6
38   6   329.5   893.1   3669.6
38   7   473.6   1157.3   3575.5
38   8   -7.1   403.7   3805.9
38   9   -9.4   199.2   3821.8
38   10   -107.7   72.8   3845.5
38   11   -126.7   -353.9   3866.8
38   12   -154.2   -737.9   3871.2
38   13   88.7   74.4   3848.9
38   14   82.3   -351.9   3882.5
38   15   76.7   -736.4   3901.9
38   16   -481.1   1111.7   3664.4
38   17   449.6   1113.3   3591.2
38   18   -13.1   738.3   3758.1
39   0   -6.0   864.1   3732.0
39   1   -11.6   664.8   3766.0
39   2   -175.8   693.8   3788.3
39   3   -358.8   889.3   3729.9
39   4   -503.5   1160.4   3657.5
39   5   155.1   699.8   3752.3
39   6   326.0   898.5   3671.0
39   7   471.7   1167.2   3595.4
39   8   -7.4   413.5   3800.5
39   9   -9.5   210.4   3819.4
39   10   -107.1   75.4   3845.1
39   11   -126.4   -347.9   3866.5
39   12   -153.8   -731.9   3871.1
39   13   89.3   78.0   3846.8
39   14   82.3   -344.8   3881.0
39   15   76.8   -729.2   3901.4
39   16   -479.4   1115.2   3669.6
39   17   447.4   1122.4   3608.0
39   18   -12.9   746.6   3754.8
40   0   -5.8   867.7   3723.4
40   1   -11.5   669.6   3763.6
40   2   -174.0   694.3   3785.8
40   3   -359.0   888.9   3730.9
40   4   -498.2   1160.7   3658.7
40   5   153.4   699.4   3751.8
40   6   324.6   898.5   3673.2
40   7   468.2   1167.7   3600.4
40   8   -7.6   419.8   3797.6
40   9   -9.6   217.6   3817.5
40   10   -107.0   76.1   3844.9
40   11   -126.3   -344.1   3866.7
40   12   -153.5   -728.0   3871.1
40   13   88.7   78.3   3845.7
40   14   82.3   -341.5   3880.2
40   15   76.9   -725.8   3901.9
40   16   -475.0   1115.4   3670.7
40   17   444.2   1122.9   3612.6
40   18   -12.8   751.3   3752.4
41   0   -5.7   868.6   3720.4
41   1   -11.5   670.7   3762.2
41   2   -172.2   691.7   3784.7
41   3   -358.5   885.5   3731.7
41   4   -493.2   1156.7   3657.4
41   5   151.9   696.1   3751.7
41   6   324.3   895.8   3677.8
41   7   464.5   1162.8   3598.8
41   8   -7.8   422.1   3796.4
41   9   -9.6   220.7   3816.1
41   10   -107.2   75.9   3844.8
41   11   -126.1   -341.8   3867.3
41   12   -153.3   -725.8   3871.1
41   13   87.9   77.0   3845.2
41   14   82.3   -340.2   3879.7
41   15   76.8   -724.5   3903.1
41   16   -470.7   1111.5   3669.7
41   17   441.1   1118.3   3612.0
41   18   -12.7   752.4   3750.9
42   0   -5.7   868.3   3722.9
42   1   -11.4   669.6   3761.6
42   2   -169.5   685.1   3784.5
42   3   -355.9   879.1   3732.7
42   4   -489.2   1149.0   3656.2
42   5   150.3   690.8   3751.7
42   6   323.9   891.3   3683.5
42   7   460.3   1155.1   3593.4
42   8   -7.8   422.1   3795.9
42   9   -9.6   221.1   3814.7
42   10   -108.0   73.8   3844.7
42   11   -126.2   -341.9   3867.5
42   12   -153.2   -725.9   3871.0
42   13   86.8   72.8   3844.7
42   14   82.3   -342.4   3879.7
42   15   76.7   -726.6   3903.6
42   16   -467.0   1104.0   3669.0
42   17   437.5   1111.1   3608.4
42   18   -12.6   751.3   3750.2
43   0   -5.7   866.5   3728.6
43   1   -11.3   666.7   3761.2
43   2   -166.9   677.0   3784.5
43   3   -351.7   872.8   3733.8
43   4   -486.4   1140.1   3653.9
43   5   149.7   686.0   3751.7
43   6   324.4   886.8   3687.2
43   7   457.3   1148.7   3588.9
43   8   -7.9   419.9   3795.3
43   9   -9.6   219.3   3813.3
43   10   -108.5   69.7   3844.7
43   11   -126.3   -348.3   3867.9
43   12   -153.6   -732.3   3871.0
43   13   84.2   65.4   3843.9
43   14   82.0   -352.1   3880.0
43   15   76.5   -736.3   3904.0
43   16   -464.0   1095.6   3667.2
43   17   435.1   1105.1   3605.3
43   18   -12.4   748.4   3750.0
44   0   -5.9   863.9   3743.4
44   1   -11.2   662.9   3761.2
44   2   -166.2   672.5   3785.1
44   3   -350.1   868.8   3733.3
44   4   -486.4   1134.1   3648.4
44   5   149.8   682.7   3753.0
44   6   325.3   882.4   3687.6
44   7   456.4   1143.3   3583.0
44   8   -7.9   416.6   3794.6
44   9   -9.7   214.1   3811.9
44   10   -109.0   61.8   3844.7
44   11   -126.8   -359.5   3868.7
44   12   -154.4   -743.4   3871.0
44   13   84.6   57.5   3844.0
44   14   82.0   -363.2   3880.9
44   15   76.3   -747.4   3904.7
44   16   -463.7   1089.9   3662.6
44   17   434.6   1099.8   3600.4
44   18   -12.3   744.6   3750.1
45   0   -6.1   859.9   3762.0
45   1   -11.1   659.5   3761.5
45   2   -166.4   670.7   3785.7
45   3   -350.4   866.3   3731.7
45   4   -489.5   1130.7   3644.8
45   5   150.1   681.1   3756.5
45   6   326.5   878.1   3685.4
45   7   457.7   1135.9   3570.8
45   8   -7.9   413.6   3794.2
45   9   -9.7   208.5   3810.8
45   10   -111.7   58.7   3845.3
45   11   -127.3   -365.8   3869.4
45   12   -154.8   -749.8   3871.0
45   13   87.4   54.3   3844.7
45   14   82.0   -369.6   3881.6
45   15   76.1   -753.8   3905.1
45   16   -466.3   1086.7   3659.2
45   17   435.8   1092.9   3589.9
45   18   -12.2   741.3   3750.6
46   0   -6.4   856.2   3776.6
46   1   -11.0   657.1   3762.7
46   2   -166.9   670.3   3786.2
46   3   -352.8   863.0   3728.8
46   4   -492.8   1128.9   3640.2
46   5   150.5   680.7   3759.9
46   6   327.5   874.5   3682.1
46   7   459.1   1132.1   3561.7
46   8   -7.8   411.4   3794.3
46   9   -9.7   205.7   3809.9
46   10   -112.5   56.8   3845.3
46   11   -127.6   -371.6   3869.8
46   12   -155.5   -755.6   3870.9
46   13   89.5   53.8   3845.2
46   14   82.1   -373.9   3881.6
46   15   75.9   -758.1   3905.3
46   16   -469.4   1084.6   3655.0
46   17   437.2   1089.1   3581.8
46   18   -12.0   738.9   3752.2
47   0   -6.5   854.9   3782.1
47   1   -10.9   655.8   3764.8
47   2   -167.5   671.0   3786.6
47   3   -355.2   860.7   3725.1
47   4   -495.5   1129.4   3637.8
47   5   150.6   681.0   3763.0
47   6   328.0   871.9   3679.0
47   7   459.4   1130.6   3555.2
47   8   -7.8   410.2   3794.8
47   9   -9.7   205.0   3809.2
47   10   -112.7   56.5   3844.9
47   11   -127.7   -371.3   3869.6
47   12   -155.5   -755.2   3870.6
47   13   91.0   55.5   3845.5
47   14   82.3   -371.7   3881.2
47   15   75.8   -755.9   3905.2
47   16   -472.1   1084.6   3652.3
47   17   437.5   1087.5   3575.8
47   18   -11.9   737.7   3754.8
48   0   -6.6   855.6   3777.7
48   1   -10.7   655.2   3767.6
48   2   -168.0   672.5   3788.5
48   3   -356.8   859.1   3721.5
48   4   -497.9   1130.2   3636.6
48   5   150.8   682.0   3765.4
48   6   328.2   870.7   3676.7
48   7   459.9   1131.3   3552.6
48   8   -7.7   409.5   3795.7
48   9   -9.7   205.2   3809.0
48   10   -112.4   56.8   3844.3
48   11   -127.6   -368.5   3869.2
48   12   -155.4   -752.5   3870.4
48   13   91.4   56.8   3845.5
48   14   82.4   -368.0   3880.9
48   15   75.7   -752.1   3904.9
48   16   -474.4   1085.0   3650.7
48   17   438.0   1087.8   3573.2
48   18   -11.7   737.1   3758.3
49   0   -6.7   856.5   3768.8
49   1   -10.6   654.9   3771.0
49   2   -168.3   675.1   3792.5
49   3   -358.4   856.9   3716.5
49   4   -499.7   1130.6   3636.6
49   5   150.9   683.5   3767.5
49   6   328.2   869.9   3673.5
49   7   460.5   1132.8   3552.2
49   8   -7.6   409.3   3796.9
49   9   -9.7   205.9   3809.4
49   10   -111.8   57.8   3843.4
49   11   -127.6   -368.6   3869.0
49   12   -155.4   -752.5   3869.8
49   13   90.8   58.2   3845.1
49   14   82.3   -367.7   3881.0
49   15   75.5   -751.8   3904.8
49   16   -476.1   1085.0   3649.9
49   17   438.5   1089.0   3572.4
49   18   -11.6   737.0   3762.4
50   0   -6.8   856.5   3760.3
50   1   -10.5   654.9   3774.3
50   2   -168.5   678.5   3797.8
50   3   -358.8   855.2   3711.1
50   4   -500.8   1131.0   3637.5
50   5   151.0   685.1   3768.1
50   6   328.7   869.2   3670.5
50   7   460.6   1134.4   3552.2
50   8   -7.5   406.9   3799.1
50   9   -9.8   204.3   3810.2
50   10   -111.0   59.2   3842.3
50   11   -127.5   -370.1   3869.0
50   12   -155.5   -754.0   3869.6
50   13   89.9   59.7   3844.6
50   14   82.2   -369.1   3881.1
50   15   75.2   -753.3   3904.8
50   16   -477.2   1085.1   3649.8
50   17   438.6   1090.2   3571.9
50   18   -11.5   737.0   3766.1
51   0   -7.0   856.2   3754.4
51   1   -10.3   655.0   3777.1
51   2   -168.7   681.0   3800.4
51   3   -358.7   854.0   3705.9
51   4   -502.0   1130.8   3638.0
51   5   150.9   686.1   3768.1
51   6   329.3   868.9   3669.2
51   7   460.2   1134.9   3551.3
51   8   -7.4   403.8   3802.1
51   9   -9.9   201.8   3811.2
51   10   -110.8   59.6   3841.4
51   11   -127.5   -368.6   3868.8
51   12   -155.4   -752.6   3869.6
51   13   89.5   60.2   3844.4
51   14   82.2   -367.6   3880.8
51   15   75.0   -751.8   3904.8
51   16   -478.2   1084.7   3649.3
51   17   438.3   1090.6   3570.9
51   18   -11.3   737.0   3768.9
52   0   -7.1   855.9   3751.1
52   1   -10.2   655.1   3779.3
52   2   -168.4   681.6   3800.7
52   3   -357.8   852.8   3701.5
52   4   -503.0   1129.1   3637.4
52   5   150.6   686.5   3767.9
52   6   329.6   868.5   3668.6
52   7   459.1   1133.7   3548.8
52   8   -7.3   400.8   3806.3
52   9   -9.9   199.3   3812.4
52   10   -110.8   59.7   3840.7
52   11   -127.4   -365.8   3868.6
52   12   -155.2   -749.8   3869.8
52   13   89.4   60.5   3844.4
52   14   82.2   -364.6   3880.4
52   15   74.7   -748.8   3904.7
52   16   -478.8   1083.0   3648.1
52   17   437.5   1089.5   3568.8
52   18   -11.2   737.1   3770.6
53   0   -7.3   855.5   3749.3
53   1   -10.1   655.2   3781.2
53   2   -168.0   681.9   3800.7
53   3   -357.3   852.1   3699.4
53   4   -503.5   1126.6   3633.7
53   5   150.3   686.9   3767.9
53   6   329.8   868.1   3668.1
53   7   457.7   1131.5   3544.6
53   8   -7.3   401.0   3811.1
53   9   -10.0   199.8   3813.6
53   10   -110.9   59.6   3840.5
53   11   -127.4   -362.8   3868.4
53   12   -155.0   -746.7   3870.1
53   13   89.4   60.5   3844.3
53   14   82.3   -361.5   3880.0
53   15   74.4   -745.6   3904.4
53   16   -479.2   1080.8   3644.6
53   17   436.4   1087.6   3565.2
53   18   -11.0   737.1   3771.6
54   0   -7.5   855.3   3748.7
54   1   -10.0   655.3   3782.6
54   2   -167.6   682.2   3800.6
54   3   -357.0   851.6   3698.4
54   4   -503.3   1124.3   3628.4
54   5   150.3   688.1   3767.8
54   6   330.5   868.2   3667.2
54   7   456.1   1129.1   3537.8
54   8   -7.3   402.4   3814.8
54   9   -10.0   201.5   3814.8
54   10   -111.0   59.9   3840.5
54   11   -127.4   -359.7   3868.2
54   12   -154.7   -743.6   3870.5
54   13   89.3   60.7   3844.3
54   14   82.3   -358.5   3879.7
54   15   74.3   -742.6   3903.8
54   16   -478.9   1078.8   3640.1
54   17   435.1   1085.7   3559.4
54   18   -10.8   737.2   3772.2
55   0   -7.7   855.3   3748.8
55   1   -9.8   655.4   3783.5
55   2   -167.1   682.3   3800.6
55   3   -356.8   851.4   3698.4
55   4   -502.8   1122.1   3622.6
55   5   150.5   689.5   3767.7
55   6   331.2   868.5   3666.1
55   7   454.2   1126.3   3529.2
55   8   -7.3   404.2   3817.2
55   9   -10.1   203.5   3815.9
55   10   -111.1   59.9   3840.6
55   11   -127.5   -357.2   3868.1
55   12   -154.5   -741.2   3871.1
55   13   89.2   60.8   3844.3
55   14   82.3   -356.0   3879.5
55   15   74.3   -740.1   3903.3
55   16   -478.5   1076.9   3635.2
55   17   433.7   1083.3   3552.1
55   18   -10.6   737.2   3772.5
56   0   -7.9   855.3   3749.1
56   1   -9.7   655.5   3783.9
56   2   -166.6   682.4   3800.5
56   3   -356.7   851.1   3698.5
56   4   -502.1   1119.8   3615.3
56   5   150.6   690.1   3767.7
56   6   331.3   868.5   3665.0
56   7   453.4   1124.7   3524.5
56   8   -7.3   405.8   3818.4
56   9   -10.2   205.3   3816.8
56   10   -111.3   59.7   3840.7
56   11   -127.6   -355.4   3868.7
56   12   -154.4   -739.5   3871.8
56   13   89.2   60.7   3844.4
56   14   82.4   -354.2   3879.4
56   15   74.4   -738.3   3903.0
56   16   -477.9   1075.0   3629.2
56   17   433.0   1082.0   3547.9
56   18   -10.4   737.2   3772.6
57   0   -8.1   855.3   3749.4
57   1   -9.5   655.5   3783.9
57   2   -166.2   682.5   3800.4
57   3   -356.6   850.9   3698.5
57   4   -501.3   1118.2   3609.0
57   5   150.7   690.5   3767.7
57   6   331.2   868.3   3663.8
57   7   452.6   1123.1   3519.8
57   8   -7.3   407.1   3818.9
57   9   -10.3   206.8   3817.6
57   10   -111.5   59.4   3840.9
57   11   -128.6   -357.9   3869.3
57   12   -154.4   -742.0   3872.1
57   13   89.4   60.5   3844.5
57   14   82.3   -356.6   3879.5
57   15   74.7   -740.7   3902.9
57   16   -477.2   1073.7   3623.9
57   17   432.4   1080.7   3543.8
57   18   -10.2   737.2   3772.4
58   0   -8.3   855.4   3749.7
58   1   -9.4   655.5   3783.9
58   2   -165.7   682.6   3800.2
58   3   -356.5   850.7   3698.4
58   4   -500.9   1117.6   3606.4
58   5   150.7   690.5   3767.7
58   6   330.8   867.9   3662.4
58   7   452.0   1122.0   3516.1
58   8   -7.3   408.2   3819.0
58   9   -10.3   208.0   3818.4
58   10   -111.7   59.2   3841.1
58   11   -129.9   -361.3   3869.6
58   12   -154.4   -745.4   3871.9
58   13   89.7   60.5   3844.6
58   14   82.3   -359.8   3879.7
58   15   75.2   -744.1   3902.2
58   16   -476.9   1073.1   3621.7
58   17   431.8   1079.6   3540.5
58   18   -10.0   737.2   3772.3
59   0   -8.5   855.5   3750.0
59   1   -9.2   655.6   3783.8
59   2   -165.4   682.7   3800.1
59   3   -356.4   850.4   3698.1
59   4   -500.8   1117.3   3604.9
59   5   150.7   690.5   3767.7
59   6   330.1   867.1   3660.0
59   7   451.2   1120.0   3510.9
59   8   -7.3   409.0   3819.0
59   9   -10.4   208.9   3819.1
59   10   -111.9   59.1   3841.3
59   11   -130.5   -363.7   3869.7
59   12   -154.5   -747.9   3871.4
59   13   89.9   60.5   3844.7
59   14   82.3   -362.2   3879.4
59   15   75.4   -746.4   3902.2
59   16   -476.7   1072.8   3620.4
59   17   431.0   1077.8   3535.8
59   18   -9.8   737.2   3772.1
60   0   -8.6   855.6   3750.2
60   1   -9.0   655.6   3783.6
60   2   -165.0   682.8   3800.1
60   3   -356.2   850.0   3697.7
60   4   -500.7   1117.2   3604.1
60   5   150.7   690.3   3767.7
60   6   329.4   866.2   3657.5
60   7   451.3   1119.6   3509.4
60   8   -7.3   409.6   3818.9
60   9   -10.4   209.6   3819.7
60   10   -112.1   59.0   3841.6
60   11   -130.7   -365.4   3869.8
60   12   -154.7   -749.6   3870.8
60   13   90.2   60.6   3844.8
60   14   82.4   -363.8   3878.3
60   15   75.4   -747.9   3902.3
60   16   -476.6   1072.7   3619.7
60   17   431.0   1077.4   3534.1
60   18   -9.6   737.2   3771.9
61   0   -8.8   855.7   3750.3
61   1   -8.9   655.6   3783.5
61   2   -164.7   682.9   3800.0
61   3   -356.0   849.7   3697.1
61   4   -500.5   1116.9   3602.4
61   5   150.8   690.2   3767.7
61   6   328.1   864.7   3653.4
61   7   452.2   1120.5   3510.6
61   8   -7.3   410.1   3818.8
61   9   -10.5   210.1   3820.3
61   10   -112.3   58.9   3841.8
61   11   -130.8   -367.3   3870.0
61   12   -154.8   -751.5   3870.7
61   13   90.4   60.6   3844.9
61   14   82.4   -365.5   3877.7
61   15   75.4   -749.6   3902.4
61   16   -476.4   1072.3   3618.2
61   17   431.5   1077.8   3534.4
61   18   -9.4   737.3   3771.7
62   0   -9.0   855.7   3750.5
62   1   -8.7   655.6   3783.3
62   2   -164.5   682.9   3800.0
62   3   -355.7   849.3   3696.1
62   4   -500.3   1116.4   3600.4
62   5   150.8   690.0   3767.7
62   6   327.0   863.3   3649.7
62   7   453.1   1121.4   3512.4
62   8   -7.3   410.5   3818.7
62   9   -10.5   210.6   3821.0
62   10   -112.4   58.7   3842.2
62   11   -130.7   -366.1   3869.9
62   12   -154.7   -750.3   3870.6
62   13   90.5   60.5   3845.1
62   14   82.7   -364.3   3878.3
62   15   75.4   -748.4   3902.6
62   16   -476.2   1071.9   3616.4
62   17   432.1   1078.4   3535.3
62   18   -9.2   737.3   3771.5
63   0   -9.2   855.8   3750.6
63   1   -8.5   655.6   3783.2
63   2   -164.2   682.9   3799.9
63   3   -355.2   848.8   3695.0
63   4   -499.9   1115.3   3596.2
63   5   150.9   689.6   3767.6
63   6   325.9   861.4   3645.6
63   7   453.9   1122.4   3514.6
63   8   -7.2   410.8   3818.6
63   9   -10.6   210.9   3821.6
63   10   -112.6   58.6   3842.4
63   11   -130.5   -363.8   3869.7
63   12   -154.6   -748.0   3870.6
63   13   90.6   60.4   3845.3
63   14   83.1   -361.7   3880.4
63   15   75.3   -745.9   3902.8
63   16   -475.7   1070.9   3612.7
63   17   432.5   1078.9   3536.4
63   18   -9.0   737.3   3771.3
64   0   -9.4   855.9   3750.8
64   1   -8.3   655.6   3783.0
64   2   -163.9   682.8   3799.8
64   3   -354.6   848.3   3693.8
64   4   -499.3   1113.8   3590.9
64   5   151.1   689.2   3767.6
64   6   325.1   859.6   3642.4
64   7   454.3   1123.1   3516.2
64   8   -7.2   411.0   3818.5
64   9   -10.6   211.2   3822.2
64   10   -112.6   58.6   3843.6
64   11   -130.3   -361.2   3869.5
64   12   -154.4   -745.4   3870.5
64   13   90.7   60.3   3845.7
64   14   83.3   -359.0   3881.8
64   15   75.4   -743.3   3902.7
64   16   -475.2   1069.6   3608.0
64   17   432.8   1079.2   3537.2
64   18   -8.7   737.3   3771.1
65   0   -9.6   855.9   3751.0
65   1   -8.1   655.6   3782.8
65   2   -163.4   682.1   3799.7
65   3   -353.5   847.4   3692.4
65   4   -499.2   1112.9   3589.0
65   5   151.3   688.5   3767.6
65   6   324.9   858.3   3641.0
65   7   453.9   1123.3   3516.5
65   8   -7.2   411.2   3818.5
65   9   -10.6   211.4   3822.9
65   10   -112.3   58.4   3845.6
65   11   -130.1   -359.1   3869.5
65   12   -154.3   -743.3   3870.2
65   13   90.5   60.0   3846.7
65   14   83.5   -357.0   3882.0
65   15   75.4   -741.3   3902.4
65   16   -474.9   1068.6   3606.2
65   17   432.4   1079.1   3537.2
65   18   -8.4   737.3   3770.9
66   0   -9.9   856.0   3751.1
66   1   -7.9   655.6   3782.7
66   2   -162.9   681.0   3799.6
66   3   -352.0   846.2   3690.3
66   4   -499.1   1111.8   3589.1
66   5   151.5   687.7   3767.6
66   6   324.7   857.2   3640.1
66   7   453.2   1122.7   3515.6
66   8   -7.1   411.4   3818.4
66   9   -10.6   211.6   3823.6
66   10   -112.2   58.3   3847.6
66   11   -129.9   -357.3   3869.5
66   12   -154.2   -741.5   3870.1
66   13   90.4   59.9   3848.4
66   14   83.5   -355.2   3882.5
66   15   75.4   -739.6   3902.0
66   16   -474.6   1067.5   3606.0
66   17   431.8   1078.4   3536.4
66   18   -8.1   737.3   3770.7
67   0   -9.9   856.0   3751.3
67   1   -7.9   655.7   3782.5
67   2   -162.5   679.8   3799.6
67   3   -350.5   844.8   3688.1
67   4   -499.2   1110.7   3590.2
67   5   151.4   686.7   3767.6
67   6   324.5   855.9   3639.4
67   7   452.3   1121.2   3514.1
67   8   -7.1   411.5   3818.4
67   9   -10.6   211.8   3824.2
67   10   -112.3   58.1   3848.5
67   11   -130.1   -359.2   3869.7
67   12   -154.3   -743.4   3869.8
67   13   90.3   59.9   3850.3
67   14   83.3   -356.9   3883.7
67   15   75.3   -741.3   3902.5
67   16   -474.4   1066.4   3606.5
67   17   431.0   1077.0   3535.0
67   18   -8.1   737.3   3770.5
68   0   -9.8   856.1   3751.5
68   1   -8.0   655.7   3782.3
68   2   -162.3   678.2   3799.5
68   3   -349.0   843.3   3686.0
68   4   -499.6   1108.8   3591.3
68   5   151.1   685.6   3767.6
68   6   324.5   854.0   3638.8
68   7   450.8   1119.3   3513.0
68   8   -7.2   411.6   3818.4
68   9   -10.6   212.0   3824.9
68   10   -112.3   57.8   3849.1
68   11   -129.6   -359.4   3869.5
68   12   -154.3   -743.6   3869.3
68   13   90.0   59.9   3853.4
68   14   83.5   -357.0   3884.1
68   15   75.4   -741.4   3903.7
68   16   -474.5   1064.6   3607.1
68   17   429.8   1075.1   3533.9
68   18   -8.2   737.3   3770.3
69   0   -9.7   856.2   3751.7
69   1   -8.1   655.7   3782.1
69   2   -162.0   676.5   3799.4
69   3   -348.0   842.1   3685.5
69   4   -500.7   1105.8   3591.8
69   5   150.9   684.6   3767.6
69   6   324.6   851.9   3637.9
69   7   449.1   1117.0   3511.9
69   8   -7.2   411.7   3818.3
69   9   -10.6   212.1   3825.6
69   10   -112.2   57.2   3849.6
69   11   -129.9   -363.4   3870.0
69   12   -154.5   -747.5   3869.1
69   13   89.6   59.8   3856.9
69   14   83.3   -360.6   3885.8
69   15   75.5   -745.0   3904.1
69   16   -475.2   1061.9   3607.4
69   17   428.3   1072.8   3532.9
69   18   -8.4   737.3   3770.0
70   0   -9.6   856.2   3751.8
70   1   -8.1   655.7   3782.0
70   2   -161.0   673.3   3799.2
70   3   -346.5   840.0   3686.2
70   4   -502.4   1100.5   3592.3
70   5   150.8   683.5   3767.6
70   6   324.4   851.1   3638.1
70   7   448.0   1114.5   3510.3
70   8   -7.2   411.8   3818.3
70   9   -10.6   212.2   3826.3
70   10   -112.0   56.5   3850.1
70   11   -129.7   -364.3   3870.5
70   12   -154.5   -748.5   3869.0
70   13   89.2   59.3   3859.1
70   14   83.3   -361.4   3886.1
70   15   75.6   -745.8   3904.0
70   16   -476.4   1057.1   3608.0
70   17   427.4   1070.6   3531.6
70   18   -8.4   737.3   3769.8
71   0   -9.6   856.3   3752.0
71   1   -8.2   655.7   3781.8
71   2   -160.4   671.0   3799.1
71   3   -346.1   838.1   3686.9
71   4   -506.0   1094.6   3592.3
71   5   150.6   682.5   3767.6
71   6   323.9   851.0   3638.9
71   7   447.4   1111.5   3507.5
71   8   -7.2   411.9   3818.3
71   9   -10.6   212.3   3826.8
71   10   -112.3   56.4   3850.6
71   11   -129.8   -363.0   3871.0
71   12   -154.4   -747.2   3869.0
71   13   89.5   59.2   3859.7
71   14   83.3   -360.2   3886.5
71   15   75.6   -744.7   3903.7
71   16   -479.4   1051.8   3608.0
71   17   426.8   1068.1   3529.4
71   18   -8.5   737.3   3769.6
72   0   -9.5   856.3   3752.2
72   1   -8.2   655.7   3781.6
72   2   -159.9   669.2   3799.0
72   3   -346.4   836.1   3687.7
72   4   -511.0   1088.0   3592.0
72   5   150.6   681.5   3767.6
72   6   323.3   851.3   3639.9
72   7   447.5   1109.9   3507.8
72   8   -7.2   412.0   3818.2
72   9   -10.6   212.4   3827.1
72   10   -113.1   56.9   3850.9
72   11   -129.8   -360.7   3871.4
72   12   -154.2   -744.9   3869.0
72   13   90.2   59.4   3859.2
72   14   83.3   -358.1   3886.5
72   15   75.7   -742.6   3902.8
72   16   -483.5   1046.0   3608.0
72   17   426.8   1066.8   3529.8
72   18   -8.5   737.3   3769.4
73   0   -9.5   856.4   3752.4
73   1   -8.2   655.7   3781.5
73   2   -159.9   668.6   3798.9
73   3   -347.6   834.2   3687.9
73   4   -516.2   1082.0   3591.4
73   5   150.6   680.6   3767.6
73   6   323.2   851.1   3640.7
73   7   447.9   1109.7   3511.3
73   8   -7.2   412.0   3818.2
73   9   -10.6   212.5   3827.2
73   10   -114.3   58.2   3850.9
73   11   -129.9   -357.7   3870.9
73   12   -154.1   -741.8   3869.4
73   13   91.3   60.2   3857.9
73   14   83.4   -355.4   3886.2
73   15   75.7   -740.0   3901.1
73   16   -488.1   1040.7   3607.5
73   17   427.1   1066.6   3532.9
73   18   -8.5   737.3   3769.2
74   0   -9.5   856.4   3752.6
74   1   -8.2   655.7   3781.3
74   2   -160.1   668.5   3798.9
74   3   -349.1   832.6   3687.7
74   4   -520.0   1076.0   3589.2
74   5   150.5   679.7   3767.6
74   6   323.3   850.6   3641.4
74   7   447.6   1108.1   3513.4
74   8   -7.2   412.1   3818.2
74   9   -10.6   212.6   3827.2
74   10   -114.1   57.8   3850.7
74   11   -129.7   -356.5   3870.6
74   12   -154.0   -740.6   3869.8
74   13   91.2   59.7   3856.7
74   14   83.5   -354.3   3885.7
74   15   75.8   -738.9   3899.0
74   16   -491.5   1035.4   3605.7
74   17   426.9   1065.2   3534.7
74   18   -8.5   737.2   3768.9
75   0   -9.5   856.5   3752.7
75   1   -8.2   655.7   3781.1
75   2   -160.5   668.5   3798.9
75   3   -350.8   830.8   3687.5
75   4   -519.7   1074.0   3588.8
75   5   150.5   678.8   3767.6
75   6   323.6   849.8   3642.1
75   7   447.5   1106.4   3514.6
75   8   -7.2   412.1   3818.1
75   9   -10.6   212.6   3827.2
75   10   -112.5   56.0   3850.3
75   11   -129.2   -357.0   3871.0
75   12   -154.1   -741.1   3870.1
75   13   90.5   58.2   3854.9
75   14   83.6   -354.5   3884.8
75   15   75.8   -739.2   3896.9
75   16   -491.5   1033.5   3605.3
75   17   426.8   1063.6   3535.9
75   18   -8.5   737.2   3768.7
76   0   -9.5   856.5   3752.9
76   1   -8.2   655.7   3780.9
76   2   -161.0   669.3   3799.0
76   3   -353.2   829.0   3687.0
76   4   -518.9   1073.5   3588.4
76   5   150.7   678.5   3767.6
76   6   324.5   849.0   3642.5
76   7   447.7   1105.0   3514.9
76   8   -7.2   412.2   3818.1
76   9   -10.6   212.6   3827.2
76   10   -111.8   54.9   3850.2
76   11   -128.8   -357.0   3872.2
76   12   -154.1   -741.1   3871.5
76   13   90.1   57.2   3854.2
76   14   83.7   -354.4   3884.5
76   15   75.8   -739.0   3897.7
76   16   -491.3   1032.8   3604.8
76   17   427.2   1062.3   3536.2
76   18   -8.5   737.2   3768.5
