2   0   -359.1   696.3   3530.3
2   1   -357.1   533.9   3537.5
2   2   -498.3   517.2   3525.0
2   3   -497.1   318.8   3427.7
2   4   -303.4   449.6   3364.6
2   5   -220.7   512.3   3556.5
2   6   -199.6   310.0   3470.2
2   7   -332.7   482.6   3364.8
2   8   -360.7   340.3   3582.2
2   9   -361.9   175.3   3587.1
2   10   -462.3   75.0   3602.8
2   11   -432.0   -246.6   3534.1
2   12   -411.9   -525.8   3668.9
2   13   -266.6   73.1   3618.9
2   14   -303.9   -249.5   3558.7
2   15   -295.5   -534.6   3681.6
2   16   -335.7   427.8   3375.1
2   17   -310.5   453.8   3382.4
2   18   -355.9   598.8   3522.6
3   0   -359.9   699.7   3528.7
3   1   -357.4   537.9   3537.4
3   2   -497.3   519.2   3521.2
3   3   -497.6   320.3   3425.1
3   4   -303.6   450.4   3361.7
3   5   -220.6   516.0   3551.3
3   6   -197.5   311.6   3472.7
3   7   -330.2   478.1   3359.6
3   8   -360.6   345.1   3585.7
3   9   -361.4   179.9   3590.4
3   10   -459.6   84.2   3601.4
3   11   -436.0   -239.2   3542.2
3   12   -413.1   -522.4   3665.5
3   13   -266.7   83.5   3616.5
3   14   -302.0   -240.6   3567.5
3   15   -297.8   -529.5   3678.2
3   16   -335.9   428.7   3372.2
3   17   -308.1   450.4   3378.5
3   18   -356.3   602.4   3521.3
4   0   -362.1   709.0   3524.8
4   1   -358.0   549.1   3537.6
4   2   -495.0   525.3   3515.5
4   3   -498.0   325.5   3421.2
4   4   -307.2   455.7   3354.4
4   5   -222.4   524.4   3542.0
4   6   -193.7   316.8   3476.2
4   7   -322.6   467.8   3345.7
4   8   -360.3   360.7   3596.2
4   9   -360.0   195.3   3599.2
4   10   -448.8   105.5   3600.4
4   11   -442.4   -220.9   3557.0
4   12   -415.4   -512.4   3656.6
4   13   -273.0   105.1   3612.2
4   14   -298.2   -222.1   3584.7
4   15   -298.2   -518.6   3672.1
4   16   -339.0   434.0   3365.5
4   17   -301.1   442.7   3367.4
4   18   -357.3   612.4   3517.9
5   0   -364.7   719.1   3520.2
5   1   -358.8   561.9   3537.3
5   2   -491.9   532.1   3512.2
5   3   -497.8   332.8   3416.8
5   4   -310.1   461.3   3348.1
5   5   -224.9   534.0   3531.7
5   6   -190.2   323.2   3479.7
5   7   -316.3   456.0   3332.4
5   8   -359.7   379.0   3606.2
5   9   -358.2   213.9   3608.3
5   10   -437.1   128.0   3599.0
5   11   -448.8   -201.9   3573.3
5   12   -417.7   -502.2   3644.0
5   13   -279.9   127.5   3607.2
5   14   -294.3   -203.4   3600.9
5   15   -297.7   -507.3   3665.0
5   16   -341.4   439.9   3359.5
5   17   -295.3   433.9   3357.0
5   18   -358.5   624.0   3513.8
6   0   -366.3   723.7   3517.0
6   1   -359.3   568.4   3535.6
6   2   -490.2   536.1   3510.2
6   3   -497.3   337.1   3414.3
6   4   -314.1   465.5   3344.5
6   5   -226.4   539.9   3525.2
6   6   -188.4   327.2   3481.0
6   7   -312.1   448.8   3325.0
6   8   -359.3   387.5   3607.7
6   9   -357.2   223.0   3612.2
6   10   -434.6   135.4   3596.8
6   11   -453.5   -197.4   3582.3
6   12   -418.8   -501.7   3638.4
6   13   -279.2   134.7   3603.5
6   14   -291.4   -198.7   3611.2
6   15   -297.4   -506.4   3659.4
6   16   -344.6   444.1   3356.1
6   17   -291.5   428.6   3351.0
6   18   -359.3   630.2   3510.9
7   0   -366.9   722.8   3515.3
7   1   -359.5   568.2   3533.3
7   2   -490.3   537.4   3509.4
7   3   -497.7   338.3   3413.7
7   4   -318.3   466.8   3343.2
7   5   -226.4   542.2   3522.4
7   6   -188.1   328.4   3481.7
7   7   -309.6   445.0   3322.8
7   8   -359.0   385.6   3603.7
7   9   -356.7   221.8   3611.1
7   10   -438.8   133.6   3594.4
7   11   -456.2   -201.4   3585.1
7   12   -419.8   -506.3   3636.6
7   13   -272.9   133.5   3601.1
7   14   -289.8   -201.3   3615.8
7   15   -297.9   -509.7   3658.1
7   16   -348.2   445.3   3354.9
7   17   -289.3   425.6   3349.3
7   18   -359.6   630.3   3509.4
8   0   -367.1   718.9   3514.5
8   1   -359.6   564.6   3531.4
8   2   -491.2   537.3   3509.1
8   3   -497.8   337.8   3414.2
8   4   -321.7   466.5   3342.9
8   5   -225.5   542.6   3521.5
8   6   -189.2   328.2   3481.6
8   7   -308.8   443.7   3323.0
8   8   -358.9   378.2   3599.0
8   9   -356.6   213.7   3607.3
8   10   -443.8   130.4   3592.7
8   11   -457.4   -205.9   3584.8
8   12   -420.6   -510.7   3637.9
8   13   -266.9   131.5   3600.1
8   14   -288.6   -204.0   3617.2
8   15   -298.4   -512.8   3657.9
8   16   -351.1   445.1   3354.7
8   17   -288.8   424.4   3349.4
8   18   -359.8   627.2   3508.7
9   0   -367.0   713.9   3514.3
9   1   -359.6   559.9   3530.3
9   2   -492.3   536.8   3509.0
9   3   -497.9   336.8   3415.1
9   4   -324.6   465.7   3343.0
9   5   -224.5   542.3   3521.5
9   6   -190.0   327.6   3481.6
9   7   -308.2   443.1   3324.5
9   8   -358.7   370.1   3595.9
9   9   -356.5   204.4   3603.0
9   10   -446.0   128.5   3592.0
9   11   -457.6   -208.5   3582.9
9   12   -420.7   -513.4   3640.2
9   13   -264.4   130.8   3600.2
9   14   -287.6   -205.4   3616.9
9   15   -298.5   -514.9   3658.0
9   16   -353.5   444.2   3355.0
9   17   -288.5   423.9   3350.7
9   18   -359.8   622.8   3508.5
10   0   -366.8   709.7   3514.3
10   1   -359.5   556.3   3530.0
10   2   -492.9   536.5   3509.3
10   3   -498.5   336.0   3416.4
10   4   -325.6   465.6   3341.5
10   5   -224.0   542.1   3521.7
10   6   -190.4   327.3   3481.6
10   7   -309.1   444.3   3324.8
10   8   -358.6   364.9   3595.3
10   9   -356.4   198.0   3600.5
10   10   -445.3   128.3   3591.9
10   11   -457.5   -209.4   3580.5
10   12   -420.6   -513.9   3643.8
10   13   -264.9   131.4   3600.4
10   14   -287.2   -205.7   3616.1
10   15   -298.8   -515.9   3658.0
10   16   -354.5   444.0   3354.0
10   17   -289.3   424.8   3350.9
10   18   -359.8   619.3   3508.5
11   0   -366.6   706.7   3514.4
11   1   -359.5   553.8   3530.2
11   2   -493.0   536.5   3509.4
11   3   -499.2   335.6   3417.5
11   4   -324.4   464.6   3340.3
11   5   -224.0   542.0   3521.9
11   6   -190.6   327.3   3481.6
11   7   -310.7   446.1   3324.5
11   8   -358.6   362.7   3595.9
11   9   -356.4   194.8   3599.3
11   10   -442.9   129.4   3592.0
11   11   -457.4   -208.9   3579.8
11   12   -420.7   -512.2   3647.6
11   13   -267.2   132.5   3600.5
11   14   -287.2   -205.4   3615.2
11   15   -298.8   -515.2   3658.0
11   16   -353.6   443.1   3353.1
11   17   -290.7   426.3   3350.7
11   18   -359.8   616.8   3508.5
12   0   -366.4   704.8   3514.4
12   1   -359.5   552.4   3530.5
12   2   -492.7   536.7   3509.4
12   3   -499.5   335.8   3417.6
12   4   -323.4   466.8   3340.1
12   5   -224.4   542.2   3522.0
12   6   -190.7   327.5   3481.7
12   7   -312.3   448.0   3323.9
12   8   -358.5   362.7   3596.6
12   9   -356.3   193.7   3599.0
12   10   -440.7   130.6   3592.2
12   11   -457.1   -208.2   3580.1
12   12   -421.3   -510.9   3648.1
12   13   -269.8   133.2   3600.6
12   14   -287.5   -205.4   3614.9
12   15   -298.7   -514.6   3658.0
12   16   -352.8   445.0   3353.0
12   17   -292.0   428.0   3350.2
12   18   -359.8   615.2   3508.6
13   0   -366.2   703.7   3514.4
13   1   -359.4   551.6   3530.7
13   2   -492.0   537.0   3509.4
13   3   -499.7   336.1   3417.6
13   4   -322.5   469.5   3340.7
13   5   -225.1   542.5   3522.0
13   6   -190.6   327.9   3481.8
13   7   -313.8   449.9   3323.5
13   8   -358.5   363.5   3596.7
13   9   -356.3   193.8   3598.9
13   10   -439.3   131.4   3592.4
13   11   -457.0   -207.7   3580.8
13   12   -422.2   -510.2   3647.3
13   13   -271.6   133.3   3600.6
13   14   -287.8   -205.7   3614.7
13   15   -298.6   -514.1   3658.2
13   16   -352.1   447.3   3353.5
13   17   -293.2   429.6   3349.9
13   18   -359.8   614.4   3508.6
14   0   -366.1   703.1   3514.4
14   1   -359.4   551.2   3530.7
14   2   -491.3   537.4   3509.4
14   3   -499.8   336.5   3417.7
14   4   -321.7   472.0   3341.8
14   5   -225.8   542.8   3522.0
14   6   -190.6   328.4   3481.8
14   7   -315.6   451.3   3323.4
14   8   -358.5   364.4   3596.2
14   9   -356.3   194.1   3598.9
14   10   -438.5   131.8   3592.5
14   11   -456.9   -207.4   3581.7
14   12   -422.5   -509.8   3645.6
14   13   -272.8   133.0   3600.6
14   14   -288.0   -206.2   3614.6
14   15   -298.4   -513.9   3658.6
14   16   -351.4   449.4   3354.5
14   17   -294.7   430.8   3349.8
14   18   -359.7   614.0   3508.7
15   0   -365.9   702.7   3514.4
15   1   -359.4   550.9   3530.6
15   2   -490.6   537.8   3509.4
15   3   -499.8   336.7   3418.2
15   4   -320.3   472.7   3342.7
15   5   -226.5   543.2   3521.9
15   6   -190.5   328.9   3481.7
15   7   -316.9   452.2   3322.8
15   8   -358.5   365.0   3595.6
15   9   -356.3   194.5   3598.9
15   10   -438.1   131.9   3592.5
15   11   -456.8   -207.2   3582.6
15   12   -422.4   -509.9   3641.9
15   13   -273.7   132.4   3600.6
15   14   -288.1   -206.8   3614.5
15   15   -298.2   -513.9   3658.7
15   16   -350.2   450.0   3355.3
15   17   -295.8   431.7   3349.2
15   18   -359.7   613.8   3508.7
16   0   -365.8   702.6   3514.4
16   1   -359.4   550.8   3530.5
16   2   -489.9   538.1   3509.4
16   3   -499.7   336.9   3418.4
16   4   -318.7   473.0   3343.3
16   5   -227.2   543.5   3521.8
16   6   -190.5   329.3   3481.6
16   7   -317.6   452.8   3321.9
16   8   -358.5   365.5   3594.9
16   9   -356.3   194.9   3598.9
16   10   -437.9   132.0   3592.5
16   11   -456.8   -207.0   3582.9
16   12   -421.4   -510.1   3636.7
16   13   -274.1   132.1   3600.6
16   14   -288.1   -207.0   3614.4
16   15   -297.9   -513.6   3658.8
16   16   -348.9   450.3   3355.9
16   17   -296.4   432.2   3348.6
16   18   -359.7   613.7   3508.7
17   0   -365.6   702.6   3514.5
17   1   -359.4   550.8   3530.4
17   2   -489.2   538.4   3509.3
17   3   -499.4   337.1   3418.6
17   4   -317.9   473.6   3343.2
17   5   -227.8   543.9   3521.8
17   6   -190.5   329.8   3481.7
17   7   -318.0   452.9   3321.0
17   8   -358.5   365.7   3594.2
17   9   -356.3   195.2   3598.9
17   10   -437.8   132.0   3592.5
17   11   -456.9   -206.9   3582.7
17   12   -420.9   -510.3   3632.1
17   13   -274.2   132.0   3600.6
17   14   -288.1   -207.0   3614.1
17   15   -297.8   -513.1   3658.7
17   16   -348.1   450.8   3355.8
17   17   -296.7   432.4   3347.8
17   18   -359.7   613.7   3508.7
18   0   -365.5   702.7   3514.5
18   1   -359.4   550.8   3530.2
18   2   -488.6   538.6   3509.3
18   3   -499.2   337.3   3418.7
18   4   -317.2   473.9   3342.9
18   5   -228.5   544.2   3521.7
18   6   -190.5   330.1   3481.8
18   7   -318.2   452.9   3320.0
18   8   -358.5   365.7   3593.6
18   9   -356.3   195.4   3598.9
18   10   -437.8   132.1   3592.5
18   11   -456.9   -206.7   3582.3
18   12   -420.6   -509.2   3635.1
18   13   -274.3   132.1   3600.5
18   14   -288.1   -206.9   3613.7
18   15   -297.7   -512.7   3658.7
18   16   -347.5   451.2   3355.5
18   17   -296.9   432.4   3347.0
18   18   -359.7   613.8   3508.7
19   0   -365.3   702.7   3514.5
19   1   -359.4   550.9   3530.1
19   2   -488.0   538.8   3509.3
19   3   -499.1   337.5   3418.8
19   4   -316.7   474.2   3342.7
19   5   -229.0   544.4   3521.7
19   6   -190.7   330.5   3481.7
19   7   -318.5   453.0   3319.2
19   8   -358.5   365.6   3593.1
19   9   -356.3   195.6   3598.8
19   10   -437.8   132.2   3592.5
19   11   -457.0   -206.6   3581.8
19   12   -420.2   -506.4   3645.5
19   13   -274.3   132.1   3600.5
19   14   -288.2   -206.8   3613.6
19   15   -297.7   -512.3   3658.7
19   16   -347.1   451.4   3355.4
19   17   -297.2   432.6   3346.3
19   18   -359.7   613.9   3508.7
20   0   -365.1   702.7   3514.6
20   1   -359.4   550.9   3530.0
20   2   -487.5   539.0   3507.6
20   3   -499.1   336.9   3418.8
20   4   -316.6   474.3   3342.8
20   5   -229.5   544.7   3521.6
20   6   -190.8   330.8   3481.7
20   7   -318.6   453.1   3318.5
20   8   -358.5   365.5   3592.9
20   9   -356.3   195.7   3598.8
20   10   -437.8   132.2   3592.5
20   11   -457.0   -206.5   3581.5
20   12   -420.3   -504.2   3653.3
20   13   -274.3   132.1   3600.5
20   14   -288.2   -206.7   3613.5
20   15   -297.7   -511.8   3658.9
20   16   -347.0   451.4   3355.5
20   17   -297.3   432.7   3345.7
20   18   -359.7   614.0   3508.7
21   0   -365.0   702.8   3514.6
21   1   -359.4   550.9   3530.0
21   2   -487.0   539.2   3505.1
21   3   -499.1   336.1   3418.7
21   4   -316.8   474.2   3343.0
21   5   -229.9   544.9   3521.6
21   6   -190.8   331.0   3481.7
21   7   -318.7   453.1   3317.9
21   8   -358.5   365.4   3592.7
21   9   -356.3   195.8   3598.8
21   10   -437.7   132.1   3592.5
21   11   -457.0   -206.5   3581.5
21   12   -420.4   -504.6   3652.8
21   13   -274.3   132.2   3600.5
21   14   -288.2   -206.7   3613.4
21   15   -297.8   -511.9   3659.1
21   16   -347.1   451.2   3355.6
21   17   -297.4   432.7   3345.2
21   18   -359.7   614.0   3508.7
22   0   -364.8   702.8   3514.7
22   1   -359.4   551.0   3530.0
22   2   -486.5   539.3   3503.9
22   3   -499.2   335.8   3418.6
22   4   -316.7   474.3   3343.0
22   5   -230.3   545.1   3521.5
22   6   -190.8   331.4   3481.3
22   7   -318.9   453.3   3317.2
22   8   -358.5   365.3   3592.7
22   9   -356.3   195.8   3598.8
22   10   -437.7   132.1   3592.5
22   11   -457.0   -206.5   3581.4
22   12   -420.8   -506.7   3648.2
22   13   -274.4   132.2   3600.5
22   14   -288.2   -206.6   3613.4
22   15   -297.8   -512.8   3659.2
22   16   -347.1   451.2   3355.6
22   17   -297.6   432.9   3344.6
22   18   -359.7   614.1   3508.7
23   0   -364.6   702.8   3514.7
23   1   -359.4   551.0   3529.9
23   2   -486.2   539.4   3503.4
23   3   -499.2   335.8   3418.5
23   4   -316.2   473.8   3342.8
23   5   -230.6   545.2   3521.5
23   6   -190.9   331.7   3480.6
23   7   -319.2   453.5   3316.4
23   8   -358.5   365.1   3592.6
23   9   -356.3   195.8   3598.8
23   10   -437.6   132.1   3592.5
23   11   -457.0   -206.4   3581.3
23   12   -420.0   -506.1   3651.0
23   13   -274.4   132.2   3600.5
23   14   -288.2   -206.6   3613.4
23   15   -297.8   -512.9   3659.3
23   16   -346.7   450.8   3355.4
23   17   -297.8   433.2   3343.8
23   18   -359.7   614.1   3508.7
24   0   -364.4   702.8   3514.8
24   1   -359.4   551.1   3529.9
24   2   -485.8   539.5   3503.2
24   3   -499.2   335.8   3418.5
24   4   -315.7   473.4   3342.7
24   5   -230.9   545.4   3521.5
24   6   -191.0   332.0   3479.6
24   7   -319.6   453.9   3315.4
24   8   -358.5   365.0   3592.6
24   9   -356.3   195.7   3598.8
24   10   -437.6   132.1   3592.4
24   11   -457.0   -206.4   3581.3
24   12   -420.0   -505.2   3653.5
24   13   -274.4   132.1   3600.5
24   14   -288.2   -206.6   3613.4
24   15   -298.0   -512.6   3659.3
24   16   -346.3   450.5   3355.3
24   17   -298.2   433.6   3342.8
24   18   -359.7   614.2   3508.7
25   0   -364.2   702.8   3514.9
25   1   -359.4   551.1   3529.9
25   2   -485.5   539.5   3503.2
25   3   -499.2   335.9   3418.5
25   4   -315.6   473.5   3342.7
25   5   -231.1   545.5   3521.4
25   6   -191.3   332.4   3478.5
25   7   -320.0   454.3   3314.4
25   8   -358.5   364.9   3592.6
25   9   -356.3   195.6   3598.8
25   10   -437.6   132.1   3592.4
25   11   -457.0   -206.4   3581.3
25   12   -420.2   -505.0   3654.1
25   13   -274.5   132.1   3600.5
25   14   -288.2   -206.6   3613.4
25   15   -298.2   -512.5   3659.4
25   16   -346.2   450.5   3355.3
25   17   -298.6   434.0   3341.8
25   18   -359.7   614.2   3508.7
26   0   -364.0   702.8   3515.0
26   1   -359.4   551.2   3529.9
26   2   -485.3   539.6   3503.3
26   3   -499.1   335.9   3418.5
26   4   -315.8   474.2   3342.8
26   5   -231.3   545.6   3521.4
26   6   -191.6   332.7   3477.3
26   7   -320.4   455.0   3313.4
26   8   -358.5   364.8   3592.7
26   9   -356.3   195.5   3598.8
26   10   -437.6   132.1   3592.3
26   11   -456.9   -206.2   3581.2
26   12   -420.5   -505.3   3653.6
26   13   -274.5   132.2   3600.5
26   14   -288.2   -206.4   3613.5
26   15   -298.2   -512.6   3659.5
26   16   -346.4   451.2   3355.4
26   17   -299.0   434.6   3340.7
26   18   -359.7   614.3   3508.7
27   0   -363.8   702.8   3515.0
27   1   -359.4   551.3   3529.9
27   2   -485.0   539.6   3503.4
27   3   -499.0   336.0   3418.5
27   4   -316.4   475.4   3343.0
27   5   -231.5   545.7   3521.3
27   6   -192.0   332.8   3476.8
27   7   -320.4   455.4   3312.6
27   8   -358.5   364.7   3592.7
27   9   -356.3   195.3   3598.8
27   10   -437.5   132.3   3592.3
27   11   -443.9   -205.9   3599.9
27   12   -420.3   -510.5   3651.2
27   13   -274.4   132.4   3600.5
27   14   -288.3   -206.0   3613.5
27   15   -298.2   -513.1   3659.3
27   16   -346.8   452.1   3355.6
27   17   -299.0   435.0   3339.9
27   18   -359.7   614.3   3508.7
28   0   -363.6   702.9   3515.1
28   1   -359.4   551.3   3529.9
28   2   -484.8   539.6   3503.4
28   3   -499.0   336.1   3418.5
28   4   -316.6   475.7   3342.9
28   5   -231.7   545.7   3521.3
28   6   -192.4   332.9   3476.6
28   7   -320.3   455.3   3311.8
28   8   -358.5   364.6   3592.8
28   9   -356.3   195.2   3598.8
28   10   -437.5   132.3   3592.2
28   11   -449.9   -205.7   3591.3
28   12   -420.7   -510.6   3647.4
28   13   -274.5   132.5   3600.5
28   14   -288.4   -205.7   3613.5
28   15   -298.0   -514.2   3659.3
28   16   -347.0   452.4   3355.5
28   17   -299.0   434.9   3339.3
28   18   -359.7   614.4   3508.7
29   0   -363.5   702.9   3515.1
29   1   -359.4   551.4   3529.9
29   2   -484.6   539.6   3503.5
29   3   -499.1   336.1   3418.5
29   4   -316.5   475.6   3342.8
29   5   -231.9   545.8   3521.2
29   6   -192.9   332.9   3476.5
29   7   -320.8   454.8   3311.2
29   8   -358.5   364.5   3592.9
29   9   -356.3   195.0   3598.8
29   10   -437.4   132.4   3592.1
29   11   -453.7   -205.5   3585.9
29   12   -420.5   -510.6   3643.9
29   13   -274.5   132.6   3600.5
29   14   -288.4   -205.5   3613.5
29   15   -298.0   -514.7   3659.1
29   16   -347.0   452.3   3355.4
29   17   -299.4   434.5   3338.8
29   18   -359.7   614.4   3508.7
30   0   -363.4   702.9   3515.1
30   1   -359.4   551.4   3529.9
30   2   -484.4   539.6   3503.5
30   3   -499.1   336.1   3418.5
30   4   -316.2   475.1   3342.5
30   5   -232.0   545.8   3521.1
30   6   -193.4   332.9   3476.4
30   7   -321.9   454.3   3311.3
30   8   -358.5   364.4   3592.9
30   9   -356.3   194.9   3598.8
30   10   -437.3   132.3   3592.0
30   11   -455.7   -205.4   3582.9
30   12   -420.1   -510.2   3640.8
30   13   -274.6   132.5   3600.5
30   14   -288.5   -205.4   3613.5
30   15   -297.9   -514.3   3659.1
30   16   -346.6   451.9   3355.2
30   17   -300.5   434.1   3338.8
30   18   -359.7   614.5   3508.7
31   0   -363.3   702.9   3515.1
31   1   -359.4   551.5   3529.9
31   2   -484.3   539.5   3503.5
31   3   -499.0   336.1   3418.5
31   4   -315.9   474.8   3342.5
31   5   -232.1   545.9   3521.1
31   6   -193.9   332.9   3476.2
31   7   -323.3   454.0   3311.5
31   8   -358.5   364.3   3593.0
31   9   -356.3   194.8   3598.8
31   10   -437.2   132.3   3592.0
31   11   -456.6   -205.3   3581.5
31   12   -420.0   -509.3   3639.7
31   13   -274.7   132.5   3600.5
31   14   -288.6   -205.4   3613.5
31   15   -297.9   -513.6   3659.1
31   16   -346.4   451.6   3355.1
31   17   -301.7   433.8   3338.9
31   18   -359.7   614.5   3508.7
32   0   -363.2   703.0   3515.1
32   1   -359.4   551.5   3529.9
32   2   -484.1   539.5   3503.5
32   3   -499.0   336.1   3418.4
32   4   -315.7   474.6   3342.4
32   5   -232.2   545.9   3521.0
32   6   -194.5   332.8   3476.0
32   7   -324.0   454.1   3311.4
32   8   -358.5   364.2   3593.0
32   9   -356.3   194.7   3598.8
32   10   -437.2   132.3   3592.0
32   11   -456.9   -205.3   3581.0
32   12   -420.0   -509.0   3638.6
32   13   -274.8   132.3   3600.5
32   14   -288.6   -205.4   3613.5
32   15   -297.8   -513.2   3659.1
32   16   -346.3   451.6   3355.1
32   17   -302.4   433.9   3338.8
32   18   -359.7   614.6   3508.7
33   0   -363.2   703.0   3515.1
33   1   -359.4   551.6   3529.9
33   2   -484.0   539.5   3503.5
33   3   -498.8   336.1   3418.4
33   4   -315.6   474.7   3342.3
33   5   -232.3   545.9   3520.9
33   6   -195.1   332.8   3475.6
33   7   -324.4   454.4   3311.0
33   8   -358.5   364.1   3593.1
33   9   -356.3   194.6   3598.8
33   10   -437.2   132.4   3592.0
33   11   -457.0   -205.1   3580.9
33   12   -419.9   -508.5   3637.7
33   13   -274.9   132.3   3600.5
33   14   -288.7   -205.4   3613.5
33   15   -297.7   -512.7   3659.2
33   16   -346.1   451.6   3355.0
33   17   -302.9   434.1   3338.5
33   18   -359.7   614.7   3508.7
34   0   -363.1   703.0   3515.1
34   1   -359.4   551.6   3529.9
34   2   -483.9   539.4   3503.5
34   3   -498.7   336.0   3418.3
34   4   -315.5   474.7   3342.1
34   5   -232.3   545.9   3520.9
34   6   -195.7   332.8   3475.4
34   7   -324.6   454.6   3310.7
34   8   -358.5   364.0   3593.1
34   9   -356.3   194.5   3598.8
34   10   -437.2   132.4   3591.9
34   11   -456.9   -205.0   3580.9
34   12   -419.8   -508.1   3636.7
34   13   -274.9   132.3   3600.4
34   14   -288.9   -205.3   3613.5
34   15   -297.6   -512.3   3658.9
34   16   -346.0   451.6   3354.8
34   17   -303.2   434.3   3338.2
34   18   -359.7   614.7   3508.7
35   0   -363.0   703.1   3515.1
35   1   -359.4   551.7   3529.9
35   2   -483.8   539.4   3503.5
35   3   -498.5   336.0   3418.3
35   4   -315.5   474.7   3341.9
35   5   -232.4   545.9   3520.8
35   6   -196.3   333.0   3473.9
35   7   -325.6   455.4   3309.9
35   8   -358.5   364.0   3593.2
35   9   -356.3   194.4   3598.9
35   10   -437.2   132.5   3591.9
35   11   -456.8   -204.9   3580.9
35   12   -419.8   -507.6   3637.1
35   13   -274.9   132.3   3600.4
35   14   -289.0   -205.3   3613.5
35   15   -297.8   -511.9   3658.8
35   16   -346.0   451.6   3354.6
35   17   -304.1   435.0   3337.2
35   18   -359.7   614.8   3508.7
36   0   -362.9   703.1   3515.1
36   1   -359.4   551.8   3529.9
36   2   -483.7   539.3   3503.5
36   3   -498.3   336.1   3417.8
36   4   -315.1   475.0   3341.8
36   5   -232.5   545.9   3520.7
36   6   -196.5   333.2   3473.1
36   7   -326.0   455.8   3309.5
36   8   -358.5   364.0   3593.2
36   9   -356.3   194.3   3598.9
36   10   -437.1   132.5   3591.9
36   11   -456.7   -204.9   3580.9
36   12   -419.8   -507.0   3638.4
36   13   -275.0   132.3   3600.4
36   14   -289.1   -205.2   3613.5
36   15   -297.8   -511.6   3658.6
36   16   -345.7   451.8   3354.5
36   17   -304.5   435.3   3336.8
36   18   -359.7   614.9   3508.7
37   0   -362.9   703.1   3515.1
37   1   -359.4   551.8   3529.9
37   2   -483.6   539.3   3503.5
37   3   -498.0   336.4   3417.1
37   4   -314.6   475.3   3341.8
37   5   -232.5   546.0   3520.6
37   6   -196.4   333.3   3472.8
37   7   -326.1   455.9   3309.3
37   8   -358.5   363.9   3593.2
37   9   -356.3   194.2   3598.9
37   10   -437.1   132.6   3591.8
37   11   -456.6   -204.8   3581.0
37   12   -419.2   -506.1   3641.0
37   13   -275.0   132.3   3600.4
37   14   -289.3   -205.2   3613.5
37   15   -297.8   -511.3   3658.5
37   16   -345.1   452.1   3354.3
37   17   -304.5   435.4   3336.5
37   18   -359.7   614.9   3508.7
38   0   -362.9   703.1   3515.1
38   1   -359.4   551.9   3529.9
38   2   -483.5   539.3   3503.5
38   3   -497.7   336.6   3416.7
38   4   -314.2   475.5   3341.7
38   5   -232.5   546.0   3520.6
38   6   -196.3   333.3   3472.6
38   7   -326.1   455.9   3309.1
38   8   -358.5   363.9   3593.3
38   9   -356.3   194.2   3598.9
38   10   -437.1   132.6   3591.8
38   11   -456.6   -204.7   3580.9
38   12   -417.0   -504.5   3645.3
38   13   -275.1   132.4   3600.4
38   14   -289.6   -205.2   3613.7
38   15   -297.8   -511.0   3658.8
38   16   -344.8   452.3   3354.2
38   17   -304.5   435.5   3336.4
38   18   -359.7   615.0   3508.7
39   0   -362.9   703.2   3515.1
39   1   -359.4   552.0   3529.9
39   2   -483.5   539.3   3503.5
39   3   -497.3   336.7   3416.4
39   4   -313.8   475.7   3341.6
39   5   -232.6   546.0   3520.5
39   6   -196.3   333.3   3472.4
39   7   -326.2   456.0   3309.2
39   8   -358.5   363.8   3593.3
39   9   -356.3   194.1   3598.9
39   10   -437.1   132.7   3591.8
39   11   -456.6   -204.7   3580.9
39   12   -414.4   -503.8   3645.8
39   13   -275.1   132.4   3600.4
39   14   -289.7   -205.1   3613.8
39   15   -297.7   -510.8   3659.0
39   16   -344.4   452.5   3354.0
39   17   -304.5   435.6   3336.4
39   18   -359.7   615.1   3508.7
40   0   -362.9   703.2   3515.1
40   1   -359.4   552.1   3529.9
40   2   -483.5   539.3   3503.5
40   3   -497.0   336.8   3416.1
40   4   -313.3   475.5   3341.3
40   5   -232.6   545.9   3520.4
40   6   -196.2   333.3   3472.4
40   7   -326.2   456.2   3309.3
40   8   -358.5   363.8   3593.3
40   9   -356.3   194.1   3598.9
40   10   -437.1   132.8   3591.8
40   11   -456.5   -204.6   3580.9
40   12   -414.3   -503.8   3643.9
40   13   -275.2   132.4   3600.4
40   14   -289.7   -205.1   3614.8
40   15   -297.8   -510.5   3658.9
40   16   -343.9   452.4   3353.8
40   17   -304.6   435.7   3336.5
40   18   -359.7   615.1   3508.7
41   0   -362.9   703.2   3515.1
41   1   -359.4   552.1   3529.9
41   2   -483.4   539.4   3503.5
41   3   -497.3   336.9   3416.0
41   4   -313.0   474.9   3341.0
41   5   -232.7   545.9   3520.3
41   6   -196.2   333.3   3472.4
41   7   -326.3   456.4   3309.6
41   8   -358.5   363.8   3593.3
41   9   -356.3   194.0   3598.9
41   10   -437.1   132.9   3591.8
41   11   -456.5   -204.5   3580.9
41   12   -416.1   -504.1   3639.8
41   13   -275.2   132.5   3600.4
41   14   -289.8   -205.0   3615.4
41   15   -298.0   -509.9   3658.6
41   16   -343.7   451.9   3353.5
41   17   -304.6   435.9   3336.7
41   18   -359.7   615.2   3508.7
42   0   -362.9   703.2   3515.1
42   1   -359.4   552.2   3529.9
42   2   -483.4   539.4   3503.5
42   3   -497.8   337.2   3415.6
42   4   -313.0   474.4   3340.8
42   5   -232.7   545.9   3520.2
42   6   -196.2   333.3   3472.4
42   7   -326.4   456.6   3309.9
42   8   -358.5   363.7   3593.3
42   9   -356.3   194.0   3598.9
42   10   -437.1   133.1   3591.7
42   11   -456.5   -204.3   3580.8
42   12   -418.5   -504.7   3633.9
42   13   -275.2   132.6   3600.4
42   14   -289.8   -204.9   3615.6
42   15   -298.0   -509.2   3658.4
42   16   -343.8   451.6   3353.3
42   17   -304.7   436.1   3337.0
42   18   -359.7   615.3   3508.7
43   0   -362.9   703.3   3515.1
43   1   -359.4   552.3   3529.9
43   2   -483.4   539.4   3503.5
43   3   -498.5   337.4   3415.1
43   4   -313.5   474.3   3340.2
43   5   -232.7   545.9   3520.1
43   6   -196.2   333.3   3472.4
43   7   -326.5   456.9   3310.1
43   8   -358.5   363.7   3593.3
43   9   -356.3   194.0   3598.9
43   10   -437.1   133.2   3591.7
43   11   -456.5   -204.2   3580.8
43   12   -420.9   -505.2   3627.8
43   13   -275.3   132.6   3600.3
43   14   -289.8   -204.8   3615.7
43   15   -298.1   -508.5   3658.3
43   16   -344.3   451.5   3352.7
43   17   -304.8   436.3   3337.2
43   18   -359.7   615.3   3508.7
44   0   -362.9   703.3   3515.1
44   1   -359.4   552.3   3529.9
44   2   -483.4   539.4   3503.5
44   3   -499.4   337.6   3414.9
44   4   -314.6   474.4   3339.3
44   5   -232.7   545.9   3520.0
44   6   -196.2   333.3   3472.3
44   7   -326.6   457.0   3310.2
44   8   -358.5   363.7   3593.3
44   9   -356.3   193.9   3598.9
44   10   -437.0   133.3   3591.6
44   11   -456.4   -204.1   3580.7
44   12   -420.2   -503.6   3633.2
44   13   -275.4   132.7   3600.2
44   14   -289.8   -204.8   3615.7
44   15   -298.4   -507.9   3658.8
44   16   -345.4   451.6   3351.9
44   17   -304.8   436.4   3337.2
44   18   -359.7   615.4   3508.7
45   0   -362.9   703.3   3515.1
45   1   -359.4   552.4   3529.9
45   2   -483.3   539.4   3503.5
45   3   -499.7   337.7   3414.8
45   4   -314.7   474.1   3339.0
45   5   -232.8   545.9   3519.9
45   6   -196.1   333.3   3472.0
45   7   -326.7   457.2   3310.2
45   8   -358.5   363.6   3593.4
45   9   -356.3   193.9   3598.9
45   10   -437.0   133.4   3591.5
45   11   -456.3   -204.2   3580.8
45   12   -417.0   -501.2   3642.8
45   13   -275.5   132.6   3600.1
45   14   -289.9   -205.0   3615.7
45   15   -298.8   -507.8   3659.7
45   16   -345.6   451.4   3351.6
45   17   -304.9   436.6   3337.2
45   18   -359.7   615.5   3508.7
46   0   -362.9   703.3   3515.1
46   1   -359.4   552.5   3529.9
46   2   -483.3   539.4   3503.5
46   3   -499.9   337.7   3414.7
46   4   -314.8   474.0   3338.9
46   5   -232.8   545.8   3519.7
46   6   -196.1   333.3   3471.6
46   7   -326.9   457.5   3310.1
46   8   -358.5   363.6   3593.4
46   9   -356.3   193.8   3598.9
46   10   -437.0   133.5   3591.4
46   11   -456.1   -204.7   3580.8
46   12   -419.8   -500.7   3648.9
46   13   -275.6   132.6   3600.1
46   14   -290.0   -205.6   3615.8
46   15   -299.2   -508.1   3660.9
46   16   -345.6   451.3   3351.5
46   17   -305.1   436.8   3337.0
46   18   -359.7   615.6   3508.7
47   0   -362.9   703.3   3515.1
47   1   -359.4   552.5   3529.9
47   2   -483.3   539.4   3503.5
47   3   -499.9   337.8   3414.5
47   4   -314.7   473.8   3338.6
47   5   -232.8   545.7   3519.5
47   6   -196.1   333.3   3471.1
47   7   -327.0   457.8   3310.0
47   8   -358.5   363.5   3593.4
47   9   -356.3   193.7   3598.9
47   10   -436.9   133.6   3591.2
47   11   -455.9   -205.2   3580.8
47   12   -426.2   -502.4   3646.6
47   13   -275.7   132.6   3600.0
47   14   -290.1   -206.2   3615.9
47   15   -299.5   -508.5   3662.1
47   16   -345.6   451.2   3351.3
47   17   -305.2   437.1   3336.9
47   18   -359.7   615.6   3508.7
48   0   -362.8   703.4   3515.1
48   1   -359.4   552.6   3529.9
48   2   -483.3   539.4   3503.5
48   3   -499.9   337.9   3414.4
48   4   -314.6   473.7   3338.3
48   5   -232.9   545.6   3519.3
48   6   -196.0   333.2   3471.0
48   7   -327.0   457.8   3310.0
48   8   -358.5   363.4   3593.4
48   9   -356.4   193.7   3598.9
48   10   -436.8   133.7   3591.0
48   11   -455.7   -205.5   3580.8
48   12   -421.2   -503.4   3642.0
48   13   -275.8   132.5   3599.7
48   14   -290.2   -206.7   3615.9
48   15   -301.1   -509.2   3661.9
48   16   -345.5   451.1   3350.9
48   17   -305.1   437.0   3336.8
48   18   -359.7   615.7   3508.7
49   0   -362.8   703.4   3515.1
49   1   -359.4   552.7   3529.9
49   2   -483.3   539.3   3503.4
49   3   -499.9   338.0   3414.1
49   4   -314.7   473.6   3337.5
49   5   -232.9   545.5   3519.0
49   6   -196.0   333.1   3470.9
49   7   -326.9   457.7   3309.9
49   8   -358.5   363.4   3593.4
49   9   -356.4   193.6   3598.9
49   10   -436.8   133.8   3590.8
49   11   -455.4   -205.7   3580.8
49   12   -409.1   -503.1   3638.8
49   13   -276.0   132.5   3599.3
49   14   -290.3   -206.4   3623.1
49   15   -302.5   -510.4   3661.4
49   16   -345.5   451.0   3350.3
49   17   -305.0   436.9   3336.8
49   18   -359.7   615.8   3508.7
50   0   -362.8   703.4   3515.1
50   1   -359.4   552.7   3529.9
50   2   -483.3   539.3   3503.4
50   3   -499.8   338.0   3413.9
50   4   -314.6   473.6   3337.1
50   5   -233.0   545.4   3518.8
50   6   -195.9   333.0   3470.9
50   7   -326.7   457.7   3310.0
50   8   -358.5   363.3   3593.5
50   9   -356.4   193.5   3598.9
50   10   -436.7   133.9   3590.5
50   11   -455.0   -205.6   3580.7
50   12   -405.5   -503.8   3636.1
50   13   -276.2   132.4   3598.6
50   14   -290.3   -206.6   3620.0
50   15   -303.0   -511.0   3660.5
50   16   -345.4   451.0   3349.9
50   17   -304.9   436.9   3336.8
50   18   -359.7   615.8   3508.7
51   0   -362.8   703.4   3515.0
51   1   -359.4   552.8   3529.8
51   2   -483.3   539.3   3503.4
51   3   -499.6   338.2   3413.4
51   4   -314.2   473.8   3337.0
51   5   -233.0   545.4   3518.6
51   6   -195.9   332.8   3470.9
51   7   -326.6   457.6   3310.0
51   8   -358.5   363.2   3593.5
51   9   -356.4   193.5   3598.9
51   10   -436.6   134.0   3590.2
51   11   -454.6   -205.4   3580.7
51   12   -407.1   -505.5   3633.4
51   13   -276.4   132.4   3597.8
51   14   -290.3   -206.6   3618.2
51   15   -301.9   -512.1   3658.9
51   16   -345.1   451.2   3349.7
51   17   -304.8   436.8   3336.8
51   18   -359.7   615.9   3508.7
52   0   -362.8   703.4   3515.0
52   1   -359.4   552.9   3529.8
52   2   -483.3   539.3   3503.4
52   3   -499.5   338.5   3412.8
52   4   -313.9   473.9   3336.8
52   5   -233.0   545.3   3518.4
52   6   -195.9   332.7   3470.9
52   7   -326.6   457.7   3310.1
52   8   -358.6   363.2   3593.5
52   9   -356.4   193.4   3598.9
52   10   -436.5   134.1   3589.8
52   11   -454.1   -205.1   3580.6
52   12   -410.9   -508.1   3630.6
52   13   -276.5   132.4   3596.9
52   14   -290.3   -206.5   3617.3
52   15   -301.4   -513.7   3658.2
52   16   -344.8   451.4   3349.5
52   17   -304.8   436.9   3336.9
52   18   -359.7   616.0   3508.7
53   0   -362.8   703.5   3515.0
53   1   -359.4   553.0   3529.8
53   2   -483.2   539.3   3502.2
53   3   -499.5   338.3   3412.2
53   4   -313.8   473.9   3336.6
53   5   -233.0   545.1   3518.1
53   6   -195.9   332.7   3470.3
53   7   -326.8   458.1   3310.0
53   8   -358.6   363.1   3593.4
53   9   -356.4   193.3   3598.9
53   10   -436.4   134.3   3589.4
53   11   -453.6   -204.8   3580.5
53   12   -414.5   -510.2   3628.0
53   13   -276.7   132.4   3596.1
53   14   -290.2   -206.4   3616.7
53   15   -301.2   -515.1   3657.0
53   16   -344.8   451.3   3349.2
53   17   -304.9   437.2   3336.7
53   18   -359.7   616.0   3508.7
54   0   -362.8   703.5   3515.0
54   1   -359.4   553.0   3529.8
54   2   -483.1   539.4   3500.0
54   3   -499.6   337.8   3411.3
54   4   -313.9   473.6   3336.4
54   5   -233.1   545.0   3517.9
54   6   -195.9   332.8   3469.3
54   7   -327.2   458.6   3309.6
54   8   -358.6   363.0   3593.4
54   9   -356.4   193.2   3598.9
54   10   -436.3   134.4   3588.8
54   11   -453.6   -204.6   3580.5
54   12   -415.8   -512.1   3624.6
54   13   -276.9   132.4   3595.1
54   14   -290.2   -206.2   3616.2
54   15   -301.1   -516.5   3655.8
54   16   -344.8   451.0   3348.9
54   17   -305.3   437.6   3336.2
54   18   -359.7   616.1   3508.7
55   0   -362.8   704.5   3515.1
55   1   -359.4   553.1   3529.8
55   2   -483.0   539.5   3497.3
55   3   -499.7   337.7   3409.0
55   4   -313.2   473.6   3336.2
55   5   -233.1   545.0   3517.7
55   6   -195.5   333.1   3467.8
55   7   -326.6   459.4   3308.3
55   8   -358.6   362.9   3593.4
55   9   -356.4   193.1   3598.9
55   10   -436.2   134.6   3588.2
55   11   -453.7   -204.3   3580.4
55   12   -416.4   -513.9   3621.2
55   13   -277.0   132.5   3594.6
55   14   -290.2   -206.1   3615.7
55   15   -301.0   -518.1   3652.9
55   16   -344.3   451.0   3348.4
55   17   -304.7   438.4   3334.9
55   18   -359.7   616.2   3508.7
56   0   -362.9   706.0   3515.1
56   1   -359.4   553.1   3529.7
56   2   -482.9   539.5   3496.1
56   3   -499.6   340.2   3402.6
56   4   -311.3   476.4   3335.5
56   5   -233.0   545.0   3517.7
56   6   -193.8   334.8   3462.5
56   7   -325.6   462.6   3304.8
56   8   -358.6   362.8   3593.2
56   9   -356.4   193.0   3598.9
56   10   -436.1   134.9   3587.3
56   11   -453.9   -203.9   3580.3
56   12   -416.5   -515.0   3622.0
56   13   -277.1   132.6   3594.4
56   14   -290.2   -205.8   3615.5
56   15   -301.2   -519.9   3649.0
56   16   -342.7   453.7   3346.7
56   17   -303.7   441.3   3331.1
56   18   -359.7   616.3   3508.7
57   0   -362.9   707.4   3515.2
57   1   -359.4   553.2   3529.6
57   2   -483.1   539.4   3499.1
57   3   -501.6   348.5   3390.7
57   4   -315.9   489.9   3327.3
57   5   -233.0   545.1   3517.6
57   6   -183.4   346.0   3439.7
57   7   -334.9   475.4   3305.3
57   8   -358.6   362.6   3593.0
57   9   -356.4   192.8   3598.9
57   10   -436.1   135.3   3586.3
57   11   -454.0   -203.4   3580.3
57   12   -416.3   -515.3   3629.2
57   13   -277.1   132.8   3594.3
57   14   -290.2   -205.6   3615.5
57   15   -301.4   -521.8   3646.7
57   16   -346.8   466.3   3337.9
57   17   -309.7   453.8   3327.7
57   18   -359.7   616.3   3508.6
58   0   -362.9   707.4   3515.0
58   1   -359.4   553.3   3528.3
58   2   -483.2   539.3   3501.6
58   3   -519.4   380.7   3359.2
58   4   -331.0   523.5   3308.7
58   5   -232.9   545.1   3514.5
58   6   -149.8   383.1   3401.8
58   7   -337.8   497.5   3319.6
58   8   -358.6   362.5   3592.7
58   9   -356.5   192.7   3598.8
58   10   -436.1   135.5   3586.0
58   11   -454.0   -203.2   3580.3
58   12   -415.5   -516.1   3632.1
58   13   -277.0   133.1   3594.3
58   14   -290.2   -205.2   3615.4
58   15   -302.0   -523.2   3644.9
58   16   -362.4   499.7   3317.1
58   17   -306.5   478.4   3333.3
58   18   -359.7   616.4   3507.0
59   0   -362.8   706.9   3514.7
59   1   -359.4   553.4   3527.4
59   2   -483.3   539.3   3505.2
59   3   -546.9   433.6   3331.3
59   4   -353.8   562.8   3267.2
59   5   -233.1   545.4   3517.7
59   6   -105.0   443.5   3385.4
59   7   -319.1   529.7   3330.2
59   8   -358.5   362.0   3593.2
59   9   -356.4   191.9   3598.7
59   10   -436.1   136.3   3585.7
59   11   -453.8   -202.6   3580.2
59   12   -414.6   -517.1   3628.7
59   13   -276.8   134.4   3594.3
59   14   -290.2   -204.2   3615.3
59   15   -302.3   -523.3   3643.2
59   16   -386.0   541.3   3277.9
59   17   -283.5   515.3   3339.4
59   18   -359.7   616.4   3505.8
60   0   -362.7   706.6   3514.4
60   1   -359.4   553.8   3527.3
60   2   -483.2   539.5   3511.1
60   3   -595.4   482.1   3339.2
60   4   -418.7   588.2   3225.1
60   5   -233.8   546.6   3526.2
60   6   -65.2   518.6   3405.5
60   7   -275.9   580.5   3316.6
60   8   -358.5   361.5   3594.2
60   9   -356.4   190.9   3598.5
60   10   -436.1   137.7   3585.5
60   11   -453.6   -201.9   3580.1
60   12   -413.8   -516.9   3630.5
60   13   -276.3   136.5   3594.2
60   14   -290.2   -202.7   3615.2
60   15   -302.4   -522.5   3645.6
60   16   -448.1   570.5   3244.1
60   17   -240.8   570.2   3331.5
60   18   -359.7   616.6   3505.5
61   0   -362.7   709.5   3512.9
61   1   -359.4   556.2   3527.7
61   2   -484.8   544.6   3513.3
61   3   -638.0   538.7   3363.0
61   4   -510.0   627.1   3192.3
61   5   -232.6   551.9   3529.2
61   6   -39.3   583.4   3442.6
61   7   -193.0   650.0   3290.4
61   8   -358.5   363.4   3595.4
61   9   -356.5   193.5   3598.2
61   10   -436.1   140.5   3585.2
61   11   -453.5   -200.4   3580.0
61   12   -412.7   -516.5   3627.1
61   13   -275.8   140.2   3594.1
61   14   -290.1   -200.3   3614.9
61   15   -302.3   -520.6   3647.7
61   16   -531.2   612.4   3220.8
61   17   -167.5   638.8   3315.8
61   18   -359.7   619.0   3505.7
62   0   -362.6   716.0   3508.1
62   1   -359.4   561.7   3528.1
62   2   -488.0   556.5   3512.7
62   3   -652.4   585.3   3367.1
62   4   -619.7   715.2   3192.3
62   5   -229.9   562.5   3526.1
62   6   -31.7   636.4   3459.0
62   7   -100.5   755.3   3288.8
62   8   -358.5   368.8   3596.3
62   9   -356.5   200.2   3597.7
62   10   -436.0   145.5   3584.9
62   11   -453.5   -197.4   3579.8
62   12   -412.7   -514.4   3624.3
62   13   -276.1   145.0   3594.1
62   14   -290.0   -197.4   3614.6
62   15   -302.2   -517.9   3650.4
62   16   -625.1   693.6   3221.4
62   17   -89.1   735.5   3317.2
62   18   -359.7   624.4   3505.9
63   0   -362.5   723.4   3501.1
63   1   -359.4   568.4   3528.2
63   2   -488.5   564.9   3507.3
63   3   -645.9   630.2   3362.9
63   4   -711.2   784.7   3219.9
63   5   -228.2   573.1   3523.3
63   6   -39.7   678.0   3457.7
63   7   -4.8   836.4   3314.7
63   8   -358.5   375.3   3596.5
63   9   -356.8   208.1   3596.2
63   10   -437.7   156.1   3584.1
63   11   -453.2   -186.2   3579.4
63   12   -414.0   -504.0   3622.5
63   13   -276.3   153.2   3594.0
63   14   -289.6   -188.7   3613.9
63   15   -301.8   -509.4   3651.0
63   16   -700.5   759.0   3243.7
63   17   -10.6   810.0   3338.5
63   18   -359.7   631.1   3506.0
64   0   -362.4   730.9   3493.2
64   1   -359.5   575.5   3527.4
64   2   -488.0   573.6   3496.1
64   3   -639.1   660.3   3354.4
64   4   -770.2   829.8   3260.6
64   5   -227.1   583.8   3520.8
64   6   -49.4   705.9   3452.5
64   7   48.5   885.4   3335.7
64   8   -358.6   382.4   3595.7
64   9   -357.2   216.5   3592.9
64   10   -437.1   162.8   3583.1
64   11   -452.4   -177.8   3578.9
64   12   -415.2   -496.1   3622.6
64   13   -278.9   158.9   3593.8
64   14   -289.5   -181.4   3613.1
64   15   -301.5   -502.4   3650.8
64   16   -748.5   801.5   3276.2
64   17   32.3   855.5   3355.2
64   18   -359.7   638.3   3505.2
65   0   -362.2   736.6   3484.7
65   1   -359.5   581.3   3524.1
65   2   -486.4   579.4   3483.1
65   3   -647.9   677.0   3363.6
65   4   -799.6   863.9   3305.6
65   5   -226.4   593.4   3518.5
65   6   -47.4   716.2   3458.8
65   7   74.7   915.2   3374.4
65   8   -358.7   388.0   3593.2
65   9   -357.5   221.7   3587.6
65   10   -436.5   166.4   3581.5
65   11   -451.6   -172.3   3578.1
65   12   -415.9   -490.0   3628.1
65   13   -281.3   162.2   3593.3
65   14   -289.5   -176.1   3612.4
65   15   -301.4   -497.3   3650.5
65   16   -774.4   832.8   3315.3
65   17   54.4   882.1   3388.4
65   18   -359.7   643.9   3501.8
66   0   -362.0   740.7   3478.5
66   1   -359.5   584.8   3518.7
66   2   -485.3   582.0   3476.9
66   3   -658.8   682.2   3380.5
66   4   -808.9   880.9   3330.7
66   5   -227.3   597.9   3517.5
66   6   -44.6   718.4   3472.5
66   7   54.3   938.0   3399.2
66   8   -358.7   390.6   3587.0
66   9   -357.9   223.2   3581.9
66   10   -436.4   168.1   3578.7
66   11   -451.3   -168.7   3576.6
66   12   -416.3   -485.6   3631.4
66   13   -282.7   164.3   3592.5
66   14   -289.5   -172.3   3611.6
66   15   -301.3   -493.4   3650.1
66   16   -783.8   847.8   3339.0
66   17   37.8   901.4   3411.5
66   18   -359.7   647.5   3496.6
67   0   -361.9   743.4   3474.7
67   1   -359.5   586.6   3513.1
67   2   -484.9   582.9   3476.2
67   3   -660.2   684.0   3384.2
67   4   -809.3   885.9   3334.3
67   5   -228.7   599.5   3517.3
67   6   -42.9   716.6   3482.3
67   7   62.8   938.6   3416.1
67   8   -358.8   391.4   3580.4
67   9   -358.3   222.8   3576.9
67   10   -437.1   168.7   3573.2
67   11   -451.3   -166.6   3573.0
67   12   -416.6   -482.8   3632.1
67   13   -283.1   165.3   3591.3
67   14   -289.5   -169.7   3610.8
67   15   -301.2   -490.7   3649.8
67   16   -784.4   852.2   3342.7
67   17   45.2   901.6   3427.1
67   18   -359.7   649.5   3491.4
68   0   -361.8   744.9   3473.4
68   1   -359.5   587.3   3509.5
68   2   -484.8   582.9   3480.6
68   3   -659.9   683.8   3388.8
68   4   -806.0   887.1   3335.7
68   5   -230.9   597.1   3517.2
68   6   -43.3   710.9   3485.2
68   7   48.6   938.3   3416.0
68   8   -358.8   391.2   3575.7
68   9   -358.6   221.6   3572.7
68   10   -437.8   168.9   3564.4
68   11   -451.4   -165.2   3566.3
68   12   -416.9   -480.6   3631.0
68   13   -282.8   165.6   3589.1
68   14   -289.4   -168.1   3609.6
68   15   -301.2   -489.1   3649.7
68   16   -781.6   853.2   3344.5
68   17   33.3   900.4   3427.5
68   18   -359.7   650.4   3488.2
69   0   -362.1   744.3   3475.0
69   1   -359.6   586.1   3508.1
69   2   -484.8   580.7   3484.9
69   3   -657.1   683.2   3390.9
69   4   -802.3   885.5   3333.5
69   5   -233.6   590.4   3517.4
69   6   -46.1   703.8   3486.9
69   7   40.9   930.7   3409.8
69   8   -358.9   389.3   3573.5
69   9   -358.9   218.8   3570.3
69   10   -439.3   167.6   3560.5
69   11   -451.5   -165.6   3560.1
69   12   -417.0   -480.6   3628.6
69   13   -281.4   164.5   3586.2
69   14   -289.3   -168.1   3608.2
69   15   -301.3   -489.4   3649.6
69   16   -778.1   851.8   3343.1
69   17   26.4   892.9   3422.7
69   18   -359.9   649.2   3487.1
70   0   -362.7   742.4   3478.8
70   1   -359.9   583.5   3508.2
70   2   -485.4   578.4   3488.7
70   3   -654.0   683.0   3391.1
70   4   -799.2   883.1   3326.9
70   5   -235.1   585.7   3519.6
70   6   -48.4   699.3   3487.1
70   7   39.7   923.5   3402.6
70   8   -359.4   386.5   3573.0
70   9   -359.1   215.2   3569.2
70   10   -441.0   166.1   3557.9
70   11   -451.7   -166.4   3557.8
70   12   -416.9   -481.5   3627.4
70   13   -279.6   162.9   3582.6
70   14   -289.1   -168.8   3605.1
70   15   -301.3   -490.2   3649.5
70   16   -774.9   849.8   3337.6
70   17   25.0   886.2   3416.7
70   18   -360.0   646.7   3487.4
71   0   -363.5   740.2   3484.5
71   1   -360.2   580.8   3508.9
71   2   -486.1   576.4   3492.7
71   3   -650.4   682.7   3390.3
71   4   -796.3   881.0   3320.0
71   5   -235.8   582.4   3522.1
71   6   -50.5   697.4   3487.1
71   7   41.7   919.0   3398.3
71   8   -360.1   383.6   3573.2
71   9   -359.5   211.7   3568.8
71   10   -442.6   164.8   3556.5
71   11   -451.9   -167.1   3557.2
71   12   -416.9   -482.3   3627.5
71   13   -278.1   161.7   3580.4
71   14   -288.9   -169.5   3600.5
71   15   -301.3   -490.3   3649.3
71   16   -772.0   847.9   3331.7
71   17   26.3   882.1   3413.1
71   18   -360.3   644.1   3488.3
72   0   -364.5   738.4   3490.4
72   1   -360.6   578.9   3509.9
72   2   -487.0   575.2   3493.2
72   3   -648.3   684.2   3389.1
72   4   -794.1   880.4   3310.0
72   5   -236.4   580.2   3524.9
72   6   -52.6   696.6   3487.3
72   7   43.8   917.1   3397.4
72   8   -361.0   381.8   3573.8
72   9   -359.8   209.3   3568.7
72   10   -443.5   164.2   3555.6
72   11   -452.0   -167.3   3556.7
72   12   -417.0   -482.0   3627.7
72   13   -277.4   161.4   3579.4
72   14   -288.8   -169.6   3597.0
72   15   -301.3   -489.6   3649.1
72   16   -769.8   847.7   3323.2
72   17   27.7   880.4   3412.4
72   18   -360.5   642.1   3489.4
73   0   -365.5   737.4   3494.1
73   1   -361.1   577.7   3511.0
73   2   -487.7   574.6   3493.3
73   3   -646.3   686.2   3387.7
73   4   -793.5   883.0   3310.7
73   5   -236.2   579.1   3525.0
73   6   -53.2   696.8   3487.6
73   7   46.4   917.0   3398.4
73   8   -362.0   380.9   3574.6
73   9   -360.2   208.0   3568.7
73   10   -444.1   164.0   3555.4
73   11   -452.2   -167.1   3556.6
73   12   -417.6   -481.5   3627.8
73   13   -277.4   161.3   3579.1
73   14   -288.8   -169.4   3595.0
73   15   -301.2   -488.7   3649.0
73   16   -769.0   850.2   3323.6
73   17   29.8   880.3   3413.3
73   18   -360.8   641.0   3490.6
74   0   -366.2   736.8   3495.9
74   1   -361.5   577.1   3512.0
74   2   -488.2   574.4   3493.3
74   3   -643.9   688.2   3386.0
74   4   -791.7   884.7   3306.6
74   5   -235.6   578.8   3523.4
74   6   -52.9   697.4   3487.9
74   7   52.3   917.0   3401.4
74   8   -362.9   380.6   3575.3
74   9   -360.6   207.4   3568.8
74   10   -444.5   164.0   3555.3
74   11   -452.3   -166.8   3556.7
74   12   -418.4   -481.0   3628.1
74   13   -277.7   161.3   3579.0
74   14   -288.8   -169.0   3594.5
74   15   -301.2   -488.0   3649.6
74   16   -767.1   852.0   3319.8
74   17   34.7   880.4   3415.8
74   18   -361.0   640.4   3491.6
75   0   -366.6   736.6   3496.6
75   1   -361.8   576.8   3512.8
75   2   -488.4   574.5   3493.4
75   3   -642.3   688.8   3383.9
75   4   -790.2   885.2   3301.9
75   5   -235.1   578.9   3522.1
75   6   -52.3   697.8   3488.1
75   7   53.3   917.5   3399.8
75   8   -363.8   380.6   3575.7
75   9   -361.0   207.1   3568.8
75   10   -444.9   164.0   3555.3
75   11   -452.4   -166.6   3556.8
75   12   -418.7   -480.5   3628.5
75   13   -278.1   161.4   3579.0
75   14   -288.9   -168.8   3594.7
75   15   -301.2   -487.1   3652.4
75   16   -765.6   852.5   3315.5
75   17   35.7   880.9   3414.5
75   18   -361.1   640.1   3492.6
76   0   -366.8   736.6   3496.7
76   1   -362.0   576.7   3513.6
76   2   -488.5   574.7   3493.5
76   3   -641.2   688.8   3382.2
76   4   -789.5   886.0   3300.4
76   5   -234.6   579.5   3521.2
76   6   -51.5   698.3   3488.0
76   7   59.5   916.3   3400.0
76   8   -364.6   380.8   3576.1
76   9   -361.3   207.0   3568.8
76   10   -445.3   164.1   3555.3
76   11   -452.4   -166.3   3556.9
76   12   -418.8   -479.7   3629.7
76   13   -278.4   161.4   3578.9
76   14   -288.9   -168.5   3594.8
76   15   -301.1   -486.1   3655.2
76   16   -764.8   853.2   3314.1
76   17   41.0   879.9   3414.6
76   18   -361.2   640.0   3493.4
77   0   -366.9   736.6   3496.6
77   1   -362.2   576.7   3514.1
77   2   -488.5   575.0   3493.6
77   3   -640.1   688.1   3379.9
77   4   -783.9   886.9   3299.1
77   5   -234.2   580.1   3520.6
77   6   -51.0   698.5   3487.8
77   7   54.0   915.7   3395.6
77   8   -365.4   381.1   3576.2
77   9   -361.7   207.0   3568.9
77   10   -445.7   164.1   3555.3
77   11   -452.5   -166.1   3556.9
77   12   -418.8   -478.8   3631.0
77   13   -278.8   161.5   3578.8
77   14   -289.0   -168.3   3595.0
77   15   -301.1   -484.8   3658.7
77   16   -759.9   853.7   3312.6
77   17   36.5   879.5   3410.9
77   18   -361.2   640.0   3494.0
78   0   -366.9   736.7   3496.5
78   1   -362.4   576.7   3514.3
78   2   -488.5   575.3   3493.3
78   3   -639.9   687.9   3378.9
78   4   -779.0   888.8   3300.4
78   5   -234.1   580.3   3520.2
78   6   -50.7   698.6   3487.6
78   7   51.7   912.9   3390.4
78   8   -366.1   381.4   3576.1
78   9   -362.1   207.1   3568.9
78   10   -446.1   164.2   3555.2
78   11   -452.6   -165.9   3556.9
78   12   -418.8   -478.5   3630.3
78   13   -279.2   161.5   3578.6
78   14   -289.0   -168.1   3595.1
78   15   -301.1   -484.9   3655.8
78   16   -755.8   855.3   3313.4
78   17   34.6   877.2   3406.6
78   18   -361.2   640.0   3494.3
79   0   -366.9   736.7   3496.3
79   1   -362.5   576.7   3514.4
79   2   -488.4   575.6   3492.8
79   3   -639.9   687.9   3378.2
79   4   -776.0   891.1   3302.2
79   5   -234.2   580.6   3520.1
79   6   -50.6   698.5   3487.1
79   7   56.3   909.1   3388.4
79   8   -366.6   381.9   3576.0
79   9   -362.5   207.2   3568.9
79   10   -446.5   164.4   3555.2
79   11   -452.6   -165.7   3556.9
79   12   -418.8   -478.1   3629.8
79   13   -279.5   161.6   3578.2
79   14   -289.1   -167.9   3595.2
79   15   -301.1   -485.0   3653.2
79   16   -753.3   857.2   3314.8
79   17   38.5   874.0   3404.9
79   18   -361.2   640.1   3494.4
80   0   -366.8   736.8   3496.2
80   1   -362.6   576.7   3514.5
80   2   -488.4   575.9   3492.7
80   3   -639.9   687.8   3377.6
80   4   -773.6   893.5   3303.2
80   5   -234.2   580.8   3520.1
80   6   -50.6   698.5   3486.5
80   7   66.5   904.2   3388.4
80   8   -366.9   382.3   3575.8
80   9   -362.9   209.0   3569.0
80   10   -447.0   164.6   3555.2
80   11   -452.7   -165.4   3556.9
80   12   -418.8   -477.7   3629.6
80   13   -279.8   161.7   3577.6
80   14   -289.1   -167.7   3595.2
80   15   -301.1   -484.8   3652.5
80   16   -751.3   859.2   3315.6
80   17   47.0   870.0   3404.8
80   18   -361.2   640.1   3494.5
81   0   -366.8   737.2   3496.1
81   1   -362.6   577.1   3514.4
81   2   -488.4   576.7   3491.9
81   3   -640.2   687.9   3376.7
81   4   -774.1   890.8   3299.7
81   5   -234.1   581.5   3520.0
81   6   -50.3   698.6   3485.8
81   7   57.3   903.6   3379.9
81   8   -366.9   383.0   3575.5
81   9   -363.2   211.6   3569.1
81   10   -447.3   164.9   3555.1
81   11   -452.7   -165.0   3556.9
81   12   -418.8   -477.2   3629.6
81   13   -280.0   161.8   3577.2
81   14   -289.1   -167.5   3595.1
81   15   -301.1   -484.4   3653.0
81   16   -751.8   857.0   3312.5
81   17   39.4   869.4   3397.5
81   18   -361.1   640.5   3494.4
82   0   -366.7   737.9   3495.9
82   1   -362.5   577.8   3514.2
82   2   -488.3   577.7   3491.6
82   3   -640.4   687.9   3375.9
82   4   -764.7   892.1   3293.8
82   5   -234.0   582.4   3519.9
82   6   -50.1   698.4   3482.7
82   7   62.8   899.4   3379.2
82   8   -366.8   383.6   3575.3
82   9   -363.4   214.2   3569.1
82   10   -447.6   165.4   3555.0
82   11   -452.7   -164.4   3556.9
82   12   -418.7   -476.1   3630.0
82   13   -280.2   162.0   3576.4
82   14   -289.1   -167.2   3595.1
82   15   -301.1   -483.7   3653.3
82   16   -744.0   858.1   3307.5
82   17   44.0   865.9   3396.5
82   18   -361.0   641.2   3494.3
83   0   -366.6   738.7   3495.7
83   1   -362.3   578.6   3514.1
83   2   -488.1   578.7   3491.5
83   3   -640.3   687.8   3375.0
83   4   -754.4   894.2   3290.0
83   5   -234.1   583.1   3519.8
83   6   -50.3   698.0   3478.9
83   7   70.8   896.3   3385.4
83   8   -366.7   384.1   3575.0
83   9   -363.6   216.5   3569.2
83   10   -447.8   165.9   3554.8
83   11   -452.7   -163.8   3556.8
83   12   -418.8   -475.1   3629.9
83   13   -280.3   162.1   3575.4
83   14   -289.2   -166.9   3595.0
83   15   -301.1   -482.9   3653.4
83   16   -735.4   859.8   3304.2
83   17   50.6   863.2   3401.0
83   18   -360.9   642.0   3494.2
84   0   -366.5   739.5   3495.4
84   1   -362.2   579.4   3513.8
84   2   -488.0   579.7   3491.4
84   3   -640.2   687.7   3373.8
84   4   -749.8   894.6   3289.3
84   5   -234.1   583.6   3519.5
84   6   -50.8   697.4   3474.1
84   7   75.8   895.3   3392.6
84   8   -366.6   384.5   3574.8
84   9   -363.7   218.4   3569.2
84   10   -447.9   166.5   3554.6
84   11   -452.8   -163.2   3556.5
84   12   -419.0   -474.5   3629.5
84   13   -280.5   162.3   3574.2
84   14   -289.2   -166.6   3594.8
84   15   -301.1   -482.5   3653.4
84   16   -731.6   860.1   3303.4
84   17   54.7   862.3   3406.2
84   18   -360.8   642.8   3494.0
85   0   -366.4   740.1   3495.0
85   1   -362.1   579.9   3513.4
85   2   -487.7   580.1   3490.6
85   3   -639.9   687.6   3372.6
85   4   -749.2   893.7   3290.0
85   5   -234.0   583.8   3518.3
85   6   -51.2   696.9   3469.1
85   7   78.2   895.4   3398.4
85   8   -366.5   384.4   3573.9
85   9   -363.8   219.4   3568.8
85   10   -448.0   166.8   3554.3
85   11   -452.8   -166.3   3556.3
85   12   -419.0   -477.7   3629.6
85   13   -280.7   162.3   3573.1
85   14   -289.3   -170.0   3594.9
85   15   -301.2   -486.0   3654.0
85   16   -731.0   859.4   3303.7
85   17   56.6   862.3   3410.2
85   18   -360.6   643.4   3493.8
86   0   -366.2   740.5   3494.6
86   1   -361.9   580.2   3512.9
86   2   -487.4   580.4   3490.2
86   3   -639.2   687.5   3371.3
86   4   -754.4   891.1   3295.0
86   5   -234.0   583.9   3517.6
86   6   -51.3   696.6   3467.0
86   7   77.1   895.7   3399.9
86   8   -366.2   384.0   3572.4
86   9   -363.8   219.9   3568.0
86   10   -447.9   167.0   3553.8
86   11   -452.8   -167.3   3556.2
86   12   -418.9   -479.0   3630.0
86   13   -280.9   162.4   3571.8
86   14   -289.4   -171.0   3594.8
86   15   -301.3   -487.3   3654.3
86   16   -735.2   857.2   3307.7
86   17   55.7   862.5   3411.1
86   18   -360.5   643.8   3493.6
87   0   -365.9   740.7   3494.3
87   1   -361.7   580.3   3512.4
87   2   -487.1   580.6   3488.6
87   3   -638.6   687.6   3369.3
87   4   -762.2   887.9   3299.6
87   5   -233.9   583.9   3516.9
87   6   -51.1   696.3   3466.0
87   7   72.6   896.9   3396.5
87   8   -366.0   383.4   3570.9
87   9   -363.8   220.0   3567.2
87   10   -447.8   167.0   3553.3
87   11   -452.8   -167.2   3556.1
87   12   -418.8   -479.2   3630.3
87   13   -281.1   162.5   3571.3
87   14   -289.4   -170.8   3594.8
87   15   -301.3   -487.6   3654.3
87   16   -741.6   854.5   3311.2
87   17   52.0   863.5   3408.1
87   18   -360.3   644.0   3493.4
88   0   -365.4   740.8   3494.1
88   1   -361.5   580.4   3511.9
88   2   -486.9   580.6   3488.4
88   3   -638.1   687.2   3368.4
88   4   -770.1   884.0   3301.5
88   5   -233.8   583.9   3516.2
88   6   -50.7   696.0   3465.7
88   7   77.1   894.3   3394.8
88   8   -365.8   382.9   3569.6
88   9   -363.8   218.3   3566.4
88   10   -447.7   167.1   3552.9
88   11   -452.8   -166.5   3556.0
88   12   -418.8   -479.1   3629.9
88   13   -281.2   162.6   3571.1
88   14   -289.4   -170.1   3594.8
88   15   -301.2   -487.3   3654.2
88   16   -748.1   851.2   3312.6
88   17   55.8   861.3   3406.6
88   18   -360.2   644.1   3493.3
89   0   -364.8   740.9   3493.9
89   1   -361.4   580.3   3511.4
89   2   -486.7   580.7   3488.9
89   3   -637.7   686.5   3368.0
89   4   -764.4   885.4   3298.0
89   5   -233.6   583.9   3515.4
89   6   -50.2   695.6   3465.5
89   7   90.6   885.4   3398.0
89   8   -365.6   382.4   3568.4
89   9   -363.8   215.8   3565.6
89   10   -447.7   167.1   3552.3
89   11   -452.8   -165.7   3555.9
89   12   -418.8   -478.8   3629.2
89   13   -281.3   162.7   3571.0
89   14   -289.3   -169.2   3594.7
89   15   -301.1   -486.8   3654.0
89   16   -743.3   852.2   3309.7
89   17   67.1   853.7   3409.2
89   18   -360.0   644.1   3493.1
90   0   -363.9   740.9   3493.8
90   1   -361.2   580.3   3511.0
90   2   -486.5   580.7   3488.9
90   3   -637.6   685.9   3367.6
90   4   -768.6   882.5   3300.3
90   5   -233.4   583.8   3514.5
90   6   -49.4   694.9   3465.4
90   7   97.0   881.2   3400.8
90   8   -365.3   381.9   3567.2
90   9   -363.7   213.4   3564.8
90   10   -447.6   167.0   3551.5
90   11   -452.8   -165.0   3555.6
90   12   -418.7   -478.6   3627.7
90   13   -281.4   162.8   3571.0
90   14   -289.3   -168.4   3594.5
90   15   -300.8   -486.3   3653.8
90   16   -746.8   849.8   3311.5
90   17   72.6   850.2   3411.6
90   18   -359.8   644.2   3492.9
91   0   -363.0   740.9   3493.8
91   1   -361.0   580.2   3510.7
91   2   -486.3   580.8   3488.6
91   3   -637.8   685.7   3367.5
91   4   -771.7   881.5   3302.0
91   5   -233.3   583.8   3513.8
91   6   -48.6   694.0   3465.1
91   7   97.7   881.4   3401.7
91   8   -365.1   381.6   3566.6
91   9   -363.7   211.4   3564.1
91   10   -447.5   167.0   3550.7
91   11   -452.7   -164.4   3555.4
91   12   -418.8   -478.4   3627.0
91   13   -281.4   162.9   3571.0
91   14   -289.2   -167.7   3594.4
91   15   -300.6   -485.9   3653.6
91   16   -749.4   848.8   3312.9
91   17   73.3   850.2   3412.3
91   18   -359.7   644.1   3492.7
92   0   -362.1   740.9   3493.7
92   1   -360.8   580.2   3510.5
92   2   -486.0   580.8   3488.0
92   3   -637.9   685.7   3367.5
92   4   -772.6   881.5   3302.0
92   5   -233.1   583.7   3512.9
92   6   -47.7   692.9   3464.6
92   7   93.4   884.8   3401.3
92   8   -364.8   381.5   3566.3
92   9   -363.7   209.9   3563.7
92   10   -447.5   167.0   3550.3
92   11   -452.7   -164.0   3555.2
92   12   -418.8   -478.1   3626.8
92   13   -281.4   162.9   3571.0
92   14   -289.2   -167.2   3594.2
92   15   -299.8   -485.5   3653.4
92   16   -750.2   848.9   3312.9
92   17   69.9   852.8   3411.9
92   18   -359.5   644.1   3492.5
93   0   -361.3   741.0   3493.6
93   1   -360.5   580.2   3510.3
93   2   -485.8   580.9   3487.9
93   3   -637.8   685.6   3367.4
93   4   -769.2   882.6   3300.0
93   5   -232.9   583.7   3512.5
93   6   -46.8   691.4   3463.9
93   7   91.5   885.4   3402.2
93   8   -364.3   381.4   3566.2
93   9   -363.7   210.4   3563.5
93   10   -447.4   166.9   3549.8
93   11   -452.7   -163.7   3554.9
93   12   -418.8   -477.9   3626.7
93   13   -281.3   162.9   3571.0
93   14   -289.1   -166.8   3593.9
93   15   -299.3   -485.5   3652.2
93   16   -747.3   849.7   3311.2
93   17   68.5   853.0   3412.5
93   18   -359.3   644.1   3492.3
94   0   -360.4   741.0   3493.5
94   1   -360.3   580.2   3510.2
94   2   -485.6   581.0   3488.0
94   3   -637.6   685.4   3367.3
94   4   -768.0   883.0   3300.2
94   5   -232.8   583.7   3512.3
94   6   -45.8   689.8   3463.8
94   7   89.5   885.9   3402.5
94   8   -363.9   381.4   3566.2
94   9   -363.7   211.8   3563.3
94   10   -447.4   166.8   3549.2
94   11   -452.7   -163.4   3554.5
94   12   -418.8   -477.7   3626.6
94   13   -281.3   163.0   3571.0
94   14   -289.0   -166.5   3593.7
94   15   -299.3   -485.3   3651.6
94   16   -746.2   850.1   3311.4
94   17   67.0   853.2   3412.7
94   18   -359.1   644.1   3492.1
95   0   -359.5   741.0   3493.3
95   1   -360.0   580.3   3510.0
95   2   -485.4   581.0   3488.0
95   3   -637.3   685.4   3367.2
95   4   -768.1   884.8   3301.1
95   5   -232.7   583.8   3512.1
95   6   -44.8   688.5   3463.9
95   7   88.7   887.5   3402.3
95   8   -363.4   381.4   3566.3
95   9   -363.6   213.5   3563.3
95   10   -447.3   166.8   3548.8
95   11   -452.6   -163.3   3554.0
95   12   -418.9   -477.6   3626.5
95   13   -281.2   163.0   3571.0
95   14   -288.9   -166.2   3593.6
95   15   -299.9   -485.2   3651.4
95   16   -746.3   851.6   3312.1
95   17   66.4   854.3   3412.6
95   18   -359.0   644.1   3492.0
96   0   -358.6   740.9   3493.2
96   1   -359.7   580.3   3509.9
96   2   -485.3   581.1   3488.1
96   3   -637.0   685.6   3367.2
96   4   -768.3   887.1   3300.6
96   5   -232.5   583.8   3511.9
96   6   -43.8   687.2   3464.1
96   7   88.3   889.6   3401.9
96   8   -362.7   381.4   3566.3
96   9   -363.6   215.0   3563.3
96   10   -447.3   166.7   3548.7
96   11   -452.6   -163.1   3553.5
96   12   -419.2   -477.5   3626.1
96   13   -281.0   163.1   3570.9
96   14   -288.6   -166.0   3593.5
96   15   -300.2   -485.0   3651.4
96   16   -746.4   853.5   3311.7
96   17   66.3   855.8   3412.2
96   18   -358.8   644.1   3491.8
97   0   -358.0   740.9   3493.1
97   1   -359.4   580.3   3509.7
97   2   -485.1   581.1   3488.0
97   3   -636.3   686.0   3366.8
97   4   -767.7   887.0   3298.0
97   5   -232.3   583.9   3511.8
97   6   -43.0   686.1   3464.1
97   7   87.2   890.1   3402.0
97   8   -361.9   381.4   3566.3
97   9   -363.6   216.3   3563.3
97   10   -447.3   166.6   3548.6
97   11   -452.5   -163.1   3553.2
97   12   -418.9   -477.1   3628.4
97   13   -280.9   163.2   3570.9
97   14   -288.4   -165.7   3593.5
97   15   -300.4   -484.9   3651.6
97   16   -745.8   853.5   3309.5
97   17   65.5   856.1   3412.3
97   18   -358.6   644.1   3491.6
98   0   -357.5   740.9   3493.0
98   1   -359.0   580.3   3509.6
98   2   -484.9   581.1   3488.0
98   3   -635.3   686.6   3366.2
98   4   -761.0   887.9   3291.5
98   5   -232.0   584.0   3511.6
98   6   -42.1   685.3   3464.0
98   7   85.8   889.7   3402.3
98   8   -361.1   381.5   3566.3
98   9   -363.5   217.3   3563.3
98   10   -447.4   166.4   3548.6
98   11   -452.5   -163.2   3553.4
98   12   -418.3   -476.6   3632.0
98   13   -280.7   163.2   3570.9
98   14   -288.0   -165.6   3593.4
98   15   -300.5   -485.1   3651.8
98   16   -740.0   854.3   3303.9
98   17   64.5   855.7   3412.6
98   18   -358.4   644.1   3491.4
99   0   -357.2   740.9   3492.9
99   1   -358.7   580.3   3509.4
99   2   -484.8   581.1   3488.0
99   3   -634.8   686.8   3366.0
99   4   -760.4   889.2   3295.1
99   5   -231.7   584.1   3511.4
99   6   -41.7   685.1   3463.7
99   7   83.1   891.0   3401.6
99   8   -360.6   381.5   3566.3
99   9   -363.5   218.1   3563.3
99   10   -447.4   166.2   3548.6
99   11   -452.3   -163.3   3554.0
99   12   -417.9   -476.9   3632.9
99   13   -280.6   163.1   3570.9
99   14   -287.9   -165.6   3593.3
99   15   -300.6   -485.2   3652.0
99   16   -739.5   855.5   3306.9
99   17   62.3   856.7   3412.0
99   18   -358.2   644.1   3491.2
100   0   -356.9   740.9   3492.8
100   1   -358.5   580.3   3509.3
100   2   -484.7   581.1   3488.0
100   3   -634.5   686.9   3366.0
100   4   -752.0   890.8   3289.1
100   5   -231.3   584.2   3511.1
100   6   -41.5   685.0   3463.0
100   7   73.3   895.1   3399.6
100   8   -360.2   381.6   3566.3
100   9   -363.4   218.8   3563.3
100   10   -447.4   166.0   3548.6
100   11   -452.2   -163.4   3554.3
100   12   -417.8   -477.1   3633.3
100   13   -280.5   163.1   3570.9
100   14   -287.9   -165.6   3592.8
100   15   -300.5   -485.3   3651.7
100   16   -732.4   856.8   3301.9
100   17   54.2   860.1   3410.2
100   18   -357.9   644.1   3491.0
101   0   -356.6   740.9   3492.6
101   1   -358.2   580.4   3509.1
101   2   -484.6   581.1   3488.0
101   3   -634.4   686.9   3366.0
101   4   -747.6   890.6   3285.7
101   5   -230.9   584.2   3510.9
101   6   -41.3   685.2   3462.1
101   7   61.7   899.3   3396.7
101   8   -359.8   381.6   3566.3
101   9   -363.4   219.3   3563.4
101   10   -447.4   165.8   3548.5
101   11   -452.1   -163.5   3554.3
101   12   -417.8   -477.1   3633.7
101   13   -280.4   162.9   3570.8
101   14   -287.9   -165.7   3592.1
101   15   -300.6   -485.3   3651.5
101   16   -728.8   856.7   3299.1
101   17   44.5   863.6   3407.6
101   18   -357.7   644.1   3490.8
102   0   -356.1   740.9   3492.5
102   1   -358.0   580.4   3509.0
102   2   -484.5   581.0   3488.0
102   3   -634.3   686.8   3366.0
102   4   -750.4   889.4   3290.3
102   5   -230.5   584.3   3510.7
102   6   -41.2   685.4   3461.3
102   7   56.5   900.4   3394.0
102   8   -359.7   381.7   3566.3
102   9   -363.4   219.7   3563.4
102   10   -447.4   165.7   3548.5
102   11   -452.1   -163.6   3554.4
102   12   -418.0   -477.1   3633.7
102   13   -280.4   162.7   3570.8
102   14   -287.8   -165.9   3591.7
102   15   -300.6   -485.2   3651.3
102   16   -731.1   855.7   3303.0
102   17   40.2   864.6   3405.2
102   18   -357.5   644.1   3490.6
103   0   -355.7   740.9   3492.3
103   1   -357.8   580.4   3508.8
103   2   -484.4   581.0   3488.0
103   3   -634.3   686.8   3366.1
103   4   -750.1   888.3   3289.7
103   5   -230.1   584.2   3510.5
103   6   -41.2   685.5   3459.7
103   7   58.1   899.6   3395.1
103   8   -359.7   381.7   3566.3
103   9   -363.3   220.1   3563.4
103   10   -447.4   165.5   3548.4
103   11   -452.0   -163.7   3554.5
103   12   -418.3   -476.7   3633.6
103   13   -280.5   162.4   3570.8
103   14   -287.9   -166.1   3591.5
103   15   -300.5   -485.0   3651.2
103   16   -730.8   854.7   3302.4
103   17   41.5   863.9   3405.8
103   18   -357.2   644.1   3490.3
104   0   -355.1   740.9   3492.2
104   1   -357.6   580.4   3508.6
104   2   -484.2   581.0   3487.9
104   3   -634.3   686.8   3366.3
104   4   -748.9   887.5   3288.5
104   5   -229.7   584.2   3510.3
104   6   -41.3   685.5   3457.9
104   7   67.5   895.3   3398.3
104   8   -359.7   381.8   3566.3
104   9   -363.3   220.4   3563.4
104   10   -447.4   165.4   3548.3
104   11   -452.0   -163.7   3554.6
104   12   -418.5   -476.0   3633.9
104   13   -280.5   162.3   3570.8
104   14   -287.9   -166.2   3591.4
104   15   -300.4   -484.3   3651.2
104   16   -729.8   854.1   3301.5
104   17   49.4   860.3   3408.3
104   18   -357.0   644.1   3490.1
105   0   -354.5   740.9   3492.0
105   1   -357.4   580.5   3508.4
105   2   -484.1   580.9   3487.9
105   3   -634.2   686.7   3366.4
105   4   -748.5   886.8   3288.1
105   5   -229.4   584.0   3510.1
105   6   -41.1   685.6   3457.7
105   7   78.8   889.3   3401.2
105   8   -359.8   381.9   3566.3
105   9   -363.3   220.6   3563.4
105   10   -447.3   165.3   3548.3
105   11   -452.0   -163.8   3554.6
105   12   -418.6   -475.0   3633.9
105   13   -280.5   162.3   3570.8
105   14   -287.8   -166.2   3591.3
105   15   -300.4   -483.1   3651.7
105   16   -729.5   853.4   3301.2
105   17   58.8   855.4   3410.7
105   18   -356.7   644.1   3489.8
106   0   -354.0   740.8   3491.8
106   1   -357.3   580.5   3508.2
106   2   -484.0   580.9   3487.9
106   3   -634.2   686.7   3366.5
106   4   -748.0   887.4   3290.7
106   5   -229.1   583.8   3510.0
106   6   -40.9   685.8   3458.4
106   7   65.4   894.5   3396.6
106   8   -359.9   381.9   3566.2
106   9   -363.3   220.8   3563.4
106   10   -447.2   165.2   3548.2
106   11   -452.0   -163.8   3554.7
106   12   -419.0   -474.2   3633.8
106   13   -280.5   162.3   3570.8
106   14   -287.8   -166.2   3591.2
106   15   -300.4   -482.1   3652.3
106   16   -729.0   854.0   3303.4
106   17   47.7   859.7   3406.9
106   18   -356.4   644.1   3489.6
107   0   -353.7   740.8   3491.7
107   1   -357.1   580.5   3508.0
107   2   -483.8   580.9   3487.9
107   3   -634.1   686.6   3366.6
107   4   -750.7   888.3   3295.5
107   5   -228.8   583.6   3509.9
107   6   -40.7   686.0   3458.7
107   7   55.9   898.0   3389.4
107   8   -360.0   382.0   3566.2
107   9   -363.3   221.0   3563.4
107   10   -447.1   165.1   3548.2
107   11   -452.0   -163.9   3554.7
107   12   -419.2   -473.7   3633.8
107   13   -280.5   162.2   3570.8
107   14   -287.8   -166.2   3591.0
107   15   -300.3   -481.4   3653.2
107   16   -731.2   854.7   3307.3
107   17   39.8   862.7   3400.9
107   18   -356.1   644.1   3489.4
108   0   -353.5   740.8   3491.5
108   1   -356.9   580.5   3507.8
108   2   -483.6   580.9   3487.9
108   3   -634.0   686.5   3366.7
108   4   -756.3   887.7   3297.5
108   5   -228.6   583.4   3509.7
108   6   -40.7   686.1   3458.8
108   7   62.6   898.0   3391.8
108   8   -360.2   382.1   3566.2
108   9   -363.3   221.2   3563.4
108   10   -447.1   165.1   3548.2
108   11   -452.1   -167.3   3554.7
108   12   -419.3   -477.4   3634.3
108   13   -280.6   162.1   3570.8
108   14   -287.8   -169.7   3590.8
108   15   -300.5   -485.0   3654.1
108   16   -736.0   854.2   3309.0
108   17   45.4   862.7   3402.9
108   18   -355.9   644.1   3489.1
109   0   -353.5   740.8   3491.4
109   1   -356.8   580.5   3507.6
109   2   -483.4   581.0   3487.9
109   3   -633.9   686.5   3366.9
109   4   -761.7   887.4   3297.7
109   5   -228.5   583.2   3509.5
109   6   -40.6   686.2   3459.1
109   7   62.3   900.4   3389.0
109   8   -360.4   382.1   3566.2
109   9   -363.3   221.3   3563.4
109   10   -447.0   165.1   3548.2
109   11   -452.1   -168.4   3554.6
109   12   -420.3   -478.4   3633.9
109   13   -280.4   162.3   3570.8
109   14   -287.7   -170.6   3590.8
109   15   -300.3   -485.6   3654.2
109   16   -740.4   853.9   3309.3
109   17   45.2   864.7   3400.7
109   18   -355.6   644.1   3488.9
110   0   -353.5   740.8   3491.3
110   1   -356.6   580.6   3507.5
110   2   -483.1   581.0   3487.8
110   3   -633.8   686.6   3367.1
110   4   -764.1   888.1   3296.0
110   5   -228.3   583.0   3509.4
110   6   -40.5   686.4   3459.4
110   7   71.4   899.3   3390.9
110   8   -360.5   382.2   3566.2
110   9   -363.3   221.5   3563.4
110   10   -447.0   165.1   3548.2
110   11   -452.1   -168.3   3554.5
110   12   -421.5   -478.0   3634.4
110   13   -280.3   162.5   3570.7
110   14   -287.6   -170.3   3590.7
110   15   -299.9   -485.0   3654.0
110   16   -742.4   854.5   3307.9
110   17   52.7   863.8   3402.3
110   18   -355.4   644.1   3488.6
111   0   -353.5   740.8   3491.2
111   1   -356.4   580.6   3507.3
111   2   -482.8   581.0   3487.8
111   3   -633.8   686.8   3367.5
111   4   -765.5   888.9   3293.6
111   5   -228.2   582.8   3509.4
111   6   -40.6   686.4   3459.5
111   7   82.6   896.3   3394.0
111   8   -360.6   382.3   3566.2
111   9   -363.2   221.6   3563.4
111   10   -447.0   165.1   3548.2
111   11   -452.0   -167.7   3554.5
111   12   -423.3   -476.8   3634.7
111   13   -280.1   162.8   3570.7
111   14   -287.5   -169.4   3590.6
111   15   -299.8   -483.7   3653.7
111   16   -743.6   855.2   3305.9
111   17   62.0   861.4   3404.9
111   18   -355.1   644.1   3488.4
112   0   -353.5   740.8   3491.2
112   1   -356.2   580.6   3507.1
112   2   -482.6   581.1   3487.8
112   3   -633.8   687.0   3367.9
112   4   -766.0   889.3   3289.9
112   5   -228.2   582.4   3509.5
112   6   -40.8   686.4   3459.4
112   7   85.5   897.1   3394.8
112   8   -360.6   382.4   3566.1
112   9   -363.2   221.7   3563.4
112   10   -447.0   165.1   3548.2
112   11   -452.0   -166.9   3554.4
112   12   -424.1   -475.7   3634.1
112   13   -280.1   162.8   3570.7
112   14   -287.4   -168.6   3590.5
112   15   -299.6   -482.2   3653.7
112   16   -744.0   855.6   3302.9
112   17   64.5   862.0   3405.6
112   18   -354.8   644.1   3488.2
113   0   -353.6   740.8   3491.2
113   1   -356.0   580.6   3507.0
113   2   -482.3   581.1   3487.8
113   3   -633.6   687.2   3368.2
113   4   -766.4   889.9   3287.4
113   5   -228.1   582.0   3509.5
113   6   -41.0   686.3   3459.2
113   7   87.6   897.7   3395.2
113   8   -360.7   382.4   3566.1
113   9   -363.2   221.8   3563.4
113   10   -447.0   165.2   3548.2
113   11   -451.9   -166.2   3554.4
113   12   -424.5   -474.6   3633.0
113   13   -280.1   162.8   3570.7
113   14   -287.2   -167.9   3590.5
113   15   -299.4   -480.9   3653.6
113   16   -744.3   856.1   3300.9
113   17   66.2   862.4   3405.9
113   18   -354.5   644.1   3488.1
114   0   -353.6   740.8   3491.2
114   1   -355.8   580.6   3506.9
114   2   -482.0   581.2   3487.8
114   3   -633.4   687.4   3368.5
114   4   -766.7   890.4   3285.6
114   5   -228.1   581.7   3509.5
114   6   -41.2   686.3   3459.1
114   7   85.5   899.9   3394.5
114   8   -360.7   382.4   3566.1
114   9   -363.2   221.9   3563.4
114   10   -446.9   165.2   3548.2
114   11   -451.9   -165.6   3554.4
114   12   -424.4   -473.8   3631.4
114   13   -280.1   162.8   3570.7
114   14   -287.1   -167.4   3590.5
114   15   -299.0   -479.8   3653.4
114   16   -744.5   856.5   3299.4
114   17   64.4   864.3   3405.2
114   18   -354.3   644.1   3488.0
115   0   -353.7   740.8   3491.2
115   1   -355.6   580.7   3506.9
115   2   -481.7   581.2   3487.8
115   3   -633.2   687.4   3368.6
115   4   -766.9   890.7   3284.1
115   5   -228.0   581.3   3509.5
115   6   -41.4   686.3   3459.1
115   7   78.4   904.3   3392.6
115   8   -360.7   382.5   3566.1
115   9   -363.2   222.0   3563.4
115   10   -446.9   165.2   3548.2
115   11   -451.9   -165.1   3554.4
115   12   -424.0   -473.3   3629.2
115   13   -280.1   162.8   3570.7
115   14   -287.0   -166.9   3590.5
115   15   -299.0   -478.8   3653.2
115   16   -744.6   856.8   3298.2
115   17   58.4   868.0   3403.6
115   18   -354.0   644.1   3487.9
116   0   -353.7   740.7   3491.2
116   1   -355.4   580.7   3506.8
116   2   -481.4   581.3   3487.8
116   3   -633.1   687.4   3368.8
116   4   -767.1   890.9   3283.2
116   5   -228.0   580.9   3509.5
116   6   -41.6   686.3   3459.1
116   7   68.1   909.4   3389.8
116   8   -360.7   382.5   3566.1
116   9   -363.2   222.0   3563.4
116   10   -446.9   165.2   3548.2
116   11   -451.9   -164.7   3554.4
116   12   -423.5   -472.8   3629.0
116   13   -280.1   162.8   3570.7
116   14   -287.0   -166.5   3590.5
116   15   -299.1   -478.3   3653.1
116   16   -744.7   857.0   3297.4
116   17   49.8   872.2   3401.4
116   18   -353.7   644.1   3487.8
117   0   -353.8   740.7   3491.2
117   1   -355.2   580.7   3506.8
117   2   -481.1   581.3   3487.8
117   3   -632.9   687.3   3368.9
117   4   -767.1   891.0   3281.8
117   5   -227.9   580.6   3509.5
117   6   -41.7   686.4   3459.1
117   7   76.4   906.0   3390.4
117   8   -360.7   382.5   3566.1
117   9   -363.1   222.1   3563.4
117   10   -446.9   165.2   3548.2
117   11   -451.9   -164.4   3554.5
117   12   -423.3   -472.9   3628.6
117   13   -280.1   162.8   3570.7
117   14   -287.0   -166.3   3590.5
117   15   -299.3   -478.3   3653.0
117   16   -744.7   857.0   3296.3
117   17   56.7   869.4   3401.8
117   18   -353.4   644.1   3487.8
118   0   -353.8   740.7   3491.2
118   1   -355.0   580.7   3506.8
118   2   -480.8   581.4   3487.8
118   3   -632.8   687.1   3369.0
118   4   -767.2   891.1   3281.2
118   5   -227.8   580.5   3509.5
118   6   -41.7   686.4   3459.1
118   7   63.4   912.2   3387.9
118   8   -360.7   382.5   3566.1
118   9   -363.1   222.1   3563.4
118   10   -446.9   165.2   3548.3
118   11   -451.9   -164.2   3554.5
118   12   -423.2   -473.0   3628.5
118   13   -280.0   162.8   3570.7
118   14   -287.0   -166.0   3590.4
118   15   -299.9   -478.5   3653.0
118   16   -744.8   857.1   3295.8
118   17   45.9   874.6   3399.8
118   18   -353.1   644.1   3487.8
119   0   -353.9   740.7   3491.2
119   1   -354.8   580.7   3506.8
119   2   -480.5   581.5   3487.8
119   3   -632.7   687.0   3369.1
119   4   -767.3   891.2   3280.9
119   5   -227.7   580.4   3509.5
119   6   -41.7   686.5   3459.1
119   7   79.5   904.9   3390.0
119   8   -360.7   382.6   3566.1
119   9   -363.1   222.1   3563.4
119   10   -446.9   165.2   3548.3
119   11   -451.9   -164.0   3554.6
119   12   -423.1   -473.3   3627.9
119   13   -280.0   162.7   3570.7
119   14   -287.0   -165.9   3590.4
119   15   -300.2   -478.5   3653.0
119   16   -744.9   857.2   3295.6
119   17   59.3   868.5   3401.5
119   18   -352.9   644.1   3487.8
120   0   -353.9   740.7   3491.2
120   1   -354.6   580.7   3506.8
120   2   -480.1   581.6   3487.8
120   3   -632.5   686.8   3369.2
120   4   -767.4   890.0   3281.4
120   5   -227.5   580.4   3509.6
120   6   -41.6   686.5   3459.0
120   7   69.3   909.1   3388.5
120   8   -360.7   382.6   3566.1
120   9   -363.1   222.2   3563.4
120   10   -446.9   165.1   3548.4
120   11   -451.9   -163.9   3554.9
120   12   -422.1   -473.2   3627.9
120   13   -280.0   162.7   3570.8
120   14   -287.0   -165.7   3590.6
120   15   -301.9   -478.4   3652.9
120   16   -744.9   856.1   3296.0
120   17   50.8   872.0   3400.2
120   18   -352.6   644.1   3487.8
121   0   -354.0   740.7   3491.2
121   1   -354.3   580.7   3506.7
121   2   -479.7   581.6   3487.8
121   3   -632.4   686.6   3369.3
121   4   -767.3   889.1   3284.4
121   5   -227.3   580.4   3509.6
121   6   -41.5   686.6   3458.9
121   7   59.4   912.1   3387.2
121   8   -360.7   382.6   3566.1
121   9   -363.1   222.2   3563.4
121   10   -446.9   165.2   3548.5
121   11   -451.9   -163.7   3554.9
121   12   -420.9   -473.1   3627.9
121   13   -280.0   162.7   3570.8
121   14   -287.0   -165.6   3590.9
121   15   -302.3   -478.6   3653.0
121   16   -744.8   855.4   3298.5
121   17   42.6   874.5   3399.1
121   18   -352.3   644.1   3487.7
122   0   -354.0   740.7   3491.2
122   1   -354.2   580.7   3506.7
122   2   -479.4   581.7   3487.8
122   3   -632.3   686.5   3369.5
122   4   -767.0   888.0   3285.9
122   5   -227.1   580.8   3509.6
122   6   -41.2   686.7   3458.8
122   7   54.6   913.0   3386.5
122   8   -360.7   382.6   3566.1
122   9   -363.1   222.2   3563.4
122   10   -447.0   165.3   3548.7
122   11   -451.9   -163.5   3554.9
122   12   -420.4   -473.6   3628.0
122   13   -280.0   162.7   3571.0
122   14   -287.0   -165.5   3591.3
122   15   -301.7   -479.2   3653.0
122   16   -744.5   854.4   3299.9
122   17   38.6   875.3   3398.5
122   18   -352.0   644.1   3487.7
123   0   -354.1   740.7   3491.3
123   1   -354.0   580.7   3506.7
123   2   -479.1   581.8   3487.8
123   3   -632.2   686.4   3369.7
123   4   -766.8   886.9   3286.5
123   5   -226.9   581.4   3509.7
123   6   -40.8   686.9   3458.7
123   7   57.6   911.2   3387.0
123   8   -360.7   382.6   3566.1
123   9   -363.0   222.3   3563.4
123   10   -447.0   165.2   3549.1
123   11   -451.9   -163.5   3554.9
123   12   -420.2   -474.6   3628.1
123   13   -280.0   162.8   3571.3
123   14   -287.0   -165.3   3591.9
123   15   -301.5   -480.3   3653.2
123   16   -744.3   853.4   3300.4
123   17   41.2   873.8   3399.0
123   18   -351.9   644.1   3487.7
124   0   -354.1   740.6   3491.3
124   1   -354.0   580.7   3506.7
124   2   -478.8   581.9   3487.8
124   3   -632.1   686.4   3369.9
124   4   -766.7   886.0   3286.5
124   5   -226.7   582.1   3509.7
124   6   -40.3   687.0   3458.5
124   7   68.7   906.1   3388.5
124   8   -360.7   382.6   3566.1
124   9   -363.0   222.3   3563.4
124   10   -447.0   165.2   3549.7
124   11   -452.0   -163.5   3555.0
124   12   -419.8   -475.3   3630.0
124   13   -280.0   162.7   3571.6
124   14   -287.0   -165.2   3593.1
124   15   -301.5   -481.4   3653.5
124   16   -744.3   852.8   3300.4
124   17   50.6   869.5   3400.2
124   18   -351.8   644.1   3487.7
125   0   -354.1   740.6   3491.3
125   1   -354.0   580.7   3506.7
125   2   -478.5   581.9   3487.8
125   3   -632.0   686.5   3370.1
125   4   -767.1   885.7   3287.0
125   5   -226.5   582.8   3509.7
125   6   -39.9   687.0   3458.4
125   7   86.0   897.2   3391.2
125   8   -360.7   382.6   3566.1
125   9   -363.0   222.3   3563.4
125   10   -447.0   165.0   3550.4
125   11   -452.2   -163.6   3555.2
125   12   -419.3   -476.1   3630.8
125   13   -280.1   162.7   3572.0
125   14   -286.9   -165.0   3595.1
125   15   -301.7   -482.6   3653.8
125   16   -744.6   852.5   3300.8
125   17   65.1   862.2   3402.4
125   18   -351.8   644.1   3487.7
126   0   -354.1   740.6   3491.3
126   1   -353.9   580.8   3506.7
126   2   -478.3   582.0   3487.8
126   3   -631.9   686.6   3370.3
126   4   -767.8   885.8   3287.6
126   5   -226.6   583.1   3509.7
126   6   -39.8   687.0   3458.3
126   7   94.6   893.0   3392.1
126   8   -360.7   382.7   3566.1
126   9   -363.0   222.4   3563.4
126   10   -447.0   165.0   3551.1
126   11   -452.2   -163.6   3555.2
126   12   -419.0   -476.9   3631.5
126   13   -280.1   162.7   3572.5
126   14   -286.9   -164.8   3597.5
126   15   -301.7   -483.6   3654.2
126   16   -745.1   852.6   3301.4
126   17   72.2   858.6   3403.1
126   18   -351.8   644.1   3487.6
127   0   -354.1   740.6   3491.3
127   1   -353.9   580.8   3506.6
127   2   -478.1   582.0   3487.8
127   3   -631.8   686.6   3370.5
127   4   -766.5   885.9   3287.8
127   5   -226.7   583.3   3509.6
127   6   -39.8   686.9   3458.2
127   7   96.4   891.2   3392.0
127   8   -360.7   382.7   3566.1
127   9   -363.0   222.4   3563.4
127   10   -447.1   164.9   3552.0
127   11   -452.2   -163.6   3555.3
127   12   -418.9   -477.7   3631.9
127   13   -280.2   162.8   3573.1
127   14   -286.9   -164.6   3600.1
127   15   -301.5   -484.7   3654.2
127   16   -744.0   852.7   3301.6
127   17   73.7   857.2   3403.0
127   18   -351.8   644.1   3487.6
128   0   -354.1   740.6   3491.3
128   1   -353.9   580.8   3506.6
128   2   -477.9   582.1   3487.8
128   3   -631.6   687.0   3370.8
128   4   -767.2   885.4   3289.7
128   5   -226.9   583.4   3509.6
128   6   -39.9   686.8   3458.0
128   7   94.9   890.8   3390.5
128   8   -360.7   382.7   3566.1
128   9   -362.9   222.4   3563.4
128   10   -447.2   164.9   3553.1
128   11   -452.2   -163.5   3555.5
128   12   -418.9   -478.4   3632.0
128   13   -280.3   162.8   3573.9
128   14   -287.0   -164.5   3601.3
128   15   -300.9   -485.7   3653.8
128   16   -744.6   852.3   3303.2
128   17   72.4   856.8   3401.7
128   18   -351.8   644.1   3487.6
129   0   -354.1   740.6   3491.3
129   1   -353.9   580.8   3506.6
129   2   -477.8   582.3   3487.8
129   3   -631.5   687.6   3371.3
129   4   -769.6   884.9   3293.0
129   5   -227.0   583.5   3509.5
129   6   -40.1   686.7   3457.7
129   7   92.2   891.1   3388.2
129   8   -360.7   382.7   3566.1
129   9   -362.9   222.4   3563.4
129   10   -447.2   164.9   3554.3
129   11   -452.2   -163.5   3555.8
129   12   -418.8   -479.2   3632.2
129   13   -280.4   162.8   3574.8
129   14   -287.0   -164.4   3601.8
129   15   -300.8   -486.5   3653.7
129   16   -746.5   852.0   3306.0
129   17   70.2   857.1   3399.8
129   18   -351.8   644.1   3487.6
130   0   -354.1   740.6   3491.3
130   1   -353.9   580.8   3506.6
130   2   -477.7   582.3   3487.8
130   3   -631.3   688.4   3371.9
130   4   -773.2   884.2   3295.6
130   5   -227.2   583.5   3509.5
130   6   -40.3   686.6   3457.2
130   7   91.2   890.9   3384.7
130   8   -360.7   382.7   3566.1
130   9   -362.9   222.5   3563.4
130   10   -447.3   164.9   3555.5
130   11   -452.2   -163.5   3556.2
130   12   -418.6   -479.8   3632.3
130   13   -280.5   162.9   3575.7
130   14   -287.1   -164.4   3602.1
130   15   -300.8   -487.1   3653.5
130   16   -749.6   851.6   3308.3
130   17   69.3   856.9   3396.8
130   18   -351.8   644.1   3487.5
131   0   -354.1   740.6   3491.3
131   1   -353.9   580.8   3506.6
131   2   -477.6   582.4   3487.7
131   3   -631.4   688.7   3372.3
131   4   -774.1   884.8   3296.4
131   5   -227.3   583.6   3509.5
131   6   -40.6   686.4   3456.1
131   7   91.3   890.1   3380.8
131   8   -360.7   382.7   3566.1
131   9   -362.9   222.5   3563.4
131   10   -447.4   164.9   3556.5
131   11   -452.2   -163.4   3556.7
131   12   -418.4   -480.4   3632.4
131   13   -280.7   162.9   3576.4
131   14   -287.1   -164.4   3602.2
131   15   -300.8   -487.7   3653.0
131   16   -750.3   852.1   3309.1
131   17   69.4   856.2   3393.4
131   18   -351.8   644.1   3487.5
132   0   -354.1   740.6   3491.3
132   1   -353.9   580.8   3506.5
132   2   -477.5   582.4   3487.7
132   3   -631.4   688.6   3372.5
132   4   -774.1   885.5   3296.6
132   5   -227.4   583.7   3509.5
132   6   -40.9   686.1   3454.8
132   7   91.8   888.6   3375.5
132   8   -360.7   382.7   3566.1
132   9   -362.9   222.5   3563.5
132   10   -447.4   164.9   3557.3
132   11   -452.2   -163.4   3557.2
132   12   -418.0   -480.7   3632.7
132   13   -280.9   162.9   3577.5
132   14   -287.1   -164.4   3602.3
132   15   -300.8   -488.2   3652.2
132   16   -750.3   852.7   3309.3
132   17   69.7   854.9   3388.7
132   18   -351.8   644.1   3487.5
133   0   -354.1   740.6   3491.3
133   1   -353.9   580.8   3506.5
133   2   -477.4   582.4   3487.7
133   3   -631.6   688.4   3372.7
133   4   -773.7   886.1   3296.3
133   5   -227.5   583.7   3509.4
133   6   -41.4   685.8   3452.9
133   7   92.2   888.3   3373.7
133   8   -360.7   382.8   3566.0
133   9   -362.9   222.6   3563.5
133   10   -447.4   165.0   3558.2
133   11   -452.2   -163.3   3557.4
133   12   -417.2   -480.8   3632.8
133   13   -281.1   163.0   3578.9
133   14   -287.2   -164.4   3602.4
133   15   -300.8   -488.6   3651.6
133   16   -750.0   853.2   3309.0
133   17   69.9   854.6   3386.9
133   18   -351.8   644.1   3487.5
134   0   -354.1   740.5   3491.3
134   1   -353.9   580.8   3506.5
134   2   -477.3   582.4   3487.7
134   3   -631.8   688.2   3372.9
134   4   -772.9   886.6   3295.7
134   5   -227.6   583.7   3509.4
134   6   -41.9   685.5   3451.0
134   7   93.0   888.7   3375.1
134   8   -360.7   382.8   3566.0
134   9   -362.9   222.6   3563.5
134   10   -447.5   164.9   3559.4
134   11   -452.2   -163.3   3557.6
134   12   -416.3   -480.6   3633.0
134   13   -281.2   162.9   3579.4
134   14   -287.2   -164.5   3602.4
134   15   -300.8   -488.8   3650.6
134   16   -749.3   853.5   3308.6
134   17   70.5   854.8   3387.8
134   18   -351.8   644.1   3487.4
135   0   -354.1   740.5   3491.3
135   1   -353.9   580.8   3506.4
135   2   -477.2   582.5   3487.7
135   3   -632.3   688.3   3373.7
135   4   -771.9   887.0   3294.9
135   5   -227.6   583.8   3509.4
135   6   -42.6   685.1   3448.2
135   7   93.8   889.1   3377.9
135   8   -360.7   382.8   3566.0
135   9   -362.9   222.6   3563.5
135   10   -447.6   165.0   3560.5
135   11   -452.2   -163.2   3558.2
135   12   -416.0   -480.2   3633.4
135   13   -281.3   162.8   3579.4
135   14   -287.2   -164.6   3602.4
135   15   -300.9   -488.4   3651.1
135   16   -748.7   853.9   3308.1
135   17   71.1   855.1   3389.6
135   18   -351.8   644.1   3487.4
136   0   -354.1   740.5   3491.3
136   1   -353.9   580.8   3506.4
136   2   -477.1   582.5   3487.7
136   3   -632.5   688.1   3374.0
136   4   -771.8   886.8   3294.7
136   5   -227.7   583.8   3509.3
136   6   -43.5   684.6   3445.0
136   7   94.7   889.5   3381.3
136   8   -360.7   382.8   3566.0
136   9   -362.9   222.7   3563.5
136   10   -447.7   165.1   3560.6
136   11   -452.2   -163.1   3558.4
136   12   -416.1   -479.6   3633.6
136   13   -281.3   162.6   3579.3
136   14   -287.2   -164.7   3602.4
136   15   -300.9   -488.0   3651.9
136   16   -748.6   853.7   3307.9
136   17   71.7   855.3   3391.9
136   18   -351.8   644.1   3487.4
137   0   -354.1   740.5   3491.3
137   1   -353.9   580.8   3506.4
137   2   -477.1   582.6   3487.7
137   3   -632.8   688.0   3374.3
137   4   -772.1   886.5   3294.7
137   5   -227.8   583.8   3509.3
137   6   -44.0   684.3   3443.2
137   7   95.3   889.6   3383.2
137   8   -360.7   382.8   3566.0
137   9   -362.9   222.7   3563.5
137   10   -447.9   165.2   3560.3
137   11   -452.3   -162.9   3558.4
137   12   -416.3   -479.0   3634.0
137   13   -281.3   162.4   3579.0
137   14   -287.2   -164.9   3602.3
137   15   -300.8   -487.6   3653.0
137   16   -748.9   853.4   3307.9
137   17   72.1   855.4   3393.2
137   18   -351.8   644.1   3487.3
138   0   -354.1   740.5   3491.3
138   1   -353.9   580.9   3506.3
138   2   -477.0   582.6   3487.7
138   3   -633.0   687.8   3374.5
138   4   -772.7   886.0   3294.7
138   5   -227.8   583.9   3509.2
138   6   -44.2   684.2   3442.6
138   7   95.5   889.7   3383.8
138   8   -360.7   382.8   3566.0
138   9   -362.9   222.7   3563.5
138   10   -448.1   165.3   3560.0
138   11   -452.4   -162.8   3558.4
138   12   -416.4   -478.6   3634.5
138   13   -281.2   162.2   3578.9
138   14   -287.2   -165.1   3602.3
138   15   -300.7   -487.4   3654.3
138   16   -749.4   853.0   3308.0
138   17   72.2   855.4   3393.6
138   18   -351.8   644.1   3487.3
139   0   -354.2   740.5   3491.3
139   1   -353.9   580.9   3506.3
139   2   -477.0   582.6   3487.7
139   3   -633.1   687.6   3374.7
139   4   -773.0   885.9   3294.7
139   5   -227.9   583.9   3509.1
139   6   -44.3   684.2   3442.4
139   7   95.6   889.7   3384.0
139   8   -360.7   382.9   3566.0
139   9   -362.9   222.8   3563.5
139   10   -448.3   165.4   3559.8
139   11   -452.4   -162.6   3558.4
139   12   -416.5   -478.4   3634.6
139   13   -281.2   161.9   3578.9
139   14   -287.3   -165.3   3602.1
139   15   -300.7   -487.6   3654.8
139   16   -749.7   852.8   3308.0
139   17   72.3   855.5   3393.7
139   18   -351.8   644.1   3487.2
140   0   -354.2   740.5   3491.2
140   1   -353.9   580.9   3506.3
140   2   -476.9   582.6   3487.7
140   3   -633.4   687.4   3374.9
140   4   -772.9   885.9   3294.7
140   5   -227.9   583.9   3509.0
140   6   -44.4   684.2   3442.2
140   7   95.7   889.8   3383.7
140   8   -360.7   382.9   3566.0
140   9   -362.9   222.8   3563.5
140   10   -448.5   165.6   3559.5
140   11   -452.5   -162.5   3558.4
140   12   -416.7   -478.6   3634.4
140   13   -281.2   161.6   3578.8
140   14   -287.4   -165.6   3601.9
140   15   -300.8   -488.1   3654.8
140   16   -749.6   852.8   3308.0
140   17   72.3   855.5   3393.5
140   18   -351.8   644.1   3487.2
