2   0   -322.9   695.1   3334.4
2   1   -320.7   530.1   3329.4
2   2   -466.4   510.2   3313.4
2   3   -428.3   315.7   3208.2
2   4   -220.3   440.7   3168.9
2   5   -176.6   512.5   3347.2
2   6   -194.5   305.2   3263.2
2   7   -298.7   511.2   3178.8
2   8   -321.2   332.0   3367.6
2   9   -320.3   169.4   3372.5
2   10   -419.3   70.3   3390.5
2   11   -395.3   -262.6   3357.8
2   12   -380.6   -569.6   3428.4
2   13   -224.6   73.8   3409.4
2   14   -258.9   -258.9   3385.3
2   15   -249.8   -566.5   3454.6
2   16   -255.0   419.9   3175.4
2   17   -281.4   476.9   3192.9
2   18   -320.6   596.5   3316.7
3   0   -322.2   697.6   3334.1
3   1   -320.1   533.1   3331.4
3   2   -464.7   512.4   3311.1
3   3   -429.2   316.8   3207.1
3   4   -226.5   447.7   3164.3
3   5   -175.7   515.0   3343.1
3   6   -186.9   305.4   3267.5
3   7   -296.2   501.3   3172.9
3   8   -320.8   335.4   3373.2
3   9   -319.7   172.3   3377.6
3   10   -417.3   78.5   3390.2
3   11   -398.2   -255.0   3362.6
3   12   -381.2   -563.8   3423.9
3   13   -224.7   81.1   3408.2
3   14   -255.7   -252.2   3388.1
3   15   -248.3   -561.3   3452.4
3   16   -260.3   425.9   3171.4
3   17   -277.9   468.6   3188.7
3   18   -319.8   599.2   3317.4
4   0   -320.4   705.2   3333.1
4   1   -318.3   541.7   3337.0
4   2   -459.0   518.2   3304.3
4   3   -432.4   319.2   3205.4
4   4   -242.4   463.5   3154.6
4   5   -176.1   519.6   3336.2
4   6   -173.9   306.3   3276.1
4   7   -290.9   482.0   3160.5
4   8   -319.6   346.6   3389.4
4   9   -317.9   182.9   3391.0
4   10   -407.5   96.0   3391.6
4   11   -403.6   -237.6   3371.7
4   12   -382.8   -550.0   3417.0
4   13   -230.1   96.8   3406.9
4   14   -251.0   -237.0   3397.9
4   15   -246.9   -550.0   3445.6
4   16   -274.0   439.4   3163.1
4   17   -271.4   452.7   3179.8
4   18   -317.9   606.8   3319.5
5   0   -318.2   714.2   3332.0
5   1   -316.1   551.8   3343.4
5   2   -452.3   524.7   3300.9
5   3   -435.3   323.8   3203.6
5   4   -253.1   477.6   3147.8
5   5   -177.2   525.1   3329.4
5   6   -159.9   308.2   3284.8
5   7   -286.7   460.6   3147.0
5   8   -317.9   359.1   3406.9
5   9   -315.7   194.9   3406.0
5   10   -396.9   114.0   3393.9
5   11   -409.2   -219.2   3381.6
5   12   -386.2   -537.2   3403.2
5   13   -235.4   113.0   3405.6
5   14   -244.3   -220.8   3403.1
5   15   -244.8   -539.6   3427.9
5   16   -283.5   452.0   3157.1
5   17   -265.5   435.3   3169.9
5   18   -315.5   615.8   3322.3
6   0   -316.6   719.6   3331.2
6   1   -314.5   557.6   3346.7
6   2   -447.7   529.5   3298.9
6   3   -436.8   327.2   3202.9
6   4   -261.1   488.6   3143.8
6   5   -178.1   529.0   3325.6
6   6   -150.8   310.2   3289.9
6   7   -282.8   450.7   3139.8
6   8   -316.4   364.1   3415.0
6   9   -314.0   198.2   3413.9
6   10   -393.3   121.5   3394.7
6   11   -412.7   -211.7   3387.6
6   12   -387.7   -534.5   3389.2
6   13   -235.2   119.6   3404.1
6   14   -240.1   -214.4   3405.3
6   15   -242.9   -538.1   3422.9
6   16   -290.4   461.7   3153.7
6   17   -260.8   427.3   3164.8
6   18   -313.9   621.2   3324.2
7   0   -315.7   721.7   3330.7
7   1   -313.7   559.3   3347.0
7   2   -445.1   532.0   3298.2
7   3   -437.6   329.0   3202.9
7   4   -264.1   492.8   3142.0
7   5   -178.7   531.2   3324.0
7   6   -145.4   311.7   3292.0
7   7   -281.2   446.9   3137.6
7   8   -315.6   364.5   3413.6
7   9   -313.3   196.8   3414.5
7   10   -396.7   120.0   3394.0
7   11   -414.7   -213.7   3390.4
7   12   -387.5   -539.8   3381.2
7   13   -229.3   118.3   3402.6
7   14   -238.1   -215.8   3405.6
7   15   -242.1   -542.5   3426.0
7   16   -293.0   465.5   3152.1
7   17   -258.6   424.4   3163.3
7   18   -313.0   623.3   3325.2
8   0   -315.3   721.8   3330.5
8   1   -313.3   558.9   3345.9
8   2   -443.9   533.2   3298.0
8   3   -438.0   329.9   3203.1
8   4   -264.9   493.7   3140.9
8   5   -179.3   532.2   3323.5
8   6   -143.6   312.7   3292.0
8   7   -280.4   446.3   3136.2
8   8   -315.2   362.8   3407.6
8   9   -313.2   193.2   3410.5
8   10   -402.2   116.3   3393.0
8   11   -415.5   -217.9   3391.3
8   12   -386.6   -545.8   3375.4
8   13   -222.6   115.7   3402.0
8   14   -237.6   -218.4   3403.7
8   15   -241.8   -546.6   3429.7
8   16   -293.7   466.4   3151.2
8   17   -257.6   424.0   3162.1
8   18   -312.7   623.4   3325.6
9   0   -315.2   721.0   3330.4
9   1   -313.2   557.7   3344.5
9   2   -443.3   533.8   3298.1
9   3   -438.5   330.3   3203.4
9   4   -264.7   492.9   3140.0
9   5   -179.7   532.7   3323.6
9   6   -143.2   313.3   3291.6
9   7   -279.6   446.8   3135.3
9   8   -315.2   359.0   3402.2
9   9   -313.2   187.8   3405.8
9   10   -405.1   114.1   3392.8
9   11   -415.7   -220.4   3391.5
9   12   -385.7   -549.6   3373.2
9   13   -219.5   114.3   3402.2
9   14   -237.4   -219.8   3402.6
9   15   -241.7   -549.4   3431.4
9   16   -293.7   465.8   3150.6
9   17   -256.8   424.5   3161.4
9   18   -312.6   622.6   3325.6
10   0   -315.2   720.0   3330.3
10   1   -313.2   556.4   3343.7
10   2   -443.0   534.0   3298.3
10   3   -439.1   330.5   3203.8
10   4   -263.4   490.3   3139.1
10   5   -180.1   532.9   3323.8
10   6   -143.3   313.7   3291.3
10   7   -278.6   447.4   3134.6
10   8   -315.2   355.7   3399.2
10   9   -313.2   183.2   3402.7
10   10   -405.5   113.4   3393.3
10   11   -415.7   -221.0   3391.3
10   12   -385.3   -551.5   3374.4
10   13   -219.4   113.9   3402.5
10   14   -237.3   -220.1   3402.0
10   15   -241.7   -550.9   3431.7
10   16   -292.7   463.7   3149.9
10   17   -256.1   425.2   3160.7
10   18   -312.6   621.5   3325.6
11   0   -315.2   718.9   3330.3
11   1   -313.3   555.3   3343.4
11   2   -442.7   534.2   3298.5
11   3   -439.3   330.6   3204.2
11   4   -262.7   488.9   3138.7
11   5   -180.4   533.1   3324.0
11   6   -143.5   314.1   3291.1
11   7   -277.2   448.2   3133.7
11   8   -315.3   354.0   3398.4
11   9   -313.3   180.3   3401.3
11   10   -404.0   114.0   3393.9
11   11   -415.5   -220.0   3391.1
11   12   -385.2   -551.5   3377.9
11   13   -221.5   114.4   3402.8
11   14   -237.2   -219.4   3401.8
11   15   -241.6   -551.1   3432.0
11   16   -292.1   462.5   3149.6
11   17   -254.9   425.9   3159.9
11   18   -312.6   620.5   3325.6
12   0   -315.2   716.8   3330.2
12   1   -313.3   554.2   3343.4
12   2   -442.5   534.4   3298.6
12   3   -439.5   330.7   3204.5
12   4   -262.3   488.1   3138.5
12   5   -180.7   533.3   3324.2
12   6   -143.6   314.5   3291.0
12   7   -276.5   448.4   3133.0
12   8   -315.4   353.4   3398.6
12   9   -313.5   178.8   3400.8
12   10   -402.1   115.3   3394.4
12   11   -405.1   -218.3   3392.1
12   12   -385.1   -551.1   3385.5
12   13   -224.2   115.5   3403.0
12   14   -237.1   -218.0   3401.9
12   15   -241.7   -550.3   3432.3
12   16   -291.8   461.8   3149.5
12   17   -254.4   426.1   3159.4
12   18   -312.6   619.4   3325.5
13   0   -315.1   714.5   3330.1
13   1   -313.4   553.3   3343.5
13   2   -442.2   534.6   3298.7
13   3   -439.5   330.6   3205.3
13   4   -262.2   487.3   3138.4
13   5   -181.0   533.5   3324.3
13   6   -143.1   314.8   3291.1
13   7   -277.1   448.2   3133.7
13   8   -315.5   353.5   3398.9
13   9   -313.6   178.1   3400.7
13   10   -400.5   116.6   3394.5
13   11   -409.6   -216.6   3391.5
13   12   -385.2   -549.4   3387.5
13   13   -226.2   116.5   3403.2
13   14   -237.0   -216.8   3402.1
13   15   -241.7   -549.2   3432.3
13   16   -291.8   461.2   3149.6
13   17   -254.8   425.9   3159.9
13   18   -312.7   618.4   3325.5
14   0   -315.1   712.7   3330.1
14   1   -313.4   552.7   3343.7
14   2   -441.8   534.8   3298.8
14   3   -439.9   329.5   3208.4
14   4   -263.2   485.4   3138.1
14   5   -181.4   533.8   3324.3
14   6   -141.5   315.5   3291.4
14   7   -279.2   447.3   3136.0
14   8   -315.6   354.0   3399.3
14   9   -313.6   178.0   3400.8
14   10   -399.5   117.7   3394.4
14   11   -412.3   -215.4   3391.1
14   12   -385.3   -548.0   3388.8
14   13   -227.5   117.3   3403.4
14   14   -236.9   -215.9   3402.4
14   15   -241.6   -548.3   3431.8
14   16   -292.7   459.4   3149.8
14   17   -256.2   425.3   3161.9
14   18   -312.7   617.8   3325.5
15   0   -315.1   711.3   3330.1
15   1   -313.4   552.3   3343.8
15   2   -441.4   535.0   3298.9
15   3   -443.0   325.9   3218.3
15   4   -267.2   475.8   3137.8
15   5   -181.8   534.1   3324.3
15   6   -139.6   316.2   3291.6
15   7   -282.6   445.9   3140.9
15   8   -315.6   354.5   3399.5
15   9   -313.7   178.0   3400.9
15   10   -399.1   118.5   3394.4
15   11   -413.8   -214.6   3390.9
15   12   -385.4   -546.9   3389.2
15   13   -228.2   118.0   3403.5
15   14   -236.9   -215.3   3402.7
15   15   -241.6   -547.6   3431.5
15   16   -296.5   450.8   3151.2
15   17   -258.7   424.3   3166.0
15   18   -312.7   617.4   3325.4
16   0   -315.1   710.1   3330.1
16   1   -313.4   552.0   3343.8
16   2   -441.0   535.3   3299.0
16   3   -453.2   323.9   3225.8
16   4   -272.8   461.9   3139.8
16   5   -182.2   534.5   3324.8
16   6   -134.7   317.8   3291.6
16   7   -277.9   446.6   3143.2
16   8   -315.6   354.8   3399.6
16   9   -313.7   178.0   3401.1
16   10   -398.9   118.9   3394.4
16   11   -414.6   -214.2   3390.8
16   12   -385.2   -545.7   3391.8
16   13   -228.5   118.3   3403.7
16   14   -236.9   -215.1   3403.1
16   15   -241.6   -546.6   3431.8
16   16   -302.9   438.9   3154.1
16   17   -254.0   425.1   3167.9
16   18   -312.7   617.1   3325.4
17   0   -315.1   709.3   3330.2
17   1   -313.4   551.9   3343.9
17   2   -440.6   535.5   3299.7
17   3   -470.2   326.1   3226.3
17   4   -284.0   461.1   3145.1
17   5   -182.6   534.8   3325.4
17   6   -110.5   326.3   3291.4
17   7   -263.7   452.6   3149.7
17   8   -315.6   354.9   3399.6
17   9   -313.7   177.8   3401.2
17   10   -398.8   119.0   3394.4
17   11   -414.9   -214.1   3390.8
17   12   -384.8   -543.9   3396.3
17   13   -228.6   118.5   3403.9
17   14   -236.9   -215.0   3403.5
17   15   -241.5   -544.9   3432.3
17   16   -315.0   438.6   3158.7
17   17   -238.1   431.5   3173.3
17   18   -312.7   616.9   3325.4
18   0   -315.0   708.8   3330.6
18   1   -313.4   551.8   3343.9
18   2   -441.0   535.3   3307.2
18   3   -493.1   341.1   3212.6
18   4   -303.2   479.7   3146.3
18   5   -183.0   535.1   3326.0
18   6   -64.3   355.9   3284.4
18   7   -240.3   477.0   3168.7
18   8   -315.6   354.7   3399.7
18   9   -313.6   177.4   3401.2
18   10   -398.7   119.2   3394.4
18   11   -414.9   -214.0   3390.8
18   12   -384.4   -541.7   3402.7
18   13   -228.5   118.5   3403.9
18   14   -237.0   -215.0   3403.6
18   15   -241.5   -543.1   3432.5
18   16   -334.8   456.6   3157.3
18   17   -210.9   456.8   3188.0
18   18   -312.7   616.8   3325.4
19   0   -315.0   708.3   3331.2
19   1   -313.4   551.7   3343.9
19   2   -441.2   535.1   3320.9
19   3   -526.5   379.1   3194.5
19   4   -340.0   525.0   3131.9
19   5   -183.4   535.8   3332.8
19   6   -114.2   337.6   3289.6
19   7   -228.3   268.8   3212.2
19   8   -315.6   354.4   3399.8
19   9   -313.4   177.0   3401.3
19   10   -398.6   119.3   3394.3
19   11   -414.8   -213.9   3390.8
19   12   -384.3   -539.6   3406.3
19   13   -228.4   118.4   3403.8
19   14   -237.0   -215.1   3403.5
19   15   -241.5   -541.2   3432.5
19   16   -371.1   500.7   3142.3
19   17   -209.2   280.0   3225.1
19   18   -312.7   616.7   3325.5
20   0   -315.0   708.0   3332.1
20   1   -313.4   551.7   3343.9
20   2   -441.1   535.2   3329.2
20   3   -575.0   438.2   3193.0
20   4   -392.6   558.7   3091.7
20   5   -183.5   538.0   3342.0
20   6   -133.9   332.2   3287.0
20   7   -203.0   154.6   3258.3
20   8   -315.6   354.1   3399.9
20   9   -313.2   176.5   3401.3
20   10   -398.4   119.5   3394.2
20   11   -414.7   -213.6   3390.7
20   12   -384.5   -537.5   3407.6
20   13   -228.2   118.5   3403.7
20   14   -237.0   -215.0   3403.3
20   15   -241.5   -539.4   3432.5
20   16   -423.0   538.6   3108.6
20   17   -191.4   184.0   3263.0
20   18   -312.7   616.8   3325.5
21   0   -315.0   707.9   3332.7
21   1   -313.4   551.8   3344.0
21   2   -440.7   535.5   3332.0
21   3   -620.7   492.4   3222.8
21   4   -500.5   614.9   3066.2
21   5   -181.4   543.9   3346.8
21   6   -43.3   471.0   3306.4
21   7   -67.5   459.0   3192.4
21   8   -315.5   353.4   3400.1
21   9   -312.9   175.8   3401.3
21   10   -398.3   120.2   3393.9
21   11   -414.6   -213.1   3390.7
21   12   -384.8   -535.4   3407.6
21   13   -227.9   118.8   3403.5
21   14   -236.9   -214.8   3403.1
21   15   -241.5   -537.6   3432.3
21   16   -520.4   594.4   3092.3
21   17   -63.6   460.2   3211.4
21   18   -312.7   616.9   3325.6
22   0   -315.0   709.4   3332.6
22   1   -313.4   553.5   3344.2
22   2   -445.4   547.1   3326.3
22   3   -645.7   558.2   3234.5
22   4   -606.9   710.1   3066.7
22   5   -177.4   555.7   3348.1
22   6   3.8   576.9   3317.1
22   7   26.4   680.0   3182.5
22   8   -315.4   354.1   3401.1
22   9   -312.7   178.0   3401.0
22   10   -397.5   123.0   3393.5
22   11   -414.3   -210.8   3390.6
22   12   -385.2   -532.1   3408.1
22   13   -228.7   120.9   3403.2
22   14   -236.9   -213.2   3403.1
22   15   -241.4   -534.9   3431.7
22   16   -613.3   684.8   3094.7
22   17   22.6   662.4   3205.0
22   18   -312.7   618.5   3325.6
23   0   -315.0   716.0   3330.8
23   1   -313.3   559.5   3342.9
23   2   -446.4   556.2   3320.9
23   3   -644.1   620.2   3236.3
23   4   -691.8   791.4   3088.7
23   5   -175.3   568.0   3346.6
23   6   16.7   652.1   3312.4
23   7   94.7   823.8   3216.2
23   8   -315.1   359.1   3401.6
23   9   -312.6   185.0   3400.0
23   10   -397.0   129.0   3393.0
23   11   -413.7   -206.4   3390.6
23   12   -385.7   -527.0   3408.4
23   13   -229.9   125.6   3402.8
23   14   -236.8   -210.2   3403.0
23   15   -241.3   -531.2   3430.7
23   16   -683.9   762.9   3113.3
23   17   81.8   795.0   3232.3
23   18   -312.7   624.3   3323.9
24   0   -315.0   724.3   3327.5
24   1   -313.2   567.0   3339.9
24   2   -445.5   563.1   3314.9
24   3   -627.8   669.8   3232.8
24   4   -735.6   852.3   3120.9
24   5   -175.1   576.7   3341.2
24   6   8.0   704.7   3307.3
24   7   130.3   902.4   3260.2
24   8   -314.7   366.2   3401.3
24   9   -312.5   194.1   3398.9
24   10   -397.4   136.7   3392.4
24   11   -413.2   -201.8   3390.6
24   12   -386.0   -521.8   3409.6
24   13   -230.2   132.1   3402.5
24   14   -236.7   -206.7   3403.0
24   15   -241.3   -527.2   3430.1
24   16   -717.7   821.9   3139.6
24   17   110.0   869.4   3268.1
24   18   -312.7   631.6   3320.2
25   0   -315.1   732.6   3321.5
25   1   -313.1   574.4   3335.9
25   2   -445.0   571.0   3306.3
25   3   -615.2   706.8   3239.5
25   4   -754.7   899.6   3175.5
25   5   -175.7   584.7   3337.9
25   6   2.2   729.9   3309.2
25   7   140.9   939.7   3292.9
25   8   -314.2   373.7   3400.3
25   9   -312.4   203.4   3397.6
25   10   -398.3   146.0   3391.3
25   11   -412.5   -196.3   3390.6
25   12   -386.4   -516.1   3407.9
25   13   -229.4   140.8   3402.1
25   14   -236.5   -201.7   3402.9
25   15   -241.2   -521.8   3429.6
25   16   -731.5   867.5   3186.2
25   17   117.8   904.7   3295.6
25   18   -312.7   638.8   3315.2
26   0   -315.2   739.1   3313.2
26   1   -312.9   580.1   3331.3
26   2   -444.8   577.6   3298.7
26   3   -610.3   728.2   3256.6
26   4   -755.1   930.5   3211.9
26   5   -176.4   591.5   3335.8
26   6   0.8   739.2   3322.6
26   7   136.3   956.3   3300.6
26   8   -313.7   379.6   3397.8
26   9   -312.3   210.7   3395.7
26   10   -398.3   153.1   3389.3
26   11   -411.7   -190.0   3390.5
26   12   -386.8   -509.6   3403.7
26   13   -228.7   149.0   3401.5
26   14   -236.3   -194.3   3402.9
26   15   -241.1   -514.1   3429.0
26   16   -730.9   896.8   3219.3
26   17   113.7   920.1   3304.3
26   18   -312.7   644.3   3310.0
27   0   -315.2   743.7   3308.0
27   1   -312.8   583.9   3327.7
27   2   -445.4   582.9   3298.5
27   3   -608.3   737.7   3262.4
27   4   -749.7   947.8   3226.6
27   5   -177.7   594.7   3335.6
27   6   -1.1   740.6   3337.7
27   7   130.9   958.9   3301.9
27   8   -313.1   383.1   3394.0
27   9   -312.3   215.3   3392.7
27   10   -397.8   156.9   3385.8
27   11   -410.9   -185.5   3390.1
27   12   -387.2   -504.7   3401.9
27   13   -228.8   153.6   3400.5
27   14   -236.1   -189.1   3402.8
27   15   -241.0   -508.3   3428.8
27   16   -726.1   912.8   3232.6
27   17   108.9   922.5   3307.8
27   18   -312.7   648.1   3306.5
28   0   -315.4   746.9   3307.0
28   1   -312.8   586.2   3325.4
28   2   -445.8   586.5   3302.4
28   3   -606.0   742.4   3264.8
28   4   -743.7   956.9   3228.9
28   5   -179.1   595.9   3336.4
28   6   -2.3   738.8   3343.6
28   7   131.3   954.6   3297.1
28   8   -312.8   384.6   3389.4
28   9   -312.2   217.7   3388.6
28   10   -397.5   159.1   3379.8
28   11   -410.2   -182.0   3389.1
28   12   -387.5   -500.8   3401.7
28   13   -229.0   155.9   3399.0
28   14   -235.9   -185.5   3402.7
28   15   -241.0   -504.2   3428.9
28   16   -720.8   921.2   3234.9
28   17   109.1   918.6   3304.8
28   18   -312.7   650.6   3305.0
29   0   -315.7   748.6   3309.4
29   1   -312.7   587.4   3324.6
29   2   -446.2   589.0   3308.3
29   3   -604.8   743.5   3264.6
29   4   -739.0   960.5   3223.1
29   5   -180.2   596.1   3338.4
29   6   -2.8   735.9   3340.4
29   7   134.8   949.8   3292.3
29   8   -312.6   385.0   3385.9
29   9   -312.2   218.8   3384.4
29   10   -397.4   160.4   3372.9
29   11   -409.4   -179.3   3387.0
29   12   -387.7   -497.7   3401.2
29   13   -229.1   157.1   3396.9
29   14   -235.7   -183.0   3402.4
29   15   -240.9   -501.4   3428.8
29   16   -716.6   924.3   3230.0
29   17   111.8   914.2   3300.3
29   18   -312.8   652.0   3305.0
30   0   -316.1   749.4   3314.6
30   1   -312.7   587.8   3325.6
30   2   -446.1   589.4   3311.7
30   3   -603.5   742.7   3263.8
30   4   -734.3   961.1   3213.0
30   5   -181.0   595.8   3341.8
30   6   -3.0   732.0   3328.5
30   7   139.9   945.1   3288.8
30   8   -312.5   384.7   3384.2
30   9   -312.2   219.0   3381.9
30   10   -397.5   160.3   3370.9
30   11   -408.7   -178.3   3385.0
30   12   -387.7   -496.5   3400.4
30   13   -229.5   156.6   3394.7
30   14   -235.6   -182.4   3402.1
30   15   -240.9   -500.5   3428.8
30   16   -712.5   924.7   3221.5
30   17   116.1   909.6   3295.4
30   18   -312.8   652.7   3306.9
31   0   -316.5   749.7   3321.2
31   1   -312.7   587.8   3328.2
31   2   -445.7   588.4   3314.4
31   3   -602.1   741.2   3263.0
31   4   -730.4   960.3   3205.0
31   5   -181.7   595.5   3347.0
31   6   -1.9   726.8   3321.2
31   7   141.4   940.8   3282.5
31   8   -312.5   383.9   3383.7
31   9   -312.2   218.7   3380.7
31   10   -397.7   159.5   3371.3
31   11   -408.0   -178.3   3384.6
31   12   -387.8   -496.0   3399.3
31   13   -230.0   154.9   3393.6
31   14   -235.5   -183.2   3401.9
31   15   -240.9   -500.7   3428.9
31   16   -709.0   923.8   3214.7
31   17   117.5   905.1   3289.0
31   18   -312.8   653.0   3310.5
32   0   -316.9   749.6   3328.7
32   1   -312.8   587.6   3331.7
32   2   -445.1   587.1   3316.6
32   3   -600.7   739.3   3262.2
32   4   -728.5   958.2   3197.7
32   5   -181.5   594.7   3349.3
32   6   1.0   721.7   3320.4
32   7   138.4   939.9   3277.4
32   8   -312.5   382.9   3384.1
32   9   -312.2   218.1   3380.5
32   10   -398.0   158.2   3372.0
32   11   -407.3   -178.9   3384.9
32   12   -387.7   -495.7   3398.9
32   13   -230.5   152.8   3393.1
32   14   -235.3   -184.6   3401.9
32   15   -240.9   -501.1   3429.2
32   16   -707.2   921.7   3208.5
32   17   115.5   903.6   3284.5
32   18   -312.8   653.0   3315.0
33   0   -317.3   749.6   3334.4
33   1   -312.8   587.4   3335.6
33   2   -444.7   586.4   3320.0
33   3   -599.4   737.7   3261.2
33   4   -728.0   956.0   3191.3
33   5   -181.3   593.4   3350.2
33   6   3.0   717.6   3320.4
33   7   135.3   940.0   3275.3
33   8   -312.6   382.2   3385.4
33   9   -312.3   217.6   3381.0
33   10   -398.4   157.5   3372.4
33   11   -406.8   -179.1   3385.5
33   12   -387.7   -495.0   3398.7
33   13   -230.0   152.1   3393.0
33   14   -235.1   -184.8   3401.8
33   15   -240.9   -500.2   3429.4
33   16   -706.5   919.6   3202.9
33   17   113.2   902.9   3282.8
33   18   -312.9   653.0   3319.6
34   0   -317.7   749.8   3337.8
34   1   -312.9   587.2   3338.9
34   2   -444.5   586.1   3322.5
34   3   -598.5   736.4   3259.5
34   4   -728.0   954.6   3187.8
34   5   -181.4   591.7   3350.3
34   6   3.2   715.8   3321.1
34   7   135.1   939.1   3274.2
34   8   -312.7   381.8   3387.4
34   9   -312.3   217.5   3381.9
34   10   -398.8   157.1   3372.7
34   11   -406.2   -179.2   3385.6
34   12   -387.7   -494.2   3398.6
34   13   -229.6   151.5   3393.1
34   14   -234.8   -184.9   3401.8
34   15   -240.8   -499.4   3429.4
34   16   -706.4   918.2   3199.7
34   17   113.1   901.8   3282.0
34   18   -312.9   653.0   3323.4
35   0   -317.9   750.0   3339.4
35   1   -312.9   587.2   3341.7
35   2   -444.3   586.0   3324.6
35   3   -597.6   735.2   3257.5
35   4   -728.5   952.7   3185.2
35   5   -181.8   589.9   3350.2
35   6   2.6   714.5   3322.0
35   7   135.9   937.0   3273.7
35   8   -312.9   381.9   3390.1
35   9   -312.4   217.8   3383.0
35   10   -399.2   156.8   3373.0
35   11   -405.9   -179.2   3385.2
35   12   -387.7   -493.4   3398.5
35   13   -229.3   151.0   3393.2
35   14   -234.6   -185.1   3401.8
35   15   -240.8   -498.8   3429.4
35   16   -706.7   916.5   3197.3
35   17   113.7   899.9   3281.8
35   18   -312.9   652.9   3326.2
36   0   -318.0   750.2   3340.0
36   1   -312.9   587.2   3343.7
36   2   -444.2   586.0   3326.9
36   3   -596.8   733.8   3255.4
36   4   -730.5   948.9   3184.1
36   5   -182.5   588.0   3350.3
36   6   1.5   713.1   3322.5
36   7   136.6   933.6   3274.1
36   8   -312.9   382.2   3392.5
36   9   -312.4   218.3   3384.1
36   10   -399.4   156.6   3373.2
36   11   -405.8   -179.1   3384.3
36   12   -387.8   -492.8   3398.2
36   13   -228.9   150.9   3393.3
36   14   -234.3   -185.0   3401.6
36   15   -240.8   -498.2   3429.3
36   16   -708.2   913.1   3196.0
36   17   114.1   896.8   3282.1
36   18   -312.9   652.9   3328.0
37   0   -318.0   750.4   3340.2
37   1   -312.9   587.3   3344.9
37   2   -444.1   586.0   3327.3
37   3   -597.1   732.8   3254.2
37   4   -734.2   942.7   3182.5
37   5   -183.5   586.1   3350.5
37   6   0.3   711.4   3322.6
37   7   137.2   928.0   3273.7
37   8   -313.0   382.6   3394.6
37   9   -312.4   218.9   3385.2
37   10   -399.6   156.6   3373.5
37   11   -405.8   -179.0   3383.9
37   12   -387.8   -492.4   3397.9
37   13   -228.6   150.7   3393.4
37   14   -233.7   -185.0   3401.3
37   15   -240.7   -497.9   3429.3
37   16   -711.4   907.7   3194.4
37   17   114.4   891.9   3281.9
37   18   -312.9   652.9   3329.0
38   0   -318.0   750.5   3340.1
38   1   -312.9   587.4   3345.9
38   2   -444.1   586.0   3327.5
38   3   -598.2   730.9   3253.2
38   4   -737.6   935.4   3181.6
38   5   -183.7   585.5   3350.9
38   6   0.4   710.1   3322.2
38   7   138.8   921.4   3271.8
38   8   -313.0   383.1   3396.6
38   9   -312.5   219.5   3386.3
38   10   -399.6   156.4   3373.9
38   11   -405.7   -179.0   3383.9
38   12   -387.9   -492.2   3397.8
38   13   -228.4   150.5   3393.4
38   14   -232.9   -185.0   3401.0
38   15   -240.6   -497.6   3429.0
38   16   -714.4   901.3   3193.5
38   17   115.7   886.2   3280.2
38   18   -312.9   652.9   3329.6
39   0   -318.0   750.6   3339.9
39   1   -312.9   587.5   3346.7
39   2   -444.2   586.0   3327.6
39   3   -601.0   727.0   3251.6
39   4   -738.0   930.6   3182.5
39   5   -183.7   585.4   3351.5
39   6   1.1   708.7   3321.7
39   7   143.0   913.8   3268.7
39   8   -313.0   383.6   3398.6
39   9   -312.5   220.2   3387.4
39   10   -399.6   156.2   3374.5
39   11   -405.6   -179.1   3384.1
39   12   -388.1   -492.0   3397.8
39   13   -228.3   150.2   3393.5
39   14   -232.1   -185.2   3400.7
39   15   -240.4   -497.5   3428.7
39   16   -715.2   896.7   3194.0
39   17   119.3   879.6   3277.6
39   18   -312.9   652.9   3330.0
40   0   -318.0   750.7   3339.8
40   1   -312.9   587.6   3347.5
40   2   -444.2   586.0   3328.0
40   3   -605.2   720.7   3249.4
40   4   -736.3   928.0   3183.7
40   5   -183.7   585.4   3352.1
40   6   1.9   707.3   3321.0
40   7   144.9   909.0   3262.9
40   8   -313.0   384.1   3400.6
40   9   -312.5   220.9   3388.5
40   10   -399.6   155.9   3375.1
40   11   -405.6   -179.3   3384.3
40   12   -388.2   -492.0   3397.8
40   13   -228.2   150.0   3393.5
40   14   -231.6   -185.3   3400.4
40   15   -240.3   -497.5   3428.1
40   16   -714.4   893.4   3194.7
40   17   121.0   875.4   3272.6
40   18   -312.9   652.9   3330.4
41   0   -318.0   750.7   3339.6
41   1   -312.9   587.6   3348.0
41   2   -444.3   585.9   3328.4
41   3   -608.8   714.8   3247.5
41   4   -735.0   926.2   3184.4
41   5   -183.5   585.5   3352.2
41   6   2.6   706.3   3320.3
41   7   145.8   905.8   3254.9
41   8   -313.0   384.6   3402.0
41   9   -312.5   221.3   3389.5
41   10   -399.6   155.6   3375.9
41   11   -405.5   -179.5   3384.5
41   12   -388.3   -492.1   3397.6
41   13   -228.1   149.7   3393.6
41   14   -231.5   -185.5   3400.3
41   15   -240.3   -497.5   3427.7
41   16   -714.0   890.9   3194.9
41   17   121.9   872.6   3265.8
41   18   -312.9   652.9   3330.7
42   0   -318.0   750.7   3339.4
42   1   -312.9   587.6   3348.3
42   2   -444.3   585.8   3328.8
42   3   -610.4   711.9   3246.6
42   4   -735.5   924.6   3183.9
42   5   -183.4   585.5   3352.0
42   6   2.8   706.0   3319.6
42   7   147.3   904.3   3251.4
42   8   -313.0   384.8   3402.8
42   9   -312.5   221.6   3390.5
42   10   -399.5   155.3   3376.7
42   11   -405.5   -179.8   3384.7
42   12   -388.3   -492.2   3397.5
42   13   -228.1   149.4   3393.6
42   14   -231.4   -185.7   3400.2
42   15   -240.3   -497.5   3427.9
42   16   -714.6   889.2   3194.4
42   17   123.2   871.3   3262.8
42   18   -312.9   652.8   3330.8
43   0   -318.0   750.7   3339.3
43   1   -312.9   587.6   3348.5
43   2   -444.3   585.7   3329.3
43   3   -610.8   710.8   3246.1
43   4   -736.8   922.7   3182.5
43   5   -183.3   585.5   3351.6
43   6   2.8   706.2   3319.1
43   7   147.9   903.9   3250.3
43   8   -313.0   385.0   3403.2
43   9   -312.5   221.8   3391.4
43   10   -399.6   155.1   3377.6
43   11   -405.5   -179.9   3384.9
43   12   -388.3   -492.2   3397.4
43   13   -228.0   149.3   3393.7
43   14   -231.4   -185.8   3400.2
43   15   -240.2   -497.3   3428.4
43   16   -715.8   887.4   3193.1
43   17   123.7   870.9   3261.8
43   18   -312.9   652.7   3330.9
44   0   -318.0   750.6   3339.2
44   1   -312.9   587.5   3348.5
44   2   -444.4   585.7   3329.8
44   3   -610.7   710.5   3246.0
44   4   -737.4   921.5   3181.1
44   5   -183.2   585.5   3351.5
44   6   2.6   706.1   3317.2
44   7   148.6   903.9   3251.1
44   8   -313.0   385.1   3403.2
44   9   -312.5   221.9   3392.2
44   10   -399.7   154.8   3378.5
44   11   -405.5   -180.1   3385.1
44   12   -387.8   -492.2   3397.7
44   13   -227.7   149.1   3393.9
44   14   -231.4   -185.9   3400.3
44   15   -240.1   -497.2   3429.2
44   16   -716.3   886.4   3191.9
44   17   124.3   870.9   3262.1
44   18   -312.9   652.7   3330.9
45   0   -318.1   750.6   3338.9
45   1   -312.9   587.4   3348.5
45   2   -444.4   585.6   3329.9
45   3   -610.5   710.6   3245.9
45   4   -737.6   920.9   3179.3
45   5   -183.1   585.5   3351.4
45   6   2.3   705.9   3314.5
45   7   149.4   904.3   3252.7
45   8   -313.0   385.1   3403.1
45   9   -312.5   221.9   3392.8
45   10   -400.0   154.6   3379.4
45   11   -405.5   -180.4   3385.4
45   12   -387.2   -492.2   3398.1
45   13   -227.4   148.9   3394.0
45   14   -231.4   -186.1   3400.5
45   15   -240.1   -497.1   3430.3
45   16   -716.4   885.9   3190.4
45   17   124.8   871.2   3263.0
45   18   -312.9   652.6   3330.9
46   0   -318.1   750.5   3338.6
46   1   -312.9   587.3   3348.5
46   2   -444.5   585.6   3329.9
46   3   -610.2   710.9   3245.9
46   4   -737.8   920.8   3178.2
46   5   -183.0   585.4   3351.4
46   6   1.8   705.6   3310.9
46   7   150.6   904.6   3254.9
46   8   -313.0   385.2   3403.0
46   9   -312.5   221.9   3393.2
46   10   -400.1   154.4   3379.9
46   11   -405.5   -180.5   3385.5
46   12   -386.6   -492.2   3398.1
46   13   -227.2   148.8   3394.2
46   14   -231.4   -186.1   3400.1
46   15   -240.1   -496.9   3431.3
46   16   -716.5   885.8   3189.5
46   17   125.8   871.4   3264.2
46   18   -312.9   652.5   3330.9
47   0   -318.1   750.4   3338.3
47   1   -312.9   587.2   3348.5
47   2   -444.5   585.5   3329.9
47   3   -610.0   711.3   3246.2
47   4   -738.1   921.2   3177.9
47   5   -183.0   585.4   3351.4
47   6   1.4   705.3   3308.4
47   7   151.3   905.2   3256.1
47   8   -313.0   385.2   3402.8
47   9   -312.5   221.9   3393.3
47   10   -400.1   154.4   3380.0
47   11   -405.4   -180.5   3385.6
47   12   -386.5   -492.0   3397.8
47   13   -227.1   148.8   3394.3
47   14   -231.4   -186.1   3400.1
47   15   -240.1   -496.8   3430.2
47   16   -716.8   886.2   3189.3
47   17   126.3   871.9   3264.8
47   18   -312.9   652.4   3330.9
48   0   -318.1   750.4   3337.8
48   1   -312.9   587.1   3348.4
48   2   -444.5   585.5   3329.9
48   3   -609.8   711.6   3246.4
48   4   -738.7   921.9   3178.0
48   5   -182.9   585.4   3351.4
48   6   1.3   705.2   3307.7
48   7   151.8   905.7   3256.0
48   8   -313.0   385.2   3402.7
48   9   -312.5   221.9   3393.3
48   10   -400.1   154.3   3380.0
48   11   -405.3   -180.5   3385.6
48   12   -386.5   -491.9   3397.4
48   13   -227.1   148.8   3394.5
48   14   -231.4   -186.0   3400.4
48   15   -240.1   -496.7   3429.4
48   16   -717.2   886.9   3189.4
48   17   126.7   872.3   3264.7
48   18   -312.9   652.3   3330.9
49   0   -318.1   750.3   3337.3
49   1   -312.9   587.0   3348.4
49   2   -444.5   585.4   3329.9
49   3   -609.6   712.1   3246.6
49   4   -739.4   922.9   3178.2
49   5   -182.9   585.4   3351.4
49   6   1.3   705.2   3307.5
49   7   152.1   906.4   3255.4
49   8   -313.0   385.1   3402.6
49   9   -312.5   221.9   3393.2
49   10   -400.1   154.3   3379.8
49   11   -405.3   -180.5   3385.6
49   12   -386.7   -491.7   3396.8
49   13   -227.1   148.9   3394.6
49   14   -231.3   -186.0   3400.5
49   15   -240.1   -496.5   3428.8
49   16   -717.8   887.7   3189.6
49   17   127.0   872.9   3264.1
49   18   -312.9   652.2   3330.9
50   0   -318.1   750.3   3336.7
50   1   -312.9   586.9   3348.4
50   2   -444.6   585.3   3329.8
50   3   -609.5   712.2   3246.6
50   4   -740.3   923.5   3178.1
50   5   -182.9   585.4   3351.4
50   6   1.4   705.1   3307.5
50   7   152.5   907.2   3254.5
50   8   -313.0   384.9   3402.5
50   9   -312.5   221.7   3393.1
50   10   -400.0   154.3   3379.6
50   11   -405.3   -180.5   3385.6
50   12   -386.4   -491.6   3395.6
50   13   -227.1   148.9   3394.9
50   14   -231.3   -185.9   3400.9
50   15   -240.1   -496.4   3428.3
50   16   -718.5   888.3   3189.5
50   17   127.3   873.5   3263.4
50   18   -312.9   652.1   3330.9
51   0   -318.1   750.2   3336.1
51   1   -312.9   586.8   3348.4
51   2   -444.6   585.3   3329.8
51   3   -609.4   712.2   3246.4
51   4   -741.5   923.9   3177.9
51   5   -182.8   585.3   3351.4
51   6   1.5   705.0   3307.5
51   7   152.7   908.0   3253.7
51   8   -313.0   384.8   3402.5
51   9   -312.5   221.6   3393.0
51   10   -400.0   154.3   3379.6
51   11   -405.3   -180.5   3385.6
51   12   -386.4   -491.4   3394.1
51   13   -227.1   149.0   3395.2
51   14   -231.3   -185.8   3401.3
51   15   -240.1   -496.1   3428.2
51   16   -719.5   888.6   3189.3
51   17   127.5   874.1   3262.6
51   18   -312.9   652.0   3330.9
52   0   -318.1   750.1   3335.4
52   1   -312.9   586.7   3348.3
52   2   -444.6   585.3   3329.8
52   3   -609.3   712.0   3246.0
52   4   -743.1   923.9   3177.5
52   5   -182.8   585.3   3351.4
52   6   1.6   704.8   3307.4
52   7   152.9   908.7   3252.7
52   8   -313.0   384.6   3402.5
52   9   -312.5   221.4   3393.0
52   10   -399.9   154.3   3379.6
52   11   -405.3   -180.4   3385.6
52   12   -386.5   -491.4   3392.6
52   13   -227.1   149.1   3395.4
52   14   -231.3   -185.7   3400.8
52   15   -240.2   -495.9   3428.5
52   16   -720.8   888.6   3188.9
52   17   127.7   874.7   3261.8
52   18   -312.9   651.9   3330.9
53   0   -318.2   750.1   3332.7
53   1   -312.9   586.6   3348.3
53   2   -444.6   585.2   3329.7
53   3   -609.2   711.8   3245.6
53   4   -745.1   923.6   3177.1
53   5   -182.8   585.3   3351.4
53   6   1.6   704.6   3307.1
53   7   153.1   909.5   3251.5
53   8   -313.0   384.4   3402.5
53   9   -312.5   221.2   3393.0
53   10   -399.9   154.4   3379.6
53   11   -405.2   -180.4   3385.6
53   12   -386.8   -491.3   3392.0
53   13   -227.1   149.2   3395.4
53   14   -231.3   -185.6   3400.3
53   15   -240.2   -495.7   3428.9
53   16   -722.5   888.3   3188.5
53   17   127.9   875.4   3260.8
53   18   -312.9   651.8   3330.9
54   0   -318.2   749.8   3327.1
54   1   -312.9   586.5   3348.3
54   2   -444.6   585.2   3329.5
54   3   -609.2   711.6   3245.2
54   4   -746.9   923.5   3176.6
54   5   -182.7   585.3   3351.4
54   6   1.7   704.4   3306.8
54   7   153.3   910.3   3249.8
54   8   -313.0   384.2   3402.5
54   9   -312.5   221.1   3392.9
54   10   -399.8   154.4   3379.6
54   11   -405.2   -180.3   3385.7
54   12   -386.9   -491.2   3391.7
54   13   -227.2   149.2   3395.5
54   14   -231.3   -185.5   3400.3
54   15   -240.2   -495.5   3429.1
54   16   -724.0   888.2   3188.0
54   17   128.0   875.9   3259.3
54   18   -312.9   651.7   3330.9
55   0   -318.2   749.3   3321.9
55   1   -312.9   586.4   3348.3
55   2   -444.6   585.1   3329.3
55   3   -609.2   711.5   3244.9
55   4   -747.6   923.9   3175.4
55   5   -182.7   585.3   3351.4
55   6   1.8   704.2   3306.5
55   7   153.3   910.8   3247.8
55   8   -313.0   384.0   3402.5
55   9   -312.5   220.9   3392.9
55   10   -399.7   154.4   3379.6
55   11   -405.2   -180.3   3385.8
55   12   -386.9   -491.0   3391.5
55   13   -227.3   149.2   3395.5
55   14   -231.3   -185.5   3400.1
55   15   -240.3   -495.4   3429.1
55   16   -724.6   888.5   3187.0
55   17   128.0   876.4   3257.6
55   18   -312.9   651.6   3330.9
56   0   -318.1   748.9   3318.4
56   1   -312.9   586.2   3348.3
56   2   -444.7   585.0   3329.1
56   3   -609.2   711.2   3244.4
56   4   -747.5   924.3   3173.4
56   5   -182.7   585.3   3351.4
56   6   2.0   703.7   3306.0
56   7   152.9   911.4   3245.8
56   8   -313.0   383.8   3402.6
56   9   -312.5   220.7   3392.9
56   10   -399.7   154.4   3379.6
56   11   -405.2   -180.2   3385.9
56   12   -386.9   -491.0   3391.8
56   13   -227.1   149.7   3395.5
56   14   -231.3   -185.0   3399.8
56   15   -240.4   -494.8   3429.1
56   16   -724.4   888.8   3185.2
56   17   127.7   876.8   3255.8
56   18   -312.9   651.4   3330.8
57   0   -318.1   748.5   3316.4
57   1   -312.9   586.0   3348.3
57   2   -444.7   585.0   3329.0
57   3   -609.1   710.9   3243.6
57   4   -747.0   924.6   3170.8
57   5   -182.6   585.2   3351.4
57   6   2.2   703.3   3305.5
57   7   152.5   911.7   3243.0
57   8   -313.0   383.6   3402.6
57   9   -312.5   220.5   3392.9
57   10   -399.6   154.5   3379.6
57   11   -405.2   -180.2   3386.3
57   12   -386.8   -490.9   3392.4
57   13   -226.8   150.4   3395.5
57   14   -231.2   -184.3   3399.9
57   15   -240.5   -494.1   3429.1
57   16   -724.0   888.9   3182.9
57   17   127.5   877.0   3253.5
57   18   -312.9   651.2   3330.8
58   0   -318.1   748.2   3315.5
58   1   -312.9   585.9   3348.3
58   2   -444.7   584.9   3329.0
58   3   -608.9   710.4   3242.5
58   4   -746.8   924.9   3169.8
58   5   -182.6   585.2   3351.4
58   6   2.5   702.6   3304.9
58   7   152.0   912.0   3240.9
58   8   -313.0   383.4   3402.6
58   9   -312.5   220.3   3392.9
58   10   -399.4   154.6   3379.7
58   11   -405.1   -180.1   3386.6
58   12   -386.8   -490.8   3393.2
58   13   -226.6   151.1   3395.5
58   14   -231.2   -183.6   3399.9
58   15   -240.4   -493.5   3428.8
58   16   -723.8   889.1   3182.0
58   17   127.1   877.1   3251.5
58   18   -312.9   651.0   3330.8
59   0   -318.1   747.9   3315.2
59   1   -312.9   585.7   3348.2
59   2   -444.7   584.9   3328.9
59   3   -608.7   710.0   3241.4
59   4   -746.7   925.1   3169.6
59   5   -182.6   585.2   3351.4
59   6   2.8   702.0   3304.7
59   7   151.7   912.2   3240.2
59   8   -313.0   383.2   3402.7
59   9   -312.5   220.1   3392.9
59   10   -399.3   154.6   3379.7
59   11   -405.1   -180.0   3386.9
59   12   -386.9   -490.8   3394.5
59   13   -226.8   151.1   3395.5
59   14   -231.2   -183.6   3399.9
59   15   -240.4   -493.7   3428.6
59   16   -723.7   889.2   3181.5
59   17   126.8   877.2   3251.0
59   18   -312.9   650.9   3330.7
60   0   -318.1   747.7   3315.1
60   1   -312.9   585.5   3348.2
60   2   -444.7   584.8   3328.7
60   3   -608.4   709.4   3240.0
60   4   -746.7   925.1   3169.8
60   5   -182.5   585.2   3351.4
60   6   3.2   701.3   3304.4
60   7   151.1   912.6   3240.7
60   8   -313.0   383.0   3402.7
60   9   -312.5   219.9   3392.9
60   10   -399.2   154.7   3379.7
60   11   -405.1   -179.9   3387.4
60   12   -387.0   -491.0   3396.3
60   13   -227.2   150.5   3395.5
60   14   -231.3   -184.2   3399.9
60   15   -240.5   -494.4   3428.4
60   16   -723.6   889.2   3181.5
60   17   126.5   877.4   3251.3
60   18   -312.9   650.7   3330.7
61   0   -318.2   747.6   3315.2
61   1   -312.9   585.3   3348.2
61   2   -444.7   584.7   3328.4
61   3   -608.4   709.0   3239.4
61   4   -746.5   925.1   3169.9
61   5   -182.5   585.2   3351.4
61   6   3.4   700.9   3304.2
61   7   150.8   912.7   3241.2
61   8   -313.0   382.8   3402.7
61   9   -312.5   219.7   3392.9
61   10   -399.2   154.7   3379.7
61   11   -405.1   -179.9   3387.5
61   12   -387.0   -491.2   3396.9
61   13   -227.4   150.3   3395.5
61   14   -231.3   -184.4   3400.0
61   15   -240.5   -494.9   3428.2
61   16   -723.5   889.1   3181.5
61   17   126.2   877.4   3251.7
61   18   -312.9   650.5   3330.6
62   0   -318.2   747.4   3315.2
62   1   -312.9   585.1   3348.1
62   2   -444.7   584.7   3328.2
62   3   -608.4   708.5   3238.6
62   4   -746.2   924.8   3170.1
62   5   -182.5   585.2   3351.4
62   6   3.4   700.8   3304.0
62   7   150.6   912.7   3241.5
62   8   -313.0   382.6   3402.7
62   9   -312.5   219.5   3392.9
62   10   -399.1   154.7   3379.7
62   11   -405.2   -179.9   3387.5
62   12   -387.0   -491.5   3396.7
62   13   -227.5   150.1   3395.5
62   14   -231.4   -184.5   3400.1
62   15   -240.5   -495.4   3428.0
62   16   -723.2   888.8   3181.5
62   17   126.0   877.4   3251.9
62   18   -312.9   650.3   3330.6
63   0   -318.2   747.2   3315.3
63   1   -312.9   585.0   3348.1
63   2   -444.7   584.6   3328.0
63   3   -608.7   708.2   3238.4
63   4   -745.7   924.5   3170.2
63   5   -182.5   585.2   3351.4
63   6   3.4   700.8   3303.7
63   7   150.3   912.6   3241.9
63   8   -313.0   382.4   3402.7
63   9   -312.5   219.4   3392.9
63   10   -399.1   154.6   3379.7
63   11   -405.3   -183.5   3387.3
63   12   -386.9   -495.6   3396.3
63   13   -227.6   150.1   3395.5
63   14   -231.4   -188.2   3400.2
63   15   -240.5   -499.5   3428.4
63   16   -722.9   888.5   3181.6
63   17   125.8   877.3   3252.2
63   18   -312.9   650.1   3330.5
64   0   -318.2   747.0   3315.3
64   1   -312.9   584.8   3348.1
64   2   -444.7   584.6   3327.8
64   3   -609.0   707.9   3238.5
64   4   -745.3   924.2   3170.2
64   5   -182.5   585.2   3351.4
64   6   3.3   700.8   3303.6
64   7   150.0   912.3   3242.1
64   8   -313.0   382.3   3402.8
64   9   -312.5   219.2   3392.9
64   10   -399.0   154.6   3379.7
64   11   -405.4   -188.0   3387.1
64   12   -386.7   -500.9   3398.8
64   13   -227.6   150.1   3395.5
64   14   -231.5   -192.7   3400.3
64   15   -240.6   -504.9   3429.2
64   16   -722.6   888.2   3181.6
64   17   125.5   877.1   3252.3
64   18   -312.9   649.9   3330.5
65   0   -318.2   746.9   3315.3
65   1   -312.9   584.6   3348.0
65   2   -444.7   584.5   3327.7
65   3   -609.3   707.7   3238.7
65   4   -744.8   923.8   3170.2
65   5   -182.4   585.2   3351.4
65   6   3.3   700.8   3303.4
65   7   149.7   912.0   3242.3
65   8   -313.0   382.1   3402.8
65   9   -312.5   219.0   3392.9
65   10   -399.0   154.6   3379.7
65   11   -405.5   -192.1   3386.9
65   12   -386.6   -506.2   3400.2
65   13   -227.7   150.1   3395.5
65   14   -231.6   -196.7   3400.4
65   15   -240.7   -510.1   3430.2
65   16   -722.2   887.8   3181.7
65   17   125.3   876.8   3252.5
65   18   -312.9   649.7   3330.4
66   0   -318.2   746.7   3315.3
66   1   -312.9   584.4   3348.0
66   2   -444.7   584.4   3327.7
66   3   -609.3   707.6   3238.8
66   4   -744.5   923.4   3170.2
66   5   -182.4   585.2   3351.4
66   6   3.2   700.9   3303.3
66   7   149.5   911.7   3242.4
66   8   -313.0   381.9   3402.8
66   9   -312.5   218.8   3392.8
66   10   -398.9   154.5   3379.7
66   11   -405.7   -195.3   3386.9
66   12   -386.6   -510.7   3400.9
66   13   -227.7   150.1   3395.5
66   14   -231.7   -199.8   3400.5
66   15   -240.7   -514.5   3431.0
66   16   -722.0   887.4   3181.7
66   17   125.1   876.5   3252.6
66   18   -312.9   649.6   3330.4
67   0   -318.3   746.5   3315.3
67   1   -312.9   584.3   3347.9
67   2   -444.7   584.3   3327.6
67   3   -609.3   707.6   3238.9
67   4   -744.2   923.0   3170.2
67   5   -182.4   585.2   3351.4
67   6   3.2   700.9   3303.2
67   7   149.3   911.3   3242.6
67   8   -313.0   381.7   3402.8
67   9   -312.5   218.7   3392.8
67   10   -398.9   154.4   3379.8
67   11   -405.8   -197.8   3386.9
67   12   -386.6   -514.6   3401.2
67   13   -227.7   150.1   3395.5
67   14   -231.7   -202.2   3400.5
67   15   -240.8   -518.3   3431.6
67   16   -721.7   887.1   3181.7
67   17   124.9   876.3   3252.7
67   18   -312.9   649.4   3330.3
68   0   -318.3   746.4   3315.8
68   1   -312.9   584.1   3347.9
68   2   -444.7   584.2   3327.6
68   3   -609.3   707.6   3238.9
68   4   -743.9   922.6   3170.2
68   5   -182.4   585.1   3351.4
68   6   3.2   700.9   3303.1
68   7   149.0   911.1   3242.8
68   8   -313.0   381.6   3402.8
68   9   -312.5   218.5   3392.8
68   10   -398.8   154.4   3379.8
68   11   -406.0   -199.8   3386.9
68   12   -386.6   -518.1   3400.8
68   13   -227.7   150.1   3395.6
68   14   -231.8   -204.2   3400.6
68   15   -241.0   -521.8   3431.7
68   16   -721.5   886.8   3181.6
68   17   124.7   876.1   3252.8
68   18   -312.9   649.2   3330.2
69   0   -318.3   746.3   3316.5
69   1   -312.9   583.9   3347.8
69   2   -444.6   584.2   3327.5
69   3   -609.3   707.6   3239.0
69   4   -743.6   922.2   3170.1
69   5   -182.4   585.1   3351.4
69   6   3.1   701.0   3302.9
69   7   148.6   910.9   3243.0
69   8   -313.0   381.4   3402.7
69   9   -312.5   218.3   3392.8
69   10   -398.9   154.5   3379.8
69   11   -406.3   -201.9   3387.0
69   12   -386.4   -521.7   3400.7
69   13   -227.7   150.1   3395.6
69   14   -231.8   -206.3   3400.7
69   15   -241.1   -525.4   3431.9
69   16   -721.2   886.4   3181.6
69   17   124.4   875.9   3253.0
69   18   -312.9   649.0   3330.2
70   0   -318.3   746.3   3317.4
70   1   -312.9   583.7   3347.8
70   2   -444.6   584.1   3327.5
70   3   -609.2   707.6   3239.0
70   4   -743.3   921.8   3169.9
70   5   -182.4   585.1   3351.4
70   6   3.0   701.0   3302.8
70   7   148.2   910.8   3243.1
70   8   -313.0   381.2   3402.7
70   9   -312.5   218.2   3392.8
70   10   -398.9   154.6   3379.8
70   11   -406.6   -203.5   3387.0
70   12   -386.3   -524.9   3400.7
70   13   -227.7   150.2   3395.7
70   14   -231.8   -208.1   3400.8
70   15   -241.5   -528.7   3432.3
70   16   -721.0   886.1   3181.4
70   17   124.0   875.8   3253.1
70   18   -312.9   648.8   3330.1
71   0   -318.3   746.2   3318.2
71   1   -312.9   583.5   3347.7
71   2   -444.6   584.0   3327.2
71   3   -609.2   707.7   3239.0
71   4   -743.1   921.5   3169.6
71   5   -182.4   585.1   3351.4
71   6   3.0   701.1   3302.7
71   7   147.5   910.9   3243.1
71   8   -313.0   381.1   3402.7
71   9   -312.5   218.0   3392.8
71   10   -399.0   154.7   3379.8
71   11   -406.8   -204.8   3386.9
71   12   -386.1   -527.5   3400.9
71   13   -227.7   150.2   3395.7
71   14   -231.8   -209.4   3400.9
71   15   -241.9   -531.4   3432.6
71   16   -720.8   885.9   3181.2
71   17   123.4   876.0   3253.0
71   18   -312.9   648.6   3330.0
72   0   -318.3   746.1   3319.2
72   1   -312.9   583.3   3347.6
72   2   -444.6   583.9   3327.1
72   3   -609.2   707.8   3239.1
72   4   -743.0   921.3   3169.5
72   5   -182.4   585.1   3351.4
72   6   2.9   701.2   3302.6
72   7   146.6   911.4   3243.2
72   8   -313.0   380.8   3402.7
72   9   -312.5   217.8   3392.8
72   10   -399.0   154.9   3379.8
72   11   -406.9   -205.8   3386.9
72   12   -385.6   -529.3   3403.3
72   13   -227.7   150.2   3395.7
72   14   -231.9   -210.6   3400.9
72   15   -242.2   -533.5   3432.7
72   16   -720.7   885.7   3181.1
72   17   122.6   876.4   3253.1
72   18   -312.9   648.4   3329.9
73   0   -318.3   746.0   3320.2
73   1   -312.9   583.1   3347.6
73   2   -444.6   583.8   3327.1
73   3   -609.0   707.8   3239.1
73   4   -742.9   921.1   3169.5
73   5   -182.4   585.1   3351.4
73   6   2.8   701.4   3302.5
73   7   145.3   912.1   3243.4
73   8   -313.0   380.6   3402.7
73   9   -312.5   217.6   3392.8
73   10   -398.9   154.8   3379.8
73   11   -406.9   -206.8   3386.9
73   12   -384.9   -530.6   3406.4
73   13   -227.8   150.2   3395.8
73   14   -231.9   -211.6   3400.9
73   15   -242.5   -534.9   3432.7
73   16   -720.6   885.6   3181.1
73   17   121.6   877.0   3253.2
73   18   -312.9   648.2   3329.9
74   0   -318.3   745.8   3321.1
74   1   -312.9   582.9   3347.6
74   2   -444.6   583.7   3327.1
74   3   -608.9   707.9   3239.2
74   4   -742.8   921.0   3169.5
74   5   -182.3   585.1   3351.4
74   6   2.6   701.5   3302.4
74   7   143.4   913.4   3243.5
74   8   -313.0   380.4   3402.7
74   9   -312.5   217.3   3392.8
74   10   -398.8   154.5   3379.8
74   11   -407.0   -207.9   3386.9
74   12   -384.1   -531.6   3410.1
74   13   -227.8   150.1   3395.8
74   14   -231.9   -212.4   3401.0
74   15   -242.8   -536.0   3432.8
74   16   -720.5   885.5   3181.2
74   17   120.0   878.1   3253.3
74   18   -312.9   648.0   3329.8
75   0   -318.3   745.7   3322.1
75   1   -312.9   582.6   3347.5
75   2   -444.5   583.5   3327.2
75   3   -608.8   708.0   3239.3
75   4   -742.7   920.9   3169.4
75   5   -182.3   585.1   3351.4
75   6   2.5   701.8   3302.3
75   7   140.7   915.3   3243.6
75   8   -313.0   380.2   3402.7
75   9   -312.5   217.1   3392.7
75   10   -398.6   154.2   3379.9
75   11   -407.1   -208.8   3386.9
75   12   -383.5   -532.6   3410.4
75   13   -227.9   150.0   3395.9
75   14   -231.9   -213.1   3401.1
75   15   -242.7   -536.9   3432.9
75   16   -720.4   885.4   3181.1
75   17   117.7   879.7   3253.4
75   18   -312.9   647.7   3329.8
76   0   -318.3   745.5   3323.0
76   1   -313.0   582.4   3347.5
76   2   -444.5   583.4   3327.2
76   3   -608.6   708.1   3239.4
76   4   -742.7   920.8   3169.3
76   5   -182.3   585.1   3351.4
76   6   2.2   702.1   3302.1
76   7   137.0   917.8   3243.7
76   8   -313.0   379.9   3402.6
76   9   -312.5   216.9   3392.7
76   10   -398.5   154.0   3380.3
76   11   -407.2   -209.4   3386.8
76   12   -384.1   -533.2   3410.9
76   13   -228.0   149.9   3395.9
76   14   -232.0   -213.7   3401.1
76   15   -242.7   -537.4   3433.0
76   16   -720.4   885.3   3181.0
76   17   114.6   881.9   3253.4
76   18   -312.9   647.5   3329.7
77   0   -318.3   745.3   3323.7
77   1   -313.0   582.1   3347.4
77   2   -444.5   583.3   3327.2
77   3   -608.5   708.2   3239.5
77   4   -742.7   920.7   3169.2
77   5   -182.3   585.1   3351.4
77   6   1.9   702.5   3301.9
77   7   135.6   919.1   3244.1
77   8   -313.0   379.7   3402.6
77   9   -312.5   216.6   3392.7
77   10   -398.6   154.0   3380.9
77   11   -399.8   -209.7   3392.8
77   12   -384.1   -533.6   3414.0
77   13   -228.1   149.8   3396.0
77   14   -232.1   -214.1   3401.1
77   15   -242.8   -537.4   3433.4
77   16   -720.3   885.3   3180.9
77   17   113.3   883.0   3253.7
77   18   -312.9   647.2   3329.7
78   0   -318.2   745.1   3324.6
78   1   -313.0   581.9   3347.4
78   2   -444.5   583.2   3327.2
78   3   -608.5   708.0   3239.6
78   4   -742.7   920.6   3168.9
78   5   -182.3   585.1   3351.4
78   6   1.6   703.0   3301.7
78   7   135.3   919.8   3244.3
78   8   -313.0   379.5   3402.6
78   9   -312.5   216.4   3392.7
78   10   -398.7   154.0   3381.6
78   11   -403.3   -210.0   3390.1
78   12   -383.9   -532.6   3415.6
78   13   -228.1   149.8   3396.1
78   14   -232.2   -214.4   3401.2
78   15   -242.9   -536.8   3433.7
78   16   -720.3   885.2   3180.6
78   17   113.0   883.7   3253.9
78   18   -312.9   647.0   3329.7
79   0   -318.2   744.9   3325.8
79   1   -313.0   581.6   3347.4
79   2   -444.5   583.0   3327.2
79   3   -608.5   707.9   3239.6
79   4   -742.6   920.4   3168.4
79   5   -182.3   585.1   3351.4
79   6   1.4   703.2   3301.6
79   7   135.3   920.1   3244.3
79   8   -313.0   379.2   3402.6
79   9   -312.5   216.1   3392.7
79   10   -398.7   154.1   3381.9
79   11   -398.0   -210.1   3394.3
79   12   -384.0   -532.5   3415.8
79   13   -228.1   149.9   3396.2
79   14   -232.4   -214.6   3401.2
79   15   -243.0   -536.5   3432.2
79   16   -720.3   885.0   3180.3
79   17   112.9   883.9   3253.8
79   18   -313.0   646.7   3329.6
80   0   -318.2   744.7   3327.0
80   1   -313.0   581.4   3347.4
80   2   -444.4   582.9   3327.2
80   3   -608.7   707.5   3239.6
80   4   -742.6   920.1   3167.9
80   5   -182.3   585.1   3351.4
80   6   1.3   703.3   3301.6
80   7   135.5   920.2   3244.4
80   8   -313.0   379.0   3402.6
80   9   -312.5   215.9   3392.7
80   10   -398.8   154.3   3381.9
80   11   -402.9   -210.3   3390.7
80   12   -384.3   -532.0   3415.2
80   13   -228.2   149.8   3396.3
80   14   -232.6   -214.9   3401.3
80   15   -243.1   -536.6   3431.4
80   16   -720.3   884.7   3179.9
80   17   113.1   884.0   3253.9
80   18   -313.0   646.5   3329.6
81   0   -318.2   744.5   3328.3
81   1   -313.0   581.2   3347.3
81   2   -444.4   582.8   3327.2
81   3   -608.9   707.0   3239.6
81   4   -742.6   919.9   3167.7
81   5   -182.3   585.1   3351.5
81   6   1.3   703.4   3301.6
81   7   135.8   920.2   3244.5
81   8   -313.0   378.7   3402.5
81   9   -312.5   215.7   3392.6
81   10   -398.8   154.4   3382.0
81   11   -405.9   -210.4   3388.6
81   12   -384.7   -531.8   3413.6
81   13   -228.3   149.7   3396.5
81   14   -232.8   -215.2   3401.4
81   15   -243.1   -536.8   3430.9
81   16   -720.3   884.4   3179.7
81   17   113.4   884.1   3254.0
81   18   -313.0   646.3   3329.6
82   0   -318.2   744.3   3329.2
82   1   -313.0   580.9   3347.3
82   2   -444.4   582.7   3327.2
82   3   -609.2   706.4   3239.6
82   4   -742.8   919.5   3167.7
82   5   -182.2   585.1   3351.5
82   6   1.3   703.5   3301.7
82   7   136.2   920.2   3244.7
82   8   -313.0   378.5   3402.5
82   9   -312.5   215.4   3392.6
82   10   -398.9   154.5   3382.1
82   11   -407.6   -210.4   3387.5
82   12   -384.5   -531.7   3412.8
82   13   -228.5   149.5   3396.7
82   14   -233.1   -215.6   3401.6
82   15   -243.2   -537.3   3430.7
82   16   -720.6   884.0   3179.7
82   17   113.7   884.1   3254.2
82   18   -313.0   646.0   3329.6
83   0   -318.7   744.0   3329.7
83   1   -313.1   580.6   3347.3
83   2   -443.8   581.7   3327.3
83   3   -608.7   705.7   3240.0
83   4   -743.0   918.1   3167.6
83   5   -182.6   584.7   3351.9
83   6   0.8   703.2   3301.7
83   7   136.4   919.6   3245.1
83   8   -313.4   378.1   3402.3
83   9   -312.8   215.0   3392.7
83   10   -399.3   154.5   3382.3
83   11   -408.6   -210.6   3387.0
83   12   -384.4   -531.9   3411.8
83   13   -229.0   149.2   3396.9
83   14   -233.3   -216.0   3401.9
83   15   -243.5   -537.6   3430.6
83   16   -720.6   882.7   3179.7
83   17   113.8   883.5   3254.5
83   18   -313.0   645.8   3329.6
84   0   -319.7   743.7   3329.9
84   1   -313.2   580.4   3347.2
84   2   -442.9   580.3   3327.3
84   3   -607.8   704.9   3240.7
84   4   -743.1   915.9   3167.5
84   5   -183.1   584.3   3352.4
84   6   0.1   702.8   3301.8
84   7   136.3   918.6   3245.8
84   8   -314.0   377.7   3402.1
84   9   -313.4   214.6   3392.8
84   10   -399.9   154.3   3382.4
84   11   -409.1   -210.9   3386.9
84   12   -384.4   -532.6   3409.6
84   13   -229.4   149.4   3397.1
84   14   -233.5   -215.9   3402.3
84   15   -244.0   -538.0   3430.6
84   16   -720.5   880.8   3179.7
84   17   113.6   882.6   3255.1
84   18   -313.0   645.5   3329.5
