2   0   57.8   470.9   3297.5
2   1   54.3   309.9   3298.9
2   2   -91.5   295.9   3295.9
2   3   -78.7   114.9   3147.9
2   4   54.4   334.0   3142.9
2   5   203.3   294.3   3312.6
2   6   191.1   118.7   3158.3
2   7   32.5   313.4   3106.4
2   8   44.7   104.0   3342.1
2   9   40.1   -62.3   3344.8
2   10   -63.2   -158.2   3369.7
2   11   -41.5   -507.0   3353.6
2   12   13.0   -829.6   3389.2
2   13   137.7   -161.2   3375.5
2   14   113.5   -510.0   3364.4
2   15   72.1   -836.5   3367.3
2   16   32.2   297.5   3143.8
2   17   59.0   281.0   3115.0
2   18   57.5   378.8   3284.4
3   0   58.6   473.2   3298.9
3   1   54.7   312.1   3299.6
3   2   -90.8   297.8   3295.0
3   3   -81.5   114.8   3149.7
3   4   52.4   333.1   3140.0
3   5   203.6   296.2   3310.2
3   6   195.1   117.1   3160.3
3   7   36.9   311.7   3106.7
3   8   45.5   106.0   3344.2
3   9   41.3   -60.9   3348.9
3   10   -60.6   -154.9   3370.9
3   11   -41.0   -504.7   3356.4
3   12   14.3   -827.4   3385.0
3   13   137.7   -158.1   3376.8
3   14   115.4   -507.8   3365.3
3   15   72.8   -834.0   3364.0
3   16   30.1   296.7   3141.6
3   17   63.3   279.3   3115.6
3   18   57.8   381.0   3284.7
4   0   61.0   481.9   3303.4
4   1   56.1   320.7   3301.9
4   2   -88.0   304.8   3295.8
4   3   -88.6   116.5   3158.1
4   4   48.8   330.1   3132.3
4   5   202.6   301.5   3305.9
4   6   205.6   113.3   3170.1
4   7   50.0   306.1   3106.1
4   8   47.6   113.9   3350.6
4   9   44.3   -53.8   3360.3
4   10   -54.3   -142.9   3371.7
4   11   -39.7   -494.1   3360.7
4   12   22.7   -815.9   3376.5
4   13   136.6   -148.6   3377.7
4   14   117.2   -499.6   3367.5
4   15   72.4   -825.0   3356.2
4   16   25.9   294.5   3136.6
4   17   75.9   274.0   3116.8
4   18   59.0   389.3   3285.7
5   0   64.3   494.0   3310.0
5   1   57.9   332.7   3304.9
5   2   -82.7   313.1   3296.9
5   3   -95.9   120.2   3166.6
5   4   46.1   327.5   3122.5
5   5   199.5   307.7   3301.6
5   6   208.6   113.3   3173.6
5   7   56.0   307.0   3104.1
5   8   49.7   124.0   3357.4
5   9   47.4   -44.5   3372.3
5   10   -46.1   -132.6   3373.5
5   11   -42.6   -484.4   3357.8
5   12   27.5   -807.4   3365.7
5   13   133.3   -140.5   3378.6
5   14   120.0   -492.6   3371.1
5   15   70.9   -818.2   3342.6
5   16   22.5   292.9   3129.9
5   17   81.4   274.7   3115.7
5   18   60.6   401.1   3287.8
6   0   66.7   502.4   3314.7
6   1   59.2   341.1   3307.0
6   2   -78.1   318.7   3297.5
6   3   -100.2   123.1   3171.5
6   4   45.4   326.5   3117.3
6   5   196.7   311.8   3298.8
6   6   216.8   110.9   3182.1
6   7   63.5   300.7   3104.0
6   8   51.3   131.6   3360.3
6   9   49.2   -37.4   3378.7
6   10   -42.2   -129.1   3375.0
6   11   -39.8   -484.7   3362.8
6   12   23.3   -810.3   3356.7
6   13   132.9   -137.7   3379.3
6   14   121.7   -493.3   3372.6
6   15   69.5   -818.8   3334.0
6   16   21.1   292.6   3126.3
6   17   89.0   269.1   3117.0
6   18   61.8   409.4   3289.6
7   0   68.2   507.3   3316.0
7   1   60.0   344.9   3307.9
7   2   -75.2   321.3   3297.8
7   3   -101.9   125.2   3172.9
7   4   45.5   327.0   3115.7
7   5   195.2   314.0   3297.5
7   6   219.2   110.8   3184.1
7   7   65.7   299.8   3103.7
7   8   52.2   135.2   3359.7
7   9   49.8   -35.9   3379.1
7   10   -42.7   -128.7   3375.3
7   11   -37.2   -488.1   3366.9
7   12   22.8   -814.4   3352.0
7   13   134.6   -137.8   3379.8
7   14   122.2   -497.2   3372.6
7   15   68.6   -822.3   3330.4
7   16   20.9   293.4   3125.2
7   17   91.3   268.3   3117.1
7   18   62.6   413.3   3291.0
8   0   68.9   509.3   3315.5
8   1   60.4   345.4   3308.0
8   2   -73.8   322.1   3297.9
8   3   -102.3   126.7   3171.9
8   4   46.0   328.4   3115.6
8   5   194.7   314.9   3296.9
8   6   220.3   110.8   3184.9
8   7   66.7   299.5   3103.7
8   8   52.7   136.1   3357.8
8   9   49.8   -37.2   3375.7
8   10   -45.3   -129.5   3375.1
8   11   -36.1   -489.5   3370.3
8   12   21.4   -815.7   3349.8
8   13   137.0   -139.0   3380.3
8   14   123.3   -498.9   3373.2
8   15   68.3   -823.5   3330.7
8   16   21.3   294.8   3125.0
8   17   92.3   268.1   3117.2
8   18   63.0   413.9   3291.7
9   0   69.2   509.8   3313.2
9   1   60.5   344.3   3307.9
9   2   -73.2   321.9   3297.9
9   3   -102.0   128.4   3169.2
9   4   47.4   330.1   3115.8
9   5   194.5   315.0   3296.8
9   6   219.4   111.0   3184.2
9   7   66.6   300.7   3103.8
9   8   52.7   133.7   3356.8
9   9   49.3   -41.6   3371.3
9   10   -47.8   -129.7   3374.7
9   11   -36.4   -488.7   3371.5
9   12   20.4   -814.5   3349.4
9   13   138.4   -139.8   3380.7
9   14   123.4   -498.6   3373.3
9   15   68.0   -823.1   3335.4
9   16   22.5   296.5   3124.7
9   17   92.0   269.1   3117.2
9   18   63.1   413.0   3292.0
10   0   69.4   509.4   3309.9
10   1   60.5   342.5   3307.9
10   2   -73.0   321.4   3297.8
10   3   -101.3   130.4   3165.4
10   4   49.4   332.1   3116.4
10   5   194.5   314.6   3296.8
10   6   216.8   111.9   3181.6
10   7   65.2   303.7   3104.0
10   8   52.4   130.2   3356.6
10   9   48.7   -46.6   3367.8
10   10   -49.7   -129.1   3374.3
10   11   -36.9   -489.9   3371.3
10   12   20.6   -815.2   3349.4
10   13   138.6   -140.0   3380.8
10   14   122.7   -500.6   3373.0
10   15   67.5   -825.1   3338.9
10   16   24.3   298.4   3124.6
10   17   90.5   271.8   3116.9
10   18   63.1   411.2   3292.1
11   0   69.4   508.0   3306.9
11   1   60.3   340.0   3307.9
11   2   -73.2   320.8   3297.8
11   3   -100.8   131.4   3163.0
11   4   50.8   333.0   3116.9
11   5   194.7   314.1   3296.9
11   6   215.4   112.8   3179.1
11   7   63.7   305.6   3104.4
11   8   52.0   126.3   3357.1
11   9   47.9   -51.8   3366.0
11   10   -50.4   -129.1   3374.3
11   11   -37.6   -489.5   3370.8
11   12   20.8   -814.2   3349.5
11   13   138.1   -139.7   3380.8
11   14   123.3   -500.0   3373.3
11   15   67.5   -824.0   3339.4
11   16   25.5   299.4   3124.6
11   17   89.0   273.4   3116.8
11   18   63.0   408.7   3292.1
12   0   69.2   506.1   3304.8
12   1   60.2   337.4   3307.9
12   2   -73.5   320.1   3297.8
12   3   -100.5   131.1   3162.3
12   4   50.9   333.2   3117.4
12   5   195.1   313.6   3297.0
12   6   214.7   113.4   3177.1
12   7   62.6   306.8   3104.6
12   8   51.6   122.4   3357.9
12   9   47.2   -56.8   3365.3
12   10   -50.5   -129.4   3374.3
12   11   -37.4   -488.4   3369.4
12   12   20.9   -812.8   3350.1
12   13   137.4   -139.2   3380.7
12   14   122.9   -498.1   3373.0
12   15   68.0   -822.0   3340.0
12   16   25.7   299.5   3124.8
12   17   88.0   274.5   3116.7
12   18   62.9   406.0   3292.0
13   0   68.9   504.1   3303.6
13   1   60.1   334.9   3308.0
13   2   -73.8   319.8   3297.7
13   3   -100.3   131.0   3161.7
13   4   51.0   333.4   3117.8
13   5   195.4   313.2   3297.0
13   6   214.8   113.2   3177.0
13   7   62.5   306.4   3104.7
13   8   51.1   119.0   3358.8
13   9   46.6   -61.2   3365.2
13   10   -49.0   -132.4   3374.2
13   11   -37.0   -489.1   3355.6
13   12   22.0   -816.5   3353.4
13   13   136.0   -139.7   3380.7
13   14   123.6   -496.9   3373.6
13   15   67.7   -823.6   3339.9
13   16   25.8   299.7   3125.1
13   17   87.9   274.2   3116.8
13   18   62.9   403.5   3291.9
14   0   68.5   502.1   3302.9
14   1   59.9   332.5   3308.2
14   2   -74.1   319.5   3297.5
14   3   -100.4   131.1   3161.0
14   4   51.1   333.5   3118.1
14   5   195.6   312.9   3297.1
14   6   214.8   112.9   3177.0
14   7   62.2   305.9   3104.8
14   8   50.7   115.9   3359.7
14   9   45.9   -65.3   3365.3
14   10   -49.4   -132.0   3374.2
14   11   -39.5   -487.4   3360.5
14   12   22.1   -815.3   3352.9
14   13   135.1   -139.7   3380.7
14   14   123.3   -495.4   3373.4
14   15   68.0   -823.1   3340.5
14   16   25.9   299.7   3125.2
14   17   87.6   273.7   3116.8
14   18   62.8   401.1   3291.9
15   0   68.0   500.3   3302.5
15   1   59.8   330.6   3308.3
15   2   -74.1   319.4   3297.1
15   3   -100.5   131.1   3160.5
15   4   51.3   333.4   3118.3
15   5   195.6   312.8   3297.1
15   6   214.9   112.7   3177.2
15   7   62.0   305.2   3104.6
15   8   50.3   113.4   3360.5
15   9   45.3   -68.7   3365.6
15   10   -50.5   -130.2   3374.3
15   11   -41.3   -484.5   3365.1
15   12   21.0   -812.0   3352.2
15   13   134.3   -139.3   3380.5
15   14   123.0   -493.7   3373.2
15   15   68.4   -821.4   3341.2
15   16   26.0   299.7   3125.3
15   17   87.4   273.1   3116.7
15   18   62.8   399.1   3291.8
16   0   67.5   499.2   3302.3
16   1   59.6   329.2   3308.4
16   2   -74.0   319.5   3295.8
16   3   -100.6   130.9   3159.7
16   4   51.5   333.2   3118.6
16   5   195.3   312.7   3297.1
16   6   215.0   112.5   3177.6
16   7   61.6   304.3   3104.3
16   8   49.9   111.7   3361.1
16   9   44.6   -71.4   3365.8
16   10   -50.7   -130.3   3374.3
16   11   -41.8   -483.6   3367.4
16   12   20.5   -810.3   3350.8
16   13   133.6   -138.9   3380.4
16   14   123.1   -492.3   3373.3
16   15   68.9   -819.1   3339.7
16   16   26.1   299.5   3125.4
16   17   87.2   272.4   3116.5
16   18   62.7   397.7   3291.8
17   0   67.0   498.6   3302.3
17   1   59.5   328.6   3308.5
17   2   -73.7   319.7   3293.1
17   3   -100.8   130.0   3158.8
17   4   51.1   332.6   3119.0
17   5   194.9   313.0   3297.1
17   6   215.2   112.4   3178.2
17   7   61.2   303.5   3103.9
17   8   49.6   110.7   3361.6
17   9   44.2   -71.4   3365.9
17   10   -50.7   -130.5   3374.3
17   11   -41.2   -485.3   3368.3
17   12   20.5   -811.1   3347.6
17   13   133.0   -138.6   3380.3
17   14   122.4   -493.3   3372.8
17   15   69.1   -819.0   3334.7
17   16   25.7   298.9   3125.6
17   17   86.9   271.6   3116.3
17   18   62.7   397.0   3291.8
18   0   66.7   498.4   3302.3
18   1   59.4   328.3   3308.5
18   2   -73.1   320.0   3289.4
18   3   -101.0   128.6   3157.8
18   4   50.4   331.9   3119.4
18   5   194.4   313.5   3297.0
18   6   215.3   112.5   3179.1
18   7   61.0   302.7   3103.6
18   8   49.3   110.2   3361.9
18   9   44.0   -70.2   3365.9
18   10   -50.3   -131.1   3374.3
18   11   -40.7   -486.0   3368.8
18   12   20.4   -810.7   3341.7
18   13   132.6   -138.3   3380.3
18   14   122.4   -493.1   3372.6
18   15   69.1   -816.7   3324.9
18   16   25.2   298.0   3125.8
18   17   86.7   271.0   3116.2
18   18   62.6   396.7   3291.7
19   0   66.5   498.5   3302.3
19   1   59.3   328.3   3308.5
19   2   -72.5   320.5   3285.0
19   3   -101.7   127.1   3156.7
19   4   49.5   330.7   3119.9
19   5   193.9   314.0   3297.0
19   6   215.2   112.6   3180.0
19   7   60.7   302.1   3103.2
19   8   48.9   110.0   3362.2
19   9   43.8   -68.6   3365.9
19   10   -50.3   -131.0   3374.3
19   11   -39.9   -487.7   3368.8
19   12   20.4   -811.7   3338.9
19   13   132.4   -138.0   3380.2
19   14   122.1   -494.7   3372.2
19   15   68.3   -817.4   3322.2
19   16   24.3   296.8   3126.0
19   17   86.5   270.5   3116.0
19   18   62.5   396.6   3291.7
20   0   66.4   498.5   3302.3
20   1   59.2   328.3   3308.5
20   2   -71.9   320.9   3282.1
20   3   -103.7   126.2   3156.5
20   4   49.7   328.0   3118.9
20   5   193.4   314.6   3297.0
20   6   215.3   112.3   3181.4
20   7   60.8   300.9   3102.3
20   8   48.6   109.9   3362.3
20   9   43.8   -67.0   3365.9
20   10   -50.1   -130.9   3374.3
20   11   -39.2   -487.6   3368.9
20   12   20.0   -811.3   3337.9
20   13   132.1   -137.8   3380.2
20   14   122.7   -494.6   3372.4
20   15   68.1   -816.5   3321.7
20   16   24.1   294.3   3125.1
20   17   86.6   269.5   3115.5
20   18   62.5   396.7   3291.7
21   0   66.4   498.6   3302.4
21   1   59.1   328.4   3308.5
21   2   -71.4   321.2   3281.5
21   3   -113.8   126.9   3158.7
21   4   54.1   311.0   3104.5
21   5   192.9   315.1   3297.0
21   6   215.8   111.6   3183.9
21   7   61.6   296.6   3096.8
21   8   48.4   109.8   3362.3
21   9   43.7   -67.6   3366.0
21   10   -49.5   -129.9   3374.2
21   11   -38.3   -485.8   3368.7
21   12   19.4   -809.3   3337.6
21   13   131.7   -136.3   3380.0
21   14   122.6   -492.2   3371.8
21   15   68.9   -814.0   3321.5
21   16   26.1   280.3   3113.5
21   17   87.3   265.8   3111.3
21   18   62.4   396.7   3291.7
22   0   66.3   498.7   3302.5
22   1   59.0   328.4   3308.5
22   2   -71.2   321.5   3286.7
22   3   -135.6   127.2   3175.6
22   4   6.6   248.2   3033.5
22   5   192.4   315.4   3297.3
22   6   220.3   107.6   3194.1
22   7   88.2   270.2   3057.0
22   8   48.3   109.8   3362.2
22   9   43.6   -68.7   3366.1
22   10   -48.8   -128.7   3374.0
22   11   -38.4   -483.5   3368.8
22   12   17.7   -807.0   3337.6
22   13   131.5   -134.3   3379.7
22   14   123.1   -489.1   3372.0
22   15   70.1   -810.5   3320.8
22   16   -17.0   228.2   3057.2
22   17   110.2   243.1   3079.9
22   18   62.4   396.7   3291.7
23   0   66.1   498.8   3303.2
23   1   59.0   328.4   3309.0
23   2   -70.9   321.8   3295.1
23   3   -166.8   132.7   3201.6
23   4   -102.3   169.2   2990.8
23   5   191.9   315.5   3299.2
23   6   251.6   104.2   3231.2
23   7   132.4   221.1   3047.4
23   8   48.2   109.8   3361.9
23   9   43.5   -69.7   3366.1
23   10   -48.3   -127.5   3373.8
23   11   -38.8   -481.2   3368.5
23   12   16.7   -804.6   3337.6
23   13   131.5   -132.1   3379.3
23   14   123.1   -485.8   3371.9
23   15   71.1   -807.0   3319.6
23   16   -112.8   163.4   3025.9
23   17   152.2   201.7   3078.0
23   18   62.4   396.8   3292.5
24   0   66.0   498.9   3304.3
24   1   59.0   328.3   3310.4
24   2   -70.5   322.2   3302.6
24   3   -188.4   143.1   3211.7
24   4   -243.5   101.5   3003.4
24   5   191.4   315.6   3302.3
24   6   289.4   115.8   3243.8
24   7   131.0   192.3   3068.1
24   8   48.2   109.8   3361.4
24   9   43.4   -70.6   3366.1
24   10   -48.2   -126.3   3373.2
24   11   -39.7   -479.1   3368.3
24   12   16.0   -802.2   3337.4
24   13   132.3   -129.8   3378.4
24   14   123.0   -482.5   3371.3
24   15   71.9   -803.8   3319.6
24   16   -234.4   108.4   3038.1
24   17   157.4   179.6   3097.3
24   18   62.4   396.8   3294.4
25   0   65.9   499.0   3305.3
25   1   59.0   328.1   3312.0
25   2   -70.4   322.3   3303.9
25   3   -208.4   157.7   3217.5
25   4   -354.3   75.5   3050.0
25   5   191.2   315.6   3302.6
25   6   316.3   131.7   3244.2
25   7   338.4   92.0   3093.8
25   8   48.2   109.7   3360.9
25   9   43.4   -71.1   3366.1
25   10   -48.3   -124.9   3372.4
25   11   -40.9   -477.0   3368.0
25   12   15.5   -799.8   3337.1
25   13   133.6   -126.8   3376.8
25   14   123.0   -478.7   3370.5
25   15   72.4   -800.3   3321.3
25   16   -330.2   89.1   3077.9
25   17   334.9   98.5   3118.9
25   18   62.3   396.8   3296.7
26   0   65.9   499.2   3304.9
26   1   59.0   328.0   3312.8
26   2   -70.4   322.4   3301.5
26   3   -230.8   174.5   3226.4
26   4   -425.3   68.3   3100.2
26   5   191.1   315.8   3302.5
26   6   335.2   139.9   3264.1
26   7   462.0   45.5   3131.6
26   8   48.2   109.8   3359.8
26   9   43.4   -71.1   3365.5
26   10   -48.9   -121.8   3370.7
26   11   -42.6   -473.2   3367.5
26   12   15.0   -795.8   3337.0
26   13   135.8   -121.0   3373.6
26   14   123.2   -472.2   3369.4
26   15   73.0   -794.4   3325.1
26   16   -393.0   85.9   3121.2
26   17   441.0   61.2   3153.7
26   18   62.3   396.8   3298.1
27   0   65.6   498.2   3302.5
27   1   58.9   328.0   3312.5
27   2   -71.5   324.7   3297.9
27   3   -243.4   180.3   3242.0
27   4   -459.9   67.9   3137.3
27   5   191.4   316.4   3302.2
27   6   348.3   148.0   3274.4
27   7   531.6   24.6   3166.3
27   8   48.1   110.2   3357.4
27   9   43.3   -70.7   3363.8
27   10   -48.9   -119.4   3367.8
27   11   -44.3   -470.3   3366.8
27   12   14.5   -792.5   3336.3
27   13   135.5   -119.6   3368.7
27   14   123.6   -470.4   3367.9
27   15   72.6   -792.7   3326.8
27   16   -423.8   86.6   3154.8
27   17   501.1   45.1   3184.3
27   18   62.3   396.8   3298.3
28   0   65.2   497.4   3298.6
28   1   58.9   328.0   3311.2
28   2   -73.2   328.2   3293.3
28   3   -248.5   181.5   3253.9
28   4   -472.2   67.8   3160.7
28   5   191.8   317.2   3301.8
28   6   355.3   153.0   3280.5
28   7   563.2   18.5   3187.9
28   8   48.0   110.9   3353.2
28   9   43.3   -70.4   3360.8
28   10   -48.4   -118.9   3363.8
28   11   -46.9   -469.5   3361.4
28   12   15.1   -792.9   3334.0
28   13   132.9   -122.6   3364.5
28   14   123.2   -473.1   3366.2
28   15   71.8   -797.1   3326.6
28   16   -434.9   86.8   3176.3
28   17   528.5   40.9   3203.3
28   18   62.3   397.0   3297.9
29   0   64.8   496.9   3294.8
29   1   58.8   328.1   3309.7
29   2   -74.1   330.1   3290.8
29   3   -249.9   180.5   3262.7
29   4   -472.2   66.5   3170.3
29   5   192.1   317.8   3301.5
29   6   357.7   154.8   3285.1
29   7   571.9   20.1   3192.8
29   8   47.9   111.9   3348.8
29   9   43.2   -70.1   3357.4
29   10   -48.2   -118.8   3359.5
29   11   -48.0   -469.1   3359.2
29   12   15.5   -792.7   3331.8
29   13   132.6   -122.4   3360.8
29   14   123.0   -472.5   3365.2
29   15   72.4   -797.2   3326.4
29   16   -435.1   85.5   3185.7
29   17   536.2   42.6   3208.2
29   18   62.3   397.3   3297.2
30   0   64.6   496.5   3289.9
30   1   58.8   328.3   3308.3
30   2   -74.6   330.9   3289.7
30   3   -249.1   178.8   3265.0
30   4   -467.6   61.3   3172.7
30   5   192.4   318.1   3301.4
30   6   358.2   154.9   3290.2
30   7   566.3   23.6   3184.1
30   8   47.9   113.2   3345.4
30   9   43.1   -69.7   3354.2
30   10   -48.0   -118.7   3356.0
30   11   -48.2   -468.7   3358.0
30   12   15.6   -792.2   3331.5
30   13   133.3   -120.4   3359.0
30   14   123.0   -470.2   3364.8
30   15   73.0   -794.9   3325.7
30   16   -431.1   80.9   3188.1
30   17   531.6   45.5   3201.8
30   18   62.3   397.6   3296.3
31   0   64.3   496.1   3286.1
31   1   58.8   328.5   3307.3
31   2   -75.0   331.3   3289.2
31   3   -246.9   176.3   3263.8
31   4   -462.9   58.2   3169.8
31   5   192.6   318.4   3301.4
31   6   358.2   154.8   3292.1
31   7   552.8   33.2   3160.2
31   8   47.9   114.4   3343.7
31   9   43.1   -67.4   3352.0
31   10   -48.0   -118.5   3354.6
31   11   -47.9   -468.3   3357.6
31   12   15.5   -791.6   3332.2
31   13   133.1   -120.1   3358.9
31   14   122.6   -469.7   3364.9
31   15   73.3   -793.9   3324.5
31   16   -426.9   77.9   3185.4
31   17   520.4   53.5   3182.2
31   18   62.3   397.8   3295.5
32   0   64.1   495.7   3283.6
32   1   58.8   328.7   3306.7
32   2   -75.2   331.4   3289.2
32   3   -244.0   173.8   3258.9
32   4   -458.7   56.3   3162.8
32   5   192.9   318.6   3301.3
32   6   358.0   154.4   3292.6
32   7   560.4   34.4   3174.3
32   8   48.0   115.6   3343.0
32   9   43.1   -64.5   3350.7
32   10   -48.1   -118.1   3354.0
32   11   -47.5   -471.2   3357.6
32   12   16.0   -794.2   3333.6
32   13   133.0   -119.8   3359.1
32   14   122.0   -472.7   3365.0
32   15   72.9   -796.3   3322.7
32   16   -422.9   75.9   3178.8
32   17   526.7   54.4   3194.0
32   18   62.3   398.0   3294.9
33   0   63.9   495.4   3282.3
33   1   58.8   328.9   3306.4
33   2   -75.5   331.3   3289.2
33   3   -241.7   172.3   3252.8
33   4   -454.6   56.9   3150.2
33   5   193.3   318.8   3301.3
33   6   357.8   154.0   3292.4
33   7   562.8   37.4   3174.9
33   8   48.0   116.6   3342.7
33   9   43.2   -61.7   3350.1
33   10   -48.1   -118.0   3354.0
33   11   -47.0   -472.1   3356.5
33   12   16.7   -798.2   3334.2
33   13   132.6   -120.1   3359.3
33   14   122.0   -474.1   3364.7
33   15   72.3   -800.4   3321.0
33   16   -419.1   76.1   3167.3
33   17   528.6   56.8   3194.5
33   18   62.3   398.1   3294.5
34   0   63.7   495.1   3281.6
34   1   58.8   329.1   3306.2
34   2   -75.7   331.1   3289.3
34   3   -240.2   171.6   3247.1
34   4   -451.6   58.4   3137.2
34   5   193.7   319.0   3301.4
34   6   357.6   153.7   3291.8
34   7   553.0   36.6   3159.1
34   8   48.1   117.4   3342.7
34   9   43.2   -59.1   3349.8
34   10   -48.1   -118.1   3354.1
34   11   -47.1   -472.0   3356.1
34   12   16.7   -799.0   3334.5
34   13   132.1   -121.0   3359.6
34   14   122.2   -474.7   3364.3
34   15   71.9   -801.9   3321.1
34   16   -416.3   77.3   3155.5
34   17   520.4   56.1   3181.3
34   18   62.3   398.3   3294.2
35   0   63.5   494.9   3281.4
35   1   58.8   329.2   3306.1
35   2   -76.0   330.9   3289.4
35   3   -239.8   171.5   3244.2
35   4   -450.1   59.9   3128.4
35   5   194.1   319.0   3301.5
35   6   357.6   153.4   3290.9
35   7   557.2   38.4   3160.7
35   8   48.1   118.1   3342.8
35   9   43.3   -57.0   3349.7
35   10   -48.1   -118.1   3354.2
35   11   -47.0   -472.6   3356.3
35   12   16.7   -799.2   3334.6
35   13   131.9   -121.3   3359.7
35   14   121.2   -475.6   3362.5
35   15   71.8   -802.9   3322.5
35   16   -415.1   78.5   3147.7
35   17   523.9   57.5   3182.4
35   18   62.3   398.4   3294.0
36   0   63.3   494.7   3281.5
36   1   58.8   329.4   3306.0
36   2   -76.2   330.8   3289.4
36   3   -240.2   171.8   3242.6
36   4   -449.1   62.2   3120.5
36   5   194.3   319.0   3301.7
36   6   357.7   153.2   3290.0
36   7   560.1   40.5   3159.8
36   8   48.2   118.7   3342.8
36   9   43.3   -55.3   3349.7
36   10   -48.2   -118.0   3354.3
36   11   -46.9   -472.5   3356.7
36   12   16.5   -798.3   3334.3
36   13   132.0   -121.2   3359.8
36   14   120.5   -475.4   3357.8
36   15   71.8   -802.9   3326.2
36   16   -414.3   80.5   3140.9
36   17   526.3   59.3   3181.5
36   18   62.3   398.6   3294.0
37   0   63.1   494.5   3282.3
37   1   58.8   329.6   3306.0
37   2   -76.5   330.6   3289.4
37   3   -240.9   172.5   3241.5
37   4   -448.0   65.9   3112.0
37   5   194.6   318.9   3301.9
37   6   357.9   153.1   3289.0
37   7   561.9   41.2   3159.0
37   8   48.2   119.2   3342.9
37   9   43.4   -54.0   3349.7
37   10   -48.2   -117.9   3354.4
37   11   -46.8   -474.9   3357.5
37   12   16.8   -799.6   3334.0
37   13   132.3   -120.8   3359.8
37   14   120.2   -477.5   3355.8
37   15   71.4   -804.5   3329.3
37   16   -413.5   83.7   3133.6
37   17   527.9   59.9   3180.7
37   18   62.3   398.7   3293.9
38   0   62.9   494.2   3283.3
38   1   58.9   329.7   3306.1
38   2   -76.7   330.5   3289.5
38   3   -241.4   173.0   3240.5
38   4   -448.3   70.4   3106.6
38   5   194.8   318.7   3302.1
38   6   358.0   153.0   3287.8
38   7   562.6   41.1   3157.8
38   8   48.2   119.6   3342.9
38   9   43.4   -52.9   3349.7
38   10   -48.3   -117.9   3354.4
38   11   -46.6   -478.0   3358.4
38   12   17.3   -801.8   3334.2
38   13   132.4   -120.6   3359.8
38   14   119.8   -480.5   3355.2
38   15   71.0   -806.9   3330.8
38   16   -413.9   87.5   3128.9
38   17   528.5   59.8   3179.5
38   18   62.3   398.8   3293.9
