2   0   -341.6   680.4   3463.7
2   1   -343.2   530.4   3466.2
2   2   -482.6   498.8   3457.3
2   3   -427.7   341.6   3325.0
2   4   -367.6   560.7   3376.6
2   5   -210.6   511.5   3516.1
2   6   -221.4   368.8   3358.8
2   7   -334.9   563.7   3300.4
2   8   -345.5   346.4   3518.3
2   9   -345.6   187.2   3528.4
2   10   -442.1   78.7   3553.6
2   11   -405.2   -235.0   3518.6
2   12   -372.5   -516.3   3614.4
2   13   -253.7   77.2   3567.9
2   14   -301.2   -234.3   3526.4
2   15   -298.5   -514.8   3629.8
2   16   -377.6   524.2   3368.0
2   17   -316.0   531.2   3310.2
2   18   -342.5   592.0   3448.8
3   0   -341.5   682.2   3463.1
3   1   -342.5   532.9   3466.7
3   2   -481.6   500.4   3454.8
3   3   -432.5   339.9   3325.2
3   4   -366.5   557.8   3368.2
3   5   -208.6   514.3   3511.5
3   6   -217.7   365.7   3361.1
3   7   -331.6   558.2   3297.4
3   8   -344.3   350.6   3524.5
3   9   -344.6   191.5   3534.3
3   10   -439.5   88.6   3553.3
3   11   -408.0   -225.8   3525.8
3   12   -374.9   -509.4   3612.1
3   13   -253.8   86.7   3567.7
3   14   -296.3   -225.8   3535.2
3   15   -297.0   -509.1   3627.2
3   16   -377.5   521.5   3361.0
3   17   -312.6   526.1   3308.0
3   18   -341.9   593.8   3447.4
4   0   -341.0   689.0   3461.5
4   1   -340.3   542.2   3468.6
4   2   -479.6   509.8   3453.5
4   3   -442.9   342.6   3329.8
4   4   -359.9   553.4   3342.6
4   5   -205.5   521.2   3500.6
4   6   -209.6   360.4   3365.3
4   7   -325.7   547.8   3292.4
4   8   -340.9   366.5   3543.2
4   9   -341.9   207.9   3550.3
4   10   -427.7   113.1   3555.4
4   11   -412.8   -202.4   3541.6
4   12   -381.4   -490.4   3607.5
4   13   -260.5   109.6   3568.4
4   14   -286.6   -204.8   3552.5
4   15   -294.7   -492.7   3622.5
4   16   -373.7   518.2   3340.5
4   17   -306.4   516.5   3304.6
4   18   -340.1   600.6   3443.9
5   0   -340.4   699.2   3459.4
5   1   -337.5   555.0   3470.1
5   2   -474.5   520.8   3452.8
5   3   -454.8   346.3   3335.8
5   4   -351.3   548.3   3320.9
5   5   -203.9   528.8   3486.4
5   6   -200.6   353.5   3370.8
5   7   -318.8   535.2   3287.4
5   8   -336.8   385.3   3562.6
5   9   -338.6   227.4   3567.6
5   10   -415.2   139.2   3558.2
5   11   -417.2   -177.3   3554.3
5   12   -384.2   -469.7   3601.3
5   13   -267.3   133.6   3569.5
5   14   -277.6   -182.5   3569.0
5   15   -292.2   -475.3   3619.8
5   16   -368.6   514.6   3323.4
5   17   -299.1   504.9   3301.3
5   18   -337.8   610.8   3439.8
6   0   -339.8   707.4   3457.0
6   1   -335.6   564.1   3469.2
6   2   -469.0   528.6   3453.8
6   3   -464.4   349.5   3340.8
6   4   -347.8   545.9   3309.3
6   5   -205.8   534.3   3480.4
6   6   -194.7   350.7   3376.2
6   7   -315.1   527.3   3284.4
6   8   -334.1   395.7   3567.9
6   9   -336.2   238.6   3575.4
6   10   -411.0   150.3   3558.6
6   11   -420.5   -166.8   3563.9
6   12   -382.9   -461.9   3597.1
6   13   -267.3   142.8   3569.8
6   14   -272.1   -174.2   3579.6
6   15   -290.8   -470.5   3617.4
6   16   -367.2   513.2   3314.6
6   17   -295.0   497.8   3299.7
6   18   -336.1   619.2   3437.0
7   0   -339.3   711.2   3455.5
7   1   -334.6   567.5   3466.9
7   2   -465.2   532.3   3453.5
7   3   -468.8   350.7   3343.2
7   4   -346.1   545.0   3306.6
7   5   -207.5   537.2   3477.6
7   6   -191.1   349.6   3379.2
7   7   -313.3   523.6   3284.1
7   8   -332.8   397.2   3562.7
7   9   -334.8   240.8   3573.8
7   10   -414.0   149.5   3557.4
7   11   -422.6   -167.9   3567.8
7   12   -377.0   -464.2   3592.4
7   13   -261.1   141.4   3569.3
7   14   -268.8   -175.8   3584.8
7   15   -290.1   -474.3   3615.1
7   16   -366.5   512.7   3312.7
7   17   -293.0   494.6   3300.0
7   18   -335.2   623.3   3435.6
8   0   -338.8   712.3   3454.9
8   1   -334.2   567.9   3464.8
8   2   -462.8   533.7   3453.3
8   3   -470.7   351.2   3344.1
8   4   -344.9   544.2   3306.1
8   5   -208.8   538.7   3476.5
8   6   -188.9   349.6   3380.7
8   7   -312.5   522.2   3284.6
8   8   -332.4   395.3   3555.3
8   9   -334.2   239.5   3568.5
8   10   -418.5   146.2   3556.5
8   11   -423.5   -171.3   3568.3
8   12   -376.3   -468.9   3591.7
8   13   -254.6   138.5   3569.3
8   14   -266.8   -178.6   3587.4
8   15   -290.0   -478.8   3614.4
8   16   -365.9   512.0   3312.4
8   17   -291.9   493.4   3300.6
8   18   -334.8   624.6   3435.0
9   0   -338.3   712.0   3454.7
9   1   -334.1   567.3   3463.4
9   2   -461.1   534.0   3453.3
9   3   -471.4   351.2   3344.5
9   4   -343.9   543.0   3305.8
9   5   -209.7   539.5   3476.2
9   6   -187.5   350.0   3381.4
9   7   -312.2   522.0   3285.4
9   8   -332.3   393.2   3549.7
9   9   -334.0   237.7   3563.6
9   10   -421.5   143.5   3556.2
9   11   -423.4   -174.2   3568.1
9   12   -374.2   -472.9   3592.9
9   13   -250.5   136.5   3569.6
9   14   -265.6   -180.5   3587.9
9   15   -290.1   -482.1   3614.6
9   16   -365.1   511.1   3312.2
9   17   -291.4   493.3   3301.4
9   18   -334.7   624.7   3434.9
10   0   -337.8   711.2   3454.8
10   1   -334.0   566.6   3462.9
10   2   -460.2   534.2   3453.3
10   3   -471.6   351.1   3345.2
10   4   -343.9   542.6   3306.0
10   5   -210.5   539.9   3476.3
10   6   -185.9   350.6   3381.7
10   7   -311.9   522.1   3286.5
10   8   -332.4   392.2   3547.4
10   9   -334.0   236.9   3561.1
10   10   -422.3   142.2   3556.7
10   11   -423.1   -175.5   3567.8
10   12   -375.8   -475.5   3595.1
10   13   -249.5   135.8   3569.7
10   14   -265.2   -181.2   3587.8
10   15   -290.2   -484.0   3614.9
10   16   -365.1   510.6   3312.5
10   17   -290.9   493.5   3302.4
10   18   -334.6   624.2   3434.9
11   0   -337.4   710.3   3455.0
11   1   -334.0   565.9   3463.0
11   2   -459.4   534.1   3453.2
11   3   -471.7   351.1   3345.3
11   4   -344.4   542.7   3306.4
11   5   -211.4   539.7   3476.4
11   6   -185.1   350.9   3381.8
11   7   -311.7   522.1   3287.2
11   8   -332.4   392.1   3547.3
11   9   -334.0   236.9   3560.3
11   10   -421.6   141.9   3557.4
11   11   -422.9   -175.7   3567.6
11   12   -378.2   -476.8   3598.3
11   13   -250.3   135.7   3569.7
11   14   -265.7   -181.3   3587.4
11   15   -290.1   -485.0   3615.0
11   16   -365.6   510.8   3312.9
11   17   -290.6   493.6   3303.0
11   18   -334.6   623.6   3435.0
12   0   -337.1   709.4   3455.1
12   1   -334.0   565.3   3463.3
12   2   -458.9   534.2   3453.1
12   3   -471.8   351.2   3345.4
12   4   -345.3   543.2   3306.8
12   5   -212.0   539.7   3476.4
12   6   -184.9   351.1   3381.7
12   7   -311.9   522.2   3287.4
12   8   -332.5   390.9   3549.0
12   9   -334.1   235.7   3560.6
12   10   -420.3   142.3   3558.0
12   11   -422.5   -175.4   3567.5
12   12   -380.2   -477.6   3597.2
12   13   -251.9   136.2   3569.6
12   14   -266.0   -180.9   3587.1
12   15   -290.2   -485.3   3615.8
12   16   -366.4   511.2   3313.2
12   17   -290.7   493.7   3303.1
12   18   -334.6   622.8   3435.1
13   0   -336.9   708.6   3455.2
13   1   -334.0   564.8   3463.7
13   2   -458.5   534.3   3453.1
13   3   -471.8   351.3   3345.5
13   4   -345.9   543.5   3306.9
13   5   -212.6   539.5   3476.5
13   6   -184.7   351.4   3381.1
13   7   -312.2   522.4   3287.4
13   8   -332.5   389.6   3551.1
13   9   -334.1   234.4   3561.3
13   10   -418.5   143.2   3558.0
13   11   -422.2   -174.5   3567.4
13   12   -380.7   -477.8   3592.2
13   13   -253.9   136.9   3569.5
13   14   -266.3   -180.2   3586.9
13   15   -290.3   -485.0   3616.8
13   16   -366.9   511.5   3313.4
13   17   -290.9   493.9   3303.0
13   18   -334.5   622.1   3435.1
14   0   -336.5   707.6   3455.5
14   1   -334.0   564.1   3463.9
14   2   -458.2   534.4   3453.1
14   3   -471.8   351.3   3345.6
14   4   -346.2   543.7   3306.8
14   5   -213.1   539.2   3476.4
14   6   -184.8   352.1   3379.3
14   7   -313.2   523.4   3287.4
14   8   -332.5   388.0   3552.4
14   9   -334.2   232.9   3561.9
14   10   -416.9   144.2   3557.8
14   11   -421.9   -173.5   3567.2
14   12   -379.9   -477.5   3589.6
14   13   -255.8   137.8   3569.3
14   14   -266.6   -179.3   3586.7
14   15   -290.5   -484.6   3617.3
14   16   -367.1   511.7   3313.3
14   17   -291.8   494.9   3302.7
14   18   -334.5   621.4   3435.2
15   0   -336.1   706.5   3456.2
15   1   -334.0   563.5   3464.0
15   2   -458.0   534.5   3453.1
15   3   -471.9   351.5   3345.6
15   4   -346.4   543.9   3306.9
15   5   -213.4   539.2   3476.4
15   6   -184.8   352.6   3378.4
15   7   -313.8   524.0   3287.4
15   8   -332.5   386.4   3553.1
15   9   -334.2   231.3   3562.4
15   10   -415.1   145.4   3557.1
15   11   -421.7   -172.1   3567.1
15   12   -378.8   -476.8   3588.0
15   13   -257.9   139.0   3569.1
15   14   -266.9   -178.2   3586.6
15   15   -290.6   -484.1   3617.3
15   16   -367.3   511.8   3313.3
15   17   -292.3   495.5   3302.6
15   18   -334.5   620.7   3435.2
16   0   -335.7   705.7   3457.1
16   1   -334.0   563.0   3463.9
16   2   -457.6   534.7   3453.1
16   3   -472.0   351.6   3345.8
16   4   -346.4   544.1   3307.0
16   5   -213.6   539.5   3476.3
16   6   -184.9   353.1   3378.0
16   7   -314.2   524.4   3287.4
16   8   -332.5   385.0   3553.2
16   9   -334.3   230.0   3562.6
16   10   -413.8   146.5   3556.2
16   11   -421.5   -171.0   3566.9
16   12   -378.8   -476.3   3587.7
16   13   -259.5   139.9   3568.9
16   14   -267.1   -177.3   3586.5
16   15   -290.7   -483.8   3617.3
16   16   -367.4   512.0   3313.5
16   17   -292.6   495.9   3302.5
16   18   -334.5   620.2   3435.2
17   0   -335.4   705.0   3457.8
17   1   -334.0   562.6   3463.9
17   2   -457.3   534.9   3453.1
17   3   -472.1   352.0   3345.5
17   4   -346.4   544.4   3307.1
17   5   -213.8   539.8   3476.2
17   6   -184.6   353.4   3378.0
17   7   -313.7   524.8   3287.2
17   8   -332.5   383.8   3553.3
17   9   -334.3   228.8   3562.8
17   10   -413.1   147.1   3555.4
17   11   -421.4   -170.4   3566.8
17   12   -378.7   -476.0   3590.1
17   13   -260.2   140.4   3568.7
17   14   -267.2   -176.8   3586.4
17   15   -290.9   -483.8   3617.4
17   16   -367.4   512.4   3313.5
17   17   -292.1   496.2   3302.3
17   18   -334.4   619.9   3435.2
18   0   -335.3   704.5   3458.4
18   1   -333.9   562.3   3463.8
18   2   -457.0   535.1   3453.1
18   3   -472.3   352.5   3345.1
18   4   -346.8   545.1   3306.9
18   5   -214.0   540.0   3476.1
18   6   -184.0   353.6   3378.2
18   7   -312.0   525.5   3286.6
18   8   -332.5   382.8   3553.3
18   9   -334.3   227.8   3562.8
18   10   -412.8   147.3   3555.0
18   11   -421.3   -170.2   3566.7
18   12   -379.4   -474.4   3601.9
18   13   -260.5   140.6   3568.5
18   14   -267.2   -176.6   3586.4
18   15   -291.0   -483.4   3617.6
18   16   -367.7   513.0   3313.3
18   17   -290.6   496.8   3301.9
18   18   -334.4   619.6   3435.2
19   0   -335.2   704.1   3458.8
19   1   -333.9   561.9   3463.7
19   2   -456.7   535.3   3453.1
19   3   -472.5   352.7   3345.3
19   4   -347.1   545.2   3306.7
19   5   -214.2   540.3   3475.9
19   6   -183.0   353.9   3378.3
19   7   -310.2   526.0   3286.2
19   8   -332.5   381.7   3553.3
19   9   -334.3   226.7   3562.8
19   10   -412.8   147.4   3554.8
19   11   -421.3   -170.1   3566.7
19   12   -381.4   -470.3   3616.3
19   13   -260.5   140.7   3568.2
19   14   -267.2   -176.5   3586.4
19   15   -291.1   -481.1   3618.4
19   16   -368.0   513.1   3313.2
19   17   -289.0   497.4   3301.6
19   18   -334.4   619.3   3435.2
20   0   -335.2   703.9   3459.2
20   1   -333.9   561.6   3463.6
20   2   -456.5   535.5   3453.1
20   3   -472.6   353.1   3344.8
20   4   -347.0   545.6   3306.6
20   5   -214.4   540.5   3475.8
20   6   -182.1   354.3   3378.2
20   7   -310.0   525.9   3286.2
20   8   -332.5   380.5   3553.2
20   9   -334.3   225.6   3562.8
20   10   -412.8   147.3   3554.8
20   11   -421.3   -170.2   3566.7
20   12   -380.8   -469.6   3614.1
20   13   -260.5   140.5   3568.0
20   14   -267.2   -176.7   3586.3
20   15   -291.5   -480.0   3618.9
20   16   -367.9   513.5   3313.0
20   17   -288.7   497.3   3301.5
20   18   -334.3   619.0   3435.2
21   0   -335.2   703.7   3459.4
21   1   -333.9   561.3   3463.6
21   2   -456.3   535.7   3453.0
21   3   -472.5   353.1   3345.0
21   4   -347.1   545.7   3306.3
21   5   -214.5   540.7   3475.7
21   6   -180.0   354.9   3378.1
21   7   -310.0   525.1   3286.5
21   8   -332.5   379.4   3553.3
21   9   -334.4   224.5   3562.8
21   10   -412.9   147.2   3554.8
21   11   -421.2   -170.3   3566.6
21   12   -381.1   -469.8   3611.0
21   13   -260.6   140.3   3567.7
21   14   -267.2   -177.0   3586.3
21   15   -292.0   -479.7   3619.2
21   16   -368.0   513.6   3312.8
21   17   -288.4   496.7   3301.7
21   18   -334.3   618.7   3435.3
22   0   -335.2   703.6   3459.6
22   1   -333.9   561.1   3463.6
22   2   -456.0   535.8   3453.0
22   3   -472.5   353.2   3345.0
22   4   -347.1   545.8   3306.1
22   5   -214.6   540.9   3475.6
22   6   -177.3   355.6   3378.1
22   7   -310.1   523.9   3286.8
22   8   -332.5   378.4   3553.4
22   9   -334.4   223.5   3562.9
22   10   -413.0   147.2   3554.7
22   11   -421.2   -170.4   3566.6
22   12   -381.3   -469.7   3608.0
22   13   -260.5   140.2   3567.4
22   14   -267.1   -177.0   3586.2
22   15   -292.6   -479.0   3619.2
22   16   -368.0   513.7   3312.6
22   17   -288.0   495.8   3302.0
22   18   -334.3   618.5   3435.3
23   0   -335.2   703.6   3459.7
23   1   -333.8   560.9   3463.6
23   2   -455.8   536.0   3453.0
23   3   -472.5   353.4   3345.1
23   4   -347.0   545.8   3305.8
23   5   -214.7   541.0   3475.5
23   6   -174.1   356.2   3378.4
23   7   -310.2   522.0   3287.4
23   8   -332.5   377.4   3553.7
23   9   -334.4   222.5   3562.9
23   10   -413.0   147.1   3554.7
23   11   -421.2   -170.5   3566.5
23   12   -381.6   -469.9   3602.0
23   13   -260.3   140.3   3567.0
23   14   -267.1   -177.0   3586.1
23   15   -293.2   -478.2   3619.0
23   16   -368.0   513.7   3312.4
23   17   -287.5   494.4   3302.5
23   18   -334.2   618.4   3435.3
24   0   -335.2   703.6   3459.7
24   1   -333.8   560.8   3463.6
24   2   -455.6   536.1   3452.9
24   3   -472.5   353.5   3345.1
24   4   -347.0   545.7   3305.0
24   5   -214.8   541.2   3475.5
24   6   -174.1   356.4   3378.3
24   7   -310.5   521.9   3287.3
24   8   -332.5   376.6   3553.9
24   9   -334.4   221.6   3563.0
24   10   -413.0   147.0   3554.7
24   11   -421.2   -170.6   3566.2
24   12   -382.2   -470.0   3598.3
24   13   -260.1   140.5   3566.7
24   14   -267.0   -176.8   3585.6
24   15   -294.2   -477.4   3618.6
24   16   -367.9   513.7   3311.7
24   17   -287.8   494.3   3302.4
24   18   -334.2   618.3   3435.4
25   0   -335.2   703.7   3459.7
25   1   -333.8   560.6   3463.6
25   2   -455.4   536.2   3452.9
25   3   -472.6   353.7   3345.0
25   4   -346.9   545.6   3303.8
25   5   -214.7   541.4   3474.9
25   6   -174.3   356.3   3378.1
25   7   -310.9   521.9   3287.1
25   8   -332.6   375.7   3554.2
25   9   -334.4   220.8   3563.1
25   10   -413.0   147.0   3554.7
25   11   -421.1   -170.6   3565.8
25   12   -383.1   -469.9   3597.1
25   13   -259.9   140.8   3566.1
25   14   -267.0   -176.6   3585.0
25   15   -295.5   -476.7   3617.9
25   16   -367.9   513.6   3310.7
25   17   -288.1   494.3   3302.3
25   18   -334.2   618.2   3435.4
26   0   -335.2   703.7   3459.7
26   1   -333.8   560.5   3463.6
26   2   -455.3   536.3   3452.9
26   3   -472.6   353.8   3344.8
26   4   -346.8   545.5   3302.5
26   5   -214.5   541.6   3474.3
26   6   -174.5   356.2   3377.7
26   7   -311.0   521.9   3286.8
26   8   -332.6   375.0   3554.4
26   9   -334.4   220.0   3563.1
26   10   -413.0   147.0   3554.7
26   11   -421.1   -170.7   3565.1
26   12   -384.1   -469.9   3596.5
26   13   -259.6   141.1   3565.3
26   14   -267.0   -176.2   3584.6
26   15   -296.9   -476.2   3616.3
26   16   -367.8   513.5   3309.5
26   17   -288.2   494.3   3302.0
26   18   -334.2   618.0   3435.4
27   0   -335.2   703.7   3459.7
27   1   -333.8   560.3   3463.6
27   2   -455.2   536.4   3452.9
27   3   -472.6   354.0   3344.6
27   4   -346.8   545.3   3301.0
27   5   -214.2   541.8   3473.4
27   6   -174.7   356.2   3377.0
27   7   -311.1   522.0   3286.2
27   8   -332.6   374.3   3554.6
27   9   -334.4   219.3   3563.2
27   10   -412.9   147.0   3554.7
27   11   -421.0   -170.8   3564.1
27   12   -384.3   -469.8   3596.2
27   13   -259.4   141.4   3564.4
27   14   -266.9   -175.9   3584.3
27   15   -297.2   -475.9   3613.5
27   16   -367.8   513.4   3308.3
27   17   -288.4   494.4   3301.4
27   18   -334.1   617.9   3435.4
28   0   -335.2   703.7   3459.7
28   1   -333.7   560.1   3463.5
28   2   -455.1   536.4   3452.8
28   3   -472.6   354.2   3344.3
28   4   -346.7   545.3   3299.8
28   5   -213.8   541.9   3472.5
28   6   -174.8   356.3   3375.9
28   7   -311.3   522.2   3285.4
28   8   -332.6   373.7   3554.7
28   9   -334.4   218.7   3563.2
28   10   -412.9   147.0   3554.6
28   11   -420.9   -170.8   3562.7
28   12   -384.0   -469.8   3595.7
28   13   -259.3   141.6   3564.0
28   14   -266.9   -175.7   3584.3
28   15   -296.8   -476.2   3609.4
28   16   -367.7   513.4   3307.2
28   17   -288.6   494.5   3300.5
28   18   -334.0   617.7   3435.4
29   0   -335.2   703.7   3459.7
29   1   -333.6   559.9   3463.5
29   2   -455.0   536.5   3452.8
29   3   -472.5   354.5   3343.8
29   4   -346.5   545.4   3298.6
29   5   -213.4   542.0   3471.6
29   6   -174.9   356.4   3374.8
29   7   -311.6   522.4   3284.6
29   8   -332.6   373.2   3554.8
29   9   -334.4   218.1   3563.2
29   10   -412.8   147.0   3554.5
29   11   -420.8   -170.9   3561.9
29   12   -382.7   -470.0   3594.6
29   13   -259.2   141.8   3563.9
29   14   -266.9   -175.6   3584.3
29   15   -296.2   -476.5   3608.3
29   16   -367.5   513.6   3306.1
29   17   -288.8   494.7   3299.7
29   18   -333.9   617.5   3435.4
30   0   -335.2   703.7   3459.7
30   1   -333.5   559.8   3463.5
30   2   -454.9   536.6   3452.7
30   3   -472.5   354.6   3343.6
30   4   -346.5   545.3   3297.3
30   5   -213.0   542.1   3470.8
30   6   -174.8   356.1   3374.6
30   7   -311.3   521.9   3283.6
30   8   -332.6   372.8   3554.9
30   9   -334.4   217.7   3563.2
30   10   -412.8   147.0   3554.3
30   11   -420.7   -170.9   3561.6
30   12   -380.8   -470.5   3592.4
30   13   -259.2   141.9   3563.9
30   14   -266.9   -175.4   3584.2
30   15   -296.0   -476.9   3608.1
30   16   -367.5   513.5   3305.1
30   17   -288.5   494.3   3298.8
30   18   -333.8   617.4   3435.4
31   0   -335.2   703.7   3459.7
31   1   -333.4   559.7   3463.5
31   2   -454.8   536.6   3452.1
31   3   -472.5   354.4   3343.5
31   4   -346.7   545.2   3297.1
31   5   -212.5   542.2   3469.8
31   6   -174.7   355.7   3374.4
31   7   -310.8   521.4   3282.5
31   8   -332.6   372.4   3554.9
31   9   -334.4   217.3   3563.1
31   10   -412.7   147.0   3554.1
31   11   -420.6   -170.9   3561.4
31   12   -378.5   -471.1   3591.4
31   13   -259.1   142.2   3563.9
31   14   -266.9   -175.2   3584.0
31   15   -295.9   -477.5   3608.1
31   16   -367.7   513.4   3304.8
31   17   -288.1   493.8   3297.8
31   18   -333.6   617.3   3435.4
32   0   -335.2   703.8   3459.7
32   1   -333.2   559.6   3463.5
32   2   -454.8   536.6   3451.2
32   3   -472.6   354.0   3343.2
32   4   -346.8   544.9   3297.0
32   5   -212.0   542.3   3468.8
32   6   -174.6   355.2   3374.4
32   7   -310.1   520.7   3281.4
32   8   -332.7   372.1   3555.0
32   9   -334.4   217.0   3563.1
32   10   -412.7   147.1   3553.9
32   11   -420.5   -170.9   3561.2
32   12   -375.6   -471.8   3591.0
32   13   -258.9   142.5   3563.9
32   14   -266.9   -175.0   3583.7
32   15   -296.0   -478.3   3608.4
32   16   -367.7   513.1   3304.7
32   17   -287.5   493.1   3296.9
32   18   -333.4   617.2   3435.4
33   0   -335.2   703.8   3459.7
33   1   -333.1   559.5   3463.5
33   2   -454.7   536.7   3450.2
33   3   -472.6   353.5   3343.0
33   4   -346.7   544.5   3297.1
33   5   -211.5   542.4   3467.8
33   6   -174.4   354.7   3374.4
33   7   -309.4   519.9   3279.9
33   8   -332.7   371.8   3555.0
33   9   -334.4   216.7   3563.0
33   10   -412.6   147.2   3553.7
33   11   -420.5   -170.9   3561.2
33   12   -376.7   -472.9   3591.3
33   13   -258.8   142.8   3563.9
33   14   -266.8   -174.7   3583.4
33   15   -296.0   -479.0   3608.5
33   16   -367.7   512.7   3304.7
33   17   -286.9   492.3   3295.7
33   18   -333.2   617.1   3435.4
34   0   -335.2   703.8   3459.7
34   1   -332.9   559.4   3463.5
34   2   -454.7   536.7   3448.9
34   3   -472.6   353.1   3342.4
34   4   -346.6   544.2   3297.2
34   5   -210.9   542.4   3466.8
34   6   -174.3   354.0   3374.4
34   7   -308.5   519.0   3278.3
34   8   -332.7   371.5   3554.9
34   9   -334.4   216.4   3562.9
34   10   -412.6   147.2   3553.5
34   11   -420.4   -170.9   3561.2
34   12   -378.0   -473.9   3592.1
34   13   -258.7   143.0   3563.9
34   14   -266.8   -174.6   3582.9
34   15   -296.1   -479.6   3608.5
34   16   -367.6   512.3   3304.7
34   17   -286.2   491.5   3294.3
34   18   -333.0   617.0   3435.4
35   0   -335.2   703.8   3459.7
35   1   -332.8   559.2   3463.5
35   2   -454.9   536.6   3444.6
35   3   -472.8   351.2   3341.2
35   4   -346.7   542.7   3297.6
35   5   -210.5   542.5   3466.3
35   6   -174.4   353.9   3374.0
35   7   -308.3   518.9   3277.5
35   8   -332.7   371.2   3554.9
35   9   -334.5   216.1   3562.8
35   10   -412.6   147.2   3553.3
35   11   -420.3   -171.0   3561.3
35   12   -378.2   -474.6   3593.3
35   13   -258.6   143.2   3563.9
35   14   -266.7   -174.5   3582.4
35   15   -296.2   -480.2   3608.5
35   16   -367.7   510.8   3304.9
35   17   -286.0   491.4   3293.6
35   18   -332.8   616.9   3435.4
36   0   -335.2   703.9   3459.2
36   1   -332.7   559.1   3463.5
36   2   -455.0   536.5   3441.0
36   3   -472.8   349.8   3339.9
36   4   -346.4   541.5   3298.0
36   5   -210.1   542.6   3466.0
36   6   -174.6   353.9   3373.6
36   7   -308.4   518.9   3276.9
36   8   -332.7   370.9   3554.9
36   9   -334.5   215.7   3562.7
36   10   -412.6   147.2   3553.0
36   11   -420.2   -171.0   3561.2
36   12   -377.6   -475.2   3593.7
36   13   -258.5   143.4   3563.8
36   14   -266.5   -174.4   3581.9
36   15   -296.3   -480.7   3608.6
36   16   -367.5   509.6   3305.0
36   17   -286.1   491.4   3293.0
36   18   -332.6   616.8   3435.4
37   0   -335.2   704.0   3458.4
37   1   -332.5   558.9   3463.4
37   2   -455.0   536.5   3438.3
37   3   -472.9   349.0   3338.6
37   4   -346.2   540.9   3298.1
37   5   -209.8   542.6   3465.9
37   6   -174.9   354.4   3372.2
37   7   -309.0   519.6   3276.2
37   8   -332.7   370.6   3554.9
37   9   -334.5   215.4   3562.6
37   10   -412.6   147.2   3552.7
37   11   -420.1   -171.1   3561.0
37   12   -377.5   -475.7   3594.1
37   13   -258.3   143.5   3563.7
37   14   -266.3   -174.3   3581.1
37   15   -296.5   -481.0   3608.7
37   16   -367.3   508.9   3304.9
37   17   -286.7   492.1   3292.2
37   18   -332.5   616.7   3435.4
38   0   -335.2   704.1   3457.5
38   1   -332.4   558.8   3463.4
38   2   -455.0   536.5   3434.8
38   3   -473.0   347.9   3337.2
38   4   -345.8   539.8   3298.4
38   5   -209.6   542.5   3465.9
38   6   -175.1   355.1   3370.3
38   7   -310.0   520.4   3275.5
38   8   -332.8   370.3   3554.9
38   9   -334.5   215.0   3562.5
38   10   -412.6   147.1   3552.4
38   11   -420.0   -171.2   3560.9
38   12   -377.9   -475.7   3595.8
38   13   -258.1   143.7   3563.6
38   14   -266.0   -174.3   3580.2
38   15   -296.8   -480.8   3609.1
38   16   -367.0   507.8   3304.9
38   17   -287.5   492.8   3291.3
38   18   -332.3   616.5   3435.3
39   0   -335.2   704.2   3456.4
39   1   -332.2   558.6   3463.2
39   2   -454.9   536.6   3433.1
39   3   -473.0   347.8   3335.7
39   4   -344.8   539.4   3298.5
39   5   -209.4   542.4   3465.9
39   6   -175.3   355.8   3368.5
39   7   -310.8   521.2   3274.6
39   8   -332.8   370.0   3554.8
39   9   -334.5   214.7   3562.4
39   10   -412.7   147.1   3552.0
39   11   -419.9   -171.3   3560.6
39   12   -378.6   -475.5   3596.6
39   13   -257.8   143.9   3563.5
39   14   -265.7   -174.1   3579.8
39   15   -297.2   -480.2   3609.5
39   16   -366.2   507.5   3304.7
39   17   -288.2   493.7   3290.2
39   18   -332.1   616.4   3435.2
40   0   -335.2   704.4   3455.4
40   1   -332.1   558.5   3463.0
40   2   -454.7   536.7   3434.6
40   3   -473.0   349.5   3334.0
40   4   -343.5   540.6   3298.1
40   5   -209.2   542.3   3465.9
40   6   -175.3   355.8   3368.4
40   7   -310.5   521.0   3273.6
40   8   -332.8   369.7   3554.5
40   9   -334.5   214.3   3562.2
40   10   -412.8   147.1   3551.4
40   11   -419.8   -171.4   3560.3
40   12   -379.1   -475.7   3596.5
40   13   -257.6   144.1   3563.3
40   14   -265.5   -174.0   3579.6
40   15   -297.5   -480.1   3609.5
40   16   -365.0   508.7   3304.1
40   17   -288.0   493.4   3289.4
40   18   -331.8   616.4   3435.0
41   0   -335.2   704.5   3454.8
41   1   -331.9   558.5   3462.9
41   2   -454.5   536.8   3438.2
41   3   -473.6   352.1   3333.6
41   4   -342.3   541.5   3295.3
41   5   -209.0   542.3   3465.9
41   6   -173.8   354.9   3370.5
41   7   -308.3   518.9   3272.7
41   8   -332.8   369.3   3554.1
41   9   -334.5   214.0   3562.0
41   10   -412.9   147.0   3551.0
41   11   -419.8   -174.9   3560.1
41   12   -379.0   -480.1   3596.3
41   13   -257.2   144.3   3563.2
41   14   -265.2   -177.3   3579.7
41   15   -298.1   -484.1   3609.6
41   16   -364.2   509.9   3301.7
41   17   -285.9   491.6   3289.0
41   18   -331.6   616.3   3434.9
42   0   -335.1   704.7   3456.6
42   1   -331.7   558.2   3464.6
42   2   -454.3   537.0   3440.1
42   3   -482.8   354.6   3333.5
42   4   -347.6   536.1   3278.0
42   5   -208.6   543.2   3469.3
42   6   -162.1   357.6   3375.5
42   7   -299.9   514.4   3271.0
42   8   -332.8   368.1   3554.1
42   9   -334.5   212.7   3561.9
42   10   -413.0   146.8   3550.3
42   11   -419.5   -176.3   3559.8
42   12   -379.0   -482.8   3594.6
42   13   -256.9   144.5   3563.2
42   14   -265.0   -178.4   3579.7
42   15   -298.4   -486.3   3608.6
42   16   -370.1   505.8   3287.2
42   17   -276.9   488.3   3288.4
42   18   -331.3   616.3   3437.3
43   0   -335.1   705.6   3462.3
43   1   -331.4   557.5   3470.4
43   2   -454.2   538.4   3453.7
43   3   -496.2   365.7   3339.3
43   4   -393.1   502.7   3206.3
43   5   -207.4   545.8   3478.1
43   6   -141.5   368.5   3384.3
43   7   -265.3   503.4   3244.7
43   8   -332.9   365.3   3554.8
43   9   -334.5   209.8   3562.0
43   10   -413.1   146.7   3549.3
43   11   -419.2   -176.4   3559.4
43   12   -378.9   -484.4   3591.8
43   13   -256.4   144.7   3563.1
43   14   -264.9   -178.2   3579.6
43   15   -298.6   -487.4   3607.0
43   16   -410.2   479.9   3228.5
43   17   -244.6   481.0   3267.9
43   18   -331.0   616.3   3444.6
44   0   -335.0   707.5   3469.9
44   1   -331.2   556.9   3479.6
44   2   -454.9   541.7   3470.7
44   3   -518.9   377.1   3356.6
44   4   -487.2   429.7   3163.1
44   5   -206.3   547.8   3489.1
44   6   -109.2   375.6   3426.5
44   7   -157.4   435.4   3233.1
44   8   -332.9   361.7   3555.6
44   9   -334.6   206.2   3562.0
44   10   -413.2   146.6   3548.0
44   11   -418.8   -176.0   3559.1
44   12   -378.9   -485.3   3587.7
44   13   -256.0   144.9   3563.0
44   14   -264.7   -177.4   3579.5
44   15   -298.7   -487.7   3605.3
44   16   -492.3   421.1   3195.4
44   17   -149.5   425.6   3265.3
44   18   -330.6   616.7   3456.3
45   0   -334.9   710.0   3477.0
45   1   -330.9   556.5   3489.2
45   2   -455.7   544.3   3479.1
45   3   -547.2   385.0   3379.0
45   4   -603.4   356.4   3182.6
45   5   -204.9   548.4   3494.4
45   6   -84.8   382.8   3453.2
45   7   -39.7   369.9   3252.9
45   8   -332.9   358.8   3556.1
45   9   -334.6   203.2   3562.0
45   10   -413.3   146.5   3546.4
45   11   -418.4   -175.4   3558.8
45   12   -378.9   -485.4   3585.1
45   13   -255.4   145.1   3562.8
45   14   -264.6   -176.6   3579.2
45   15   -298.7   -487.5   3602.9
45   16   -594.0   361.2   3215.4
45   17   -47.2   372.1   3286.3
45   18   -330.3   617.4   3468.6
46   0   -334.8   712.6   3482.4
46   1   -330.7   556.5   3497.1
46   2   -455.5   545.7   3482.8
46   3   -564.2   392.5   3388.3
46   4   -699.2   313.6   3239.2
46   5   -204.1   548.6   3496.1
46   6   -66.7   393.8   3458.6
46   7   65.3   319.5   3317.4
46   8   -333.0   357.1   3556.3
46   9   -334.6   201.5   3561.9
46   10   -413.5   146.3   3545.6
46   11   -418.1   -175.0   3558.6
46   12   -378.6   -484.4   3587.6
46   13   -254.9   145.2   3562.6
46   14   -264.4   -175.8   3578.6
46   15   -298.6   -486.2   3602.8
46   16   -676.8   326.6   3264.1
46   17   43.5   331.8   3340.9
46   18   -330.0   618.2   3478.8
47   0   -334.9   715.6   3483.5
47   1   -330.4   557.8   3501.3
47   2   -454.6   547.0   3483.8
47   3   -578.7   401.3   3394.3
47   4   -760.7   297.4   3296.1
47   5   -204.1   549.2   3496.4
47   6   -53.6   402.3   3473.3
47   7   130.8   302.5   3387.0
47   8   -333.0   357.7   3556.1
47   9   -334.6   202.1   3561.7
47   10   -413.8   146.0   3545.2
47   11   -417.9   -174.8   3558.3
47   12   -378.6   -480.7   3601.6
47   13   -254.3   145.4   3562.2
47   14   -264.2   -175.2   3577.5
47   15   -298.5   -483.7   3606.2
47   16   -730.5   314.7   3312.4
47   17   100.1   319.1   3401.4
47   18   -329.7   619.8   3484.3
48   0   -335.0   719.3   3479.3
48   1   -330.1   560.7   3501.5
48   2   -453.0   548.4   3482.1
48   3   -591.7   410.8   3399.6
48   4   -794.9   294.6   3340.1
48   5   -204.6   550.5   3496.1
48   6   -46.2   409.5   3494.7
48   7   161.0   302.2   3433.4
48   8   -332.9   361.0   3555.2
48   9   -334.6   205.4   3561.2
48   10   -414.1   145.7   3544.8
48   11   -417.6   -174.8   3557.9
48   12   -382.0   -477.8   3608.2
48   13   -253.7   145.4   3561.6
48   14   -264.0   -174.8   3576.4
48   15   -298.4   -480.7   3607.7
48   16   -761.0   313.9   3350.0
48   17   126.5   320.1   3443.7
48   18   -329.2   622.9   3484.8
49   0   -335.1   722.7   3470.9
49   1   -329.7   564.7   3498.9
49   2   -451.4   549.8   3477.5
49   3   -599.5   415.0   3406.2
49   4   -809.6   298.2   3359.5
49   5   -204.8   553.0   3495.3
49   6   -43.1   414.6   3504.3
49   7   171.7   306.3   3456.7
49   8   -332.8   366.0   3553.8
49   9   -334.5   210.3   3560.5
49   10   -414.4   145.3   3544.6
49   11   -417.5   -174.9   3557.2
49   12   -385.3   -476.5   3608.8
49   13   -253.1   145.6   3560.9
49   14   -263.8   -174.4   3575.1
49   15   -298.3   -478.4   3608.4
49   16   -774.6   317.7   3367.3
49   17   135.8   324.3   3464.7
49   18   -328.7   626.8   3481.8
50   0   -335.3   725.4   3462.4
50   1   -329.3   568.7   3495.1
50   2   -450.0   551.0   3471.1
50   3   -603.3   415.5   3411.9
50   4   -812.7   300.9   3364.6
50   5   -204.9   555.3   3494.4
50   6   -42.0   418.1   3508.5
50   7   173.1   311.3   3465.3
50   8   -332.7   371.1   3552.3
50   9   -334.5   215.4   3559.8
50   10   -414.8   144.9   3544.4
50   11   -417.5   -175.2   3556.4
50   12   -386.5   -477.2   3603.5
50   13   -252.5   145.7   3560.1
50   14   -263.5   -174.2   3573.1
50   15   -298.1   -477.5   3607.5
50   16   -777.8   320.0   3372.5
50   17   137.2   329.1   3472.5
50   18   -328.2   630.5   3477.2
51   0   -335.4   726.7   3457.0
51   1   -328.9   571.2   3491.6
51   2   -449.5   551.6   3467.6
51   3   -603.9   414.8   3413.1
51   4   -810.7   302.5   3363.4
51   5   -204.3   557.1   3493.7
51   6   -42.3   418.8   3509.6
51   7   171.6   315.9   3467.3
51   8   -332.7   374.7   3551.2
51   9   -334.4   219.0   3559.1
51   10   -415.3   144.5   3544.2
51   11   -417.5   -175.5   3555.4
51   12   -386.3   -479.8   3592.9
51   13   -251.8   145.8   3559.3
51   14   -263.2   -174.0   3570.8
51   15   -298.0   -478.3   3605.7
51   16   -776.2   321.2   3371.7
51   17   135.9   333.1   3474.3
51   18   -327.8   632.8   3472.9
52   0   -335.4   726.9   3453.4
52   1   -328.5   572.6   3488.9
52   2   -449.4   551.9   3466.2
52   3   -601.9   412.6   3411.7
52   4   -806.3   303.4   3357.6
52   5   -203.3   558.1   3493.2
52   6   -42.7   418.0   3509.2
52   7   169.6   318.7   3465.7
52   8   -332.6   377.0   3550.5
52   9   -334.4   221.2   3558.5
52   10   -415.7   144.0   3544.0
52   11   -417.6   -175.9   3554.4
52   12   -384.7   -481.6   3587.1
52   13   -251.2   145.7   3558.4
52   14   -262.8   -174.0   3569.1
52   15   -297.8   -479.4   3603.3
52   16   -772.3   321.6   3366.6
52   17   134.2   335.3   3473.0
52   18   -327.2   634.0   3469.6
53   0   -335.3   726.6   3452.1
53   1   -328.1   573.2   3487.3
53   2   -449.7   551.9   3466.2
53   3   -599.9   409.5   3410.8
53   4   -802.3   304.5   3350.1
53   5   -202.3   558.1   3493.0
53   6   -42.6   416.1   3508.4
53   7   168.0   319.7   3461.7
53   8   -332.6   378.1   3550.0
53   9   -334.4   222.3   3558.1
53   10   -416.1   143.6   3543.8
53   11   -417.6   -176.3   3554.1
53   12   -382.7   -483.2   3583.5
53   13   -250.8   145.5   3557.6
53   14   -262.5   -174.1   3569.3
53   15   -297.5   -480.8   3600.5
53   16   -768.6   322.0   3360.2
53   17   132.9   335.8   3469.5
53   18   -326.7   634.5   3467.6
54   0   -335.3   726.1   3451.9
54   1   -327.7   573.3   3486.6
54   2   -450.0   551.8   3466.7
54   3   -599.1   407.6   3409.2
54   4   -799.5   305.2   3342.2
54   5   -201.4   557.7   3493.1
54   6   -42.0   413.9   3507.6
54   7   167.0   319.5   3455.9
54   8   -332.5   378.6   3549.9
54   9   -334.4   222.8   3557.6
54   10   -416.4   143.3   3543.7
54   11   -417.7   -176.6   3553.9
54   12   -381.2   -484.5   3581.7
54   13   -250.4   145.3   3556.8
54   14   -262.3   -174.2   3570.4
54   15   -297.1   -482.3   3597.1
54   16   -766.1   322.3   3353.4
54   17   132.1   335.2   3464.5
54   18   -326.2   634.6   3466.7
55   0   -335.3   725.6   3452.3
55   1   -327.3   573.3   3486.3
55   2   -450.2   551.5   3467.5
55   3   -598.2   406.2   3407.6
55   4   -797.5   305.7   3335.3
55   5   -200.6   556.9   3493.3
55   6   -41.3   411.7   3506.6
55   7   166.0   319.2   3447.8
55   8   -332.5   378.8   3549.8
55   9   -334.4   222.9   3557.2
55   10   -416.7   142.9   3543.5
55   11   -417.7   -177.0   3553.9
55   12   -380.9   -485.6   3582.3
55   13   -250.1   145.1   3556.0
55   14   -262.2   -174.3   3571.8
55   15   -297.1   -483.4   3595.9
55   16   -764.3   322.5   3347.4
55   17   131.5   334.6   3457.6
55   18   -325.7   634.6   3466.4
56   0   -335.2   725.2   3452.9
56   1   -326.9   573.3   3486.3
56   2   -450.3   551.4   3468.0
56   3   -598.0   405.5   3406.1
56   4   -796.6   305.7   3331.6
56   5   -199.9   556.1   3493.5
56   6   -40.5   410.0   3505.6
56   7   164.4   319.1   3437.5
56   8   -332.5   378.8   3549.8
56   9   -334.4   222.9   3556.9
56   10   -416.9   142.5   3543.4
56   11   -417.7   -177.4   3553.8
56   12   -381.4   -486.1   3584.7
56   13   -249.8   144.9   3555.7
56   14   -262.1   -174.4   3573.9
56   15   -297.1   -484.0   3596.0
56   16   -763.5   322.3   3344.0
56   17   130.3   334.2   3448.8
56   18   -325.2   634.5   3466.3
57   0   -335.1   724.8   3453.4
57   1   -326.6   573.2   3486.3
57   2   -450.4   551.2   3468.8
57   3   -598.0   405.4   3404.7
57   4   -795.8   305.4   3329.1
57   5   -199.5   555.3   3493.7
57   6   -39.7   408.6   3504.6
57   7   163.3   318.6   3430.6
57   8   -332.4   378.8   3549.8
57   9   -334.3   222.8   3556.5
57   10   -417.2   142.2   3543.3
57   11   -417.7   -177.7   3553.9
57   12   -381.7   -486.1   3585.9
57   13   -249.5   144.8   3555.7
57   14   -262.0   -174.6   3574.6
57   15   -297.2   -483.9   3596.5
57   16   -762.8   322.0   3341.7
57   17   129.5   333.6   3442.9
57   18   -324.8   634.5   3466.3
58   0   -335.1   724.6   3454.1
58   1   -326.4   573.1   3486.4
58   2   -450.5   551.0   3469.7
58   3   -598.2   405.2   3404.4
58   4   -794.4   304.8   3327.5
58   5   -199.1   554.7   3493.8
58   6   -39.0   407.7   3503.6
58   7   162.5   317.7   3427.7
58   8   -332.4   378.8   3549.8
58   9   -334.3   222.7   3556.1
58   10   -417.4   142.0   3543.2
58   11   -417.7   -178.0   3553.9
58   12   -381.8   -486.0   3586.5
58   13   -249.3   144.6   3555.7
58   14   -261.9   -174.8   3574.6
58   15   -296.9   -483.8   3597.4
58   16   -761.7   321.5   3340.3
58   17   128.9   332.7   3440.4
58   18   -324.6   634.4   3466.4
59   0   -335.1   724.4   3454.6
59   1   -326.3   573.1   3486.4
59   2   -450.6   550.9   3470.0
59   3   -598.5   405.0   3404.1
59   4   -793.2   304.6   3326.8
59   5   -199.0   554.2   3493.9
59   6   -38.5   407.1   3502.5
59   7   161.9   316.6   3427.3
59   8   -332.4   378.8   3549.8
59   9   -334.3   222.6   3555.7
59   10   -417.7   141.9   3543.2
59   11   -417.7   -178.2   3554.0
59   12   -381.4   -486.4   3586.2
59   13   -249.1   144.5   3555.7
59   14   -261.9   -175.0   3574.1
59   15   -297.0   -483.9   3600.1
59   16   -760.8   321.3   3339.7
59   17   128.5   331.7   3439.8
59   18   -324.4   634.4   3466.4
60   0   -335.0   724.2   3454.9
60   1   -326.3   573.1   3486.5
60   2   -450.8   550.8   3470.1
60   3   -598.7   404.7   3403.8
60   4   -792.0   304.5   3326.3
60   5   -198.9   553.9   3493.9
60   6   -38.1   406.6   3501.4
60   7   161.2   315.4   3428.2
60   8   -332.4   378.7   3549.8
60   9   -334.3   222.5   3555.3
60   10   -417.9   141.7   3543.1
60   11   -417.7   -181.8   3554.1
60   12   -379.9   -490.3   3586.4
60   13   -248.9   144.4   3555.7
60   14   -262.0   -178.6   3573.2
60   15   -297.3   -487.5   3603.7
60   16   -759.8   321.2   3339.3
60   17   128.0   330.6   3440.4
60   18   -324.4   634.4   3466.5
61   0   -335.0   724.1   3455.1
61   1   -326.3   573.0   3486.5
61   2   -450.9   550.7   3470.4
61   3   -598.7   404.6   3403.5
61   4   -790.8   304.4   3325.8
61   5   -198.8   553.8   3493.9
61   6   -38.0   406.1   3500.3
61   7   161.0   314.4   3429.8
61   8   -332.4   378.7   3549.8
61   9   -334.3   222.4   3554.8
61   10   -418.2   141.6   3543.1
61   11   -417.7   -183.1   3554.2
61   12   -378.4   -491.9   3586.5
61   13   -248.7   144.3   3555.7
61   14   -262.0   -180.0   3571.9
61   15   -297.6   -489.1   3604.8
61   16   -758.8   321.1   3338.8
61   17   127.8   329.7   3441.6
61   18   -324.4   634.4   3466.5
62   0   -335.0   723.9   3455.2
62   1   -326.3   573.0   3486.5
62   2   -451.0   550.6   3470.5
62   3   -598.8   404.4   3403.2
62   4   -790.3   304.9   3325.6
62   5   -198.5   553.7   3493.8
62   6   -37.9   405.7   3500.1
62   7   160.6   313.3   3431.7
62   8   -332.4   378.7   3549.8
62   9   -334.3   222.3   3554.4
62   10   -418.4   141.5   3543.0
62   11   -417.7   -183.3   3554.2
62   12   -377.8   -492.2   3586.6
62   13   -248.6   144.2   3555.7
62   14   -262.0   -180.1   3571.2
62   15   -297.7   -489.4   3605.4
62   16   -758.4   321.5   3338.5
62   17   127.5   328.7   3443.1
62   18   -324.3   634.4   3466.5
63   0   -335.0   723.9   3455.3
63   1   -326.3   573.0   3486.5
63   2   -451.1   550.6   3470.6
63   3   -598.8   404.2   3402.8
63   4   -790.4   305.7   3325.2
63   5   -198.3   553.7   3493.7
63   6   -37.9   405.3   3500.2
63   7   160.2   312.3   3432.8
63   8   -332.4   378.6   3549.8
63   9   -334.3   222.2   3553.9
63   10   -418.6   141.4   3543.0
63   11   -417.7   -182.9   3554.1
63   12   -377.7   -491.9   3586.6
63   13   -248.5   144.1   3555.7
63   14   -261.9   -179.8   3571.0
63   15   -297.7   -489.0   3605.7
63   16   -758.5   322.2   3338.2
63   17   127.2   327.8   3444.1
63   18   -324.3   634.4   3466.5
64   0   -335.0   723.8   3455.4
64   1   -326.3   573.0   3486.5
64   2   -451.3   550.5   3470.6
64   3   -598.8   404.0   3402.4
64   4   -791.0   306.8   3324.7
64   5   -198.2   553.7   3493.6
64   6   -38.0   405.0   3501.1
64   7   159.6   311.1   3433.3
64   8   -332.4   378.6   3549.8
64   9   -334.3   222.1   3553.4
64   10   -418.8   141.4   3542.9
64   11   -417.6   -182.4   3554.1
64   12   -377.8   -491.5   3586.4
64   13   -248.4   144.1   3555.7
64   14   -261.9   -179.2   3571.0
64   15   -297.0   -488.7   3605.4
64   16   -758.9   323.0   3337.7
64   17   126.7   326.7   3444.6
64   18   -324.4   634.4   3466.5
65   0   -335.0   723.7   3455.5
65   1   -326.3   572.9   3486.5
65   2   -451.4   550.4   3470.6
65   3   -598.7   403.9   3402.2
65   4   -791.8   308.1   3324.1
65   5   -198.1   553.6   3493.6
65   6   -38.1   404.6   3501.5
65   7   159.2   309.8   3433.6
65   8   -332.4   378.6   3549.9
65   9   -334.3   222.0   3552.8
65   10   -418.9   141.3   3542.9
65   11   -417.5   -181.9   3554.0
65   12   -377.8   -491.2   3586.4
65   13   -248.3   144.0   3555.7
65   14   -261.8   -178.7   3571.3
65   15   -295.1   -488.6   3604.9
65   16   -759.6   324.1   3337.1
65   17   126.3   325.6   3444.9
65   18   -324.4   634.4   3466.5
66   0   -334.9   723.7   3455.6
66   1   -326.3   572.9   3486.6
66   2   -451.5   550.4   3470.6
66   3   -598.6   403.8   3402.1
66   4   -792.7   309.5   3323.4
66   5   -198.2   553.4   3493.6
66   6   -38.4   404.4   3501.8
66   7   159.0   308.8   3433.6
66   8   -332.4   378.5   3549.9
66   9   -334.4   221.8   3552.1
66   10   -419.1   141.2   3542.8
66   11   -417.4   -181.6   3554.0
66   12   -377.8   -491.0   3586.3
66   13   -248.2   144.0   3555.7
66   14   -261.7   -178.4   3571.4
66   15   -293.0   -488.7   3604.4
66   16   -760.3   325.2   3336.5
66   17   126.1   324.7   3445.0
66   18   -324.4   634.4   3466.5
67   0   -334.9   723.6   3455.7
67   1   -326.3   572.9   3486.6
67   2   -451.5   550.4   3470.6
67   3   -598.5   403.9   3402.0
67   4   -793.6   311.2   3322.6
67   5   -198.3   553.2   3493.6
67   6   -38.7   404.2   3502.0
67   7   158.8   307.9   3433.6
67   8   -332.4   378.4   3549.9
67   9   -334.4   221.7   3551.7
67   10   -419.1   141.1   3542.8
67   11   -417.5   -181.5   3554.0
67   12   -378.0   -490.9   3586.2
67   13   -248.2   143.9   3555.7
67   14   -261.7   -178.1   3571.5
67   15   -291.5   -488.6   3604.3
67   16   -761.1   326.7   3335.9
67   17   125.9   323.9   3445.0
67   18   -324.4   634.4   3466.5
68   0   -334.9   723.5   3455.7
68   1   -326.3   572.8   3486.6
68   2   -451.5   550.3   3470.5
68   3   -598.4   404.4   3402.0
68   4   -794.5   312.9   3321.8
68   5   -198.5   552.9   3493.7
68   6   -39.3   404.0   3502.2
68   7   158.5   307.0   3433.4
68   8   -332.4   378.3   3549.9
68   9   -334.4   221.5   3551.4
68   10   -419.2   141.0   3542.8
68   11   -417.5   -181.4   3554.0
68   12   -378.1   -490.8   3586.2
68   13   -248.2   143.8   3555.7
68   14   -261.7   -178.1   3571.5
68   15   -292.6   -488.5   3603.7
68   16   -761.8   328.2   3335.1
68   17   125.5   323.1   3444.9
68   18   -324.4   634.3   3466.5
69   0   -335.0   723.3   3455.7
69   1   -326.4   572.7   3486.6
69   2   -451.6   550.3   3470.5
69   3   -598.6   405.1   3401.9
69   4   -795.6   314.6   3321.1
69   5   -198.5   552.8   3493.7
69   6   -40.1   403.7   3502.3
69   7   158.3   306.7   3433.2
69   8   -332.4   378.2   3550.0
69   9   -334.4   221.3   3551.3
69   10   -419.2   140.9   3542.6
69   11   -417.5   -181.4   3554.0
69   12   -378.4   -490.8   3586.2
69   13   -248.2   143.8   3555.7
69   14   -261.7   -178.0   3571.6
69   15   -293.9   -488.4   3602.5
69   16   -762.7   329.7   3334.6
69   17   125.2   322.9   3444.8
69   18   -324.4   634.3   3466.5
70   0   -335.0   723.0   3455.7
70   1   -326.4   572.5   3486.6
70   2   -451.6   550.3   3470.5
70   3   -599.0   406.1   3401.8
70   4   -796.7   316.2   3320.6
70   5   -198.5   552.8   3493.7
70   6   -40.7   403.6   3502.3
70   7   158.1   306.6   3432.8
70   8   -332.4   378.0   3550.0
70   9   -334.4   221.0   3551.3
70   10   -419.3   140.9   3542.5
70   11   -417.5   -181.4   3554.0
70   12   -378.6   -490.8   3586.3
70   13   -248.1   143.7   3555.7
70   14   -261.7   -178.1   3571.6
70   15   -295.5   -488.4   3601.2
70   16   -763.7   331.2   3334.2
70   17   125.0   322.8   3444.4
70   18   -324.4   634.2   3466.5
71   0   -335.0   722.7   3455.7
71   1   -326.4   572.4   3486.7
71   2   -451.6   550.3   3470.5
71   3   -599.6   407.2   3401.6
71   4   -797.7   317.7   3320.3
71   5   -198.5   552.8   3493.7
71   6   -41.1   403.5   3502.3
71   7   157.5   306.6   3431.7
71   8   -332.4   377.9   3550.1
71   9   -334.4   220.8   3551.2
71   10   -419.3   140.9   3542.2
71   11   -417.5   -181.4   3553.9
71   12   -378.9   -491.0   3586.5
71   13   -248.1   143.7   3555.7
71   14   -261.7   -178.2   3571.6
71   15   -296.3   -488.6   3600.7
71   16   -764.7   332.6   3333.9
71   17   124.4   322.7   3443.5
71   18   -324.5   634.0   3466.5
72   0   -335.0   722.3   3455.7
72   1   -326.4   572.2   3486.7
72   2   -451.7   550.3   3470.6
72   3   -600.4   408.4   3401.2
72   4   -798.8   319.3   3320.0
72   5   -198.4   552.9   3493.7
72   6   -41.6   403.3   3502.2
72   7   157.0   306.7   3430.6
72   8   -332.4   377.7   3550.1
72   9   -334.4   220.5   3551.3
72   10   -419.3   140.7   3542.2
72   11   -417.5   -181.6   3554.0
72   12   -379.2   -491.6   3586.5
72   13   -248.2   143.3   3555.7
72   14   -261.7   -178.6   3571.6
72   15   -296.8   -489.2   3600.9
72   16   -765.7   334.1   3333.5
72   17   123.9   322.8   3442.5
72   18   -324.5   633.9   3466.5
73   0   -335.0   721.8   3455.7
73   1   -326.4   572.0   3486.7
73   2   -451.8   550.2   3470.6
73   3   -601.4   409.8   3400.8
73   4   -800.0   320.8   3319.6
73   5   -198.1   553.1   3493.6
73   6   -42.0   403.0   3502.2
73   7   156.3   306.9   3428.9
73   8   -332.4   377.6   3550.2
73   9   -334.4   220.2   3551.3
73   10   -419.2   140.5   3542.2
73   11   -417.5   -185.4   3554.1
73   12   -378.9   -495.8   3586.8
73   13   -248.5   142.6   3555.7
73   14   -261.9   -182.9   3571.8
73   15   -297.6   -493.8   3601.9
73   16   -766.9   335.7   3333.2
73   17   123.2   322.9   3441.2
73   18   -324.5   633.8   3466.6
74   0   -335.0   721.3   3455.7
74   1   -326.4   571.9   3486.7
74   2   -451.9   550.1   3470.7
74   3   -602.0   410.4   3400.6
74   4   -800.9   322.5   3319.4
74   5   -197.9   553.2   3493.5
74   6   -42.5   402.4   3502.2
74   7   155.4   307.3   3427.1
74   8   -332.4   377.4   3550.2
74   9   -334.4   219.9   3551.3
74   10   -419.2   140.3   3542.2
74   11   -417.4   -190.5   3554.3
74   12   -378.5   -501.4   3587.1
74   13   -248.9   141.9   3555.7
74   14   -262.2   -188.4   3572.2
74   15   -298.4   -499.9   3603.2
74   16   -767.7   337.1   3333.0
74   17   122.4   323.1   3439.7
74   18   -324.5   633.6   3466.6
75   0   -335.0   720.9   3455.7
75   1   -326.4   571.7   3486.8
75   2   -452.1   550.0   3470.7
75   3   -602.5   410.7   3400.5
75   4   -801.3   323.4   3319.5
75   5   -197.6   553.4   3493.5
75   6   -43.0   401.8   3502.2
75   7   154.8   307.4   3426.8
75   8   -332.4   377.2   3550.3
75   9   -334.4   219.7   3551.3
75   10   -419.3   140.2   3542.2
75   11   -417.4   -195.2   3554.5
75   12   -377.9   -506.8   3587.6
75   13   -249.0   141.6   3555.7
75   14   -262.4   -193.4   3572.4
75   15   -299.1   -505.4   3604.7
75   16   -768.1   337.9   3333.0
75   17   121.9   323.2   3439.3
75   18   -324.5   633.5   3466.6
76   0   -335.0   720.4   3455.7
76   1   -326.4   571.5   3486.8
76   2   -452.3   549.9   3470.8
76   3   -602.8   410.8   3400.3
76   4   -801.5   324.1   3319.7
76   5   -197.3   553.4   3493.5
76   6   -43.4   401.1   3502.2
76   7   154.6   307.7   3427.3
76   8   -332.4   377.0   3550.3
76   9   -334.4   219.4   3551.3
76   10   -419.4   140.3   3542.2
76   11   -417.4   -199.3   3554.6
76   12   -377.4   -511.3   3588.1
76   13   -249.0   141.4   3555.7
76   14   -262.6   -197.8   3572.6
76   15   -299.8   -510.2   3605.5
76   16   -768.4   338.5   3333.1
76   17   121.6   323.3   3439.8
76   18   -324.5   633.3   3466.6
77   0   -335.0   720.0   3455.8
77   1   -326.5   571.3   3486.8
77   2   -452.5   549.8   3470.8
77   3   -603.0   410.8   3400.2
77   4   -801.6   324.7   3319.9
77   5   -197.1   553.4   3493.5
77   6   -43.8   400.3   3502.1
77   7   154.4   308.1   3427.8
77   8   -332.5   376.9   3550.4
77   9   -334.4   219.0   3551.3
77   10   -419.5   140.3   3542.2
77   11   -417.4   -202.7   3554.6
77   12   -376.9   -515.0   3588.5
77   13   -249.0   141.2   3555.7
77   14   -262.7   -201.3   3572.8
77   15   -300.3   -514.1   3605.9
77   16   -768.5   339.0   3333.2
77   17   121.4   323.5   3440.2
77   18   -324.5   633.2   3466.6
78   0   -335.0   719.6   3455.8
78   1   -326.5   571.0   3486.8
78   2   -452.7   549.7   3470.9
78   3   -603.3   410.7   3400.0
78   4   -801.8   325.3   3320.0
78   5   -196.8   553.4   3493.4
78   6   -44.1   399.6   3502.1
78   7   154.2   308.6   3428.2
78   8   -332.5   376.7   3550.4
78   9   -334.4   218.7   3551.3
78   10   -419.5   140.3   3542.1
78   11   -417.3   -205.3   3554.7
78   12   -376.5   -517.9   3589.0
78   13   -249.0   141.1   3555.8
78   14   -262.8   -204.0   3572.8
78   15   -300.8   -517.1   3606.0
78   16   -768.7   339.5   3333.3
78   17   121.2   323.8   3440.6
78   18   -324.5   633.0   3466.6
79   0   -334.9   719.3   3455.8
79   1   -326.5   570.8   3486.7
79   2   -452.8   549.6   3470.9
79   3   -603.7   410.7   3399.9
79   4   -802.0   326.1   3319.8
79   5   -196.7   553.2   3493.5
79   6   -44.3   398.9   3502.1
79   7   154.1   309.0   3428.5
79   8   -332.5   376.3   3549.9
79   9   -334.4   218.3   3551.2
79   10   -419.6   140.4   3542.0
79   11   -417.3   -207.3   3554.6
79   12   -376.3   -520.0   3589.4
79   13   -248.9   141.1   3555.7
79   14   -262.9   -206.1   3572.8
79   15   -301.1   -519.3   3606.5
79   16   -768.9   340.2   3333.2
79   17   121.1   324.0   3440.7
79   18   -324.5   632.8   3466.6
80   0   -334.9   719.0   3455.8
80   1   -326.5   570.4   3486.5
80   2   -453.0   549.5   3470.9
80   3   -604.3   411.0   3399.7
80   4   -802.4   327.1   3319.6
80   5   -196.6   553.0   3493.5
80   6   -44.4   398.4   3502.1
80   7   154.0   309.3   3428.7
80   8   -332.5   375.9   3549.0
80   9   -334.4   217.7   3551.1
80   10   -419.7   140.4   3541.9
80   11   -417.3   -208.7   3554.7
80   12   -376.0   -521.7   3589.5
80   13   -248.9   141.0   3555.7
80   14   -263.0   -207.7   3573.0
80   15   -301.3   -521.0   3607.4
80   16   -769.4   341.1   3333.0
80   17   121.0   324.1   3440.9
80   18   -324.5   632.6   3466.6
81   0   -334.9   718.7   3455.8
81   1   -326.5   570.1   3486.3
81   2   -453.1   549.4   3470.9
81   3   -605.1   411.4   3399.6
81   4   -803.0   328.2   3319.5
81   5   -196.5   552.9   3493.6
81   6   -44.3   398.0   3502.1
81   7   154.0   309.5   3428.7
81   8   -332.5   375.6   3548.0
81   9   -334.4   217.2   3551.0
81   10   -419.7   140.4   3541.7
81   11   -417.3   -209.8   3554.6
81   12   -375.8   -523.0   3589.8
81   13   -248.9   140.9   3555.7
81   14   -263.1   -208.7   3573.2
81   15   -301.4   -522.3   3608.5
81   16   -770.0   342.0   3332.8
81   17   120.9   324.2   3441.0
81   18   -324.5   632.4   3466.6
82   0   -334.9   718.5   3455.8
82   1   -326.5   569.8   3486.2
82   2   -453.2   549.4   3470.9
82   3   -605.9   411.8   3399.5
82   4   -803.6   329.2   3319.0
82   5   -196.4   552.8   3493.6
82   6   -44.0   397.8   3502.1
82   7   154.0   309.5   3428.7
82   8   -332.5   375.3   3547.3
82   9   -334.4   216.8   3550.9
82   10   -419.8   140.4   3541.7
82   11   -407.6   -209.9   3560.5
82   12   -375.1   -525.0   3590.5
82   13   -248.8   140.9   3555.7
82   14   -263.1   -209.5   3573.3
82   15   -301.5   -523.5   3609.1
82   16   -770.7   343.0   3332.4
82   17   121.0   324.2   3440.9
82   18   -324.5   632.3   3466.6
83   0   -334.9   718.3   3455.9
83   1   -326.5   569.5   3486.1
83   2   -453.3   549.3   3470.9
83   3   -606.6   412.2   3399.5
83   4   -804.0   329.9   3318.3
83   5   -196.4   552.7   3493.6
83   6   -43.7   397.7   3502.1
83   7   154.2   309.5   3428.6
83   8   -332.5   375.2   3546.7
83   9   -334.4   214.8   3550.8
83   10   -419.8   140.3   3541.7
83   11   -412.0   -210.8   3557.8
83   12   -374.3   -525.3   3591.4
83   13   -248.8   140.9   3555.5
83   14   -263.1   -210.1   3573.5
83   15   -301.6   -524.4   3609.1
83   16   -771.1   343.6   3331.8
83   17   121.2   324.2   3440.9
83   18   -324.5   632.1   3466.6
84   0   -334.8   718.1   3455.9
84   1   -326.5   569.2   3486.0
84   2   -453.4   549.2   3470.9
84   3   -607.1   412.2   3399.4
84   4   -804.3   330.2   3317.9
84   5   -196.3   552.6   3493.6
84   6   -43.4   397.5   3502.1
84   7   154.4   309.5   3428.7
84   8   -332.5   375.1   3546.2
84   9   -334.5   212.2   3550.9
84   10   -419.9   140.3   3541.6
84   11   -414.8   -211.5   3556.1
84   12   -373.1   -525.5   3591.9
84   13   -248.7   140.9   3555.4
84   14   -263.1   -210.6   3573.7
84   15   -301.7   -525.1   3608.5
84   16   -771.4   343.8   3331.5
84   17   121.4   324.2   3441.0
84   18   -324.5   631.9   3466.6
85   0   -334.8   717.9   3455.9
85   1   -326.5   568.9   3485.9
85   2   -453.6   549.2   3470.9
85   3   -607.4   412.1   3399.2
85   4   -804.4   330.2   3317.6
85   5   -196.2   552.5   3493.6
85   6   -43.1   397.3   3502.1
85   7   154.7   309.5   3428.9
85   8   -332.5   375.0   3545.8
85   9   -334.5   209.7   3550.9
85   10   -419.9   140.3   3541.6
85   11   -416.3   -211.9   3555.2
85   12   -371.8   -525.6   3591.8
85   13   -248.7   140.9   3555.2
85   14   -263.1   -210.9   3573.7
85   15   -301.8   -525.7   3607.8
85   16   -771.6   343.9   3331.2
85   17   121.7   324.2   3441.1
85   18   -324.5   631.7   3466.6
86   0   -334.8   717.7   3455.9
86   1   -326.5   568.6   3485.8
86   2   -453.6   549.1   3470.9
86   3   -607.6   411.9   3399.0
86   4   -804.5   330.2   3317.4
86   5   -196.1   552.4   3493.6
86   6   -42.8   397.1   3502.1
86   7   155.0   309.5   3429.2
86   8   -332.5   374.9   3545.2
86   9   -334.5   207.6   3550.9
86   10   -420.0   140.4   3541.6
86   11   -417.0   -212.2   3554.7
86   12   -371.1   -525.9   3591.7
86   13   -248.7   140.9   3555.0
86   14   -263.2   -211.1   3573.5
86   15   -301.8   -526.2   3606.7
86   16   -771.7   343.8   3331.0
86   17   122.1   324.1   3441.3
86   18   -324.5   631.5   3466.6
87   0   -334.8   717.6   3455.9
87   1   -326.5   568.3   3485.7
87   2   -453.7   549.1   3471.0
87   3   -607.7   411.7   3398.7
87   4   -804.7   330.2   3317.2
87   5   -196.1   552.4   3493.6
87   6   -42.5   396.9   3502.1
87   7   155.4   309.5   3429.4
87   8   -332.5   374.8   3544.5
87   9   -334.5   205.7   3550.9
87   10   -420.0   140.4   3541.6
87   11   -417.2   -212.3   3554.6
87   12   -371.0   -526.2   3591.0
87   13   -248.6   140.9   3554.7
87   14   -263.2   -211.3   3573.4
87   15   -301.9   -526.7   3605.3
87   16   -771.8   343.8   3330.8
87   17   122.4   324.1   3441.6
87   18   -324.5   631.3   3466.6
88   0   -334.8   717.5   3455.9
88   1   -326.5   568.0   3485.6
88   2   -453.8   549.0   3471.0
88   3   -608.0   411.5   3398.5
88   4   -805.1   330.4   3317.4
88   5   -196.0   552.3   3493.6
88   6   -42.1   396.8   3502.1
88   7   155.8   309.5   3429.8
88   8   -332.5   374.7   3543.8
88   9   -334.5   204.2   3550.9
88   10   -420.0   140.4   3541.6
88   11   -417.1   -212.5   3554.5
88   12   -371.0   -526.8   3589.8
88   13   -248.6   140.9   3554.3
88   14   -263.2   -211.4   3573.4
88   15   -301.9   -527.1   3604.8
88   16   -772.2   343.9   3330.9
88   17   122.8   324.0   3441.8
88   18   -324.5   631.1   3466.6
89   0   -334.8   717.3   3455.9
89   1   -326.5   567.6   3485.5
89   2   -453.9   549.0   3471.0
89   3   -608.2   411.3   3398.4
89   4   -805.6   330.5   3317.7
89   5   -195.9   552.2   3493.6
89   6   -41.8   396.6   3502.0
89   7   156.2   309.5   3429.8
89   8   -332.5   374.5   3543.2
89   9   -334.6   203.0   3550.9
89   10   -419.9   140.1   3541.6
89   11   -417.1   -212.8   3554.5
89   12   -371.2   -527.8   3588.1
89   13   -248.6   140.7   3554.2
89   14   -263.2   -211.6   3573.4
89   15   -302.2   -527.7   3605.2
89   16   -772.7   344.0   3331.1
89   17   123.2   324.0   3441.9
89   18   -324.5   630.9   3466.6
90   0   -334.8   717.2   3455.9
90   1   -326.5   567.3   3485.4
90   2   -454.0   549.0   3471.0
90   3   -608.5   411.1   3398.2
90   4   -806.3   330.4   3318.0
90   5   -195.9   552.1   3493.6
90   6   -41.4   396.4   3501.7
90   7   156.9   309.4   3429.8
90   8   -332.5   374.3   3542.8
90   9   -334.6   202.1   3550.9
90   10   -419.8   139.7   3541.6
90   11   -417.0   -213.1   3554.5
90   12   -371.1   -528.1   3588.1
90   13   -248.6   140.5   3554.2
90   14   -263.2   -211.7   3573.3
90   15   -302.5   -527.5   3607.9
90   16   -773.3   343.9   3331.4
90   17   123.9   323.9   3441.8
90   18   -324.5   630.6   3466.6
91   0   -334.4   717.1   3455.9
91   1   -326.5   567.0   3485.3
91   2   -454.0   548.7   3470.4
91   3   -608.8   410.6   3397.8
91   4   -807.0   329.7   3318.0
91   5   -196.3   551.2   3493.5
91   6   -40.8   396.1   3501.7
91   7   157.8   309.0   3429.6
91   8   -332.5   374.1   3542.3
91   9   -334.5   201.2   3550.7
91   10   -419.9   139.1   3541.5
91   11   -417.0   -213.4   3554.4
91   12   -371.5   -528.6   3587.9
91   13   -248.4   140.0   3554.3
91   14   -263.2   -211.9   3573.2
91   15   -302.8   -527.6   3609.5
91   16   -774.0   343.2   3331.3
91   17   124.7   323.5   3441.7
91   18   -324.5   630.4   3466.6
92   0   -334.1   716.9   3455.9
92   1   -326.5   566.6   3485.2
92   2   -454.0   548.4   3469.7
92   3   -609.1   410.0   3397.5
92   4   -807.5   328.4   3317.9
92   5   -196.6   550.3   3493.4
92   6   -40.1   395.8   3501.8
92   7   158.6   308.5   3429.4
92   8   -332.6   373.5   3541.6
92   9   -334.5   200.3   3550.3
92   10   -420.2   138.0   3541.5
92   11   -416.9   -214.1   3553.5
92   12   -371.8   -529.3   3587.9
92   13   -247.9   139.1   3554.5
92   14   -263.3   -212.3   3573.2
92   15   -303.0   -527.9   3610.3
92   16   -774.4   342.0   3331.2
92   17   125.5   323.0   3441.5
92   18   -324.5   630.2   3466.6
93   0   -333.9   716.7   3455.9
93   1   -326.5   566.2   3484.9
93   2   -454.1   548.0   3469.0
93   3   -609.2   408.9   3397.2
93   4   -807.4   325.6   3317.9
93   5   -196.8   549.6   3493.3
93   6   -39.5   395.5   3501.8
93   7   159.3   307.9   3428.8
93   8   -332.6   372.4   3540.6
93   9   -334.4   199.2   3549.7
93   10   -420.8   136.4   3541.5
93   11   -416.9   -215.0   3553.2
93   12   -371.9   -530.1   3587.9
93   13   -247.1   137.9   3554.7
93   14   -263.4   -212.8   3572.9
93   15   -303.1   -528.3   3610.7
93   16   -774.4   339.5   3331.1
93   17   126.2   322.5   3441.0
93   18   -324.5   630.0   3466.6
94   0   -333.6   716.6   3455.9
94   1   -326.5   565.8   3484.7
94   2   -453.9   547.3   3468.2
94   3   -608.9   407.3   3397.0
94   4   -806.7   321.2   3318.1
94   5   -196.9   548.9   3493.3
94   6   -38.9   395.1   3501.8
94   7   160.1   307.3   3428.0
94   8   -332.6   371.1   3539.9
94   9   -334.3   198.1   3549.1
94   10   -421.1   135.2   3541.4
94   11   -416.9   -215.2   3553.2
94   12   -371.6   -530.1   3588.3
94   13   -246.7   136.8   3554.9
94   14   -263.5   -213.0   3572.1
94   15   -303.0   -528.3   3610.8
94   16   -773.7   335.6   3331.2
94   17   126.9   321.9   3440.3
94   18   -324.5   629.8   3466.6
95   0   -333.5   717.4   3455.8
95   1   -326.5   565.5   3484.5
95   2   -453.7   546.5   3467.5
95   3   -608.2   405.1   3397.0
95   4   -805.6   316.6   3318.2
95   5   -197.0   548.3   3493.2
95   6   -38.2   394.8   3501.8
95   7   160.7   306.7   3426.5
95   8   -332.6   369.9   3539.3
95   9   -334.2   197.0   3548.5
95   10   -421.4   134.7   3541.4
95   11   -416.8   -214.8   3552.6
95   12   -371.4   -529.4   3588.4
95   13   -246.6   135.8   3555.1
95   14   -263.5   -213.1   3571.7
95   15   -302.9   -528.1   3610.6
95   16   -772.7   331.4   3331.4
95   17   127.6   321.4   3439.0
95   18   -324.5   629.5   3466.6
96   0   -333.4   718.6   3455.7
96   1   -326.5   565.1   3484.4
96   2   -453.3   545.5   3467.0
96   3   -606.6   401.9   3397.2
96   4   -803.3   310.2   3318.1
96   5   -197.1   547.6   3493.2
96   6   -37.6   394.5   3501.8
96   7   161.2   306.1   3424.1
96   8   -332.7   368.8   3538.9
96   9   -334.2   196.2   3547.8
96   10   -421.5   134.6   3541.4
96   11   -416.8   -214.1   3551.6
96   12   -371.5   -528.8   3588.1
96   13   -246.8   135.1   3555.1
96   14   -263.4   -213.1   3571.5
96   15   -302.8   -528.2   3610.5
96   16   -770.5   325.5   3331.3
96   17   128.0   320.8   3437.1
96   18   -324.5   629.3   3466.6
97   0   -333.3   719.8   3455.5
97   1   -326.6   564.7   3484.3
97   2   -453.0   544.3   3466.4
97   3   -605.1   398.7   3397.3
97   4   -801.7   306.2   3317.3
97   5   -197.2   546.9   3493.1
97   6   -36.9   394.1   3501.7
97   7   161.0   305.6   3420.4
97   8   -332.7   367.9   3538.5
97   9   -334.0   195.5   3547.2
97   10   -421.3   134.6   3541.4
97   11   -416.7   -213.3   3551.1
97   12   -371.6   -528.7   3588.0
97   13   -247.0   134.3   3555.2
97   14   -263.3   -213.0   3571.4
97   15   -302.8   -528.8   3610.7
97   16   -768.9   321.6   3330.7
97   17   128.0   320.4   3434.0
97   18   -324.5   629.0   3466.6
98   0   -333.1   720.8   3455.4
98   1   -326.6   564.3   3484.2
98   2   -452.7   543.3   3465.8
98   3   -603.8   396.0   3396.8
98   4   -800.0   302.9   3315.2
98   5   -197.2   546.2   3493.1
98   6   -36.1   393.7   3501.6
98   7   160.3   305.4   3415.4
98   8   -332.8   367.2   3538.2
98   9   -333.7   194.9   3546.7
98   10   -421.0   134.5   3541.4
98   11   -416.7   -212.6   3550.8
98   12   -371.7   -528.7   3587.9
98   13   -247.4   133.4   3555.1
98   14   -263.3   -213.1   3571.4
98   15   -302.9   -529.7   3610.8
98   16   -767.3   318.4   3328.8
98   17   127.6   320.1   3429.7
98   18   -324.5   628.7   3466.6
99   0   -333.0   721.6   3455.3
99   1   -326.6   563.9   3484.2
99   2   -453.0   543.1   3465.5
99   3   -603.3   394.8   3395.9
99   4   -799.0   300.9   3311.7
99   5   -197.2   545.5   3493.1
99   6   -35.5   393.1   3501.4
99   7   159.2   305.4   3409.1
99   8   -332.8   366.6   3537.9
99   9   -333.5   194.4   3546.1
99   10   -420.7   134.6   3541.4
99   11   -416.7   -211.7   3550.8
99   12   -371.6   -528.7   3587.2
99   13   -247.6   132.9   3555.1
99   14   -263.2   -212.7   3571.5
99   15   -303.0   -530.1   3610.9
99   16   -766.3   316.6   3325.7
99   17   126.8   320.0   3424.5
99   18   -324.5   628.5   3466.6
100   0   -332.9   722.2   3455.2
100   1   -326.6   563.5   3484.1
100   2   -453.4   542.9   3465.4
100   3   -603.1   394.2   3394.4
100   4   -799.0   299.3   3309.3
100   5   -197.3   544.6   3493.0
100   6   -34.9   392.5   3501.1
100   7   159.7   304.7   3406.1
100   8   -332.8   366.0   3537.6
100   9   -333.3   193.9   3545.6
100   10   -420.4   134.7   3541.4
100   11   -416.6   -210.7   3550.8
100   12   -371.4   -528.7   3585.6
100   13   -247.6   132.8   3555.1
100   14   -263.2   -212.1   3571.5
100   15   -303.1   -530.2   3610.9
100   16   -766.3   315.1   3323.5
100   17   127.2   319.3   3421.9
100   18   -324.5   628.2   3466.6
101   0   -332.8   722.7   3455.2
101   1   -326.6   563.0   3484.0
101   2   -453.8   542.8   3465.3
101   3   -603.1   393.9   3392.7
101   4   -798.9   297.6   3306.7
101   5   -197.2   543.9   3492.8
101   6   -34.3   391.7   3500.5
101   7   160.7   303.6   3404.7
101   8   -332.8   365.5   3537.2
101   9   -333.2   193.4   3544.9
101   10   -420.3   134.8   3541.4
101   11   -416.6   -209.8   3550.8
101   12   -371.0   -528.8   3583.0
101   13   -247.7   132.8   3555.1
101   14   -263.2   -211.2   3571.6
101   15   -303.1   -530.2   3610.4
101   16   -766.3   313.6   3321.1
101   17   128.2   318.3   3420.6
101   18   -324.5   627.9   3466.6
102   0   -332.7   723.0   3455.2
102   1   -326.6   562.6   3484.0
102   2   -454.3   542.7   3465.3
102   3   -603.0   393.7   3390.6
102   4   -798.5   295.7   3303.7
102   5   -197.1   543.2   3492.7
102   6   -33.8   390.9   3499.6
102   7   162.2   302.3   3404.2
102   8   -332.8   365.0   3536.9
102   9   -333.2   193.0   3544.4
102   10   -420.2   134.8   3541.4
102   11   -416.6   -208.8   3550.8
102   12   -370.5   -528.9   3581.0
102   13   -247.8   132.9   3555.1
102   14   -263.2   -210.2   3571.6
102   15   -303.2   -530.2   3609.7
102   16   -765.9   312.0   3318.2
102   17   129.5   317.0   3420.1
102   18   -324.5   627.6   3466.6
