2   0   -342.1   686.4   3488.2
2   1   -340.9   527.8   3493.4
2   2   -484.9   506.5   3486.6
2   3   -448.1   329.0   3365.9
2   4   -281.0   498.2   3347.9
2   5   -199.3   505.6   3524.3
2   6   -183.9   321.9   3408.5
2   7   -327.8   490.7   3320.9
2   8   -348.2   336.2   3533.2
2   9   -350.2   175.6   3539.0
2   10   -445.0   82.1   3556.8
2   11   -414.8   -241.3   3536.9
2   12   -369.3   -539.8   3586.3
2   13   -260.4   79.4   3568.3
2   14   -306.8   -239.6   3524.1
2   15   -300.5   -537.1   3595.7
2   16   -308.9   470.0   3350.9
2   17   -303.8   462.6   3335.5
2   18   -338.5   592.0   3480.1
3   0   -341.7   689.8   3488.0
3   1   -340.4   531.2   3494.3
3   2   -483.4   508.3   3483.5
3   3   -451.7   328.1   3366.5
3   4   -286.5   497.7   3342.2
3   5   -198.9   508.5   3520.6
3   6   -182.8   321.8   3410.6
3   7   -324.6   488.1   3316.4
3   8   -346.8   340.1   3536.9
3   9   -348.6   179.5   3542.8
3   10   -441.5   89.1   3556.3
3   11   -415.3   -234.6   3542.5
3   12   -368.7   -533.8   3582.5
3   13   -259.6   87.2   3567.2
3   14   -301.6   -232.7   3533.3
3   15   -301.9   -531.4   3594.1
3   16   -314.0   469.4   3346.3
3   17   -301.0   460.4   3332.1
3   18   -338.3   595.2   3480.0
4   0   -340.7   699.9   3487.6
4   1   -338.9   541.9   3496.9
4   2   -479.4   515.1   3478.1
4   3   -460.0   327.6   3373.1
4   4   -300.0   495.1   3327.5
4   5   -199.4   516.0   3512.7
4   6   -179.7   323.0   3417.3
4   7   -315.5   481.3   3305.9
4   8   -342.4   353.1   3547.9
4   9   -344.2   192.7   3553.1
4   10   -430.3   108.1   3556.3
4   11   -415.5   -216.0   3553.1
4   12   -371.4   -517.1   3579.6
4   13   -262.4   104.8   3566.5
4   14   -292.0   -216.9   3551.2
4   15   -300.8   -518.1   3590.9
4   16   -326.7   467.2   3335.1
4   17   -292.9   454.9   3324.5
4   18   -337.7   605.0   3479.8
5   0   -339.5   712.3   3487.0
5   1   -336.8   554.9   3499.4
5   2   -473.5   522.9   3472.8
5   3   -468.4   329.5   3376.5
5   4   -310.4   494.6   3314.4
5   5   -201.2   524.4   3504.2
5   6   -176.2   324.8   3424.7
5   7   -306.4   475.4   3296.5
5   8   -336.9   369.0   3558.9
5   9   -338.8   209.0   3564.8
5   10   -418.2   127.0   3556.7
5   11   -415.9   -197.5   3563.8
5   12   -376.6   -500.3   3579.3
5   13   -264.3   121.6   3565.7
5   14   -282.6   -201.7   3567.6
5   15   -302.2   -504.8   3587.4
5   16   -336.7   467.1   3324.8
5   17   -284.7   450.4   3317.9
5   18   -336.8   617.2   3479.4
6   0   -338.6   719.6   3486.5
6   1   -335.3   562.5   3500.0
6   2   -469.1   528.2   3469.6
6   3   -473.7   330.7   3379.8
6   4   -316.7   493.4   3306.2
6   5   -202.8   529.9   3499.1
6   6   -174.0   326.4   3429.1
6   7   -301.0   471.3   3289.9
6   8   -333.6   377.5   3562.4
6   9   -335.3   217.9   3570.2
6   10   -413.9   134.3   3555.8
6   11   -417.0   -190.4   3570.3
6   12   -377.7   -494.2   3576.1
6   13   -261.3   127.8   3564.5
6   14   -276.8   -196.3   3576.3
6   15   -308.1   -500.4   3585.4
6   16   -342.8   466.2   3318.4
6   17   -279.8   447.2   3313.1
6   18   -335.9   624.6   3479.0
7   0   -338.1   721.9   3486.3
7   1   -334.7   565.1   3499.4
7   2   -466.7   530.8   3468.2
7   3   -476.2   331.8   3380.7
7   4   -319.4   493.0   3301.6
7   5   -203.7   532.5   3497.0
7   6   -172.9   327.4   3431.1
7   7   -299.1   468.6   3286.3
7   8   -332.4   378.6   3561.0
7   9   -333.7   219.2   3569.2
7   10   -415.4   133.7   3554.1
7   11   -418.4   -191.1   3572.5
7   12   -375.3   -495.2   3576.0
7   13   -255.1   128.3   3563.2
7   14   -273.6   -195.9   3580.8
7   15   -308.9   -501.1   3584.8
7   16   -345.5   466.1   3314.8
7   17   -278.1   445.1   3310.4
7   18   -335.4   627.4   3478.9
8   0   -337.9   721.1   3486.2
8   1   -334.5   565.0   3498.7
8   2   -465.6   532.0   3467.7
8   3   -477.1   332.8   3380.2
8   4   -320.4   493.5   3299.2
8   5   -204.3   533.7   3496.6
8   6   -172.8   328.0   3431.9
8   7   -298.5   467.9   3285.0
8   8   -332.3   375.6   3558.5
8   9   -333.4   214.7   3564.9
8   10   -418.3   131.6   3552.6
8   11   -419.3   -193.1   3573.2
8   12   -376.1   -498.0   3577.4
8   13   -250.5   127.5   3562.7
8   14   -272.3   -196.6   3582.4
8   15   -305.5   -502.9   3584.9
8   16   -346.5   466.7   3312.7
8   17   -277.6   444.6   3309.4
8   18   -335.2   627.5   3478.9
9   0   -337.9   719.8   3486.3
9   1   -334.5   563.8   3498.2
9   2   -465.1   532.4   3467.7
9   3   -477.3   333.3   3379.8
9   4   -320.4   493.7   3298.2
9   5   -204.7   534.0   3496.8
9   6   -172.8   328.4   3432.1
9   7   -298.4   468.1   3284.8
9   8   -332.7   371.6   3557.1
9   9   -333.6   210.2   3560.5
9   10   -420.1   129.9   3551.7
9   11   -419.7   -194.8   3573.2
9   12   -378.2   -500.4   3577.2
9   13   -248.5   126.9   3562.5
9   14   -272.1   -197.1   3582.0
9   15   -306.5   -503.8   3585.3
9   16   -346.6   467.0   3311.8
9   17   -277.5   444.8   3309.3
9   18   -335.1   626.5   3479.0
10   0   -337.9   718.4   3486.4
10   1   -334.7   562.2   3498.1
10   2   -464.8   532.4   3467.8
10   3   -477.2   333.7   3379.3
10   4   -319.5   493.5   3298.3
10   5   -205.0   534.1   3497.5
10   6   -172.9   328.8   3432.1
10   7   -298.7   468.3   3284.8
10   8   -333.3   368.0   3556.6
10   9   -333.9   206.7   3557.4
10   10   -420.6   129.1   3551.1
10   11   -419.8   -195.6   3572.9
10   12   -381.1   -501.8   3577.7
10   13   -248.6   126.7   3562.1
10   14   -272.2   -197.3   3581.6
10   15   -307.0   -504.1   3586.5
10   16   -345.8   466.9   3311.8
10   17   -277.7   445.1   3309.3
10   18   -335.1   625.0   3479.1
11   0   -337.9   716.1   3486.3
11   1   -334.8   560.5   3498.1
11   2   -464.6   532.5   3467.9
11   3   -477.1   334.0   3379.1
11   4   -318.2   492.9   3299.0
11   5   -205.2   534.2   3497.9
11   6   -172.8   329.1   3432.1
11   7   -299.0   468.3   3284.9
11   8   -333.9   365.2   3556.8
11   9   -334.4   204.2   3555.7
11   10   -420.3   129.0   3550.7
11   11   -419.8   -195.6   3572.6
11   12   -378.9   -501.8   3578.0
11   13   -249.8   126.9   3562.0
11   14   -272.5   -197.2   3581.3
11   15   -306.8   -504.2   3588.1
11   16   -344.7   466.4   3312.3
11   17   -277.9   445.1   3309.4
11   18   -335.1   623.3   3479.2
12   0   -337.9   713.7   3486.2
12   1   -335.0   559.0   3498.3
12   2   -464.5   532.5   3468.0
12   3   -477.0   334.1   3379.0
12   4   -316.9   492.2   3299.7
12   5   -205.4   534.3   3498.1
12   6   -172.7   329.4   3432.1
12   7   -299.2   468.3   3285.0
12   8   -334.6   363.5   3557.3
12   9   -334.9   202.9   3554.9
12   10   -419.6   129.3   3550.4
12   11   -419.6   -195.3   3572.3
12   12   -375.1   -501.3   3578.1
12   13   -251.4   127.2   3561.8
12   14   -272.7   -196.9   3581.2
12   15   -306.7   -504.2   3588.8
12   16   -343.6   465.9   3312.9
12   17   -278.1   445.1   3309.5
12   18   -335.1   621.8   3479.3
13   0   -337.8   711.5   3486.0
13   1   -335.2   557.5   3498.5
13   2   -464.4   532.6   3468.0
13   3   -476.9   334.3   3378.9
13   4   -316.2   491.9   3300.0
13   5   -205.6   534.4   3498.2
13   6   -172.7   329.6   3431.9
13   7   -299.4   468.4   3285.0
13   8   -335.3   362.8   3557.8
13   9   -335.3   202.6   3554.7
13   10   -418.7   129.9   3550.1
13   11   -419.5   -194.7   3571.9
13   12   -375.1   -500.9   3578.2
13   13   -253.1   127.8   3561.6
13   14   -272.8   -196.3   3581.0
13   15   -306.6   -503.9   3589.1
13   16   -343.0   465.7   3313.1
13   17   -278.3   445.2   3309.5
13   18   -335.1   620.3   3479.4
14   0   -337.8   709.8   3485.9
14   1   -335.4   556.1   3498.6
14   2   -464.2   532.7   3468.1
14   3   -476.9   334.5   3378.8
14   4   -315.9   491.9   3300.2
14   5   -205.7   534.5   3498.2
14   6   -172.7   329.8   3431.9
14   7   -299.6   468.4   3285.0
14   8   -336.0   362.6   3557.9
14   9   -335.7   202.7   3554.6
14   10   -417.9   130.6   3549.8
14   11   -419.4   -194.0   3571.5
14   12   -378.3   -500.7   3578.1
14   13   -254.7   128.5   3561.3
14   14   -273.0   -195.8   3580.9
14   15   -306.5   -503.3   3589.1
14   16   -342.7   465.6   3313.3
14   17   -278.4   445.3   3309.5
14   18   -335.2   618.8   3479.4
15   0   -337.7   708.4   3485.8
15   1   -335.5   554.7   3498.6
15   2   -464.1   532.8   3468.1
15   3   -476.9   334.6   3378.8
15   4   -315.6   491.9   3300.3
15   5   -205.9   534.7   3498.2
15   6   -172.7   329.9   3432.0
15   7   -299.6   468.7   3285.2
15   8   -336.7   362.4   3557.6
15   9   -336.1   202.7   3554.5
15   10   -417.2   131.0   3549.7
15   11   -419.3   -193.7   3571.2
15   12   -376.5   -500.1   3577.8
15   13   -256.0   129.0   3561.2
15   14   -273.1   -195.4   3580.7
15   15   -306.5   -502.9   3588.9
15   16   -342.5   465.7   3313.4
15   17   -278.4   445.6   3309.6
15   18   -335.2   617.4   3479.4
16   0   -337.7   707.6   3485.7
16   1   -335.7   553.7   3498.5
16   2   -463.8   533.0   3468.2
16   3   -476.9   334.9   3378.8
16   4   -315.4   491.9   3300.3
16   5   -206.2   534.9   3498.2
16   6   -172.7   330.2   3432.0
16   7   -299.5   469.1   3285.4
16   8   -337.4   362.4   3556.8
16   9   -336.4   202.9   3554.4
16   10   -416.8   131.0   3549.7
16   11   -419.4   -193.7   3570.7
16   12   -375.0   -500.0   3577.7
16   13   -257.0   129.2   3561.2
16   14   -273.2   -195.2   3580.4
16   15   -306.7   -502.8   3589.0
16   16   -342.3   465.7   3313.3
16   17   -278.4   446.0   3309.8
16   18   -335.2   616.5   3479.4
17   0   -337.7   707.2   3485.6
17   1   -335.9   553.0   3498.3
17   2   -463.4   533.2   3468.2
17   3   -477.0   335.2   3378.8
17   4   -315.3   492.0   3300.2
17   5   -206.6   535.2   3498.1
17   6   -172.7   330.5   3432.1
17   7   -299.6   469.3   3285.4
17   8   -338.1   362.4   3555.8
17   9   -336.8   203.1   3554.3
17   10   -416.6   131.0   3549.6
17   11   -419.4   -193.7   3569.9
17   12   -375.5   -500.1   3579.1
17   13   -257.8   129.4   3561.2
17   14   -273.3   -195.1   3580.1
17   15   -307.0   -502.6   3593.5
17   16   -342.2   465.9   3313.3
17   17   -278.5   446.1   3309.9
17   18   -335.2   615.8   3479.4
18   0   -337.7   707.0   3485.6
18   1   -336.1   552.4   3498.1
18   2   -462.9   533.5   3468.2
18   3   -477.0   335.5   3378.8
18   4   -315.3   492.2   3300.2
18   5   -207.0   535.5   3498.0
18   6   -172.7   330.8   3432.2
18   7   -299.8   469.2   3285.3
18   8   -338.7   362.3   3554.7
18   9   -337.2   203.1   3554.2
18   10   -416.6   131.0   3549.5
18   11   -419.6   -193.8   3568.7
18   12   -377.4   -500.3   3583.4
18   13   -258.4   129.4   3561.2
18   14   -273.4   -195.1   3580.2
18   15   -305.7   -502.5   3599.5
18   16   -342.2   466.1   3313.3
18   17   -278.6   446.1   3309.8
18   18   -335.2   615.2   3479.4
19   0   -337.7   707.1   3485.6
19   1   -336.2   552.0   3497.8
19   2   -462.5   533.8   3468.3
19   3   -477.0   335.8   3378.8
19   4   -315.1   492.4   3300.1
19   5   -207.5   535.8   3498.0
19   6   -172.6   331.1   3432.4
19   7   -299.9   469.0   3285.1
19   8   -339.4   362.2   3553.5
19   9   -337.6   203.1   3554.0
19   10   -416.7   131.0   3549.3
19   11   -420.0   -193.9   3567.6
19   12   -378.5   -500.4   3584.0
19   13   -259.0   129.3   3561.2
19   14   -273.4   -195.2   3580.2
19   15   -304.6   -502.8   3599.1
19   16   -342.1   466.3   3313.2
19   17   -278.7   446.0   3309.6
19   18   -335.2   614.9   3479.4
20   0   -337.7   707.3   3485.6
20   1   -336.4   551.8   3497.6
20   2   -462.0   534.2   3468.3
20   3   -477.1   336.2   3378.8
20   4   -314.9   492.5   3300.0
20   5   -208.0   536.1   3497.9
20   6   -172.5   331.4   3432.5
20   7   -300.0   468.7   3284.8
20   8   -340.1   362.2   3552.5
20   9   -338.0   203.1   3553.9
20   10   -416.9   130.9   3549.1
20   11   -420.5   -194.1   3565.6
20   12   -380.0   -500.6   3584.2
20   13   -259.4   129.3   3561.1
20   14   -273.5   -195.2   3580.2
20   15   -303.9   -502.6   3602.1
20   16   -342.0   466.5   3313.2
20   17   -278.8   445.9   3309.5
20   18   -335.2   614.8   3479.4
21   0   -337.7   707.5   3485.7
21   1   -336.6   551.7   3497.5
21   2   -461.5   534.5   3468.3
21   3   -477.1   336.6   3378.7
21   4   -314.7   492.7   3299.9
21   5   -208.5   536.4   3497.8
21   6   -172.5   331.7   3432.7
21   7   -300.1   468.6   3284.7
21   8   -340.8   362.3   3552.0
21   9   -338.4   203.2   3553.8
21   10   -417.1   130.7   3548.9
21   11   -421.2   -194.4   3563.7
21   12   -381.6   -500.6   3584.0
21   13   -259.8   129.3   3561.1
21   14   -273.5   -195.3   3580.1
21   15   -302.7   -502.6   3602.3
21   16   -341.8   466.6   3313.0
21   17   -278.8   445.8   3309.3
21   18   -335.2   614.7   3479.4
22   0   -337.7   707.7   3485.7
22   1   -336.8   551.7   3497.4
22   2   -461.0   534.8   3468.4
22   3   -477.1   337.2   3378.1
22   4   -314.3   493.0   3299.6
22   5   -208.9   536.7   3497.7
22   6   -172.5   332.0   3432.8
22   7   -300.1   468.6   3284.5
22   8   -341.5   362.3   3551.6
22   9   -338.8   203.3   3553.8
22   10   -417.4   130.6   3548.5
22   11   -421.9   -194.5   3562.8
22   12   -382.3   -500.3   3584.3
22   13   -260.1   129.3   3560.7
22   14   -273.5   -195.4   3579.8
22   15   -302.5   -502.0   3605.3
22   16   -341.4   467.0   3312.7
22   17   -278.9   445.9   3309.2
22   18   -335.2   614.7   3479.4
23   0   -337.8   707.9   3485.7
23   1   -336.9   551.6   3497.4
23   2   -460.6   535.0   3468.4
23   3   -477.1   337.9   3377.2
23   4   -313.7   493.5   3299.4
23   5   -209.4   537.0   3497.7
23   6   -172.4   332.3   3432.8
23   7   -300.2   468.6   3284.4
23   8   -342.3   362.3   3551.4
23   9   -339.2   203.3   3553.7
23   10   -417.6   130.5   3548.2
23   11   -422.6   -194.8   3560.8
23   12   -383.1   -499.8   3585.1
23   13   -260.3   129.3   3560.3
23   14   -273.6   -195.4   3579.2
23   15   -302.3   -501.4   3606.8
23   16   -340.9   467.5   3312.3
23   17   -278.9   445.9   3309.1
23   18   -335.2   614.7   3479.4
24   0   -337.8   708.1   3485.7
24   1   -337.1   551.6   3497.3
24   2   -460.2   535.3   3468.5
24   3   -477.1   338.7   3376.2
24   4   -313.1   493.9   3299.0
24   5   -209.7   537.2   3497.6
24   6   -172.4   332.6   3432.8
24   7   -300.3   468.7   3284.3
24   8   -343.0   362.2   3551.2
24   9   -339.6   203.3   3553.7
24   10   -417.9   130.3   3547.8
24   11   -423.5   -194.9   3559.8
24   12   -383.7   -499.0   3586.3
24   13   -260.6   129.3   3559.7
24   14   -273.6   -195.4   3578.3
24   15   -301.8   -500.6   3607.0
24   16   -340.4   468.0   3311.9
24   17   -279.0   446.0   3309.1
24   18   -335.2   614.7   3479.4
25   0   -337.8   708.2   3485.7
25   1   -337.3   551.6   3497.3
25   2   -459.9   535.5   3468.5
25   3   -477.0   339.8   3374.3
25   4   -312.0   494.7   3298.6
25   5   -210.1   537.4   3497.6
25   6   -172.4   332.9   3432.7
25   7   -300.7   468.7   3284.3
25   8   -343.7   362.1   3551.2
25   9   -340.0   203.2   3553.7
25   10   -418.2   130.2   3547.7
25   11   -424.1   -195.1   3559.4
25   12   -383.8   -498.1   3586.3
25   13   -260.9   129.3   3559.2
25   14   -273.7   -195.4   3577.0
25   15   -300.8   -499.7   3606.1
25   16   -339.5   468.9   3311.2
25   17   -279.3   446.0   3309.0
25   18   -335.2   614.7   3479.4
26   0   -337.8   708.3   3485.7
26   1   -337.4   551.6   3497.3
26   2   -459.6   535.7   3468.5
26   3   -476.9   341.2   3372.0
26   4   -310.7   495.6   3297.9
26   5   -210.4   537.6   3497.5
26   6   -172.4   333.2   3432.4
26   7   -301.6   468.3   3284.0
26   8   -344.2   361.9   3551.2
26   9   -340.3   203.0   3553.7
26   10   -418.4   129.9   3547.8
26   11   -425.0   -195.4   3559.4
26   12   -383.6   -497.3   3585.7
26   13   -261.1   129.3   3558.9
26   14   -273.7   -195.6   3575.2
26   15   -300.3   -498.9   3605.0
26   16   -338.4   469.9   3310.3
26   17   -280.0   445.8   3308.8
26   18   -335.2   614.7   3479.4
27   0   -337.8   708.4   3485.7
27   1   -337.5   551.6   3497.3
27   2   -459.2   536.0   3466.8
27   3   -476.9   341.7   3369.8
27   4   -310.0   496.2   3297.4
27   5   -210.7   537.8   3497.5
27   6   -172.4   333.6   3431.8
27   7   -302.8   467.8   3283.6
27   8   -344.6   361.8   3551.3
27   9   -340.7   202.8   3553.7
27   10   -418.7   129.6   3547.9
27   11   -425.8   -199.0   3559.6
27   12   -382.6   -500.2   3585.6
27   13   -261.5   129.2   3558.9
27   14   -273.9   -199.1   3574.5
27   15   -300.2   -501.8   3604.5
27   16   -337.8   470.4   3309.5
27   17   -281.0   445.4   3308.3
27   18   -335.2   614.7   3479.4
28   0   -337.8   708.4   3485.7
28   1   -337.6   551.6   3497.3
28   2   -458.8   536.3   3464.6
28   3   -476.9   341.8   3368.2
28   4   -309.7   496.4   3296.6
28   5   -210.9   537.9   3497.4
28   6   -172.4   333.8   3431.5
28   7   -303.0   467.4   3282.8
28   8   -345.0   361.5   3551.3
28   9   -341.0   202.6   3553.7
28   10   -418.9   129.3   3548.0
28   11   -426.0   -203.8   3560.0
28   12   -381.3   -504.3   3585.9
28   13   -261.8   129.1   3558.9
28   14   -274.1   -203.7   3574.4
28   15   -300.2   -506.1   3603.6
28   16   -337.6   470.6   3308.5
28   17   -281.2   445.1   3307.6
28   18   -335.2   614.7   3479.4
29   0   -337.8   708.5   3485.7
29   1   -337.7   551.6   3497.3
29   2   -458.5   536.5   3463.5
29   3   -476.9   341.4   3368.2
29   4   -311.1   495.1   3295.8
29   5   -211.1   538.0   3497.4
29   6   -172.4   334.0   3431.3
29   7   -301.9   466.2   3282.5
29   8   -345.3   361.3   3551.4
29   9   -341.4   202.4   3553.7
29   10   -419.2   128.9   3548.0
29   11   -426.2   -208.2   3560.4
29   12   -380.4   -508.4   3586.4
29   13   -262.1   128.9   3558.9
29   14   -274.3   -207.9   3574.4
29   15   -300.7   -510.3   3602.5
29   16   -338.8   469.5   3307.9
29   17   -280.3   444.1   3307.3
29   18   -335.2   614.7   3479.4
30   0   -337.9   708.5   3485.7
30   1   -337.8   551.6   3497.3
30   2   -458.3   536.7   3462.7
30   3   -477.0   340.7   3369.3
30   4   -313.4   493.2   3294.8
30   5   -211.3   538.2   3497.4
30   6   -172.4   334.2   3431.2
30   7   -300.4   464.7   3282.3
30   8   -345.7   361.1   3551.4
30   9   -341.7   202.2   3553.8
30   10   -419.4   128.6   3548.0
30   11   -426.3   -212.0   3560.6
30   12   -379.8   -512.2   3586.7
30   13   -262.5   128.7   3558.8
30   14   -274.5   -211.6   3574.5
30   15   -301.6   -514.0   3601.4
30   16   -340.6   467.8   3307.2
30   17   -279.1   443.0   3307.1
30   18   -335.2   614.7   3479.4
31   0   -337.9   708.5   3485.7
31   1   -337.9   551.6   3497.3
31   2   -458.1   536.9   3462.1
31   3   -477.1   340.5   3369.6
31   4   -315.0   491.8   3294.1
31   5   -211.5   538.3   3497.4
31   6   -172.4   334.3   3431.2
31   7   -299.4   463.6   3282.8
31   8   -346.0   360.9   3551.5
31   9   -342.1   202.0   3553.8
31   10   -419.7   128.2   3548.0
31   11   -426.4   -215.0   3560.8
31   12   -379.2   -515.2   3587.0
31   13   -262.9   128.5   3558.8
31   14   -274.6   -214.5   3574.6
31   15   -302.2   -516.9   3602.0
31   16   -342.0   466.6   3306.7
31   17   -278.3   442.1   3307.5
31   18   -335.2   614.7   3479.4
32   0   -337.9   708.6   3485.7
32   1   -338.0   551.6   3497.3
32   2   -457.9   537.1   3461.9
32   3   -477.1   340.4   3369.9
32   4   -316.3   490.8   3293.7
32   5   -211.7   538.4   3497.3
32   6   -172.4   334.6   3430.7
32   7   -299.1   463.0   3283.2
32   8   -346.4   360.7   3551.5
32   9   -342.4   201.8   3553.8
32   10   -419.8   127.8   3548.0
32   11   -426.4   -218.0   3560.9
32   12   -378.5   -518.1   3587.4
32   13   -263.2   128.3   3558.8
32   14   -274.7   -217.2   3574.7
32   15   -302.7   -519.5   3603.7
32   16   -343.1   465.7   3306.4
32   17   -278.0   441.6   3307.8
32   18   -335.2   614.7   3479.4
33   0   -337.9   708.6   3485.7
33   1   -338.0   551.6   3497.3
33   2   -457.8   537.2   3461.9
33   3   -477.1   340.4   3370.1
33   4   -317.4   489.9   3292.7
33   5   -211.8   538.5   3497.3
33   6   -172.4   334.7   3430.4
33   7   -298.9   462.4   3283.7
33   8   -346.8   360.6   3551.5
33   9   -342.8   201.7   3553.8
33   10   -420.0   127.2   3548.0
33   11   -426.5   -220.6   3561.0
33   12   -377.5   -520.6   3587.7
33   13   -263.5   128.2   3558.7
33   14   -274.9   -219.4   3574.6
33   15   -302.9   -521.6   3606.5
33   16   -344.0   465.0   3305.6
33   17   -277.8   441.2   3308.2
33   18   -335.2   614.7   3479.4
34   0   -338.8   708.6   3485.7
34   1   -338.1   551.6   3497.2
34   2   -457.5   537.3   3461.9
34   3   -477.1   340.4   3370.2
34   4   -318.4   489.3   3291.6
34   5   -212.3   538.1   3497.3
34   6   -172.3   334.6   3430.2
34   7   -298.5   462.0   3284.0
34   8   -347.0   360.4   3551.4
34   9   -343.1   201.4   3553.9
34   10   -420.2   126.7   3548.0
34   11   -426.5   -222.7   3561.1
34   12   -376.4   -522.2   3589.0
34   13   -263.8   128.0   3558.7
34   14   -275.0   -221.1   3574.5
34   15   -303.1   -522.4   3612.6
34   16   -344.8   464.5   3304.7
34   17   -277.5   440.8   3308.4
34   18   -335.2   614.7   3479.4
35   0   -340.4   708.5   3485.6
35   1   -338.2   551.6   3497.2
35   2   -457.2   537.4   3461.9
35   3   -477.1   340.5   3370.3
35   4   -319.1   489.1   3291.3
35   5   -213.3   537.3   3497.3
35   6   -172.0   334.2   3429.8
35   7   -298.1   461.6   3284.3
35   8   -347.2   359.9   3551.3
35   9   -343.4   201.0   3554.0
35   10   -420.5   126.3   3547.9
35   11   -426.5   -224.0   3561.1
35   12   -375.6   -522.5   3591.7
35   13   -263.9   127.9   3558.6
35   14   -275.0   -222.2   3574.2
35   15   -303.3   -520.9   3624.0
35   16   -345.4   464.3   3304.4
35   17   -277.1   440.3   3308.6
35   18   -335.2   614.7   3479.4
36   0   -342.2   708.5   3485.6
36   1   -338.3   551.6   3497.1
36   2   -456.7   537.5   3461.9
36   3   -477.1   340.6   3370.5
36   4   -319.9   489.0   3290.8
36   5   -214.5   536.7   3497.4
36   6   -171.8   334.0   3429.4
36   7   -297.8   461.2   3284.4
36   8   -347.3   359.5   3551.2
36   9   -343.8   200.5   3554.2
36   10   -421.0   126.1   3547.9
36   11   -426.5   -224.9   3561.0
36   12   -374.1   -521.9   3600.5
36   13   -264.1   127.9   3558.5
36   14   -275.1   -222.8   3573.8
36   15   -303.4   -520.4   3630.3
36   16   -346.1   464.3   3304.1
36   17   -276.8   440.0   3308.6
36   18   -335.3   614.7   3479.4
37   0   -343.9   708.4   3485.5
37   1   -338.3   551.6   3497.1
37   2   -456.3   537.7   3462.0
37   3   -477.1   340.7   3370.7
37   4   -320.7   489.0   3290.3
37   5   -215.2   536.7   3497.4
37   6   -171.8   334.2   3429.0
37   7   -297.7   461.0   3284.2
37   8   -347.4   359.0   3551.2
37   9   -344.1   200.0   3554.4
37   10   -421.4   125.9   3547.8
37   11   -426.5   -225.4   3560.9
37   12   -373.4   -520.9   3611.2
37   13   -264.2   128.0   3558.4
37   14   -275.1   -223.1   3573.7
37   15   -304.9   -519.5   3636.9
37   16   -346.8   464.3   3303.7
37   17   -276.7   439.8   3308.3
37   18   -335.3   614.7   3479.4
38   0   -345.3   708.3   3485.5
38   1   -338.4   551.5   3497.1
38   2   -456.0   538.0   3461.8
38   3   -477.2   340.9   3370.9
38   4   -321.2   489.0   3290.1
38   5   -215.8   536.8   3497.4
38   6   -171.8   334.5   3428.9
38   7   -297.6   460.7   3284.0
38   8   -347.5   358.4   3551.2
38   9   -344.4   199.4   3554.7
38   10   -421.9   125.7   3547.8
38   11   -426.5   -226.2   3560.9
38   12   -374.6   -521.9   3613.5
38   13   -264.3   128.0   3558.4
38   14   -275.1   -223.6   3573.6
38   15   -305.0   -520.3   3637.4
38   16   -347.2   464.3   3303.5
38   17   -276.6   439.7   3308.1
38   18   -335.4   614.7   3479.4
39   0   -346.0   708.3   3485.5
39   1   -338.5   551.5   3497.0
39   2   -455.7   538.4   3461.6
39   3   -477.2   341.1   3371.2
39   4   -321.9   489.1   3289.9
39   5   -216.2   537.1   3497.3
39   6   -171.9   334.8   3428.9
39   7   -297.5   460.6   3284.0
39   8   -347.6   357.9   3551.2
39   9   -344.8   198.9   3554.8
39   10   -422.4   125.4   3547.7
39   11   -426.6   -227.2   3561.1
39   12   -376.0   -524.4   3607.7
39   13   -264.4   128.0   3558.2
39   14   -275.1   -224.4   3573.5
39   15   -304.5   -522.5   3631.4
39   16   -347.8   464.4   3303.5
39   17   -276.5   439.7   3308.1
39   18   -335.5   614.7   3479.4
40   0   -346.2   708.3   3485.5
40   1   -338.6   551.5   3497.0
40   2   -455.4   538.7   3461.2
40   3   -477.3   341.2   3371.4
40   4   -322.0   490.1   3289.3
40   5   -216.6   537.3   3497.2
40   6   -172.0   335.0   3428.9
40   7   -298.2   461.2   3283.4
40   8   -347.7   357.4   3551.2
40   9   -345.1   198.3   3554.9
40   10   -422.9   125.1   3547.6
40   11   -426.6   -228.3   3561.3
40   12   -376.7   -527.0   3599.0
40   13   -264.5   128.0   3558.2
40   14   -275.0   -225.2   3573.5
40   15   -304.8   -524.9   3622.8
40   16   -347.9   465.3   3303.0
40   17   -277.2   440.2   3307.6
40   18   -335.6   614.7   3479.3
41   0   -346.3   708.3   3485.5
41   1   -338.6   551.5   3496.9
41   2   -455.2   539.0   3460.7
41   3   -477.3   341.1   3371.6
41   4   -321.9   491.4   3288.6
41   5   -216.9   537.6   3497.1
41   6   -172.0   335.3   3428.9
41   7   -299.2   461.9   3282.4
41   8   -347.8   356.8   3551.2
41   9   -345.5   197.8   3555.1
41   10   -423.4   124.8   3547.5
41   11   -426.5   -229.3   3561.4
41   12   -375.9   -528.0   3597.0
41   13   -264.7   128.0   3558.1
41   14   -275.1   -226.0   3573.3
41   15   -304.6   -527.2   3610.7
41   16   -347.8   466.4   3302.4
41   17   -278.0   440.8   3306.8
41   18   -335.7   614.7   3479.3
42   0   -346.3   708.3   3485.5
42   1   -338.7   551.5   3496.9
42   2   -454.9   539.1   3460.0
42   3   -477.3   340.9   3371.6
42   4   -321.6   492.8   3287.8
42   5   -217.2   537.8   3497.0
42   6   -172.1   335.7   3428.3
42   7   -300.3   462.9   3280.9
42   8   -347.8   356.4   3551.3
42   9   -345.8   197.3   3555.2
42   10   -423.9   124.6   3547.5
42   11   -426.5   -230.2   3561.3
42   12   -374.9   -526.2   3606.0
42   13   -264.7   127.9   3558.1
42   14   -275.1   -226.7   3573.2
42   15   -304.1   -526.7   3611.9
42   16   -347.5   467.5   3301.8
42   17   -279.0   441.7   3305.5
42   18   -335.7   614.7   3479.3
43   0   -346.2   708.3   3485.5
43   1   -338.8   551.5   3496.9
43   2   -454.6   539.2   3459.3
43   3   -477.1   340.8   3371.5
43   4   -321.6   494.3   3287.0
43   5   -217.4   538.0   3496.9
43   6   -172.1   336.0   3428.0
43   7   -301.2   463.5   3279.7
43   8   -347.9   356.0   3551.4
43   9   -346.0   196.9   3555.3
43   10   -424.3   124.4   3547.5
43   11   -426.6   -230.8   3561.1
43   12   -374.1   -523.9   3611.2
43   13   -264.7   127.7   3558.1
43   14   -275.1   -227.4   3573.1
43   15   -303.5   -525.3   3614.0
43   16   -347.6   468.7   3301.1
43   17   -279.6   442.3   3304.4
43   18   -335.8   614.7   3479.3
44   0   -346.1   708.3   3485.5
44   1   -338.8   551.5   3496.8
44   2   -454.4   539.4   3458.6
44   3   -477.1   340.6   3371.4
44   4   -321.5   495.3   3286.2
44   5   -217.5   538.0   3494.6
44   6   -172.0   335.3   3428.0
44   7   -301.4   463.8   3279.3
44   8   -347.9   355.6   3551.4
44   9   -346.0   196.6   3555.4
44   10   -424.5   124.3   3547.4
44   11   -426.6   -231.2   3561.2
44   12   -373.7   -521.6   3613.8
44   13   -264.7   127.2   3558.1
44   14   -275.1   -228.1   3573.1
44   15   -303.0   -523.1   3618.6
44   16   -347.4   469.5   3300.4
44   17   -279.9   442.3   3304.1
44   18   -335.9   614.7   3479.2
45   0   -346.1   708.2   3485.5
45   1   -338.9   551.5   3496.6
45   2   -454.2   539.5   3457.9
45   3   -477.0   340.5   3371.2
45   4   -320.6   495.6   3286.0
45   5   -217.5   538.1   3492.8
45   6   -171.8   334.8   3428.1
45   7   -301.6   463.9   3278.9
45   8   -347.9   355.4   3551.5
45   9   -346.0   196.3   3555.4
45   10   -424.8   124.2   3547.4
45   11   -426.6   -231.4   3561.2
45   12   -374.0   -520.1   3612.9
45   13   -264.8   126.5   3558.0
45   14   -275.1   -228.9   3573.2
45   15   -302.5   -521.9   3619.7
45   16   -346.7   469.8   3300.2
45   17   -280.0   442.4   3303.8
45   18   -336.0   614.7   3479.0
46   0   -346.0   708.2   3485.5
46   1   -338.9   551.5   3496.4
46   2   -454.0   539.6   3457.0
46   3   -477.0   340.4   3370.9
46   4   -320.9   495.0   3286.3
46   5   -217.7   538.2   3491.3
46   6   -171.7   334.4   3428.3
46   7   -300.8   463.0   3279.2
46   8   -347.9   355.2   3551.5
46   9   -346.0   196.1   3555.4
46   10   -425.1   124.1   3547.3
46   11   -426.6   -231.4   3561.1
46   12   -374.7   -520.4   3612.8
46   13   -264.9   125.8   3557.9
46   14   -275.2   -229.5   3573.2
46   15   -302.4   -522.8   3619.4
46   16   -346.9   469.2   3300.4
46   17   -279.3   441.6   3304.1
46   18   -336.0   614.7   3478.6
47   0   -345.9   708.1   3485.5
47   1   -339.0   551.5   3496.1
47   2   -453.8   539.7   3456.0
47   3   -477.0   340.1   3370.7
47   4   -321.8   493.9   3286.8
47   5   -217.7   538.4   3490.0
47   6   -171.7   334.2   3428.3
47   7   -299.6   461.8   3279.7
47   8   -348.0   355.1   3551.5
47   9   -346.0   195.9   3555.3
47   10   -425.4   124.1   3547.2
47   11   -426.6   -231.4   3560.8
47   12   -375.9   -521.5   3613.9
47   13   -264.8   125.5   3557.8
47   14   -275.2   -229.7   3573.2
47   15   -302.3   -523.8   3622.2
47   16   -347.7   468.2   3300.8
47   17   -278.3   440.5   3304.4
47   18   -336.1   614.7   3478.3
48   0   -345.8   708.1   3485.5
48   1   -339.1   551.5   3495.5
48   2   -453.7   539.8   3455.0
48   3   -477.0   339.8   3370.5
48   4   -322.8   492.7   3287.3
48   5   -217.9   538.6   3489.5
48   6   -171.6   334.2   3428.3
48   7   -298.5   460.6   3279.9
48   8   -348.0   355.0   3551.4
48   9   -346.0   195.9   3555.3
48   10   -425.6   124.0   3546.9
48   11   -426.6   -231.3   3560.3
48   12   -379.3   -522.6   3618.0
48   13   -264.5   125.4   3557.5
48   14   -275.2   -229.6   3572.9
48   15   -302.5   -524.2   3626.7
48   16   -348.5   467.2   3301.2
48   17   -277.3   439.5   3304.6
48   18   -336.2   614.7   3477.6
49   0   -345.7   708.1   3485.5
49   1   -339.1   551.6   3494.9
49   2   -453.7   539.7   3454.5
49   3   -477.0   339.6   3370.4
49   4   -323.7   491.7   3287.8
49   5   -218.0   538.7   3489.4
49   6   -171.7   334.5   3427.8
49   7   -297.8   459.9   3280.0
49   8   -348.0   355.1   3551.3
49   9   -346.0   195.9   3555.2
49   10   -425.7   123.8   3546.6
49   11   -426.6   -231.3   3559.7
49   12   -385.1   -523.6   3614.6
49   13   -264.3   125.3   3557.3
49   14   -275.2   -229.6   3572.5
49   15   -301.9   -524.4   3623.2
49   16   -349.3   466.3   3301.5
49   17   -276.8   439.0   3304.6
49   18   -336.3   614.7   3476.7
50   0   -345.7   708.1   3485.0
50   1   -339.1   551.6   3493.9
50   2   -453.8   539.6   3454.3
50   3   -477.1   339.5   3370.3
50   4   -324.4   490.8   3288.2
50   5   -218.2   538.8   3489.3
50   6   -171.8   334.8   3427.1
50   7   -297.1   459.2   3279.5
50   8   -347.7   354.9   3550.3
50   9   -345.9   195.7   3554.7
50   10   -425.8   123.7   3546.2
50   11   -426.6   -231.3   3559.2
50   12   -388.2   -525.1   3608.0
50   13   -264.1   125.2   3556.9
50   14   -275.2   -229.6   3571.9
50   15   -300.8   -526.0   3611.1
50   16   -349.8   465.6   3301.8
50   17   -276.2   438.5   3304.1
50   18   -336.3   614.7   3475.8
51   0   -345.6   708.1   3484.1
51   1   -339.1   551.5   3492.8
51   2   -453.9   539.6   3454.2
51   3   -477.1   339.3   3370.3
51   4   -325.0   490.2   3288.4
51   5   -218.4   539.0   3489.4
51   6   -171.9   335.6   3424.8
51   7   -297.3   459.4   3278.0
51   8   -347.4   354.5   3548.2
51   9   -345.7   195.4   3553.9
51   10   -425.8   123.6   3545.6
51   11   -426.6   -231.3   3559.2
51   12   -388.9   -526.2   3597.4
51   13   -263.8   125.1   3556.4
51   14   -275.2   -229.6   3571.3
51   15   -300.9   -526.2   3606.7
51   16   -350.3   465.0   3302.0
51   17   -276.4   438.8   3302.5
51   18   -336.4   614.7   3474.9
52   0   -345.6   708.2   3483.1
52   1   -339.1   551.3   3491.4
52   2   -454.0   539.5   3454.1
52   3   -477.1   339.2   3370.2
52   4   -324.5   490.6   3288.0
52   5   -218.6   539.1   3489.4
52   6   -172.2   336.9   3421.1
52   7   -299.1   461.2   3274.9
52   8   -347.0   354.0   3545.5
52   9   -345.5   195.0   3552.9
52   10   -425.8   123.7   3544.9
52   11   -426.5   -231.1   3559.4
52   12   -388.5   -526.8   3586.1
52   13   -263.5   125.1   3555.8
52   14   -275.2   -229.6   3571.1
52   15   -300.3   -525.8   3606.9
52   16   -350.0   465.4   3301.7
52   17   -277.9   440.5   3299.2
52   18   -336.5   614.7   3474.0
53   0   -345.5   708.2   3482.0
53   1   -339.1   551.2   3490.1
53   2   -454.2   539.3   3454.0
53   3   -477.1   339.1   3370.1
53   4   -323.6   491.5   3287.5
53   5   -218.8   539.2   3489.4
53   6   -172.6   338.9   3415.8
53   7   -302.4   464.5   3271.1
53   8   -346.7   353.7   3543.1
53   9   -345.3   194.7   3551.9
53   10   -425.8   123.9   3544.0
53   11   -426.5   -231.0   3559.7
53   12   -387.5   -526.4   3593.3
53   13   -263.3   125.0   3555.2
53   14   -275.2   -229.6   3571.0
53   15   -300.7   -525.5   3613.7
53   16   -349.2   466.1   3301.3
53   17   -280.8   443.5   3295.2
53   18   -336.6   614.7   3473.1
54   0   -345.5   708.3   3480.9
54   1   -339.0   551.2   3489.4
54   2   -454.3   539.3   3454.0
54   3   -477.1   339.0   3369.9
54   4   -322.6   492.3   3286.9
54   5   -218.9   539.2   3489.4
54   6   -173.1   341.1   3409.9
54   7   -306.3   468.4   3267.4
54   8   -346.2   353.7   3542.1
54   9   -345.0   194.6   3551.2
54   10   -425.7   124.1   3543.2
54   11   -426.5   -230.8   3559.7
54   12   -386.8   -525.9   3596.2
54   13   -263.0   125.0   3554.5
54   14   -275.2   -229.6   3570.9
54   15   -300.4   -524.7   3619.2
54   16   -348.4   466.8   3300.8
54   17   -284.1   447.2   3291.1
54   18   -336.7   614.7   3472.5
55   0   -345.5   708.4   3479.8
55   1   -339.0   551.2   3489.1
55   2   -454.4   539.2   3453.9
55   3   -477.0   338.9   3369.8
55   4   -321.7   493.1   3286.3
55   5   -219.0   539.3   3489.4
55   6   -173.0   340.9   3410.4
55   7   -306.3   468.9   3266.4
55   8   -345.7   353.8   3542.0
55   9   -344.8   194.7   3550.7
55   10   -425.6   124.4   3542.2
55   11   -426.5   -230.5   3559.4
55   12   -386.3   -526.0   3599.6
55   13   -262.7   125.0   3553.8
55   14   -275.2   -229.7   3570.9
55   15   -301.1   -524.8   3623.1
55   16   -347.6   467.4   3300.3
55   17   -284.1   447.5   3290.4
55   18   -336.8   614.7   3472.0
56   0   -345.5   708.5   3478.6
56   1   -339.0   551.2   3488.8
56   2   -454.6   539.0   3453.9
56   3   -477.0   338.8   3369.5
56   4   -320.9   493.8   3285.9
56   5   -219.0   539.4   3489.4
56   6   -172.9   340.8   3410.9
56   7   -306.5   469.6   3266.1
56   8   -345.2   354.0   3542.3
56   9   -344.5   194.9   3550.3
56   10   -425.3   124.6   3540.9
56   11   -426.5   -230.4   3559.1
56   12   -386.6   -524.6   3601.2
56   13   -262.5   125.0   3552.9
56   14   -275.2   -229.8   3570.9
56   15   -300.8   -524.2   3622.2
56   16   -346.9   468.0   3299.9
56   17   -284.2   448.2   3290.3
56   18   -336.9   614.7   3471.6
57   0   -345.5   708.6   3477.2
57   1   -338.9   551.3   3488.6
57   2   -454.8   538.9   3453.8
57   3   -477.0   338.7   3369.2
57   4   -320.3   494.6   3285.7
57   5   -219.1   539.5   3489.4
57   6   -172.9   340.6   3411.6
57   7   -306.8   469.8   3266.1
57   8   -344.7   354.2   3542.5
57   9   -344.2   195.0   3549.8
57   10   -425.0   124.8   3539.5
57   11   -426.5   -230.2   3558.6
57   12   -386.9   -523.0   3600.8
57   13   -262.3   124.9   3552.2
57   14   -275.2   -229.9   3570.9
57   15   -300.5   -523.3   3619.0
57   16   -346.4   468.6   3299.6
57   17   -284.5   448.3   3290.4
57   18   -337.1   614.7   3471.2
58   0   -345.5   708.6   3475.9
58   1   -338.9   551.3   3488.3
58   2   -455.0   538.8   3453.8
58   3   -477.0   338.7   3368.7
58   4   -320.0   495.5   3285.6
58   5   -219.2   539.5   3489.3
58   6   -172.8   340.4   3412.4
58   7   -307.3   469.8   3266.5
58   8   -344.2   354.3   3542.7
58   9   -343.9   195.0   3549.3
58   10   -424.8   125.0   3538.9
58   11   -426.4   -230.2   3558.2
58   12   -386.8   -523.5   3598.2
58   13   -262.2   124.9   3552.0
58   14   -275.2   -230.1   3570.9
58   15   -301.7   -523.8   3618.2
58   16   -346.1   469.3   3299.5
58   17   -284.9   448.2   3290.8
58   18   -337.2   614.7   3470.8
59   0   -345.5   708.7   3474.4
59   1   -338.9   551.3   3487.9
59   2   -455.1   538.7   3453.7
59   3   -477.0   338.7   3368.3
59   4   -319.9   496.4   3285.6
59   5   -219.3   539.6   3489.3
59   6   -172.7   340.3   3412.7
59   7   -307.6   469.9   3266.5
59   8   -343.8   354.3   3542.6
59   9   -343.6   195.1   3548.8
59   10   -424.5   125.0   3538.8
59   11   -426.4   -230.2   3557.7
59   12   -386.6   -523.9   3602.4
59   13   -262.1   124.8   3552.0
59   14   -275.2   -230.2   3570.9
59   15   -303.2   -524.1   3622.4
59   16   -346.1   470.1   3299.4
59   17   -285.2   448.3   3290.9
59   18   -337.3   614.7   3470.3
60   0   -345.5   708.7   3473.6
60   1   -338.9   551.3   3487.6
60   2   -455.3   538.6   3453.7
60   3   -477.0   338.8   3367.8
60   4   -319.6   497.1   3285.5
60   5   -219.3   539.6   3489.2
60   6   -172.7   340.2   3412.9
60   7   -307.9   470.0   3266.4
60   8   -343.6   354.3   3542.5
60   9   -343.4   195.0   3548.2
60   10   -424.3   125.1   3538.8
60   11   -426.4   -230.2   3557.2
60   12   -386.4   -523.2   3613.1
60   13   -262.0   124.8   3551.9
60   14   -275.3   -230.3   3570.8
60   15   -304.8   -523.3   3632.6
60   16   -345.9   470.7   3299.2
60   17   -285.3   448.4   3290.8
60   18   -337.4   614.7   3469.9
61   0   -345.5   708.8   3473.2
61   1   -338.8   551.3   3487.3
61   2   -455.4   538.5   3453.6
61   3   -476.9   338.9   3367.3
61   4   -318.8   496.7   3284.9
61   5   -219.2   539.6   3489.1
61   6   -172.7   340.1   3413.0
61   7   -308.0   470.1   3266.3
61   8   -343.3   354.3   3542.4
61   9   -343.1   195.0   3547.7
61   10   -424.1   125.2   3538.8
61   11   -426.3   -230.2   3556.5
61   12   -386.0   -522.8   3620.4
61   13   -261.9   124.7   3551.7
61   14   -275.3   -230.4   3570.7
61   15   -305.8   -522.3   3642.4
61   16   -345.1   470.4   3298.6
61   17   -285.4   448.4   3290.7
61   18   -337.4   614.7   3469.5
62   0   -345.5   708.8   3473.0
62   1   -338.8   551.3   3487.1
62   2   -455.5   538.4   3453.6
62   3   -477.0   339.3   3366.0
62   4   -317.3   496.3   3283.9
62   5   -219.2   539.6   3489.1
62   6   -172.7   340.0   3413.1
62   7   -308.1   470.2   3266.2
62   8   -343.1   354.3   3542.2
62   9   -342.8   195.0   3547.3
62   10   -423.7   125.3   3538.8
62   11   -426.2   -230.1   3555.7
62   12   -385.3   -523.0   3623.5
62   13   -261.7   124.6   3551.6
62   14   -275.3   -230.5   3570.4
62   15   -306.8   -522.2   3647.3
62   16   -343.9   470.1   3297.6
62   17   -285.5   448.5   3290.7
62   18   -337.4   614.7   3469.3
63   0   -345.5   708.8   3473.0
63   1   -338.8   551.3   3486.9
63   2   -455.6   538.3   3453.6
63   3   -476.9   339.5   3365.3
63   4   -316.0   495.2   3282.5
63   5   -219.1   539.5   3489.0
63   6   -172.7   339.9   3413.1
63   7   -308.2   470.4   3266.1
63   8   -342.9   354.3   3542.1
63   9   -342.4   195.0   3547.0
63   10   -423.4   125.5   3538.8
63   11   -426.2   -230.0   3555.4
63   12   -385.6   -524.4   3620.6
63   13   -261.5   124.6   3551.6
63   14   -275.3   -230.5   3570.4
63   15   -306.1   -524.9   3640.7
63   16   -342.8   469.2   3296.3
63   17   -285.6   448.6   3290.6
63   18   -337.4   614.7   3469.1
64   0   -345.5   708.8   3473.0
64   1   -338.7   551.3   3486.7
64   2   -455.6   538.3   3453.6
64   3   -477.0   339.5   3365.2
64   4   -315.4   494.0   3281.0
64   5   -219.1   539.5   3488.9
64   6   -172.6   339.8   3413.0
64   7   -308.3   470.5   3266.1
64   8   -342.7   354.3   3541.9
64   9   -342.1   195.0   3546.7
64   10   -423.0   125.7   3538.8
64   11   -426.2   -229.9   3555.3
64   12   -385.4   -525.8   3616.0
64   13   -261.4   124.6   3551.5
64   14   -275.4   -230.6   3570.4
64   15   -306.2   -527.4   3632.8
64   16   -342.3   468.2   3295.1
64   17   -285.7   448.7   3290.6
64   18   -337.4   614.7   3468.9
65   0   -345.5   708.8   3473.0
65   1   -338.6   551.3   3486.5
65   2   -455.7   538.2   3453.6
65   3   -477.0   339.4   3365.1
65   4   -315.5   494.1   3280.7
65   5   -219.0   539.5   3488.8
65   6   -172.6   339.8   3412.9
65   7   -308.4   470.6   3266.0
65   8   -342.5   354.4   3541.7
65   9   -341.7   195.0   3546.5
65   10   -422.6   126.0   3538.7
65   11   -426.2   -229.6   3555.1
65   12   -385.4   -527.5   3608.6
65   13   -261.1   124.5   3551.5
65   14   -275.5   -230.8   3570.4
65   15   -305.9   -530.2   3621.4
65   16   -342.4   468.3   3294.8
65   17   -285.8   448.8   3290.5
65   18   -337.4   614.7   3468.7
66   0   -345.5   708.8   3473.1
66   1   -338.6   551.3   3486.3
66   2   -455.7   538.2   3453.5
66   3   -477.0   339.4   3365.0
66   4   -315.9   494.9   3281.0
66   5   -219.0   539.5   3488.7
66   6   -172.6   339.8   3412.9
66   7   -308.5   470.6   3265.9
66   8   -342.2   354.5   3541.6
66   9   -341.2   195.1   3546.3
66   10   -422.2   126.4   3538.7
66   11   -426.2   -229.2   3554.9
66   12   -385.4   -528.4   3603.6
66   13   -260.9   124.4   3551.5
66   14   -275.5   -230.8   3570.3
66   15   -305.9   -530.0   3625.5
66   16   -342.7   468.9   3295.0
66   17   -285.8   448.8   3290.4
66   18   -337.4   614.7   3468.5
67   0   -345.5   708.8   3473.1
67   1   -338.5   551.3   3486.1
67   2   -455.8   538.1   3453.5
67   3   -477.0   339.4   3364.7
67   4   -316.0   495.4   3281.1
67   5   -218.9   539.5   3488.6
67   6   -172.5   339.7   3412.8
67   7   -308.5   470.7   3265.9
67   8   -341.9   354.7   3541.5
67   9   -340.7   195.2   3546.3
67   10   -421.8   126.8   3538.8
67   11   -426.1   -228.7   3554.8
67   12   -385.2   -528.4   3602.1
67   13   -260.6   124.4   3551.4
67   14   -275.6   -230.7   3570.1
67   15   -305.8   -529.3   3630.4
67   16   -342.8   469.4   3295.1
67   17   -285.8   448.8   3290.4
67   18   -337.4   614.7   3468.3
68   0   -345.5   708.8   3473.1
68   1   -338.4   551.3   3486.0
68   2   -455.8   538.1   3453.5
68   3   -476.9   339.4   3364.5
68   4   -316.0   495.8   3281.2
68   5   -218.8   539.5   3488.3
68   6   -172.5   339.5   3412.8
68   7   -308.5   470.7   3265.9
68   8   -341.5   354.9   3541.5
68   9   -340.1   195.5   3546.3
68   10   -421.3   127.3   3538.9
68   11   -425.9   -228.0   3554.7
68   12   -385.2   -528.0   3602.8
68   13   -260.2   124.3   3551.4
68   14   -275.6   -230.6   3569.8
68   15   -305.8   -528.4   3635.6
68   16   -342.8   469.7   3295.1
68   17   -285.8   448.8   3290.4
68   18   -337.4   614.7   3468.0
69   0   -345.4   708.8   3473.1
69   1   -338.3   551.4   3485.8
69   2   -455.9   538.0   3453.4
69   3   -476.8   339.4   3364.2
69   4   -316.0   496.1   3281.1
69   5   -218.8   539.4   3488.1
69   6   -172.4   339.4   3412.7
69   7   -308.4   470.7   3265.9
69   8   -341.1   355.2   3541.6
69   9   -339.4   195.7   3546.3
69   10   -420.6   127.8   3538.9
69   11   -425.6   -227.5   3554.7
69   12   -384.9   -527.5   3604.0
69   13   -259.7   124.3   3551.3
69   14   -275.5   -230.6   3569.8
69   15   -305.7   -527.4   3640.7
69   16   -342.8   470.0   3294.9
69   17   -285.8   448.8   3290.4
69   18   -337.3   614.7   3467.8
70   0   -344.2   708.9   3473.1
70   1   -337.9   551.4   3485.6
70   2   -455.4   537.5   3453.0
70   3   -476.7   338.9   3363.8
70   4   -316.6   496.7   3281.3
70   5   -218.0   539.9   3487.8
70   6   -172.4   339.6   3412.8
70   7   -308.5   470.8   3265.8
70   8   -340.6   355.5   3541.5
70   9   -338.8   196.0   3546.3
70   10   -419.9   128.2   3539.0
70   11   -425.2   -227.2   3554.7
70   12   -384.5   -527.2   3604.6
70   13   -259.3   124.4   3551.2
70   14   -275.5   -230.5   3569.9
70   15   -305.6   -527.1   3642.5
70   16   -343.3   470.4   3295.1
70   17   -285.8   448.9   3290.3
70   18   -337.1   614.7   3467.6
71   0   -342.0   708.9   3473.1
71   1   -337.5   551.4   3485.4
71   2   -454.7   536.5   3452.3
71   3   -476.7   337.9   3363.3
71   4   -317.4   497.0   3281.6
71   5   -216.7   540.8   3487.3
71   6   -172.6   339.8   3413.0
71   7   -308.4   470.8   3265.5
71   8   -340.1   355.8   3541.5
71   9   -338.2   196.3   3546.2
71   10   -419.2   128.5   3538.9
71   11   -424.7   -226.9   3554.6
71   12   -384.0   -526.9   3605.7
71   13   -258.8   124.7   3551.1
71   14   -275.4   -230.2   3570.0
71   15   -305.7   -526.7   3643.8
71   16   -343.9   470.4   3295.2
71   17   -285.8   449.0   3290.1
71   18   -336.7   614.7   3467.3
72   0   -339.2   709.0   3473.1
72   1   -337.0   551.4   3485.2
72   2   -454.2   535.7   3451.6
72   3   -476.7   337.0   3362.8
72   4   -317.8   496.7   3281.5
72   5   -214.9   541.7   3486.7
72   6   -172.8   340.0   3413.2
72   7   -308.3   470.9   3265.3
72   8   -339.5   356.0   3541.5
72   9   -337.7   196.5   3546.2
72   10   -418.6   128.8   3538.9
72   11   -424.2   -226.6   3554.6
72   12   -383.8   -526.4   3607.6
72   13   -258.4   125.0   3551.0
72   14   -275.4   -229.9   3570.0
72   15   -306.0   -526.2   3644.7
72   16   -344.3   470.1   3295.0
72   17   -285.7   449.1   3289.9
72   18   -336.2   614.7   3467.0
73   0   -336.8   708.9   3473.1
73   1   -336.4   551.4   3485.0
73   2   -454.1   535.3   3451.6
73   3   -476.5   336.6   3362.6
73   4   -317.7   496.5   3281.0
73   5   -213.5   541.9   3486.3
73   6   -172.8   339.8   3413.1
73   7   -308.6   470.8   3265.5
73   8   -338.9   356.3   3541.4
73   9   -337.2   196.8   3546.1
73   10   -418.0   129.0   3538.7
73   11   -423.7   -226.3   3554.6
73   12   -383.5   -526.2   3608.1
73   13   -257.9   125.3   3550.8
73   14   -275.4   -229.5   3570.1
73   15   -306.1   -526.2   3644.1
73   16   -344.2   469.8   3294.6
73   17   -285.9   449.0   3290.1
73   18   -335.6   614.8   3466.8
74   0   -335.7   708.9   3473.1
74   1   -336.0   551.5   3484.8
74   2   -454.3   535.0   3451.5
74   3   -476.2   336.4   3362.3
74   4   -317.4   496.1   3280.3
74   5   -212.6   541.7   3485.8
74   6   -172.7   339.3   3412.7
74   7   -309.2   470.6   3265.8
74   8   -338.3   356.5   3541.4
74   9   -336.7   197.0   3546.1
74   10   -417.4   129.3   3538.4
74   11   -423.2   -226.1   3554.6
74   12   -383.4   -526.1   3608.3
74   13   -257.4   125.7   3550.5
74   14   -275.4   -229.1   3570.1
74   15   -306.0   -526.5   3641.6
74   16   -343.9   469.5   3294.0
74   17   -286.4   448.8   3290.3
74   18   -335.3   614.8   3466.4
75   0   -335.3   708.8   3473.1
75   1   -335.6   551.5   3484.5
75   2   -454.4   534.8   3451.3
75   3   -475.7   336.1   3362.1
75   4   -317.0   495.7   3279.5
75   5   -212.0   541.4   3485.2
75   6   -172.4   338.9   3412.2
75   7   -309.3   470.5   3266.0
75   8   -337.7   356.8   3541.3
75   9   -336.2   197.2   3546.0
75   10   -416.9   129.5   3538.0
75   11   -422.6   -226.0   3554.6
75   12   -383.4   -526.1   3608.3
75   13   -256.8   125.9   3550.2
75   14   -275.3   -228.9   3570.1
75   15   -305.7   -526.7   3640.1
75   16   -343.4   469.1   3293.3
75   17   -286.5   448.6   3290.4
75   18   -335.0   614.7   3466.1
76   0   -335.2   708.8   3473.1
76   1   -335.3   551.5   3484.2
76   2   -454.6   534.7   3451.0
76   3   -475.1   335.9   3361.8
76   4   -316.8   495.6   3278.8
76   5   -211.4   541.0   3484.6
76   6   -172.2   338.4   3411.8
76   7   -309.2   470.5   3266.1
76   8   -337.1   357.0   3541.3
76   9   -335.7   197.5   3545.9
76   10   -416.4   129.6   3537.5
76   11   -422.1   -225.9   3554.5
76   12   -383.4   -526.2   3608.3
76   13   -256.3   126.2   3550.0
76   14   -275.2   -228.7   3570.0
76   15   -305.2   -526.6   3640.0
76   16   -343.2   469.0   3292.7
76   17   -286.4   448.5   3290.4
76   18   -334.7   614.7   3465.6
77   0   -335.4   708.7   3473.1
77   1   -335.0   551.5   3483.8
77   2   -454.7   534.6   3450.7
77   3   -474.6   335.6   3361.7
77   4   -317.8   494.6   3278.4
77   5   -211.0   540.7   3484.0
77   6   -172.0   337.9   3411.6
77   7   -308.1   469.7   3267.0
77   8   -336.6   357.3   3541.2
77   9   -335.3   197.7   3545.9
77   10   -415.9   129.6   3536.9
77   11   -421.4   -225.9   3554.4
77   12   -383.3   -526.3   3608.0
77   13   -255.7   126.4   3550.0
77   14   -275.1   -228.5   3569.9
77   15   -304.6   -526.6   3639.9
77   16   -343.9   468.1   3292.3
77   17   -285.4   447.7   3291.1
77   18   -334.5   614.7   3465.2
78   0   -335.6   708.7   3473.1
78   1   -334.8   551.5   3483.5
78   2   -454.8   534.5   3450.5
78   3   -474.5   335.4   3361.6
78   4   -319.4   493.1   3277.8
78   5   -210.6   540.5   3483.4
78   6   -171.9   337.5   3411.2
78   7   -306.6   468.6   3267.7
78   8   -336.3   357.5   3541.1
78   9   -334.9   197.9   3545.8
78   10   -415.6   129.7   3536.7
78   11   -421.1   -225.7   3553.9
78   12   -383.3   -526.3   3607.6
78   13   -255.0   126.7   3550.0
78   14   -275.0   -228.1   3569.7
78   15   -304.3   -526.2   3639.6
78   16   -345.3   466.8   3291.8
78   17   -284.1   446.7   3291.6
78   18   -334.3   614.7   3464.7
79   0   -335.8   708.6   3473.1
79   1   -334.6   551.6   3483.2
79   2   -454.9   534.5   3450.2
79   3   -474.5   335.3   3361.5
79   4   -320.7   491.6   3277.9
79   5   -210.3   540.2   3482.8
79   6   -171.7   337.0   3411.0
79   7   -304.9   467.4   3268.4
79   8   -336.1   357.7   3541.1
79   9   -334.2   198.1   3545.7
79   10   -415.1   129.9   3536.6
79   11   -421.0   -225.1   3553.7
79   12   -383.4   -525.7   3606.9
79   13   -254.0   127.0   3549.9
79   14   -274.6   -227.2   3569.5
79   15   -304.1   -525.6   3638.3
79   16   -346.3   465.6   3291.8
79   17   -282.7   445.7   3292.2
79   18   -334.1   614.7   3464.3
80   0   -335.9   708.6   3473.1
80   1   -334.4   551.6   3482.8
80   2   -454.9   534.5   3449.8
80   3   -474.5   335.2   3361.3
80   4   -321.8   490.4   3278.3
80   5   -210.0   540.0   3482.1
80   6   -171.3   336.6   3410.9
80   7   -303.1   466.3   3269.1
80   8   -335.8   357.8   3541.0
80   9   -333.7   198.2   3545.6
80   10   -414.8   130.1   3536.4
80   11   -421.0   -224.0   3553.6
80   12   -382.8   -525.0   3604.4
80   13   -253.1   127.5   3549.9
80   14   -274.1   -225.9   3569.4
80   15   -304.0   -524.9   3635.6
80   16   -347.2   464.6   3292.1
80   17   -281.1   444.6   3292.8
80   18   -333.9   614.7   3463.8
81   0   -335.9   708.6   3473.1
81   1   -334.1   551.6   3482.4
81   2   -454.8   534.5   3449.1
81   3   -474.5   335.0   3361.1
81   4   -321.8   490.5   3278.2
81   5   -209.6   539.8   3481.3
81   6   -170.8   336.2   3410.9
81   7   -302.6   466.4   3269.4
81   8   -335.6   358.0   3541.0
81   9   -333.2   198.4   3545.5
81   10   -414.5   130.3   3536.3
81   11   -421.0   -222.5   3553.3
81   12   -381.3   -524.1   3599.1
81   13   -252.2   128.0   3549.8
81   14   -273.6   -224.1   3569.5
81   15   -304.0   -524.1   3630.7
81   16   -347.2   464.5   3292.0
81   17   -280.6   444.7   3293.0
81   18   -333.6   614.7   3463.3
82   0   -335.9   708.6   3473.1
82   1   -333.9   551.6   3482.1
82   2   -454.6   534.6   3448.3
82   3   -474.6   334.7   3361.0
82   4   -321.4   490.9   3278.0
82   5   -209.4   539.6   3480.7
82   6   -170.3   335.8   3410.9
82   7   -302.5   467.1   3269.4
82   8   -335.4   358.2   3540.9
82   9   -332.9   198.5   3545.4
82   10   -414.3   130.5   3536.2
82   11   -420.9   -220.9   3552.9
82   12   -378.8   -524.3   3588.8
82   13   -251.6   128.4   3549.7
82   14   -272.8   -222.3   3569.4
82   15   -304.0   -524.8   3620.8
82   16   -346.9   464.9   3291.8
82   17   -280.5   445.2   3293.0
82   18   -333.4   614.7   3462.9
83   0   -335.9   708.5   3473.1
83   1   -333.6   551.7   3481.7
83   2   -454.4   534.7   3447.5
83   3   -474.6   334.4   3361.1
83   4   -320.8   491.4   3277.7
83   5   -209.1   539.5   3480.0
83   6   -169.6   335.4   3410.9
83   7   -302.3   467.8   3269.1
83   8   -335.2   358.4   3540.8
83   9   -332.7   198.7   3545.3
83   10   -414.2   130.8   3536.1
83   11   -420.8   -219.4   3552.0
83   12   -375.6   -524.8   3579.9
83   13   -251.0   128.9   3549.5
83   14   -271.9   -220.6   3569.4
83   15   -303.9   -526.3   3609.7
83   16   -346.5   465.3   3291.6
83   17   -280.2   445.7   3292.7
83   18   -333.1   614.7   3462.4
84   0   -335.9   708.5   3473.1
84   1   -333.4   551.7   3481.3
84   2   -454.1   534.8   3446.3
84   3   -474.6   334.0   3361.2
84   4   -320.4   491.8   3277.1
84   5   -208.8   539.3   3479.4
84   6   -168.7   335.2   3411.0
84   7   -301.9   468.2   3268.6
84   8   -335.1   358.5   3540.8
84   9   -332.5   198.9   3545.1
84   10   -414.1   131.0   3536.0
84   11   -420.6   -218.4   3550.7
84   12   -371.5   -525.4   3575.5
84   13   -250.6   129.4   3549.2
84   14   -270.8   -219.1   3569.4
84   15   -303.6   -527.4   3604.1
84   16   -346.1   465.5   3291.1
84   17   -279.7   446.1   3292.4
84   18   -332.8   614.7   3461.8
85   0   -335.9   708.5   3473.1
85   1   -333.1   551.7   3480.9
85   2   -453.8   535.0   3444.6
85   3   -474.7   333.6   3361.0
85   4   -319.9   491.8   3276.4
85   5   -208.6   539.2   3478.2
85   6   -167.5   334.8   3411.1
85   7   -301.3   468.3   3268.4
85   8   -335.1   358.7   3540.7
85   9   -332.4   199.0   3545.0
85   10   -414.0   131.3   3535.9
85   11   -420.4   -217.5   3548.9
85   12   -369.4   -525.9   3574.2
85   13   -250.2   130.3   3548.9
85   14   -269.0   -217.7   3569.2
85   15   -302.4   -527.9   3601.4
85   16   -345.7   465.5   3290.5
85   17   -279.0   446.1   3292.2
85   18   -332.5   614.7   3461.3
86   0   -335.9   708.5   3473.0
86   1   -332.9   551.8   3480.4
86   2   -453.4   535.2   3442.8
86   3   -474.7   333.3   3360.6
86   4   -320.3   490.4   3275.7
86   5   -208.3   539.0   3476.5
86   6   -165.5   334.3   3411.3
86   7   -299.9   466.7   3269.3
86   8   -335.0   358.9   3540.6
86   9   -332.4   199.2   3544.8
86   10   -413.7   131.2   3535.8
86   11   -420.1   -217.1   3547.0
86   12   -368.5   -526.7   3575.0
86   13   -250.0   130.8   3548.5
86   14   -267.1   -216.8   3569.0
86   15   -302.1   -528.2   3601.4
86   16   -346.0   464.2   3289.8
86   17   -277.5   444.6   3292.9
86   18   -332.2   614.7   3460.8
87   0   -335.9   708.5   3473.0
87   1   -332.6   551.8   3480.2
87   2   -453.0   535.4   3442.1
87   3   -475.3   333.6   3360.0
87   4   -320.4   486.4   3272.8
87   5   -208.0   538.8   3474.4
87   6   -161.3   334.2   3411.6
87   7   -297.1   462.9   3270.2
87   8   -335.0   359.0   3540.6
87   9   -332.3   199.3   3544.7
87   10   -413.4   131.3   3535.7
87   11   -406.0   -216.2   3553.3
87   12   -367.9   -528.8   3580.1
87   13   -249.6   131.9   3548.1
87   14   -266.3   -215.4   3568.5
87   15   -301.1   -528.1   3601.6
87   16   -346.2   460.9   3287.3
87   17   -274.5   441.5   3293.8
87   18   -331.9   614.7   3460.5
88   0   -335.9   708.5   3473.0
88   1   -332.4   551.8   3480.1
88   2   -452.8   535.6   3442.8
88   3   -479.6   334.6   3359.9
88   4   -317.8   464.6   3256.6
88   5   -208.0   538.9   3476.3
88   6   -148.1   338.3   3412.9
88   7   -291.3   449.3   3267.1
88   8   -334.9   359.1   3540.6
88   9   -332.2   199.4   3544.7
88   10   -413.0   131.3   3535.7
88   11   -411.6   -216.4   3550.2
88   12   -367.9   -528.4   3587.6
88   13   -249.1   133.2   3547.7
88   14   -265.9   -214.1   3568.0
88   15   -300.1   -528.2   3600.6
88   16   -344.7   442.9   3273.8
88   17   -267.4   430.8   3291.4
88   18   -331.5   614.7   3460.3
89   0   -335.9   708.5   3473.0
89   1   -332.1   551.8   3480.2
89   2   -452.9   535.5   3448.0
89   3   -494.8   337.9   3364.4
89   4   -343.4   414.8   3217.1
89   5   -208.3   539.2   3481.9
89   6   -126.5   347.8   3417.0
89   7   -262.0   418.0   3246.0
89   8   -334.8   359.1   3540.6
89   9   -332.0   199.4   3544.6
89   10   -412.5   131.7   3535.6
89   11   -414.7   -216.6   3548.0
89   12   -367.9   -529.1   3589.7
89   13   -248.5   135.0   3547.2
89   14   -265.6   -212.7   3567.2
89   15   -300.5   -527.9   3601.0
89   16   -368.6   402.0   3241.6
89   17   -239.4   406.4   3274.5
89   18   -331.2   614.7   3460.4
90   0   -335.9   708.6   3472.9
90   1   -331.8   551.8   3480.5
90   2   -453.1   535.4   3458.0
90   3   -518.3   343.7   3380.0
90   4   -436.3   351.6   3183.7
90   5   -208.6   539.6   3487.1
90   6   -104.5   356.1   3437.5
90   7   -175.0   371.1   3230.7
90   8   -334.8   359.3   3540.5
90   9   -331.8   199.6   3544.6
90   10   -411.9   132.2   3535.5
90   11   -416.0   -216.7   3546.9
90   12   -368.0   -530.4   3588.3
90   13   -248.3   135.7   3546.8
90   14   -265.5   -212.4   3566.3
90   15   -299.1   -529.0   3599.9
90   16   -449.8   350.4   3216.4
90   17   -163.4   368.7   3265.1
90   18   -330.9   614.7   3460.9
91   0   -335.9   708.7   3472.9
91   1   -331.6   551.7   3481.3
91   2   -452.9   535.5   3467.9
91   3   -539.5   353.9   3389.2
91   4   -551.3   304.0   3182.4
91   5   -208.3   539.7   3489.4
91   6   -89.5   362.2   3456.9
91   7   -60.6   312.7   3255.4
91   8   -334.7   359.4   3540.5
91   9   -331.5   199.7   3544.6
91   10   -411.4   132.8   3535.4
91   11   -416.0   -216.5   3546.4
91   12   -368.5   -531.2   3587.8
91   13   -248.5   135.9   3546.4
91   14   -265.4   -212.7   3565.9
91   15   -298.9   -530.1   3600.2
91   16   -549.3   312.3   3216.8
91   17   -65.4   320.9   3289.0
91   18   -330.6   614.7   3461.9
92   0   -335.9   708.8   3472.8
92   1   -331.3   551.6   3482.4
92   2   -452.8   535.6   3472.1
92   3   -557.5   365.2   3391.4
92   4   -666.4   275.5   3229.9
92   5   -207.3   539.6   3487.9
92   6   -78.2   368.5   3460.2
92   7   39.1   269.9   3313.8
92   8   -334.5   359.5   3540.5
92   9   -331.2   199.8   3544.6
92   10   -411.2   133.9   3535.2
92   11   -415.4   -215.8   3546.2
92   12   -369.3   -531.3   3587.9
92   13   -248.7   136.0   3545.8
92   14   -265.3   -212.9   3565.8
92   15   -298.9   -530.7   3601.1
92   16   -648.4   290.3   3256.8
92   17   19.7   286.2   3338.2
92   18   -330.2   614.7   3463.3
93   0   -335.9   708.9   3472.5
93   1   -331.0   551.5   3483.3
93   2   -452.6   535.6   3473.2
93   3   -573.3   378.8   3389.4
93   4   -742.7   274.8   3276.6
93   5   -206.1   539.5   3483.7
93   6   -65.7   377.6   3463.2
93   7   106.2   257.9   3377.8
93   8   -334.4   359.6   3540.5
93   9   -330.9   199.9   3544.6
93   10   -411.0   135.2   3534.7
93   11   -414.3   -214.7   3546.1
93   12   -370.3   -530.8   3587.9
93   13   -248.8   136.1   3544.9
93   14   -265.0   -213.0   3565.8
93   15   -298.9   -531.1   3601.9
93   16   -714.6   292.1   3295.4
93   17   77.7   277.8   3392.0
93   18   -329.9   614.7   3464.4
94   0   -336.0   709.0   3470.5
94   1   -330.7   551.5   3483.7
94   2   -452.5   535.7   3471.0
94   3   -590.7   392.1   3390.4
94   4   -786.0   280.3   3310.1
94   5   -204.9   539.6   3478.8
94   6   -52.0   389.3   3481.9
94   7   137.1   254.2   3427.3
94   8   -334.3   359.9   3540.4
94   9   -330.6   200.2   3544.6
94   10   -411.1   137.1   3533.9
94   11   -403.1   -212.4   3553.7
94   12   -370.9   -530.7   3589.0
94   13   -248.8   136.3   3543.9
94   14   -264.9   -213.0   3565.8
94   15   -299.6   -531.0   3603.2
94   16   -753.5   298.9   3323.5
94   17   105.5   276.8   3436.4
94   18   -329.5   614.7   3465.0
95   0   -335.9   709.0   3466.2
95   1   -330.4   551.5   3483.8
95   2   -452.4   535.8   3466.9
95   3   -598.8   397.0   3389.8
95   4   -807.5   287.2   3332.7
95   5   -203.7   539.9   3475.3
95   6   -45.7   395.5   3498.1
95   7   151.2   259.0   3456.6
95   8   -334.2   360.1   3540.3
95   9   -330.3   200.5   3544.5
95   10   -410.8   138.1   3533.1
95   11   -396.7   -211.6   3558.2
95   12   -371.0   -530.4   3590.5
95   13   -248.9   136.5   3542.9
95   14   -264.8   -213.4   3565.6
95   15   -299.1   -531.0   3603.3
95   16   -772.7   305.5   3342.2
95   17   118.3   281.8   3463.5
95   18   -329.1   614.8   3465.1
96   0   -335.9   708.8   3460.7
96   1   -330.1   551.5   3483.8
96   2   -452.5   535.9   3463.3
96   3   -602.6   398.1   3389.4
96   4   -815.7   291.3   3343.4
96   5   -202.3   540.8   3474.1
96   6   -44.1   396.1   3504.1
96   7   153.6   260.0   3467.0
96   8   -334.1   360.4   3540.3
96   9   -330.3   199.0   3544.5
96   10   -410.5   138.7   3532.2
96   11   -403.7   -209.2   3552.0
96   12   -371.7   -525.4   3589.3
96   13   -249.2   136.7   3542.5
96   14   -264.4   -210.9   3565.2
96   15   -298.4   -527.2   3602.1
96   16   -780.2   309.1   3351.1
96   17   120.6   282.7   3473.2
96   18   -328.8   614.8   3465.0
97   0   -335.9   708.4   3454.1
97   1   -329.8   551.5   3483.6
97   2   -452.7   535.9   3459.7
97   3   -604.3   397.3   3389.3
97   4   -816.0   293.3   3344.8
97   5   -200.8   541.7   3474.3
97   6   -45.0   393.7   3505.5
97   7   151.8   261.2   3470.4
97   8   -334.0   360.6   3540.2
97   9   -330.3   197.0   3544.6
97   10   -410.3   139.0   3531.2
97   11   -408.4   -208.1   3548.7
97   12   -371.9   -523.4   3587.1
97   13   -249.6   137.0   3542.4
97   14   -264.3   -209.6   3565.0
97   15   -298.6   -525.4   3602.4
97   16   -780.7   310.7   3352.2
97   17   119.0   283.3   3476.2
97   18   -328.4   614.8   3464.9
98   0   -335.8   708.0   3449.2
98   1   -329.5   551.6   3483.5
98   2   -453.0   535.9   3458.9
98   3   -604.7   396.1   3389.7
98   4   -814.2   293.0   3343.7
98   5   -199.7   541.9   3475.5
98   6   -45.9   391.2   3506.5
98   7   150.1   261.6   3469.4
98   8   -334.1   360.8   3540.1
98   9   -330.6   195.1   3544.5
98   10   -410.2   139.1   3529.7
98   11   -411.3   -207.0   3547.1
98   12   -372.1   -522.9   3586.1
98   13   -250.0   137.2   3542.4
98   14   -264.2   -208.3   3564.9
98   15   -299.2   -524.8   3603.9
98   16   -779.2   310.2   3351.4
98   17   117.4   283.2   3475.5
98   18   -328.0   614.8   3464.7
99   0   -335.8   707.8   3446.1
99   1   -329.3   551.6   3483.3
99   2   -453.3   535.9   3458.4
99   3   -604.6   394.8   3390.2
99   4   -810.5   291.5   3341.4
99   5   -199.0   541.8   3477.9
99   6   -46.6   388.8   3506.7
99   7   147.9   262.5   3466.9
99   8   -334.3   360.9   3540.1
99   9   -330.9   193.4   3544.3
99   10   -410.1   139.2   3527.9
99   11   -412.6   -207.2   3546.1
99   12   -372.1   -523.0   3585.9
99   13   -250.4   137.4   3542.4
99   14   -264.2   -208.5   3564.9
99   15   -300.0   -524.6   3606.8
99   16   -776.2   308.7   3349.5
99   17   115.5   283.6   3473.6
99   18   -327.6   614.8   3464.5
100   0   -335.7   707.7   3444.2
100   1   -329.1   551.7   3483.2
100   2   -453.6   535.9   3458.0
100   3   -604.5   393.6   3391.0
100   4   -807.7   288.1   3338.9
100   5   -198.6   541.6   3481.2
100   6   -47.4   386.5   3506.2
100   7   146.6   262.0   3462.5
100   8   -334.6   361.0   3540.0
100   9   -331.2   192.2   3543.6
100   10   -410.1   139.3   3525.6
100   11   -413.1   -208.5   3545.6
100   12   -372.2   -523.5   3585.7
100   13   -250.8   137.5   3542.2
100   14   -264.3   -209.9   3565.0
100   15   -301.4   -524.5   3610.8
100   16   -773.8   305.7   3347.6
100   17   114.3   282.7   3469.8
100   18   -327.3   614.9   3464.3
101   0   -335.7   707.7   3443.1
101   1   -328.9   551.6   3482.7
101   2   -453.8   535.9   3458.0
101   3   -604.4   392.7   3391.5
101   4   -806.3   285.7   3336.5
101   5   -198.3   541.3   3483.5
101   6   -48.1   384.6   3505.5
101   7   146.6   262.7   3455.9
101   8   -334.9   360.7   3538.4
101   9   -331.5   190.8   3541.6
101   10   -410.4   139.2   3523.4
101   11   -413.3   -209.6   3545.6
101   12   -372.3   -524.1   3585.8
101   13   -251.2   137.5   3541.9
101   14   -264.4   -211.0   3565.0
101   15   -301.3   -524.8   3613.5
101   16   -772.6   303.5   3345.6
101   17   114.1   283.0   3464.2
101   18   -327.0   614.9   3464.2
102   0   -335.7   707.9   3442.4
102   1   -328.8   551.5   3481.8
102   2   -454.0   536.1   3458.0
102   3   -604.2   392.2   3391.7
102   4   -804.9   285.2   3334.8
102   5   -198.0   541.1   3485.8
102   6   -47.9   383.5   3504.3
102   7   145.6   263.9   3447.9
102   8   -335.3   360.2   3535.5
102   9   -331.9   189.4   3538.4
102   10   -410.9   139.0   3521.6
102   11   -413.3   -210.0   3545.9
102   12   -372.6   -524.8   3586.1
102   13   -251.6   137.6   3541.5
102   14   -264.6   -211.2   3565.0
102   15   -303.2   -523.9   3620.7
102   16   -771.5   303.1   3344.3
102   17   113.3   283.9   3457.3
102   18   -326.6   615.0   3464.0
103   0   -335.7   708.1   3442.4
103   1   -328.6   551.4   3481.1
103   2   -454.2   536.4   3458.2
103   3   -604.0   391.9   3391.7
103   4   -803.5   285.9   3332.4
103   5   -197.5   540.8   3486.6
103   6   -47.3   383.0   3502.9
103   7   144.8   265.5   3440.9
103   8   -335.6   359.8   3532.9
103   9   -332.2   188.5   3535.9
103   10   -411.6   138.7   3521.3
103   11   -413.2   -210.8   3545.8
103   12   -372.7   -525.6   3586.2
103   13   -252.0   137.6   3541.1
103   14   -264.6   -211.7   3565.1
103   15   -301.8   -524.5   3620.5
103   16   -770.3   303.6   3342.2
103   17   112.8   285.1   3451.3
103   18   -326.2   615.0   3463.9
104   0   -335.6   708.3   3442.8
104   1   -328.3   551.3   3480.5
104   2   -454.3   536.9   3458.5
104   3   -603.6   391.7   3391.7
104   4   -802.0   287.0   3329.4
104   5   -197.0   540.5   3486.6
104   6   -46.3   382.9   3502.2
104   7   146.3   267.3   3440.7
104   8   -335.9   359.6   3530.9
104   9   -332.5   187.8   3533.7
104   10   -412.3   138.6   3521.1
104   11   -413.2   -210.4   3546.1
104   12   -372.7   -526.1   3586.4
104   13   -252.3   137.7   3540.5
104   14   -264.6   -211.1   3565.1
104   15   -300.0   -525.4   3618.3
104   16   -768.9   304.5   3339.8
104   17   114.2   286.6   3451.0
104   18   -325.8   615.1   3463.8
105   0   -335.6   708.5   3443.4
105   1   -328.0   551.3   3480.1
105   2   -454.4   537.4   3458.8
105   3   -603.0   391.6   3391.6
105   4   -801.1   288.1   3328.1
105   5   -196.5   540.2   3486.2
105   6   -45.6   382.6   3502.0
105   7   147.9   269.4   3440.8
105   8   -336.0   359.5   3529.1
105   9   -332.8   187.4   3532.0
105   10   -412.9   138.4   3520.8
105   11   -403.4   -210.8   3550.3
105   12   -372.4   -528.4   3586.8
105   13   -252.6   137.7   3539.8
105   14   -264.7   -211.9   3565.2
105   15   -299.6   -527.0   3617.4
105   16   -768.1   305.4   3338.7
105   17   115.6   288.2   3451.0
105   18   -325.4   615.2   3463.7
106   0   -335.6   708.7   3444.2
106   1   -327.8   551.4   3479.8
106   2   -454.5   537.9   3459.1
106   3   -602.7   391.8   3391.6
106   4   -800.5   288.8   3327.5
106   5   -196.1   540.0   3485.9
106   6   -45.1   382.4   3501.9
106   7   149.5   271.7   3441.1
106   8   -336.1   359.6   3528.3
106   9   -333.2   187.2   3530.9
106   10   -413.4   138.2   3520.5
106   11   -407.9   -212.5   3548.1
106   12   -372.3   -529.8   3587.0
106   13   -252.8   137.7   3538.8
106   14   -264.8   -213.1   3565.3
106   15   -299.8   -528.7   3617.1
106   16   -767.5   306.0   3338.2
106   17   117.1   290.1   3451.2
106   18   -325.0   615.3   3463.7
107   0   -335.5   708.9   3445.0
107   1   -327.5   551.4   3479.6
107   2   -454.5   538.4   3459.5
107   3   -602.6   392.2   3391.6
107   4   -800.1   288.7   3327.4
107   5   -195.7   539.8   3485.7
107   6   -44.8   382.2   3501.9
107   7   151.5   273.9   3442.0
107   8   -336.1   359.8   3527.9
107   9   -333.4   187.2   3530.5
107   10   -413.8   138.1   3520.4
107   11   -410.7   -214.1   3546.4
107   12   -372.0   -531.5   3587.1
107   13   -252.9   137.7   3538.4
107   14   -264.9   -214.3   3565.5
107   15   -301.3   -530.1   3618.5
107   16   -767.2   306.0   3338.1
107   17   118.8   291.9   3452.0
107   18   -324.6   615.4   3463.5
108   0   -335.5   709.1   3445.8
108   1   -327.3   551.6   3479.5
108   2   -454.6   538.9   3460.0
108   3   -602.5   392.7   3391.6
108   4   -799.8   288.2   3327.6
108   5   -195.5   539.6   3485.7
108   6   -44.5   382.0   3502.0
108   7   152.8   274.9   3442.6
108   8   -336.1   360.2   3527.8
108   9   -333.8   187.3   3530.3
108   10   -414.3   137.9   3520.5
108   11   -412.2   -215.4   3545.0
108   12   -371.8   -533.0   3587.2
108   13   -253.0   137.8   3538.3
108   14   -264.9   -215.2   3565.5
108   15   -302.3   -531.2   3620.6
108   16   -766.9   305.7   3338.3
108   17   119.9   292.8   3452.5
108   18   -324.4   615.5   3463.4
109   0   -335.4   709.3   3446.7
109   1   -327.2   551.8   3479.5
109   2   -454.7   539.4   3460.5
109   3   -602.3   393.1   3391.6
109   4   -799.5   287.6   3327.8
109   5   -195.4   539.6   3485.6
109   6   -44.4   382.0   3502.0
109   7   153.7   275.6   3442.5
109   8   -336.1   360.5   3527.9
109   9   -334.0   187.6   3530.4
109   10   -414.8   138.1   3520.6
109   11   -412.9   -216.2   3543.9
109   12   -371.8   -534.1   3587.3
109   13   -252.9   138.0   3538.2
109   14   -265.0   -215.7   3565.5
109   15   -302.8   -531.9   3622.4
109   16   -766.6   305.2   3338.4
109   17   120.7   293.4   3452.4
109   18   -324.2   615.7   3463.3
110   0   -335.4   709.5   3447.6
110   1   -327.1   552.0   3479.4
110   2   -454.8   539.8   3460.9
110   3   -602.1   393.4   3391.7
110   4   -799.4   287.3   3327.9
110   5   -195.4   539.6   3485.6
110   6   -44.3   382.0   3502.0
110   7   154.3   276.3   3442.1
110   8   -336.1   360.9   3528.0
110   9   -334.1   187.9   3530.5
110   10   -415.1   138.3   3520.9
110   11   -413.2   -216.5   3542.5
110   12   -371.8   -534.7   3587.4
110   13   -252.8   138.2   3538.3
110   14   -265.0   -216.0   3565.4
110   15   -302.5   -532.8   3622.0
110   16   -766.5   305.0   3338.5
110   17   121.2   293.9   3452.1
110   18   -324.1   615.9   3463.2
111   0   -335.4   709.6   3448.1
111   1   -327.1   552.3   3479.4
111   2   -455.0   540.2   3461.4
111   3   -602.0   393.5   3391.7
111   4   -799.4   287.1   3327.9
111   5   -195.5   539.6   3485.6
111   6   -44.2   382.1   3502.0
111   7   155.0   276.8   3442.1
111   8   -336.0   361.3   3528.1
111   9   -334.1   188.2   3530.6
111   10   -415.5   138.7   3521.2
111   11   -413.2   -216.5   3541.0
111   12   -371.8   -534.9   3587.5
111   13   -252.5   138.6   3538.3
111   14   -265.0   -215.8   3565.3
111   15   -301.7   -533.4   3620.5
111   16   -766.5   304.9   3338.5
111   17   121.8   294.4   3452.0
111   18   -324.1   616.2   3463.1
112   0   -335.3   709.7   3448.6
112   1   -327.1   552.5   3479.4
112   2   -455.2   540.5   3461.8
112   3   -601.8   393.7   3391.8
112   4   -799.4   287.1   3328.0
112   5   -195.5   539.6   3485.6
112   6   -44.2   382.2   3501.9
112   7   155.5   277.3   3441.9
112   8   -336.0   361.7   3528.2
112   9   -334.1   188.6   3530.7
112   10   -415.8   139.2   3521.6
112   11   -413.2   -216.0   3539.8
112   12   -371.8   -534.4   3588.5
112   13   -252.3   139.1   3538.4
112   14   -265.1   -215.3   3565.0
112   15   -302.8   -532.6   3623.2
112   16   -766.5   304.8   3338.6
112   17   122.2   294.8   3451.9
112   18   -324.1   616.4   3463.0
113   0   -335.2   709.7   3448.9
113   1   -327.1   552.8   3479.3
113   2   -455.3   540.7   3462.2
113   3   -601.7   393.8   3391.8
113   4   -799.4   287.0   3328.1
113   5   -195.6   539.7   3485.6
113   6   -44.1   382.3   3501.9
113   7   155.8   277.7   3441.8
113   8   -336.0   362.1   3528.4
113   9   -334.1   189.0   3530.8
113   10   -416.0   139.4   3522.0
113   11   -413.2   -215.5   3538.7
113   12   -371.6   -533.2   3591.5
113   13   -252.0   139.4   3538.4
113   14   -265.1   -214.7   3564.7
113   15   -305.0   -530.3   3629.5
113   16   -766.4   304.8   3338.7
113   17   122.5   295.2   3451.8
113   18   -324.2   616.6   3462.9
114   0   -335.2   709.7   3449.2
114   1   -327.1   553.0   3479.3
114   2   -455.6   541.1   3462.7
114   3   -601.4   393.9   3391.8
114   4   -799.1   287.2   3328.1
114   5   -195.6   539.7   3485.6
114   6   -44.0   382.4   3501.8
114   7   156.1   278.2   3441.5
114   8   -335.9   362.5   3528.6
114   9   -334.1   189.4   3530.8
114   10   -416.1   139.5   3522.5
114   11   -413.2   -215.1   3540.0
114   12   -371.5   -531.5   3596.7
114   13   -251.9   139.5   3538.4
114   14   -265.1   -214.3   3564.5
114   15   -303.5   -529.2   3630.7
114   16   -766.2   305.0   3338.8
114   17   122.7   295.6   3451.6
114   18   -324.2   616.8   3462.8
115   0   -335.1   709.7   3449.3
115   1   -327.1   553.3   3479.3
115   2   -455.7   541.3   3463.0
115   3   -601.2   393.9   3391.8
115   4   -799.0   287.3   3328.2
115   5   -195.6   539.7   3485.6
115   6   -43.9   382.6   3501.7
115   7   156.3   278.9   3441.2
115   8   -335.9   362.8   3528.8
115   9   -334.1   189.8   3530.9
115   10   -416.2   139.4   3523.1
115   11   -413.2   -214.9   3540.7
115   12   -371.7   -528.8   3603.8
115   13   -251.8   139.5   3538.4
115   14   -265.1   -214.1   3564.4
115   15   -303.5   -527.2   3632.8
115   16   -766.0   305.1   3338.8
115   17   122.9   296.2   3451.3
115   18   -324.2   617.1   3462.7
116   0   -335.0   709.7   3449.3
116   1   -327.1   553.5   3479.2
116   2   -455.7   541.3   3463.0
116   3   -601.2   393.9   3391.8
116   4   -798.8   287.4   3328.2
116   5   -195.7   539.8   3485.5
116   6   -43.8   382.7   3501.5
116   7   156.6   279.5   3440.9
116   8   -335.9   363.2   3529.0
116   9   -334.1   190.2   3531.1
116   10   -416.3   139.3   3524.1
116   11   -413.3   -214.8   3541.3
116   12   -372.3   -526.7   3606.7
116   13   -251.7   139.4   3538.5
116   14   -265.1   -213.9   3564.5
116   15   -301.6   -526.3   3630.4
116   16   -765.9   305.2   3338.8
116   17   123.2   296.7   3451.0
116   18   -324.2   617.3   3462.5
117   0   -334.7   709.9   3449.4
117   1   -327.1   553.9   3479.6
117   2   -455.7   541.4   3464.4
117   3   -600.7   394.1   3391.9
117   4   -798.3   287.7   3328.3
117   5   -195.5   540.2   3485.6
117   6   -43.7   383.0   3501.2
117   7   156.7   280.4   3440.1
117   8   -335.7   363.9   3530.7
117   9   -334.0   190.9   3532.3
117   10   -416.3   139.3   3525.1
117   11   -413.3   -214.7   3541.6
117   12   -373.3   -525.5   3606.5
117   13   -251.6   139.4   3538.7
117   14   -265.1   -213.7   3564.7
117   15   -301.3   -524.9   3629.9
117   16   -765.4   305.5   3338.9
117   17   123.3   297.5   3450.3
117   18   -324.2   617.5   3462.4
118   0   -334.2   710.1   3449.4
118   1   -327.0   554.2   3479.9
118   2   -455.7   541.5   3464.6
118   3   -600.6   394.2   3391.9
118   4   -798.2   287.9   3328.2
118   5   -195.4   540.4   3485.5
118   6   -43.5   383.2   3500.8
118   7   156.6   280.7   3439.0
118   8   -335.4   364.6   3532.4
118   9   -333.9   191.6   3533.4
118   10   -416.2   139.4   3525.5
118   11   -413.3   -214.5   3541.9
118   12   -373.8   -524.2   3606.0
118   13   -251.4   139.4   3538.7
118   14   -265.1   -213.7   3564.7
118   15   -301.6   -523.5   3630.2
118   16   -765.2   305.6   3338.9
118   17   123.2   297.8   3449.3
118   18   -324.2   617.8   3462.4
119   0   -333.7   710.5   3449.4
119   1   -326.9   554.5   3480.3
119   2   -455.8   541.7   3464.7
119   3   -600.5   394.3   3391.9
119   4   -798.0   288.1   3328.1
119   5   -195.3   540.6   3485.5
119   6   -43.3   383.5   3500.4
119   7   156.3   280.9   3437.5
119   8   -335.1   365.1   3533.9
119   9   -333.8   192.2   3534.5
119   10   -416.0   139.5   3525.6
119   11   -413.3   -214.4   3542.0
119   12   -374.1   -523.2   3605.2
119   13   -251.2   139.4   3538.8
119   14   -265.1   -213.6   3564.8
119   15   -302.7   -522.0   3631.0
119   16   -765.1   305.8   3338.8
119   17   123.1   298.0   3448.0
119   18   -324.2   618.0   3462.3
120   0   -333.1   710.8   3449.4
120   1   -326.9   554.8   3480.5
120   2   -455.9   541.9   3464.9
120   3   -600.4   394.3   3392.0
120   4   -797.9   288.3   3328.0
120   5   -195.3   540.6   3485.5
120   6   -43.1   383.8   3500.1
120   7   156.0   281.0   3435.9
120   8   -334.8   365.5   3534.8
120   9   -333.7   192.6   3535.4
120   10   -415.9   139.6   3525.5
120   11   -413.3   -214.2   3541.9
120   12   -374.2   -522.2   3604.6
120   13   -251.1   139.4   3538.8
120   14   -265.1   -213.5   3564.8
120   15   -302.7   -521.3   3629.6
120   16   -765.0   305.9   3338.6
120   17   122.8   298.1   3446.6
120   18   -324.2   618.2   3462.3
121   0   -332.6   711.1   3449.4
121   1   -326.8   555.1   3480.6
121   2   -456.0   542.2   3464.9
121   3   -600.4   394.4   3392.0
121   4   -797.8   288.5   3327.7
121   5   -195.3   540.7   3485.5
121   6   -42.8   384.0   3499.4
121   7   155.8   280.9   3434.3
121   8   -334.5   365.7   3535.4
121   9   -333.7   192.8   3536.1
121   10   -415.7   139.7   3525.5
121   11   -413.3   -214.1   3541.9
121   12   -374.3   -521.5   3604.2
121   13   -251.0   139.5   3538.8
121   14   -265.1   -213.5   3564.7
121   15   -302.6   -520.6   3629.0
121   16   -764.9   306.1   3338.4
121   17   122.7   298.1   3445.1
121   18   -324.2   618.4   3462.3
122   0   -332.0   711.4   3449.3
122   1   -326.7   555.3   3480.6
122   2   -456.1   542.2   3464.8
122   3   -600.4   394.3   3391.9
122   4   -797.9   288.8   3327.5
122   5   -195.2   540.8   3485.5
122   6   -42.5   384.2   3498.7
122   7   155.6   280.9   3432.4
122   8   -334.1   365.7   3535.6
122   9   -333.6   192.9   3536.6
122   10   -415.7   139.8   3525.5
122   11   -413.3   -214.0   3541.9
122   12   -374.4   -520.8   3604.2
122   13   -250.8   139.6   3538.8
122   14   -265.1   -213.4   3564.6
122   15   -302.4   -519.7   3630.1
122   16   -765.0   306.4   3338.2
122   17   122.6   298.2   3443.5
122   18   -324.2   618.7   3462.3
123   0   -331.5   711.7   3449.3
123   1   -326.6   555.6   3480.6
123   2   -456.1   542.2   3464.7
123   3   -600.4   394.3   3391.8
123   4   -798.0   289.3   3327.0
123   5   -195.1   540.9   3485.4
123   6   -42.2   384.5   3497.9
123   7   155.3   280.9   3430.7
123   8   -333.8   365.9   3535.6
123   9   -333.5   193.1   3537.2
123   10   -415.6   139.9   3525.5
123   11   -413.3   -213.9   3541.9
123   12   -374.5   -520.2   3604.1
123   13   -250.7   139.6   3538.9
123   14   -265.1   -213.3   3564.6
123   15   -302.3   -519.0   3630.6
123   16   -765.0   306.8   3337.8
123   17   122.4   298.2   3441.9
123   18   -324.2   619.0   3462.3
124   0   -331.0   711.9   3449.3
124   1   -326.5   555.9   3480.6
124   2   -456.0   542.1   3464.6
124   3   -600.4   394.4   3391.7
124   4   -798.0   290.0   3326.1
124   5   -195.1   540.9   3485.4
124   6   -41.9   384.8   3497.1
124   7   154.9   281.0   3428.2
124   8   -333.5   366.0   3535.6
124   9   -333.4   193.3   3537.8
124   10   -415.5   140.0   3525.5
124   11   -413.4   -213.8   3541.9
124   12   -374.6   -519.8   3603.7
124   13   -250.6   139.7   3539.1
124   14   -265.1   -213.2   3564.6
124   15   -302.2   -518.4   3630.8
124   16   -765.1   307.4   3337.1
124   17   122.1   298.3   3439.7
124   18   -324.2   619.3   3462.3
125   0   -330.6   712.2   3449.2
125   1   -326.4   556.3   3480.6
125   2   -455.9   542.1   3464.6
125   3   -600.4   394.4   3391.5
125   4   -798.0   290.8   3325.1
125   5   -195.1   541.0   3485.4
125   6   -41.4   385.2   3496.3
125   7   155.0   280.8   3427.5
125   8   -333.2   366.2   3535.6
125   9   -333.4   193.6   3538.5
125   10   -415.5   140.0   3525.6
125   11   -413.4   -213.8   3542.0
125   12   -374.8   -519.7   3601.9
125   13   -250.4   139.8   3539.3
125   14   -265.1   -213.1   3564.6
125   15   -301.6   -518.1   3629.8
125   16   -765.1   308.1   3336.2
125   17   122.2   298.2   3439.0
125   18   -324.2   619.7   3462.3
126   0   -330.3   712.3   3449.2
126   1   -326.4   556.7   3480.6
126   2   -455.9   542.1   3464.6
126   3   -600.4   394.5   3391.3
126   4   -798.0   291.9   3323.9
126   5   -195.1   541.0   3485.4
126   6   -40.8   385.8   3495.6
126   7   155.2   280.6   3427.4
126   8   -332.9   366.4   3535.5
126   9   -333.3   193.8   3539.3
126   10   -415.4   140.0   3525.8
126   11   -413.4   -213.7   3542.0
126   12   -375.1   -519.9   3597.8
126   13   -250.1   139.9   3539.7
126   14   -265.1   -213.0   3564.5
126   15   -301.0   -517.8   3628.6
126   16   -765.0   309.0   3335.1
126   17   122.5   298.1   3438.8
126   18   -324.2   620.0   3462.3
127   0   -330.1   712.5   3449.2
127   1   -326.3   557.0   3480.6
127   2   -455.9   542.1   3464.6
127   3   -600.4   394.6   3391.1
127   4   -798.0   293.1   3322.7
127   5   -195.2   541.0   3485.4
127   6   -40.3   386.3   3495.4
127   7   155.3   280.5   3427.5
127   8   -332.8   366.6   3535.4
127   9   -333.2   194.1   3539.9
127   10   -415.4   140.0   3525.9
127   11   -413.4   -213.7   3542.0
127   12   -375.3   -519.8   3595.7
127   13   -249.8   140.0   3540.1
127   14   -265.1   -212.9   3564.4
127   15   -300.3   -517.5   3627.5
127   16   -765.0   310.0   3334.1
127   17   122.7   298.1   3438.8
127   18   -324.2   620.4   3462.3
128   0   -330.0   712.5   3449.2
128   1   -326.3   557.3   3480.5
128   2   -456.0   542.1   3464.6
128   3   -600.4   394.7   3390.9
128   4   -798.2   294.2   3322.1
128   5   -195.1   541.0   3485.4
128   6   -39.9   386.7   3495.3
128   7   155.3   280.5   3427.5
128   8   -332.6   366.7   3535.4
128   9   -333.1   194.2   3540.1
128   10   -415.5   140.0   3525.9
128   11   -413.4   -213.6   3542.1
128   12   -375.4   -519.6   3595.1
128   13   -249.5   140.0   3540.5
128   14   -265.1   -212.9   3564.2
128   15   -300.3   -517.0   3628.5
128   16   -765.2   310.9   3333.5
128   17   122.8   298.2   3438.8
128   18   -324.2   620.7   3462.3
129   0   -329.8   712.5   3449.2
129   1   -326.3   557.5   3480.5
129   2   -456.0   542.1   3464.6
129   3   -600.4   394.7   3390.6
129   4   -798.6   295.5   3321.7
129   5   -195.1   540.9   3485.4
129   6   -39.5   386.9   3495.2
129   7   155.4   280.5   3427.5
129   8   -332.5   366.8   3535.4
129   9   -333.0   194.4   3540.2
129   10   -415.5   140.0   3525.9
129   11   -413.4   -213.4   3542.1
129   12   -375.5   -519.3   3594.8
129   13   -249.3   139.9   3540.7
129   14   -265.1   -212.8   3563.8
129   15   -300.3   -516.6   3629.0
129   16   -765.6   312.0   3333.2
129   17   122.9   298.2   3438.8
129   18   -324.2   620.9   3462.3
130   0   -329.7   712.4   3449.2
130   1   -326.3   557.7   3480.5
130   2   -456.1   542.1   3464.6
130   3   -600.4   394.8   3390.2
130   4   -799.2   296.8   3321.5
130   5   -195.0   540.9   3485.4
130   6   -39.2   387.1   3495.2
130   7   155.5   280.6   3427.3
130   8   -332.5   366.8   3535.4
130   9   -332.9   194.5   3540.2
130   10   -415.6   140.1   3525.9
130   11   -413.4   -213.2   3542.1
130   12   -375.5   -519.1   3594.6
130   13   -249.1   139.9   3540.8
130   14   -265.1   -212.7   3563.5
130   15   -299.7   -516.6   3628.1
130   16   -766.0   313.1   3332.9
130   17   123.0   298.3   3438.6
130   18   -324.2   621.1   3462.3
131   0   -329.6   712.3   3449.2
131   1   -326.2   557.8   3480.5
131   2   -456.1   542.0   3464.6
131   3   -600.3   394.9   3389.8
131   4   -799.4   297.4   3321.2
131   5   -195.0   540.9   3485.4
131   6   -38.9   387.3   3495.1
131   7   155.7   280.6   3427.2
131   8   -332.5   366.9   3535.3
131   9   -332.8   194.6   3540.1
131   10   -415.6   140.1   3526.0
131   11   -413.4   -213.0   3542.4
131   12   -375.4   -518.9   3594.3
131   13   -248.9   139.8   3540.8
131   14   -265.1   -212.6   3563.1
131   15   -298.4   -517.0   3625.8
131   16   -766.2   313.6   3332.7
131   17   123.2   298.4   3438.5
131   18   -324.2   621.2   3462.3
132   0   -329.5   712.3   3449.2
132   1   -326.2   558.0   3480.5
132   2   -456.2   542.0   3464.5
132   3   -600.3   395.0   3389.3
132   4   -799.5   297.7   3321.1
132   5   -194.9   540.8   3485.3
132   6   -38.7   387.4   3494.9
132   7   155.9   280.8   3427.1
132   8   -332.5   367.0   3535.3
132   9   -332.7   194.7   3540.1
132   10   -415.6   140.1   3526.0
132   11   -413.4   -212.9   3542.8
132   12   -375.3   -518.7   3594.2
132   13   -248.7   139.9   3540.8
132   14   -265.1   -212.5   3563.3
132   15   -297.4   -517.4   3623.2
132   16   -766.3   313.9   3332.4
132   17   123.5   298.6   3438.4
132   18   -324.2   621.4   3462.3
133   0   -329.5   712.2   3449.2
133   1   -326.2   558.1   3480.5
133   2   -456.2   542.0   3464.5
133   3   -600.3   395.1   3388.9
133   4   -799.5   297.9   3320.7
133   5   -194.9   540.8   3485.3
133   6   -38.6   387.4   3494.7
133   7   156.1   281.2   3426.9
133   8   -332.5   367.1   3535.3
133   9   -332.6   194.8   3540.1
133   10   -415.6   140.2   3526.0
133   11   -413.4   -212.8   3543.3
133   12   -375.1   -518.5   3594.8
133   13   -248.6   140.0   3540.8
133   14   -265.1   -212.3   3563.5
133   15   -297.8   -517.2   3623.2
133   16   -766.3   314.1   3332.0
133   17   123.7   298.9   3438.2
133   18   -324.2   621.5   3462.3
134   0   -329.4   712.2   3449.2
134   1   -326.2   558.2   3480.5
134   2   -456.3   542.0   3464.5
134   3   -600.2   395.2   3388.4
134   4   -799.3   298.0   3320.2
134   5   -194.8   540.8   3485.3
134   6   -38.6   387.2   3494.4
134   7   156.3   281.7   3426.3
134   8   -332.5   367.2   3535.3
134   9   -332.6   194.9   3540.1
134   10   -415.6   140.2   3526.0
134   11   -413.4   -212.7   3543.5
134   12   -375.2   -518.5   3594.8
134   13   -248.4   140.1   3540.9
134   14   -265.1   -212.1   3563.8
134   15   -298.3   -517.1   3623.1
134   16   -766.2   314.2   3331.6
134   17   123.8   299.3   3437.6
134   18   -324.2   621.7   3462.3
135   0   -329.4   712.2   3449.2
135   1   -326.2   558.4   3480.5
135   2   -456.3   542.0   3464.5
135   3   -600.0   395.3   3387.6
135   4   -799.2   298.2   3319.7
135   5   -194.8   540.8   3485.3
135   6   -38.6   387.1   3494.1
135   7   156.3   282.2   3425.4
135   8   -332.5   367.3   3535.2
135   9   -332.7   195.0   3540.0
135   10   -415.7   140.2   3526.0
135   11   -413.4   -212.7   3543.5
135   12   -375.2   -518.4   3595.0
135   13   -248.4   140.4   3540.9
135   14   -265.1   -211.8   3563.9
135   15   -299.5   -516.1   3625.3
135   16   -766.0   314.4   3331.0
135   17   123.8   299.7   3436.9
135   18   -324.2   621.8   3462.3
136   0   -329.4   712.1   3449.1
136   1   -326.2   558.5   3480.4
136   2   -456.3   541.9   3464.2
136   3   -599.8   395.4   3386.5
136   4   -799.0   298.2   3318.5
136   5   -194.6   540.7   3484.2
136   6   -38.5   387.0   3494.0
136   7   156.2   282.8   3423.7
136   8   -332.3   367.3   3534.8
136   9   -332.8   195.0   3539.9
136   10   -415.8   140.2   3526.0
136   11   -413.4   -212.8   3543.6
136   12   -375.2   -518.1   3595.3
136   13   -248.4   140.5   3540.9
136   14   -265.1   -211.8   3563.9
136   15   -299.8   -515.4   3627.3
136   16   -765.8   314.4   3329.9
136   17   123.8   300.2   3435.4
136   18   -324.2   622.0   3462.3
137   0   -329.3   712.0   3448.9
137   1   -326.2   558.5   3480.2
137   2   -456.4   541.9   3464.0
137   3   -599.6   395.6   3385.4
137   4   -798.4   298.3   3316.4
137   5   -194.4   540.6   3482.8
137   6   -38.4   386.8   3493.9
137   7   155.9   283.5   3421.0
137   8   -332.2   367.3   3534.3
137   9   -332.8   195.0   3539.8
137   10   -415.9   140.2   3526.0
137   11   -413.4   -212.8   3543.6
137   12   -375.3   -518.0   3595.4
137   13   -248.3   140.5   3540.9
137   14   -265.1   -211.8   3564.0
137   15   -298.8   -515.5   3626.1
137   16   -765.3   314.5   3327.9
137   17   123.5   300.7   3433.1
137   18   -324.2   622.1   3462.3
138   0   -329.3   712.0   3448.8
138   1   -326.1   558.5   3480.1
138   2   -456.4   541.9   3463.9
138   3   -599.5   395.6   3385.0
138   4   -797.8   298.5   3313.8
138   5   -194.2   540.5   3481.4
138   6   -38.3   386.7   3493.7
138   7   155.5   284.0   3418.0
138   8   -332.1   367.2   3533.6
138   9   -332.8   194.9   3539.6
138   10   -415.9   140.2   3526.0
138   11   -413.3   -212.8   3543.7
138   12   -375.4   -518.0   3594.7
138   13   -248.3   140.5   3540.9
138   14   -265.1   -211.8   3564.0
138   15   -297.6   -516.1   3623.1
138   16   -764.7   314.7   3325.6
138   17   123.2   301.1   3430.6
138   18   -324.2   622.1   3462.2
139   0   -329.3   711.9   3448.5
139   1   -326.1   558.6   3480.0
139   2   -456.4   541.9   3463.8
139   3   -599.4   395.5   3384.8
139   4   -797.6   298.4   3312.5
139   5   -194.1   540.4   3480.6
139   6   -38.3   386.6   3493.5
139   7   155.0   284.7   3414.8
139   8   -332.0   367.3   3533.5
139   9   -332.8   195.0   3539.5
139   10   -416.0   140.2   3526.0
139   11   -413.3   -212.8   3543.8
139   12   -375.4   -518.0   3594.5
139   13   -248.3   140.5   3540.9
139   14   -265.1   -211.8   3564.0
139   15   -297.8   -516.2   3622.1
139   16   -764.6   314.6   3324.6
139   17   122.8   301.7   3427.9
139   18   -324.1   622.2   3462.2
140   0   -329.3   711.9   3448.3
140   1   -326.1   558.7   3480.1
140   2   -456.4   541.9   3463.8
140   3   -599.3   395.3   3384.7
140   4   -797.6   298.3   3311.8
140   5   -194.0   540.4   3479.8
140   6   -38.2   386.5   3493.1
140   7   154.9   284.9   3412.5
140   8   -331.9   367.5   3533.7
140   9   -332.7   195.1   3539.4
140   10   -416.0   140.2   3526.0
140   11   -413.2   -212.7   3544.0
140   12   -375.5   -517.9   3594.1
140   13   -248.3   140.5   3540.9
140   14   -265.0   -211.7   3564.0
140   15   -297.4   -516.7   3618.8
140   16   -764.5   314.4   3324.0
140   17   122.7   301.9   3426.0
140   18   -324.1   622.3   3462.2
