2   0   -342.4   697.2   3453.6
2   1   -338.7   538.2   3462.0
2   2   -479.8   516.4   3475.7
2   3   -474.1   355.4   3324.1
2   4   -334.9   553.7   3327.6
2   5   -196.8   525.2   3498.3
2   6   -198.8   372.0   3338.7
2   7   -357.7   548.1   3289.2
2   8   -343.1   349.3   3524.4
2   9   -343.3   187.8   3533.7
2   10   -438.7   96.5   3556.5
2   11   -394.6   -228.1   3512.6
2   12   -370.8   -527.0   3595.3
2   13   -251.9   96.5   3569.9
2   14   -297.5   -228.0   3526.5
2   15   -290.7   -522.9   3624.9
2   16   -358.1   520.7   3327.0
2   17   -331.2   518.8   3297.4
2   18   -337.2   601.5   3441.1
3   0   -341.9   699.8   3454.2
3   1   -338.5   541.4   3462.3
3   2   -478.8   516.9   3471.6
3   3   -475.0   352.2   3324.7
3   4   -337.4   551.3   3322.6
3   5   -196.7   526.5   3493.0
3   6   -194.3   367.0   3341.8
3   7   -350.6   543.3   3286.9
3   8   -341.9   353.0   3527.3
3   9   -342.2   191.1   3537.3
3   10   -436.1   103.0   3555.5
3   11   -397.6   -223.5   3519.9
3   12   -372.1   -523.6   3595.7
3   13   -251.5   102.9   3569.0
3   14   -293.2   -223.4   3533.9
3   15   -290.8   -519.9   3625.8
3   16   -360.3   518.1   3322.9
3   17   -324.6   513.9   3296.1
3   18   -337.3   604.3   3440.6
4   0   -340.5   707.9   3456.2
4   1   -337.8   551.3   3463.7
4   2   -475.9   521.3   3465.9
4   3   -477.7   349.2   3328.7
4   4   -341.5   545.2   3308.5
4   5   -198.3   532.6   3488.5
4   6   -184.7   362.1   3353.4
4   7   -335.8   533.5   3281.8
4   8   -338.3   365.1   3535.8
4   9   -338.9   202.6   3547.3
4   10   -427.2   120.7   3554.2
4   11   -402.7   -210.9   3534.1
4   12   -372.7   -513.5   3593.4
4   13   -253.8   118.7   3567.9
4   14   -285.6   -212.7   3547.0
4   15   -290.6   -512.8   3623.3
4   16   -364.2   512.5   3311.9
4   17   -310.6   504.9   3293.7
4   18   -337.6   613.3   3439.7
5   0   -338.8   717.9   3458.7
5   1   -336.9   564.2   3465.0
5   2   -471.4   526.7   3458.1
5   3   -480.4   346.5   3331.9
5   4   -345.8   540.5   3295.0
5   5   -200.7   539.3   3480.2
5   6   -174.2   354.9   3367.3
5   7   -318.4   521.9   3276.5
5   8   -333.7   380.1   3545.1
5   9   -334.9   217.5   3558.5
5   10   -416.6   139.9   3553.4
5   11   -408.1   -197.8   3544.4
5   12   -375.2   -502.7   3596.3
5   13   -257.1   135.5   3566.8
5   14   -278.4   -202.1   3559.9
5   15   -291.1   -505.6   3625.7
5   16   -368.2   508.2   3301.1
5   17   -294.3   494.1   3291.7
5   18   -337.9   625.2   3438.5
6   0   -337.5   725.0   3460.8
6   1   -336.3   572.6   3465.0
6   2   -468.2   531.2   3455.6
6   3   -481.5   347.8   3333.3
6   4   -346.5   539.9   3285.7
6   5   -202.8   543.9   3474.7
6   6   -167.9   351.9   3373.7
6   7   -309.6   516.8   3273.3
6   8   -330.8   387.9   3548.7
6   9   -332.1   225.4   3563.7
6   10   -411.5   149.1   3551.8
6   11   -411.5   -194.3   3550.6
6   12   -377.0   -500.7   3602.2
6   13   -257.2   142.8   3565.8
6   14   -274.2   -200.3   3567.2
6   15   -292.1   -506.7   3625.9
6   16   -369.0   507.9   3293.6
6   17   -285.9   489.3   3290.0
6   18   -338.1   633.3   3437.5
7   0   -336.7   726.6   3461.5
7   1   -336.1   575.2   3463.9
7   2   -466.7   533.1   3454.0
7   3   -482.2   348.9   3332.6
7   4   -346.1   540.1   3281.1
7   5   -203.6   545.7   3470.5
7   6   -164.7   349.3   3376.7
7   7   -304.9   513.8   3271.8
7   8   -329.8   389.4   3546.5
7   9   -330.7   227.3   3562.8
7   10   -412.0   147.3   3550.3
7   11   -413.2   -200.3   3554.3
7   12   -377.2   -508.1   3599.6
7   13   -252.8   141.7   3565.2
7   14   -271.9   -205.4   3570.7
7   15   -293.1   -514.0   3619.4
7   16   -368.8   508.2   3289.6
7   17   -281.5   486.4   3289.3
7   18   -338.2   636.0   3436.8
8   0   -336.4   724.5   3461.3
8   1   -336.1   573.4   3462.5
8   2   -466.8   533.2   3452.8
8   3   -482.4   348.4   3332.1
8   4   -346.2   539.9   3279.5
8   5   -203.1   545.4   3466.0
8   6   -163.3   346.5   3376.9
8   7   -302.6   512.4   3271.9
8   8   -329.8   386.8   3542.4
8   9   -330.2   224.9   3558.6
8   10   -415.3   141.5   3549.2
8   11   -414.0   -205.9   3557.2
8   12   -376.5   -514.5   3594.6
8   13   -247.0   138.0   3565.2
8   14   -270.5   -208.6   3572.2
8   15   -294.1   -518.3   3612.1
8   16   -368.9   508.0   3288.3
8   17   -279.4   484.8   3289.4
8   18   -338.2   634.6   3436.2
9   0   -336.3   721.2   3460.8
9   1   -336.1   569.9   3461.5
9   2   -467.8   533.0   3452.0
9   3   -482.2   347.6   3332.1
9   4   -346.8   540.0   3279.4
9   5   -202.4   544.9   3464.6
9   6   -163.1   345.9   3375.3
9   7   -302.9   512.9   3271.7
9   8   -330.0   383.1   3539.5
9   9   -330.1   221.4   3553.9
9   10   -418.0   137.8   3548.4
9   11   -414.1   -210.2   3558.4
9   12   -376.0   -518.2   3597.4
9   13   -243.9   135.0   3565.5
9   14   -271.1   -211.9   3572.8
9   15   -296.9   -519.9   3620.1
9   16   -369.4   507.9   3288.2
9   17   -279.6   485.0   3289.0
9   18   -338.2   631.3   3435.9
10   0   -336.4   717.7   3460.2
10   1   -336.1   566.0   3461.3
10   2   -468.9   532.8   3451.3
10   3   -482.0   346.6   3332.4
10   4   -347.5   539.9   3279.7
10   5   -201.8   544.1   3464.1
10   6   -163.2   345.4   3374.0
10   7   -303.3   513.4   3271.9
10   8   -330.2   379.7   3538.7
10   9   -330.2   218.0   3550.8
10   10   -418.7   136.4   3548.0
10   11   -414.0   -212.7   3558.6
10   12   -375.4   -519.5   3603.1
10   13   -243.5   133.8   3565.5
10   14   -271.6   -214.4   3572.7
10   15   -300.1   -520.2   3629.1
10   16   -369.9   507.7   3288.5
10   17   -280.0   485.4   3289.0
10   18   -338.1   627.5   3435.7
11   0   -336.6   715.1   3459.9
11   1   -336.1   562.8   3461.4
11   2   -469.6   532.8   3451.1
11   3   -481.9   346.3   3332.6
11   4   -347.7   540.2   3279.9
11   5   -201.6   543.7   3464.2
11   6   -163.6   345.4   3373.2
11   7   -304.0   514.0   3272.0
11   8   -330.3   375.7   3539.9
11   9   -330.2   214.0   3549.4
11   10   -418.0   136.9   3547.8
11   11   -413.8   -213.8   3558.6
11   12   -374.5   -519.3   3608.6
11   13   -244.9   133.9   3565.1
11   14   -272.1   -215.9   3572.4
11   15   -303.5   -518.1   3642.7
11   16   -370.1   507.8   3288.7
11   17   -280.6   485.9   3288.9
11   18   -338.0   624.2   3435.6
12   0   -336.8   713.6   3459.8
12   1   -336.1   560.7   3461.7
12   2   -469.7   533.0   3451.0
12   3   -481.9   346.3   3332.9
12   4   -347.8   540.3   3279.9
12   5   -201.8   543.7   3464.3
12   6   -163.9   345.8   3372.6
12   7   -304.6   514.6   3271.9
12   8   -330.3   372.6   3541.7
12   9   -330.3   210.9   3548.9
12   10   -416.5   138.0   3547.7
12   11   -413.7   -214.3   3558.5
12   12   -373.7   -519.0   3611.4
12   13   -247.0   134.4   3564.4
12   14   -272.4   -217.1   3572.8
12   15   -304.8   -518.8   3644.3
12   16   -370.1   508.0   3288.7
12   17   -281.2   486.5   3288.7
12   18   -338.0   622.0   3435.6
13   0   -336.9   712.9   3459.9
13   1   -336.0   559.6   3462.0
13   2   -469.3   533.4   3450.9
13   3   -482.0   346.5   3333.2
13   4   -347.8   540.6   3279.8
13   5   -202.3   543.9   3464.3
13   6   -164.2   346.3   3372.3
13   7   -305.2   515.2   3271.7
13   8   -330.3   371.0   3543.5
13   9   -330.3   207.6   3549.0
13   10   -414.7   139.6   3547.7
13   11   -413.6   -214.3   3558.3
13   12   -373.6   -518.9   3610.5
13   13   -249.4   135.4   3563.6
13   14   -272.7   -217.6   3572.9
13   15   -302.7   -522.0   3631.2
13   16   -370.2   508.2   3288.7
13   17   -281.7   487.0   3288.5
13   18   -337.9   620.8   3435.6
14   0   -337.0   712.5   3460.1
14   1   -336.0   559.2   3462.4
14   2   -468.7   534.0   3450.8
14   3   -482.1   346.8   3333.6
14   4   -348.2   540.9   3279.6
14   5   -203.0   544.2   3464.3
14   6   -164.6   347.1   3371.5
14   7   -306.1   515.9   3271.4
14   8   -330.3   370.6   3545.1
14   9   -330.4   206.7   3549.2
14   10   -413.1   140.9   3547.7
14   11   -413.5   -214.2   3558.2
14   12   -374.2   -517.9   3604.2
14   13   -251.4   136.4   3562.7
14   14   -273.0   -218.0   3572.8
14   15   -301.1   -523.4   3612.5
14   16   -370.5   508.6   3288.6
14   17   -282.5   487.8   3288.1
14   18   -337.9   620.2   3435.7
15   0   -337.0   712.3   3460.3
15   1   -336.0   559.0   3462.7
15   2   -467.9   534.5   3450.7
15   3   -482.4   347.1   3334.0
15   4   -348.8   541.4   3279.3
15   5   -203.7   544.6   3464.2
15   6   -164.7   347.9   3370.6
15   7   -306.9   516.6   3271.0
15   8   -330.4   370.9   3546.0
15   9   -330.4   207.1   3549.3
15   10   -412.0   141.8   3547.7
15   11   -413.4   -214.2   3558.1
15   12   -374.4   -517.6   3601.7
15   13   -252.7   137.1   3562.0
15   14   -273.2   -218.3   3572.6
15   15   -300.8   -523.5   3611.0
15   16   -371.0   509.0   3288.4
15   17   -283.2   488.5   3287.6
15   18   -337.8   619.9   3435.7
16   0   -337.0   712.0   3460.4
16   1   -335.9   559.0   3462.9
16   2   -467.1   535.0   3450.6
16   3   -482.6   347.3   3334.4
16   4   -349.1   541.6   3279.0
16   5   -204.3   544.9   3463.9
16   6   -164.9   349.3   3368.4
16   7   -308.4   517.9   3270.4
16   8   -330.5   371.5   3546.4
16   9   -330.5   208.1   3549.4
16   10   -411.5   142.4   3547.7
16   11   -413.4   -214.5   3558.2
16   12   -374.7   -516.6   3598.7
16   13   -253.4   137.4   3561.2
16   14   -273.3   -218.9   3572.4
16   15   -299.8   -522.9   3608.2
16   16   -371.3   509.2   3288.3
16   17   -284.5   489.8   3286.8
16   18   -337.7   619.9   3435.8
17   0   -337.0   711.8   3460.4
17   1   -335.8   559.0   3462.9
17   2   -466.4   535.4   3450.4
17   3   -482.9   347.6   3334.6
17   4   -349.2   541.6   3278.7
17   5   -204.9   545.2   3463.7
17   6   -165.2   351.3   3364.8
17   7   -310.6   520.0   3269.9
17   8   -330.6   372.1   3546.4
17   9   -330.5   209.0   3549.4
17   10   -411.3   142.6   3547.7
17   11   -413.4   -214.8   3558.2
17   12   -374.7   -516.7   3597.7
17   13   -253.7   137.5   3560.5
17   14   -273.4   -219.4   3572.0
17   15   -300.4   -522.3   3612.8
17   16   -371.5   509.3   3288.0
17   17   -286.4   491.9   3285.7
17   18   -337.6   619.9   3435.8
18   0   -337.1   711.5   3460.4
18   1   -335.8   559.1   3462.9
18   2   -465.8   535.8   3450.2
18   3   -483.4   347.8   3334.8
18   4   -349.3   541.4   3278.1
18   5   -205.4   545.4   3463.5
18   6   -165.4   352.5   3362.8
18   7   -311.9   521.3   3269.5
18   8   -330.7   372.6   3546.3
18   9   -330.6   209.9   3549.4
18   10   -411.2   142.8   3547.7
18   11   -413.4   -215.2   3558.2
18   12   -374.5   -517.4   3597.9
18   13   -253.7   137.7   3559.7
18   14   -273.4   -219.7   3571.6
18   15   -301.4   -521.5   3621.5
18   16   -371.6   509.1   3287.6
18   17   -287.5   493.1   3285.1
18   18   -337.5   619.9   3435.7
19   0   -337.1   711.3   3460.3
19   1   -335.8   559.1   3462.9
19   2   -465.3   536.2   3450.1
19   3   -484.1   348.4   3334.7
19   4   -349.1   541.2   3277.3
19   5   -205.9   545.7   3463.3
19   6   -165.3   352.7   3363.1
19   7   -311.9   521.2   3269.2
19   8   -330.8   373.1   3546.1
19   9   -330.6   210.6   3549.4
19   10   -411.2   142.8   3547.7
19   11   -413.4   -215.6   3558.3
19   12   -374.3   -518.3   3598.8
19   13   -253.8   137.8   3559.4
19   14   -273.5   -220.1   3571.5
19   15   -302.1   -519.2   3637.3
19   16   -371.6   509.0   3286.9
19   17   -287.5   493.1   3284.9
19   18   -337.4   619.9   3435.7
20   0   -337.1   711.1   3460.1
20   1   -335.8   559.1   3462.9
20   2   -464.9   536.5   3449.9
20   3   -484.8   349.0   3334.2
20   4   -348.9   541.1   3276.4
20   5   -206.4   545.9   3463.2
20   6   -165.3   352.9   3363.2
20   7   -311.9   521.1   3268.9
20   8   -331.0   373.4   3545.9
20   9   -330.7   211.2   3549.3
20   10   -411.2   142.8   3547.7
20   11   -413.5   -216.1   3558.3
20   12   -374.0   -519.2   3600.1
20   13   -253.9   137.9   3559.3
20   14   -273.6   -220.5   3571.6
20   15   -301.3   -520.9   3635.3
20   16   -371.6   509.1   3286.1
20   17   -287.5   493.1   3284.6
20   18   -337.4   619.9   3435.7
21   0   -337.1   710.8   3460.0
21   1   -335.9   559.1   3462.8
21   2   -464.6   536.9   3449.7
21   3   -485.7   349.5   3334.1
21   4   -349.0   540.7   3275.6
21   5   -206.8   546.0   3463.1
21   6   -165.3   353.1   3363.2
21   7   -312.0   521.1   3268.6
21   8   -331.1   373.6   3545.6
21   9   -330.9   211.6   3549.3
21   10   -411.2   142.8   3547.7
21   11   -413.5   -216.8   3558.2
21   12   -374.1   -517.9   3601.0
21   13   -254.0   137.9   3559.2
21   14   -273.6   -221.0   3571.6
21   15   -299.9   -521.9   3623.8
21   16   -371.8   508.9   3285.4
21   17   -287.5   493.1   3284.4
21   18   -337.4   619.9   3435.7
22   0   -337.1   710.6   3459.8
22   1   -335.9   559.1   3462.8
22   2   -464.3   537.1   3449.6
22   3   -486.2   349.7   3334.1
22   4   -349.1   540.5   3274.5
22   5   -207.2   546.2   3463.1
22   6   -165.3   353.4   3362.9
22   7   -312.2   521.2   3268.2
22   8   -331.3   373.7   3545.3
22   9   -331.1   211.9   3549.3
22   10   -411.4   142.7   3547.7
22   11   -413.5   -217.5   3558.1
22   12   -374.0   -518.2   3601.4
22   13   -254.2   138.1   3559.2
22   14   -273.7   -221.6   3571.5
22   15   -300.5   -522.3   3622.9
22   16   -371.9   508.7   3284.4
22   17   -287.7   493.3   3284.0
22   18   -337.4   619.9   3435.7
23   0   -337.2   710.5   3459.6
23   1   -336.0   559.0   3462.7
23   2   -464.0   537.4   3449.5
23   3   -486.3   349.9   3334.1
23   4   -349.2   540.2   3273.2
23   5   -207.5   546.3   3463.0
23   6   -165.3   353.9   3362.4
23   7   -312.5   521.5   3267.7
23   8   -331.6   373.8   3545.0
23   9   -331.3   212.1   3549.2
23   10   -411.7   142.9   3547.5
23   11   -413.5   -214.3   3557.9
23   12   -374.6   -513.5   3600.5
23   13   -254.4   138.2   3559.2
23   14   -273.7   -218.5   3571.3
23   15   -298.5   -518.4   3618.5
23   16   -372.1   508.5   3283.3
23   17   -288.0   493.5   3283.5
23   18   -337.4   619.9   3435.7
24   0   -337.2   710.3   3459.4
24   1   -336.0   559.0   3462.6
24   2   -463.8   537.6   3449.3
24   3   -486.4   350.1   3334.1
24   4   -349.4   539.9   3271.7
24   5   -207.8   546.5   3463.0
24   6   -165.4   354.5   3361.4
24   7   -313.0   522.0   3267.1
24   8   -331.9   373.9   3544.6
24   9   -331.6   212.2   3549.2
24   10   -412.0   142.9   3547.1
24   11   -413.4   -210.1   3557.7
24   12   -375.3   -509.4   3599.5
24   13   -254.6   138.3   3559.2
24   14   -273.5   -214.1   3570.9
24   15   -298.0   -514.3   3616.8
24   16   -372.2   508.3   3282.1
24   17   -288.4   494.1   3282.8
24   18   -337.4   619.9   3435.6
25   0   -337.3   710.5   3458.0
25   1   -336.1   559.0   3462.5
25   2   -463.7   537.8   3449.1
25   3   -486.4   350.2   3334.1
25   4   -349.6   539.7   3270.2
25   5   -208.1   546.6   3462.9
25   6   -165.5   354.9   3361.0
25   7   -313.2   522.2   3266.5
25   8   -332.1   373.9   3544.3
25   9   -332.0   212.3   3549.1
25   10   -412.3   142.9   3546.7
25   11   -413.4   -205.9   3557.8
25   12   -375.8   -506.1   3598.5
25   13   -254.8   138.4   3559.1
25   14   -273.4   -209.8   3570.5
25   15   -297.8   -510.5   3617.5
25   16   -372.4   508.1   3280.9
25   17   -288.6   494.3   3282.3
25   18   -337.4   619.9   3435.6
26   0   -337.3   710.7   3455.5
26   1   -336.2   558.9   3462.5
26   2   -463.5   538.0   3448.7
26   3   -486.4   350.2   3334.0
26   4   -349.6   539.6   3269.7
26   5   -208.3   546.7   3462.9
26   6   -165.5   355.1   3360.8
26   7   -313.3   522.3   3266.2
26   8   -332.5   373.9   3543.9
26   9   -332.3   212.4   3549.1
26   10   -412.6   142.7   3546.3
26   11   -413.4   -202.2   3557.9
26   12   -376.1   -503.6   3597.5
26   13   -255.0   138.5   3559.1
26   14   -273.2   -205.9   3570.2
26   15   -296.0   -508.0   3615.5
26   16   -372.4   508.0   3280.4
26   17   -288.7   494.4   3282.0
26   18   -337.4   619.9   3435.6
27   0   -337.4   710.9   3452.7
27   1   -336.3   558.9   3462.4
27   2   -463.4   538.1   3448.3
27   3   -486.3   350.2   3333.9
27   4   -349.6   539.7   3269.5
27   5   -208.5   546.8   3462.9
27   6   -165.5   355.2   3360.8
27   7   -313.4   522.3   3266.1
27   8   -332.8   373.9   3543.6
27   9   -332.6   212.4   3549.0
27   10   -412.9   142.6   3545.6
27   11   -413.4   -199.2   3558.2
27   12   -375.9   -501.7   3596.5
27   13   -255.2   138.7   3559.0
27   14   -273.0   -202.7   3570.0
27   15   -295.6   -505.8   3615.4
27   16   -372.4   508.1   3280.2
27   17   -288.7   494.4   3281.9
27   18   -337.4   619.9   3435.6
28   0   -337.4   711.0   3450.5
28   1   -336.3   558.9   3462.3
28   2   -463.3   538.3   3447.8
28   3   -486.3   350.2   3333.6
28   4   -349.6   539.8   3269.5
28   5   -208.6   546.8   3462.8
28   6   -165.6   355.4   3360.7
28   7   -313.5   522.4   3266.0
28   8   -333.1   373.8   3543.2
28   9   -333.0   212.4   3549.0
28   10   -413.3   142.6   3544.8
28   11   -413.5   -196.7   3558.8
28   12   -375.4   -500.2   3595.1
28   13   -255.4   138.8   3559.0
28   14   -272.9   -200.2   3569.9
28   15   -295.4   -504.1   3614.5
28   16   -372.4   508.2   3280.2
28   17   -288.9   494.6   3281.8
28   18   -337.4   619.9   3435.6
29   0   -337.5   710.9   3449.4
29   1   -336.4   558.8   3462.2
29   2   -463.3   538.4   3447.3
29   3   -486.3   350.1   3333.3
29   4   -349.6   539.8   3269.5
29   5   -208.8   546.9   3462.8
29   6   -165.8   355.4   3360.6
29   7   -313.6   522.5   3265.9
29   8   -333.4   373.8   3542.8
29   9   -333.3   212.4   3548.9
29   10   -413.7   142.4   3544.5
29   11   -413.5   -194.9   3559.4
29   12   -374.6   -499.3   3593.0
29   13   -255.6   138.9   3558.9
29   14   -272.8   -198.2   3569.8
29   15   -295.4   -502.9   3613.5
29   16   -372.4   508.2   3280.2
29   17   -288.9   494.7   3281.7
29   18   -337.4   619.9   3435.6
30   0   -337.5   710.7   3448.8
30   1   -336.5   558.8   3462.1
30   2   -463.2   538.5   3446.7
30   3   -486.3   350.2   3332.8
30   4   -349.8   540.4   3269.8
30   5   -208.9   546.9   3462.8
30   6   -165.9   355.5   3360.7
30   7   -313.6   522.6   3265.9
30   8   -333.7   373.7   3542.4
30   9   -333.7   212.4   3548.9
30   10   -414.1   142.2   3544.3
30   11   -413.6   -193.6   3559.7
30   12   -374.1   -498.5   3592.8
30   13   -255.7   139.0   3558.9
30   14   -272.8   -196.6   3569.8
30   15   -295.4   -501.9   3613.3
30   16   -372.6   508.7   3280.3
30   17   -289.0   494.7   3281.7
30   18   -337.4   619.9   3435.5
31   0   -337.5   710.5   3448.4
31   1   -336.6   558.8   3462.0
31   2   -463.2   538.6   3446.1
31   3   -486.3   350.3   3332.1
31   4   -350.2   541.0   3270.0
31   5   -209.0   547.0   3462.8
31   6   -165.9   355.5   3360.6
31   7   -313.6   522.6   3265.7
31   8   -334.0   373.7   3542.1
31   9   -334.0   212.4   3548.8
31   10   -414.4   142.1   3544.2
31   11   -413.6   -192.7   3559.8
31   12   -373.9   -497.9   3592.6
31   13   -255.9   139.0   3558.8
31   14   -272.9   -195.4   3569.7
31   15   -295.6   -501.0   3613.6
31   16   -372.8   509.2   3280.4
31   17   -289.0   494.8   3281.6
31   18   -337.4   619.9   3435.5
32   0   -337.6   710.4   3448.3
32   1   -336.6   558.7   3461.9
32   2   -463.1   538.6   3445.5
32   3   -486.3   350.4   3331.5
32   4   -350.2   541.3   3270.2
32   5   -209.2   547.0   3462.8
32   6   -166.0   355.5   3360.7
32   7   -313.6   522.6   3265.6
32   8   -334.3   373.6   3541.7
32   9   -334.4   212.4   3548.8
32   10   -414.8   141.9   3544.1
32   11   -413.7   -191.9   3559.7
32   12   -373.7   -497.5   3591.7
32   13   -256.0   139.1   3558.7
32   14   -273.0   -194.4   3569.7
32   15   -295.6   -500.4   3613.1
32   16   -372.9   509.5   3280.4
32   17   -289.0   494.8   3281.5
32   18   -337.4   619.9   3435.5
33   0   -337.6   710.2   3448.3
33   1   -336.7   558.7   3461.8
33   2   -463.1   538.7   3444.8
33   3   -486.4   350.8   3330.4
33   4   -350.0   541.8   3270.2
33   5   -209.3   547.0   3462.8
33   6   -166.1   355.5   3360.8
33   7   -313.5   522.6   3265.6
33   8   -334.5   373.5   3541.3
33   9   -334.7   212.3   3548.8
33   10   -415.2   141.6   3544.0
33   11   -413.7   -191.5   3559.6
33   12   -373.6   -497.4   3590.2
33   13   -256.1   139.1   3558.6
33   14   -273.2   -193.7   3569.6
33   15   -295.4   -500.2   3611.2
33   16   -372.7   510.0   3280.3
33   17   -288.9   494.8   3281.4
33   18   -337.4   619.9   3435.5
34   0   -337.6   710.1   3448.3
34   1   -336.8   558.7   3461.7
34   2   -463.0   538.7   3444.2
34   3   -486.4   351.2   3329.1
34   4   -349.5   542.4   3270.3
34   5   -209.3   547.1   3462.7
34   6   -166.2   355.5   3360.9
34   7   -313.5   522.6   3265.4
34   8   -334.8   373.5   3540.9
34   9   -335.0   212.2   3548.7
34   10   -415.6   141.4   3544.0
34   11   -413.8   -191.1   3559.3
34   12   -373.3   -497.2   3589.7
34   13   -256.1   139.2   3558.5
34   14   -273.5   -193.1   3569.5
34   15   -294.6   -500.4   3606.3
34   16   -372.3   510.5   3280.1
34   17   -288.9   494.8   3281.3
34   18   -337.4   619.9   3435.5
35   0   -337.6   710.0   3448.3
35   1   -336.9   558.6   3461.5
35   2   -463.0   538.7   3443.6
35   3   -486.3   351.8   3327.7
35   4   -348.9   543.0   3270.5
35   5   -209.4   547.1   3462.7
35   6   -166.3   355.5   3361.0
35   7   -313.4   522.6   3265.3
35   8   -335.1   373.4   3540.4
35   9   -335.4   212.2   3548.7
35   10   -416.0   141.2   3544.0
35   11   -413.9   -190.9   3559.3
35   12   -373.2   -497.1   3589.8
35   13   -256.2   139.2   3558.4
35   14   -273.8   -192.6   3569.4
35   15   -294.9   -499.9   3607.4
35   16   -371.8   511.2   3280.0
35   17   -288.9   494.8   3281.2
35   18   -337.4   619.9   3435.3
36   0   -337.6   709.9   3448.3
36   1   -336.9   558.6   3461.1
36   2   -463.0   538.8   3442.9
36   3   -486.2   352.1   3326.4
36   4   -348.5   543.6   3270.6
36   5   -209.6   547.1   3462.7
36   6   -166.4   355.5   3360.9
36   7   -313.5   522.7   3265.4
36   8   -335.5   373.4   3540.0
36   9   -335.8   212.2   3548.6
36   10   -416.5   140.9   3543.9
36   11   -413.9   -190.8   3559.2
36   12   -373.2   -497.1   3590.3
36   13   -256.3   139.3   3558.2
36   14   -274.2   -192.1   3569.4
36   15   -294.4   -499.8   3606.6
36   16   -371.5   511.7   3279.9
36   17   -289.0   494.9   3281.3
36   18   -337.4   619.9   3435.0
37   0   -337.6   709.9   3448.3
37   1   -337.0   558.6   3460.8
37   2   -462.9   538.8   3442.2
37   3   -486.1   352.5   3325.2
37   4   -348.2   544.2   3270.7
37   5   -209.8   547.1   3462.7
37   6   -166.6   355.4   3360.9
37   7   -313.5   522.8   3265.4
37   8   -335.8   373.4   3539.5
37   9   -336.1   212.2   3548.5
37   10   -417.0   140.6   3543.9
37   11   -414.0   -190.8   3559.2
37   12   -373.6   -494.3   3590.4
37   13   -256.4   139.3   3558.0
37   14   -274.6   -191.8   3569.4
37   15   -293.8   -497.0   3604.2
37   16   -371.2   512.3   3279.8
37   17   -289.0   494.9   3281.3
37   18   -337.4   619.9   3434.7
38   0   -337.6   709.8   3448.4
38   1   -337.1   558.6   3460.4
38   2   -462.9   538.8   3441.5
38   3   -486.1   352.4   3324.7
38   4   -348.3   544.4   3270.9
38   5   -210.0   547.0   3462.8
38   6   -166.5   355.4   3361.0
38   7   -313.4   522.7   3265.3
38   8   -336.1   373.3   3539.1
38   9   -336.6   212.2   3548.5
38   10   -417.5   140.4   3543.8
38   11   -414.1   -190.8   3559.2
38   12   -374.2   -490.7   3589.1
38   13   -256.5   139.3   3557.7
38   14   -275.0   -191.5   3569.5
38   15   -293.4   -493.3   3600.9
38   16   -371.3   512.4   3279.9
38   17   -289.0   494.8   3281.2
38   18   -337.4   619.9   3434.4
39   0   -337.6   709.8   3448.3
39   1   -337.2   558.6   3460.1
39   2   -462.8   538.9   3440.9
39   3   -486.4   352.3   3324.4
39   4   -348.4   544.3   3271.1
39   5   -210.1   547.0   3462.8
39   6   -166.5   355.4   3361.1
39   7   -313.4   522.6   3265.2
39   8   -336.4   373.3   3538.6
39   9   -337.0   212.2   3548.4
39   10   -418.0   140.1   3543.6
39   11   -414.1   -190.9   3559.2
39   12   -374.6   -487.0   3588.5
39   13   -256.7   139.4   3557.5
39   14   -275.1   -191.2   3569.5
39   15   -293.2   -489.3   3599.4
39   16   -371.4   512.3   3279.9
39   17   -288.9   494.8   3281.2
39   18   -337.4   619.9   3434.1
40   0   -337.6   709.8   3448.3
40   1   -337.3   558.5   3459.7
40   2   -462.8   538.9   3440.0
40   3   -486.7   351.9   3324.2
40   4   -348.6   543.9   3271.2
40   5   -210.3   547.0   3462.8
40   6   -166.4   355.5   3361.1
40   7   -313.4   522.6   3265.2
40   8   -336.7   373.2   3538.1
40   9   -337.4   212.2   3548.4
40   10   -418.6   139.8   3543.5
40   11   -414.1   -191.1   3559.0
40   12   -374.5   -486.6   3588.7
40   13   -256.8   139.4   3557.2
40   14   -275.1   -191.0   3569.5
40   15   -293.9   -488.2   3603.2
40   16   -371.6   511.9   3280.0
40   17   -288.9   494.8   3281.2
40   18   -337.4   619.9   3433.7
41   0   -337.5   709.7   3448.3
41   1   -337.3   558.5   3459.3
41   2   -462.8   538.9   3439.0
41   3   -486.7   351.5   3324.0
41   4   -348.8   543.7   3271.3
41   5   -210.4   547.1   3462.7
41   6   -166.4   355.5   3361.2
41   7   -313.4   522.6   3265.2
41   8   -337.1   373.2   3537.6
41   9   -337.8   212.1   3548.3
41   10   -419.0   139.5   3543.3
41   11   -414.2   -191.2   3558.9
41   12   -374.5   -484.7   3589.1
41   13   -256.8   139.3   3556.9
41   14   -275.2   -191.0   3569.4
41   15   -294.1   -486.0   3604.3
41   16   -371.8   511.7   3280.1
41   17   -288.9   494.8   3281.2
41   18   -337.4   619.9   3433.4
42   0   -337.5   709.7   3448.3
42   1   -337.4   558.5   3458.9
42   2   -462.8   538.9   3438.2
42   3   -486.2   351.0   3323.9
42   4   -349.0   543.7   3271.3
42   5   -210.5   547.2   3462.7
42   6   -166.4   355.6   3361.2
42   7   -313.4   522.6   3265.2
42   8   -337.5   373.1   3537.2
42   9   -338.1   212.1   3548.3
42   10   -419.5   139.2   3543.1
42   11   -414.2   -191.3   3558.7
42   12   -374.3   -485.3   3590.1
42   13   -256.9   139.2   3556.6
42   14   -275.2   -191.1   3569.4
42   15   -295.8   -485.7   3610.8
42   16   -371.8   511.6   3280.0
42   17   -288.9   494.8   3281.2
42   18   -337.4   619.9   3433.0
43   0   -337.5   709.7   3448.3
43   1   -337.5   558.5   3458.5
43   2   -462.7   539.0   3437.6
43   3   -485.4   350.7   3323.7
43   4   -348.9   544.0   3271.2
43   5   -210.6   547.2   3462.7
43   6   -166.4   355.6   3361.3
43   7   -313.5   522.6   3265.2
43   8   -337.9   373.1   3536.9
43   9   -338.3   212.1   3548.2
43   10   -419.9   139.0   3542.9
43   11   -414.3   -191.5   3558.2
43   12   -374.1   -487.1   3591.1
43   13   -257.0   138.8   3556.1
43   14   -275.2   -191.3   3569.3
43   15   -295.9   -487.7   3611.7
43   16   -371.7   511.8   3279.9
43   17   -289.0   494.8   3281.2
43   18   -337.4   619.9   3432.6
44   0   -337.5   709.7   3448.3
44   1   -337.6   558.6   3458.1
44   2   -462.7   539.0   3436.7
44   3   -484.5   350.3   3323.3
44   4   -348.9   544.3   3271.1
44   5   -210.7   547.2   3462.7
44   6   -166.4   355.6   3361.3
44   7   -313.3   522.4   3264.6
44   8   -338.3   373.1   3536.6
44   9   -338.6   212.1   3548.2
44   10   -420.3   138.7   3542.7
44   11   -414.3   -191.7   3557.5
44   12   -373.9   -489.2   3590.9
44   13   -256.9   138.6   3555.3
44   14   -275.2   -191.5   3569.2
44   15   -295.9   -490.1   3609.8
44   16   -371.5   512.0   3279.8
44   17   -288.8   494.6   3280.7
44   18   -337.4   619.9   3432.2
45   0   -337.5   709.7   3448.3
45   1   -337.7   558.6   3457.8
45   2   -462.7   539.0   3436.4
45   3   -483.5   350.1   3323.1
45   4   -348.8   544.7   3270.9
45   5   -210.9   547.3   3462.7
45   6   -166.4   355.6   3361.4
45   7   -313.0   522.0   3263.6
45   8   -338.7   373.0   3536.4
45   9   -338.8   212.1   3548.2
45   10   -420.6   138.5   3542.4
45   11   -414.4   -191.9   3556.9
45   12   -373.7   -491.2   3590.2
45   13   -256.9   138.5   3554.3
45   14   -275.1   -191.5   3569.1
45   15   -295.9   -492.0   3609.3
45   16   -371.2   512.3   3279.6
45   17   -288.5   494.3   3279.9
45   18   -337.4   619.9   3431.8
46   0   -337.5   709.7   3448.3
46   1   -337.8   558.6   3457.4
46   2   -462.6   539.1   3436.4
46   3   -483.0   350.1   3323.1
46   4   -348.6   544.9   3270.7
46   5   -211.0   547.3   3462.6
46   6   -166.4   355.7   3361.4
46   7   -312.6   521.5   3262.1
46   8   -339.1   373.0   3536.1
46   9   -339.1   212.1   3548.1
46   10   -421.0   138.3   3542.2
46   11   -414.5   -192.1   3556.6
46   12   -373.5   -493.1   3588.8
46   13   -256.8   138.4   3553.3
46   14   -275.1   -191.5   3569.0
46   15   -295.8   -493.5   3609.5
46   16   -371.0   512.4   3279.5
46   17   -288.2   493.9   3278.7
46   18   -337.4   619.9   3431.3
47   0   -337.5   709.7   3448.3
47   1   -337.9   558.6   3457.0
47   2   -462.6   539.1   3436.5
47   3   -483.1   350.2   3323.2
47   4   -348.6   544.8   3270.6
47   5   -211.1   547.3   3462.6
47   6   -166.3   355.7   3361.4
47   7   -312.1   521.0   3260.6
47   8   -339.4   372.9   3535.9
47   9   -339.3   212.0   3548.1
47   10   -421.4   138.1   3542.0
47   11   -414.7   -192.3   3556.6
47   12   -373.4   -494.7   3586.3
47   13   -256.8   138.3   3553.1
47   14   -275.1   -191.6   3569.0
47   15   -295.8   -494.9   3609.0
47   16   -371.0   512.4   3279.3
47   17   -287.8   493.5   3277.4
47   18   -337.4   619.9   3430.9
48   0   -337.5   709.7   3448.3
48   1   -337.9   558.6   3456.6
48   2   -462.5   539.1   3436.7
48   3   -483.1   350.5   3322.8
48   4   -348.3   545.1   3270.4
48   5   -211.3   547.3   3462.6
48   6   -166.3   355.8   3361.3
48   7   -311.7   520.6   3258.9
48   8   -339.5   372.9   3535.6
48   9   -339.5   212.0   3548.1
48   10   -421.7   137.8   3541.8
48   11   -414.7   -192.5   3556.9
48   12   -373.3   -495.9   3585.0
48   13   -256.8   138.1   3553.3
48   14   -275.2   -191.8   3569.0
48   15   -295.7   -496.3   3607.2
48   16   -370.8   512.6   3279.1
48   17   -287.5   493.1   3276.0
48   18   -337.4   619.9   3430.5
49   0   -337.5   709.7   3448.3
49   1   -338.0   558.6   3456.2
49   2   -462.5   539.1   3436.9
49   3   -483.1   351.2   3322.1
49   4   -347.9   545.6   3270.3
49   5   -211.4   547.3   3462.6
49   6   -166.3   355.9   3361.3
49   7   -311.3   520.1   3257.6
49   8   -339.7   372.8   3535.4
49   9   -339.6   211.9   3548.0
49   10   -421.9   137.6   3541.8
49   11   -414.6   -192.7   3556.7
49   12   -373.5   -494.4   3584.8
49   13   -256.8   137.8   3553.7
49   14   -275.2   -192.0   3569.1
49   15   -295.1   -495.2   3602.8
49   16   -370.4   513.2   3279.0
49   17   -287.1   492.7   3274.8
49   18   -337.4   619.9   3430.1
50   0   -337.5   709.7   3448.3
50   1   -338.0   558.6   3455.9
50   2   -462.5   539.2   3437.0
50   3   -483.0   351.4   3321.8
50   4   -347.7   545.8   3270.3
50   5   -211.5   547.3   3462.6
50   6   -166.3   355.9   3361.3
50   7   -311.2   520.1   3257.5
50   8   -339.8   372.7   3535.3
50   9   -339.7   211.9   3548.0
50   10   -422.2   137.4   3541.8
50   11   -414.6   -193.0   3555.7
50   12   -373.9   -491.5   3585.3
50   13   -256.8   137.5   3554.1
50   14   -275.2   -192.3   3569.1
50   15   -294.4   -493.4   3593.2
50   16   -370.3   513.4   3278.9
50   17   -287.1   492.8   3274.8
50   18   -337.4   619.9   3429.8
51   0   -337.5   709.7   3448.3
51   1   -338.0   558.7   3455.7
51   2   -462.5   539.2   3437.0
51   3   -483.0   351.5   3321.7
51   4   -347.6   545.9   3270.3
51   5   -211.6   547.4   3462.6
51   6   -166.3   355.9   3361.3
51   7   -311.4   520.4   3258.2
51   8   -339.8   372.7   3535.3
51   9   -339.7   211.8   3548.0
51   10   -422.4   137.1   3541.7
51   11   -414.5   -193.2   3555.3
51   12   -373.9   -491.0   3587.8
51   13   -256.8   137.2   3554.7
51   14   -275.2   -192.7   3569.1
51   15   -294.7   -491.8   3605.3
51   16   -370.1   513.5   3278.9
51   17   -287.2   493.0   3275.4
51   18   -337.4   619.9   3429.4
52   0   -337.5   709.7   3448.3
52   1   -338.0   558.7   3455.4
52   2   -462.4   539.2   3437.2
52   3   -482.9   351.6   3321.7
52   4   -347.5   546.0   3270.3
52   5   -211.6   547.4   3462.6
52   6   -166.3   356.0   3361.3
52   7   -311.6   520.6   3258.6
52   8   -339.8   372.6   3535.3
52   9   -339.9   211.8   3548.0
52   10   -422.7   136.9   3541.7
52   11   -414.6   -193.4   3555.0
52   12   -374.0   -489.3   3588.8
52   13   -256.9   136.9   3555.3
52   14   -275.2   -193.0   3569.1
52   15   -294.4   -490.6   3605.3
52   16   -370.0   513.6   3278.8
52   17   -287.4   493.1   3275.7
52   18   -337.4   619.9   3429.1
53   0   -337.5   709.7   3448.3
53   1   -338.0   558.7   3455.1
53   2   -462.4   539.2   3437.4
53   3   -482.9   351.7   3321.7
53   4   -347.4   546.0   3270.2
53   5   -211.7   547.4   3462.5
53   6   -166.3   356.0   3361.4
53   7   -311.7   520.6   3258.8
53   8   -339.8   372.6   3535.3
53   9   -340.1   211.7   3548.0
53   10   -423.1   136.6   3541.6
53   11   -414.6   -193.7   3554.9
53   12   -373.7   -489.8   3589.4
53   13   -257.0   136.7   3555.6
53   14   -275.3   -193.2   3569.1
53   15   -294.4   -491.5   3604.0
53   16   -370.0   513.6   3278.8
53   17   -287.4   493.2   3275.9
53   18   -337.4   619.9   3428.7
54   0   -337.5   709.8   3448.3
54   1   -338.0   558.7   3454.9
54   2   -462.4   539.3   3437.4
54   3   -482.9   351.7   3321.9
54   4   -347.4   545.9   3270.3
54   5   -211.8   547.5   3462.5
54   6   -166.3   356.0   3361.4
54   7   -311.7   520.7   3258.8
54   8   -339.8   372.5   3535.3
54   9   -340.3   211.6   3548.0
54   10   -423.4   136.4   3541.5
54   11   -414.7   -193.9   3554.9
54   12   -373.4   -491.3   3589.9
54   13   -257.0   136.5   3555.5
54   14   -276.1   -193.0   3574.9
54   15   -295.1   -493.1   3605.3
54   16   -370.0   513.6   3278.9
54   17   -287.5   493.2   3275.9
54   18   -337.4   619.9   3428.4
55   0   -337.5   709.8   3448.3
55   1   -338.0   558.8   3454.6
55   2   -462.4   539.3   3437.2
55   3   -482.9   351.5   3322.0
55   4   -347.5   545.7   3270.3
55   5   -211.8   547.5   3462.5
55   6   -166.3   356.0   3361.4
55   7   -311.6   520.7   3258.8
55   8   -339.8   372.4   3535.3
55   9   -340.4   211.5   3548.0
55   10   -423.7   136.2   3541.5
55   11   -414.7   -194.0   3554.9
55   12   -373.0   -492.9   3590.2
55   13   -256.8   136.4   3555.4
55   14   -275.7   -193.2   3571.8
55   15   -294.8   -494.5   3606.4
55   16   -370.1   513.4   3278.9
55   17   -287.4   493.3   3275.9
55   18   -337.4   619.9   3428.1
56   0   -337.5   709.8   3448.3
56   1   -338.0   558.8   3454.5
56   2   -462.4   539.3   3436.8
56   3   -483.0   351.2   3322.2
56   4   -347.7   545.5   3270.3
56   5   -211.8   547.5   3462.3
56   6   -166.3   356.0   3361.4
56   7   -311.6   520.7   3258.9
56   8   -339.7   372.3   3535.3
56   9   -340.4   211.4   3548.0
56   10   -423.9   136.1   3541.4
56   11   -414.7   -194.1   3554.8
56   12   -372.7   -494.4   3590.7
56   13   -256.7   136.3   3555.2
56   14   -275.6   -193.4   3569.4
56   15   -295.0   -495.3   3610.1
56   16   -370.2   513.1   3279.0
56   17   -287.4   493.3   3276.0
56   18   -337.4   619.9   3428.0
57   0   -337.5   709.9   3448.3
57   1   -338.0   558.8   3454.4
57   2   -462.4   539.3   3436.7
57   3   -483.0   351.0   3322.4
57   4   -347.8   545.3   3270.3
57   5   -211.8   547.5   3462.1
57   6   -166.3   355.8   3361.3
57   7   -311.5   520.7   3259.0
57   8   -339.7   372.1   3535.4
57   9   -340.4   211.2   3548.1
57   10   -424.1   136.0   3541.4
57   11   -414.7   -194.3   3554.8
57   12   -372.8   -493.1   3591.0
57   13   -256.6   136.2   3555.1
57   14   -275.6   -193.6   3567.8
57   15   -294.4   -493.9   3610.4
57   16   -370.3   512.9   3279.0
57   17   -287.3   493.2   3276.0
57   18   -337.4   619.9   3427.9
58   0   -337.5   709.9   3448.3
58   1   -338.0   558.8   3454.4
58   2   -462.4   539.3   3436.6
58   3   -483.0   350.8   3322.6
58   4   -347.9   545.1   3270.2
58   5   -211.7   547.5   3461.8
58   6   -166.2   355.6   3361.4
58   7   -311.4   520.5   3259.1
58   8   -339.7   371.9   3535.5
58   9   -340.4   211.1   3548.1
58   10   -424.2   135.8   3541.4
58   11   -414.7   -194.4   3554.8
58   12   -373.0   -491.3   3591.2
58   13   -256.5   136.1   3555.2
58   14   -275.5   -193.8   3567.4
58   15   -293.8   -492.3   3609.2
58   16   -370.4   512.7   3278.9
58   17   -287.2   493.1   3276.1
58   18   -337.4   619.9   3427.9
59   0   -337.5   710.0   3448.3
59   1   -338.0   558.8   3454.4
59   2   -462.4   539.3   3436.6
59   3   -483.0   350.6   3322.8
59   4   -348.0   544.9   3270.0
59   5   -211.7   547.4   3461.5
59   6   -166.2   355.4   3361.4
59   7   -311.2   520.4   3259.1
59   8   -339.6   371.8   3535.5
59   9   -340.4   210.9   3548.1
59   10   -424.2   135.6   3541.4
59   11   -414.8   -194.6   3554.9
59   12   -373.3   -489.6   3591.2
59   13   -256.4   136.0   3555.2
59   14   -275.5   -193.9   3567.1
59   15   -293.3   -490.7   3607.2
59   16   -370.5   512.5   3278.8
59   17   -287.0   492.9   3276.1
59   18   -337.4   619.9   3427.9
60   0   -337.5   710.1   3448.3
60   1   -337.9   558.8   3454.4
60   2   -462.4   539.3   3436.5
60   3   -483.0   350.4   3323.2
60   4   -348.1   544.5   3269.8
60   5   -211.6   547.4   3461.2
60   6   -166.1   355.1   3361.7
60   7   -310.9   520.2   3259.1
60   8   -339.6   371.6   3535.6
60   9   -340.4   210.7   3548.1
60   10   -424.3   135.5   3541.4
60   11   -414.8   -194.7   3554.9
60   12   -373.5   -487.7   3591.0
60   13   -256.3   135.9   3555.2
60   14   -275.6   -194.0   3566.9
60   15   -293.1   -489.0   3605.1
60   16   -370.6   512.2   3278.7
60   17   -286.8   492.6   3276.2
60   18   -337.4   619.9   3427.9
61   0   -337.5   710.1   3448.3
61   1   -337.9   558.8   3454.4
61   2   -462.4   539.3   3436.5
61   3   -483.1   350.1   3323.7
61   4   -348.2   544.1   3269.5
61   5   -211.6   547.4   3460.9
61   6   -165.9   354.6   3362.4
61   7   -310.3   519.6   3259.0
61   8   -339.5   371.3   3535.7
61   9   -340.4   210.4   3548.2
61   10   -424.4   135.4   3541.4
61   11   -414.7   -194.8   3554.9
61   12   -373.3   -488.3   3591.0
61   13   -256.2   135.8   3555.2
61   14   -275.4   -194.0   3566.9
61   15   -292.9   -490.1   3601.8
61   16   -370.7   511.7   3278.5
61   17   -286.2   492.1   3276.3
61   18   -337.4   619.9   3427.9
62   0   -337.5   710.1   3448.3
62   1   -337.9   558.8   3454.4
62   2   -462.4   539.3   3436.5
62   3   -483.1   350.0   3323.8
62   4   -348.1   543.8   3269.2
62   5   -211.5   547.3   3460.6
62   6   -165.8   354.2   3362.7
62   7   -309.9   519.2   3258.9
62   8   -339.5   371.0   3535.8
62   9   -340.4   210.1   3548.2
62   10   -424.5   135.4   3541.4
62   11   -414.6   -194.8   3555.0
62   12   -373.3   -487.7   3591.1
62   13   -256.1   135.8   3555.2
62   14   -275.6   -194.1   3567.1
62   15   -292.7   -489.7   3600.2
62   16   -370.6   511.5   3278.3
62   17   -285.9   491.7   3276.2
62   18   -337.4   619.9   3427.9
63   0   -337.5   710.2   3448.3
63   1   -337.9   558.8   3454.4
63   2   -462.4   539.3   3436.5
63   3   -483.0   350.0   3323.7
63   4   -347.8   543.6   3269.0
63   5   -211.4   547.3   3460.3
63   6   -165.8   354.0   3362.8
63   7   -309.7   518.9   3258.6
63   8   -339.5   370.7   3535.9
63   9   -340.4   209.8   3548.2
63   10   -424.5   135.4   3541.4
63   11   -414.5   -194.9   3555.0
63   12   -373.5   -486.5   3591.3
63   13   -256.1   135.7   3555.3
63   14   -275.9   -194.1   3567.3
63   15   -292.7   -488.3   3601.7
63   16   -370.3   511.3   3278.1
63   17   -285.7   491.4   3276.0
63   18   -337.4   619.9   3427.9
64   0   -337.5   710.2   3448.3
64   1   -337.9   558.8   3454.4
64   2   -462.4   539.3   3436.5
64   3   -483.0   349.9   3323.9
64   4   -347.5   543.2   3268.7
64   5   -211.4   547.3   3459.9
64   6   -165.7   353.8   3362.8
64   7   -309.5   518.7   3258.3
64   8   -339.5   370.5   3536.0
64   9   -340.4   209.5   3548.3
64   10   -424.6   135.3   3541.4
64   11   -414.5   -194.9   3555.0
64   12   -373.4   -487.5   3591.9
64   13   -256.0   135.7   3555.3
64   14   -276.0   -194.1   3567.4
64   15   -294.2   -487.3   3614.8
64   16   -370.1   511.0   3277.9
64   17   -285.5   491.2   3275.7
64   18   -337.4   619.9   3427.9
65   0   -337.5   710.2   3448.3
65   1   -337.9   558.8   3454.4
65   2   -462.4   539.3   3436.5
65   3   -483.0   349.7   3324.3
65   4   -347.4   542.7   3268.3
65   5   -211.3   547.2   3459.6
65   6   -165.7   353.6   3362.7
65   7   -309.2   518.4   3258.0
65   8   -339.4   370.2   3536.1
65   9   -340.4   209.3   3548.3
65   10   -424.7   135.3   3541.4
65   11   -414.5   -194.9   3555.0
65   12   -373.2   -489.3   3593.0
65   13   -255.9   135.7   3555.3
65   14   -276.1   -194.1   3567.4
65   15   -295.3   -485.3   3633.6
65   16   -370.0   510.5   3277.6
65   17   -285.3   491.0   3275.4
65   18   -337.4   619.9   3427.9
66   0   -337.5   710.2   3448.3
66   1   -337.9   558.8   3454.4
66   2   -462.4   539.3   3436.5
66   3   -483.1   349.5   3324.7
66   4   -347.6   542.3   3267.8
66   5   -211.3   547.2   3459.2
66   6   -165.7   353.4   3362.7
66   7   -309.1   518.2   3257.7
66   8   -339.4   370.0   3536.2
66   9   -340.4   209.1   3548.3
66   10   -424.7   135.3   3541.3
66   11   -414.5   -194.9   3555.0
66   12   -373.0   -491.2   3594.5
66   13   -255.9   135.7   3555.3
66   14   -276.2   -194.1   3567.4
66   15   -296.0   -486.0   3640.7
66   16   -370.2   510.2   3277.3
66   17   -285.2   490.7   3275.2
66   18   -337.4   619.9   3427.9
67   0   -337.5   710.2   3448.4
67   1   -337.9   558.8   3454.4
67   2   -462.4   539.3   3436.5
67   3   -483.0   349.7   3324.2
67   4   -347.4   542.4   3267.4
67   5   -211.2   547.2   3458.8
67   6   -165.6   353.2   3362.6
67   7   -308.8   517.9   3257.2
67   8   -339.4   369.8   3536.3
67   9   -340.4   208.9   3548.3
67   10   -424.7   135.3   3541.3
67   11   -414.5   -194.9   3554.9
67   12   -372.3   -492.8   3596.5
67   13   -255.8   135.7   3555.3
67   14   -276.2   -194.1   3567.4
67   15   -296.3   -488.7   3638.3
67   16   -370.0   510.3   3276.8
67   17   -284.9   490.4   3274.8
67   18   -337.4   619.9   3427.9
68   0   -337.5   710.2   3448.4
68   1   -337.9   558.8   3454.4
68   2   -462.4   539.3   3436.5
68   3   -483.0   349.9   3324.1
68   4   -347.3   542.4   3267.1
68   5   -211.1   547.1   3458.3
68   6   -165.6   352.9   3362.6
68   7   -308.6   517.7   3257.0
68   8   -339.4   369.7   3536.3
68   9   -340.4   208.7   3548.3
68   10   -424.8   135.2   3541.2
68   11   -414.4   -195.0   3554.8
68   12   -372.1   -494.1   3598.2
68   13   -255.8   135.6   3555.3
68   14   -276.1   -194.1   3567.4
68   15   -296.8   -492.6   3626.8
68   16   -369.9   510.3   3276.6
68   17   -284.8   490.2   3274.6
68   18   -337.4   619.9   3427.9
69   0   -337.5   710.2   3448.4
69   1   -337.9   558.8   3454.4
69   2   -462.3   539.3   3436.5
69   3   -483.2   349.9   3324.0
69   4   -347.2   542.2   3267.0
69   5   -211.0   547.1   3457.9
69   6   -165.5   352.6   3362.7
69   7   -308.3   517.5   3257.0
69   8   -339.4   369.5   3536.4
69   9   -340.4   208.6   3548.3
69   10   -424.8   135.2   3541.1
69   11   -414.5   -195.0   3554.6
69   12   -372.3   -495.3   3598.9
69   13   -255.7   135.6   3555.3
69   14   -276.1   -194.2   3567.3
69   15   -297.4   -494.0   3626.9
69   16   -369.9   510.2   3276.5
69   17   -284.5   490.0   3274.6
69   18   -337.4   619.9   3427.9
70   0   -337.5   710.3   3448.9
70   1   -337.9   558.7   3455.2
70   2   -462.3   539.3   3436.5
70   3   -484.4   350.0   3324.1
70   4   -347.0   541.2   3266.7
70   5   -210.8   547.0   3457.5
70   6   -165.2   352.1   3363.1
70   7   -307.9   517.0   3257.2
70   8   -339.3   369.1   3536.6
70   9   -340.4   208.1   3548.4
70   10   -424.8   135.2   3540.9
70   11   -414.4   -195.0   3554.7
70   12   -372.3   -496.3   3599.0
70   13   -255.7   135.5   3555.3
70   14   -276.1   -194.3   3567.1
70   15   -297.7   -495.1   3626.7
70   16   -369.9   509.3   3276.3
70   17   -284.1   489.5   3274.9
70   18   -337.4   619.9   3428.9
71   0   -337.5   710.5   3451.8
71   1   -337.9   558.3   3458.4
71   2   -462.4   539.6   3441.1
71   3   -488.6   352.8   3325.5
71   4   -342.1   534.1   3260.5
71   5   -210.3   546.7   3457.5
71   6   -162.6   351.1   3365.6
71   7   -307.6   512.0   3256.9
71   8   -339.3   367.5   3537.2
71   9   -340.4   206.5   3548.6
71   10   -424.9   135.2   3540.6
71   11   -414.2   -195.0   3554.8
71   12   -372.0   -497.1   3599.0
71   13   -255.7   135.5   3555.2
71   14   -276.1   -194.3   3566.7
71   15   -297.7   -496.1   3625.5
71   16   -366.5   503.9   3271.3
71   17   -283.5   485.1   3275.0
71   18   -337.4   619.9   3433.0
72   0   -337.5   710.8   3457.4
72   1   -337.9   557.7   3464.6
72   2   -462.3   540.1   3451.0
72   3   -502.9   358.1   3332.7
72   4   -346.2   487.4   3218.2
72   5   -210.0   546.5   3461.8
72   6   -150.5   349.3   3382.4
72   7   -289.3   481.8   3240.1
72   8   -339.3   364.8   3538.2
72   9   -340.4   203.8   3548.8
72   10   -424.9   135.2   3540.2
72   11   -414.1   -195.0   3554.8
72   12   -371.6   -497.6   3599.1
72   13   -255.6   135.6   3555.2
72   14   -276.0   -194.3   3566.1
72   15   -297.8   -496.7   3624.7
72   16   -372.3   465.9   3237.3
72   17   -266.1   459.7   3263.8
72   18   -337.4   619.9   3440.8
73   0   -337.5   711.5   3462.8
73   1   -337.9   557.3   3471.9
73   2   -462.4   540.6   3458.8
73   3   -526.1   359.0   3352.2
73   4   -431.9   400.4   3166.9
73   5   -210.1   546.5   3470.1
73   6   -127.9   350.1   3420.1
73   7   -216.9   418.2   3223.9
73   8   -339.3   362.2   3538.9
73   9   -340.4   201.1   3549.0
73   10   -424.9   135.2   3539.8
73   11   -414.0   -195.0   3554.7
73   12   -371.4   -498.0   3599.4
73   13   -255.5   135.7   3555.1
73   14   -276.0   -194.2   3565.4
73   15   -297.7   -496.9   3624.6
73   16   -447.4   393.7   3197.8
73   17   -202.2   407.0   3256.6
73   18   -337.4   620.3   3450.2
74   0   -337.5   712.1   3467.1
74   1   -337.9   557.2   3478.5
74   2   -462.4   541.1   3461.4
74   3   -549.7   359.6   3373.9
74   4   -534.9   332.2   3157.1
74   5   -210.3   546.7   3478.0
74   6   -103.6   357.3   3451.6
74   7   -112.4   356.9   3229.7
74   8   -339.3   360.4   3539.3
74   9   -340.5   199.3   3549.1
74   10   -424.8   135.2   3539.3
74   11   -414.0   -194.9   3554.5
74   12   -371.4   -498.2   3599.4
74   13   -255.4   135.8   3554.9
74   14   -275.8   -194.0   3565.2
74   15   -298.1   -496.6   3627.1
74   16   -537.2   336.8   3193.2
74   17   -111.0   357.0   3266.7
74   18   -337.4   620.9   3458.9
75   0   -337.5   712.6   3469.5
75   1   -337.9   557.4   3483.3
75   2   -462.2   541.7   3462.3
75   3   -562.5   365.2   3377.8
75   4   -643.2   280.2   3188.0
75   5   -210.4   546.7   3481.2
75   6   -86.4   368.7   3449.3
75   7   2.9   286.8   3275.1
75   8   -339.3   359.8   3539.3
75   9   -340.5   198.7   3549.0
75   10   -424.8   135.3   3538.6
75   11   -414.0   -194.8   3554.2
75   12   -371.5   -498.4   3599.2
75   13   -255.2   136.0   3554.6
75   14   -275.7   -193.8   3565.0
75   15   -297.4   -496.9   3626.0
75   16   -629.8   294.3   3219.7
75   17   -11.8   300.3   3304.2
75   18   -337.4   621.6   3465.1
76   0   -337.5   712.9   3470.4
76   1   -337.9   558.0   3485.5
76   2   -462.0   542.3   3462.5
76   3   -572.1   371.7   3377.2
76   4   -725.6   261.1   3239.7
76   5   -210.5   546.8   3481.2
76   6   -78.4   373.0   3452.3
76   7   80.4   254.1   3341.3
76   8   -339.3   360.2   3539.1
76   9   -340.5   199.1   3548.8
76   10   -424.8   135.5   3537.9
76   11   -414.0   -194.6   3553.6
76   12   -371.6   -498.5   3599.0
76   13   -255.1   136.3   3554.1
76   14   -275.5   -193.6   3564.9
76   15   -297.5   -496.7   3626.5
76   16   -700.2   279.5   3262.6
76   17   54.2   273.8   3359.8
76   18   -337.4   622.3   3468.0
77   0   -337.5   714.2   3470.7
77   1   -337.9   558.7   3485.9
77   2   -461.9   542.9   3462.0
77   3   -580.6   377.6   3376.7
77   4   -770.8   259.7   3278.3
77   5   -210.6   547.0   3478.7
77   6   -72.0   376.0   3466.8
77   7   120.6   249.0   3388.7
77   8   -339.3   361.4   3538.7
77   9   -340.4   200.3   3548.5
77   10   -424.8   135.7   3537.2
77   11   -413.9   -194.4   3552.9
77   12   -371.7   -498.3   3599.0
77   13   -254.9   136.6   3553.6
77   14   -275.4   -193.2   3564.6
77   15   -297.0   -496.7   3625.2
77   16   -739.2   279.3   3294.7
77   17   88.5   270.1   3401.7
77   18   -337.4   623.1   3468.7
78   0   -337.5   715.9   3470.5
78   1   -337.9   559.5   3485.5
78   2   -461.8   543.5   3461.2
78   3   -587.9   383.5   3375.7
78   4   -791.3   260.6   3307.2
78   5   -210.8   547.3   3477.2
78   6   -65.0   381.8   3482.4
78   7   133.7   250.1   3413.4
78   8   -339.3   362.9   3538.3
78   9   -340.4   201.8   3548.1
78   10   -424.9   136.0   3536.4
78   11   -413.8   -197.6   3552.2
78   12   -371.3   -501.4   3599.5
78   13   -254.7   137.1   3552.9
78   14   -275.6   -196.2   3564.2
78   15   -296.7   -500.0   3624.4
78   16   -757.4   281.1   3318.6
78   17   100.6   272.1   3424.9
78   18   -337.4   623.9   3468.2
79   0   -337.5   717.6   3470.1
79   1   -337.8   560.4   3484.5
79   2   -461.7   544.1   3460.2
79   3   -592.7   387.5   3375.2
79   4   -795.3   262.3   3317.4
79   5   -210.6   548.3   3476.2
79   6   -59.7   387.7   3493.3
79   7   134.9   252.8   3428.7
79   8   -339.3   364.5   3537.9
79   9   -340.4   203.4   3547.7
79   10   -424.9   136.2   3536.1
79   11   -413.7   -198.6   3551.3
79   12   -371.1   -502.4   3599.7
79   13   -254.6   137.3   3552.6
79   14   -275.7   -197.2   3563.4
79   15   -296.1   -501.4   3622.6
79   16   -761.5   283.2   3327.1
79   17   102.4   275.3   3439.5
79   18   -337.4   624.7   3467.0
80   0   -337.5   719.3   3468.9
80   1   -337.8   561.3   3483.3
80   2   -461.6   544.6   3459.3
80   3   -594.4   388.3   3376.5
80   4   -791.8   263.9   3318.8
80   5   -209.7   550.6   3475.6
80   6   -56.7   391.6   3493.8
80   7   131.4   256.5   3429.4
80   8   -339.2   366.1   3537.4
80   9   -340.4   205.0   3547.3
80   10   -424.9   136.3   3536.0
80   11   -413.7   -198.5   3550.6
80   12   -371.2   -502.3   3599.8
80   13   -254.7   137.4   3552.4
80   14   -275.8   -197.1   3562.3
80   15   -296.4   -500.9   3623.7
80   16   -758.9   284.7   3328.4
80   17   100.0   279.1   3440.1
80   18   -337.3   625.5   3465.5
81   0   -337.5   720.8   3466.6
81   1   -337.7   562.1   3481.9
81   2   -461.5   545.1   3458.4
81   3   -594.2   386.8   3379.4
81   4   -785.1   265.3   3314.7
81   5   -208.7   552.8   3475.0
81   6   -56.4   393.2   3493.1
81   7   127.2   259.4   3430.6
81   8   -339.2   367.8   3537.0
81   9   -340.4   206.7   3546.9
81   10   -424.9   136.3   3535.9
81   11   -413.8   -197.9   3549.2
81   12   -371.4   -501.6   3599.7
81   13   -254.8   137.3   3552.3
81   14   -275.9   -196.6   3560.8
81   15   -297.4   -499.4   3627.2
81   16   -753.3   285.5   3325.5
81   17   96.6   281.7   3441.1
81   18   -337.2   626.3   3463.7
82   0   -337.5   722.2   3462.6
82   1   -337.6   563.0   3480.4
82   2   -461.4   545.7   3457.6
82   3   -592.5   383.8   3383.3
82   4   -776.9   266.1   3307.9
82   5   -208.2   554.1   3474.7
82   6   -57.1   393.4   3492.2
82   7   123.0   261.4   3429.8
82   8   -339.2   369.4   3536.5
82   9   -340.4   208.4   3546.4
82   10   -424.8   136.3   3535.8
82   11   -413.7   -200.7   3548.7
82   12   -371.1   -504.2   3600.2
82   13   -255.0   137.1   3552.2
82   14   -276.2   -199.7   3559.2
82   15   -297.2   -502.3   3626.8
82   16   -746.1   285.7   3320.4
82   17   93.0   283.4   3440.2
82   18   -337.1   627.0   3461.9
83   0   -337.5   722.3   3457.9
83   1   -337.5   563.9   3479.2
83   2   -461.2   546.1   3457.2
83   3   -589.6   381.4   3384.5
83   4   -768.1   266.0   3299.6
83   5   -208.2   554.6   3474.6
83   6   -58.0   393.0   3490.8
83   7   119.6   262.8   3427.1
83   8   -339.2   371.0   3536.0
83   9   -340.4   209.9   3546.0
83   10   -424.9   136.3   3535.7
83   11   -413.5   -204.8   3548.6
83   12   -370.8   -506.2   3600.6
83   13   -255.2   136.8   3552.1
83   14   -276.5   -204.0   3558.5
83   15   -296.2   -505.3   3623.6
83   16   -738.4   285.2   3313.8
83   17   90.0   284.5   3437.7
83   18   -336.9   627.8   3460.4
84   0   -337.6   721.9   3454.5
84   1   -337.2   564.7   3478.1
84   2   -460.9   546.5   3457.1
84   3   -587.4   380.9   3383.1
84   4   -762.4   264.0   3291.6
84   5   -208.2   554.6   3474.5
84   6   -58.4   392.5   3489.2
84   7   118.6   262.5   3422.3
84   8   -339.2   372.5   3535.5
84   9   -340.4   211.5   3545.5
84   10   -424.9   136.3   3535.6
84   11   -413.5   -208.8   3549.0
84   12   -371.5   -506.7   3600.7
84   13   -255.4   136.4   3551.9
84   14   -276.8   -208.4   3558.4
84   15   -296.1   -506.2   3622.5
84   16   -733.2   283.5   3306.8
84   17   89.1   284.1   3433.5
84   18   -336.6   628.6   3459.0
85   0   -337.6   721.5   3452.7
85   1   -336.7   565.5   3477.1
85   2   -460.3   546.9   3457.1
85   3   -585.4   381.6   3379.9
85   4   -757.0   264.5   3282.7
85   5   -207.7   554.5   3474.5
85   6   -58.3   391.9   3486.9
85   7   118.0   262.9   3417.1
85   8   -339.1   374.0   3535.0
85   9   -340.3   212.9   3545.1
85   10   -425.0   136.2   3535.5
85   11   -413.6   -212.4   3549.6
85   12   -371.6   -509.3   3601.2
85   13   -255.7   135.9   3551.7
85   14   -277.1   -212.5   3558.7
85   15   -296.6   -509.1   3623.5
85   16   -728.4   284.1   3298.9
85   17   88.6   284.4   3428.7
85   18   -335.8   629.3   3457.8
86   0   -337.6   721.2   3452.1
86   1   -335.9   566.1   3476.0
86   2   -459.7   547.3   3457.0
86   3   -582.9   383.3   3374.4
86   4   -753.6   265.2   3277.6
86   5   -207.0   554.2   3474.5
86   6   -57.8   391.1   3484.6
86   7   117.9   263.8   3411.7
86   8   -339.1   375.3   3534.3
86   9   -340.3   214.2   3544.5
86   10   -425.0   136.2   3535.4
86   11   -413.7   -211.9   3549.9
86   12   -371.8   -509.3   3601.2
86   13   -255.7   135.8   3551.4
86   14   -277.0   -212.1   3559.0
86   15   -296.1   -509.6   3621.6
86   16   -725.1   284.9   3293.7
86   17   88.6   285.0   3423.9
86   18   -334.9   629.9   3456.6
87   0   -337.6   721.0   3452.1
87   1   -335.1   566.7   3475.3
87   2   -459.1   547.7   3457.0
87   3   -581.2   383.3   3373.3
87   4   -752.2   266.5   3275.0
87   5   -206.2   553.7   3474.6
87   6   -57.2   390.3   3482.2
87   7   120.0   263.5   3411.3
87   8   -339.0   376.4   3533.8
87   9   -340.3   215.3   3544.0
87   10   -425.1   136.1   3535.4
87   11   -413.8   -209.6   3549.9
87   12   -372.1   -508.0   3601.0
87   13   -255.7   135.8   3551.3
87   14   -276.8   -209.7   3559.4
87   15   -298.0   -506.8   3627.6
87   16   -723.7   286.0   3291.4
87   17   90.5   284.6   3423.2
87   18   -333.8   630.5   3455.8
88   0   -337.6   720.7   3452.2
88   1   -334.3   567.0   3474.8
88   2   -458.6   548.0   3457.0
88   3   -579.5   382.7   3373.1
88   4   -752.5   267.6   3273.4
88   5   -205.1   553.1   3474.7
88   6   -56.4   389.4   3481.4
88   7   122.9   262.8   3411.4
88   8   -339.0   377.2   3533.2
88   9   -340.3   216.1   3543.4
88   10   -425.3   136.1   3535.3
88   11   -413.8   -206.8   3549.9
88   12   -372.4   -506.4   3600.7
88   13   -255.6   135.9   3551.2
88   14   -276.7   -206.8   3559.5
88   15   -297.5   -505.2   3626.6
88   16   -723.6   286.8   3290.1
88   17   93.0   283.9   3423.1
88   18   -332.7   630.7   3455.2
89   0   -337.6   720.3   3452.4
89   1   -333.5   567.1   3474.3
89   2   -458.3   548.2   3457.0
89   3   -578.0   382.4   3372.3
89   4   -753.9   268.2   3272.3
89   5   -204.0   552.4   3474.8
89   6   -55.5   388.5   3481.0
89   7   125.7   261.5   3409.9
89   8   -338.9   377.7   3532.7
89   9   -340.3   216.6   3542.8
89   10   -425.4   136.2   3535.2
89   11   -413.8   -207.6   3549.9
89   12   -372.4   -508.1   3601.1
89   13   -255.5   136.0   3551.2
89   14   -276.9   -207.6   3559.0
89   15   -297.8   -506.6   3627.9
89   16   -724.6   287.3   3289.0
89   17   95.5   282.7   3421.8
89   18   -331.7   630.7   3454.7
90   0   -337.6   719.9   3452.5
90   1   -332.8   567.0   3474.0
90   2   -458.1   548.3   3457.0
90   3   -577.7   382.9   3371.5
90   4   -755.7   268.3   3270.9
90   5   -202.9   551.6   3475.0
90   6   -54.5   387.5   3480.6
90   7   128.1   260.3   3407.2
90   8   -338.9   378.1   3532.2
90   9   -340.3   217.0   3542.3
90   10   -425.4   136.2   3535.1
90   11   -413.7   -210.2   3550.0
90   12   -372.1   -511.3   3601.6
90   13   -255.5   136.0   3551.2
90   14   -277.2   -210.1   3558.4
90   15   -298.4   -509.3   3629.8
90   16   -726.1   287.4   3287.7
90   17   97.6   281.5   3419.4
90   18   -330.8   630.7   3454.4
91   0   -337.6   719.6   3452.6
91   1   -332.1   567.0   3473.8
91   2   -458.0   548.4   3457.0
91   3   -577.6   383.3   3370.9
91   4   -757.3   268.6   3269.1
91   5   -201.8   550.8   3475.2
91   6   -53.5   386.6   3480.2
91   7   130.3   259.2   3404.2
91   8   -338.8   378.4   3531.7
91   9   -340.3   217.3   3541.7
91   10   -425.5   136.1   3535.0
91   11   -413.7   -209.6   3549.9
91   12   -372.3   -511.4   3601.7
91   13   -255.5   136.0   3551.1
91   14   -276.7   -209.5   3558.5
91   15   -298.4   -509.5   3629.3
91   16   -727.3   287.7   3286.1
91   17   99.7   280.5   3416.9
91   18   -329.8   630.7   3454.3
92   0   -337.5   719.3   3452.7
92   1   -331.5   566.9   3473.7
92   2   -458.0   548.4   3457.0
92   3   -577.5   383.3   3370.8
92   4   -759.1   269.1   3268.2
92   5   -200.9   550.1   3475.3
92   6   -52.6   385.8   3479.7
92   7   131.9   258.8   3399.8
92   8   -338.7   378.6   3531.2
92   9   -340.3   215.8   3541.3
92   10   -425.5   136.0   3535.0
92   11   -414.0   -207.7   3549.7
92   12   -372.8   -510.0   3601.4
92   13   -255.6   135.9   3551.1
92   14   -275.7   -207.6   3559.1
92   15   -297.8   -508.9   3626.2
92   16   -728.9   288.1   3285.3
92   17   101.1   280.0   3413.1
92   18   -329.1   630.6   3454.3
93   0   -337.5   719.1   3452.7
93   1   -331.2   566.9   3473.6
93   2   -458.1   548.3   3457.0
93   3   -577.8   383.3   3370.7
93   4   -761.2   269.6   3267.7
93   5   -200.2   549.5   3475.5
93   6   -51.9   385.3   3479.1
93   7   133.8   258.5   3397.7
93   8   -338.7   378.7   3530.7
93   9   -340.3   213.6   3540.8
93   10   -425.6   136.0   3535.0
93   11   -414.2   -205.4   3549.5
93   12   -373.2   -508.1   3601.0
93   13   -255.6   135.9   3551.1
93   14   -275.4   -205.3   3559.5
93   15   -298.2   -506.9   3626.3
93   16   -730.6   288.5   3284.8
93   17   102.8   279.6   3411.3
93   18   -328.7   630.6   3454.3
94   0   -337.5   719.0   3452.8
94   1   -331.1   566.8   3473.6
94   2   -458.4   548.1   3457.0
94   3   -578.6   383.5   3370.8
94   4   -763.4   269.9   3267.6
94   5   -199.7   549.1   3475.6
94   6   -51.4   384.9   3478.2
94   7   136.0   258.5   3396.9
94   8   -338.7   378.8   3530.4
94   9   -340.3   211.4   3540.4
94   10   -425.7   135.9   3534.9
94   11   -414.2   -203.3   3549.5
94   12   -373.7   -506.4   3600.6
94   13   -255.6   135.9   3551.1
94   14   -275.2   -203.1   3559.6
94   15   -297.6   -505.4   3625.0
94   16   -732.6   288.8   3284.8
94   17   104.7   279.6   3410.4
94   18   -328.5   630.6   3454.3
95   0   -337.5   718.8   3452.8
95   1   -331.0   566.7   3473.5
95   2   -458.7   547.9   3457.0
95   3   -579.6   383.7   3371.1
95   4   -765.6   270.5   3267.7
95   5   -199.3   548.8   3475.7
95   6   -50.9   384.7   3477.3
95   7   138.4   259.1   3396.8
95   8   -338.7   378.7   3530.0
95   9   -340.3   209.5   3540.0
95   10   -425.7   135.8   3534.9
95   11   -414.2   -201.4   3549.4
95   12   -373.8   -504.8   3600.3
95   13   -255.6   135.9   3551.1
95   14   -275.0   -201.2   3559.7
95   15   -296.3   -504.3   3622.4
95   16   -734.6   289.3   3285.0
95   17   106.9   280.0   3410.2
95   18   -328.4   630.5   3454.3
96   0   -337.5   718.7   3452.8
96   1   -331.0   566.7   3473.4
96   2   -458.9   547.8   3457.0
96   3   -580.5   384.0   3371.2
96   4   -767.1   270.8   3267.5
96   5   -199.1   548.6   3475.7
96   6   -50.5   384.6   3476.9
96   7   140.8   260.4   3397.1
96   8   -338.7   378.7   3529.6
96   9   -340.3   207.9   3539.5
96   10   -425.8   135.8   3534.9
96   11   -414.0   -200.0   3549.3
96   12   -373.6   -503.5   3600.3
96   13   -255.6   135.9   3551.0
96   14   -275.4   -199.7   3559.6
96   15   -294.8   -503.6   3619.8
96   16   -736.0   289.6   3284.8
96   17   108.9   281.1   3410.4
96   18   -328.4   630.5   3454.3
97   0   -337.5   718.6   3452.9
97   1   -331.0   566.6   3473.3
97   2   -459.2   547.6   3457.0
97   3   -581.8   384.5   3371.3
97   4   -768.1   270.9   3267.2
97   5   -198.9   548.4   3475.8
97   6   -50.1   384.5   3476.7
97   7   143.0   262.5   3397.6
97   8   -338.7   378.6   3529.3
97   9   -340.3   206.6   3539.1
97   10   -425.8   135.7   3534.8
97   11   -414.1   -198.9   3548.5
97   12   -373.4   -502.4   3600.3
97   13   -255.6   135.8   3551.0
97   14   -275.9   -198.6   3559.6
97   15   -294.5   -502.7   3619.4
97   16   -737.0   289.9   3284.5
97   17   110.8   282.8   3410.8
97   18   -328.4   630.5   3454.3
98   0   -337.5   718.5   3452.9
98   1   -331.0   566.5   3473.3
98   2   -459.4   547.5   3457.0
98   3   -583.1   385.0   3371.6
98   4   -768.4   270.8   3266.9
98   5   -198.7   548.2   3475.8
98   6   -49.7   384.6   3476.7
98   7   144.9   264.8   3398.2
98   8   -338.7   378.5   3529.0
98   9   -340.3   205.5   3538.6
98   10   -425.8   135.5   3534.8
98   11   -414.3   -198.2   3548.0
98   12   -373.4   -501.7   3600.2
98   13   -255.6   135.7   3550.9
98   14   -275.7   -197.7   3559.6
98   15   -294.4   -502.2   3618.8
98   16   -737.5   289.8   3284.4
98   17   112.5   284.8   3411.3
98   18   -328.4   630.4   3454.3
99   0   -337.5   718.5   3452.9
99   1   -331.0   566.5   3473.2
99   2   -459.6   547.4   3457.0
99   3   -584.1   385.5   3371.8
99   4   -768.4   270.7   3266.8
99   5   -198.5   548.0   3475.9
99   6   -49.3   384.6   3476.7
99   7   145.8   266.6   3398.3
99   8   -338.7   378.3   3528.6
99   9   -340.3   204.7   3538.1
99   10   -425.8   135.4   3534.8
99   11   -414.3   -197.7   3547.8
99   12   -373.6   -501.3   3600.0
99   13   -255.6   135.6   3550.8
99   14   -275.4   -197.2   3559.5
99   15   -294.8   -501.6   3618.9
99   16   -737.7   289.8   3284.3
99   17   113.3   286.2   3411.4
99   18   -328.4   630.4   3454.3
100   0   -337.5   718.4   3453.0
100   1   -331.0   566.4   3473.1
100   2   -459.8   547.3   3457.0
100   3   -584.9   385.7   3371.9
100   4   -768.2   270.7   3266.9
100   5   -198.4   547.9   3475.9
100   6   -49.1   384.6   3476.7
100   7   146.3   268.1   3398.3
100   8   -338.7   378.2   3528.4
100   9   -340.3   204.0   3537.8
100   10   -425.9   135.2   3534.8
100   11   -414.4   -197.3   3547.5
100   12   -373.7   -501.0   3599.9
100   13   -255.6   135.5   3550.7
100   14   -274.5   -196.8   3559.4
100   15   -295.5   -501.0   3619.7
100   16   -737.6   289.9   3284.4
100   17   113.8   287.5   3411.4
100   18   -328.4   630.3   3454.3
101   0   -337.4   718.3   3453.0
101   1   -331.0   566.3   3473.1
101   2   -459.9   547.2   3457.0
101   3   -585.3   385.9   3371.8
101   4   -768.0   270.7   3267.0
101   5   -198.4   547.7   3476.0
101   6   -48.8   384.5   3476.8
101   7   146.5   269.1   3398.3
101   8   -338.7   378.0   3528.3
101   9   -340.3   203.4   3537.8
101   10   -425.7   134.8   3534.8
101   11   -414.4   -197.2   3547.5
101   12   -373.7   -501.0   3600.0
101   13   -255.6   135.3   3550.6
101   14   -273.1   -196.7   3559.4
101   15   -296.2   -500.6   3620.5
101   16   -737.5   289.9   3284.5
101   17   113.9   288.3   3411.4
101   18   -328.4   630.2   3454.3
102   0   -337.4   718.2   3453.0
102   1   -331.0   566.3   3473.1
102   2   -460.0   547.2   3457.0
102   3   -585.3   385.9   3371.6
102   4   -767.9   270.9   3267.2
102   5   -198.3   547.6   3476.0
102   6   -48.7   384.5   3476.8
102   7   146.6   269.7   3398.3
102   8   -338.7   377.8   3528.2
102   9   -340.3   202.9   3537.8
102   10   -425.6   134.4   3534.8
102   11   -414.7   -197.4   3547.3
102   12   -373.5   -501.1   3600.1
102   13   -255.5   135.1   3550.5
102   14   -271.9   -196.6   3559.5
102   15   -297.4   -500.1   3622.1
102   16   -737.4   290.0   3284.6
102   17   114.0   288.8   3411.4
102   18   -328.4   630.2   3454.3
103   0   -337.4   718.2   3453.0
103   1   -331.0   566.2   3473.0
103   2   -460.1   547.1   3457.0
103   3   -585.1   385.7   3371.4
103   4   -767.8   271.1   3267.4
103   5   -198.3   547.5   3476.0
103   6   -48.5   384.5   3476.8
103   7   146.6   270.0   3398.3
103   8   -338.7   377.7   3528.2
103   9   -340.3   202.5   3537.9
103   10   -425.4   133.9   3534.8
103   11   -414.7   -197.6   3547.4
103   12   -373.4   -501.3   3600.3
103   13   -255.5   134.9   3550.3
103   14   -271.8   -196.5   3559.9
103   15   -299.8   -498.8   3627.7
103   16   -737.3   290.2   3284.7
103   17   114.1   289.1   3411.4
103   18   -328.4   630.2   3454.3
104   0   -337.4   718.2   3453.0
104   1   -331.0   566.2   3473.0
104   2   -460.2   547.1   3457.0
104   3   -584.9   385.6   3371.1
104   4   -767.7   271.3   3267.6
104   5   -198.2   547.4   3476.0
104   6   -48.3   384.5   3476.8
104   7   146.7   270.5   3398.3
104   8   -338.7   377.4   3528.1
104   9   -340.3   202.1   3537.9
104   10   -425.0   133.1   3534.8
104   11   -414.9   -198.3   3547.3
104   12   -373.3   -501.9   3600.6
104   13   -255.5   134.5   3550.2
104   14   -271.7   -196.7   3560.8
104   15   -301.7   -497.4   3634.5
104   16   -737.2   290.4   3284.9
104   17   114.2   289.5   3411.4
104   18   -328.4   630.1   3454.3
105   0   -337.3   718.1   3453.0
105   1   -331.0   566.1   3473.0
105   2   -460.2   547.1   3457.0
105   3   -584.8   385.8   3370.5
105   4   -767.8   271.5   3267.8
105   5   -198.2   547.3   3476.1
105   6   -48.1   384.6   3476.8
105   7   146.9   271.1   3398.2
105   8   -338.6   377.1   3528.0
105   9   -340.3   201.7   3537.9
105   10   -424.8   132.3   3534.8
105   11   -414.5   -198.8   3547.9
105   12   -373.3   -502.7   3600.7
105   13   -255.5   134.0   3549.6
105   14   -271.9   -196.9   3562.0
105   15   -303.1   -497.2   3637.5
105   16   -737.3   290.5   3284.9
105   17   114.4   290.0   3411.3
105   18   -328.4   630.1   3454.3
106   0   -337.3   718.1   3453.0
106   1   -331.0   566.1   3472.9
106   2   -460.3   547.1   3457.0
106   3   -585.0   386.2   3369.9
106   4   -768.0   271.5   3267.9
106   5   -198.3   547.2   3476.1
106   6   -47.9   384.6   3476.8
106   7   147.0   271.3   3397.9
106   8   -338.6   376.6   3528.0
106   9   -340.3   201.3   3538.0
106   10   -425.0   132.4   3534.7
106   11   -414.6   -198.7   3547.8
106   12   -373.5   -502.6   3600.6
106   13   -255.4   133.9   3548.8
106   14   -271.8   -196.9   3563.5
106   15   -303.6   -497.7   3636.8
106   16   -737.5   290.6   3284.9
106   17   114.5   290.2   3411.1
106   18   -328.4   630.1   3454.3
107   0   -337.3   718.1   3453.0
107   1   -331.0   566.0   3472.9
107   2   -460.3   547.1   3457.0
107   3   -585.1   386.6   3369.2
107   4   -768.3   271.6   3267.9
107   5   -198.3   547.2   3476.1
107   6   -47.8   384.7   3476.8
107   7   147.1   271.4   3397.6
107   8   -338.6   376.2   3527.9
107   9   -340.3   200.9   3538.0
107   10   -425.1   132.3   3534.7
107   11   -414.8   -198.7   3547.7
107   12   -373.8   -502.7   3600.5
107   13   -255.3   133.7   3548.5
107   14   -271.8   -196.9   3564.6
107   15   -303.4   -498.8   3633.2
107   16   -737.8   290.7   3284.8
107   17   114.6   290.3   3410.8
107   18   -328.4   630.1   3454.3
108   0   -337.3   718.1   3453.0
108   1   -331.0   566.0   3472.9
108   2   -460.3   547.2   3457.0
108   3   -585.2   387.1   3368.4
108   4   -768.6   271.7   3267.8
108   5   -198.3   547.1   3476.1
108   6   -47.7   384.7   3476.8
108   7   147.2   271.6   3397.4
108   8   -338.6   375.8   3527.9
108   9   -340.3   200.6   3538.0
108   10   -425.1   132.2   3534.6
108   11   -414.6   -198.8   3548.0
108   12   -374.0   -503.0   3600.3
108   13   -255.3   133.6   3548.5
108   14   -272.0   -196.9   3565.4
108   15   -302.4   -500.5   3627.2
108   16   -738.0   290.9   3284.5
108   17   114.8   290.4   3410.7
108   18   -328.4   630.0   3454.3
109   0   -337.3   718.0   3453.0
109   1   -331.0   566.0   3472.9
109   2   -460.3   547.2   3457.0
109   3   -585.2   387.5   3367.5
109   4   -768.9   271.9   3267.6
109   5   -198.4   547.0   3476.1
109   6   -47.6   384.7   3476.8
109   7   147.4   271.5   3397.3
109   8   -338.7   375.4   3528.0
109   9   -340.3   200.2   3538.0
109   10   -425.0   131.9   3534.6
109   11   -414.5   -199.0   3548.1
109   12   -374.4   -503.4   3600.2
109   13   -255.3   133.4   3548.6
109   14   -272.1   -197.0   3566.7
109   15   -301.6   -501.6   3624.4
109   16   -738.3   291.2   3284.2
109   17   114.9   290.4   3410.5
109   18   -328.4   630.0   3454.3
110   0   -337.3   718.0   3453.0
110   1   -331.0   565.9   3472.9
110   2   -460.3   547.2   3457.0
110   3   -585.2   388.0   3366.7
110   4   -769.3   272.2   3267.3
110   5   -198.5   546.9   3476.2
110   6   -47.5   384.8   3476.8
110   7   147.4   271.3   3397.2
110   8   -338.7   375.0   3528.0
110   9   -340.3   199.9   3538.0
110   10   -424.9   131.6   3534.5
110   11   -407.4   -198.4   3557.3
110   12   -374.4   -504.9   3600.4
110   13   -255.4   133.1   3548.6
110   14   -272.2   -197.3   3567.1
110   15   -301.4   -502.3   3623.0
110   16   -738.6   291.5   3283.9
110   17   114.9   290.2   3410.5
110   18   -328.4   630.0   3454.3
111   0   -337.3   718.0   3453.0
111   1   -331.0   565.9   3472.8
111   2   -460.3   547.3   3457.0
111   3   -585.2   388.2   3366.3
111   4   -769.5   272.6   3266.6
111   5   -198.6   546.9   3476.2
111   6   -47.4   384.8   3476.8
111   7   147.5   271.1   3397.1
111   8   -338.7   374.6   3528.0
111   9   -340.3   199.5   3538.1
111   10   -425.0   131.5   3534.4
111   11   -410.7   -198.9   3553.2
111   12   -374.4   -504.6   3600.3
111   13   -255.4   133.0   3548.7
111   14   -272.7   -197.5   3567.3
111   15   -301.5   -502.8   3622.1
111   16   -738.7   291.9   3283.3
111   17   115.0   290.0   3410.4
111   18   -328.4   630.0   3454.3
112   0   -337.3   718.0   3453.0
112   1   -331.0   565.8   3472.8
112   2   -460.3   547.4   3457.0
112   3   -585.1   388.2   3366.2
112   4   -769.7   273.2   3265.9
112   5   -198.7   546.8   3476.2
112   6   -47.2   384.9   3476.8
112   7   147.7   270.9   3396.9
112   8   -338.7   374.3   3528.1
112   9   -340.3   199.2   3538.1
112   10   -425.1   131.5   3534.4
112   11   -412.8   -199.2   3550.7
112   12   -374.3   -504.4   3600.2
112   13   -255.3   132.9   3548.7
112   14   -274.0   -197.6   3567.0
112   15   -301.5   -503.3   3620.9
112   16   -738.9   292.3   3282.6
112   17   115.2   289.9   3410.2
112   18   -328.4   629.9   3454.3
113   0   -337.3   718.0   3453.0
113   1   -331.0   565.7   3472.9
113   2   -460.3   547.4   3457.0
113   3   -585.1   388.2   3366.2
113   4   -770.1   273.6   3265.5
113   5   -198.8   546.7   3476.2
113   6   -47.1   385.0   3476.7
113   7   148.0   270.8   3396.7
113   8   -338.7   374.0   3528.2
113   9   -340.3   198.8   3538.2
113   10   -425.3   131.6   3534.4
113   11   -414.0   -199.3   3549.3
113   12   -374.1   -504.2   3600.2
113   13   -255.3   132.8   3548.7
113   14   -274.9   -197.7   3565.3
113   15   -301.6   -503.5   3619.5
113   16   -739.3   292.7   3282.2
113   17   115.4   289.8   3410.1
113   18   -328.4   629.9   3454.3
114   0   -337.3   718.0   3453.0
114   1   -331.0   565.7   3472.9
114   2   -460.2   547.5   3457.0
114   3   -585.1   388.2   3366.1
114   4   -770.4   274.1   3265.1
114   5   -198.9   546.7   3476.2
114   6   -47.0   385.0   3476.7
114   7   148.1   270.7   3396.6
114   8   -338.7   373.7   3528.2
114   9   -340.3   198.5   3538.2
114   10   -425.4   131.7   3534.4
114   11   -407.4   -198.4   3557.7
114   12   -373.9   -505.3   3600.4
114   13   -255.2   132.7   3548.8
114   14   -275.1   -197.9   3564.6
114   15   -301.7   -504.0   3617.7
114   16   -739.5   293.1   3281.9
114   17   115.6   289.7   3409.9
114   18   -328.4   629.8   3454.3
115   0   -337.3   718.0   3453.0
115   1   -331.0   565.6   3472.9
115   2   -460.2   547.6   3457.0
115   3   -585.1   388.2   3366.2
115   4   -770.7   274.5   3264.8
115   5   -199.1   546.6   3476.2
115   6   -47.0   385.0   3476.7
115   7   148.3   270.6   3396.5
115   8   -338.7   373.5   3528.3
115   9   -340.3   198.2   3538.3
115   10   -425.8   132.4   3534.3
115   11   -411.0   -198.3   3553.3
115   12   -373.9   -504.3   3600.3
115   13   -255.2   132.8   3548.8
115   14   -275.2   -198.0   3564.2
115   15   -301.7   -504.6   3614.8
115   16   -739.8   293.5   3281.7
115   17   115.7   289.6   3409.9
115   18   -328.4   629.8   3454.3
116   0   -337.3   718.0   3453.0
116   1   -331.0   565.6   3472.9
116   2   -460.1   547.6   3457.0
116   3   -585.0   388.1   3366.2
116   4   -770.9   275.0   3264.6
116   5   -199.2   546.6   3476.2
116   6   -46.9   385.1   3476.7
116   7   148.3   270.5   3396.4
116   8   -338.7   373.4   3528.3
116   9   -340.3   198.0   3538.4
116   10   -426.4   133.5   3534.3
116   11   -412.9   -197.6   3550.6
116   12   -373.9   -503.1   3600.2
116   13   -255.1   132.9   3548.8
116   14   -275.7   -197.9   3563.9
116   15   -301.5   -505.0   3613.1
116   16   -739.9   293.9   3281.5
116   17   115.8   289.6   3409.8
116   18   -328.4   629.8   3454.3
117   0   -337.3   717.9   3453.0
117   1   -331.0   565.5   3472.9
117   2   -460.1   547.7   3457.0
117   3   -584.9   388.0   3366.2
117   4   -771.2   275.6   3264.3
117   5   -199.2   546.7   3476.2
117   6   -46.9   385.1   3476.7
117   7   148.4   270.5   3396.4
117   8   -338.7   373.2   3528.4
117   9   -340.3   197.7   3538.5
117   10   -426.7   134.0   3534.3
117   11   -413.5   -197.3   3549.0
117   12   -373.7   -502.7   3600.1
117   13   -255.1   133.1   3548.8
117   14   -275.4   -197.9   3563.3
117   15   -301.3   -505.1   3612.7
117   16   -740.1   294.3   3281.3
117   17   115.8   289.6   3409.8
117   18   -328.4   629.7   3454.3
118   0   -337.3   717.9   3453.0
118   1   -331.0   565.4   3472.9
118   2   -460.1   547.8   3457.0
118   3   -584.9   387.9   3366.2
118   4   -771.1   276.0   3263.4
118   5   -199.2   546.8   3476.2
118   6   -46.8   385.0   3476.7
118   7   148.5   270.4   3396.3
118   8   -338.7   373.0   3528.4
118   9   -340.3   197.5   3538.6
118   10   -426.8   134.3   3534.3
118   11   -413.6   -200.6   3548.3
118   12   -373.1   -505.8   3600.6
118   13   -255.0   133.3   3548.8
118   14   -276.0   -201.2   3562.9
118   15   -301.5   -508.3   3613.7
118   16   -740.0   294.6   3280.6
118   17   115.9   289.5   3409.7
118   18   -328.4   629.6   3454.3
119   0   -337.3   717.9   3453.0
119   1   -331.0   565.3   3472.9
119   2   -460.1   547.8   3457.0
119   3   -584.9   387.8   3366.2
119   4   -770.9   276.2   3262.4
119   5   -199.2   546.8   3476.2
119   6   -46.8   385.0   3476.7
119   7   148.7   270.4   3396.2
119   8   -338.7   372.9   3528.5
119   9   -340.3   197.3   3538.7
119   10   -426.8   134.5   3534.3
119   11   -413.6   -201.7   3548.1
119   12   -372.9   -507.0   3600.8
119   13   -255.0   133.5   3548.8
119   14   -276.0   -202.4   3562.5
119   15   -301.6   -509.1   3616.1
119   16   -739.9   294.8   3279.7
119   17   116.1   289.5   3409.6
119   18   -328.4   629.6   3454.3
120   0   -337.3   717.9   3453.0
120   1   -331.0   565.2   3472.9
120   2   -460.1   547.8   3457.0
120   3   -584.9   387.7   3366.2
120   4   -770.8   276.4   3261.3
120   5   -199.2   546.9   3476.2
120   6   -46.7   385.0   3476.7
120   7   149.0   270.3   3396.1
120   8   -338.7   372.7   3528.5
120   9   -340.3   197.1   3538.9
120   10   -426.7   134.5   3534.3
120   11   -413.6   -201.8   3548.0
120   12   -372.8   -507.3   3600.8
120   13   -255.2   133.3   3548.8
120   14   -275.5   -202.7   3562.1
120   15   -301.7   -509.4   3617.2
120   16   -739.8   294.9   3278.7
120   17   116.4   289.4   3409.5
120   18   -328.4   629.5   3454.3
121   0   -337.3   717.9   3454.0
121   1   -331.0   565.1   3472.9
121   2   -460.1   547.9   3457.0
121   3   -584.9   387.6   3366.1
121   4   -770.9   276.3   3260.7
121   5   -199.2   546.9   3476.2
121   6   -46.5   384.9   3476.7
121   7   149.4   270.2   3395.9
121   8   -338.7   372.6   3528.6
121   9   -340.3   196.9   3539.1
121   10   -426.6   134.5   3534.3
121   11   -413.6   -201.5   3548.1
121   12   -372.7   -507.2   3600.7
121   13   -255.2   133.3   3548.8
121   14   -275.3   -202.4   3562.0
121   15   -301.7   -509.2   3617.6
121   16   -739.9   294.9   3278.3
121   17   116.7   289.3   3409.4
121   18   -328.4   629.4   3454.3
122   0   -337.3   717.8   3455.4
122   1   -331.0   564.9   3473.0
122   2   -460.1   547.9   3457.0
122   3   -584.9   387.4   3366.1
122   4   -771.0   276.3   3260.4
122   5   -199.2   546.9   3476.2
122   6   -46.4   384.9   3476.9
122   7   149.6   270.3   3395.7
122   8   -338.7   372.5   3528.6
122   9   -340.3   196.7   3539.3
122   10   -426.5   134.4   3534.3
122   11   -413.6   -201.1   3548.1
122   12   -372.7   -507.0   3600.6
122   13   -255.3   133.3   3548.8
122   14   -275.1   -201.9   3562.2
122   15   -301.9   -508.7   3618.5
122   16   -740.0   294.8   3278.0
122   17   117.0   289.4   3409.2
122   18   -328.4   629.3   3454.3
123   0   -337.3   717.8   3457.3
123   1   -331.0   564.8   3473.0
123   2   -460.1   547.9   3457.0
123   3   -584.9   387.3   3366.0
123   4   -771.2   276.2   3260.1
123   5   -199.2   546.9   3476.2
123   6   -46.2   384.8   3477.2
123   7   149.9   270.3   3395.4
123   8   -338.8   372.3   3528.7
123   9   -340.3   196.5   3539.5
123   10   -426.4   134.3   3534.3
123   11   -406.9   -199.7   3557.4
123   12   -372.7   -508.0   3600.6
123   13   -255.2   133.4   3548.8
123   14   -275.0   -201.3   3562.3
123   15   -302.1   -508.1   3619.8
123   16   -740.2   294.8   3277.8
123   17   117.2   289.4   3409.0
123   18   -328.4   629.3   3454.3
124   0   -337.3   717.7   3459.3
124   1   -331.0   564.7   3473.0
124   2   -460.1   548.0   3457.0
124   3   -585.0   387.1   3366.0
124   4   -771.4   276.2   3259.8
124   5   -199.2   546.9   3476.2
124   6   -45.9   384.8   3477.5
124   7   150.1   270.4   3395.1
124   8   -338.8   372.2   3528.7
124   9   -340.3   196.3   3539.8
124   10   -426.3   134.3   3534.4
124   11   -403.2   -198.9   3562.4
124   12   -372.8   -508.5   3600.7
124   13   -255.2   133.6   3548.8
124   14   -275.7   -200.8   3562.4
124   15   -302.2   -507.8   3620.4
124   16   -740.4   294.7   3277.5
124   17   117.5   289.5   3408.8
124   18   -328.4   629.2   3454.3
125   0   -337.3   717.6   3461.3
125   1   -331.0   564.6   3473.0
125   2   -460.1   548.0   3457.0
125   3   -585.0   386.9   3366.0
125   4   -771.6   276.1   3259.7
125   5   -199.2   546.9   3476.2
125   6   -45.7   384.8   3477.9
125   7   150.4   270.6   3394.8
125   8   -338.8   372.1   3528.8
125   9   -340.3   196.2   3540.0
125   10   -426.2   134.4   3534.4
125   11   -401.5   -198.4   3564.7
125   12   -372.9   -508.8   3600.7
125   13   -255.1   133.8   3548.8
125   14   -276.9   -200.3   3562.6
125   15   -303.0   -507.0   3623.2
125   16   -740.5   294.6   3277.4
125   17   117.7   289.6   3408.6
125   18   -328.4   629.1   3454.3
126   0   -337.3   717.5   3463.9
126   1   -331.0   564.5   3473.1
126   2   -460.1   548.1   3457.0
126   3   -585.1   386.8   3365.9
126   4   -771.8   276.0   3259.5
126   5   -199.2   546.9   3476.2
126   6   -45.5   384.8   3478.0
126   7   150.6   270.6   3394.6
126   8   -338.8   372.0   3528.9
126   9   -340.3   196.1   3540.1
126   10   -426.2   134.4   3534.4
126   11   -407.5   -201.1   3556.5
126   12   -372.9   -509.9   3600.9
126   13   -255.0   134.0   3548.8
126   14   -278.9   -201.8   3562.6
126   15   -303.4   -508.4   3625.7
126   16   -740.7   294.5   3277.2
126   17   118.0   289.7   3408.5
126   18   -328.4   629.1   3454.4
127   0   -337.3   717.4   3466.1
127   1   -331.0   564.4   3473.1
127   2   -460.1   548.1   3457.0
127   3   -585.2   386.6   3365.9
127   4   -772.0   275.9   3259.4
127   5   -199.2   546.9   3476.2
127   6   -45.4   384.7   3478.3
127   7   150.8   270.7   3394.4
127   8   -338.8   371.9   3528.9
127   9   -340.3   195.9   3540.1
127   10   -426.1   134.5   3534.4
127   11   -410.8   -205.4   3552.0
127   12   -372.4   -513.3   3601.6
127   13   -255.1   134.0   3548.9
127   14   -279.8   -205.6   3561.7
127   15   -303.5   -512.1   3627.4
127   16   -740.9   294.3   3277.1
127   17   118.1   289.7   3408.3
127   18   -328.4   629.0   3454.4
128   0   -337.3   717.4   3467.1
128   1   -331.0   564.3   3473.1
128   2   -460.1   548.2   3457.0
128   3   -585.3   386.5   3365.8
128   4   -772.2   275.8   3259.3
128   5   -199.3   546.9   3476.2
128   6   -44.8   384.9   3478.5
128   7   150.9   270.4   3394.1
128   8   -338.8   371.8   3529.0
128   9   -340.3   195.8   3540.1
128   10   -426.1   134.5   3534.5
128   11   -412.1   -209.8   3550.1
128   12   -371.8   -517.3   3602.5
128   13   -255.1   134.1   3548.9
128   14   -280.8   -209.7   3561.0
128   15   -303.4   -516.4   3627.4
128   16   -741.1   294.2   3277.0
128   17   118.3   289.5   3408.2
128   18   -328.4   629.0   3454.4
129   0   -337.3   717.5   3467.4
129   1   -331.0   564.2   3473.2
129   2   -460.1   548.2   3457.0
129   3   -585.4   386.4   3365.7
129   4   -772.4   275.7   3259.2
129   5   -199.3   547.0   3476.2
129   6   -44.1   385.3   3478.6
129   7   151.1   270.0   3393.9
129   8   -338.8   371.7   3529.0
129   9   -340.3   195.7   3540.1
129   10   -426.0   134.5   3534.5
129   11   -412.6   -213.2   3549.3
129   12   -371.2   -520.8   3603.1
129   13   -255.1   134.2   3548.9
129   14   -281.2   -212.9   3560.1
129   15   -303.9   -519.4   3628.9
129   16   -741.3   294.1   3276.9
129   17   118.6   289.2   3408.0
129   18   -328.4   629.0   3454.4
130   0   -337.3   717.6   3467.4
130   1   -331.0   564.1   3473.2
130   2   -460.2   548.2   3457.0
130   3   -585.5   386.2   3365.6
130   4   -772.6   275.6   3259.1
130   5   -199.3   547.0   3476.2
130   6   -43.3   385.8   3478.7
130   7   151.3   269.6   3393.7
130   8   -338.8   371.6   3529.0
130   9   -340.3   195.5   3540.2
130   10   -426.0   134.5   3534.6
130   11   -412.6   -216.5   3549.2
130   12   -370.7   -524.2   3603.6
130   13   -255.0   134.4   3549.0
130   14   -280.8   -216.0   3559.6
130   15   -303.5   -523.1   3627.3
130   16   -741.5   294.0   3276.9
130   17   118.9   289.0   3407.9
130   18   -328.4   628.9   3454.4
131   0   -337.3   717.6   3467.2
131   1   -331.0   564.0   3473.2
131   2   -460.2   548.3   3457.0
131   3   -585.7   386.1   3365.6
131   4   -772.8   275.5   3259.1
131   5   -199.3   547.0   3476.2
131   6   -42.9   385.8   3478.8
131   7   151.6   269.6   3393.6
131   8   -338.8   371.4   3529.1
131   9   -340.3   195.4   3540.3
131   10   -426.1   134.5   3534.8
131   11   -412.6   -219.7   3549.2
131   12   -370.3   -527.7   3604.2
131   13   -254.9   134.5   3549.1
131   14   -280.1   -219.2   3559.4
131   15   -302.9   -527.0   3625.4
131   16   -741.6   293.9   3276.8
131   17   119.1   289.0   3407.8
131   18   -328.4   628.9   3454.4
132   0   -337.3   717.7   3467.0
132   1   -331.0   563.8   3473.3
132   2   -460.2   548.3   3457.0
132   3   -586.0   386.0   3365.6
132   4   -773.0   275.4   3259.1
132   5   -199.3   547.0   3476.2
132   6   -42.7   385.7   3478.8
132   7   151.8   269.7   3393.5
132   8   -338.8   371.3   3529.1
132   9   -340.3   195.3   3540.3
132   10   -426.1   134.5   3535.0
132   11   -412.4   -222.7   3549.3
132   12   -369.8   -530.8   3605.0
132   13   -254.8   134.6   3549.2
132   14   -279.4   -222.1   3559.4
132   15   -303.4   -530.0   3626.3
132   16   -741.8   293.8   3276.9
132   17   119.4   289.0   3407.8
132   18   -328.4   628.8   3454.4
133   0   -337.3   717.7   3466.9
133   1   -331.0   563.7   3473.3
133   2   -460.2   548.4   3457.0
133   3   -586.2   385.8   3365.6
133   4   -773.1   275.3   3259.2
133   5   -199.3   547.0   3476.2
133   6   -42.5   385.5   3478.8
133   7   152.0   269.8   3393.8
133   8   -338.8   371.1   3529.2
133   9   -340.3   195.1   3540.3
133   10   -426.1   134.4   3535.0
133   11   -412.3   -224.9   3549.4
133   12   -369.5   -533.3   3605.7
133   13   -254.7   134.7   3549.2
133   14   -279.8   -224.2   3559.5
133   15   -303.1   -532.7   3625.4
133   16   -742.0   293.7   3277.0
133   17   119.6   289.1   3408.0
133   18   -328.4   628.8   3454.4
134   0   -337.3   717.8   3466.8
134   1   -331.0   563.6   3473.4
134   2   -460.2   548.4   3457.0
134   3   -586.6   385.7   3365.7
134   4   -773.4   275.2   3259.8
134   5   -199.3   547.0   3476.2
134   6   -42.3   385.4   3478.9
134   7   152.2   269.9   3394.3
134   8   -338.8   370.9   3529.2
134   9   -340.3   194.9   3540.3
134   10   -426.1   134.3   3535.1
134   11   -412.2   -226.7   3549.4
134   12   -369.2   -535.2   3606.5
134   13   -254.7   134.5   3549.2
134   14   -280.0   -225.9   3559.6
134   15   -303.3   -534.7   3626.1
134   16   -742.3   293.6   3277.5
134   17   119.8   289.2   3408.4
134   18   -328.4   628.7   3454.5
135   0   -337.3   717.8   3466.8
135   1   -331.0   563.4   3473.4
135   2   -460.3   548.5   3457.0
135   3   -586.8   385.5   3365.8
135   4   -773.6   275.1   3260.8
135   5   -199.3   547.0   3476.2
135   6   -42.0   385.2   3478.9
135   7   152.3   270.1   3394.7
135   8   -338.8   370.6   3529.2
135   9   -340.3   194.7   3540.2
135   10   -426.2   134.2   3535.1
135   11   -412.3   -228.0   3549.2
135   12   -368.8   -536.6   3607.5
135   13   -254.8   134.3   3549.3
135   14   -280.2   -227.3   3559.6
135   15   -304.7   -535.4   3630.8
135   16   -742.5   293.5   3278.3
135   17   120.0   289.3   3408.7
135   18   -328.4   628.6   3454.6
136   0   -337.3   717.8   3466.8
136   1   -331.0   563.3   3473.5
136   2   -460.3   548.5   3457.1
136   3   -586.9   385.2   3365.9
136   4   -773.9   275.1   3261.9
136   5   -199.3   547.0   3476.2
136   6   -41.8   385.1   3479.0
136   7   152.5   270.3   3395.3
136   8   -338.8   370.3   3529.2
136   9   -340.3   194.5   3540.1
136   10   -426.2   134.0   3535.1
136   11   -412.4   -228.9   3549.0
136   12   -368.3   -537.6   3608.4
136   13   -254.9   134.1   3549.3
136   14   -280.4   -228.3   3559.7
136   15   -306.0   -535.6   3635.3
136   16   -742.7   293.4   3279.2
136   17   120.1   289.5   3409.3
136   18   -328.4   628.6   3454.7
137   0   -337.3   717.8   3466.8
137   1   -331.0   563.1   3473.6
137   2   -460.3   548.6   3457.1
137   3   -586.8   384.7   3366.0
137   4   -773.8   275.3   3262.5
137   5   -199.3   547.0   3476.2
137   6   -41.5   385.0   3479.3
137   7   152.7   270.5   3396.4
137   8   -338.8   369.7   3529.1
137   9   -340.3   194.2   3540.1
137   10   -426.2   133.8   3535.2
137   11   -412.4   -229.4   3548.9
137   12   -368.1   -538.5   3608.9
137   13   -254.9   133.8   3549.4
137   14   -280.5   -228.9   3559.7
137   15   -305.4   -537.0   3633.8
137   16   -742.7   293.5   3279.7
137   17   120.3   289.6   3410.2
137   18   -328.4   628.5   3454.8
138   0   -337.3   717.8   3466.8
138   1   -331.0   562.9   3473.7
138   2   -460.4   548.7   3457.2
138   3   -586.7   384.2   3366.3
138   4   -773.6   275.5   3262.8
138   5   -199.3   547.0   3476.3
138   6   -41.2   384.8   3479.6
138   7   153.1   270.6   3397.9
138   8   -338.8   369.0   3529.0
138   9   -340.3   193.9   3539.9
138   10   -426.3   133.6   3535.3
138   11   -412.4   -229.1   3548.6
138   12   -368.2   -538.5   3608.9
138   13   -254.9   133.7   3549.5
138   14   -280.9   -228.5   3559.6
138   15   -306.0   -536.4   3636.5
138   16   -742.5   293.6   3280.1
138   17   120.7   289.7   3411.6
138   18   -328.4   628.5   3455.0
139   0   -337.3   717.8   3466.8
139   1   -331.0   562.7   3473.7
139   2   -460.5   548.9   3457.3
139   3   -586.6   383.7   3366.6
139   4   -773.3   275.8   3263.1
139   5   -199.3   547.0   3476.4
139   6   -40.9   384.7   3480.1
139   7   153.7   270.6   3400.4
139   8   -338.8   368.2   3528.9
139   9   -340.3   193.5   3539.9
139   10   -426.3   133.4   3535.5
139   11   -412.4   -228.9   3548.5
139   12   -368.3   -538.7   3609.2
139   13   -254.8   133.5   3549.7
139   14   -280.8   -228.2   3559.5
139   15   -306.1   -536.1   3638.0
139   16   -742.2   293.8   3280.3
139   17   121.3   289.6   3413.7
139   18   -328.4   628.4   3455.1
140   0   -337.3   717.9   3466.8
140   1   -331.0   562.6   3473.9
140   2   -460.6   549.0   3457.4
140   3   -586.6   383.3   3366.8
140   4   -773.1   275.9   3263.4
140   5   -199.3   546.9   3476.5
140   6   -40.5   384.7   3480.6
140   7   153.9   270.7   3401.6
140   8   -338.7   367.2   3528.9
140   9   -340.3   193.1   3539.8
140   10   -426.5   133.3   3535.7
140   11   -412.5   -228.0   3548.4
140   12   -368.5   -538.0   3610.1
140   13   -254.7   133.5   3550.1
140   14   -281.1   -227.2   3559.6
140   15   -306.9   -534.0   3643.8
140   16   -742.0   293.8   3280.6
140   17   121.5   289.7   3414.8
140   18   -328.4   628.3   3455.3
141   0   -337.3   717.9   3466.9
141   1   -331.0   562.4   3474.0
141   2   -460.7   549.2   3457.6
141   3   -586.7   383.1   3367.0
141   4   -774.1   275.3   3263.0
141   5   -199.2   546.9   3476.6
141   6   -40.1   384.6   3481.1
141   7   155.8   270.0   3403.6
141   8   -338.7   366.1   3528.8
141   9   -340.3   192.7   3539.9
141   10   -426.6   133.2   3536.1
141   11   -412.5   -228.0   3548.4
141   12   -368.4   -538.1   3612.3
141   13   -254.6   133.4   3550.6
141   14   -280.7   -227.3   3559.4
141   15   -307.8   -532.1   3651.3
141   16   -742.9   293.3   3280.3
141   17   123.2   289.1   3416.5
141   18   -328.4   628.3   3455.5
142   0   -337.3   717.9   3466.9
142   1   -331.0   562.2   3474.1
142   2   -460.8   549.4   3457.8
142   3   -586.9   382.9   3367.2
142   4   -775.7   274.3   3262.7
142   5   -199.2   546.9   3476.7
142   6   -39.8   384.5   3481.3
142   7   157.9   269.1   3403.9
142   8   -338.7   365.0   3528.9
142   9   -340.3   192.2   3539.9
142   10   -426.8   133.1   3536.6
142   11   -412.5   -228.7   3548.3
142   12   -368.6   -539.1   3612.9
142   13   -254.5   133.4   3551.3
142   14   -280.5   -227.9   3559.6
142   15   -307.2   -534.9   3645.8
142   16   -744.3   292.4   3280.1
142   17   124.9   288.3   3416.8
142   18   -328.4   628.2   3455.8
143   0   -337.3   717.9   3466.9
143   1   -331.0   562.0   3474.3
143   2   -460.9   549.6   3458.0
143   3   -587.1   382.7   3367.5
143   4   -777.6   273.2   3262.8
143   5   -199.2   546.9   3476.7
143   6   -39.4   384.4   3481.7
143   7   159.6   268.3   3403.3
143   8   -338.7   363.8   3528.9
143   9   -340.3   191.7   3539.9
143   10   -426.9   133.0   3537.0
143   11   -412.6   -228.1   3548.1
143   12   -369.6   -539.2   3611.7
143   13   -254.4   133.3   3552.0
143   14   -280.9   -227.1   3559.7
143   15   -306.3   -536.3   3639.9
143   16   -745.9   291.5   3280.3
143   17   126.5   287.6   3416.4
143   18   -328.4   628.2   3456.0
144   0   -337.3   717.9   3466.9
144   1   -331.0   561.8   3474.4
144   2   -461.0   549.8   3458.2
144   3   -587.4   382.5   3367.9
144   4   -779.2   272.3   3262.4
144   5   -199.2   546.9   3476.9
144   6   -39.1   384.3   3482.3
144   7   161.1   267.8   3402.2
144   8   -338.7   362.5   3528.9
144   9   -340.3   191.2   3539.9
144   10   -427.0   132.9   3537.5
144   11   -412.7   -226.8   3547.8
144   12   -371.1   -536.4   3609.5
144   13   -254.4   133.3   3552.7
144   14   -282.0   -225.7   3559.8
144   15   -305.7   -533.5   3637.5
144   16   -747.2   290.7   3280.0
144   17   127.7   287.2   3415.6
144   18   -328.4   628.1   3456.3
145   0   -337.3   717.9   3466.9
145   1   -331.0   561.6   3474.6
145   2   -461.1   550.0   3458.5
145   3   -587.7   382.4   3368.3
145   4   -780.4   271.6   3261.8
145   5   -199.2   546.9   3477.0
145   6   -38.8   384.1   3482.6
145   7   162.4   267.5   3401.1
145   8   -338.8   361.2   3529.0
145   9   -340.3   190.7   3540.0
145   10   -427.1   132.8   3538.0
145   11   -412.7   -225.3   3547.6
145   12   -372.0   -532.0   3608.3
145   13   -254.4   133.3   3553.4
145   14   -282.6   -224.0   3559.3
145   15   -305.2   -528.7   3637.4
145   16   -748.3   290.1   3279.6
145   17   128.9   286.9   3414.7
145   18   -328.4   628.0   3456.5
146   0   -337.3   717.9   3466.9
146   1   -331.0   561.4   3474.7
146   2   -461.2   550.2   3458.9
146   3   -588.1   382.2   3368.8
146   4   -781.5   271.0   3261.2
146   5   -199.2   546.9   3477.1
146   6   -38.6   383.9   3482.7
146   7   163.8   267.2   3400.4
146   8   -338.8   359.9   3529.0
146   9   -340.3   190.1   3540.0
146   10   -427.2   132.7   3538.7
146   11   -412.8   -223.9   3547.4
146   12   -372.4   -530.2   3607.8
146   13   -254.4   133.3   3554.4
146   14   -282.4   -222.5   3558.4
146   15   -305.0   -526.2   3638.2
146   16   -749.2   289.6   3279.2
146   17   130.1   286.7   3414.1
146   18   -328.4   627.9   3456.8
147   0   -337.4   719.0   3467.0
147   1   -331.0   561.2   3475.0
147   2   -461.3   550.4   3459.3
147   3   -588.5   382.2   3369.3
147   4   -780.8   271.3   3261.6
147   5   -199.2   546.9   3477.3
147   6   -38.5   383.5   3482.7
147   7   163.5   268.1   3400.6
147   8   -338.8   358.6   3529.1
147   9   -340.3   189.5   3540.0
147   10   -427.2   132.5   3539.3
147   11   -412.8   -222.4   3547.1
147   12   -372.6   -529.7   3607.5
147   13   -254.5   133.3   3555.6
147   14   -282.0   -220.9   3557.4
147   15   -304.9   -524.7   3640.6
147   16   -748.8   289.8   3279.6
147   17   129.9   287.3   3414.3
147   18   -328.5   627.9   3457.2
148   0   -337.5   720.4   3467.2
148   1   -331.0   561.0   3475.4
148   2   -461.4   550.5   3459.9
148   3   -589.0   382.2   3369.9
148   4   -779.5   272.0   3262.3
148   5   -199.2   546.9   3477.7
148   6   -38.2   383.3   3482.7
148   7   162.7   269.3   3401.2
148   8   -338.8   357.4   3529.3
148   9   -340.3   189.0   3540.0
148   10   -427.3   132.5   3539.9
148   11   -412.7   -220.7   3546.7
148   12   -372.9   -527.4   3606.9
148   13   -254.5   133.3   3556.2
148   14   -281.9   -219.2   3556.3
148   15   -304.6   -522.0   3640.4
148   16   -747.7   290.4   3280.2
148   17   129.2   288.3   3414.8
148   18   -328.5   627.8   3457.7
149   0   -337.7   721.9   3467.4
149   1   -331.0   560.8   3475.8
149   2   -461.5   550.7   3460.4
149   3   -589.5   382.4   3370.2
149   4   -779.6   271.8   3262.0
149   5   -199.2   546.9   3478.2
149   6   -38.0   383.2   3482.6
149   7   163.1   269.3   3401.0
149   8   -338.8   356.3   3529.5
149   9   -340.3   188.4   3540.0
149   10   -427.4   132.4   3540.6
149   11   -412.6   -218.8   3546.3
149   12   -373.3   -524.5   3606.4
149   13   -254.5   133.2   3556.5
149   14   -281.9   -217.3   3555.2
149   15   -304.3   -519.4   3637.8
149   16   -747.9   290.3   3280.0
149   17   129.6   288.2   3414.6
149   18   -328.5   627.7   3458.2
150   0   -337.8   723.2   3467.5
150   1   -331.1   560.6   3476.2
150   2   -461.7   550.9   3461.0
150   3   -590.2   382.7   3370.5
150   4   -780.4   271.1   3261.3
150   5   -199.2   546.9   3478.8
150   6   -37.8   382.8   3482.6
150   7   164.1   268.6   3400.4
150   8   -338.8   355.3   3529.7
150   9   -340.3   187.8   3540.0
150   10   -427.4   132.3   3541.6
150   11   -412.6   -217.0   3546.0
150   12   -373.8   -521.7   3605.8
150   13   -254.5   133.1   3556.6
150   14   -281.7   -215.5   3554.3
150   15   -304.1   -517.3   3633.7
150   16   -748.7   289.7   3279.5
150   17   130.4   287.7   3414.1
150   18   -328.5   627.6   3458.7
151   0   -337.9   724.3   3467.6
151   1   -331.1   560.4   3476.7
151   2   -461.8   551.0   3461.6
151   3   -590.9   383.0   3370.8
151   4   -781.5   270.2   3260.5
151   5   -199.3   547.0   3479.5
151   6   -37.8   382.5   3482.4
151   7   165.2   267.7   3399.7
151   8   -338.9   354.4   3529.8
151   9   -340.3   187.1   3540.1
151   10   -427.4   132.0   3542.1
151   11   -412.5   -215.3   3546.0
151   12   -374.1   -521.1   3605.6
151   13   -254.5   132.8   3556.7
151   14   -281.4   -213.8   3554.0
151   15   -304.1   -518.3   3626.9
151   16   -749.8   289.0   3278.9
151   17   131.3   286.8   3413.5
151   18   -328.5   627.5   3459.3
152   0   -338.0   725.2   3467.6
152   1   -331.1   560.1   3477.1
152   2   -461.9   551.1   3462.2
152   3   -591.7   383.4   3371.1
152   4   -782.6   269.3   3259.6
152   5   -199.3   547.0   3480.3
152   6   -37.8   382.1   3482.3
152   7   166.3   266.8   3399.0
152   8   -338.9   353.5   3530.0
152   9   -340.3   186.5   3540.1
152   10   -427.5   131.7   3542.2
152   11   -412.5   -213.9   3545.9
152   12   -374.3   -521.7   3605.4
152   13   -254.4   132.5   3556.7
152   14   -281.1   -212.4   3554.6
152   15   -304.2   -518.7   3627.9
152   16   -750.8   288.3   3278.2
152   17   132.3   286.0   3412.9
152   18   -328.6   627.5   3459.9
153   0   -338.1   725.9   3467.7
153   1   -331.1   559.9   3477.5
153   2   -461.1   549.7   3462.8
153   3   -592.9   383.3   3371.1
153   4   -784.1   268.2   3258.6
153   5   -199.6   546.6   3481.7
153   6   -37.8   381.6   3482.1
153   7   167.2   265.7   3398.1
153   8   -338.9   352.9   3530.0
153   9   -340.3   186.0   3540.1
153   10   -427.6   131.3   3542.1
153   11   -412.4   -214.1   3545.9
153   12   -373.9   -523.8   3606.1
153   13   -254.3   132.1   3556.8
153   14   -280.5   -212.6   3555.0
153   15   -304.6   -519.5   3633.8
153   16   -752.2   287.4   3277.3
153   17   133.0   285.0   3412.1
153   18   -328.6   627.4   3460.4
154   0   -338.2   726.5   3467.8
154   1   -331.2   559.7   3477.9
154   2   -459.9   547.3   3463.4
154   3   -594.2   383.1   3371.0
154   4   -785.6   267.0   3257.5
154   5   -200.1   546.1   3483.6
154   6   -37.7   381.3   3481.7
154   7   167.7   264.4   3397.2
154   8   -338.9   352.8   3530.0
154   9   -340.3   185.8   3540.0
154   10   -427.7   130.6   3542.0
154   11   -412.3   -215.0   3545.8
154   12   -373.0   -526.1   3607.6
154   13   -254.2   131.4   3556.8
154   14   -280.3   -213.5   3555.1
154   15   -304.9   -522.1   3635.0
154   16   -753.7   286.4   3276.4
154   17   133.5   283.9   3411.3
154   18   -328.6   627.3   3460.9
