18   0   -341.9   688.7   3457.6
18   1   -341.0   533.3   3457.6
18   2   -478.7   508.0   3466.9
18   3   -470.0   352.7   3326.6
18   4   -341.5   542.0   3308.3
18   5   -196.8   512.3   3469.5
18   6   -186.7   348.0   3340.1
18   7   -309.8   531.1   3277.1
18   8   -347.8   352.6   3510.4
18   9   -348.3   191.4   3520.2
18   10   -442.6   81.1   3544.1
18   11   -410.3   -228.7   3513.9
18   12   -383.2   -513.5   3583.5
18   13   -257.3   83.4   3556.9
18   14   -333.9   -214.7   3500.7
18   15   -285.3   -484.3   3608.7
18   16   -363.0   510.4   3311.3
18   17   -289.3   500.6   3287.6
18   18   -338.8   593.8   3439.9
19   0   -341.6   690.8   3457.1
19   1   -340.2   536.1   3459.7
19   2   -478.6   510.8   3464.7
19   3   -472.9   352.0   3328.9
19   4   -343.6   538.9   3303.1
19   5   -196.2   515.0   3469.0
19   6   -185.9   348.7   3342.4
19   7   -309.5   529.1   3274.3
19   8   -346.1   357.2   3517.3
19   9   -346.8   196.2   3526.4
19   10   -439.3   89.8   3544.0
19   11   -411.6   -220.5   3522.4
19   12   -383.1   -506.3   3584.5
19   13   -257.1   91.5   3557.1
19   14   -325.0   -209.0   3513.5
19   15   -286.3   -482.2   3608.5
19   16   -365.1   507.8   3307.4
19   17   -288.9   499.0   3285.7
19   18   -338.3   596.0   3440.4
20   0   -340.7   699.1   3455.9
20   1   -337.8   546.1   3465.6
20   2   -476.1   518.3   3456.9
20   3   -478.3   351.0   3333.8
20   4   -347.6   532.0   3290.5
20   5   -195.5   522.7   3465.5
20   6   -182.0   350.4   3348.6
20   7   -308.5   521.2   3266.5
20   8   -341.0   372.3   3537.7
20   9   -342.6   212.3   3543.1
20   10   -427.2   113.4   3545.7
20   11   -412.7   -197.6   3540.2
20   12   -382.4   -485.3   3586.5
20   13   -261.5   112.2   3557.4
20   14   -307.9   -192.4   3536.9
20   15   -284.9   -471.7   3612.7
20   16   -369.4   501.8   3297.7
20   17   -287.4   492.8   3280.2
20   18   -336.8   603.9   3441.6
21   0   -339.3   710.5   3454.7
21   1   -334.9   559.3   3471.8
21   2   -471.5   527.9   3449.6
21   3   -483.4   352.0   3339.5
21   4   -350.5   525.6   3276.6
21   5   -195.9   532.2   3459.1
21   6   -176.3   351.5   3357.4
21   7   -306.1   511.8   3260.3
21   8   -335.3   391.1   3558.4
21   9   -337.7   232.5   3561.2
21   10   -413.4   138.9   3547.9
21   11   -413.3   -172.8   3554.1
21   12   -382.3   -462.3   3590.7
21   13   -266.1   135.1   3557.4
21   14   -290.2   -173.6   3558.3
21   15   -282.8   -458.4   3620.0
21   16   -372.6   496.7   3287.0
21   17   -284.4   485.1   3276.4
21   18   -334.8   615.0   3443.2
22   0   -337.7   718.1   3454.0
22   1   -332.8   567.4   3474.3
22   2   -467.1   534.4   3445.7
22   3   -486.4   353.5   3343.3
22   4   -352.4   522.9   3268.4
22   5   -197.4   537.9   3455.9
22   6   -172.6   352.8   3362.2
22   7   -305.4   507.0   3257.5
22   8   -331.8   400.3   3564.9
22   9   -334.4   243.1   3569.0
22   10   -407.8   150.1   3547.7
22   11   -414.3   -162.0   3561.9
22   12   -382.1   -452.7   3592.5
22   13   -265.9   144.4   3555.5
22   14   -279.3   -166.5   3571.0
22   15   -282.9   -455.4   3620.8
22   16   -374.7   494.7   3280.9
22   17   -283.2   481.3   3274.9
22   18   -333.2   622.8   3444.3
23   0   -336.8   721.1   3453.6
23   1   -331.8   570.3   3473.4
23   2   -464.0   537.8   3444.0
23   3   -488.0   354.7   3345.2
23   4   -353.6   522.7   3265.4
23   5   -199.0   540.4   3454.3
23   6   -170.4   353.5   3364.4
23   7   -305.5   504.6   3257.0
23   8   -330.4   400.8   3559.7
23   9   -332.8   244.8   3566.3
23   10   -409.3   150.5   3545.3
23   11   -415.8   -161.7   3565.1
23   12   -381.7   -451.3   3594.5
23   13   -260.9   144.2   3553.1
23   14   -273.6   -167.6   3575.0
23   15   -285.0   -457.4   3616.3
23   16   -376.0   494.7   3278.7
23   17   -283.0   479.4   3274.9
23   18   -332.2   626.5   3444.9
24   0   -336.3   721.0   3453.5
24   1   -331.3   570.6   3471.7
24   2   -462.2   539.3   3443.6
24   3   -488.7   355.8   3346.0
24   4   -354.2   523.6   3265.5
24   5   -200.4   541.2   3453.9
24   6   -169.4   353.6   3365.6
24   7   -305.5   504.1   3258.0
24   8   -330.0   398.3   3551.8
24   9   -332.3   243.2   3560.4
24   10   -413.3   147.1   3543.1
24   11   -417.1   -165.1   3566.0
24   12   -380.7   -453.8   3597.8
24   13   -254.8   141.3   3553.3
24   14   -271.2   -170.7   3576.0
24   15   -289.5   -460.1   3617.7
24   16   -376.7   495.6   3278.9
24   17   -282.8   479.0   3275.9
24   18   -331.8   627.7   3445.1
25   0   -336.3   720.2   3453.7
25   1   -331.2   569.9   3470.3
25   2   -461.0   539.9   3443.7
25   3   -488.7   356.5   3346.0
25   4   -354.9   525.6   3266.9
25   5   -201.9   540.8   3453.9
25   6   -169.0   353.4   3365.8
25   7   -305.6   504.1   3259.1
25   8   -330.2   395.8   3545.7
25   9   -332.2   241.3   3555.4
25   10   -416.3   144.0   3541.8
25   11   -417.8   -168.2   3566.2
25   12   -380.2   -456.3   3601.9
25   13   -250.8   139.2   3554.6
25   14   -270.4   -172.7   3577.1
25   15   -288.2   -462.7   3616.0
25   16   -377.2   497.4   3280.1
25   17   -282.8   479.0   3276.9
25   18   -331.6   627.8   3445.2
26   0   -336.3   719.3   3454.0
26   1   -331.3   569.0   3469.4
26   2   -460.3   540.1   3443.9
26   3   -488.3   357.0   3345.7
26   4   -354.5   526.8   3268.3
26   5   -202.8   540.6   3454.0
26   6   -168.9   353.4   3366.0
26   7   -305.4   504.2   3259.4
26   8   -330.5   394.0   3542.1
26   9   -332.3   239.9   3552.1
26   10   -417.5   142.2   3541.2
26   11   -418.0   -169.9   3565.9
26   12   -380.5   -455.5   3602.8
26   13   -249.4   138.1   3555.2
26   14   -270.4   -173.6   3578.6
26   15   -286.2   -461.7   3613.3
26   16   -376.8   498.5   3281.2
26   17   -282.6   479.1   3277.2
26   18   -331.6   627.3   3445.2
27   0   -336.4   718.5   3454.1
27   1   -331.4   568.2   3469.0
27   2   -459.8   540.1   3444.1
27   3   -488.2   357.0   3346.1
27   4   -354.0   526.8   3269.4
27   5   -203.5   540.6   3453.9
27   6   -169.0   353.4   3366.3
27   7   -305.0   504.4   3259.3
27   8   -330.8   392.9   3540.5
27   9   -332.5   239.1   3550.4
27   10   -417.5   141.5   3541.1
27   11   -417.9   -170.7   3565.5
27   12   -381.3   -454.2   3601.8
27   13   -249.6   137.7   3555.5
27   14   -270.7   -174.0   3578.8
27   15   -285.5   -460.2   3610.0
27   16   -376.4   498.5   3282.2
27   17   -282.3   479.2   3277.1
27   18   -331.6   626.7   3445.2
28   0   -336.5   717.8   3454.2
28   1   -331.6   567.6   3469.0
28   2   -459.4   540.1   3444.2
28   3   -488.0   357.1   3346.1
28   4   -353.4   526.6   3269.6
28   5   -203.9   540.7   3454.0
28   6   -169.1   353.4   3366.5
28   7   -304.5   504.5   3258.9
28   8   -331.2   392.4   3540.4
28   9   -332.7   238.8   3549.7
28   10   -416.8   141.4   3541.2
28   11   -417.7   -170.9   3565.0
28   12   -380.8   -454.3   3600.1
28   13   -250.7   137.7   3555.7
28   14   -271.0   -174.1   3578.6
28   15   -285.5   -460.1   3609.1
28   16   -375.8   498.3   3282.3
28   17   -281.9   479.3   3276.8
28   18   -331.7   626.0   3445.1
29   0   -336.5   717.1   3454.2
29   1   -331.7   567.0   3469.1
29   2   -459.0   540.2   3444.3
29   3   -487.9   357.2   3346.0
29   4   -352.7   526.1   3269.1
29   5   -204.3   540.9   3454.0
29   6   -169.1   353.6   3366.6
29   7   -304.2   504.7   3258.7
29   8   -331.4   390.6   3541.7
29   9   -332.9   237.1   3549.9
29   10   -415.8   141.6   3541.3
29   11   -417.5   -170.8   3564.7
29   12   -380.7   -455.0   3599.4
29   13   -252.1   137.6   3555.7
29   14   -271.3   -174.2   3578.2
29   15   -285.8   -460.9   3609.7
29   16   -375.3   498.0   3281.9
29   17   -281.7   479.5   3276.7
29   18   -331.7   625.4   3445.1
30   0   -336.5   716.6   3454.1
30   1   -331.7   566.5   3469.3
30   2   -458.6   540.2   3444.3
30   3   -487.9   357.4   3345.8
30   4   -352.4   526.0   3268.3
30   5   -204.7   541.0   3453.9
30   6   -169.1   353.7   3366.6
30   7   -304.2   505.0   3258.7
30   8   -331.7   388.4   3543.2
30   9   -333.0   235.0   3550.3
30   10   -414.9   141.7   3541.5
30   11   -417.3   -170.7   3564.5
30   12   -381.2   -456.1   3599.5
30   13   -253.5   137.3   3555.7
30   14   -271.5   -174.7   3577.8
30   15   -286.2   -462.3   3609.9
30   16   -375.0   497.9   3281.3
30   17   -281.7   479.8   3276.7
30   18   -331.8   624.8   3445.1
31   0   -336.5   716.0   3454.1
31   1   -331.8   566.0   3469.4
31   2   -458.2   540.2   3444.3
31   3   -487.8   357.6   3345.5
31   4   -352.2   526.2   3268.0
31   5   -204.9   541.2   3453.8
31   6   -169.1   354.0   3366.2
31   7   -304.6   505.4   3258.9
31   8   -331.9   386.4   3544.4
31   9   -333.1   233.0   3550.7
31   10   -414.0   141.8   3541.6
31   11   -417.1   -170.7   3564.4
31   12   -381.4   -457.3   3599.2
31   13   -255.0   136.8   3555.6
31   14   -271.6   -175.4   3577.6
31   15   -286.5   -464.0   3610.5
31   16   -374.8   498.1   3280.9
31   17   -282.0   480.2   3276.8
31   18   -331.8   624.3   3445.0
32   0   -336.5   715.6   3454.0
32   1   -331.9   565.5   3469.4
32   2   -457.9   540.2   3444.3
32   3   -487.7   357.7   3345.1
32   4   -352.1   526.5   3267.9
32   5   -205.2   541.4   3453.7
32   6   -169.2   354.3   3365.9
32   7   -305.0   505.8   3259.1
32   8   -332.1   384.5   3545.3
32   9   -333.3   231.2   3551.0
32   10   -413.3   141.9   3541.7
32   11   -417.0   -170.8   3564.3
32   12   -381.6   -458.4   3598.5
32   13   -256.3   136.3   3555.6
32   14   -271.8   -176.1   3577.6
32   15   -286.9   -465.6   3611.4
32   16   -374.7   498.4   3280.8
32   17   -282.4   480.5   3276.9
32   18   -331.8   623.8   3445.0
33   0   -336.4   715.1   3454.0
33   1   -331.9   565.0   3469.4
33   2   -457.5   540.2   3444.3
33   3   -487.7   357.7   3345.0
33   4   -352.0   526.6   3267.8
33   5   -205.5   541.5   3453.7
33   6   -169.1   354.1   3366.3
33   7   -304.9   505.7   3259.1
33   8   -332.4   383.0   3545.8
33   9   -333.4   229.7   3551.2
33   10   -412.9   142.4   3541.8
33   11   -416.9   -170.4   3564.2
33   12   -381.6   -459.0   3597.7
33   13   -257.0   136.4   3555.5
33   14   -271.9   -176.2   3577.6
33   15   -287.3   -466.3   3612.9
33   16   -374.6   498.4   3280.7
33   17   -282.2   480.4   3277.0
33   18   -331.8   623.3   3445.0
34   0   -336.4   714.6   3453.9
34   1   -332.0   564.5   3469.4
34   2   -457.2   540.1   3444.3
34   3   -487.7   357.6   3345.0
34   4   -352.0   526.6   3267.8
34   5   -205.7   541.6   3453.7
34   6   -169.1   354.0   3366.8
34   7   -304.6   505.5   3259.1
34   8   -332.6   381.7   3546.1
34   9   -333.5   228.4   3551.3
34   10   -412.5   142.7   3541.8
34   11   -416.8   -170.3   3564.2
34   12   -381.6   -459.7   3596.3
34   13   -257.7   136.6   3555.5
34   14   -271.9   -176.2   3577.5
34   15   -287.2   -466.9   3613.0
34   16   -374.6   498.5   3280.6
34   17   -282.0   480.2   3277.1
34   18   -331.8   622.8   3444.9
35   0   -336.3   713.2   3453.8
35   1   -332.0   564.0   3468.9
35   2   -457.0   540.2   3444.3
35   3   -487.7   357.6   3344.9
35   4   -351.9   526.7   3267.7
35   5   -205.9   541.8   3453.7
35   6   -169.0   353.9   3367.0
35   7   -304.4   505.4   3258.9
35   8   -332.8   380.8   3546.3
35   9   -333.6   227.4   3551.4
35   10   -412.1   143.0   3541.9
35   11   -416.8   -170.2   3564.2
35   12   -382.4   -460.3   3595.8
35   13   -258.1   136.8   3555.5
35   14   -271.8   -176.1   3577.2
35   15   -287.1   -467.4   3612.7
35   16   -374.6   498.5   3280.5
35   17   -281.9   480.2   3276.9
35   18   -331.8   622.4   3444.3
36   0   -336.2   711.5   3453.7
36   1   -332.1   563.6   3468.3
36   2   -456.8   540.2   3444.3
36   3   -487.7   357.6   3344.7
36   4   -351.8   526.9   3267.6
36   5   -206.1   541.9   3453.7
36   6   -168.9   354.0   3367.0
36   7   -304.4   505.5   3258.6
36   8   -333.0   380.2   3546.3
36   9   -333.7   226.7   3551.5
36   10   -411.8   143.2   3541.9
36   11   -416.7   -170.2   3564.1
36   12   -383.7   -461.0   3595.6
36   13   -258.6   137.1   3555.4
36   14   -271.6   -176.0   3577.0
36   15   -287.2   -467.8   3613.0
36   16   -374.5   498.7   3280.4
36   17   -281.8   480.2   3276.7
36   18   -331.8   621.9   3443.5
37   0   -336.2   709.8   3453.6
37   1   -332.2   563.2   3467.5
37   2   -456.6   540.3   3444.2
37   3   -487.6   357.7   3344.4
37   4   -351.6   527.1   3267.5
37   5   -206.3   542.1   3453.6
37   6   -168.9   354.1   3366.8
37   7   -304.5   505.7   3258.4
37   8   -333.3   379.7   3546.4
37   9   -333.8   226.2   3551.5
37   10   -411.5   143.4   3541.9
37   11   -416.7   -170.2   3563.6
37   12   -383.9   -461.4   3595.8
37   13   -259.0   137.4   3555.4
37   14   -271.4   -176.0   3576.6
37   15   -287.7   -468.0   3614.2
37   16   -374.3   498.9   3280.3
37   17   -281.9   480.5   3276.5
37   18   -331.8   621.4   3442.5
38   0   -336.1   708.4   3453.4
38   1   -332.2   562.8   3466.8
38   2   -456.5   540.4   3444.1
38   3   -487.6   357.8   3344.1
38   4   -351.4   527.3   3267.4
38   5   -206.5   542.2   3453.6
38   6   -168.9   354.1   3366.8
38   7   -304.4   506.0   3258.2
38   8   -333.7   379.3   3546.4
38   9   -334.0   225.8   3551.5
38   10   -411.3   143.6   3541.9
38   11   -416.6   -170.2   3563.4
38   12   -383.5   -459.6   3595.6
38   13   -259.3   137.7   3555.3
38   14   -271.0   -176.0   3576.2
38   15   -287.0   -466.3   3612.9
38   16   -374.1   499.1   3280.2
38   17   -281.8   480.7   3276.3
38   18   -331.8   621.0   3441.5
39   0   -336.0   707.2   3453.3
39   1   -332.3   562.5   3465.5
39   2   -456.3   540.5   3443.7
39   3   -487.5   357.7   3343.7
39   4   -351.2   527.6   3267.4
39   5   -206.8   542.4   3453.6
39   6   -168.9   354.2   3366.8
39   7   -304.3   506.2   3258.0
39   8   -334.0   379.2   3546.3
39   9   -334.1   225.6   3551.5
39   10   -411.1   143.8   3541.9
39   11   -416.6   -170.3   3563.2
39   12   -382.8   -457.7   3595.5
39   13   -259.7   137.9   3555.1
39   14   -270.5   -176.0   3576.1
39   15   -286.4   -464.6   3611.5
39   16   -373.9   499.3   3280.1
39   17   -281.8   480.8   3276.2
39   18   -331.8   620.6   3439.9
40   0   -336.0   706.2   3453.1
40   1   -332.4   562.2   3463.8
40   2   -456.1   540.6   3443.3
40   3   -487.5   357.6   3343.2
40   4   -351.0   527.8   3267.4
40   5   -207.1   542.6   3453.6
40   6   -168.9   354.2   3366.9
40   7   -304.4   506.3   3257.9
40   8   -334.4   379.3   3546.0
40   9   -334.2   225.6   3551.5
40   10   -410.9   143.9   3541.9
40   11   -416.5   -170.4   3563.2
40   12   -382.3   -456.1   3595.2
40   13   -260.0   138.2   3554.8
40   14   -270.0   -176.1   3575.8
40   15   -286.1   -463.0   3610.7
40   16   -373.8   499.5   3280.0
40   17   -281.8   481.0   3276.1
40   18   -331.8   620.2   3437.8
41   0   -336.0   705.4   3453.0
41   1   -332.5   561.9   3462.5
41   2   -456.0   540.6   3443.1
41   3   -487.5   357.7   3342.8
41   4   -350.7   528.1   3267.4
41   5   -207.3   542.7   3453.6
41   6   -168.9   354.2   3366.9
41   7   -304.4   506.5   3257.9
41   8   -334.6   379.2   3545.8
41   9   -334.4   225.4   3551.4
41   10   -410.8   144.0   3541.9
41   11   -416.5   -170.5   3563.0
41   12   -383.2   -453.6   3595.0
41   13   -260.2   138.4   3554.5
41   14   -269.4   -176.1   3575.3
41   15   -286.1   -460.2   3610.9
41   16   -373.5   499.7   3279.9
41   17   -281.8   481.1   3276.1
41   18   -331.8   619.7   3436.2
42   0   -335.9   704.8   3452.9
42   1   -332.5   561.5   3461.6
42   2   -455.9   540.6   3443.1
42   3   -487.4   357.8   3342.3
42   4   -350.4   528.4   3267.3
42   5   -207.4   542.8   3453.6
42   6   -168.9   354.2   3366.8
42   7   -304.5   506.6   3257.8
42   8   -334.8   378.9   3545.6
42   9   -334.5   224.9   3551.4
42   10   -410.7   144.1   3541.9
42   11   -416.5   -170.7   3562.8
42   12   -384.9   -454.0   3595.3
42   13   -260.5   138.6   3554.1
42   14   -268.7   -176.2   3574.5
42   15   -287.1   -459.9   3613.2
42   16   -373.2   500.0   3279.8
42   17   -281.9   481.2   3276.0
42   18   -331.8   619.2   3435.0
43   0   -335.9   704.4   3452.8
43   1   -332.6   561.0   3460.8
43   2   -455.9   540.7   3443.2
43   3   -487.4   357.9   3341.8
43   4   -350.1   528.8   3267.2
43   5   -207.5   542.9   3453.6
43   6   -168.8   354.1   3366.8
43   7   -304.6   506.7   3257.8
43   8   -335.0   378.5   3545.5
43   9   -334.6   224.4   3551.4
43   10   -410.7   144.2   3541.9
43   11   -416.5   -170.9   3562.4
43   12   -387.0   -455.8   3595.5
43   13   -260.7   138.8   3553.7
43   14   -268.5   -176.4   3573.4
43   15   -287.4   -461.1   3614.3
43   16   -373.0   500.3   3279.7
43   17   -281.9   481.3   3275.9
43   18   -331.8   618.8   3434.0
44   0   -335.9   704.0   3452.6
44   1   -332.6   560.5   3460.2
44   2   -455.8   540.7   3443.4
44   3   -487.4   357.8   3341.9
44   4   -350.0   528.8   3267.2
44   5   -207.6   542.9   3453.6
44   6   -168.8   353.9   3366.9
44   7   -304.5   506.8   3257.7
44   8   -335.2   378.1   3545.4
44   9   -334.8   223.8   3551.5
44   10   -410.7   144.3   3541.8
44   11   -416.5   -171.2   3562.0
44   12   -387.4   -457.8   3596.0
44   13   -260.8   139.0   3553.5
44   14   -268.5   -176.5   3572.9
44   15   -286.5   -463.3   3612.1
44   16   -372.9   500.3   3279.7
44   17   -281.9   481.3   3275.9
44   18   -331.8   618.2   3433.2
45   0   -335.9   703.8   3452.6
45   1   -332.7   559.9   3459.9
45   2   -455.8   540.7   3443.6
45   3   -487.5   357.5   3342.1
45   4   -350.1   528.8   3267.2
45   5   -207.6   543.0   3453.6
45   6   -168.8   353.7   3367.0
45   7   -304.5   506.8   3257.7
45   8   -335.5   377.4   3545.4
45   9   -334.9   223.0   3551.5
45   10   -410.8   144.2   3541.8
45   11   -416.5   -171.6   3561.5
45   12   -386.7   -459.7   3596.5
45   13   -260.9   139.1   3553.4
45   14   -268.7   -176.6   3573.0
45   15   -286.1   -465.5   3610.4
45   16   -373.0   500.2   3279.7
45   17   -281.9   481.3   3275.9
45   18   -331.8   617.6   3432.8
46   0   -335.9   703.6   3452.5
46   1   -332.7   559.2   3459.7
46   2   -455.8   540.6   3443.7
46   3   -487.5   357.3   3342.1
46   4   -350.0   528.8   3267.2
46   5   -207.6   543.0   3453.7
46   6   -168.8   353.3   3367.3
46   7   -304.3   506.8   3257.7
46   8   -335.7   376.7   3545.5
46   9   -335.1   222.2   3551.5
46   10   -411.0   144.2   3541.8
46   11   -416.5   -172.0   3561.1
46   12   -385.5   -461.5   3597.0
46   13   -260.9   139.2   3553.4
46   14   -269.0   -176.8   3573.2
46   15   -286.7   -467.2   3610.6
46   16   -372.9   500.2   3279.7
46   17   -281.7   481.2   3276.0
46   18   -331.8   617.0   3432.6
47   0   -335.9   703.6   3452.5
47   1   -332.8   558.7   3459.7
47   2   -455.8   540.6   3443.9
47   3   -487.6   357.2   3342.2
47   4   -350.1   528.9   3267.1
47   5   -207.6   543.0   3453.6
47   6   -168.8   352.9   3367.7
47   7   -304.0   506.7   3257.7
47   8   -335.9   376.0   3545.5
47   9   -335.2   221.3   3551.6
47   10   -411.2   144.0   3541.8
47   11   -416.5   -172.5   3560.5
47   12   -385.2   -463.1   3597.8
47   13   -260.9   139.3   3553.4
47   14   -269.3   -177.1   3573.4
47   15   -288.2   -468.4   3613.4
47   16   -373.0   500.3   3279.7
47   17   -281.5   481.1   3276.1
47   18   -331.8   616.6   3432.6
48   0   -335.9   703.7   3452.5
48   1   -332.8   558.3   3459.8
48   2   -455.7   540.7   3444.1
48   3   -488.2   357.1   3342.2
48   4   -350.2   528.7   3266.9
48   5   -207.7   543.0   3453.6
48   6   -168.8   352.4   3368.3
48   7   -303.6   506.5   3257.7
48   8   -336.1   375.4   3545.4
48   9   -335.3   220.6   3551.6
48   10   -411.4   143.9   3541.7
48   11   -416.6   -172.9   3560.3
48   12   -385.8   -464.5   3598.8
48   13   -260.8   139.3   3553.4
48   14   -269.2   -177.4   3573.2
48   15   -288.1   -469.8   3613.1
48   16   -373.2   500.1   3279.4
48   17   -281.1   480.8   3276.1
48   18   -331.8   616.2   3432.6
49   0   -335.9   704.0   3454.6
49   1   -332.8   557.9   3461.6
49   2   -455.7   540.7   3444.3
49   3   -490.8   357.5   3342.4
49   4   -351.5   525.3   3261.0
49   5   -207.6   543.0   3453.6
49   6   -167.5   351.9   3369.4
49   7   -302.4   504.9   3256.9
49   8   -336.1   374.2   3545.7
49   9   -335.4   219.3   3551.7
49   10   -411.7   143.7   3541.7
49   11   -416.6   -173.4   3560.3
49   12   -386.2   -465.9   3599.2
49   13   -260.7   139.3   3553.4
49   14   -269.0   -177.7   3572.7
49   15   -288.5   -470.7   3614.3
49   16   -374.7   497.3   3274.6
49   17   -279.9   479.4   3275.7
49   18   -331.8   616.1   3435.0
50   0   -335.9   704.6   3459.6
50   1   -332.9   557.4   3466.6
50   2   -455.5   540.8   3449.2
50   3   -499.9   361.1   3344.6
50   4   -370.5   501.4   3219.7
50   5   -207.7   543.0   3458.4
50   6   -156.8   355.3   3372.7
50   7   -294.7   496.8   3249.7
50   8   -336.3   371.9   3546.4
50   9   -335.6   216.7   3551.9
50   10   -411.9   143.5   3541.6
50   11   -416.6   -173.9   3560.3
50   12   -386.6   -467.2   3599.6
50   13   -260.6   139.3   3553.3
50   14   -268.9   -178.0   3572.6
50   15   -289.0   -471.3   3617.6
50   16   -392.0   478.1   3240.5
50   17   -271.7   473.2   3270.2
50   18   -331.8   616.3   3441.3
51   0   -335.9   706.0   3466.5
51   1   -332.9   557.2   3474.4
51   2   -454.9   541.3   3461.3
51   3   -508.8   365.4   3354.1
51   4   -446.3   427.5   3167.0
51   5   -208.4   543.5   3470.6
51   6   -138.6   358.8   3392.7
51   7   -232.6   450.0   3216.1
51   8   -336.5   369.1   3547.1
51   9   -335.7   213.8   3552.1
51   10   -412.2   143.3   3541.6
51   11   -416.7   -174.5   3560.4
51   12   -386.9   -468.4   3599.7
51   13   -260.5   139.4   3553.3
51   14   -268.8   -178.2   3572.5
51   15   -288.9   -472.1   3618.3
51   16   -456.6   417.3   3198.2
51   17   -217.0   434.8   3245.5
51   18   -331.8   617.0   3451.3
52   0   -336.0   707.6   3471.6
52   1   -333.0   557.4   3482.8
52   2   -454.5   541.6   3469.0
52   3   -529.4   367.3   3377.8
52   4   -538.0   362.0   3164.8
52   5   -209.1   543.9   3482.6
52   6   -111.3   366.8   3430.2
52   7   -123.0   384.0   3222.0
52   8   -336.6   366.8   3547.4
52   9   -335.9   211.3   3552.2
52   10   -412.5   143.1   3541.6
52   11   -416.8   -175.1   3560.4
52   12   -387.4   -469.7   3599.9
52   13   -260.2   139.5   3553.2
52   14   -268.8   -178.5   3572.8
52   15   -289.7   -472.6   3620.5
52   16   -536.4   363.0   3200.3
52   17   -121.1   381.2   3256.7
52   18   -331.8   618.2   3462.2
53   0   -336.0   709.0   3473.3
53   1   -333.0   558.0   3489.4
53   2   -454.0   542.0   3474.3
53   3   -546.8   374.8   3385.6
53   4   -642.0   303.1   3206.5
53   5   -209.4   544.1   3488.3
53   6   -94.3   374.7   3439.5
53   7   -3.3   311.6   3272.8
53   8   -336.7   365.6   3547.3
53   9   -336.0   210.0   3552.2
53   10   -412.9   142.8   3541.5
53   11   -416.9   -175.7   3560.5
53   12   -387.7   -470.9   3600.1
53   13   -260.0   139.6   3553.2
53   14   -268.8   -178.7   3573.2
53   15   -289.6   -473.4   3620.4
53   16   -626.2   314.9   3236.3
53   17   -18.3   322.0   3300.6
53   18   -331.8   619.5   3470.8
54   0   -336.0   710.3   3472.8
54   1   -333.0   559.1   3492.9
54   2   -453.4   542.4   3474.8
54   3   -561.9   382.2   3387.5
54   4   -717.5   278.7   3258.9
54   5   -209.7   544.3   3488.2
54   6   -80.8   380.1   3448.3
54   7   75.3   274.1   3338.7
54   8   -336.8   365.8   3546.9
54   9   -336.2   210.0   3552.2
54   10   -413.3   142.5   3541.5
54   11   -416.9   -176.3   3560.6
54   12   -387.6   -471.9   3600.3
54   13   -259.8   139.6   3553.2
54   14   -268.7   -179.0   3573.6
54   15   -289.1   -474.5   3619.6
54   16   -691.7   295.9   3280.4
54   17   49.4   291.6   3357.0
54   18   -331.8   621.1   3475.6
55   0   -336.0   711.6   3470.9
55   1   -333.0   560.5   3494.1
55   2   -452.8   543.0   3473.2
55   3   -575.1   388.6   3390.3
55   4   -759.9   271.1   3298.5
55   5   -210.1   544.6   3485.4
55   6   -70.8   383.9   3473.4
55   7   113.1   260.4   3391.3
55   8   -336.8   367.0   3546.4
55   9   -336.3   211.0   3552.0
55   10   -413.6   142.3   3541.4
55   11   -416.9   -176.9   3560.6
55   12   -387.1   -472.9   3600.5
55   13   -259.7   139.5   3553.3
55   14   -268.7   -179.4   3573.7
55   15   -289.1   -475.4   3619.4
55   16   -729.1   290.7   3313.8
55   17   82.5   281.0   3405.0
55   18   -331.8   622.7   3477.2
56   0   -336.0   713.0   3468.6
56   1   -333.0   562.2   3493.6
56   2   -452.1   543.7   3470.2
56   3   -584.8   392.1   3396.6
56   4   -778.8   267.9   3325.1
56   5   -210.6   545.0   3482.7
56   6   -64.5   388.8   3492.5
56   7   126.5   256.9   3424.1
56   8   -336.8   368.7   3545.7
56   9   -336.5   212.6   3551.9
56   10   -414.0   142.1   3541.4
56   11   -417.0   -177.4   3560.7
56   12   -386.5   -473.8   3600.8
56   13   -259.6   139.5   3553.3
56   14   -268.7   -179.8   3573.8
56   15   -288.9   -476.5   3618.3
56   16   -746.4   288.6   3337.0
56   17   94.7   278.9   3435.5
56   18   -331.8   624.5   3476.9
57   0   -336.0   714.2   3465.2
57   1   -333.0   563.9   3492.3
57   2   -451.5   544.3   3467.1
57   3   -587.8   391.2   3402.0
57   4   -782.1   267.6   3335.1
57   5   -211.2   545.4   3481.0
57   6   -62.6   390.9   3500.2
57   7   128.3   257.6   3437.9
57   8   -336.8   370.6   3545.0
57   9   -336.7   214.3   3551.7
57   10   -414.5   141.9   3541.3
57   11   -417.1   -177.9   3560.8
57   12   -385.3   -474.6   3601.1
57   13   -259.5   139.4   3553.3
57   14   -268.7   -180.2   3573.8
57   15   -288.7   -477.5   3617.4
57   16   -749.7   288.2   3346.2
57   17   96.4   279.8   3448.3
57   18   -331.8   626.2   3475.2
58   0   -336.0   715.3   3460.9
58   1   -333.0   565.4   3490.1
58   2   -451.2   544.7   3464.1
58   3   -586.5   388.1   3405.3
58   4   -777.8   265.1   3339.4
58   5   -211.7   545.8   3480.8
58   6   -63.1   391.0   3502.7
58   7   125.1   259.3   3441.9
58   8   -336.8   372.3   3544.4
58   9   -336.9   215.9   3551.6
58   10   -414.9   141.7   3541.2
58   11   -417.1   -178.5   3561.0
58   12   -384.9   -475.5   3601.5
58   13   -259.5   139.4   3553.3
58   14   -268.7   -180.6   3573.9
58   15   -288.7   -478.4   3616.6
58   16   -745.9   285.6   3350.4
58   17   93.7   281.3   3452.0
58   18   -331.8   627.7   3472.6
59   0   -336.0   715.8   3456.1
59   1   -333.0   566.3   3487.3
59   2   -451.1   544.9   3461.3
59   3   -583.9   384.0   3407.2
59   4   -769.4   257.3   3340.8
59   5   -212.0   546.1   3481.4
59   6   -64.7   389.7   3502.9
59   7   121.1   260.3   3440.5
59   8   -336.8   373.6   3543.8
59   9   -337.2   217.0   3551.4
59   10   -415.3   141.4   3541.2
59   11   -417.2   -179.1   3561.2
59   12   -385.0   -476.5   3602.0
59   13   -259.5   139.3   3553.3
59   14   -268.8   -181.1   3573.9
59   15   -288.7   -479.2   3616.5
59   16   -738.5   278.4   3351.9
59   17   90.1   281.9   3450.9
59   18   -331.8   628.4   3469.1
60   0   -336.0   716.0   3452.3
60   1   -333.0   566.8   3484.3
60   2   -451.4   544.8   3459.9
60   3   -581.9   381.3   3407.0
60   4   -762.5   250.7   3339.9
60   5   -212.2   546.2   3481.8
60   6   -66.5   388.1   3502.1
60   7   117.6   260.2   3438.2
60   8   -336.8   374.6   3543.2
60   9   -337.4   217.8   3551.3
60   10   -415.8   141.1   3541.1
60   11   -417.3   -179.7   3561.4
60   12   -385.6   -477.5   3602.6
60   13   -259.5   139.2   3553.3
60   14   -268.8   -181.5   3573.7
60   15   -289.4   -479.5   3619.6
60   16   -732.4   272.5   3351.1
60   17   86.9   281.5   3448.9
60   18   -331.8   628.8   3465.4
61   0   -336.0   716.2   3450.2
61   1   -333.0   567.1   3482.1
61   2   -451.7   544.6   3459.5
61   3   -580.4   379.8   3405.3
61   4   -757.8   247.3   3337.5
61   5   -212.3   546.3   3482.4
61   6   -67.3   387.2   3501.2
61   7   115.3   260.7   3435.3
61   8   -336.8   375.1   3542.7
61   9   -337.7   218.2   3551.2
61   10   -416.2   140.8   3541.1
61   11   -417.4   -180.4   3561.5
61   12   -386.0   -478.7   3601.9
61   13   -259.6   139.2   3553.4
61   14   -268.9   -182.0   3573.3
61   15   -289.4   -480.2   3620.4
61   16   -728.2   269.4   3348.8
61   17   84.8   281.8   3446.3
61   18   -331.8   628.9   3462.5
62   0   -336.0   716.3   3449.8
62   1   -333.0   567.1   3480.7
62   2   -452.0   544.4   3459.6
62   3   -579.3   379.2   3402.7
62   4   -755.1   246.8   3334.0
62   5   -212.3   546.3   3483.4
62   6   -67.7   386.6   3500.2
62   7   114.0   261.2   3433.5
62   8   -336.8   375.3   3542.3
62   9   -337.9   218.3   3551.2
62   10   -416.6   140.5   3541.0
62   11   -417.4   -181.1   3561.5
62   12   -385.6   -477.4   3600.7
62   13   -259.7   139.0   3553.4
62   14   -269.0   -182.5   3573.4
62   15   -288.3   -479.2   3617.3
62   16   -725.8   268.9   3345.4
62   17   83.8   282.1   3444.6
62   18   -331.8   628.9   3460.8
63   0   -336.0   716.3   3450.0
63   1   -333.0   567.0   3479.9
63   2   -452.4   544.2   3460.0
63   3   -578.3   379.1   3399.6
63   4   -754.4   248.9   3329.9
63   5   -212.2   546.3   3484.3
63   6   -67.7   386.2   3499.3
63   7   113.0   261.8   3430.7
63   8   -336.8   375.3   3542.0
63   9   -338.2   218.1   3551.1
63   10   -417.1   140.1   3541.0
63   11   -417.5   -181.9   3561.5
63   12   -384.8   -477.6   3600.7
63   13   -259.9   138.6   3553.5
63   14   -269.1   -183.3   3573.4
63   15   -289.2   -479.4   3617.1
63   16   -725.0   270.6   3341.5
63   17   82.9   282.5   3442.1
63   18   -331.8   628.9   3459.9
64   0   -336.0   716.3   3450.8
64   1   -333.0   567.0   3479.6
64   2   -452.7   543.9   3460.5
64   3   -578.3   379.4   3397.6
64   4   -754.9   253.4   3324.2
64   5   -212.0   546.4   3485.6
64   6   -67.5   385.9   3498.1
64   7   112.2   262.6   3427.4
64   8   -336.9   375.3   3541.7
64   9   -338.4   217.9   3551.1
64   10   -417.4   139.6   3541.0
64   11   -417.5   -182.8   3561.6
64   12   -383.9   -477.0   3599.6
64   13   -260.2   137.9   3553.6
64   14   -269.3   -184.4   3573.4
64   15   -288.3   -479.5   3614.2
64   16   -725.5   274.4   3336.4
64   17   82.3   283.1   3439.2
64   18   -331.8   628.9   3459.5
65   0   -336.0   716.3   3451.7
65   1   -333.0   566.9   3479.4
65   2   -453.1   543.7   3461.0
65   3   -578.9   380.0   3396.5
65   4   -757.4   259.0   3320.7
65   5   -211.7   546.5   3487.1
65   6   -67.4   385.7   3496.7
65   7   112.0   263.3   3425.3
65   8   -336.9   375.2   3541.5
65   9   -338.7   217.6   3551.1
65   10   -417.9   139.1   3540.9
65   11   -417.6   -183.6   3561.7
65   12   -382.8   -477.9   3599.7
65   13   -260.5   137.1   3553.7
65   14   -269.5   -185.5   3573.6
65   15   -288.3   -480.9   3613.6
65   16   -727.6   279.2   3333.3
65   17   82.1   283.7   3437.2
65   18   -331.8   628.9   3459.3
66   0   -336.0   716.3   3452.9
66   1   -333.1   566.8   3479.4
66   2   -453.5   543.5   3461.5
66   3   -580.1   380.8   3395.6
66   4   -759.7   262.1   3319.5
66   5   -211.4   546.7   3488.8
66   6   -67.2   385.5   3495.4
66   7   112.0   263.9   3423.1
66   8   -337.0   375.1   3541.2
66   9   -339.0   217.4   3551.0
66   10   -418.3   138.4   3540.9
66   11   -417.6   -184.7   3561.7
66   12   -381.6   -479.5   3600.7
66   13   -260.9   136.3   3553.8
66   14   -269.9   -186.7   3573.8
66   15   -288.6   -483.1   3614.0
66   16   -729.8   281.9   3332.2
66   17   82.2   284.1   3435.2
66   18   -331.8   628.8   3459.3
67   0   -336.0   716.3   3455.5
67   1   -333.1   566.6   3479.5
67   2   -453.9   543.2   3462.0
67   3   -581.7   381.6   3395.0
67   4   -761.3   263.1   3318.9
67   5   -211.1   546.8   3490.5
67   6   -66.9   385.2   3493.8
67   7   112.7   264.2   3421.7
67   8   -337.0   375.1   3541.0
67   9   -339.3   217.2   3551.0
67   10   -418.8   138.0   3540.8
67   11   -417.7   -185.5   3561.8
67   12   -382.0   -479.5   3600.1
67   13   -261.0   135.8   3553.9
67   14   -270.4   -187.6   3573.9
67   15   -288.2   -483.3   3611.3
67   16   -731.4   282.9   3331.6
67   17   82.7   284.4   3433.7
67   18   -331.8   628.8   3459.5
68   0   -336.0   716.3   3459.4
68   1   -333.1   566.5   3480.3
68   2   -454.3   543.0   3462.9
68   3   -583.2   382.4   3394.5
68   4   -762.4   263.1   3318.6
68   5   -210.7   546.8   3492.2
68   6   -66.4   384.8   3493.0
68   7   113.6   264.5   3420.6
68   8   -337.1   374.7   3540.9
68   9   -339.5   216.7   3551.0
68   10   -419.4   137.5   3540.8
68   11   -417.7   -186.3   3561.8
68   12   -382.1   -478.1   3600.0
68   13   -261.1   135.2   3554.0
68   14   -271.0   -188.6   3574.0
68   15   -287.8   -482.6   3607.5
68   16   -732.5   283.0   3331.2
68   17   83.6   284.5   3432.7
68   18   -331.8   628.8   3460.7
69   0   -335.9   716.2   3463.3
69   1   -333.1   566.2   3482.3
69   2   -454.7   542.7   3464.1
69   3   -584.1   382.9   3394.1
69   4   -763.0   262.7   3318.3
69   5   -210.0   546.7   3494.1
69   6   -65.7   384.2   3492.8
69   7   115.3   264.5   3421.4
69   8   -337.2   374.0   3540.9
69   9   -339.9   214.2   3551.2
69   10   -420.0   137.0   3540.7
69   11   -417.7   -187.2   3561.9
69   12   -380.8   -478.8   3601.5
69   13   -261.3   134.5   3554.1
69   14   -271.1   -189.7   3573.9
69   15   -288.1   -483.7   3609.2
69   16   -733.2   282.8   3330.9
69   17   85.1   284.5   3433.3
69   18   -331.8   628.8   3463.2
70   0   -335.9   716.2   3466.5
70   1   -333.1   565.9   3484.8
70   2   -455.1   542.5   3465.8
70   3   -584.4   383.0   3394.0
70   4   -763.5   262.7   3317.8
70   5   -209.1   546.4   3494.6
70   6   -64.9   383.5   3492.8
70   7   117.1   264.4   3421.5
70   8   -337.2   373.1   3541.1
70   9   -340.1   211.1   3551.4
70   10   -420.5   136.5   3540.6
70   11   -417.8   -188.1   3562.1
70   12   -379.5   -480.7   3603.2
70   13   -261.4   133.8   3554.2
70   14   -271.3   -190.7   3574.2
70   15   -288.8   -485.4   3614.4
70   16   -733.7   282.7   3330.5
70   17   86.7   284.3   3433.4
70   18   -331.8   628.8   3466.4
71   0   -335.9   716.1   3469.7
71   1   -333.1   565.6   3487.6
71   2   -455.4   542.4   3468.3
71   3   -584.4   383.3   3394.1
71   4   -763.6   262.9   3317.2
71   5   -208.2   546.0   3494.7
71   6   -63.9   382.8   3492.8
71   7   118.9   264.4   3421.4
71   8   -337.4   372.1   3541.2
71   9   -340.3   208.0   3551.6
71   10   -421.0   136.0   3540.6
71   11   -417.8   -188.9   3562.3
71   12   -379.5   -483.3   3603.2
71   13   -261.2   133.4   3554.2
71   14   -271.1   -191.5   3574.1
71   15   -289.4   -488.3   3610.6
71   16   -733.7   282.9   3330.0
71   17   88.4   284.1   3433.3
71   18   -331.8   628.8   3470.1
72   0   -335.9   716.1   3472.4
72   1   -333.2   565.3   3489.9
72   2   -455.6   542.2   3471.8
72   3   -584.1   383.8   3394.4
72   4   -763.3   263.3   3316.6
72   5   -207.4   545.8   3495.0
72   6   -63.0   382.2   3492.8
72   7   120.2   264.1   3420.8
72   8   -337.5   371.0   3541.3
72   9   -340.6   205.6   3551.7
72   10   -421.4   135.5   3540.5
72   11   -417.9   -189.8   3562.4
72   12   -380.3   -486.2   3601.8
72   13   -261.0   133.1   3554.2
72   14   -271.2   -192.2   3574.3
72   15   -290.1   -491.0   3608.2
72   16   -733.5   283.4   3329.5
72   17   89.7   283.8   3432.8
72   18   -331.8   628.8   3473.1
73   0   -335.9   716.0   3474.0
73   1   -333.2   565.1   3491.7
73   2   -455.9   542.1   3476.6
73   3   -583.6   384.5   3394.8
73   4   -762.6   264.1   3315.5
73   5   -206.8   545.7   3495.2
73   6   -62.0   381.8   3492.8
73   7   121.3   263.8   3419.9
73   8   -337.6   370.1   3541.3
73   9   -340.8   203.6   3551.8
73   10   -421.7   134.9   3540.5
73   11   -418.0   -190.8   3562.6
73   12   -379.2   -488.5   3602.8
73   13   -260.8   132.8   3554.2
73   14   -270.9   -192.9   3574.2
73   15   -291.0   -492.8   3610.5
73   16   -732.7   284.2   3328.7
73   17   90.8   283.5   3432.1
73   18   -331.8   628.8   3475.5
74   0   -335.9   716.0   3475.0
74   1   -333.2   564.9   3493.2
74   2   -456.1   542.0   3480.4
74   3   -583.3   384.8   3395.2
74   4   -761.6   264.5   3314.2
74   5   -206.2   545.7   3495.4
74   6   -60.8   381.4   3492.7
74   7   122.4   263.6   3419.2
74   8   -337.7   369.3   3541.4
74   9   -340.9   202.2   3551.9
74   10   -422.1   134.5   3540.5
74   11   -418.0   -191.6   3562.7
74   12   -380.2   -490.9   3601.7
74   13   -260.5   132.6   3554.3
74   14   -270.8   -193.4   3574.7
74   15   -291.4   -494.4   3613.5
74   16   -731.9   284.6   3327.7
74   17   91.9   283.2   3431.4
74   18   -331.8   628.8   3477.4
75   0   -335.9   715.9   3475.7
75   1   -333.2   564.7   3494.2
75   2   -456.3   541.9   3483.0
75   3   -583.3   384.8   3395.3
75   4   -761.1   264.5   3313.5
75   5   -205.6   545.6   3495.0
75   6   -59.5   381.0   3492.8
75   7   123.5   263.5   3418.5
75   8   -337.7   368.8   3541.6
75   9   -340.9   201.1   3552.0
75   10   -422.4   134.2   3540.5
75   11   -418.0   -192.3   3562.8
75   12   -381.0   -492.9   3600.6
75   13   -260.2   132.5   3554.3
75   14   -270.7   -193.9   3575.1
75   15   -291.6   -495.8   3615.4
75   16   -731.5   284.6   3327.2
75   17   93.0   283.1   3430.9
75   18   -331.8   628.8   3478.7
76   0   -335.9   715.9   3476.0
76   1   -333.2   564.5   3495.0
76   2   -456.5   541.8   3484.5
76   3   -583.5   384.5   3395.2
76   4   -761.9   263.5   3312.4
76   5   -205.2   545.6   3494.9
76   6   -58.3   380.6   3492.7
76   7   125.6   262.9   3417.6
76   8   -337.7   368.3   3541.7
76   9   -341.0   200.2   3552.1
76   10   -422.7   133.9   3540.6
76   11   -418.1   -193.0   3563.0
76   12   -381.1   -494.6   3600.0
76   13   -259.9   132.3   3554.4
76   14   -270.6   -194.5   3575.8
76   15   -290.6   -497.6   3613.4
76   16   -732.1   283.7   3326.2
76   17   94.9   282.5   3430.1
76   18   -331.7   628.7   3479.7
77   0   -335.9   715.8   3476.3
77   1   -333.2   564.3   3495.5
77   2   -456.8   541.6   3484.9
77   3   -583.8   384.1   3395.0
77   4   -763.3   262.1   3311.0
77   5   -204.7   545.6   3495.0
77   6   -57.5   380.2   3492.6
77   7   128.1   262.3   3416.5
77   8   -337.7   368.0   3541.8
77   9   -341.0   199.6   3552.1
77   10   -423.0   133.6   3540.8
77   11   -418.1   -193.7   3563.3
77   12   -380.8   -496.2   3599.4
77   13   -259.6   132.1   3554.6
77   14   -270.7   -195.0   3576.7
77   15   -289.9   -499.4   3611.4
77   16   -733.4   282.4   3325.0
77   17   97.1   282.0   3429.2
77   18   -331.7   628.7   3480.3
78   0   -335.9   715.8   3476.6
78   1   -333.2   564.2   3495.9
78   2   -457.1   541.5   3485.1
78   3   -584.2   383.6   3394.7
78   4   -764.6   260.7   3309.3
78   5   -204.3   545.7   3495.2
78   6   -57.0   379.7   3492.6
78   7   130.5   262.0   3415.5
78   8   -337.7   367.8   3541.9
78   9   -341.0   199.0   3552.1
78   10   -423.2   133.3   3541.2
78   11   -418.1   -194.4   3563.7
78   12   -380.6   -497.7   3599.2
78   13   -259.4   131.9   3554.8
78   14   -270.8   -195.6   3577.3
78   15   -290.0   -500.4   3614.1
78   16   -734.6   281.2   3323.5
78   17   99.2   281.6   3428.3
78   18   -331.7   628.6   3480.8
79   0   -335.9   715.8   3477.1
79   1   -333.2   564.0   3496.2
79   2   -457.4   541.4   3485.1
79   3   -584.6   383.2   3394.5
79   4   -765.8   259.4   3307.6
79   5   -203.9   545.7   3495.5
79   6   -56.6   379.3   3492.6
79   7   132.6   261.6   3414.6
79   8   -337.8   367.6   3542.0
79   9   -341.0   198.6   3552.1
79   10   -423.4   133.0   3541.6
79   11   -418.1   -197.7   3564.1
79   12   -380.0   -501.6   3599.6
79   13   -259.1   131.7   3555.1
79   14   -271.2   -198.7   3578.2
79   15   -290.7   -503.0   3623.3
79   16   -735.6   280.1   3322.1
79   17   101.0   281.2   3427.6
79   18   -331.7   628.5   3481.1
80   0   -335.9   715.7   3477.7
80   1   -333.2   563.8   3496.5
80   2   -457.7   541.4   3485.1
80   3   -584.9   382.9   3394.3
80   4   -766.9   258.8   3305.9
80   5   -203.7   545.5   3495.8
80   6   -56.2   379.0   3492.6
80   7   134.2   261.1   3413.8
80   8   -337.8   367.4   3542.0
80   9   -341.0   198.1   3552.2
80   10   -423.7   132.9   3542.0
80   11   -418.0   -199.8   3564.6
80   12   -379.4   -504.1   3601.3
80   13   -258.9   131.7   3555.5
80   14   -271.8   -200.8   3579.0
80   15   -291.4   -504.1   3633.3
80   16   -736.6   279.5   3320.6
80   17   102.5   280.8   3426.9
80   18   -331.7   628.5   3481.5
81   0   -335.9   716.8   3478.0
81   1   -333.2   563.7   3496.7
81   2   -458.0   541.5   3484.9
81   3   -585.1   382.8   3394.1
81   4   -767.8   258.7   3303.9
81   5   -203.7   545.2   3495.9
81   6   -55.9   378.8   3492.6
81   7   135.7   260.9   3413.2
81   8   -337.8   367.3   3542.1
81   9   -341.0   197.8   3552.2
81   10   -424.0   132.9   3542.6
81   11   -417.8   -202.4   3565.5
81   12   -378.2   -506.7   3605.4
81   13   -258.7   131.7   3556.0
81   14   -272.0   -203.3   3579.2
81   15   -292.2   -506.1   3639.5
81   16   -737.4   279.4   3319.0
81   17   103.8   280.5   3426.4
81   18   -331.7   628.4   3481.7
82   0   -336.0   718.2   3478.3
82   1   -333.2   563.5   3496.8
82   2   -458.3   541.5   3484.7
82   3   -585.3   382.9   3393.9
82   4   -767.0   260.0   3302.5
82   5   -203.6   545.0   3496.0
82   6   -55.7   378.7   3492.6
82   7   135.2   261.4   3413.4
82   8   -337.8   367.2   3542.1
82   9   -341.0   197.5   3552.2
82   10   -424.2   132.8   3543.2
82   11   -417.7   -205.7   3565.9
82   12   -377.2   -510.2   3607.8
82   13   -258.5   131.7   3556.7
82   14   -271.9   -206.6   3579.0
82   15   -292.6   -509.4   3642.2
82   16   -736.7   280.4   3317.7
82   17   103.4   280.9   3426.6
82   18   -331.7   628.3   3481.9
83   0   -336.1   719.6   3478.4
83   1   -333.2   563.4   3496.9
83   2   -458.6   541.7   3484.3
83   3   -585.6   383.0   3393.7
83   4   -765.5   261.7   3301.3
83   5   -203.6   544.8   3496.1
83   6   -55.5   378.7   3492.6
83   7   134.0   262.2   3414.0
83   8   -337.8   367.1   3542.1
83   9   -341.0   197.2   3552.2
83   10   -424.3   132.6   3544.2
83   11   -417.7   -209.8   3566.1
83   12   -376.4   -514.5   3609.0
83   13   -258.5   131.6   3558.1
83   14   -271.8   -210.7   3578.8
83   15   -292.8   -513.8   3642.6
83   16   -735.5   281.9   3316.7
83   17   102.4   281.6   3427.1
83   18   -331.7   628.3   3481.9
84   0   -336.1   720.8   3478.5
84   1   -333.2   563.2   3496.9
84   2   -458.8   541.8   3483.9
84   3   -585.9   383.1   3393.4
84   4   -763.9   263.5   3299.8
84   5   -203.5   544.7   3496.2
84   6   -55.3   378.7   3492.6
84   7   132.6   263.2   3414.6
84   8   -337.8   367.0   3542.1
84   9   -341.0   197.0   3552.2
84   10   -424.5   132.5   3545.2
84   11   -417.6   -212.9   3566.4
84   12   -375.9   -518.0   3609.6
84   13   -258.4   131.6   3559.8
84   14   -272.0   -213.7   3579.1
84   15   -292.9   -517.4   3642.7
84   16   -734.2   283.5   3315.4
84   17   101.3   282.4   3427.6
84   18   -331.7   628.2   3482.0
85   0   -336.2   721.8   3478.5
85   1   -333.2   563.0   3496.9
85   2   -459.1   542.0   3483.7
85   3   -586.2   383.3   3393.2
85   4   -762.4   265.3   3298.3
85   5   -203.4   544.7   3496.3
85   6   -55.1   378.7   3492.5
85   7   131.5   264.0   3415.1
85   8   -337.8   366.9   3542.2
85   9   -341.0   196.8   3552.2
85   10   -424.7   132.4   3546.3
85   11   -417.5   -215.1   3566.6
85   12   -375.7   -520.6   3609.9
85   13   -258.4   131.6   3561.9
85   14   -272.1   -215.8   3579.3
85   15   -293.5   -519.9   3642.9
85   16   -733.1   285.0   3314.1
85   17   100.4   283.1   3428.0
85   18   -331.7   628.1   3481.9
86   0   -336.2   722.6   3478.5
86   1   -333.2   562.9   3497.0
86   2   -459.3   542.2   3483.6
86   3   -586.6   383.4   3393.0
86   4   -762.0   266.5   3298.3
86   5   -203.2   544.8   3496.3
86   6   -54.8   378.8   3492.5
86   7   130.8   264.5   3415.6
86   8   -337.8   366.8   3542.2
86   9   -341.0   196.5   3552.2
86   10   -425.0   132.3   3547.5
86   11   -417.4   -217.5   3566.8
86   12   -375.5   -523.4   3610.3
86   13   -258.4   131.6   3563.9
86   14   -272.0   -218.1   3579.4
86   15   -294.7   -522.5   3643.5
86   16   -732.8   286.0   3314.1
86   17   99.8   283.5   3428.4
86   18   -331.7   628.0   3481.9
87   0   -336.2   723.2   3478.5
87   1   -333.2   562.7   3497.0
87   2   -459.6   542.3   3483.5
87   3   -587.0   383.6   3392.8
87   4   -762.4   267.3   3299.0
87   5   -203.0   544.9   3496.4
87   6   -54.4   378.8   3492.5
87   7   130.5   264.8   3415.8
87   8   -337.8   366.7   3542.2
87   9   -341.0   196.3   3552.2
87   10   -425.2   132.1   3548.0
87   11   -417.4   -218.6   3566.9
87   12   -375.3   -525.0   3610.6
87   13   -258.5   131.6   3565.7
87   14   -271.8   -219.2   3579.5
87   15   -296.0   -523.8   3643.9
87   16   -733.2   286.7   3314.7
87   17   99.6   283.8   3428.6
87   18   -331.7   627.9   3481.9
88   0   -336.3   723.7   3478.5
88   1   -333.3   562.5   3497.0
88   2   -459.9   542.4   3483.5
88   3   -587.4   383.7   3392.6
88   4   -763.1   267.9   3299.6
88   5   -202.7   544.9   3496.4
88   6   -54.0   378.8   3492.6
88   7   130.5   264.8   3415.8
88   8   -337.8   366.6   3542.2
88   9   -341.0   196.0   3552.2
88   10   -425.3   132.0   3548.2
88   11   -417.3   -220.2   3566.9
88   12   -374.9   -526.9   3611.0
88   13   -258.3   131.5   3566.1
88   14   -271.9   -220.8   3579.8
88   15   -296.8   -525.7   3644.6
88   16   -733.8   287.2   3315.1
88   17   99.8   283.8   3428.6
88   18   -331.7   627.8   3481.9
89   0   -336.3   724.1   3478.5
89   1   -333.3   562.3   3497.0
89   2   -460.2   542.6   3483.8
89   3   -587.8   384.0   3392.4
89   4   -764.0   268.2   3300.0
89   5   -202.6   544.9   3496.4
89   6   -53.5   378.8   3492.6
89   7   131.0   264.8   3415.8
89   8   -337.8   366.5   3542.3
89   9   -341.0   195.7   3552.2
89   10   -425.5   131.8   3548.3
89   11   -417.3   -222.6   3566.9
89   12   -374.3   -529.6   3611.5
89   13   -258.1   131.4   3566.0
89   14   -272.1   -223.1   3580.0
89   15   -297.4   -528.3   3645.7
89   16   -734.6   287.5   3315.4
89   17   100.3   283.8   3428.6
89   18   -331.7   627.7   3481.9
90   0   -336.3   724.3   3478.5
90   1   -333.3   562.1   3497.1
90   2   -460.5   542.7   3484.1
90   3   -588.4   384.3   3392.2
90   4   -764.9   268.2   3300.2
90   5   -202.4   544.8   3496.5
90   6   -53.0   378.8   3492.6
90   7   131.9   264.6   3415.9
90   8   -337.8   366.3   3542.3
90   9   -341.0   195.3   3552.3
90   10   -425.7   131.7   3548.3
90   11   -417.3   -224.8   3567.0
90   12   -373.8   -532.1   3611.8
90   13   -257.9   131.2   3565.7
90   14   -272.7   -225.2   3580.2
90   15   -297.9   -530.8   3645.9
90   16   -735.5   287.6   3315.5
90   17   101.0   283.6   3428.7
90   18   -331.7   627.6   3481.9
91   0   -336.3   724.6   3478.5
91   1   -333.3   561.9   3497.1
91   2   -460.7   542.9   3484.2
91   3   -589.2   384.8   3391.9
91   4   -766.1   268.0   3300.5
91   5   -202.3   544.8   3496.5
91   6   -52.5   378.8   3492.7
91   7   132.9   264.4   3416.2
91   8   -337.8   366.2   3542.3
91   9   -341.0   194.9   3552.3
91   10   -425.8   131.6   3548.3
91   11   -417.2   -225.7   3567.1
91   12   -373.7   -533.4   3612.0
91   13   -257.7   131.1   3565.3
91   14   -273.8   -226.1   3580.4
91   15   -297.9   -532.6   3644.4
91   16   -736.7   287.5   3315.7
91   17   102.0   283.5   3429.0
91   18   -331.7   627.5   3481.9
92   0   -336.3   724.8   3478.5
92   1   -333.3   561.7   3497.1
92   2   -461.0   543.0   3484.4
92   3   -590.1   385.3   3391.7
92   4   -767.4   267.8   3300.8
92   5   -202.2   544.7   3496.5
92   6   -52.0   378.7   3492.8
92   7   134.0   264.2   3416.5
92   8   -337.8   366.0   3542.4
92   9   -341.0   194.4   3552.3
92   10   -426.0   131.5   3548.3
92   11   -417.2   -225.7   3567.2
92   12   -373.6   -533.8   3612.1
92   13   -257.6   131.0   3565.2
92   14   -275.0   -226.1   3580.4
92   15   -299.1   -532.7   3645.7
92   16   -737.9   287.4   3316.0
92   17   103.0   283.3   3429.2
92   18   -331.7   627.4   3481.9
93   0   -336.3   724.9   3478.5
93   1   -333.3   561.5   3497.1
93   2   -461.2   543.2   3484.4
93   3   -590.8   385.5   3391.7
93   4   -768.6   267.7   3300.9
93   5   -202.0   544.7   3496.5
93   6   -51.6   378.6   3493.0
93   7   135.0   263.9   3417.1
93   8   -337.8   365.9   3542.4
93   9   -341.0   194.0   3552.3
93   10   -426.1   131.4   3548.3
93   11   -417.3   -225.7   3567.3
93   12   -373.2   -534.1   3612.7
93   13   -257.4   130.9   3565.2
93   14   -276.0   -226.0   3579.3
93   15   -301.0   -532.2   3648.0
93   16   -738.9   287.3   3316.1
93   17   103.9   283.0   3429.8
93   18   -331.7   627.2   3481.9
94   0   -336.3   725.0   3478.5
94   1   -333.3   561.3   3497.2
94   2   -461.5   543.3   3484.4
94   3   -591.3   385.5   3391.8
94   4   -770.5   266.8   3300.1
94   5   -201.9   544.6   3496.5
94   6   -51.1   378.5   3493.2
94   7   137.3   263.0   3417.6
94   8   -337.8   365.7   3542.4
94   9   -341.0   193.5   3552.3
94   10   -426.1   131.1   3548.4
94   11   -417.3   -227.2   3567.3
94   12   -372.9   -535.9   3613.2
94   13   -257.3   130.7   3565.2
94   14   -276.2   -227.4   3578.8
94   15   -301.7   -533.8   3648.2
94   16   -740.6   286.6   3315.4
94   17   105.9   282.2   3430.2
94   18   -331.7   627.1   3481.9
95   0   -336.3   725.1   3478.5
95   1   -333.3   561.1   3497.2
95   2   -461.7   543.5   3484.4
95   3   -591.9   385.4   3391.9
95   4   -772.9   266.0   3299.1
95   5   -201.8   544.6   3496.5
95   6   -50.8   378.3   3493.4
95   7   140.1   261.9   3418.2
95   8   -337.9   365.5   3542.5
95   9   -341.0   192.9   3552.3
95   10   -426.1   130.8   3548.5
95   11   -417.3   -229.1   3567.4
95   12   -373.1   -538.2   3613.6
95   13   -257.3   130.6   3565.2
95   14   -276.6   -229.2   3578.8
95   15   -301.3   -536.4   3646.9
95   16   -742.8   285.9   3314.5
95   17   108.3   281.3   3430.7
95   18   -331.7   627.0   3481.9
96   0   -336.3   725.2   3478.5
96   1   -333.3   560.9   3497.2
96   2   -461.9   543.6   3484.3
96   3   -592.7   385.6   3392.0
96   4   -775.2   264.9   3297.9
96   5   -201.7   544.5   3496.5
96   6   -50.5   378.1   3493.5
96   7   142.6   261.0   3417.9
96   8   -337.9   365.3   3542.5
96   9   -341.0   192.4   3552.3
96   10   -426.0   130.3   3548.6
96   11   -417.2   -230.3   3567.3
96   12   -373.7   -539.9   3613.9
96   13   -257.2   130.4   3565.3
96   14   -277.7   -230.0   3579.2
96   15   -300.5   -538.0   3646.5
96   16   -744.8   285.0   3313.6
96   17   110.4   280.5   3430.5
96   18   -331.7   626.9   3481.9
97   0   -336.3   725.3   3478.5
97   1   -333.3   560.7   3497.2
97   2   -462.1   543.8   3484.3
97   3   -593.4   385.8   3392.0
97   4   -777.2   263.8   3297.0
97   5   -201.7   544.5   3496.5
97   6   -50.2   377.8   3493.8
97   7   144.9   260.8   3416.9
97   8   -337.9   365.1   3542.6
97   9   -341.0   191.9   3552.3
97   10   -425.8   129.8   3548.7
97   11   -417.2   -230.5   3567.3
97   12   -374.5   -540.6   3613.8
97   13   -257.2   130.1   3565.3
97   14   -279.1   -229.8   3579.5
97   15   -299.3   -538.6   3645.6
97   16   -746.6   284.2   3312.8
97   17   112.4   280.3   3429.7
97   18   -331.7   626.7   3481.9
98   0   -336.3   724.1   3478.6
98   1   -333.3   560.4   3497.2
98   2   -462.4   543.9   3484.3
98   3   -593.9   385.8   3391.9
98   4   -778.9   262.9   3296.2
98   5   -201.6   544.4   3496.6
98   6   -49.9   377.5   3494.4
98   7   146.9   261.1   3415.8
98   8   -337.9   364.7   3542.6
98   9   -341.0   191.2   3552.3
98   10   -425.6   129.0   3548.8
98   11   -417.2   -230.3   3567.2
98   12   -374.7   -540.9   3613.8
98   13   -257.2   129.7   3565.4
98   14   -280.5   -229.1   3579.4
98   15   -298.5   -538.6   3644.9
98   16   -748.1   283.4   3312.1
98   17   114.1   280.5   3428.9
98   18   -331.7   626.5   3481.9
99   0   -336.2   722.6   3478.6
99   1   -333.3   560.0   3497.3
99   2   -462.6   544.0   3484.2
99   3   -594.2   385.6   3391.8
99   4   -780.6   262.3   3295.6
99   5   -201.5   544.3   3496.6
99   6   -49.7   377.3   3495.2
99   7   148.5   261.2   3414.8
99   8   -337.9   364.2   3542.6
99   9   -341.0   190.4   3552.3
99   10   -425.6   128.5   3548.8
99   11   -417.3   -229.6   3567.2
99   12   -374.4   -540.5   3613.7
99   13   -257.1   129.5   3565.4
99   14   -282.3   -228.1   3579.0
99   15   -298.9   -538.0   3645.1
99   16   -749.5   282.8   3311.6
99   17   115.5   280.6   3428.2
99   18   -331.7   626.2   3481.9
100   0   -336.1   721.1   3478.7
100   1   -333.3   559.7   3497.2
100   2   -462.8   544.2   3484.2
100   3   -594.5   385.4   3391.7
100   4   -782.0   261.9   3295.1
100   5   -201.3   544.3   3496.6
100   6   -49.4   377.0   3495.6
100   7   149.5   260.5   3414.3
100   8   -337.9   363.5   3542.5
100   9   -341.0   189.6   3552.3
100   10   -425.7   128.2   3548.6
100   11   -417.2   -228.7   3567.0
100   12   -374.3   -540.0   3613.8
100   13   -257.0   129.2   3565.4
100   14   -282.5   -227.2   3578.3
100   15   -299.1   -537.1   3646.2
100   16   -750.8   282.5   3311.2
100   17   116.4   279.9   3427.9
100   18   -331.7   626.0   3481.9
101   0   -336.1   719.8   3478.8
101   1   -333.3   559.3   3497.2
101   2   -463.0   544.3   3484.1
101   3   -594.8   385.2   3391.5
101   4   -783.1   261.4   3294.6
101   5   -201.3   544.2   3496.6
101   6   -49.1   376.7   3496.2
101   7   150.2   259.4   3414.2
101   8   -337.9   362.7   3542.4
101   9   -341.0   188.6   3552.3
101   10   -426.0   128.0   3548.6
101   11   -417.2   -230.1   3566.9
101   12   -374.0   -541.6   3614.2
101   13   -256.7   128.9   3565.4
101   14   -281.7   -228.6   3577.8
101   15   -299.7   -538.4   3647.8
101   16   -751.7   282.1   3310.7
101   17   117.0   278.9   3427.9
101   18   -331.7   625.7   3481.9
102   0   -336.0   718.7   3478.8
102   1   -333.3   558.9   3497.2
102   2   -463.2   544.4   3484.1
102   3   -595.0   385.0   3391.4
102   4   -784.1   261.0   3293.9
102   5   -201.2   544.2   3496.6
102   6   -48.8   376.5   3496.8
102   7   151.0   258.7   3414.0
102   8   -337.9   361.7   3542.4
102   9   -341.0   187.6   3552.4
102   10   -426.1   127.9   3548.6
102   11   -417.1   -230.4   3566.4
102   12   -373.8   -542.3   3614.4
102   13   -256.6   128.7   3565.4
102   14   -281.8   -229.0   3578.1
102   15   -299.5   -539.5   3646.9
102   16   -752.6   281.7   3310.2
102   17   117.7   278.3   3427.8
102   18   -331.7   625.4   3481.9
103   0   -336.0   717.9   3478.9
103   1   -333.3   558.5   3497.2
103   2   -463.4   544.5   3484.1
103   3   -595.2   384.9   3391.2
103   4   -784.9   260.7   3293.3
103   5   -201.1   544.1   3496.6
103   6   -48.5   376.2   3496.7
103   7   151.9   258.2   3413.7
103   8   -337.9   360.6   3542.5
103   9   -341.1   186.7   3552.4
103   10   -426.2   127.9   3548.2
103   11   -417.0   -229.9   3565.7
103   12   -373.8   -542.1   3614.5
103   13   -256.6   128.7   3565.4
103   14   -282.0   -228.6   3578.2
103   15   -298.9   -540.0   3644.8
103   16   -753.2   281.4   3309.6
103   17   118.5   277.9   3427.6
103   18   -331.7   625.1   3481.9
104   0   -336.0   717.2   3479.0
104   1   -333.3   558.2   3497.2
104   2   -463.6   544.6   3484.1
104   3   -595.2   384.5   3391.2
104   4   -785.5   260.5   3292.7
104   5   -201.0   544.1   3496.6
104   6   -48.2   375.9   3496.4
104   7   152.8   257.8   3413.4
104   8   -338.0   359.6   3542.5
104   9   -341.1   185.7   3552.4
104   10   -426.4   127.8   3548.1
104   11   -417.0   -229.8   3565.4
104   12   -373.7   -542.5   3613.9
104   13   -256.5   128.5   3565.4
104   14   -281.8   -228.6   3578.2
104   15   -299.6   -539.8   3647.6
104   16   -753.8   281.1   3309.1
104   17   119.3   277.5   3427.2
104   18   -331.7   624.9   3481.9
105   0   -335.9   716.7   3479.0
105   1   -333.3   557.8   3497.2
105   2   -463.8   544.8   3484.1
105   3   -595.3   384.3   3391.1
105   4   -786.1   260.2   3292.1
105   5   -201.0   544.0   3496.6
105   6   -48.0   375.7   3496.3
105   7   153.6   257.4   3413.0
105   8   -338.0   358.5   3542.6
105   9   -341.1   184.7   3552.4
105   10   -426.6   127.8   3548.2
105   11   -417.0   -229.8   3565.4
105   12   -373.6   -542.9   3613.6
105   13   -256.4   128.4   3565.4
105   14   -281.6   -228.7   3578.2
105   15   -299.1   -540.8   3645.3
105   16   -754.3   280.9   3308.6
105   17   120.0   277.1   3426.9
105   18   -331.7   624.6   3481.9
106   0   -335.9   716.3   3479.1
106   1   -333.3   557.4   3497.2
106   2   -464.0   545.0   3484.1
106   3   -595.5   384.0   3391.0
106   4   -786.7   260.1   3291.5
106   5   -200.9   544.0   3496.6
106   6   -47.7   375.4   3496.3
106   7   154.6   257.3   3412.8
106   8   -338.1   357.5   3542.7
106   9   -341.1   183.8   3552.4
106   10   -426.7   127.9   3548.3
106   11   -417.0   -229.9   3565.3
106   12   -373.5   -543.3   3613.7
106   13   -256.3   128.4   3565.5
106   14   -281.5   -228.8   3577.9
106   15   -298.4   -541.9   3642.5
106   16   -754.8   280.7   3308.1
106   17   120.9   277.0   3426.7
106   18   -331.7   624.3   3481.9
107   0   -335.9   716.0   3479.1
107   1   -333.3   557.0   3497.2
107   2   -464.2   545.2   3484.1
107   3   -595.6   383.8   3390.9
107   4   -787.3   259.9   3290.9
107   5   -200.8   544.0   3496.6
107   6   -47.5   375.2   3496.4
107   7   155.5   257.4   3412.7
107   8   -338.1   356.4   3542.8
107   9   -341.1   182.8   3552.5
107   10   -426.8   127.9   3548.5
107   11   -417.0   -229.9   3565.2
107   12   -373.3   -543.7   3613.9
107   13   -256.3   128.3   3565.5
107   14   -281.6   -228.9   3577.0
107   15   -299.2   -541.7   3644.6
107   16   -755.3   280.5   3307.6
107   17   121.7   277.1   3426.7
107   18   -331.7   624.0   3481.9
108   0   -335.9   715.7   3479.1
108   1   -333.3   556.6   3497.2
108   2   -464.3   545.4   3484.1
108   3   -595.8   383.7   3390.7
108   4   -788.0   259.7   3290.8
108   5   -200.8   543.9   3496.6
108   6   -47.2   374.9   3496.6
108   7   156.2   257.3   3412.4
108   8   -338.2   355.3   3542.9
108   9   -341.1   181.9   3552.5
108   10   -426.8   128.0   3548.6
108   11   -417.0   -229.5   3565.0
108   12   -373.2   -543.7   3614.0
108   13   -256.3   128.4   3565.4
108   14   -281.6   -228.6   3575.9
108   15   -300.0   -541.2   3646.1
108   16   -756.0   280.4   3307.4
108   17   122.3   276.9   3426.4
108   18   -331.7   623.6   3481.9
109   0   -335.9   715.5   3479.1
109   1   -333.4   556.2   3497.1
109   2   -464.5   545.6   3484.1
109   3   -596.0   383.5   3390.7
109   4   -788.8   259.6   3290.8
109   5   -200.7   543.9   3496.6
109   6   -47.0   374.7   3496.6
109   7   156.8   257.1   3411.9
109   8   -338.2   354.2   3542.9
109   9   -341.1   181.0   3552.5
109   10   -426.8   128.1   3548.7
109   11   -417.0   -229.2   3564.8
109   12   -373.2   -543.7   3614.0
109   13   -256.3   128.4   3565.4
109   14   -281.6   -228.3   3576.4
109   15   -300.5   -541.3   3646.6
109   16   -756.7   280.2   3307.5
109   17   122.8   276.7   3426.0
109   18   -331.7   623.4   3481.9
110   0   -335.9   715.3   3479.1
110   1   -333.4   555.8   3497.1
110   2   -464.5   545.5   3484.0
110   3   -596.3   383.3   3390.6
110   4   -789.7   259.4   3290.8
110   5   -200.7   543.9   3496.7
110   6   -46.7   374.5   3496.6
110   7   157.2   256.9   3411.0
110   8   -338.3   353.0   3543.0
110   9   -341.1   180.2   3552.6
110   10   -426.7   128.0   3548.7
110   11   -417.1   -229.4   3564.6
110   12   -373.1   -544.3   3614.1
110   13   -256.4   128.3   3565.4
110   14   -281.7   -228.6   3577.3
110   15   -301.0   -542.2   3646.6
110   16   -757.5   280.1   3307.4
110   17   123.2   276.5   3425.2
110   18   -331.7   623.0   3481.9
111   0   -335.9   715.1   3479.1
111   1   -333.4   555.4   3497.1
111   2   -464.4   545.2   3484.0
111   3   -596.6   383.1   3390.5
111   4   -790.5   259.3   3290.6
111   5   -200.7   543.8   3496.7
111   6   -46.4   374.4   3496.4
111   7   157.3   256.8   3409.4
111   8   -338.4   351.9   3543.1
111   9   -341.1   179.4   3552.6
111   10   -426.6   128.0   3548.7
111   11   -417.1   -229.4   3564.6
111   12   -373.1   -544.7   3613.9
111   13   -256.5   128.2   3565.4
111   14   -281.6   -228.5   3577.8
111   15   -301.2   -542.6   3646.5
111   16   -758.2   279.9   3307.3
111   17   123.4   276.4   3423.9
111   18   -331.7   622.7   3481.9
112   0   -335.9   714.9   3478.9
112   1   -333.5   555.0   3497.1
112   2   -464.0   544.3   3482.9
112   3   -597.4   382.5   3390.1
112   4   -791.8   258.9   3290.2
112   5   -200.9   543.2   3496.6
112   6   -45.9   374.2   3496.2
112   7   157.5   256.7   3407.4
112   8   -338.7   350.8   3542.9
112   9   -341.2   178.8   3552.5
112   10   -426.6   127.8   3548.7
112   11   -417.1   -229.3   3564.5
112   12   -373.2   -544.9   3613.6
112   13   -256.7   128.2   3565.4
112   14   -281.6   -228.3   3577.6
112   15   -300.9   -543.2   3644.0
112   16   -759.4   279.5   3306.9
112   17   123.6   276.3   3422.2
112   18   -331.7   622.4   3481.9
113   0   -336.0   714.5   3478.5
113   1   -333.6   554.6   3496.9
113   2   -463.5   543.1   3481.6
113   3   -598.4   381.8   3389.6
113   4   -793.2   258.6   3289.5
113   5   -201.6   541.8   3496.6
113   6   -45.1   373.9   3496.0
113   7   157.7   256.5   3405.3
113   8   -339.3   350.0   3542.2
113   9   -341.4   178.4   3552.1
113   10   -426.8   127.4   3548.6
113   11   -417.1   -229.2   3564.4
113   12   -373.4   -545.1   3612.9
113   13   -256.8   127.8   3565.3
113   14   -281.6   -228.2   3577.1
113   15   -300.4   -544.0   3640.2
113   16   -760.7   279.2   3306.2
113   17   123.9   276.1   3420.4
113   18   -331.7   622.0   3481.9
114   0   -336.2   715.0   3478.2
114   1   -333.8   554.2   3496.7
114   2   -463.4   542.4   3480.5
114   3   -599.2   381.2   3389.3
114   4   -794.5   258.5   3289.2
114   5   -202.3   540.1   3496.5
114   6   -44.2   373.5   3495.5
114   7   157.9   256.4   3402.5
114   8   -339.9   349.4   3541.3
114   9   -341.5   178.1   3551.5
114   10   -427.0   126.7   3548.6
114   11   -417.3   -229.3   3564.2
114   12   -373.5   -545.5   3612.1
114   13   -256.9   127.0   3565.3
114   14   -281.6   -228.4   3576.4
114   15   -300.0   -545.0   3636.2
114   16   -761.9   278.9   3305.8
114   17   124.2   275.9   3418.0
114   18   -331.7   621.7   3481.9
115   0   -336.4   715.9   3477.7
115   1   -333.9   553.7   3496.4
115   2   -463.5   542.0   3479.0
115   3   -600.1   380.7   3388.9
115   4   -795.9   258.3   3288.9
115   5   -202.8   538.6   3496.4
115   6   -43.4   373.2   3494.9
115   7   157.7   256.4   3398.8
115   8   -340.6   349.0   3540.2
115   9   -341.7   177.9   3550.8
115   10   -427.2   125.8   3548.6
115   11   -417.4   -229.1   3564.3
115   12   -373.8   -545.7   3610.9
115   13   -257.2   126.1   3565.3
115   14   -281.6   -228.3   3576.0
115   15   -300.1   -545.6   3633.3
115   16   -763.3   278.7   3305.6
115   17   124.2   275.9   3414.8
115   18   -331.7   621.4   3481.9
116   0   -336.5   716.7   3477.2
116   1   -334.1   553.4   3496.0
116   2   -463.7   541.7   3478.3
116   3   -600.8   380.5   3388.6
116   4   -796.8   258.2   3288.7
116   5   -202.8   538.1   3496.4
116   6   -43.0   372.9   3494.2
116   7   156.7   256.9   3394.0
116   8   -341.4   348.9   3539.0
116   9   -341.9   177.8   3550.0
116   10   -427.5   125.3   3548.6
116   11   -417.5   -228.3   3564.5
116   12   -374.2   -545.3   3609.6
116   13   -257.4   125.7   3565.2
116   14   -281.6   -227.4   3575.1
116   15   -300.3   -544.8   3632.6
116   16   -764.1   278.6   3305.4
116   17   123.4   276.2   3410.7
116   18   -331.7   621.1   3481.8
117   0   -336.7   717.5   3476.6
117   1   -334.3   553.0   3495.7
117   2   -463.9   541.5   3478.0
117   3   -601.4   380.5   3388.4
117   4   -797.3   257.9   3288.4
117   5   -202.6   537.9   3496.4
117   6   -42.8   372.6   3493.3
117   7   156.6   256.9   3391.9
117   8   -342.1   348.9   3537.8
117   9   -342.1   177.8   3549.3
117   10   -427.7   125.1   3548.6
117   11   -417.7   -226.9   3564.3
117   12   -374.4   -544.2   3608.4
117   13   -257.5   125.6   3565.1
117   14   -281.7   -226.0   3573.7
117   15   -300.6   -543.1   3633.3
117   16   -764.6   278.3   3305.1
117   17   123.4   276.2   3408.8
117   18   -331.7   620.8   3481.7
118   0   -336.8   718.1   3476.0
118   1   -334.5   552.7   3495.4
118   2   -464.0   541.3   3477.9
118   3   -601.9   380.6   3388.1
118   4   -797.6   257.6   3288.1
118   5   -202.3   537.9   3496.5
118   6   -42.8   372.4   3492.2
118   7   157.1   256.8   3391.6
118   8   -342.7   349.0   3537.0
118   9   -342.3   178.0   3548.7
118   10   -427.9   124.9   3548.5
118   11   -418.0   -225.1   3563.9
118   12   -374.7   -542.7   3605.3
118   13   -257.7   125.6   3565.0
118   14   -281.8   -224.0   3571.7
118   15   -300.2   -540.9   3632.7
118   16   -765.0   278.1   3304.8
118   17   123.8   276.0   3408.3
118   18   -331.7   620.5   3481.6
119   0   -336.9   718.6   3475.5
119   1   -334.6   552.5   3495.0
119   2   -464.2   541.2   3477.8
119   3   -602.3   380.8   3387.8
119   4   -797.9   257.4   3287.9
119   5   -202.2   537.8   3496.5
119   6   -42.7   372.2   3491.2
119   7   157.9   256.5   3391.9
119   8   -343.3   349.3   3536.4
119   9   -342.5   178.3   3548.2
119   10   -428.1   124.8   3548.5
119   11   -418.3   -223.2   3563.3
119   12   -374.9   -541.1   3603.4
119   13   -257.8   125.7   3564.7
119   14   -281.8   -222.0   3569.6
119   15   -299.8   -538.7   3631.8
119   16   -765.3   278.0   3304.5
119   17   124.4   275.8   3408.5
119   18   -331.7   620.3   3481.1
120   0   -337.0   719.1   3475.1
120   1   -334.7   552.4   3493.6
120   2   -464.3   541.1   3477.6
120   3   -602.7   381.1   3387.2
120   4   -798.2   257.1   3287.6
120   5   -202.2   537.8   3496.5
120   6   -42.8   372.1   3490.2
120   7   158.5   256.2   3392.5
120   8   -343.8   349.8   3535.8
120   9   -342.6   178.8   3547.8
120   10   -428.3   124.8   3548.5
120   11   -419.2   -221.6   3562.6
120   12   -375.1   -539.5   3602.2
120   13   -257.9   125.8   3564.4
120   14   -281.7   -220.2   3567.3
120   15   -299.8   -536.5   3632.1
120   16   -765.6   277.8   3304.2
120   17   124.9   275.5   3408.8
120   18   -331.7   620.2   3479.4
121   0   -337.2   719.3   3474.5
121   1   -334.9   552.4   3491.1
121   2   -464.4   540.9   3477.3
121   3   -603.2   381.4   3386.6
121   4   -798.7   256.9   3287.6
121   5   -202.4   538.0   3496.4
121   6   -43.1   372.1   3488.6
121   7   159.2   255.9   3393.2
121   8   -344.3   350.5   3535.1
121   9   -342.8   179.5   3547.4
121   10   -428.4   124.7   3548.5
121   11   -419.7   -220.4   3561.7
121   12   -375.4   -537.9   3603.7
121   13   -258.0   125.8   3564.1
121   14   -281.6   -218.8   3566.8
121   15   -300.7   -534.2   3635.8
121   16   -766.1   277.6   3304.1
121   17   125.5   275.3   3409.1
121   18   -331.7   620.0   3476.3
122   0   -337.3   719.5   3473.6
122   1   -335.1   552.3   3488.5
122   2   -464.5   540.7   3477.0
122   3   -603.7   381.8   3385.7
122   4   -799.3   256.7   3287.7
122   5   -202.5   538.2   3496.3
122   6   -43.5   372.2   3486.1
122   7   160.2   255.5   3394.3
122   8   -345.0   351.3   3534.5
122   9   -343.1   180.2   3547.0
122   10   -428.6   124.6   3548.4
122   11   -419.9   -219.5   3560.7
122   12   -375.6   -536.4   3607.9
122   13   -258.1   125.9   3563.6
122   14   -281.5   -217.7   3566.8
122   15   -300.8   -532.9   3636.8
122   16   -766.7   277.6   3304.1
122   17   126.2   274.9   3409.6
122   18   -331.7   619.8   3473.0
123   0   -337.7   719.5   3472.7
123   1   -335.2   552.3   3485.9
123   2   -464.7   540.7   3474.5
123   3   -604.2   381.5   3384.2
123   4   -800.6   256.5   3287.6
123   5   -202.6   538.1   3494.2
123   6   -43.6   372.0   3484.8
123   7   160.8   255.3   3394.5
123   8   -345.4   352.0   3533.9
123   9   -343.3   180.9   3546.6
123   10   -428.7   124.3   3548.3
123   11   -420.0   -219.1   3558.4
123   12   -375.9   -534.8   3613.0
123   13   -258.2   125.9   3562.9
123   14   -281.5   -216.9   3567.2
123   15   -301.7   -530.9   3642.1
123   16   -767.8   277.3   3303.7
123   17   126.7   274.7   3409.5
123   18   -331.8   619.7   3469.8
124   0   -338.3   719.5   3471.7
124   1   -335.3   552.4   3483.7
124   2   -464.9   540.7   3470.0
124   3   -604.9   380.7   3382.0
124   4   -802.1   255.9   3286.7
124   5   -202.4   537.8   3489.7
124   6   -43.4   371.5   3483.3
124   7   161.7   255.0   3394.6
124   8   -345.7   352.6   3533.3
124   9   -343.6   181.6   3546.1
124   10   -428.8   123.9   3548.1
124   11   -420.0   -219.0   3555.0
124   12   -376.1   -533.6   3615.6
124   13   -258.4   126.0   3562.2
124   14   -281.4   -216.2   3567.1
124   15   -301.8   -529.3   3645.8
124   16   -769.2   276.7   3302.6
124   17   127.5   274.4   3409.3
124   18   -331.8   619.6   3467.0
125   0   -339.0   719.6   3470.6
125   1   -335.3   552.4   3482.1
125   2   -465.0   540.8   3468.6
125   3   -604.9   380.4   3381.1
125   4   -802.3   255.9   3285.8
125   5   -202.4   537.6   3487.5
125   6   -43.5   371.3   3481.2
125   7   162.7   254.6   3395.0
125   8   -345.9   353.1   3532.9
125   9   -343.9   182.1   3545.6
125   10   -428.9   123.5   3547.9
125   11   -420.0   -218.9   3551.2
125   12   -376.1   -532.7   3616.4
125   13   -258.5   126.0   3561.2
125   14   -281.4   -215.7   3566.6
125   15   -302.1   -529.3   3643.3
125   16   -769.4   276.6   3301.7
125   17   128.3   274.1   3409.4
125   18   -331.8   619.5   3465.0
126   0   -339.6   719.6   3469.4
126   1   -335.4   552.4   3481.1
126   2   -465.1   541.0   3467.8
126   3   -604.9   380.2   3380.7
126   4   -802.0   256.1   3284.3
126   5   -202.6   537.5   3486.4
126   6   -43.7   371.2   3478.6
126   7   163.7   254.2   3395.9
126   8   -346.0   353.5   3532.6
126   9   -344.1   182.4   3545.1
126   10   -428.9   123.0   3547.7
126   11   -420.1   -218.9   3550.0
126   12   -375.9   -532.5   3616.2
126   13   -258.5   126.0   3559.9
126   14   -281.4   -215.2   3566.1
126   15   -302.2   -529.1   3641.2
126   16   -769.1   276.8   3300.4
126   17   129.2   273.7   3409.7
126   18   -331.8   619.5   3463.8
127   0   -340.3   719.7   3468.2
127   1   -335.4   552.5   3480.4
127   2   -465.1   541.0   3467.4
127   3   -604.8   380.0   3380.6
127   4   -801.4   256.6   3282.3
127   5   -202.7   537.4   3486.0
127   6   -43.9   371.2   3476.0
127   7   164.5   253.7   3396.5
127   8   -346.0   353.7   3532.4
127   9   -344.3   182.6   3544.5
127   10   -428.9   122.6   3547.2
127   11   -420.1   -219.3   3549.5
127   12   -375.4   -532.8   3615.5
127   13   -258.5   126.0   3557.9
127   14   -281.5   -215.2   3564.8
127   15   -302.1   -529.4   3639.2
127   16   -768.6   277.1   3298.7
127   17   129.8   273.3   3409.7
127   18   -331.8   619.4   3462.9
128   0   -340.9   719.7   3467.1
128   1   -335.4   552.4   3479.6
128   2   -465.0   541.1   3467.1
128   3   -604.6   379.9   3380.6
128   4   -800.6   257.1   3280.2
128   5   -202.8   537.5   3485.4
128   6   -44.0   371.2   3475.1
128   7   164.5   253.8   3395.6
128   8   -345.8   353.5   3530.7
128   9   -344.3   182.5   3542.7
128   10   -429.0   122.7   3546.2
128   11   -420.2   -219.7   3549.3
128   12   -374.6   -533.2   3614.5
128   13   -258.4   125.9   3554.8
128   14   -281.5   -215.7   3563.3
128   15   -302.0   -529.6   3638.8
128   16   -767.9   277.5   3296.9
128   17   129.8   273.4   3408.8
128   18   -331.8   619.4   3462.4
129   0   -341.4   719.8   3465.9
129   1   -335.3   552.2   3478.6
129   2   -465.0   541.1   3466.9
129   3   -604.4   379.6   3380.5
129   4   -799.6   257.8   3277.5
129   5   -202.8   537.5   3484.6
129   6   -44.0   371.2   3475.1
129   7   164.1   254.1   3394.0
129   8   -345.6   353.1   3528.0
129   9   -344.4   182.1   3540.1
129   10   -429.1   122.8   3544.6
129   11   -420.2   -219.9   3549.1
129   12   -373.5   -533.5   3613.7
129   13   -258.4   125.9   3551.7
129   14   -281.6   -216.0   3561.2
129   15   -302.0   -529.4   3638.7
129   16   -767.1   278.1   3294.6
129   17   129.4   273.6   3407.5
129   18   -331.9   619.4   3461.9
130   0   -342.0   719.8   3464.8
130   1   -335.3   552.1   3477.3
130   2   -465.0   541.1   3466.6
130   3   -604.1   379.4   3380.3
130   4   -798.9   258.3   3275.4
130   5   -202.9   537.5   3483.7
130   6   -44.5   370.7   3475.6
130   7   163.5   255.0   3392.3
130   8   -345.4   352.6   3524.9
130   9   -344.4   181.7   3537.3
130   10   -429.1   122.9   3542.4
130   11   -420.2   -219.9   3548.9
130   12   -373.0   -533.5   3613.2
130   13   -258.5   126.0   3549.7
130   14   -281.5   -216.1   3558.9
130   15   -301.9   -529.0   3638.8
130   16   -766.4   278.5   3292.9
130   17   128.8   274.2   3406.2
130   18   -331.9   619.4   3461.3
131   0   -342.5   719.8   3463.7
131   1   -335.3   551.9   3476.1
131   2   -464.9   541.1   3466.2
131   3   -603.8   379.0   3380.0
131   4   -798.1   258.9   3273.3
131   5   -202.9   537.5   3482.6
131   6   -44.8   370.3   3476.0
131   7   162.8   255.6   3390.5
131   8   -345.2   352.1   3521.8
131   9   -344.4   181.3   3534.6
131   10   -429.3   122.9   3539.4
131   11   -420.1   -219.3   3548.8
131   12   -372.8   -533.0   3612.2
131   13   -258.6   126.0   3548.0
131   14   -281.5   -215.6   3558.3
131   15   -301.9   -528.4   3638.6
131   16   -765.7   278.9   3291.1
131   17   128.2   274.8   3404.7
131   18   -331.9   619.4   3460.6
