2   0   -342.4   685.5   3481.1
2   1   -341.3   531.2   3482.1
2   2   -479.4   504.0   3459.1
2   3   -459.6   326.9   3337.5
2   4   -353.3   538.0   3339.4
2   5   -209.1   511.6   3526.3
2   6   -193.6   359.2   3374.4
2   7   -321.6   543.9   3301.0
2   8   -346.3   344.6   3535.5
2   9   -347.3   181.8   3544.5
2   10   -443.6   78.7   3569.8
2   11   -402.3   -238.6   3530.3
2   12   -382.5   -526.3   3624.5
2   13   -252.7   76.5   3569.8
2   14   -316.5   -237.0   3529.4
2   15   -292.2   -519.5   3637.1
2   16   -371.0   502.8   3339.1
2   17   -300.3   513.1   3313.2
2   18   -339.6   593.6   3464.3
3   0   -341.1   687.1   3479.7
3   1   -340.3   533.3   3482.7
3   2   -478.3   505.8   3460.2
3   3   -462.3   328.6   3338.4
3   4   -352.5   537.3   3334.0
3   5   -206.6   514.3   3522.0
3   6   -191.5   357.7   3374.9
3   7   -319.9   539.9   3297.1
3   8   -345.5   348.5   3541.6
3   9   -346.4   185.7   3550.1
3   10   -440.5   86.6   3569.7
3   11   -405.1   -231.6   3539.6
3   12   -382.9   -520.6   3627.5
3   13   -253.0   85.7   3570.7
3   14   -309.0   -229.2   3539.9
3   15   -291.8   -514.4   3637.0
3   16   -370.8   502.5   3334.8
3   17   -298.5   509.5   3310.1
3   18   -338.6   595.1   3463.0
4   0   -337.6   694.3   3475.9
4   1   -337.5   542.4   3484.2
4   2   -475.9   516.0   3462.1
4   3   -464.9   336.7   3342.9
4   4   -348.4   538.2   3319.0
4   5   -203.5   519.4   3511.9
4   6   -185.7   354.5   3375.7
4   7   -314.8   529.8   3286.3
4   8   -342.9   363.6   3559.3
4   9   -343.7   201.4   3564.6
4   10   -429.4   108.9   3570.6
4   11   -408.9   -210.7   3557.3
4   12   -383.3   -502.7   3629.3
4   13   -258.5   107.8   3573.0
4   14   -296.7   -209.6   3560.0
4   15   -289.4   -499.6   3639.1
4   16   -367.8   504.6   3323.0
4   17   -293.3   500.6   3301.2
4   18   -335.7   601.8   3459.4
5   0   -332.6   704.8   3472.3
5   1   -333.8   554.9   3484.9
5   2   -470.2   527.0   3463.6
5   3   -468.1   346.1   3346.5
5   4   -342.3   538.9   3303.3
5   5   -200.7   526.3   3497.3
5   6   -179.7   350.9   3375.7
5   7   -310.3   520.8   3277.7
5   8   -340.0   382.3   3577.7
5   9   -340.5   221.1   3580.7
5   10   -416.7   131.4   3572.4
5   11   -412.3   -189.3   3578.5
5   12   -382.1   -485.3   3628.0
5   13   -264.8   129.9   3575.8
5   14   -284.4   -189.8   3580.8
5   15   -287.4   -484.9   3640.7
5   16   -363.3   506.8   3310.5
5   17   -288.5   492.5   3294.0
5   18   -331.8   611.7   3454.4
6   0   -329.2   712.1   3470.5
6   1   -331.2   562.8   3482.9
6   2   -464.4   533.5   3464.1
6   3   -470.6   351.8   3348.3
6   4   -340.0   539.8   3293.0
6   5   -201.2   530.8   3491.2
6   6   -175.5   350.6   3376.4
6   7   -308.7   516.3   3273.8
6   8   -337.8   391.6   3581.6
6   9   -338.3   231.4   3587.2
6   10   -412.3   138.6   3572.0
6   11   -415.2   -182.9   3586.1
6   12   -378.8   -480.9   3623.6
6   13   -264.7   137.2   3576.4
6   14   -276.1   -183.8   3593.0
6   15   -286.9   -482.4   3638.5
6   16   -361.8   508.5   3302.2
6   17   -286.5   488.7   3290.9
6   18   -329.1   619.0   3450.6
7   0   -327.5   715.1   3469.9
7   1   -329.7   565.3   3478.8
7   2   -459.4   534.5   3459.2
7   3   -472.5   352.7   3343.9
7   4   -338.0   538.9   3288.7
7   5   -202.0   532.2   3484.6
7   6   -173.3   348.0   3376.2
7   7   -306.4   512.9   3271.6
7   8   -336.3   391.3   3572.8
7   9   -337.1   232.0   3582.2
7   10   -415.6   136.0   3569.2
7   11   -417.5   -186.0   3583.5
7   12   -375.9   -484.9   3612.7
7   13   -258.9   134.8   3575.6
7   14   -271.7   -186.5   3596.9
7   15   -287.5   -487.4   3629.4
7   16   -360.4   507.9   3297.9
7   17   -284.2   485.4   3289.0
7   18   -327.6   622.4   3448.0
8   0   -327.1   715.3   3470.0
8   1   -329.0   565.0   3474.0
8   2   -456.6   534.6   3449.6
8   3   -473.7   351.5   3336.6
8   4   -336.0   537.0   3286.3
8   5   -203.2   533.1   3482.2
8   6   -173.6   347.4   3376.1
8   7   -305.2   511.7   3268.5
8   8   -335.5   387.1   3559.0
8   9   -336.6   228.4   3570.8
8   10   -420.7   132.2   3565.2
8   11   -418.8   -189.9   3579.9
8   12   -374.9   -489.4   3601.1
8   13   -253.4   132.0   3575.4
8   14   -269.7   -189.5   3595.5
8   15   -288.6   -491.3   3622.3
8   16   -358.9   506.1   3294.7
8   17   -283.3   484.3   3286.4
8   18   -326.9   623.6   3446.0
9   0   -327.1   713.8   3470.3
9   1   -328.8   564.0   3469.7
9   2   -454.9   534.6   3440.5
9   3   -474.6   349.9   3330.5
9   4   -336.0   535.5   3282.4
9   5   -204.3   533.7   3480.8
9   6   -174.0   347.3   3376.1
9   7   -304.8   511.4   3267.1
9   8   -335.1   383.2   3547.1
9   9   -336.6   225.0   3560.2
9   10   -424.0   129.6   3560.3
9   11   -419.6   -192.5   3577.4
9   12   -374.5   -492.0   3596.1
9   13   -250.8   130.4   3575.1
9   14   -269.2   -191.2   3591.4
9   15   -289.3   -492.9   3619.2
9   16   -359.1   504.5   3290.5
9   17   -283.0   484.1   3285.3
9   18   -326.8   623.6   3444.1
10   0   -327.4   711.4   3470.7
10   1   -328.9   563.0   3466.4
10   2   -454.0   534.4   3438.1
10   3   -474.8   350.4   3327.3
10   4   -335.4   535.7   3280.4
10   5   -205.3   534.4   3480.0
10   6   -174.4   347.7   3376.0
10   7   -304.9   511.6   3266.5
10   8   -335.1   381.1   3539.9
10   9   -336.8   223.3   3553.8
10   10   -424.8   128.5   3554.1
10   11   -419.8   -193.3   3575.3
10   12   -374.6   -492.7   3595.9
10   13   -250.7   129.9   3573.9
10   14   -269.3   -191.9   3586.8
10   15   -289.5   -493.0   3618.4
10   16   -358.7   504.8   3288.2
10   17   -283.1   484.3   3284.7
10   18   -326.8   623.3   3442.1
11   0   -327.8   708.9   3470.7
11   1   -329.0   562.4   3463.9
11   2   -453.4   534.4   3439.5
11   3   -474.7   351.6   3326.8
11   4   -335.3   536.4   3278.5
11   5   -206.3   535.0   3479.3
11   6   -175.3   348.2   3375.5
11   7   -305.4   512.4   3265.8
11   8   -335.3   379.0   3537.1
11   9   -337.1   221.4   3551.2
11   10   -423.9   128.6   3550.3
11   11   -419.5   -193.0   3574.0
11   12   -375.2   -492.0   3599.3
11   13   -252.0   130.1   3572.0
11   14   -269.6   -191.7   3584.2
11   15   -289.7   -492.6   3618.0
11   16   -358.6   505.6   3286.6
11   17   -283.7   485.0   3284.1
11   18   -326.9   622.8   3439.8
12   0   -328.1   706.6   3470.3
12   1   -329.1   562.3   3461.9
12   2   -452.8   534.5   3442.1
12   3   -474.5   352.6   3327.9
12   4   -335.3   536.7   3276.7
12   5   -207.2   535.5   3478.4
12   6   -175.7   348.4   3375.5
12   7   -305.4   512.6   3265.5
12   8   -335.6   378.5   3537.6
12   9   -337.3   221.0   3551.0
12   10   -422.1   129.6   3549.5
12   11   -419.2   -192.0   3573.1
12   12   -376.2   -490.5   3605.8
12   13   -254.1   130.7   3569.8
12   14   -269.9   -191.1   3582.8
12   15   -290.1   -491.7   3618.5
12   16   -358.5   506.0   3285.3
12   17   -283.8   485.3   3283.8
12   18   -327.0   622.4   3437.2
13   0   -328.3   704.7   3469.7
13   1   -329.2   562.3   3460.5
13   2   -452.3   534.5   3441.1
13   3   -474.6   351.6   3328.8
13   4   -336.3   535.8   3275.6
13   5   -208.0   536.0   3477.3
13   6   -175.7   348.4   3375.8
13   7   -305.2   512.5   3265.3
13   8   -335.8   379.3   3539.5
13   9   -337.5   221.8   3551.7
13   10   -420.4   130.5   3550.1
13   11   -418.9   -191.1   3572.9
13   12   -377.6   -489.4   3609.1
13   13   -255.8   131.4   3567.5
13   14   -270.2   -190.4   3582.1
13   15   -290.7   -490.7   3619.4
13   16   -359.3   505.1   3284.5
13   17   -283.6   485.1   3283.7
13   18   -327.1   622.0   3434.7
14   0   -328.6   703.4   3469.1
14   1   -329.3   562.4   3459.6
14   2   -452.0   534.6   3440.7
14   3   -474.6   351.1   3329.5
14   4   -336.9   535.3   3274.4
14   5   -208.6   536.4   3476.4
14   6   -175.8   348.2   3375.9
14   7   -304.9   512.3   3264.9
14   8   -335.9   380.2   3541.2
14   9   -337.6   222.8   3552.6
14   10   -419.3   131.2   3551.3
14   11   -418.7   -190.5   3573.0
14   12   -379.6   -489.1   3609.4
14   13   -256.8   131.9   3566.4
14   14   -270.1   -189.9   3581.7
14   15   -291.3   -490.1   3619.9
14   16   -359.9   504.6   3283.6
14   17   -283.4   484.9   3283.4
14   18   -327.1   621.7   3433.1
15   0   -328.8   702.6   3468.4
15   1   -329.3   562.3   3459.1
15   2   -451.7   534.8   3440.4
15   3   -474.6   351.0   3329.8
15   4   -337.2   535.1   3274.0
15   5   -208.9   536.6   3475.2
15   6   -176.0   348.0   3375.7
15   7   -304.6   512.2   3264.4
15   8   -335.9   381.0   3542.6
15   9   -337.6   223.6   3553.4
15   10   -418.8   131.5   3551.9
15   11   -418.6   -190.3   3573.0
15   12   -381.8   -489.4   3606.9
15   13   -257.3   132.2   3566.0
15   14   -270.0   -189.7   3581.4
15   15   -291.3   -489.8   3620.1
15   16   -360.1   504.4   3283.3
15   17   -283.2   484.8   3282.9
15   18   -327.2   621.4   3431.9
16   0   -329.0   702.1   3467.7
16   1   -329.3   562.3   3458.8
16   2   -451.4   535.0   3440.2
16   3   -474.6   351.0   3329.9
16   4   -337.2   535.2   3274.2
16   5   -209.1   536.8   3474.0
16   6   -176.4   347.8   3375.0
16   7   -304.6   512.3   3263.6
16   8   -335.9   381.4   3543.7
16   9   -337.6   224.1   3554.1
16   10   -418.5   131.7   3552.0
16   11   -418.6   -190.2   3573.0
16   12   -384.1   -490.0   3603.4
16   13   -257.5   132.3   3565.9
16   14   -270.0   -189.6   3581.3
16   15   -291.4   -489.8   3620.0
16   16   -360.1   504.5   3283.5
16   17   -283.2   484.9   3282.2
16   18   -327.2   621.1   3431.2
17   0   -329.2   701.9   3467.1
17   1   -329.4   562.1   3458.6
17   2   -451.1   535.2   3440.2
17   3   -474.7   351.2   3329.9
17   4   -337.1   535.4   3274.6
17   5   -209.2   536.9   3472.7
17   6   -176.5   347.6   3374.2
17   7   -304.6   512.2   3262.9
17   8   -335.9   381.6   3544.4
17   9   -337.6   224.3   3554.7
17   10   -418.4   131.7   3551.9
17   11   -418.6   -190.1   3573.0
17   12   -385.3   -490.5   3599.6
17   13   -257.6   132.3   3565.8
17   14   -270.2   -189.6   3581.2
17   15   -291.5   -489.9   3619.4
17   16   -360.0   504.7   3283.9
17   17   -283.2   484.8   3281.4
17   18   -327.2   620.8   3430.7
18   0   -329.4   701.7   3466.5
18   1   -329.4   561.9   3458.4
18   2   -450.8   535.4   3440.1
18   3   -474.7   351.4   3329.9
18   4   -337.0   535.6   3274.8
18   5   -209.2   536.9   3471.2
18   6   -176.6   347.8   3372.3
18   7   -305.1   512.8   3261.9
18   8   -335.9   381.4   3544.8
18   9   -337.6   224.1   3555.2
18   10   -418.3   131.8   3551.7
18   11   -418.5   -190.1   3572.9
18   12   -385.5   -490.7   3598.3
18   13   -257.6   132.2   3565.7
18   14   -270.4   -189.8   3581.2
18   15   -291.7   -490.1   3619.3
18   16   -359.9   504.9   3284.0
18   17   -283.7   485.3   3280.3
18   18   -327.3   620.6   3430.4
19   0   -329.5   701.6   3465.9
19   1   -329.4   561.7   3458.3
19   2   -450.5   535.6   3440.1
19   3   -474.7   351.5   3330.0
19   4   -337.0   535.7   3274.9
19   5   -209.4   537.0   3470.6
19   6   -176.8   348.2   3371.1
19   7   -305.4   513.1   3260.6
19   8   -336.0   380.9   3544.9
19   9   -337.6   223.7   3555.5
19   10   -418.2   131.7   3551.4
19   11   -418.4   -190.2   3572.9
19   12   -385.0   -490.8   3597.3
19   13   -257.7   132.0   3565.6
19   14   -270.5   -190.0   3581.2
19   15   -291.8   -490.3   3619.2
19   16   -359.9   505.0   3284.0
19   17   -283.9   485.7   3279.0
19   18   -327.3   620.3   3430.2
20   0   -329.6   701.6   3465.4
20   1   -329.4   561.3   3458.3
20   2   -450.3   535.7   3440.1
20   3   -474.7   351.5   3330.1
20   4   -337.0   535.8   3274.8
20   5   -209.6   537.2   3470.6
20   6   -177.4   349.6   3368.6
20   7   -306.6   514.5   3258.8
20   8   -336.0   380.3   3544.9
20   9   -337.6   223.1   3555.7
20   10   -418.1   131.7   3550.8
20   11   -418.4   -190.2   3572.8
20   12   -383.9   -490.8   3597.0
20   13   -257.8   131.8   3565.4
20   14   -270.6   -190.3   3581.1
20   15   -291.8   -490.6   3619.2
20   16   -360.0   505.1   3284.0
20   17   -285.1   487.0   3277.1
20   18   -327.3   620.0   3430.2
21   0   -329.8   701.5   3464.9
21   1   -329.4   561.0   3458.3
21   2   -450.1   535.8   3440.1
21   3   -474.8   351.6   3330.1
21   4   -337.2   536.0   3275.0
21   5   -209.8   537.3   3470.7
21   6   -177.3   348.4   3371.4
21   7   -305.2   513.0   3259.6
21   8   -336.0   379.6   3544.9
21   9   -337.6   222.4   3555.8
21   10   -418.1   131.7   3550.1
21   11   -418.3   -190.3   3572.7
21   12   -382.7   -490.8   3596.7
21   13   -257.8   131.5   3565.1
21   14   -270.6   -190.6   3581.0
21   15   -291.8   -491.0   3618.9
21   16   -360.1   505.3   3284.2
21   17   -283.9   485.6   3278.2
21   18   -327.3   619.6   3430.2
22   0   -329.9   701.5   3464.3
22   1   -329.4   560.6   3458.3
22   2   -450.0   535.9   3440.2
22   3   -474.8   351.6   3330.2
22   4   -337.4   536.3   3275.1
22   5   -210.0   537.5   3470.8
22   6   -177.3   348.5   3371.3
22   7   -305.5   513.5   3260.3
22   8   -336.0   379.0   3544.9
22   9   -337.6   221.7   3555.8
22   10   -418.1   131.7   3549.3
22   11   -418.2   -190.3   3572.4
22   12   -382.0   -490.8   3596.7
22   13   -257.9   131.3   3564.6
22   14   -270.7   -190.8   3580.6
22   15   -292.6   -491.0   3620.5
22   16   -360.3   505.5   3284.3
22   17   -284.2   486.0   3278.8
22   18   -327.3   619.3   3430.3
23   0   -330.0   701.5   3463.7
23   1   -329.4   560.3   3458.3
23   2   -449.8   536.0   3440.2
23   3   -474.8   351.6   3330.2
23   4   -337.7   536.7   3275.3
23   5   -210.1   537.6   3470.8
23   6   -177.3   349.0   3370.4
23   7   -306.6   514.5   3261.2
23   8   -336.0   378.3   3544.9
23   9   -337.6   221.0   3555.8
23   10   -418.0   131.8   3548.4
23   11   -418.0   -190.2   3572.2
23   12   -381.4   -490.7   3597.0
23   13   -257.8   131.3   3563.9
23   14   -270.9   -190.9   3579.5
23   15   -293.2   -490.8   3622.4
23   16   -360.6   505.8   3284.5
23   17   -285.1   486.9   3279.4
23   18   -327.3   619.0   3430.3
24   0   -330.1   701.5   3463.1
24   1   -329.4   559.9   3458.3
24   2   -449.7   536.0   3440.2
24   3   -474.8   351.6   3330.2
24   4   -338.1   537.1   3275.9
24   5   -210.2   537.7   3470.8
24   6   -177.3   348.9   3370.8
24   7   -306.8   514.3   3261.5
24   8   -336.0   377.6   3544.8
24   9   -337.6   220.3   3555.9
24   10   -417.9   131.9   3547.4
24   11   -417.8   -190.1   3571.6
24   12   -380.5   -490.5   3597.6
24   13   -257.8   131.3   3563.1
24   14   -271.4   -191.1   3576.4
24   15   -293.8   -490.2   3624.3
24   16   -360.8   506.2   3285.0
24   17   -285.2   486.7   3279.7
24   18   -327.3   618.6   3430.3
25   0   -330.2   701.5   3462.4
25   1   -329.5   559.5   3458.2
25   2   -449.6   536.1   3440.2
25   3   -474.8   351.6   3330.2
25   4   -338.1   537.5   3276.7
25   5   -210.3   537.7   3470.8
25   6   -177.2   348.4   3371.8
25   7   -306.3   513.6   3261.7
25   8   -336.0   376.9   3544.8
25   9   -337.6   219.6   3555.9
25   10   -417.9   132.2   3546.4
25   11   -417.6   -190.0   3570.8
25   12   -379.6   -490.2   3598.7
25   13   -257.8   131.4   3562.3
25   14   -271.9   -191.2   3572.9
25   15   -293.2   -490.7   3619.5
25   16   -360.9   506.5   3285.6
25   17   -284.8   486.1   3280.0
25   18   -327.3   618.3   3430.3
26   0   -330.3   701.4   3461.8
26   1   -329.5   559.0   3458.2
26   2   -449.5   536.1   3440.2
26   3   -474.9   351.6   3330.3
26   4   -338.1   537.6   3277.1
26   5   -210.4   537.8   3470.8
26   6   -176.9   347.3   3374.1
26   7   -305.0   512.2   3262.2
26   8   -336.1   376.3   3544.6
26   9   -337.6   218.9   3555.9
26   10   -417.9   132.4   3546.0
26   11   -417.3   -190.0   3569.3
26   12   -379.3   -490.0   3599.8
26   13   -257.8   131.5   3561.4
26   14   -272.5   -191.3   3570.2
26   15   -292.6   -491.0   3616.6
26   16   -360.9   506.6   3286.0
26   17   -283.7   484.7   3280.8
26   18   -327.3   617.9   3430.3
27   0   -330.4   701.4   3461.1
27   1   -329.5   558.6   3458.1
27   2   -449.4   536.1   3440.1
27   3   -474.9   351.5   3330.3
27   4   -338.1   537.7   3277.3
27   5   -210.5   537.9   3470.8
27   6   -176.7   346.4   3375.8
27   7   -304.0   511.1   3262.5
27   8   -336.1   375.6   3544.5
27   9   -337.6   218.2   3555.9
27   10   -417.9   132.5   3545.9
27   11   -417.0   -189.9   3568.5
27   12   -378.9   -489.7   3602.9
27   13   -257.8   131.5   3560.6
27   14   -272.5   -191.3   3567.8
27   15   -293.0   -490.7   3617.2
27   16   -360.9   506.6   3286.1
27   17   -282.8   483.7   3281.4
27   18   -327.3   617.5   3430.4
28   0   -330.5   701.4   3460.5
28   1   -329.5   558.2   3458.1
28   2   -449.4   536.2   3440.1
28   3   -474.9   351.5   3330.2
28   4   -338.0   537.7   3277.3
28   5   -210.6   537.9   3470.7
28   6   -176.7   346.2   3376.1
28   7   -303.8   511.0   3262.5
28   8   -336.1   374.9   3544.4
28   9   -337.7   217.5   3556.0
28   10   -417.9   132.6   3545.9
28   11   -416.8   -190.1   3567.3
28   12   -378.9   -488.8   3609.9
28   13   -257.7   131.6   3559.7
28   14   -272.3   -191.4   3567.3
28   15   -293.3   -490.3   3619.9
28   16   -360.8   506.7   3286.1
28   17   -282.7   483.5   3281.4
28   18   -327.3   617.2   3430.3
29   0   -330.5   701.3   3459.8
29   1   -329.5   557.8   3458.1
29   2   -449.3   536.2   3440.1
29   3   -474.9   351.5   3330.1
29   4   -337.9   537.7   3277.4
29   5   -210.6   537.9   3470.7
29   6   -176.7   346.6   3375.4
29   7   -304.1   511.5   3262.2
29   8   -336.1   374.2   3544.3
29   9   -337.7   216.8   3556.0
29   10   -418.0   132.7   3545.9
29   11   -416.5   -190.2   3566.2
29   12   -378.8   -489.5   3606.3
29   13   -257.6   131.7   3558.8
29   14   -272.3   -191.4   3567.6
29   15   -293.4   -490.5   3619.6
29   16   -360.7   506.7   3286.2
29   17   -282.9   484.0   3281.0
29   18   -327.3   616.8   3430.3
30   0   -330.6   701.3   3459.2
30   1   -329.5   557.4   3458.0
30   2   -449.2   536.2   3440.1
30   3   -474.9   351.4   3330.1
30   4   -337.8   537.8   3277.4
30   5   -210.7   538.0   3470.7
30   6   -176.6   347.2   3374.0
30   7   -304.7   512.4   3261.7
30   8   -336.1   373.6   3544.2
30   9   -337.7   216.0   3556.0
30   10   -418.0   132.6   3545.9
30   11   -416.4   -190.4   3565.7
30   12   -378.9   -489.7   3606.7
30   13   -257.5   131.8   3557.8
30   14   -272.2   -191.4   3567.8
30   15   -293.5   -490.6   3619.6
30   16   -360.7   506.7   3286.2
30   17   -283.3   484.8   3280.5
30   18   -327.3   616.4   3430.3
31   0   -330.6   701.3   3458.6
31   1   -329.5   557.0   3458.0
31   2   -449.1   536.2   3440.1
31   3   -475.0   351.3   3330.0
31   4   -337.8   537.8   3277.4
31   5   -210.8   538.0   3470.6
31   6   -176.7   348.2   3372.0
31   7   -305.9   513.7   3261.3
31   8   -336.1   372.9   3544.1
31   9   -337.7   215.3   3556.0
31   10   -418.0   132.6   3545.9
31   11   -416.4   -190.6   3565.6
31   12   -379.1   -490.3   3605.1
31   13   -257.4   131.9   3557.4
31   14   -272.2   -191.4   3568.0
31   15   -293.5   -490.8   3619.8
31   16   -360.7   506.7   3286.2
31   17   -284.4   486.1   3279.8
31   18   -327.4   616.1   3430.3
32   0   -330.6   701.2   3458.0
32   1   -329.5   556.6   3458.0
32   2   -449.1   536.2   3440.1
32   3   -475.0   351.3   3330.0
32   4   -337.8   537.8   3277.3
32   5   -210.5   537.9   3469.3
32   6   -176.7   348.4   3369.6
32   7   -307.0   514.8   3261.4
32   8   -336.2   372.2   3544.1
32   9   -337.7   214.6   3556.1
32   10   -418.1   132.6   3545.9
32   11   -416.3   -190.7   3565.5
32   12   -379.5   -491.1   3601.0
32   13   -257.2   132.1   3556.8
32   14   -272.2   -191.3   3568.1
32   15   -293.5   -490.9   3619.8
32   16   -360.6   506.7   3286.1
32   17   -285.3   487.1   3279.4
32   18   -327.4   615.7   3430.3
33   0   -330.6   701.1   3457.5
33   1   -329.5   556.1   3458.0
33   2   -448.9   536.2   3440.1
33   3   -475.0   351.2   3329.9
33   4   -337.7   537.9   3277.3
33   5   -210.1   537.6   3467.0
33   6   -176.5   347.1   3368.8
33   7   -306.6   514.7   3261.9
33   8   -336.2   371.6   3544.2
33   9   -337.7   213.8   3556.1
33   10   -418.3   132.7   3545.9
33   11   -416.3   -190.8   3565.3
33   12   -379.8   -492.0   3595.3
33   13   -257.0   132.3   3556.3
33   14   -272.0   -191.2   3568.3
33   15   -293.3   -491.0   3619.5
33   16   -360.6   506.8   3286.1
33   17   -285.0   486.8   3279.7
33   18   -327.4   615.3   3430.3
34   0   -330.7   701.0   3457.1
34   1   -329.5   555.6   3458.0
34   2   -448.8   536.3   3440.1
34   3   -475.0   351.2   3329.9
34   4   -337.7   538.0   3277.3
34   5   -209.7   537.4   3464.6
34   6   -176.3   345.9   3368.0
34   7   -306.3   514.6   3262.3
34   8   -336.2   370.9   3544.3
34   9   -337.7   213.1   3556.2
34   10   -418.4   132.7   3545.9
34   11   -416.2   -191.0   3565.3
34   12   -379.1   -491.9   3598.4
34   13   -256.7   132.6   3556.0
34   14   -271.9   -191.1   3568.7
34   15   -293.2   -491.1   3619.4
34   16   -360.6   506.8   3286.0
34   17   -284.7   486.5   3280.0
34   18   -327.4   614.8   3430.3
35   0   -330.7   700.8   3456.8
35   1   -329.5   555.1   3458.0
35   2   -448.7   536.3   3440.1
35   3   -475.1   351.1   3329.9
35   4   -337.7   538.0   3277.2
35   5   -209.8   537.4   3464.4
35   6   -176.1   346.1   3367.4
35   7   -306.6   514.8   3262.2
35   8   -336.2   370.2   3544.5
35   9   -337.7   212.3   3556.3
35   10   -418.7   132.9   3545.8
35   11   -416.2   -193.6   3565.0
35   12   -377.8   -493.7   3604.4
35   13   -256.4   132.9   3556.0
35   14   -272.0   -193.6   3569.1
35   15   -293.4   -493.6   3620.9
35   16   -360.6   506.8   3286.0
35   17   -284.9   486.7   3279.8
35   18   -327.4   614.3   3430.3
36   0   -330.6   700.7   3456.6
36   1   -329.5   554.6   3458.1
36   2   -448.6   536.3   3440.1
36   3   -475.4   351.0   3330.0
36   4   -337.8   537.8   3277.1
36   5   -210.0   537.6   3465.1
36   6   -175.5   346.6   3367.5
36   7   -306.8   514.7   3262.0
36   8   -336.2   369.6   3544.7
36   9   -337.7   211.6   3556.4
36   10   -418.8   133.0   3545.8
36   11   -416.2   -194.7   3564.1
36   12   -377.8   -494.2   3609.1
36   13   -256.1   133.0   3556.1
36   14   -271.6   -194.6   3569.2
36   15   -294.0   -494.1   3624.3
36   16   -360.8   506.7   3285.9
36   17   -284.9   486.7   3279.6
36   18   -327.4   613.9   3430.3
37   0   -330.7   701.0   3456.9
37   1   -329.5   554.1   3459.3
37   2   -448.5   536.4   3440.2
37   3   -476.9   351.1   3330.1
37   4   -338.2   537.1   3276.5
37   5   -209.9   537.5   3465.6
37   6   -174.2   346.7   3367.9
37   7   -306.4   513.7   3261.6
37   8   -336.3   368.5   3545.1
37   9   -337.7   210.3   3556.5
37   10   -418.9   132.9   3545.8
37   11   -416.3   -195.0   3563.4
37   12   -378.7   -495.1   3606.5
37   13   -256.0   133.1   3556.3
37   14   -271.3   -194.7   3569.3
37   15   -294.2   -493.7   3627.4
37   16   -361.3   506.1   3285.4
37   17   -284.4   485.9   3279.3
37   18   -327.4   613.5   3431.8
38   0   -330.7   701.7   3459.9
38   1   -329.5   553.5   3463.6
38   2   -448.4   536.5   3444.0
38   3   -482.7   353.7   3331.5
38   4   -339.9   533.6   3269.1
38   5   -209.9   537.5   3469.4
38   6   -170.0   348.7   3369.3
38   7   -304.5   509.3   3256.3
38   8   -336.3   366.1   3546.1
38   9   -337.8   207.8   3556.8
38   10   -419.0   132.7   3545.8
38   11   -416.3   -194.9   3563.1
38   12   -378.4   -495.4   3604.0
38   13   -255.8   133.0   3556.3
38   14   -270.9   -194.4   3569.4
38   15   -294.1   -493.2   3629.7
38   16   -363.7   503.6   3279.5
38   17   -282.1   482.6   3275.2
38   18   -327.4   613.4   3437.2
39   0   -330.6   702.9   3466.1
39   1   -329.6   552.5   3471.8
39   2   -448.2   536.9   3456.8
39   3   -493.5   360.7   3338.1
39   4   -363.4   500.4   3213.3
39   5   -210.2   537.8   3480.6
39   6   -155.4   353.4   3379.7
39   7   -281.2   484.7   3231.5
39   8   -336.5   362.3   3547.6
39   9   -337.8   203.8   3557.2
39   10   -419.5   133.5   3545.6
39   11   -416.4   -193.7   3563.1
39   12   -378.1   -494.5   3603.5
39   13   -255.7   133.0   3556.3
39   14   -270.8   -194.0   3569.6
39   15   -295.1   -491.6   3635.8
39   16   -385.0   477.2   3234.1
39   17   -260.2   462.9   3256.2
39   18   -327.4   613.3   3447.6
40   0   -330.6   704.5   3474.2
40   1   -329.6   551.4   3482.4
40   2   -448.0   537.5   3472.7
40   3   -511.1   364.2   3358.2
40   4   -447.0   416.0   3168.5
40   5   -210.1   537.7   3491.9
40   6   -126.7   354.9   3415.7
40   7   -204.2   422.5   3219.1
40   8   -336.6   358.0   3548.9
40   9   -337.8   199.5   3557.5
40   10   -420.0   134.1   3545.4
40   11   -416.3   -192.7   3563.2
40   12   -378.3   -493.9   3602.3
40   13   -255.6   133.1   3556.3
40   14   -270.7   -193.7   3569.9
40   15   -294.8   -491.5   3636.2
40   16   -457.5   407.6   3200.1
40   17   -191.3   411.3   3251.9
40   18   -327.4   613.3   3461.0
41   0   -330.5   706.2   3483.1
41   1   -329.7   550.4   3493.0
41   2   -448.0   538.0   3482.3
41   3   -532.9   368.2   3381.0
41   4   -545.7   346.2   3168.4
41   5   -209.2   537.2   3497.3
41   6   -103.3   360.0   3440.4
41   7   -94.2   349.9   3227.7
41   8   -336.8   354.4   3549.7
41   9   -337.9   195.7   3557.8
41   10   -420.5   134.9   3544.9
41   11   -416.2   -194.6   3563.7
41   12   -377.7   -495.9   3602.4
41   13   -255.5   133.1   3556.3
41   14   -270.8   -196.3   3570.2
41   15   -295.8   -493.6   3639.3
41   16   -543.5   350.0   3203.8
41   17   -95.7   351.6   3263.1
41   18   -327.4   613.3   3474.8
42   0   -330.5   707.7   3489.1
42   1   -329.7   549.7   3501.2
42   2   -448.0   538.4   3486.6
42   3   -549.0   376.4   3387.7
42   4   -649.9   293.2   3212.6
42   5   -208.3   537.4   3499.1
42   6   -85.5   369.2   3445.8
42   7   22.0   285.0   3293.7
42   8   -336.8   352.1   3550.2
42   9   -337.9   193.3   3557.9
42   10   -420.7   135.3   3544.2
42   11   -416.2   -195.1   3563.5
42   12   -376.7   -496.3   3603.5
42   13   -255.3   133.1   3556.3
42   14   -270.6   -197.2   3570.4
42   15   -295.6   -494.8   3639.0
42   16   -633.2   306.9   3241.8
42   17   4.3   298.9   3319.1
42   18   -327.4   613.3   3485.3
43   0   -330.6   708.9   3490.9
43   1   -329.7   549.3   3505.4
43   2   -448.1   539.0   3487.9
43   3   -564.6   384.5   3391.5
43   4   -726.4   274.6   3265.5
43   5   -207.3   538.3   3499.0
43   6   -73.1   373.1   3460.1
43   7   95.2   259.5   3357.8
43   8   -336.9   351.3   3550.5
43   9   -337.9   192.4   3557.9
43   10   -420.8   135.5   3543.3
43   11   -416.0   -197.2   3563.8
43   12   -375.8   -498.3   3605.1
43   13   -255.2   133.3   3556.2
43   14   -270.4   -199.5   3570.7
43   15   -296.3   -496.9   3640.7
43   16   -699.6   292.8   3286.5
43   17   67.3   278.3   3374.8
43   18   -327.4   613.4   3490.9
44   0   -330.6   710.0   3486.6
44   1   -329.7   549.6   3505.0
44   2   -448.5   539.6   3484.7
44   3   -576.6   389.1   3394.5
44   4   -772.1   274.1   3304.0
44   5   -205.9   540.3   3498.1
44   6   -62.5   378.3   3485.0
44   7   132.8   253.9   3407.1
44   8   -336.8   352.1   3550.6
44   9   -337.9   193.1   3557.7
44   10   -420.8   135.6   3543.0
44   11   -416.1   -197.6   3563.2
44   12   -376.2   -496.3   3603.3
44   13   -255.0   133.4   3556.2
44   14   -270.1   -199.8   3570.7
44   15   -294.2   -496.0   3634.7
44   16   -739.6   293.3   3319.0
44   17   100.3   274.6   3420.1
44   18   -327.4   613.6   3490.2
45   0   -330.6   711.0   3478.7
45   1   -329.7   550.2   3501.4
45   2   -449.3   540.3   3478.9
45   3   -587.0   391.4   3399.6
45   4   -796.1   277.6   3329.4
45   5   -204.8   542.1   3496.9
45   6   -53.2   385.8   3500.1
45   7   149.9   253.0   3444.6
45   8   -336.7   354.0   3550.1
45   9   -337.9   194.8   3557.4
45   10   -420.9   135.5   3542.9
45   11   -416.0   -197.0   3563.0
45   12   -375.3   -494.9   3602.8
45   13   -254.8   133.5   3556.2
45   14   -270.5   -199.0   3570.7
45   15   -294.5   -494.5   3634.7
45   16   -761.2   296.6   3341.1
45   17   116.1   275.1   3453.8
45   18   -327.4   614.0   3485.5
46   0   -330.6   712.0   3470.4
46   1   -329.7   551.1   3496.4
46   2   -450.2   541.1   3472.2
46   3   -594.2   393.0   3401.5
46   4   -803.8   279.2   3337.3
46   5   -204.1   543.4   3495.8
46   6   -48.3   391.3   3513.6
46   7   152.1   255.2   3461.8
46   8   -336.7   356.2   3549.2
46   9   -337.8   197.0   3557.1
46   10   -421.1   135.4   3542.8
46   11   -415.9   -196.2   3562.9
46   12   -375.2   -494.5   3601.5
46   13   -254.5   133.6   3556.2
46   14   -270.5   -197.9   3570.5
46   15   -294.1   -494.2   3632.0
46   16   -768.8   298.2   3348.0
46   17   118.6   277.9   3470.4
46   18   -327.4   614.6   3479.2
47   0   -330.7   713.0   3464.3
47   1   -329.6   552.0   3491.8
47   2   -451.3   541.8   3468.3
47   3   -597.8   393.6   3402.2
47   4   -803.5   279.6   3338.5
47   5   -203.8   544.4   3494.8
47   6   -46.9   393.5   3518.8
47   7   150.8   257.8   3472.1
47   8   -336.6   358.2   3548.0
47   9   -337.8   198.9   3556.5
47   10   -421.2   135.3   3542.8
47   11   -415.7   -198.8   3563.0
47   12   -374.5   -497.7   3601.8
47   13   -254.3   133.7   3556.2
47   14   -270.6   -200.3   3570.6
47   15   -294.6   -497.6   3630.7
47   16   -769.2   298.6   3349.1
47   17   117.8   280.4   3479.9
47   18   -327.4   615.2   3473.5
48   0   -330.7   713.9   3461.2
48   1   -329.6   552.8   3488.3
48   2   -452.2   542.5   3466.7
48   3   -598.5   393.2   3402.1
48   4   -800.3   279.0   3337.9
48   5   -203.4   545.2   3493.9
48   6   -47.2   393.6   3519.2
48   7   149.4   259.9   3480.7
48   8   -336.5   359.7   3546.8
48   9   -337.8   200.4   3555.9
48   10   -421.4   135.1   3542.7
48   11   -415.5   -202.7   3563.4
48   12   -374.3   -502.5   3602.1
48   13   -254.0   133.8   3556.2
48   14   -270.6   -203.9   3570.8
48   15   -295.7   -502.1   3630.4
48   16   -766.6   298.1   3348.6
48   17   116.6   282.2   3487.1
48   18   -327.4   615.8   3469.2
49   0   -330.7   714.6   3460.0
49   1   -329.6   553.5   3486.5
49   2   -452.8   542.8   3466.5
49   3   -598.0   392.2   3401.8
49   4   -796.3   277.8   3336.8
49   5   -203.0   545.6   3493.3
49   6   -48.2   392.4   3517.5
49   7   147.3   261.8   3478.9
49   8   -336.5   360.6   3545.7
49   9   -337.7   201.2   3555.2
49   10   -421.5   135.0   3542.7
49   11   -415.3   -206.5   3563.1
49   12   -374.2   -507.0   3602.8
49   13   -253.8   133.9   3556.2
49   14   -270.5   -207.5   3571.1
49   15   -297.5   -505.6   3634.2
49   16   -763.2   296.9   3347.6
49   17   114.7   283.6   3485.3
49   18   -327.4   616.5   3467.1
50   0   -330.7   715.1   3459.8
50   1   -329.6   554.1   3485.7
50   2   -453.3   542.9   3466.9
50   3   -596.8   391.0   3401.4
50   4   -792.4   276.0   3335.4
50   5   -202.6   545.6   3493.0
50   6   -49.4   390.5   3514.0
50   7   144.2   264.0   3465.8
50   8   -336.5   361.1   3544.7
50   9   -337.7   201.5   3554.6
50   10   -421.7   134.8   3542.7
50   11   -415.1   -209.2   3562.8
50   12   -374.3   -510.2   3603.7
50   13   -253.5   133.9   3556.2
50   14   -270.5   -210.0   3571.5
50   15   -297.8   -508.6   3634.7
50   16   -759.8   295.2   3346.4
50   17   112.0   285.1   3473.9
50   18   -327.4   617.2   3466.4
51   0   -330.8   715.5   3460.2
51   1   -329.6   554.6   3485.5
51   2   -453.6   542.9   3467.7
51   3   -595.5   389.8   3400.7
51   4   -788.9   273.8   3333.5
51   5   -202.3   545.4   3492.7
51   6   -50.1   388.9   3511.8
51   7   142.0   265.1   3455.8
51   8   -336.5   361.3   3543.7
51   9   -337.7   201.7   3553.9
51   10   -421.8   134.6   3542.6
51   11   -414.8   -211.4   3562.4
51   12   -374.4   -512.7   3604.9
51   13   -253.3   134.0   3556.1
51   14   -270.4   -211.8   3571.7
51   15   -297.4   -511.3   3633.7
51   16   -756.7   293.1   3344.7
51   17   110.0   285.8   3465.2
51   18   -327.4   617.8   3466.4
52   0   -330.8   715.8   3460.7
52   1   -329.6   555.0   3485.4
52   2   -454.0   542.8   3468.5
52   3   -594.1   388.9   3399.6
52   4   -785.8   272.5   3328.6
52   5   -202.1   545.1   3492.6
52   6   -50.4   387.6   3509.9
52   7   140.8   265.2   3448.8
52   8   -336.5   361.4   3542.7
52   9   -337.7   201.7   3553.3
52   10   -421.8   134.3   3542.6
52   11   -414.3   -213.6   3561.8
52   12   -375.2   -512.6   3606.1
52   13   -253.2   134.1   3556.1
52   14   -270.0   -213.6   3571.8
52   15   -296.6   -511.4   3631.2
52   16   -753.8   291.9   3340.4
52   17   108.9   285.6   3459.0
52   18   -327.4   618.4   3466.7
53   0   -330.8   716.0   3461.4
53   1   -329.6   555.5   3485.5
53   2   -454.3   542.8   3468.8
53   3   -593.3   388.4   3398.1
53   4   -782.2   272.6   3318.3
53   5   -201.8   544.9   3492.7
53   6   -50.7   386.5   3508.2
53   7   140.7   264.3   3445.1
53   8   -336.5   361.5   3541.7
53   9   -337.7   201.8   3552.7
53   10   -421.7   133.9   3542.6
53   11   -413.8   -216.0   3561.9
53   12   -376.0   -514.5   3607.9
53   13   -253.1   134.2   3556.1
53   14   -269.3   -215.7   3571.7
53   15   -297.4   -512.8   3631.3
53   16   -750.7   291.9   3331.6
53   17   108.8   284.7   3455.6
53   18   -327.4   618.9   3467.0
54   0   -330.8   716.2   3462.1
54   1   -329.6   555.9   3485.5
54   2   -454.5   542.7   3469.0
54   3   -592.8   388.4   3396.3
54   4   -780.5   272.5   3312.3
54   5   -201.6   544.7   3492.9
54   6   -50.5   385.9   3506.5
54   7   141.0   262.8   3443.9
54   8   -336.4   361.7   3540.8
54   9   -337.7   201.8   3552.1
54   10   -421.6   133.7   3542.5
54   11   -413.1   -217.9   3561.9
54   12   -377.1   -516.7   3609.7
54   13   -253.0   134.3   3556.1
54   14   -268.8   -217.2   3571.7
54   15   -298.7   -514.0   3633.7
54   16   -749.2   291.8   3326.3
54   17   109.1   283.3   3454.4
54   18   -327.4   619.5   3467.4
55   0   -330.9   716.2   3462.9
55   1   -329.6   556.2   3485.6
55   2   -454.8   542.7   3469.1
55   3   -592.5   388.6   3394.2
55   4   -779.4   272.3   3308.5
55   5   -201.3   544.6   3493.2
55   6   -50.3   385.4   3505.5
55   7   141.3   261.3   3444.5
55   8   -336.4   361.7   3539.8
55   9   -337.7   201.8   3551.4
55   10   -421.5   133.5   3542.5
55   11   -412.6   -218.7   3561.8
55   12   -378.7   -518.3   3610.9
55   13   -253.0   134.5   3556.1
55   14   -267.9   -217.7   3571.8
55   15   -299.1   -515.1   3634.3
55   16   -748.3   291.7   3322.8
55   17   109.4   282.0   3454.6
55   18   -327.4   619.9   3467.8
56   0   -330.9   716.1   3463.7
56   1   -329.6   556.3   3485.6
56   2   -455.2   542.6   3469.2
56   3   -592.3   388.9   3391.9
56   4   -779.1   272.3   3306.4
56   5   -201.0   544.5   3493.5
56   6   -49.9   385.0   3504.7
56   7   141.4   259.9   3445.1
56   8   -336.4   361.7   3539.1
56   9   -337.7   201.7   3550.8
56   10   -421.3   133.2   3542.5
56   11   -412.1   -220.3   3561.5
56   12   -379.2   -521.0   3610.2
56   13   -253.1   134.4   3556.0
56   14   -266.6   -219.0   3572.2
56   15   -300.2   -516.8   3636.1
56   16   -747.9   291.8   3320.7
56   17   109.5   280.8   3455.1
56   18   -327.4   620.2   3468.1
57   0   -330.9   715.9   3464.5
57   1   -329.6   556.4   3485.7
57   2   -455.5   542.5   3469.2
57   3   -592.2   388.9   3390.7
57   4   -778.8   272.7   3304.3
57   5   -200.6   544.4   3493.8
57   6   -49.7   384.5   3504.0
57   7   141.3   258.5   3445.6
57   8   -336.4   361.6   3538.6
57   9   -337.6   201.5   3550.2
57   10   -421.3   133.0   3542.5
57   11   -411.9   -220.7   3561.7
57   12   -379.1   -522.5   3609.0
57   13   -253.1   134.4   3556.0
57   14   -266.2   -219.4   3572.5
57   15   -301.3   -517.5   3637.7
57   16   -747.7   292.0   3318.7
57   17   109.5   279.5   3455.3
57   18   -327.4   620.3   3468.4
58   0   -330.9   715.7   3465.4
58   1   -329.6   556.4   3485.8
58   2   -455.8   542.4   3469.3
58   3   -592.4   388.5   3390.6
58   4   -779.0   272.9   3303.4
58   5   -200.3   544.3   3494.1
58   6   -49.4   384.1   3503.3
58   7   141.4   257.1   3446.0
58   8   -336.4   361.5   3538.2
58   9   -337.6   199.5   3549.6
58   10   -421.3   133.0   3542.5
58   11   -411.8   -221.0   3561.7
58   12   -378.6   -523.4   3609.7
58   13   -253.1   134.5   3555.9
58   14   -265.6   -219.6   3572.1
58   15   -302.4   -517.7   3639.7
58   16   -747.9   292.2   3317.9
58   17   109.6   278.3   3455.6
58   18   -327.4   620.5   3468.7
59   0   -330.9   715.5   3466.2
59   1   -329.6   556.4   3485.9
59   2   -456.2   542.4   3469.3
59   3   -592.5   388.0   3390.7
59   4   -779.4   272.9   3303.1
59   5   -200.1   544.1   3494.5
59   6   -49.1   383.8   3503.1
59   7   141.7   256.4   3446.2
59   8   -336.4   361.2   3537.6
59   9   -337.6   196.9   3549.0
59   10   -421.3   132.9   3542.4
59   11   -411.7   -221.1   3561.8
59   12   -378.0   -524.0   3609.7
59   13   -253.1   134.6   3555.9
59   14   -265.9   -219.5   3572.6
59   15   -303.4   -517.7   3642.2
59   16   -748.3   292.1   3317.7
59   17   109.9   277.6   3455.6
59   18   -327.4   620.5   3468.9
60   0   -330.9   715.4   3467.0
60   1   -329.6   556.3   3486.0
60   2   -456.5   542.4   3469.3
60   3   -592.6   387.7   3390.6
60   4   -779.8   272.9   3303.0
60   5   -199.8   544.0   3494.7
60   6   -48.8   383.4   3503.2
60   7   142.2   256.3   3446.1
60   8   -336.4   360.8   3536.9
60   9   -337.7   194.4   3548.4
60   10   -421.3   132.9   3542.4
60   11   -411.6   -221.8   3561.8
60   12   -377.6   -525.2   3609.4
60   13   -253.2   134.6   3555.8
60   14   -265.8   -220.1   3572.5
60   15   -303.5   -518.3   3644.1
60   16   -748.6   292.0   3317.6
60   17   110.4   277.5   3455.6
60   18   -327.4   620.6   3469.2
61   0   -330.9   715.2   3467.8
61   1   -329.6   556.2   3486.0
61   2   -456.8   542.4   3469.3
61   3   -592.5   387.3   3390.1
61   4   -780.1   272.8   3303.1
61   5   -199.6   543.8   3495.3
61   6   -48.7   383.0   3503.2
61   7   142.6   256.4   3446.1
61   8   -336.4   360.2   3536.2
61   9   -337.7   192.2   3547.8
61   10   -421.2   132.6   3542.4
61   11   -411.6   -222.5   3561.8
61   12   -376.6   -526.2   3609.3
61   13   -253.3   134.4   3555.7
61   14   -265.1   -220.8   3571.6
61   15   -303.6   -518.7   3646.2
61   16   -748.9   291.9   3317.6
61   17   110.7   277.5   3455.6
61   18   -327.4   620.6   3469.5
62   0   -330.9   715.1   3468.5
62   1   -329.6   556.1   3486.1
62   2   -457.1   542.4   3469.3
62   3   -592.3   387.0   3389.5
62   4   -780.4   272.8   3303.3
62   5   -199.5   543.7   3495.8
62   6   -48.4   382.7   3503.2
62   7   143.0   256.5   3446.1
62   8   -336.4   359.7   3535.7
62   9   -337.7   190.4   3547.1
62   10   -421.1   132.4   3542.4
62   11   -411.9   -223.3   3561.7
62   12   -374.3   -527.2   3608.8
62   13   -253.5   134.1   3555.7
62   14   -265.4   -221.7   3572.1
62   15   -303.4   -520.4   3645.0
62   16   -749.0   291.9   3317.7
62   17   111.1   277.5   3455.7
62   18   -327.4   620.6   3469.8
63   0   -330.9   715.0   3469.3
63   1   -329.6   556.0   3486.2
63   2   -457.4   542.5   3469.3
63   3   -592.1   386.8   3388.8
63   4   -780.5   272.8   3303.5
63   5   -199.3   543.5   3496.0
63   6   -48.2   382.3   3503.3
63   7   143.5   256.8   3446.1
63   8   -336.4   359.1   3535.4
63   9   -337.6   188.9   3546.4
63   10   -420.9   131.7   3542.4
63   11   -412.2   -224.4   3561.3
63   12   -371.3   -528.3   3607.8
63   13   -253.8   133.6   3555.5
63   14   -265.5   -222.5   3572.4
63   15   -301.6   -523.9   3635.7
63   16   -749.1   291.8   3317.7
63   17   111.5   277.8   3455.7
63   18   -327.4   620.6   3470.0
64   0   -330.9   714.9   3470.2
64   1   -329.6   555.9   3486.3
64   2   -457.7   542.6   3469.3
64   3   -591.9   386.5   3388.2
64   4   -780.5   272.9   3303.7
64   5   -199.1   543.4   3495.9
64   6   -47.9   382.0   3503.4
64   7   143.9   257.3   3446.1
64   8   -336.3   358.5   3535.2
64   9   -337.6   187.8   3545.8
64   10   -420.4   130.6   3542.5
64   11   -412.0   -226.2   3561.5
64   12   -371.0   -530.5   3607.6
64   13   -254.1   132.8   3555.4
64   14   -265.5   -223.9   3572.4
64   15   -299.7   -528.2   3622.8
64   16   -749.1   291.9   3317.8
64   17   111.9   278.1   3455.6
64   18   -327.4   620.5   3470.2
65   0   -330.9   714.8   3471.1
65   1   -329.6   555.8   3486.3
65   2   -458.0   542.6   3469.3
65   3   -591.6   386.3   3387.4
65   4   -780.4   273.1   3303.9
65   5   -198.9   543.2   3495.6
65   6   -47.6   381.7   3503.5
65   7   144.4   258.2   3445.9
65   8   -336.3   357.9   3535.0
65   9   -337.6   187.0   3545.4
65   10   -419.8   129.3   3542.5
65   11   -411.7   -228.0   3561.7
65   12   -372.2   -532.9   3607.5
65   13   -254.3   132.0   3555.3
65   14   -265.5   -225.3   3572.5
65   15   -297.9   -531.5   3613.9
65   16   -749.0   291.9   3317.8
65   17   112.4   278.8   3455.5
65   18   -327.4   620.5   3470.4
66   0   -330.9   714.7   3471.9
66   1   -329.6   555.8   3486.4
66   2   -458.2   542.7   3469.3
66   3   -591.4   386.0   3387.1
66   4   -780.3   273.2   3304.0
66   5   -198.7   543.0   3495.2
66   6   -47.3   381.5   3503.6
66   7   144.7   258.7   3445.8
66   8   -336.3   357.2   3534.9
66   9   -337.6   186.3   3545.1
66   10   -419.3   127.8   3542.5
66   11   -411.5   -229.8   3561.9
66   12   -374.1   -533.9   3607.1
66   13   -254.6   131.0   3555.3
66   14   -265.5   -226.7   3572.6
66   15   -296.2   -532.4   3611.7
66   16   -748.8   292.0   3317.8
66   17   112.7   279.2   3455.5
66   18   -327.4   620.5   3470.6
67   0   -330.9   714.7   3472.4
67   1   -329.6   555.7   3486.5
67   2   -458.4   542.8   3469.3
67   3   -591.3   385.6   3387.1
67   4   -780.1   273.5   3304.0
67   5   -198.5   542.9   3494.9
67   6   -47.0   381.3   3503.6
67   7   144.8   259.0   3445.5
67   8   -336.3   356.6   3534.8
67   9   -337.6   185.7   3544.9
67   10   -419.1   127.1   3542.5
67   11   -411.4   -230.9   3562.0
67   12   -376.3   -535.2   3606.2
67   13   -254.6   130.3   3555.3
67   14   -265.5   -227.6   3572.8
67   15   -296.1   -532.9   3613.8
67   16   -748.7   292.1   3317.9
67   17   112.9   279.4   3455.2
67   18   -327.4   620.5   3470.8
68   0   -330.9   714.6   3472.6
68   1   -329.6   555.6   3486.7
68   2   -458.6   542.9   3469.3
68   3   -591.4   385.4   3387.0
68   4   -780.0   273.6   3303.9
68   5   -198.4   542.8   3494.8
68   6   -46.7   381.1   3503.6
68   7   144.8   259.1   3445.1
68   8   -336.3   356.0   3534.8
68   9   -337.6   185.3   3544.8
68   10   -419.3   126.8   3542.5
68   11   -411.3   -231.4   3562.0
68   12   -376.4   -536.3   3604.1
68   13   -254.3   130.4   3555.3
68   14   -265.5   -227.8   3573.0
68   15   -296.1   -533.0   3616.2
68   16   -748.6   292.2   3317.8
68   17   112.9   279.4   3454.9
68   18   -327.4   620.5   3471.0
69   0   -330.9   714.6   3472.5
69   1   -329.6   555.6   3486.8
69   2   -458.8   543.0   3469.3
69   3   -591.5   385.3   3386.8
69   4   -779.9   273.6   3303.8
69   5   -198.3   542.6   3494.8
69   6   -46.4   380.9   3503.6
69   7   144.6   259.0   3444.4
69   8   -336.3   355.5   3534.8
69   9   -337.6   184.9   3544.6
69   10   -419.5   126.7   3542.5
69   11   -411.3   -231.6   3562.0
69   12   -376.3   -537.6   3599.7
69   13   -253.7   130.9   3555.3
69   14   -265.5   -227.4   3573.5
69   15   -296.1   -533.2   3616.5
69   16   -748.5   292.2   3317.6
69   17   112.8   279.3   3454.2
69   18   -327.4   620.5   3471.2
70   0   -330.9   714.6   3472.4
70   1   -329.6   555.5   3486.8
70   2   -459.0   543.1   3469.4
70   3   -591.8   385.3   3386.7
70   4   -779.9   273.5   3303.5
70   5   -198.2   542.5   3494.8
70   6   -46.2   380.8   3503.6
70   7   144.7   258.9   3444.0
70   8   -336.3   355.2   3534.8
70   9   -337.5   184.6   3544.3
70   10   -419.8   126.9   3542.4
70   11   -411.3   -231.4   3561.9
70   12   -376.3   -537.7   3600.9
70   13   -253.2   131.5   3555.4
70   14   -265.5   -226.6   3573.6
70   15   -296.7   -532.9   3617.0
70   16   -748.6   292.2   3317.4
70   17   112.9   279.2   3453.9
70   18   -327.4   620.5   3471.3
71   0   -330.9   714.5   3472.2
71   1   -329.6   555.5   3486.9
71   2   -459.1   543.1   3469.4
71   3   -591.9   385.2   3386.6
71   4   -780.0   273.5   3303.2
71   5   -198.1   542.4   3494.7
71   6   -45.9   380.7   3503.6
71   7   145.0   258.9   3443.8
71   8   -336.3   354.9   3534.8
71   9   -337.5   184.4   3544.1
71   10   -420.1   127.3   3542.4
71   11   -411.2   -230.7   3561.7
71   12   -376.3   -537.0   3605.2
71   13   -252.5   132.7   3555.4
71   14   -265.6   -225.2   3573.7
71   15   -298.6   -531.0   3622.3
71   16   -748.7   292.1   3317.1
71   17   113.2   279.2   3453.8
71   18   -327.4   620.5   3471.3
72   0   -330.9   714.5   3472.0
72   1   -329.6   555.4   3486.9
72   2   -459.1   543.0   3469.4
72   3   -592.1   385.1   3386.4
72   4   -780.1   273.4   3302.8
72   5   -198.1   542.3   3494.7
72   6   -45.5   380.6   3503.5
72   7   145.2   258.8   3443.4
72   8   -336.3   354.8   3534.9
72   9   -337.5   184.3   3543.9
72   10   -420.4   127.8   3542.2
72   11   -411.2   -229.2   3561.4
72   12   -376.2   -534.8   3612.2
72   13   -252.2   133.3   3555.4
72   14   -265.7   -223.6   3573.9
72   15   -300.2   -527.2   3635.1
72   16   -748.7   292.0   3316.7
72   17   113.4   279.1   3453.4
72   18   -327.4   620.5   3471.3
73   0   -330.9   714.5   3471.8
73   1   -329.6   555.4   3486.9
73   2   -459.2   543.0   3469.4
73   3   -592.2   384.9   3386.3
73   4   -780.1   273.4   3302.4
73   5   -198.1   542.1   3494.7
73   6   -45.2   380.5   3503.5
73   7   145.4   258.7   3443.2
73   8   -336.3   354.8   3534.9
73   9   -337.5   184.3   3543.8
73   10   -420.7   128.5   3542.1
73   11   -411.1   -227.0   3560.9
73   12   -375.8   -532.6   3614.3
73   13   -252.1   133.6   3554.9
73   14   -265.9   -221.7   3573.9
73   15   -301.6   -523.9   3643.5
73   16   -748.8   292.0   3316.4
73   17   113.6   279.0   3453.2
73   18   -327.4   620.5   3471.3
74   0   -330.9   714.5   3471.7
74   1   -329.6   555.3   3486.9
74   2   -459.3   542.9   3469.4
74   3   -592.3   384.7   3386.2
74   4   -780.2   273.3   3301.9
74   5   -198.1   541.9   3494.7
74   6   -44.8   380.5   3503.5
74   7   145.7   258.5   3443.0
74   8   -336.3   354.8   3534.9
74   9   -337.5   184.4   3543.7
74   10   -421.0   129.2   3541.9
74   11   -411.1   -223.8   3560.4
74   12   -375.5   -529.5   3615.1
74   13   -252.1   133.7   3554.2
74   14   -266.4   -219.1   3573.8
74   15   -302.0   -521.4   3644.7
74   16   -748.9   291.9   3316.0
74   17   113.9   278.8   3453.1
74   18   -327.4   620.5   3471.3
75   0   -330.9   714.5   3471.1
75   1   -329.6   555.3   3486.9
75   2   -459.4   542.9   3469.4
75   3   -592.4   384.5   3386.1
75   4   -780.3   273.2   3301.3
75   5   -198.1   541.7   3494.6
75   6   -44.4   380.5   3503.5
75   7   145.9   258.4   3442.2
75   8   -336.3   354.9   3534.9
75   9   -337.5   184.5   3543.5
75   10   -421.4   130.2   3541.4
75   11   -411.0   -220.3   3559.4
75   12   -375.3   -526.1   3615.8
75   13   -252.1   133.8   3553.2
75   14   -267.0   -216.5   3573.2
75   15   -302.1   -519.3   3644.1
75   16   -749.0   291.8   3315.5
75   17   114.1   278.7   3452.4
75   18   -327.4   620.5   3471.3
76   0   -330.9   714.4   3469.7
76   1   -329.6   555.2   3486.9
76   2   -459.5   542.8   3469.3
76   3   -592.5   384.4   3386.0
76   4   -780.4   273.2   3300.7
76   5   -198.1   541.5   3494.5
76   6   -44.0   380.4   3503.5
76   7   146.0   258.4   3440.6
76   8   -336.3   355.0   3534.8
76   9   -337.5   184.7   3543.4
76   10   -421.5   130.8   3540.9
76   11   -411.2   -218.0   3558.7
76   12   -375.3   -524.0   3615.7
76   13   -252.1   133.9   3552.0
76   14   -267.1   -214.6   3572.3
76   15   -302.9   -518.0   3641.4
76   16   -749.1   291.7   3314.9
76   17   114.3   278.7   3451.1
76   18   -327.4   620.5   3471.3
77   0   -330.9   714.4   3467.5
77   1   -329.6   555.2   3486.9
77   2   -459.5   542.8   3469.3
77   3   -592.6   384.2   3385.9
77   4   -780.5   273.1   3299.7
77   5   -198.1   541.4   3494.4
77   6   -43.6   380.5   3503.4
77   7   145.9   258.5   3438.5
77   8   -336.3   355.2   3534.8
77   9   -337.4   184.9   3543.2
77   10   -421.4   131.1   3540.4
77   11   -411.3   -216.5   3558.4
77   12   -375.5   -522.9   3614.9
77   13   -252.2   134.0   3551.5
77   14   -267.1   -213.3   3571.1
77   15   -304.5   -516.9   3640.0
77   16   -749.1   291.6   3314.1
77   17   114.4   278.8   3449.3
77   18   -327.4   620.5   3471.2
78   0   -330.9   714.3   3464.9
78   1   -329.6   555.1   3486.9
78   2   -459.6   542.8   3469.3
78   3   -592.7   384.0   3385.7
78   4   -780.5   273.1   3298.7
78   5   -198.0   541.4   3494.3
78   6   -43.2   380.6   3503.4
78   7   145.9   258.7   3436.1
78   8   -336.3   355.3   3534.7
78   9   -337.4   185.1   3543.1
78   10   -421.3   131.3   3539.7
78   11   -411.4   -215.5   3558.0
78   12   -375.7   -522.3   3613.9
78   13   -252.2   134.1   3551.2
78   14   -266.9   -212.5   3570.3
78   15   -305.6   -516.2   3639.0
78   16   -749.2   291.6   3313.2
78   17   114.4   279.0   3447.3
78   18   -327.4   620.5   3471.2
79   0   -330.9   714.2   3462.8
79   1   -329.6   555.1   3486.9
79   2   -459.7   542.7   3469.3
79   3   -592.7   384.0   3385.2
79   4   -780.4   273.1   3297.3
79   5   -197.9   541.3   3494.3
79   6   -42.8   380.6   3503.3
79   7   145.9   259.0   3433.4
79   8   -336.3   355.5   3534.6
79   9   -337.4   185.3   3542.9
79   10   -421.2   131.4   3539.0
79   11   -411.5   -215.1   3557.5
79   12   -375.8   -522.3   3612.5
79   13   -252.3   134.2   3551.1
79   14   -266.8   -212.2   3569.6
79   15   -305.6   -516.1   3638.5
79   16   -749.1   291.5   3312.0
79   17   114.5   279.3   3445.1
79   18   -327.4   620.5   3471.2
80   0   -330.9   714.1   3460.8
80   1   -329.6   555.0   3486.9
80   2   -459.7   542.7   3469.3
80   3   -592.6   384.0   3384.5
80   4   -780.3   273.1   3295.7
80   5   -197.9   541.3   3494.2
80   6   -42.6   380.5   3503.1
80   7   145.7   259.6   3430.2
80   8   -336.3   355.7   3534.5
80   9   -337.4   185.5   3542.7
80   10   -421.1   131.4   3538.3
80   11   -411.5   -214.9   3556.9
80   12   -375.7   -522.3   3612.0
80   13   -252.4   134.2   3551.0
80   14   -266.8   -212.0   3568.6
80   15   -305.6   -516.0   3638.7
80   16   -749.0   291.6   3310.5
80   17   114.3   279.7   3442.3
80   18   -327.4   620.5   3471.2
81   0   -330.9   714.0   3459.6
81   1   -329.6   555.0   3486.8
81   2   -459.8   542.7   3469.3
81   3   -592.6   384.1   3383.7
81   4   -780.4   272.9   3295.0
81   5   -197.8   541.3   3494.0
81   6   -42.6   380.2   3503.0
81   7   146.1   260.0   3428.9
81   8   -336.3   355.9   3534.3
81   9   -337.3   185.7   3542.5
81   10   -421.0   131.5   3537.4
81   11   -411.5   -214.6   3556.4
81   12   -375.7   -522.2   3612.1
81   13   -252.4   134.2   3550.9
81   14   -266.9   -211.9   3567.2
81   15   -306.2   -515.4   3639.8
81   16   -749.1   291.5   3309.8
81   17   114.6   280.0   3441.3
81   18   -327.4   620.5   3471.2
82   0   -330.9   714.0   3458.8
82   1   -329.6   554.9   3486.8
82   2   -459.8   542.7   3469.3
82   3   -592.4   384.3   3382.6
82   4   -780.3   272.9   3293.8
82   5   -197.8   541.2   3493.9
82   6   -42.5   379.9   3502.5
82   7   146.6   260.2   3428.3
82   8   -336.3   356.1   3534.1
82   9   -337.3   185.9   3542.3
82   10   -420.9   131.6   3536.5
82   11   -411.4   -214.1   3555.6
82   12   -375.7   -521.8   3612.1
82   13   -252.5   134.2   3550.7
82   14   -267.1   -211.5   3564.6
82   15   -306.7   -514.3   3641.1
82   16   -749.0   291.4   3308.6
82   17   115.1   280.1   3440.7
82   18   -327.4   620.5   3471.2
83   0   -330.9   714.0   3458.3
83   1   -329.6   554.9   3486.8
83   2   -459.8   542.7   3469.3
83   3   -592.1   384.8   3380.8
83   4   -779.9   272.9   3292.1
83   5   -197.7   541.3   3493.8
83   6   -42.2   379.9   3502.0
83   7   147.2   260.2   3428.0
83   8   -336.3   356.3   3533.9
83   9   -337.3   186.1   3542.1
83   10   -420.8   131.7   3535.7
83   11   -411.3   -213.4   3554.7
83   12   -375.6   -521.0   3612.5
83   13   -252.6   134.3   3550.6
83   14   -267.4   -210.9   3563.3
83   15   -307.0   -513.4   3642.3
83   16   -748.6   291.5   3306.9
83   17   115.6   280.1   3440.3
83   18   -327.4   620.5   3471.2
84   0   -330.9   714.1   3458.1
84   1   -329.6   554.8   3486.7
84   2   -459.9   542.7   3469.3
84   3   -592.0   384.9   3379.9
84   4   -779.9   272.8   3291.2
84   5   -197.6   541.3   3493.7
84   6   -41.9   380.0   3501.4
84   7   147.7   260.2   3427.6
84   8   -336.3   356.4   3533.7
84   9   -337.3   186.3   3541.9
84   10   -420.7   131.8   3534.7
84   11   -411.2   -212.7   3553.7
84   12   -375.4   -520.4   3612.8
84   13   -252.6   134.2   3550.4
84   14   -267.7   -210.4   3562.7
84   15   -307.0   -512.7   3643.2
84   16   -748.5   291.5   3306.0
84   17   116.1   280.2   3439.9
84   18   -327.4   620.5   3471.1
85   0   -330.9   714.1   3458.1
85   1   -329.6   554.8   3486.7
85   2   -459.9   542.7   3469.3
85   3   -592.0   385.0   3379.5
85   4   -780.8   272.1   3290.4
85   5   -197.5   541.3   3493.5
85   6   -41.5   380.1   3500.5
85   7   149.3   259.7   3427.1
85   8   -336.3   356.6   3533.5
85   9   -337.3   186.4   3541.7
85   10   -420.7   131.8   3534.5
85   11   -411.2   -212.4   3553.4
85   12   -375.0   -520.0   3613.4
85   13   -252.7   134.2   3550.4
85   14   -268.1   -210.1   3562.5
85   15   -307.1   -512.5   3643.7
85   16   -749.3   290.9   3305.3
85   17   117.5   279.7   3439.3
85   18   -327.4   620.5   3471.1
86   0   -330.9   714.1   3458.0
86   1   -329.7   554.7   3486.4
86   2   -459.9   542.7   3468.8
86   3   -592.3   384.8   3379.3
86   4   -782.2   271.1   3289.6
86   5   -197.5   541.1   3492.2
86   6   -41.6   379.6   3499.6
86   7   151.3   259.5   3426.0
86   8   -336.5   356.6   3532.8
86   9   -337.4   186.4   3541.1
86   10   -420.8   131.6   3534.4
86   11   -411.2   -214.3   3553.3
86   12   -375.1   -522.3   3613.0
86   13   -252.8   134.1   3550.3
86   14   -268.0   -211.9   3562.7
86   15   -307.6   -514.4   3644.1
86   16   -750.5   290.0   3304.5
86   17   119.1   279.5   3438.3
86   18   -327.4   620.5   3471.0
87   0   -331.3   714.0   3457.9
87   1   -329.7   554.6   3485.6
87   2   -459.8   542.8   3467.7
87   3   -592.7   384.5   3379.1
87   4   -782.9   270.5   3289.2
87   5   -197.4   540.7   3488.8
87   6   -41.7   378.8   3498.2
87   7   152.6   260.0   3424.9
87   8   -336.8   356.3   3530.7
87   9   -337.5   186.1   3540.1
87   10   -421.0   131.4   3534.4
87   11   -411.3   -216.8   3553.1
87   12   -375.2   -525.1   3612.4
87   13   -252.9   134.0   3550.2
87   14   -268.1   -214.3   3562.9
87   15   -308.0   -517.2   3643.4
87   16   -751.2   289.5   3304.2
87   17   120.2   279.8   3437.1
87   18   -327.4   620.5   3470.6
88   0   -331.9   713.8   3457.8
88   1   -329.8   554.4   3484.6
88   2   -459.9   543.1   3467.1
88   3   -593.1   384.5   3379.2
88   4   -782.9   270.2   3289.2
88   5   -197.5   540.3   3485.9
88   6   -42.2   377.8   3495.9
88   7   153.6   261.1   3423.4
88   8   -337.2   355.9   3528.0
88   9   -337.6   185.7   3538.9
88   10   -421.2   131.2   3534.4
88   11   -411.3   -219.7   3552.9
88   12   -375.1   -528.3   3612.1
88   13   -253.2   133.8   3550.2
88   14   -268.4   -217.2   3563.0
88   15   -308.2   -520.9   3641.5
88   16   -751.3   289.2   3304.2
88   17   120.9   280.6   3435.5
88   18   -327.4   620.5   3470.1
89   0   -332.6   713.6   3457.6
89   1   -329.9   554.2   3483.4
89   2   -459.9   543.4   3466.9
89   3   -593.5   384.7   3379.3
89   4   -782.7   270.0   3289.4
89   5   -197.6   540.2   3484.7
89   6   -42.9   376.9   3494.8
89   7   153.4   262.9   3420.9
89   8   -337.6   355.4   3525.0
89   9   -337.8   185.2   3537.7
89   10   -421.4   131.0   3534.5
89   11   -411.3   -222.5   3553.0
89   12   -375.0   -531.4   3611.4
89   13   -253.5   133.7   3550.1
89   14   -269.2   -219.9   3563.0
89   15   -307.5   -524.9   3638.0
89   16   -751.1   289.1   3304.4
89   17   120.7   281.9   3433.2
89   18   -327.4   620.5   3469.6
90   0   -333.4   713.3   3457.5
90   1   -330.0   554.1   3482.4
90   2   -459.9   543.7   3466.8
90   3   -593.9   384.9   3379.5
90   4   -782.3   270.0   3289.7
90   5   -197.8   540.1   3484.2
90   6   -43.8   376.0   3494.4
90   7   152.8   265.2   3417.9
90   8   -338.0   355.1   3522.5
90   9   -337.9   184.9   3536.5
90   10   -421.6   130.9   3534.5
90   11   -411.2   -224.4   3553.2
90   12   -374.8   -533.7   3610.8
90   13   -253.9   133.4   3550.0
90   14   -271.0   -221.9   3563.0
90   15   -307.6   -527.3   3638.2
90   16   -750.9   289.1   3304.6
90   17   120.0   283.7   3430.7
90   18   -327.4   620.5   3469.0
91   0   -334.1   712.9   3457.4
91   1   -330.1   554.0   3481.4
91   2   -460.0   544.0   3466.7
91   3   -594.2   385.2   3379.6
91   4   -781.9   269.8   3289.9
91   5   -197.9   540.2   3483.9
91   6   -44.0   375.8   3494.3
91   7   151.9   267.1   3414.7
91   8   -338.3   354.9   3520.6
91   9   -338.1   184.6   3535.3
91   10   -421.8   130.8   3534.5
91   11   -411.3   -225.4   3553.1
91   12   -374.4   -534.7   3611.3
91   13   -254.3   133.0   3549.9
91   14   -273.6   -223.1   3563.0
91   15   -308.5   -527.6   3643.1
91   16   -750.6   289.1   3304.9
91   17   119.3   285.2   3428.0
91   18   -327.4   620.5   3468.3
92   0   -334.8   712.5   3457.4
92   1   -330.1   553.9   3480.6
92   2   -460.0   544.3   3466.6
92   3   -594.6   385.4   3379.8
92   4   -781.5   269.6   3290.1
92   5   -198.2   540.0   3483.6
92   6   -43.7   376.1   3494.4
92   7   151.8   268.3   3413.4
92   8   -338.5   354.8   3519.6
92   9   -338.1   184.3   3534.2
92   10   -422.0   130.6   3534.5
92   11   -411.4   -225.7   3552.9
92   12   -373.6   -534.7   3612.7
92   13   -254.6   132.5   3549.9
92   14   -277.0   -223.5   3563.1
92   15   -308.0   -527.2   3648.6
92   16   -750.3   288.9   3305.1
92   17   119.2   286.3   3426.9
92   18   -327.4   620.5   3467.5
93   0   -335.5   712.1   3457.4
93   1   -330.2   553.9   3479.8
93   2   -460.2   544.6   3466.5
93   3   -595.1   385.7   3380.0
93   4   -780.9   269.3   3290.3
93   5   -198.4   540.0   3483.3
93   6   -43.2   376.5   3494.4
93   7   151.4   269.6   3411.6
93   8   -338.6   354.9   3519.0
93   9   -338.2   184.1   3533.1
93   10   -422.3   130.5   3534.5
93   11   -411.7   -225.5   3552.7
93   12   -374.6   -535.2   3610.9
93   13   -255.0   131.9   3549.7
93   14   -278.5   -223.8   3563.1
93   15   -306.7   -528.0   3648.3
93   16   -750.0   288.7   3305.2
93   17   118.9   287.4   3425.4
93   18   -327.4   620.5   3466.6
94   0   -336.0   711.7   3457.4
94   1   -330.2   553.9   3479.0
94   2   -460.3   544.9   3466.3
94   3   -595.6   385.9   3380.3
94   4   -780.4   268.9   3290.4
94   5   -198.7   539.6   3482.9
94   6   -42.9   376.7   3494.5
94   7   150.9   270.4   3410.5
94   8   -338.8   355.0   3518.7
94   9   -338.3   184.0   3532.2
94   10   -422.5   130.0   3534.5
94   11   -412.0   -225.7   3552.6
94   12   -374.9   -535.6   3610.5
94   13   -255.3   130.9   3549.7
94   14   -278.8   -224.5   3563.1
94   15   -305.3   -529.9   3645.1
94   16   -749.6   288.4   3305.4
94   17   118.6   288.1   3424.5
94   18   -327.4   620.5   3465.6
95   0   -336.5   712.3   3457.3
95   1   -330.3   553.9   3478.1
95   2   -460.5   545.2   3465.9
95   3   -596.1   386.1   3380.5
95   4   -779.8   268.5   3290.6
95   5   -198.9   539.5   3482.5
95   6   -42.7   376.8   3494.4
95   7   150.6   271.3   3409.8
95   8   -338.9   355.1   3518.5
95   9   -338.4   183.8   3531.7
95   10   -422.6   129.2   3534.4
95   11   -412.4   -226.3   3552.6
95   12   -375.4   -534.4   3609.6
95   13   -255.6   129.6   3549.5
95   14   -278.9   -225.5   3563.6
95   15   -304.0   -530.4   3640.6
95   16   -749.2   288.1   3305.6
95   17   118.4   288.9   3423.9
95   18   -327.4   620.5   3464.6
96   0   -337.1   713.4   3457.3
96   1   -330.3   554.0   3477.3
96   2   -460.6   545.5   3465.5
96   3   -596.2   386.0   3380.6
96   4   -779.4   268.2   3290.9
96   5   -199.1   539.4   3482.4
96   6   -42.6   376.9   3494.3
96   7   150.4   272.4   3409.0
96   8   -339.1   355.3   3518.4
96   9   -338.4   183.6   3531.4
96   10   -422.9   128.6   3534.4
96   11   -412.8   -227.0   3552.6
96   12   -375.8   -534.8   3608.0
96   13   -255.9   128.4   3549.3
96   14   -278.8   -226.7   3564.3
96   15   -304.2   -531.8   3638.3
96   16   -748.8   287.8   3305.8
96   17   118.2   289.8   3423.2
96   18   -327.4   620.5   3463.6
97   0   -337.6   714.5   3457.3
97   1   -330.4   554.0   3476.5
97   2   -460.7   545.8   3464.5
97   3   -596.1   385.5   3380.5
97   4   -779.0   267.6   3291.1
97   5   -199.3   539.4   3481.9
97   6   -42.6   377.0   3494.1
97   7   149.9   273.1   3407.3
97   8   -339.4   355.4   3518.4
97   9   -338.5   183.4   3531.3
97   10   -423.2   128.0   3534.4
97   11   -413.2   -228.2   3552.7
97   12   -376.4   -536.5   3605.9
97   13   -255.9   127.3   3548.7
97   14   -278.6   -228.4   3565.6
97   15   -303.9   -535.5   3631.2
97   16   -748.5   287.2   3306.0
97   17   117.8   290.4   3421.8
97   18   -327.4   620.5   3462.5
98   0   -338.1   715.5   3457.3
98   1   -330.5   554.0   3475.7
98   2   -460.8   546.2   3463.2
98   3   -595.9   384.9   3380.3
98   4   -778.7   266.8   3291.2
98   5   -199.5   539.4   3481.8
98   6   -42.6   377.1   3493.8
98   7   149.4   273.7   3405.6
98   8   -339.7   355.6   3518.3
98   9   -338.6   183.1   3531.3
98   10   -423.5   127.4   3534.4
98   11   -413.8   -230.4   3552.7
98   12   -375.7   -539.0   3606.1
98   13   -256.1   125.8   3548.5
98   14   -278.4   -231.4   3566.1
98   15   -304.5   -539.0   3631.2
98   16   -748.2   286.5   3306.0
98   17   117.4   290.9   3420.3
98   18   -327.4   620.5   3461.5
99   0   -338.6   716.3   3457.3
99   1   -330.6   554.1   3475.0
99   2   -461.0   546.5   3461.7
99   3   -595.8   384.3   3380.1
99   4   -778.6   265.9   3291.2
99   5   -199.8   539.4   3481.7
99   6   -42.7   377.2   3493.4
99   7   148.9   274.2   3403.9
99   8   -340.0   355.7   3518.2
99   9   -338.7   182.9   3531.3
99   10   -423.9   126.8   3534.3
99   11   -414.5   -231.7   3552.7
99   12   -374.8   -540.2   3608.6
99   13   -256.6   124.3   3548.4
99   14   -278.7   -233.7   3566.6
99   15   -303.4   -541.9   3632.1
99   16   -748.1   285.7   3306.0
99   17   117.0   291.3   3418.8
99   18   -327.4   620.5   3460.4
100   0   -339.2   716.9   3457.4
100   1   -330.7   554.1   3474.3
100   2   -461.0   546.7   3459.9
100   3   -595.8   383.6   3379.9
100   4   -778.5   264.9   3291.2
100   5   -200.1   539.5   3481.7
100   6   -42.8   377.3   3492.8
100   7   149.0   274.5   3403.4
100   8   -340.4   355.8   3518.2
100   9   -338.8   182.5   3531.3
100   10   -424.1   126.2   3534.3
100   11   -415.2   -231.3   3552.6
100   12   -373.1   -538.9   3613.8
100   13   -256.9   122.9   3548.5
100   14   -279.3   -234.0   3567.1
100   15   -302.8   -542.4   3634.3
100   16   -748.1   284.7   3306.0
100   17   117.1   291.6   3418.3
100   18   -327.5   620.5   3459.6
101   0   -339.7   717.4   3457.5
101   1   -330.9   554.1   3473.6
101   2   -461.0   546.9   3458.8
101   3   -595.7   383.0   3379.9
101   4   -778.3   264.0   3291.0
101   5   -200.3   539.6   3481.7
101   6   -42.9   377.4   3492.0
101   7   149.4   274.6   3403.3
101   8   -340.8   355.9   3518.1
101   9   -338.9   182.2   3531.3
101   10   -424.4   125.9   3534.3
101   11   -416.1   -230.0   3552.5
101   12   -372.6   -537.2   3616.9
101   13   -257.0   122.4   3548.6
101   14   -280.3   -232.8   3567.1
101   15   -301.8   -541.6   3635.0
101   16   -747.8   283.8   3305.8
101   17   117.4   291.8   3418.1
101   18   -327.5   620.5   3458.7
102   0   -340.1   717.8   3457.5
102   1   -331.0   554.1   3473.1
102   2   -461.0   546.9   3457.9
102   3   -595.6   382.5   3380.1
102   4   -778.0   263.1   3290.6
102   5   -200.6   539.8   3481.7
102   6   -43.0   377.7   3491.6
102   7   149.7   274.9   3403.4
102   8   -341.2   355.9   3518.1
102   9   -339.0   181.9   3531.3
102   10   -424.7   126.2   3534.3
102   11   -416.5   -228.0   3552.1
102   12   -373.0   -535.4   3617.4
102   13   -257.0   122.5   3548.7
102   14   -281.5   -231.0   3567.0
102   15   -301.5   -540.1   3635.7
102   16   -747.6   283.0   3305.5
102   17   117.6   292.0   3418.1
102   18   -327.6   620.5   3458.0
103   0   -340.6   718.0   3457.6
103   1   -331.2   554.2   3472.6
103   2   -461.0   546.9   3457.1
103   3   -595.5   381.9   3380.3
103   4   -777.8   262.2   3290.5
103   5   -200.9   540.1   3481.8
103   6   -43.2   377.9   3491.4
103   7   150.0   275.2   3403.4
103   8   -341.6   356.0   3518.0
103   9   -339.1   181.6   3531.3
103   10   -425.0   126.8   3534.3
103   11   -417.2   -226.0   3551.8
103   12   -373.1   -533.4   3618.0
103   13   -257.3   122.4   3548.9
103   14   -282.8   -229.6   3566.5
103   15   -301.3   -538.7   3636.7
103   16   -747.4   282.1   3305.4
103   17   117.8   292.3   3418.1
103   18   -327.8   620.5   3457.4
104   0   -341.0   718.3   3457.6
104   1   -331.5   554.2   3472.2
104   2   -461.0   546.9   3456.8
104   3   -595.3   381.4   3380.4
104   4   -777.6   261.2   3290.5
104   5   -201.2   540.3   3481.8
104   6   -43.4   378.3   3491.3
104   7   150.2   275.7   3403.2
104   8   -342.0   356.0   3518.1
104   9   -339.3   181.4   3531.3
104   10   -425.1   127.0   3534.3
104   11   -418.0   -224.6   3551.7
104   12   -373.1   -532.1   3618.2
104   13   -257.5   122.4   3548.9
104   14   -283.6   -228.4   3565.7
104   15   -301.2   -537.4   3637.6
104   16   -747.2   281.3   3305.5
104   17   117.9   292.8   3417.9
104   18   -328.0   620.5   3456.8
105   0   -341.5   718.4   3457.7
105   1   -331.8   554.2   3471.8
105   2   -461.1   546.8   3456.7
105   3   -595.0   380.8   3380.6
105   4   -777.4   260.4   3290.5
105   5   -201.7   540.5   3481.8
105   6   -43.6   378.6   3491.2
105   7   150.2   276.2   3402.8
105   8   -342.4   356.0   3518.2
105   9   -339.4   181.3   3531.3
105   10   -425.1   127.2   3534.3
105   11   -418.5   -223.6   3551.6
105   12   -373.1   -531.2   3618.0
105   13   -257.6   122.8   3548.9
105   14   -284.2   -227.1   3565.3
105   15   -301.1   -536.1   3637.9
105   16   -747.0   280.5   3305.5
105   17   117.9   293.3   3417.6
105   18   -328.3   620.5   3456.2
106   0   -341.9   718.7   3457.8
106   1   -332.6   554.2   3471.4
106   2   -461.7   546.5   3456.6
106   3   -594.9   379.8   3380.6
106   4   -777.5   259.5   3290.4
106   5   -202.5   540.8   3481.7
106   6   -44.0   379.3   3491.2
106   7   149.6   276.9   3401.8
106   8   -342.8   356.0   3518.4
106   9   -339.5   181.3   3531.4
106   10   -425.0   127.3   3534.3
106   11   -419.1   -222.8   3551.6
106   12   -373.4   -530.6   3617.5
106   13   -257.5   123.5   3549.0
106   14   -284.9   -225.7   3565.0
106   15   -301.1   -534.8   3638.2
106   16   -747.1   279.5   3305.4
106   17   117.3   294.0   3416.7
106   18   -329.1   620.5   3455.6
107   0   -342.3   718.9   3457.8
107   1   -333.5   554.3   3471.0
107   2   -462.6   546.1   3456.5
107   3   -594.9   378.5   3380.6
107   4   -777.4   257.6   3290.2
107   5   -203.5   541.2   3481.5
107   6   -44.6   380.1   3491.0
107   7   149.1   277.8   3400.8
107   8   -343.1   356.1   3518.7
107   9   -339.6   181.2   3531.4
107   10   -425.0   127.3   3534.3
107   11   -419.2   -222.3   3551.5
107   12   -373.9   -530.5   3616.6
107   13   -257.5   123.7   3548.9
107   14   -285.4   -225.0   3564.7
107   15   -300.9   -534.3   3637.9
107   16   -747.0   277.7   3305.3
107   17   116.8   294.9   3415.8
107   18   -330.3   620.5   3455.1
108   0   -342.6   719.1   3457.9
108   1   -334.6   554.3   3471.0
108   2   -463.7   545.5   3456.5
108   3   -595.0   377.1   3380.4
108   4   -777.7   256.4   3289.7
108   5   -204.6   541.6   3481.4
108   6   -45.1   380.9   3490.7
108   7   148.3   278.6   3399.4
108   8   -343.5   356.2   3519.6
108   9   -339.7   181.3   3531.4
108   10   -425.0   127.3   3534.3
108   11   -419.1   -221.7   3551.4
108   12   -374.4   -530.3   3615.9
108   13   -257.6   123.9   3548.9
108   14   -284.9   -224.3   3564.6
108   15   -301.0   -533.5   3638.5
108   16   -747.3   276.5   3304.8
108   17   116.1   295.6   3414.6
108   18   -331.6   620.5   3454.7
109   0   -343.0   719.3   3457.9
109   1   -335.8   554.4   3471.1
109   2   -465.0   544.8   3456.5
109   3   -595.2   375.6   3380.2
109   4   -778.4   255.7   3288.9
109   5   -205.7   542.0   3481.2
109   6   -45.6   381.7   3490.0
109   7   147.7   279.0   3398.5
109   8   -343.9   356.5   3521.3
109   9   -339.8   181.5   3531.5
109   10   -425.0   127.4   3534.3
109   11   -419.1   -220.9   3551.4
109   12   -375.1   -529.6   3615.9
109   13   -257.7   124.1   3548.9
109   14   -284.6   -223.3   3564.5
109   15   -301.2   -532.2   3640.0
109   16   -747.9   275.7   3304.1
109   17   115.5   296.1   3413.8
109   18   -333.1   620.5   3454.4
110   0   -343.4   719.5   3458.0
110   1   -337.1   554.6   3471.6
110   2   -466.4   544.0   3456.5
110   3   -595.5   374.0   3380.0
110   4   -779.2   255.2   3288.0
110   5   -206.8   542.4   3481.0
110   6   -46.1   382.6   3488.8
110   7   147.1   279.5   3397.3
110   8   -344.1   356.9   3523.8
110   9   -339.9   181.9   3531.9
110   10   -425.0   127.4   3534.4
110   11   -419.1   -220.3   3551.3
110   12   -376.0   -529.2   3616.0
110   13   -257.9   124.2   3548.9
110   14   -284.3   -222.6   3564.5
110   15   -301.5   -531.2   3641.4
110   16   -748.6   275.0   3303.3
110   17   114.9   296.7   3412.6
110   18   -334.8   620.5   3454.2
111   0   -343.7   719.7   3458.0
111   1   -338.5   554.8   3472.3
111   2   -468.1   543.1   3456.5
111   3   -595.9   372.2   3379.8
111   4   -780.0   254.7   3287.0
111   5   -207.9   542.7   3480.9
111   6   -46.7   383.4   3487.8
111   7   146.7   279.8   3397.3
111   8   -344.3   357.5   3527.0
111   9   -340.0   182.5   3532.4
111   10   -425.0   127.4   3534.4
111   11   -419.1   -220.0   3551.2
111   12   -376.9   -529.1   3616.1
111   13   -257.9   124.2   3548.9
111   14   -284.1   -222.3   3564.4
111   15   -301.7   -531.1   3640.9
111   16   -749.3   274.3   3302.5
111   17   114.5   297.1   3412.4
111   18   -336.5   620.5   3454.1
112   0   -344.1   719.8   3458.0
112   1   -339.9   554.9   3472.9
112   2   -469.8   542.0   3456.6
112   3   -596.7   370.6   3379.4
112   4   -781.0   254.1   3285.7
112   5   -209.0   543.1   3480.7
112   6   -47.2   384.3   3485.9
112   7   146.9   280.0   3397.8
112   8   -344.4   357.8   3529.5
112   9   -340.1   182.9   3533.0
112   10   -424.9   127.4   3534.6
112   11   -419.1   -219.8   3551.2
112   12   -378.0   -529.2   3616.2
112   13   -258.0   124.3   3548.8
112   14   -283.9   -222.1   3564.4
112   15   -301.9   -531.0   3640.6
112   16   -750.3   273.5   3301.3
112   17   114.6   297.4   3412.5
112   18   -338.4   620.5   3454.1
113   0   -344.4   719.9   3458.0
113   1   -341.2   555.0   3473.2
113   2   -471.5   541.0   3456.6
113   3   -597.7   369.4   3378.8
113   4   -782.2   253.6   3284.5
113   5   -210.0   543.4   3480.6
113   6   -47.6   385.1   3483.5
113   7   147.6   280.2   3398.5
113   8   -344.5   357.9   3530.9
113   9   -340.2   183.1   3533.5
113   10   -425.0   127.4   3534.8
113   11   -419.1   -219.8   3551.1
113   12   -378.7   -529.3   3616.2
113   13   -258.0   124.4   3548.8
113   14   -283.8   -221.9   3564.4
113   15   -302.1   -531.0   3640.3
113   16   -751.4   272.9   3300.2
113   17   115.1   297.7   3412.6
113   18   -340.1   620.5   3454.0
114   0   -344.7   720.0   3458.0
114   1   -342.5   555.0   3473.4
114   2   -473.0   540.1   3456.7
114   3   -598.8   368.3   3378.3
114   4   -783.3   253.1   3283.1
114   5   -211.0   543.7   3480.4
114   6   -47.9   386.0   3482.8
114   7   147.6   280.7   3398.8
114   8   -344.6   357.8   3531.4
114   9   -340.3   183.1   3533.9
114   10   -425.0   127.4   3534.9
114   11   -419.1   -219.8   3551.0
114   12   -380.0   -529.5   3616.1
114   13   -258.0   124.6   3548.8
114   14   -283.8   -221.8   3564.4
114   15   -302.5   -530.5   3642.0
114   16   -752.6   272.3   3298.9
114   17   115.0   298.3   3412.8
114   18   -341.8   620.5   3454.0
115   0   -345.1   720.1   3458.0
115   1   -343.4   555.0   3473.4
115   2   -474.1   539.4   3456.7
115   3   -599.7   367.7   3377.8
115   4   -784.1   252.8   3281.5
115   5   -211.8   543.9   3480.3
115   6   -48.1   386.7   3482.6
115   7   147.7   281.3   3398.8
115   8   -344.6   357.6   3531.5
115   9   -340.4   183.1   3534.3
115   10   -425.0   127.5   3535.0
115   11   -419.1   -219.8   3551.0
115   12   -380.2   -529.6   3616.4
115   13   -258.0   125.0   3548.8
115   14   -283.8   -221.5   3564.3
115   15   -302.4   -530.4   3641.6
115   16   -753.4   272.0   3297.6
115   17   115.1   298.8   3412.8
115   18   -343.0   620.5   3454.1
116   0   -345.6   720.1   3458.0
116   1   -344.1   554.9   3473.4
116   2   -474.9   538.9   3456.7
116   3   -600.3   367.2   3377.4
116   4   -784.7   252.6   3280.1
116   5   -212.5   543.8   3480.3
116   6   -48.1   387.3   3482.6
116   7   147.9   281.8   3398.8
116   8   -344.6   357.5   3531.5
116   9   -340.5   183.0   3534.8
116   10   -425.1   127.8   3535.0
116   11   -419.1   -219.8   3550.9
116   12   -380.0   -529.6   3616.4
116   13   -257.8   125.5   3548.8
116   14   -283.8   -221.1   3564.2
116   15   -301.7   -530.8   3638.6
116   16   -754.0   271.7   3296.3
116   17   115.3   299.3   3412.7
116   18   -343.9   620.5   3454.1
117   0   -346.0   720.2   3458.0
117   1   -344.4   554.9   3473.3
117   2   -475.3   538.6   3456.7
117   3   -600.8   366.9   3377.2
117   4   -785.3   252.3   3279.9
117   5   -212.8   543.8   3480.3
117   6   -47.9   387.8   3482.7
117   7   148.2   282.3   3398.6
117   8   -344.7   357.3   3531.4
117   9   -340.6   183.0   3535.3
117   10   -425.2   128.0   3535.1
117   11   -419.0   -219.8   3550.7
117   12   -379.5   -529.5   3616.4
117   13   -257.7   126.1   3548.8
117   14   -283.7   -220.8   3564.0
117   15   -301.7   -530.8   3637.6
117   16   -754.6   271.4   3296.1
117   17   115.5   299.9   3412.6
117   18   -344.4   620.5   3454.1
118   0   -346.6   720.2   3458.0
118   1   -344.6   554.9   3473.3
118   2   -475.6   538.4   3456.7
118   3   -601.1   366.7   3377.1
118   4   -785.9   251.9   3280.6
118   5   -213.0   543.8   3480.2
118   6   -47.6   388.2   3482.8
118   7   148.6   283.1   3398.3
118   8   -344.7   357.2   3531.2
118   9   -340.7   183.0   3535.8
118   10   -425.3   128.3   3535.1
118   11   -419.0   -219.8   3550.4
118   12   -379.3   -529.6   3616.3
118   13   -257.5   126.7   3548.9
118   14   -283.7   -220.5   3563.9
118   15   -302.0   -530.3   3638.6
118   16   -755.1   271.0   3296.7
118   17   115.9   300.6   3412.4
118   18   -344.6   620.5   3454.1
119   0   -347.2   720.2   3458.0
119   1   -344.7   554.9   3473.3
119   2   -475.7   538.3   3456.7
119   3   -601.3   366.6   3377.0
119   4   -786.3   251.7   3280.9
119   5   -213.0   543.8   3480.2
119   6   -47.3   388.5   3483.0
119   7   148.9   283.9   3398.0
119   8   -344.7   357.2   3531.1
119   9   -340.8   183.0   3536.2
119   10   -425.3   128.4   3535.1
119   11   -419.0   -220.0   3550.0
119   12   -379.5   -527.1   3615.7
119   13   -257.6   127.0   3548.8
119   14   -283.7   -220.6   3563.8
119   15   -301.4   -528.2   3636.3
119   16   -755.5   270.9   3296.9
119   17   116.2   301.3   3412.2
119   18   -344.7   620.5   3454.1
120   0   -347.9   720.2   3458.0
120   1   -344.8   554.8   3473.2
120   2   -475.8   538.2   3456.7
120   3   -601.5   366.6   3377.0
120   4   -786.4   251.6   3281.0
120   5   -212.9   543.7   3480.2
120   6   -46.9   388.7   3483.1
120   7   149.3   284.5   3397.7
120   8   -344.7   357.1   3531.0
120   9   -340.9   183.0   3536.6
120   10   -425.3   128.5   3535.1
120   11   -419.0   -220.2   3549.7
120   12   -379.5   -526.4   3615.5
120   13   -257.7   127.2   3548.8
120   14   -283.7   -220.6   3563.8
120   15   -302.8   -525.6   3642.4
120   16   -755.6   270.8   3297.0
120   17   116.6   301.9   3411.9
120   18   -344.8   620.5   3454.1
121   0   -348.6   720.2   3458.0
121   1   -344.7   554.8   3473.2
121   2   -475.9   538.2   3456.7
121   3   -601.8   366.6   3376.9
121   4   -786.5   251.5   3280.9
121   5   -212.9   543.7   3480.1
121   6   -46.5   388.9   3483.2
121   7   149.3   284.4   3397.5
121   8   -344.7   357.1   3530.8
121   9   -341.0   183.0   3536.8
121   10   -425.3   128.7   3535.2
121   11   -419.0   -220.1   3549.2
121   12   -379.5   -526.3   3615.3
121   13   -257.7   127.5   3548.8
121   14   -283.8   -220.3   3563.6
121   15   -302.7   -525.7   3641.4
121   16   -755.7   270.7   3296.9
121   17   116.6   301.8   3411.8
121   18   -344.8   620.5   3454.1
122   0   -349.2   720.2   3458.0
122   1   -344.7   554.7   3472.9
122   2   -476.0   538.1   3456.7
122   3   -602.0   366.7   3376.8
122   4   -786.5   251.5   3280.8
122   5   -212.8   543.5   3480.1
122   6   -46.4   388.8   3483.2
122   7   149.3   284.4   3397.4
122   8   -344.7   356.8   3529.4
122   9   -341.1   182.8   3536.7
122   10   -425.4   128.9   3535.1
122   11   -419.2   -219.6   3548.2
122   12   -379.4   -526.1   3615.4
122   13   -257.9   127.9   3548.8
122   14   -284.0   -219.6   3563.3
122   15   -302.3   -526.1   3639.4
122   16   -755.8   270.7   3296.8
122   17   116.7   301.8   3411.7
122   18   -344.8   620.5   3454.1
123   0   -349.9   720.2   3458.0
123   1   -344.7   554.5   3472.2
123   2   -476.0   538.1   3456.7
123   3   -602.3   366.7   3376.8
123   4   -786.6   251.4   3280.5
123   5   -212.8   543.4   3480.1
123   6   -46.2   388.7   3483.1
123   7   149.4   284.3   3397.3
123   8   -344.7   356.2   3526.8
123   9   -341.2   182.4   3536.4
123   10   -425.5   129.2   3535.1
123   11   -419.5   -218.4   3546.6
123   12   -379.5   -525.2   3615.3
123   13   -258.0   128.3   3548.8
123   14   -284.4   -218.3   3562.2
123   15   -302.6   -524.9   3640.4
123   16   -755.9   270.6   3296.6
123   17   116.8   301.7   3411.6
123   18   -344.7   620.5   3454.1
124   0   -350.5   720.2   3458.0
124   1   -344.7   554.3   3471.7
124   2   -476.1   538.0   3456.7
124   3   -602.6   366.8   3376.8
124   4   -786.7   251.2   3280.6
124   5   -212.8   543.2   3480.1
124   6   -46.1   388.5   3483.0
124   7   149.5   284.3   3397.2
124   8   -344.7   355.7   3524.5
124   9   -341.3   182.1   3536.1
124   10   -425.6   129.6   3535.1
124   11   -419.8   -217.0   3544.5
124   12   -379.8   -524.0   3615.2
124   13   -258.1   128.8   3548.7
124   14   -284.6   -216.8   3561.0
124   15   -303.2   -522.2   3645.7
124   16   -756.0   270.5   3296.6
124   17   116.9   301.6   3411.5
124   18   -344.7   620.5   3454.1
125   0   -350.9   720.2   3457.9
125   1   -344.7   554.2   3471.3
125   2   -476.2   537.9   3456.7
125   3   -602.9   366.9   3376.7
125   4   -786.8   251.1   3280.6
125   5   -212.8   542.9   3480.1
125   6   -46.1   388.2   3483.0
125   7   149.6   284.2   3397.2
125   8   -344.7   355.4   3522.9
125   9   -341.5   182.0   3535.9
125   10   -425.7   130.0   3535.1
125   11   -420.1   -215.6   3542.4
125   12   -380.1   -522.6   3615.2
125   13   -258.1   129.2   3548.7
125   14   -284.7   -215.3   3558.8
125   15   -302.9   -520.3   3647.1
125   16   -756.2   270.4   3296.6
125   17   117.0   301.6   3411.5
125   18   -344.7   620.5   3454.1
126   0   -351.2   720.2   3457.9
126   1   -344.7   554.2   3471.1
126   2   -476.3   537.9   3456.7
126   3   -603.2   366.9   3376.6
126   4   -787.0   251.0   3280.5
126   5   -212.7   542.8   3480.1
126   6   -45.9   388.1   3483.0
126   7   149.7   284.1   3397.1
126   8   -344.7   355.4   3522.2
126   9   -341.6   182.1   3535.8
126   10   -425.8   130.1   3535.1
126   11   -420.5   -214.4   3542.3
126   12   -380.4   -519.8   3614.7
126   13   -258.4   129.2   3548.7
126   14   -285.0   -214.3   3557.7
126   15   -302.6   -518.1   3644.0
126   16   -756.3   270.3   3296.5
126   17   117.1   301.5   3411.4
126   18   -344.7   620.5   3454.1
127   0   -351.4   720.2   3457.9
127   1   -344.7   554.1   3471.1
127   2   -476.4   537.8   3456.7
127   3   -603.4   366.9   3376.5
127   4   -787.1   250.9   3280.5
127   5   -212.6   542.7   3480.0
127   6   -45.7   388.1   3483.1
127   7   149.8   284.1   3397.0
127   8   -344.8   355.6   3522.2
127   9   -341.7   182.4   3535.8
127   10   -425.7   130.2   3535.2
127   11   -420.9   -213.4   3542.4
127   12   -380.5   -518.5   3614.4
127   13   -258.7   129.4   3548.7
127   14   -285.0   -213.2   3557.3
127   15   -302.3   -518.0   3638.8
127   16   -756.5   270.2   3296.5
127   17   117.2   301.4   3411.3
127   18   -344.7   620.5   3454.1
128   0   -351.5   720.2   3457.9
128   1   -344.7   554.1   3471.2
128   2   -476.4   537.7   3456.7
128   3   -603.6   367.0   3376.4
128   4   -787.3   250.7   3280.4
128   5   -212.5   542.6   3480.0
128   6   -45.5   388.1   3483.2
128   7   150.0   284.0   3397.0
128   8   -344.8   355.7   3522.4
128   9   -341.8   182.8   3535.8
128   10   -425.6   130.4   3535.3
128   11   -421.4   -212.5   3542.4
128   12   -380.7   -516.3   3613.7
128   13   -259.0   129.6   3548.6
128   14   -285.0   -212.2   3557.2
128   15   -302.0   -516.5   3635.7
128   16   -756.7   270.1   3296.4
128   17   117.4   301.4   3411.4
128   18   -344.7   620.5   3454.1
129   0   -351.6   720.2   3457.9
129   1   -344.7   554.1   3471.3
129   2   -476.5   537.7   3456.7
129   3   -603.8   367.0   3376.2
129   4   -787.5   250.5   3280.3
129   5   -212.4   542.6   3479.9
129   6   -45.3   388.0   3483.3
129   7   150.3   284.0   3397.3
129   8   -344.8   355.9   3522.8
129   9   -341.9   183.3   3535.9
129   10   -425.5   130.6   3535.4
129   11   -422.0   -211.6   3542.3
129   12   -380.9   -514.2   3612.9
129   13   -259.3   130.0   3548.6
129   14   -285.0   -211.2   3557.2
129   15   -301.9   -514.7   3633.9
129   16   -756.9   270.0   3296.3
129   17   117.7   301.3   3411.6
129   18   -344.7   620.5   3454.1
130   0   -351.7   720.2   3457.8
130   1   -344.7   554.2   3471.4
130   2   -476.6   537.6   3456.7
130   3   -604.0   367.0   3376.1
130   4   -787.7   250.4   3280.2
130   5   -212.3   542.5   3479.8
130   6   -45.2   387.9   3483.4
130   7   150.7   284.0   3397.7
130   8   -344.8   356.2   3523.2
130   9   -342.0   184.0   3536.0
130   10   -425.5   130.9   3535.5
130   11   -422.2   -210.5   3542.3
130   12   -381.1   -512.4   3612.2
130   13   -259.5   130.4   3548.6
130   14   -285.0   -210.0   3557.2
130   15   -301.8   -512.8   3632.8
130   16   -757.1   269.8   3296.2
130   17   118.0   301.3   3412.0
130   18   -344.7   620.5   3454.1
131   0   -351.8   720.2   3457.8
131   1   -344.7   554.2   3471.5
131   2   -476.7   537.5   3456.7
131   3   -604.1   366.9   3376.0
131   4   -787.8   250.3   3280.1
131   5   -212.2   542.4   3479.8
131   6   -45.1   387.8   3483.6
131   7   151.0   284.1   3397.8
131   8   -344.8   356.4   3523.7
131   9   -342.1   184.7   3536.0
131   10   -425.4   131.2   3535.7
131   11   -422.2   -209.3   3542.3
131   12   -381.2   -510.4   3611.8
131   13   -259.6   130.9   3548.6
131   14   -285.0   -208.6   3557.2
131   15   -301.7   -511.0   3631.1
131   16   -757.2   269.7   3296.1
131   17   118.3   301.4   3412.1
131   18   -344.7   620.5   3454.1
132   0   -351.9   720.2   3457.8
132   1   -344.7   554.2   3471.7
132   2   -476.8   537.4   3456.7
132   3   -604.2   366.8   3376.0
132   4   -788.0   250.2   3280.1
132   5   -212.1   542.4   3479.8
132   6   -44.9   387.7   3483.9
132   7   151.2   284.4   3397.7
132   8   -344.9   356.5   3524.1
132   9   -342.3   185.4   3536.1
132   10   -425.5   131.6   3535.7
132   11   -422.2   -207.9   3542.3
132   12   -381.1   -508.5   3611.3
132   13   -259.7   131.5   3548.6
132   14   -285.0   -207.1   3557.2
132   15   -301.6   -508.8   3631.0
132   16   -757.4   269.6   3296.0
132   17   118.5   301.6   3412.1
132   18   -344.7   620.5   3454.1
133   0   -352.0   720.3   3457.8
133   1   -344.8   554.2   3471.8
133   2   -476.9   537.3   3456.7
133   3   -604.4   366.6   3376.0
133   4   -788.2   250.1   3280.0
133   5   -211.9   542.3   3479.8
133   6   -44.8   387.6   3484.4
133   7   151.4   284.8   3397.6
133   8   -344.9   356.7   3524.5
133   9   -342.4   186.2   3536.1
133   10   -425.6   132.0   3535.8
133   11   -422.3   -206.4   3542.4
133   12   -380.9   -506.7   3610.7
133   13   -259.8   132.0   3548.6
133   14   -285.1   -205.4   3557.2
133   15   -301.6   -506.9   3630.7
133   16   -757.6   269.5   3296.0
133   17   118.7   301.9   3412.1
133   18   -344.7   620.5   3454.1
134   0   -352.0   720.3   3457.8
134   1   -344.8   554.2   3471.9
134   2   -477.0   537.2   3456.7
134   3   -604.5   366.5   3376.0
134   4   -788.3   250.0   3279.8
134   5   -211.8   542.2   3479.8
134   6   -44.7   387.5   3485.0
134   7   151.5   285.1   3397.5
134   8   -344.9   356.9   3524.9
134   9   -342.5   186.9   3536.1
134   10   -425.7   132.1   3535.8
134   11   -422.2   -205.3   3542.5
134   12   -380.5   -505.3   3610.3
134   13   -259.8   132.2   3548.7
134   14   -285.1   -204.2   3557.2
134   15   -301.7   -505.4   3630.8
134   16   -757.7   269.4   3295.9
134   17   118.8   302.2   3412.1
134   18   -344.7   620.5   3454.1
135   0   -352.0   720.3   3457.7
135   1   -344.8   554.2   3472.0
135   2   -477.1   537.1   3456.7
135   3   -604.7   366.1   3376.6
135   4   -788.4   250.0   3279.5
135   5   -211.7   542.2   3479.8
135   6   -44.6   387.4   3485.8
135   7   151.6   285.4   3397.5
135   8   -344.9   357.1   3525.4
135   9   -342.6   187.5   3536.2
135   10   -425.9   132.1   3535.9
135   11   -422.2   -204.4   3542.6
135   12   -380.8   -505.5   3610.4
135   13   -259.8   132.3   3548.7
135   14   -285.0   -203.2   3557.2
135   15   -301.9   -505.0   3632.4
135   16   -757.8   269.4   3295.7
135   17   118.9   302.4   3412.2
135   18   -344.7   620.5   3454.1
136   0   -352.0   720.3   3457.7
136   1   -344.8   554.3   3472.1
136   2   -477.2   537.0   3456.7
136   3   -605.0   365.7   3377.4
136   4   -788.5   250.0   3279.2
136   5   -211.6   542.1   3479.9
136   6   -44.5   387.3   3486.5
136   7   151.7   285.6   3397.6
136   8   -344.9   357.3   3525.8
136   9   -342.7   188.1   3536.2
136   10   -426.1   132.1   3536.0
136   11   -422.2   -203.7   3542.8
136   12   -381.2   -506.3   3610.6
136   13   -259.8   132.3   3548.8
136   14   -285.0   -202.5   3557.2
136   15   -302.2   -505.2   3634.3
136   16   -758.0   269.3   3295.5
136   17   119.0   302.5   3412.4
136   18   -344.7   620.5   3454.1
137   0   -352.0   720.3   3457.7
137   1   -344.8   554.3   3472.2
137   2   -477.3   536.8   3456.7
137   3   -605.0   365.7   3377.2
137   4   -788.8   249.8   3279.1
137   5   -211.5   542.0   3479.9
137   6   -44.4   387.2   3486.6
137   7   152.1   285.7   3397.7
137   8   -345.0   357.5   3526.2
137   9   -342.8   188.6   3536.2
137   10   -426.3   132.0   3536.0
137   11   -422.2   -203.2   3543.2
137   12   -381.4   -507.4   3610.8
137   13   -259.9   132.2   3548.9
137   14   -284.9   -202.0   3557.2
137   15   -302.4   -505.9   3635.5
137   16   -758.1   269.1   3295.4
137   17   119.4   302.6   3412.5
137   18   -344.7   620.5   3454.1
138   0   -352.0   720.3   3457.7
138   1   -344.8   554.3   3472.3
138   2   -477.3   536.7   3456.7
138   3   -604.9   365.7   3376.4
138   4   -789.0   249.6   3279.2
138   5   -211.4   542.0   3479.9
138   6   -44.3   387.1   3486.7
138   7   152.3   285.8   3397.7
138   8   -345.0   357.6   3526.5
138   9   -342.9   189.0   3536.2
138   10   -426.5   131.9   3536.2
138   11   -422.2   -202.8   3543.6
138   12   -381.4   -507.1   3610.7
138   13   -259.9   132.1   3549.0
138   14   -284.9   -201.7   3557.2
138   15   -302.2   -505.5   3635.2
138   16   -758.3   269.0   3295.4
138   17   119.6   302.7   3412.5
138   18   -344.7   620.5   3454.1
139   0   -352.0   720.3   3457.7
139   1   -344.8   554.3   3472.4
139   2   -477.4   536.6   3456.7
139   3   -604.9   365.7   3376.0
139   4   -789.1   249.5   3279.3
139   5   -211.3   541.9   3479.9
139   6   -44.2   386.9   3486.9
139   7   152.6   286.1   3397.9
139   8   -345.0   357.8   3526.9
139   9   -343.1   189.4   3536.3
139   10   -426.8   131.7   3536.3
139   11   -422.2   -202.5   3543.9
139   12   -381.4   -507.4   3610.8
139   13   -260.0   131.9   3549.2
139   14   -284.9   -201.5   3557.2
139   15   -302.5   -505.3   3637.8
139   16   -758.4   268.9   3295.4
139   17   119.8   302.9   3412.7
139   18   -344.7   620.5   3454.1
140   0   -352.0   720.3   3457.7
140   1   -344.8   554.3   3472.5
140   2   -477.5   536.4   3456.7
140   3   -604.9   365.6   3375.8
140   4   -789.2   249.4   3279.3
140   5   -211.1   541.8   3480.0
140   6   -44.1   386.9   3487.2
140   7   152.8   286.6   3398.1
140   8   -345.0   357.9   3527.1
140   9   -343.2   189.7   3536.3
140   10   -427.1   131.6   3536.4
140   11   -422.2   -202.5   3544.4
140   12   -381.3   -508.3   3610.9
140   13   -260.2   131.5   3549.5
140   14   -284.9   -201.7   3557.2
140   15   -303.1   -504.7   3643.7
140   16   -758.5   268.8   3295.4
140   17   120.0   303.3   3412.9
140   18   -344.7   620.5   3454.1
141   0   -352.0   720.3   3457.6
141   1   -344.8   554.3   3472.5
141   2   -477.5   536.3   3456.7
141   3   -605.0   365.3   3376.0
141   4   -789.3   249.4   3279.2
141   5   -211.0   541.8   3480.0
141   6   -44.0   386.8   3487.8
141   7   152.8   286.8   3398.1
141   8   -345.0   358.0   3527.2
141   9   -343.3   189.9   3536.3
141   10   -427.3   131.5   3536.6
141   11   -422.2   -202.5   3544.8
141   12   -381.5   -507.5   3610.7
141   13   -260.2   131.3   3549.7
141   14   -284.8   -201.8   3557.2
141   15   -302.8   -503.1   3645.8
141   16   -758.5   268.7   3295.3
141   17   120.0   303.5   3413.0
141   18   -344.7   620.5   3454.1
142   0   -350.3   720.4   3457.9
142   1   -344.8   554.3   3472.5
142   2   -477.6   536.1   3456.9
142   3   -604.9   365.2   3376.1
142   4   -789.2   249.5   3279.1
142   5   -210.7   542.2   3480.3
142   6   -44.1   386.8   3488.5
142   7   152.5   287.1   3398.0
142   8   -345.0   358.1   3527.3
142   9   -343.4   190.1   3536.5
142   10   -427.5   131.4   3536.7
142   11   -422.1   -202.5   3544.9
142   12   -381.8   -506.2   3610.5
142   13   -260.1   131.2   3549.9
142   14   -284.8   -201.8   3557.2
142   15   -302.0   -503.9   3637.7
142   16   -758.5   268.8   3295.3
142   17   119.7   303.7   3413.1
142   18   -344.7   620.5   3454.1
143   0   -347.6   720.5   3458.1
143   1   -344.8   554.3   3472.5
143   2   -477.6   536.0   3457.0
143   3   -604.9   365.1   3376.1
143   4   -789.2   249.5   3279.1
143   5   -210.2   542.9   3480.8
143   6   -44.2   386.8   3489.3
143   7   152.1   287.4   3398.0
143   8   -345.0   358.2   3527.3
143   9   -343.4   190.3   3536.7
143   10   -427.7   131.3   3536.8
143   11   -422.1   -202.5   3544.7
143   12   -381.9   -506.4   3610.4
143   13   -260.0   131.2   3550.2
143   14   -284.8   -201.8   3557.2
143   15   -302.4   -504.7   3635.7
143   16   -758.5   268.8   3295.3
143   17   119.3   304.0   3413.2
143   18   -344.7   620.5   3454.1
144   0   -344.9   720.6   3458.2
144   1   -344.7   554.3   3472.5
144   2   -477.6   535.9   3457.0
144   3   -604.9   364.9   3376.1
144   4   -789.2   249.5   3279.0
144   5   -209.6   543.7   3480.8
144   6   -44.4   386.9   3490.1
144   7   151.6   287.7   3398.0
144   8   -344.9   358.4   3527.3
144   9   -343.4   190.4   3537.0
144   10   -427.8   131.2   3536.8
144   11   -422.0   -202.5   3544.4
144   12   -381.9   -507.1   3610.6
144   13   -259.8   131.1   3550.2
144   14   -284.8   -201.7   3557.2
144   15   -303.1   -504.5   3639.4
144   16   -758.5   268.8   3295.2
144   17   118.9   304.3   3413.4
144   18   -344.7   620.5   3454.1
145   0   -343.0   720.6   3458.3
145   1   -344.7   554.3   3472.5
145   2   -477.6   535.8   3457.0
145   3   -604.9   364.8   3376.2
145   4   -789.2   249.6   3279.0
145   5   -209.3   544.1   3480.8
145   6   -44.4   386.9   3490.8
145   7   151.5   288.3   3398.2
145   8   -344.9   358.5   3527.3
145   9   -343.4   190.5   3537.1
145   10   -427.9   131.1   3536.8
145   11   -422.0   -202.6   3544.2
145   12   -381.9   -508.1   3611.4
145   13   -259.7   131.0   3550.1
145   14   -284.8   -201.8   3557.2
145   15   -303.2   -504.4   3643.9
145   16   -758.4   268.8   3295.2
145   17   118.8   304.7   3413.7
145   18   -344.6   620.5   3454.1
146   0   -341.9   720.6   3458.3
146   1   -344.7   554.3   3472.5
146   2   -477.7   535.7   3457.1
146   3   -604.8   364.6   3376.3
146   4   -789.1   249.6   3279.0
146   5   -209.1   544.2   3480.9
146   6   -44.4   386.9   3491.8
146   7   151.5   289.0   3398.5
146   8   -344.9   358.6   3527.3
146   9   -343.4   190.6   3537.3
146   10   -427.9   131.0   3536.8
146   11   -422.0   -202.6   3544.2
146   12   -381.9   -509.0   3612.2
146   13   -259.6   131.0   3550.1
146   14   -284.8   -201.8   3557.4
146   15   -303.0   -505.2   3645.2
146   16   -758.4   268.8   3295.2
146   17   118.9   305.3   3414.0
146   18   -344.6   620.5   3454.1
147   0   -341.4   720.5   3458.3
147   1   -344.6   554.3   3472.6
147   2   -477.7   535.7   3457.1
147   3   -604.8   364.5   3376.3
147   4   -789.2   249.6   3278.9
147   5   -209.0   544.1   3480.9
147   6   -44.3   386.9   3492.6
147   7   151.8   289.6   3398.8
147   8   -344.9   358.7   3527.2
147   9   -343.4   190.7   3537.3
147   10   -428.0   131.0   3536.8
147   11   -421.9   -202.9   3544.3
147   12   -381.9   -509.9   3613.4
147   13   -259.5   130.9   3550.1
147   14   -284.7   -202.0   3557.6
147   15   -302.9   -506.5   3644.9
147   16   -758.5   268.7   3295.2
147   17   119.1   305.8   3414.4
147   18   -344.5   620.5   3454.1
148   0   -341.2   720.5   3458.3
148   1   -344.6   554.3   3472.6
148   2   -477.7   535.7   3457.1
148   3   -604.7   364.4   3376.3
148   4   -789.3   249.5   3278.9
148   5   -208.8   544.2   3480.8
148   6   -44.1   386.9   3492.5
148   7   152.2   289.6   3398.9
148   8   -344.8   358.8   3527.2
148   9   -343.4   190.8   3537.4
148   10   -428.1   130.9   3536.8
148   11   -421.9   -203.2   3544.4
148   12   -381.8   -510.7   3614.7
148   13   -259.4   130.9   3550.1
148   14   -284.7   -202.3   3557.9
148   15   -302.8   -508.1   3643.3
148   16   -758.5   268.6   3295.1
148   17   119.5   305.8   3414.5
148   18   -344.5   620.5   3454.1
