2   0   165.3   769.2   3826.0
2   1   168.5   566.7   3831.9
2   2   14.2   564.9   3868.2
2   3   -43.0   297.7   3836.4
2   4   142.3   444.8   3649.8
2   5   325.1   560.0   3805.7
2   6   342.3   294.3   3736.6
2   7   83.8   387.8   3613.0
2   8   172.0   305.3   3873.7
2   9   170.6   106.0   3884.4
2   10   69.9   17.9   3920.0
2   11   71.5   -427.3   3961.0
2   12   69.4   -813.7   3945.9
2   13   276.0   20.9   3909.6
2   14   262.9   -425.5   3929.4
2   15   252.3   -811.3   3954.6
2   16   111.4   420.3   3680.9
2   17   126.9   372.2   3633.6
2   18   167.3   648.5   3818.8
3   0   166.3   770.2   3826.3
3   1   169.1   567.7   3831.7
3   2   14.9   566.0   3867.6
3   3   -43.2   299.0   3835.7
3   4   142.6   448.2   3651.2
3   5   325.4   560.4   3804.1
3   6   342.9   294.6   3735.5
3   7   84.4   388.7   3612.2
3   8   172.1   306.6   3873.6
3   9   170.8   107.1   3883.4
3   10   70.9   20.2   3919.2
3   11   70.8   -425.0   3959.4
3   12   67.7   -811.3   3943.8
3   13   276.5   24.0   3906.8
3   14   263.2   -422.3   3928.2
3   15   252.7   -808.2   3949.8
3   16   111.6   423.3   3681.9
3   17   127.5   373.0   3632.8
3   18   168.2   649.5   3818.6
4   0   168.8   772.8   3827.1
4   1   170.7   570.4   3831.2
4   2   17.0   568.6   3866.3
4   3   -44.1   302.3   3834.1
4   4   141.6   455.3   3652.9
4   5   326.0   561.7   3800.7
4   6   345.9   294.9   3736.8
4   7   92.4   400.2   3613.6
4   8   172.4   310.3   3873.0
4   9   171.4   110.4   3880.4
4   10   73.8   24.8   3915.2
4   11   70.3   -418.8   3957.0
4   12   64.0   -805.1   3940.4
4   13   275.1   28.4   3902.0
4   14   264.1   -416.6   3920.3
4   15   252.9   -802.4   3944.4
4   16   110.7   429.8   3683.1
4   17   134.6   382.7   3634.2
4   18   170.2   652.2   3818.0
5   0   172.1   776.0   3827.9
5   1   172.9   573.9   3830.2
5   2   20.3   571.6   3865.3
5   3   -45.4   306.4   3833.6
5   4   139.2   464.9   3656.0
5   5   327.0   563.5   3797.0
5   6   351.4   295.6   3740.4
5   7   109.8   423.3   3616.3
5   8   172.9   315.2   3871.9
5   9   172.1   114.5   3876.9
5   10   76.7   28.7   3911.2
5   11   71.4   -413.7   3955.3
5   12   60.6   -799.7   3935.5
5   13   273.6   31.8   3897.5
5   14   265.0   -412.2   3916.8
5   15   252.0   -798.1   3937.2
5   16   108.5   438.5   3685.6
5   17   150.1   402.0   3637.0
5   18   172.8   655.7   3817.0
6   0   174.5   778.2   3828.4
6   1   174.3   576.2   3829.1
6   2   22.8   573.8   3864.4
6   3   -45.2   309.1   3833.5
6   4   139.9   467.0   3655.8
6   5   327.0   564.2   3793.9
6   6   355.8   295.5   3743.0
6   7   126.4   444.9   3619.8
6   8   173.3   318.2   3870.6
6   9   172.6   117.2   3874.4
6   10   77.9   30.7   3908.7
6   11   72.3   -411.0   3953.1
6   12   60.0   -796.9   3931.3
6   13   273.8   34.0   3894.3
6   14   265.3   -409.3   3916.4
6   15   251.1   -795.4   3930.2
6   16   109.1   440.7   3685.4
6   17   164.6   420.0   3640.4
6   18   174.7   658.0   3815.9
7   0   175.7   779.3   3828.5
7   1   175.1   577.3   3828.3
7   2   24.1   575.0   3864.0
7   3   -44.6   310.3   3833.6
7   4   139.9   469.9   3656.7
7   5   326.6   563.9   3792.5
7   6   358.3   295.1   3743.2
7   7   135.4   456.5   3621.1
7   8   173.5   318.9   3869.5
7   9   172.9   118.1   3873.0
7   10   77.9   30.7   3907.9
7   11   72.0   -411.1   3952.9
7   12   59.3   -796.8   3929.4
7   13   274.8   34.3   3892.6
7   14   264.8   -409.0   3917.0
7   15   250.8   -795.3   3924.0
7   16   109.2   443.3   3686.2
7   17   172.6   429.6   3641.4
7   18   175.5   659.1   3815.3
8   0   176.1   779.7   3828.5
8   1   175.3   577.7   3827.8
8   2   24.6   575.5   3863.7
8   3   -44.0   310.8   3833.6
8   4   141.6   468.3   3656.0
8   5   325.9   563.3   3792.0
8   6   359.1   295.2   3739.9
8   7   136.3   459.2   3619.9
8   8   173.6   318.0   3868.6
8   9   173.0   117.6   3872.4
8   10   77.3   29.5   3908.0
8   11   71.7   -411.7   3952.5
8   12   58.2   -797.5   3929.6
8   13   276.2   33.6   3891.7
8   14   264.1   -409.2   3913.4
8   15   250.7   -795.7   3916.0
8   16   110.7   442.0   3685.6
8   17   173.4   431.9   3639.9
8   18   175.8   659.6   3815.0
9   0   176.1   779.8   3828.3
9   1   175.3   577.8   3827.6
9   2   24.7   575.7   3863.6
9   3   -44.0   311.1   3833.1
9   4   139.2   474.1   3658.1
9   5   325.2   562.4   3791.8
9   6   360.0   296.6   3730.6
9   7   133.4   461.6   3619.6
9   8   173.6   316.6   3868.0
9   9   173.0   116.5   3872.3
9   10   76.3   28.3   3908.4
9   11   72.4   -412.7   3951.3
9   12   57.7   -798.6   3931.0
9   13   277.5   32.8   3891.7
9   14   263.4   -409.6   3912.9
9   15   250.8   -796.1   3913.4
9   16   108.6   447.0   3687.3
9   17   171.1   434.1   3638.1
9   18   175.8   659.6   3814.9
10   0   176.0   779.7   3828.0
10   1   175.2   577.7   3827.4
10   2   24.5   575.9   3863.5
10   3   -46.2   311.9   3832.2
10   4   133.1   484.8   3663.0
10   5   324.5   561.6   3791.7
10   6   365.0   300.7   3716.0
10   7   130.3   464.1   3621.9
10   8   173.6   315.3   3867.8
10   9   173.0   115.4   3872.3
10   10   75.8   28.0   3908.4
10   11   73.3   -413.0   3951.6
10   12   57.6   -798.9   3932.5
10   13   278.0   32.6   3891.8
10   14   262.7   -409.9   3911.4
10   15   251.3   -796.4   3914.5
10   16   103.2   455.9   3691.2
10   17   169.4   436.8   3637.6
10   18   175.8   659.6   3814.8
11   0   175.9   779.7   3827.8
11   1   175.2   577.6   3827.4
11   2   24.1   576.1   3863.4
11   3   -58.8   316.2   3830.3
11   4   126.8   489.0   3667.2
11   5   324.5   561.7   3791.9
11   6   385.4   308.7   3705.4
11   7   139.3   462.5   3624.6
11   8   173.6   314.4   3867.7
11   9   173.0   114.6   3872.4
11   10   75.6   28.3   3908.2
11   11   73.1   -413.4   3952.1
11   12   58.0   -799.3   3934.1
11   13   278.0   32.8   3891.8
11   14   262.4   -410.4   3910.7
11   15   251.9   -796.9   3914.4
11   16   95.9   460.2   3694.4
11   17   180.3   436.8   3638.1
11   18   175.6   659.5   3814.8
12   0   175.8   779.6   3827.6
12   1   175.1   577.5   3827.4
12   2   23.7   576.3   3863.3
12   3   -95.1   333.8   3825.3
12   4   115.1   486.1   3672.5
12   5   325.4   562.8   3792.5
12   6   413.6   323.4   3693.5
12   7   161.1   476.3   3626.6
12   8   173.6   313.9   3867.8
12   9   173.0   114.2   3872.6
12   10   75.6   29.1   3908.1
12   11   72.5   -413.6   3952.4
12   12   58.5   -799.5   3934.4
12   13   277.7   33.3   3891.7
12   14   262.3   -411.0   3910.5
12   15   252.1   -797.5   3914.4
12   16   80.1   460.7   3697.9
12   17   203.2   450.9   3637.8
12   18   175.6   659.4   3814.9
13   0   175.7   779.6   3827.5
13   1   175.0   577.5   3827.6
13   2   23.1   576.4   3863.2
13   3   -139.1   366.4   3810.4
13   4   95.2   490.6   3667.9
13   5   327.8   565.2   3796.4
13   6   446.3   351.5   3675.5
13   7   188.4   502.0   3623.0
13   8   173.6   313.9   3868.0
13   9   173.0   114.3   3872.7
13   10   75.8   30.5   3907.9
13   11   72.3   -413.2   3953.4
13   12   58.6   -799.0   3934.3
13   13   277.1   34.1   3891.6
13   14   262.2   -411.3   3910.4
13   15   252.3   -797.7   3914.6
13   16   56.2   469.9   3691.6
13   17   231.4   476.9   3631.7
13   18   175.5   659.4   3815.0
14   0   175.6   779.7   3827.2
14   1   175.0   577.5   3828.9
14   2   22.3   576.4   3863.6
14   3   -176.0   407.5   3790.3
14   4   58.8   512.5   3632.7
14   5   329.9   566.7   3806.9
14   6   466.8   396.6   3647.1
14   7   198.6   510.6   3574.1
14   8   173.6   314.6   3869.3
14   9   173.0   115.1   3872.8
14   10   76.3   32.2   3907.8
14   11   72.0   -412.2   3955.3
14   12   58.5   -797.9   3933.8
14   13   276.0   35.0   3891.5
14   14   262.2   -411.3   3910.9
14   15   252.3   -797.8   3915.4
14   16   19.7   495.0   3659.0
14   17   243.3   491.7   3586.3
14   18   175.5   659.3   3816.3
15   0   175.5   779.9   3826.6
15   1   175.0   577.4   3831.9
15   2   21.2   576.3   3864.5
15   3   -205.1   447.0   3783.2
15   4   -15.9   540.5   3576.3
15   5   331.4   568.1   3815.9
15   6   481.0   435.6   3630.1
15   7   254.8   496.4   3469.6
15   8   173.5   316.0   3871.5
15   9   173.0   116.4   3873.0
15   10   76.3   35.7   3907.8
15   11   71.9   -409.4   3956.6
15   12   58.6   -795.0   3933.5
15   13   274.5   36.3   3891.4
15   14   262.3   -410.8   3911.1
15   15   252.2   -797.2   3917.1
15   16   -47.4   524.9   3610.8
15   17   292.4   486.4   3496.3
15   18   175.4   659.3   3819.5
16   0   175.5   780.0   3825.7
16   1   175.0   577.4   3836.5
16   2   19.7   579.4   3870.6
16   3   -230.9   483.4   3817.2
16   4   -113.5   550.1   3562.1
16   5   332.7   569.7   3820.2
16   6   499.8   461.0   3630.1
16   7   360.4   482.1   3392.4
16   8   173.6   317.7   3875.1
16   9   173.1   118.2   3873.9
16   10   76.0   38.7   3908.1
16   11   71.9   -402.7   3956.5
16   12   59.0   -788.4   3934.2
16   13   273.4   37.3   3891.5
16   14   262.5   -406.1   3912.1
16   15   252.3   -792.4   3918.6
16   16   -133.0   539.0   3604.6
16   17   383.4   478.7   3432.0
16   18   175.4   659.3   3824.3
17   0   175.5   779.9   3825.0
17   1   175.0   577.4   3841.7
17   2   18.0   585.0   3879.1
17   3   -246.8   515.8   3863.3
17   4   -206.3   557.0   3579.2
17   5   333.9   571.7   3821.9
17   6   521.3   482.3   3640.0
17   7   310.9   502.3   3550.4
17   8   173.7   320.0   3880.4
17   9   173.1   120.2   3875.6
17   10   76.0   39.7   3908.2
17   11   72.0   -396.5   3955.4
17   12   59.7   -782.2   3934.6
17   13   272.8   37.8   3891.9
17   14   262.8   -400.2   3914.3
17   15   252.5   -786.5   3916.9
17   16   -213.0   550.1   3626.5
17   17   345.3   498.9   3565.3
17   18   175.4   659.3   3829.4
18   0   175.5   779.7   3824.5
18   1   175.0   577.5   3846.3
18   2   15.6   591.2   3884.6
18   3   -256.3   542.2   3880.1
18   4   -301.4   572.4   3592.5
18   5   335.1   574.6   3822.1
18   6   533.6   510.6   3640.9
18   7   475.7   507.5   3449.1
18   8   173.8   322.5   3885.8
18   9   173.2   122.3   3878.3
18   10   75.7   40.1   3908.6
18   11   72.0   -390.9   3954.9
18   12   60.0   -776.6   3933.6
18   13   272.6   38.0   3892.7
18   14   262.9   -394.7   3914.2
18   15   253.0   -781.1   3913.7
18   16   -293.9   567.4   3640.5
18   17   484.3   507.9   3481.1
18   18   175.4   659.3   3833.6
19   0   175.5   779.6   3824.2
19   1   175.1   577.6   3849.1
19   2   14.0   594.6   3886.0
19   3   -260.3   562.3   3871.5
19   4   -389.7   593.0   3605.4
19   5   336.4   578.0   3821.4
19   6   532.0   528.2   3632.7
19   7   591.1   518.2   3393.0
19   8   174.0   325.2   3889.9
19   9   173.2   124.2   3880.9
19   10   75.4   40.3   3908.9
19   11   72.1   -386.2   3952.6
19   12   60.1   -771.8   3929.7
19   13   272.5   38.2   3893.7
19   14   263.1   -389.9   3913.8
19   15   253.4   -776.1   3906.0
19   16   -368.3   587.9   3649.8
19   17   580.7   519.8   3433.0
19   18   175.4   659.3   3835.9
20   0   175.5   779.6   3824.2
20   1   175.1   577.8   3850.7
20   2   12.7   597.7   3885.4
20   3   -260.5   572.5   3854.7
20   4   -453.4   612.9   3625.3
20   5   337.8   582.2   3820.5
20   6   524.3   539.5   3621.8
20   7   661.2   537.2   3372.1
20   8   174.2   328.1   3892.2
20   9   173.2   126.0   3882.6
20   10   74.9   41.3   3909.2
20   11   72.1   -381.3   3953.1
20   12   60.2   -766.3   3923.6
20   13   272.4   39.1   3894.7
20   14   263.2   -385.3   3913.9
20   15   253.7   -771.1   3896.9
20   16   -421.3   606.2   3663.6
20   17   638.2   537.5   3413.7
20   18   175.4   659.4   3837.1
21   0   175.5   779.8   3824.1
21   1   175.1   578.1   3851.3
21   2   10.7   602.0   3882.5
21   3   -261.3   578.8   3842.9
21   4   -492.3   625.1   3646.3
21   5   338.1   584.2   3819.1
21   6   523.4   547.0   3618.4
21   7   698.8   552.5   3369.8
21   8   174.2   331.0   3893.1
21   9   173.2   127.7   3883.8
21   10   74.0   43.3   3909.5
21   11   72.0   -376.2   3953.4
21   12   60.3   -761.0   3921.3
21   13   272.5   40.5   3896.3
21   14   263.4   -380.9   3914.0
21   15   253.8   -766.7   3897.1
21   16   -453.8   617.3   3679.1
21   17   669.6   551.6   3411.3
21   18   175.4   659.8   3837.5
22   0   175.5   781.3   3824.3
22   1   175.1   579.5   3850.0
22   2   9.2   606.0   3878.0
22   3   -262.6   584.8   3838.6
22   4   -522.4   631.8   3674.6
22   5   336.9   585.8   3810.7
22   6   532.3   552.9   3619.9
22   7   722.0   564.4   3370.8
22   8   174.3   334.6   3892.1
22   9   173.1   130.2   3884.3
22   10   73.3   46.0   3909.7
22   11   71.9   -371.2   3952.9
22   12   60.3   -755.9   3920.7
22   13   272.3   42.7   3898.1
22   14   263.5   -376.3   3914.6
22   15   254.0   -762.3   3901.8
22   16   -479.1   623.9   3701.9
22   17   690.5   562.4   3412.3
22   18   175.4   661.1   3835.9
23   0   175.5   784.4   3825.0
23   1   175.1   582.3   3846.0
23   2   9.2   610.5   3876.4
23   3   -262.9   589.6   3841.5
23   4   -538.6   633.7   3699.8
23   5   334.8   587.4   3798.2
23   6   541.6   556.2   3620.2
23   7   742.5   570.2   3377.6
23   8   174.3   338.8   3888.1
23   9   173.0   133.6   3884.0
23   10   73.1   48.6   3909.7
23   11   71.9   -366.6   3953.6
23   12   60.3   -751.3   3920.4
23   13   272.1   44.9   3898.5
23   14   263.6   -372.3   3914.5
23   15   254.1   -758.3   3904.9
23   16   -492.6   626.4   3723.4
23   17   709.0   567.8   3418.0
23   18   175.4   663.9   3831.9
24   0   175.5   788.3   3824.5
24   1   175.1   586.0   3839.5
24   2   10.5   613.5   3875.2
24   3   -262.4   591.3   3853.5
24   4   -543.5   634.1   3724.5
24   5   332.8   588.8   3786.1
24   6   549.1   557.0   3620.0
24   7   760.1   573.6   3388.9
24   8   174.3   342.8   3880.4
24   9   173.0   137.3   3882.5
24   10   72.4   51.3   3909.7
24   11   71.8   -362.5   3954.0
24   12   60.4   -747.1   3920.6
24   13   272.6   47.2   3898.2
24   14   263.7   -368.5   3914.3
24   15   254.2   -754.5   3905.4
24   16   -496.7   627.0   3746.0
24   17   724.9   570.9   3427.4
24   18   175.4   667.6   3825.8
25   0   175.5   791.8   3822.9
25   1   175.1   589.4   3833.0
25   2   12.1   615.2   3874.1
25   3   -261.2   591.4   3864.0
25   4   -543.2   633.0   3741.7
25   5   332.2   589.5   3780.9
25   6   551.2   556.9   3618.1
25   7   771.7   575.1   3400.4
25   8   174.3   345.8   3872.0
25   9   172.9   140.3   3879.5
25   10   71.5   54.6   3909.8
25   11   71.8   -358.0   3953.9
25   12   60.6   -742.7   3921.0
25   13   273.9   50.5   3897.3
25   14   264.1   -364.0   3913.9
25   15   254.4   -750.0   3905.6
25   16   -496.2   626.1   3762.1
25   17   734.9   572.1   3436.7
25   18   175.4   671.1   3819.9
26   0   175.5   794.1   3820.0
26   1   175.1   591.6   3828.0
26   2   13.3   615.8   3873.3
26   3   -260.1   590.8   3874.3
26   4   -541.0   631.7   3755.2
26   5   332.5   589.7   3780.0
26   6   551.8   555.9   3617.8
26   7   779.6   576.2   3411.8
26   8   174.3   347.4   3865.2
26   9   172.8   141.9   3875.3
26   10   71.7   55.9   3909.4
26   11   71.8   -355.7   3954.3
26   12   60.7   -740.3   3922.2
26   13   274.0   51.7   3895.9
26   14   264.2   -361.8   3913.8
26   15   254.5   -747.8   3905.4
26   16   -494.2   624.9   3775.0
26   17   741.6   572.8   3446.1
26   18   175.4   673.4   3815.5
27   0   175.5   795.3   3815.8
27   1   175.1   592.8   3824.7
27   2   14.1   615.8   3872.6
27   3   -259.1   589.9   3883.7
27   4   -533.3   629.8   3760.5
27   5   333.0   589.6   3779.6
27   6   552.9   554.3   3618.6
27   7   781.2   576.6   3420.2
27   8   174.3   348.0   3861.5
27   9   172.7   142.6   3871.4
27   10   72.5   55.9   3908.8
27   11   71.8   -354.9   3954.5
27   12   60.8   -739.6   3922.9
27   13   273.4   51.3   3894.6
27   14   264.3   -361.4   3913.4
27   15   254.6   -747.4   3905.7
27   16   -487.6   623.2   3781.0
27   17   743.2   572.8   3453.2
27   18   175.4   674.6   3812.4
28   0   175.5   795.8   3813.2
28   1   175.1   593.3   3823.0
28   2   14.3   615.4   3872.1
28   3   -258.8   588.7   3887.0
28   4   -526.8   628.0   3760.7
28   5   333.5   589.3   3779.8
28   6   553.5   552.6   3619.4
28   7   779.8   576.2   3425.2
28   8   174.3   348.1   3859.9
28   9   172.6   142.7   3868.3
28   10   73.5   54.5   3908.1
28   11   72.1   -355.7   3953.2
28   12   60.8   -740.4   3923.0
28   13   272.3   49.8   3893.9
28   14   264.1   -362.4   3913.6
28   15   254.6   -748.3   3905.8
28   16   -482.1   621.5   3781.8
28   17   742.1   572.3   3457.5
28   18   175.4   675.1   3810.7
29   0   175.5   795.9   3811.8
29   1   175.1   593.5   3822.3
29   2   14.1   614.9   3871.7
29   3   -258.8   587.3   3887.3
29   4   -522.9   626.4   3760.3
29   5   334.0   588.9   3780.1
29   6   553.8   550.7   3620.0
29   7   776.4   575.7   3426.8
29   8   174.3   347.7   3859.3
29   9   172.5   142.4   3866.6
29   10   74.6   51.7   3907.4
29   11   72.3   -358.1   3951.4
29   12   60.7   -742.9   3922.9
29   13   271.0   47.0   3893.3
29   14   263.9   -364.6   3913.5
29   15   254.5   -750.5   3905.8
29   16   -478.9   619.9   3781.5
29   17   739.3   571.6   3459.0
29   18   175.4   675.3   3810.0
