2   0   21.3   500.4   3633.2
2   1   17.1   329.5   3637.2
2   2   -128.7   309.7   3637.7
2   3   -87.7   94.4   3530.6
2   4   20.8   334.8   3487.2
2   5   163.3   312.3   3664.0
2   6   138.1   109.1   3531.4
2   7   -26.4   -86.4   3609.8
2   8   11.3   96.0   3678.7
2   9   7.9   -67.8   3683.8
2   10   -92.8   -140.0   3715.2
2   11   -77.0   -504.1   3705.1
2   12   -14.2   -834.1   3773.8
2   13   106.9   -140.4   3716.0
2   14   86.3   -504.2   3705.9
2   15   10.2   -832.8   3767.8
2   16   2.7   294.7   3494.5
2   17   1.0   -53.8   3596.8
2   18   18.9   401.8   3624.3
3   0   21.3   502.5   3632.7
3   1   17.3   331.3   3637.1
3   2   -128.3   311.3   3635.1
3   3   -91.7   94.7   3529.5
3   4   20.4   332.8   3484.1
3   5   163.5   313.3   3659.2
3   6   139.5   107.3   3531.3
3   7   -11.4   -95.1   3612.1
3   8   11.7   98.2   3679.9
3   9   8.0   -66.0   3687.0
3   10   -91.7   -137.9   3716.4
3   11   -76.9   -502.7   3709.2
3   12   -10.5   -833.1   3765.2
3   13   105.4   -138.9   3718.1
3   14   85.3   -503.5   3708.2
3   15   12.7   -833.7   3761.9
3   16   1.7   293.1   3491.7
3   17   13.8   -61.4   3598.6
3   18   19.1   403.6   3623.9
4   0   21.2   509.2   3631.7
4   1   18.0   337.4   3637.0
4   2   -126.0   315.7   3633.2
4   3   -99.5   96.8   3530.2
4   4   18.6   329.6   3475.9
4   5   162.0   316.3   3654.0
4   6   148.3   105.5   3534.0
4   7   33.2   -112.8   3616.0
4   8   13.2   105.9   3683.3
4   9   8.5   -60.4   3696.3
4   10   -87.5   -132.8   3719.6
4   11   -74.7   -498.5   3714.4
4   12   0.1   -828.6   3741.1
4   13   101.2   -135.3   3722.2
4   14   86.0   -500.7   3707.5
4   15   13.1   -832.5   3742.8
4   16   -1.1   290.8   3485.0
4   17   52.4   -76.5   3602.3
4   18   19.5   409.4   3622.6
5   0   20.8   518.4   3631.1
5   1   18.7   345.5   3636.9
5   2   -122.4   321.1   3631.0
5   3   -107.2   99.3   3532.1
5   4   16.0   326.6   3467.0
5   5   159.0   320.1   3647.9
5   6   154.5   101.5   3542.2
5   7   89.8   -135.4   3622.9
5   8   15.2   115.8   3686.9
5   9   9.3   -54.2   3706.4
5   10   -82.9   -127.9   3722.5
5   11   -95.9   -490.0   3685.9
5   12   20.4   -804.8   3726.1
5   13   97.1   -131.7   3725.9
5   14   83.7   -497.9   3711.1
5   15   16.6   -831.6   3705.9
5   16   -4.5   288.7   3477.9
5   17   100.6   -95.9   3609.4
5   18   19.8   417.3   3621.3
6   0   20.1   524.9   3630.9
6   1   19.2   350.8   3636.6
6   2   -119.7   324.9   3629.2
6   3   -111.6   100.6   3534.4
6   4   13.5   324.9   3461.7
6   5   156.5   322.8   3644.0
6   6   155.3   100.7   3544.2
6   7   133.3   -145.0   3632.9
6   8   16.6   121.7   3688.5
6   9   9.9   -52.2   3712.2
6   10   -80.8   -128.6   3724.7
6   11   -105.8   -488.0   3664.7
6   12   36.2   -787.9   3735.8
6   13   96.2   -132.6   3728.7
6   14   85.6   -498.8   3709.4
6   15   18.1   -833.4   3683.9
6   16   -7.3   287.5   3473.8
6   17   137.0   -104.1   3618.1
6   18   20.1   422.5   3620.4
7   0   19.4   528.1   3630.9
7   1   19.5   353.0   3636.2
7   2   -118.2   326.9   3627.8
7   3   -113.3   100.8   3536.5
7   4   12.5   323.5   3459.3
7   5   155.0   324.3   3642.0
7   6   156.4   102.6   3540.3
7   7   150.4   -144.0   3640.6
7   8   17.4   125.5   3687.8
7   9   10.5   -51.2   3713.1
7   10   -82.2   -129.8   3725.8
7   11   -98.1   -494.6   3687.2
7   12   42.2   -798.8   3756.1
7   13   97.8   -134.6   3730.3
7   14   84.7   -502.9   3712.5
7   15   18.7   -837.9   3675.6
7   16   -8.5   286.4   3472.2
7   17   151.4   -102.9   3623.9
7   18   20.1   424.7   3619.9
8   0   18.3   529.2   3631.0
8   1   19.5   353.3   3635.7
8   2   -117.2   327.4   3626.8
8   3   -114.6   100.5   3536.9
8   4   12.0   322.6   3458.7
8   5   154.1   324.9   3641.2
8   6   158.4   103.9   3538.0
8   7   151.6   -142.3   3643.6
8   8   17.8   127.9   3685.9
8   9   10.9   -50.6   3711.0
8   10   -84.2   -131.5   3726.4
8   11   -85.0   -500.7   3709.5
8   12   34.4   -815.6   3769.6
8   13   100.1   -136.7   3731.2
8   14   84.6   -507.2   3715.0
8   15   18.5   -842.7   3679.7
8   16   -9.1   285.6   3471.7
8   17   152.8   -101.3   3626.0
8   18   20.1   425.1   3619.7
9   0   17.4   529.2   3631.1
9   1   19.5   352.8   3635.3
9   2   -116.8   327.4   3626.4
9   3   -116.5   100.6   3536.3
9   4   11.8   322.0   3458.8
9   5   154.1   325.6   3640.9
9   6   163.0   104.8   3537.3
9   7   150.2   -142.5   3640.1
9   8   17.9   129.3   3684.1
9   9   11.2   -49.9   3708.5
9   10   -85.7   -133.0   3726.6
9   11   -76.9   -505.9   3723.3
9   12   19.7   -829.9   3777.2
9   13   102.0   -138.0   3731.7
9   14   84.5   -511.1   3717.9
9   15   15.7   -846.8   3693.6
9   16   -9.6   285.1   3471.7
9   17   152.3   -101.3   3623.0
9   18   20.1   424.6   3619.6
10   0   17.0   528.4   3631.1
10   1   19.5   351.6   3635.3
10   2   -117.0   327.2   3626.4
10   3   -125.1   101.0   3535.2
10   4   10.9   318.4   3459.8
10   5   155.1   326.6   3640.7
10   6   179.9   106.2   3539.9
10   7   148.0   -141.6   3634.9
10   8   17.9   127.9   3683.8
10   9   11.2   -51.6   3707.0
10   10   -85.9   -133.2   3726.5
10   11   -71.0   -508.8   3728.0
10   12   27.6   -833.1   3780.9
10   13   102.2   -138.1   3731.7
10   14   84.2   -513.5   3719.1
10   15   15.8   -849.4   3697.6
10   16   -11.8   282.1   3472.4
10   17   153.3   -100.3   3619.1
10   18   20.0   423.4   3619.7
11   0   17.1   526.8   3632.7
11   1   19.4   349.8   3635.5
11   2   -117.6   326.8   3626.6
11   3   -152.1   105.6   3532.4
11   4   2.2   310.6   3459.9
11   5   156.6   327.4   3640.6
11   6   210.7   110.3   3546.8
11   7   103.6   109.0   3559.8
11   8   17.8   125.9   3684.5
11   9   11.0   -53.8   3706.1
11   10   -85.0   -132.4   3726.1
11   11   -68.4   -510.0   3726.5
11   12   46.7   -828.3   3780.8
11   13   101.2   -137.2   3731.3
11   14   83.8   -514.4   3719.7
11   15   16.8   -849.9   3692.1
11   16   -23.5   276.4   3472.0
11   17   121.7   108.6   3557.6
11   18   20.0   421.6   3619.9
12   0   17.3   523.9   3636.7
12   1   19.4   346.9   3637.7
12   2   -118.9   326.2   3628.9
12   3   -199.3   128.9   3519.8
12   4   -29.4   309.1   3425.3
12   5   158.5   328.4   3644.9
12   6   243.3   127.2   3540.6
12   7   94.2   247.0   3494.0
12   8   17.7   123.2   3686.1
12   9   10.8   -57.0   3705.5
12   10   -83.4   -131.0   3725.5
12   11   -68.1   -510.3   3725.1
12   12   42.2   -832.3   3765.6
12   13   99.6   -135.6   3730.7
12   14   83.4   -514.5   3719.9
12   15   16.9   -850.1   3692.8
12   16   -57.8   279.1   3441.1
12   17   119.2   226.7   3501.8
12   18   19.9   418.7   3622.2
13   0   17.6   520.2   3641.0
13   1   19.4   343.9   3641.8
13   2   -120.1   326.0   3635.8
13   3   -253.7   178.1   3510.5
13   4   -94.7   320.4   3361.9
13   5   159.5   327.9   3650.6
13   6   287.2   153.8   3544.7
13   7   130.8   319.9   3439.9
13   8   17.7   121.4   3687.9
13   9   10.5   -59.9   3704.9
13   10   -82.1   -129.4   3724.9
13   11   -68.4   -510.9   3724.2
13   12   34.6   -836.0   3760.2
13   13   98.1   -133.7   3730.0
13   14   83.4   -515.0   3720.1
13   15   15.6   -850.8   3702.4
13   16   -121.2   296.7   3386.7
13   17   156.9   292.1   3457.4
13   18   19.9   415.8   3626.8
14   0   17.7   518.9   3643.2
14   1   19.3   342.3   3646.5
14   2   -122.0   329.1   3643.8
14   3   -306.5   229.3   3535.0
14   4   -269.6   310.1   3323.0
14   5   159.1   327.1   3656.7
14   6   344.2   203.4   3584.9
14   7   250.8   314.1   3386.6
14   8   17.6   121.7   3689.4
14   9   10.2   -60.6   3704.0
14   10   -81.4   -124.6   3723.6
14   11   -69.2   -506.2   3723.4
14   12   24.0   -833.3   3767.1
14   13   96.5   -130.0   3729.1
14   14   83.0   -511.4   3719.9
14   15   14.3   -847.3   3709.4
14   16   -275.5   296.7   3358.3
14   17   266.1   295.9   3419.6
14   18   19.9   414.5   3632.5
15   0   17.8   519.2   3643.9
15   1   19.3   341.9   3650.7
15   2   -124.5   335.1   3645.6
15   3   -329.2   270.0   3532.1
15   4   -441.3   318.3   3351.3
15   5   159.2   328.3   3658.2
15   6   364.6   248.5   3566.1
15   7   445.0   313.6   3386.5
15   8   17.5   123.4   3690.3
15   9   10.1   -60.0   3702.7
15   10   -82.2   -118.8   3721.9
15   11   -70.7   -501.4   3722.8
15   12   26.1   -825.1   3780.8
15   13   95.9   -125.6   3728.3
15   14   83.1   -508.1   3719.9
15   15   15.6   -844.4   3715.3
15   16   -422.8   310.2   3381.4
15   17   431.8   302.9   3416.4
15   18   19.9   414.2   3637.6
16   0   17.7   521.3   3643.9
16   1   19.3   343.6   3652.5
16   2   -126.4   343.6   3640.1
16   3   -348.9   301.7   3544.4
16   4   -546.2   345.1   3403.3
16   5   160.8   334.8   3654.8
16   6   378.5   280.9   3558.4
16   7   565.8   332.3   3430.7
16   8   17.5   126.7   3690.6
16   9   10.0   -57.6   3701.1
16   10   -83.0   -113.9   3719.2
16   11   -77.1   -496.3   3710.1
16   12   20.2   -815.6   3787.3
16   13   96.7   -120.2   3727.8
16   14   82.9   -502.5   3719.6
16   15   19.3   -839.6   3716.8
16   16   -513.5   337.9   3426.9
16   17   534.8   323.8   3452.0
16   18   19.9   415.9   3639.8
17   0   17.5   525.6   3643.9
17   1   19.3   347.5   3652.5
17   2   -127.4   354.1   3633.2
17   3   -363.9   320.5   3581.6
17   4   -583.6   370.0   3436.6
17   5   162.1   344.3   3652.3
17   6   390.6   297.4   3575.0
17   7   618.6   358.1   3459.6
17   8   17.5   131.7   3690.6
17   9   9.9   -53.3   3698.7
17   10   -84.9   -106.0   3714.5
17   11   -75.7   -489.4   3713.0
17   12   7.0   -815.6   3774.0
17   13   99.2   -110.5   3726.7
17   14   83.0   -493.7   3719.5
17   15   24.7   -831.5   3710.0
17   16   -547.0   361.7   3460.7
17   17   580.7   348.0   3478.8
17   18   19.9   419.8   3639.8
18   0   17.4   530.5   3642.9
18   1   19.3   352.2   3651.2
18   2   -125.9   359.9   3625.4
18   3   -368.7   332.4   3603.0
18   4   -597.2   388.6   3461.7
18   5   160.8   349.8   3650.2
18   6   397.6   311.5   3598.2
18   7   632.3   380.2   3475.7
18   8   17.5   136.8   3690.2
18   9   10.0   -49.0   3696.6
18   10   -81.2   -110.2   3712.6
18   11   -102.8   -493.2   3698.4
18   12   1.1   -815.7   3741.1
18   13   94.7   -115.1   3724.3
18   14   82.9   -500.1   3719.4
18   15   24.3   -837.0   3695.6
18   16   -559.2   379.3   3485.3
18   17   593.3   368.8   3496.1
18   18   19.9   424.5   3638.1
19   0   17.2   535.0   3639.8
19   1   19.3   356.5   3648.8
19   2   -123.9   362.7   3622.4
19   3   -368.3   336.7   3610.6
19   4   -597.1   396.2   3470.7
19   5   158.4   353.0   3650.1
19   6   399.2   318.7   3617.2
19   7   628.2   394.5   3485.5
19   8   17.5   140.7   3688.6
19   9   10.1   -45.9   3694.3
19   10   -85.0   -103.0   3711.8
19   11   -91.2   -485.4   3708.4
19   12   -9.6   -815.6   3715.1
19   13   98.6   -107.8   3724.9
19   14   83.4   -491.0   3719.6
19   15   26.3   -828.0   3692.6
19   16   -559.0   386.2   3494.0
19   17   590.1   381.9   3507.5
19   18   19.8   428.7   3635.4
20   0   17.1   538.7   3634.4
20   1   19.2   360.1   3645.7
20   2   -121.8   363.9   3621.7
20   3   -365.8   336.7   3610.0
20   4   -594.1   398.7   3474.2
20   5   155.8   355.0   3651.0
20   6   397.9   323.1   3626.5
20   7   625.6   400.2   3496.4
20   8   17.5   143.6   3686.3
20   9   10.2   -43.7   3692.8
20   10   -84.6   -103.7   3711.1
20   11   -103.4   -480.3   3674.7
20   12   -15.6   -806.6   3711.5
20   13   98.4   -108.0   3724.3
20   14   84.1   -488.5   3719.9
20   15   27.2   -825.3   3689.5
20   16   -556.0   388.4   3496.8
20   17   587.7   387.4   3518.1
20   18   19.8   432.3   3632.1
21   0   17.0   540.9   3630.3
21   1   19.2   362.1   3642.5
21   2   -120.4   364.1   3621.7
21   3   -363.2   334.7   3605.6
21   4   -590.8   399.1   3474.3
21   5   153.7   356.1   3652.1
21   6   395.7   324.4   3629.9
21   7   619.6   399.0   3496.2
21   8   17.5   144.7   3683.3
21   9   10.2   -43.2   3692.0
21   10   -86.1   -100.6   3711.1
21   11   -114.7   -475.0   3651.2
21   12   -15.3   -792.7   3720.9
21   13   99.9   -105.5   3723.9
21   14   83.7   -486.6   3719.8
21   15   27.9   -823.6   3689.6
21   16   -552.9   388.4   3496.2
21   17   582.2   386.6   3518.5
21   18   19.8   434.3   3628.9
22   0   17.0   541.9   3626.9
22   1   19.2   363.0   3640.0
22   2   -119.3   363.9   3621.9
22   3   -360.8   332.4   3599.8
22   4   -588.8   397.5   3472.7
22   5   152.3   356.7   3652.8
22   6   393.6   323.5   3629.7
22   7   613.3   395.4   3491.5
22   8   17.5   144.7   3681.0
22   9   10.2   -43.6   3691.6
22   10   -84.7   -103.1   3710.8
22   11   -112.2   -476.0   3645.0
22   12   -9.1   -785.2   3748.2
22   13   99.0   -107.4   3722.6
22   14   84.0   -487.1   3719.7
22   15   27.5   -825.2   3692.1
22   16   -550.8   386.7   3493.8
22   17   576.7   383.4   3514.5
22   18   19.8   435.2   3626.4
23   0   17.0   542.2   3627.2
23   1   19.2   363.2   3638.5
23   2   -118.6   363.5   3622.1
23   3   -357.9   329.5   3589.1
23   4   -589.5   395.3   3471.3
23   5   151.4   356.7   3653.0
23   6   391.8   321.6   3628.1
23   7   609.1   389.7   3486.2
23   8   17.5   144.2   3679.6
23   9   10.2   -44.4   3691.5
23   10   -83.5   -105.5   3710.6
23   11   -105.0   -479.3   3644.6
23   12   2.3   -784.1   3771.5
23   13   97.5   -110.3   3721.7
23   14   83.4   -490.2   3719.6
23   15   26.1   -832.3   3692.8
23   16   -550.9   384.4   3491.0
23   17   572.8   378.3   3509.9
23   18   19.7   435.4   3624.9
24   0   17.0   542.0   3629.6
24   1   19.1   363.1   3637.6
24   2   -118.1   363.1   3622.4
24   3   -355.3   326.0   3579.6
24   4   -589.5   392.0   3468.6
24   5   150.6   356.3   3652.8
24   6   390.3   318.8   3626.0
24   7   609.3   379.1   3484.8
24   8   17.5   143.5   3678.6
24   9   10.2   -45.4   3691.5
24   10   -82.4   -108.7   3710.5
24   11   -107.6   -484.6   3648.0
24   12   15.2   -787.2   3777.9
24   13   95.0   -115.1   3720.8
24   14   83.0   -496.7   3719.6
24   15   23.7   -842.1   3692.3
24   16   -550.4   381.0   3487.1
24   17   572.8   369.1   3508.3
24   18   19.7   435.3   3624.2
25   0   17.1   541.6   3633.2
25   1   19.1   362.9   3637.2
25   2   -117.8   362.7   3622.8
25   3   -353.7   321.7   3576.5
25   4   -587.0   388.2   3464.5
25   5   150.1   355.8   3652.5
25   6   388.8   315.2   3623.5
25   7   611.7   363.1   3484.4
25   8   17.5   142.6   3677.8
25   9   10.2   -46.0   3691.6
25   10   -82.5   -109.3   3710.5
25   11   -107.4   -484.9   3653.3
25   12   24.6   -790.7   3776.9
25   13   97.3   -112.5   3721.6
25   14   83.1   -492.9   3719.6
25   15   23.6   -842.0   3692.9
25   16   -548.1   377.1   3483.1
25   17   574.5   355.1   3507.6
25   18   19.6   435.1   3623.8
26   0   17.1   541.0   3636.4
26   1   19.0   362.6   3636.9
26   2   -117.6   362.3   3623.2
26   3   -352.3   316.8   3575.2
26   4   -583.8   384.5   3460.6
26   5   149.6   355.2   3652.2
26   6   387.3   310.9   3620.8
26   7   613.7   353.8   3486.0
26   8   17.5   141.8   3677.2
26   9   10.2   -46.1   3691.6
26   10   -83.2   -108.9   3710.7
26   11   -108.5   -482.2   3654.7
26   12   26.8   -794.1   3767.3
26   13   97.8   -112.7   3721.7
26   14   83.0   -490.6   3719.6
26   15   23.4   -842.7   3693.7
26   16   -545.2   373.3   3479.7
26   17   575.9   346.7   3508.5
26   18   19.5   434.9   3623.7
27   0   17.2   540.6   3638.1
27   1   18.9   362.3   3636.8
27   2   -117.5   362.0   3623.7
27   3   -351.5   313.8   3575.0
27   4   -582.0   383.5   3459.7
27   5   149.1   354.6   3652.1
27   6   385.7   306.8   3617.7
27   7   615.0   349.8   3488.1
27   8   17.4   141.0   3676.6
27   9   10.2   -45.7   3691.5
27   10   -83.5   -109.2   3710.8
27   11   -110.4   -479.5   3653.2
27   12   22.0   -795.7   3763.7
27   13   97.3   -114.2   3721.5
27   14   82.8   -489.6   3719.6
27   15   23.3   -843.9   3696.3
27   16   -543.6   371.8   3478.9
27   17   576.8   342.6   3509.7
27   18   19.4   434.6   3623.8
28   0   17.2   540.2   3639.0
28   1   18.8   362.1   3636.7
28   2   -117.4   361.6   3626.3
28   3   -350.6   312.9   3574.6
28   4   -581.1   382.9   3459.7
28   5   148.7   354.0   3651.9
28   6   384.7   304.6   3616.2
28   7   615.2   347.4   3488.7
28   8   17.4   140.3   3676.3
28   9   10.2   -45.0   3691.5
28   10   -83.8   -109.2   3710.8
28   11   -99.9   -483.1   3682.1
28   12   20.7   -810.7   3758.5
28   13   97.9   -113.9   3721.7
28   14   82.4   -490.0   3719.6
28   15   23.4   -843.4   3700.9
28   16   -542.6   371.2   3478.9
28   17   576.8   340.3   3509.9
28   18   19.3   434.3   3623.8
29   0   17.2   539.8   3639.2
29   1   18.7   361.8   3636.7
29   2   -117.2   361.2   3631.4
29   3   -349.0   313.1   3574.0
29   4   -580.3   382.1   3460.3
29   5   148.4   353.4   3651.8
29   6   384.2   303.9   3615.6
29   7   607.4   352.6   3478.4
29   8   17.3   139.7   3676.2
29   9   10.3   -44.2   3691.4
29   10   -84.1   -109.2   3710.9
29   11   -85.6   -483.6   3706.9
29   12   16.5   -820.2   3751.9
29   13   98.1   -113.9   3721.8
29   14   82.8   -489.0   3719.6
29   15   23.6   -840.1   3707.6
29   16   -541.8   370.6   3479.3
29   17   570.2   344.5   3501.3
29   18   19.2   434.0   3623.8
30   0   17.3   539.5   3639.0
30   1   18.6   361.5   3636.7
30   2   -117.2   360.9   3634.3
30   3   -348.2   313.7   3573.7
30   4   -579.9   381.5   3460.2
30   5   148.1   352.7   3651.7
30   6   383.9   303.9   3615.4
30   7   590.4   365.4   3460.3
30   8   17.1   139.3   3676.2
30   9   10.3   -43.4   3691.4
30   10   -84.2   -109.2   3710.9
30   11   -96.0   -479.7   3680.7
30   12   13.9   -803.9   3757.5
30   13   98.3   -113.9   3721.9
30   14   83.1   -487.3   3719.6
30   15   24.7   -835.6   3705.6
30   16   -541.3   370.2   3479.1
30   17   556.0   355.2   3486.2
30   18   19.1   433.7   3623.9
