2   0   -362.1   692.9   3664.1
2   1   -361.5   538.3   3670.5
2   2   -501.2   515.8   3661.3
2   3   -481.9   335.8   3541.9
2   4   -356.3   542.0   3567.6
2   5   -224.7   523.2   3703.7
2   6   -223.7   337.1   3592.6
2   7   -381.6   507.5   3522.3
2   8   -363.4   349.0   3717.6
2   9   -363.0   189.5   3725.9
2   10   -459.0   95.5   3756.8
2   11   -406.0   -218.3   3696.1
2   12   -400.2   -499.7   3813.1
2   13   -270.6   94.9   3768.0
2   14   -310.1   -225.8   3745.2
2   15   -300.3   -517.5   3833.0
2   16   -377.3   507.6   3563.3
2   17   -355.3   479.1   3534.0
2   18   -360.9   601.6   3654.7
3   0   -362.3   696.9   3664.7
3   1   -361.5   542.4   3672.1
3   2   -500.5   518.8   3659.0
3   3   -484.8   337.9   3540.8
3   4   -357.1   542.7   3562.1
3   5   -224.4   526.7   3701.1
3   6   -221.3   338.2   3594.7
3   7   -375.3   509.0   3519.0
3   8   -363.0   353.9   3722.4
3   9   -363.0   194.1   3731.3
3   10   -457.4   104.9   3754.9
3   11   -413.3   -211.8   3705.8
3   12   -400.8   -495.4   3813.0
3   13   -271.5   104.6   3767.6
3   14   -307.2   -217.6   3752.6
3   15   -303.3   -510.4   3834.6
3   16   -378.4   508.6   3558.6
3   17   -349.7   480.5   3531.7
3   18   -361.0   605.5   3655.3
4   0   -362.9   709.9   3666.4
4   1   -361.5   555.8   3676.9
4   2   -497.7   528.2   3654.7
4   3   -492.1   345.4   3539.3
4   4   -358.5   545.5   3545.3
4   5   -225.8   535.7   3694.9
4   6   -215.9   340.5   3605.4
4   7   -359.4   508.9   3512.5
4   8   -361.8   370.7   3736.8
4   9   -363.3   210.6   3746.1
4   10   -448.0   128.3   3754.3
4   11   -425.7   -192.5   3726.5
4   12   -404.1   -480.9   3813.8
4   13   -279.3   128.1   3767.3
4   14   -302.0   -196.1   3768.0
4   15   -305.9   -492.2   3830.9
4   16   -380.7   512.1   3544.3
4   17   -335.5   480.9   3528.0
4   18   -361.4   617.8   3656.8
5   0   -363.6   727.1   3668.3
5   1   -361.5   573.4   3681.8
5   2   -492.6   538.9   3650.0
5   3   -499.4   353.6   3538.8
5   4   -358.8   547.1   3525.3
5   5   -228.7   546.9   3684.9
5   6   -210.7   344.4   3615.6
5   7   -342.5   508.9   3502.9
5   8   -359.6   391.5   3751.6
5   9   -363.5   230.2   3761.9
5   10   -437.3   152.5   3754.7
5   11   -437.8   -171.7   3746.4
5   12   -406.6   -465.1   3813.1
5   13   -288.3   152.6   3767.4
5   14   -297.4   -173.2   3781.3
5   15   -306.1   -472.7   3827.9
5   16   -382.2   514.9   3527.6
5   17   -320.6   481.5   3521.7
5   18   -362.1   634.2   3658.5
6   0   -364.1   738.0   3669.9
6   1   -361.5   584.7   3683.6
6   2   -488.7   546.0   3647.2
6   3   -503.5   358.8   3539.3
6   4   -357.9   547.3   3513.7
6   5   -231.5   554.4   3679.1
6   6   -207.6   348.7   3617.7
6   7   -334.7   510.2   3495.0
6   8   -358.0   402.3   3756.2
6   9   -363.2   239.7   3768.8
6   10   -435.6   158.7   3752.7
6   11   -446.1   -167.2   3759.4
6   12   -407.7   -464.8   3804.5
6   13   -288.5   159.1   3766.6
6   14   -294.1   -166.8   3791.3
6   15   -301.8   -468.6   3828.5
6   16   -382.2   515.9   3517.9
6   17   -313.5   483.3   3515.5
6   18   -362.7   645.3   3659.5
7   0   -364.4   742.2   3671.2
7   1   -361.7   588.7   3683.4
7   2   -487.2   549.0   3645.7
7   3   -504.9   361.0   3539.2
7   4   -356.0   546.2   3509.4
7   5   -232.8   557.8   3677.1
7   6   -206.2   350.8   3618.9
7   7   -331.6   510.0   3491.4
7   8   -357.2   403.1   3754.6
7   9   -362.6   239.2   3767.8
7   10   -441.4   155.8   3749.3
7   11   -450.9   -170.5   3765.9
7   12   -404.8   -468.6   3792.2
7   13   -282.0   156.9   3765.7
7   14   -292.0   -168.3   3797.0
7   15   -301.0   -469.8   3827.6
7   16   -380.9   515.3   3514.4
7   17   -310.7   483.5   3512.6
7   18   -363.1   649.6   3660.0
8   0   -364.6   741.4   3671.8
8   1   -361.8   587.4   3682.8
8   2   -487.5   549.4   3645.1
8   3   -504.9   361.0   3539.1
8   4   -353.7   544.1   3509.3
8   5   -232.7   558.6   3677.4
8   6   -205.7   351.1   3619.9
8   7   -330.5   508.4   3489.7
8   8   -356.9   398.8   3752.7
8   9   -362.2   233.7   3763.6
8   10   -447.2   152.8   3746.6
8   11   -453.0   -173.2   3767.9
8   12   -402.5   -470.8   3793.1
8   13   -276.0   154.7   3765.6
8   14   -291.1   -169.9   3797.5
8   15   -303.6   -470.9   3828.4
8   16   -378.9   513.5   3514.3
8   17   -309.7   482.2   3511.4
8   18   -363.4   648.6   3660.1
9   0   -364.6   737.7   3671.9
9   1   -361.8   583.4   3682.5
9   2   -488.9   548.6   3644.7
9   3   -504.6   359.9   3538.9
9   4   -352.2   541.8   3511.2
9   5   -231.8   558.1   3678.7
9   6   -205.8   350.9   3619.7
9   7   -331.1   506.2   3488.3
9   8   -356.7   393.0   3752.1
9   9   -361.9   226.9   3759.6
9   10   -450.1   150.8   3745.1
9   11   -453.6   -174.7   3768.0
9   12   -404.4   -472.7   3794.0
9   13   -273.2   153.2   3765.6
9   14   -290.7   -171.0   3794.7
9   15   -304.9   -471.6   3830.0
9   16   -377.6   511.5   3515.8
9   17   -310.2   480.3   3510.2
9   18   -363.5   644.7   3660.1
10   0   -364.6   733.3   3671.4
10   1   -361.8   578.7   3682.6
10   2   -490.4   547.5   3644.5
10   3   -504.3   358.6   3538.9
10   4   -351.5   540.2   3513.7
10   5   -230.8   557.3   3680.4
10   6   -206.0   350.6   3619.3
10   7   -331.6   505.6   3488.2
10   8   -356.5   387.9   3752.9
10   9   -361.7   220.9   3758.1
10   10   -450.6   150.0   3744.9
10   11   -453.5   -178.0   3767.4
10   12   -404.1   -475.5   3797.9
10   13   -272.5   152.5   3765.6
10   14   -291.2   -174.6   3789.8
10   15   -305.7   -474.1   3833.2
10   16   -377.0   509.9   3517.9
10   17   -310.7   479.7   3510.1
10   18   -363.5   639.9   3660.0
11   0   -364.5   729.9   3670.9
11   1   -361.8   575.2   3682.9
11   2   -491.3   546.9   3644.4
11   3   -504.1   357.8   3538.9
11   4   -352.2   540.0   3514.7
11   5   -230.3   556.7   3681.3
11   6   -206.2   350.4   3619.0
11   7   -331.3   506.7   3489.4
11   8   -356.4   385.3   3754.3
11   9   -361.5   217.2   3758.1
11   10   -449.3   150.2   3745.0
11   11   -453.1   -178.3   3766.8
11   12   -403.5   -477.1   3791.5
11   13   -273.3   152.5   3765.5
11   14   -291.3   -175.2   3792.0
11   15   -306.3   -476.0   3831.1
11   16   -377.5   509.6   3518.7
11   17   -310.4   480.6   3511.0
11   18   -363.5   636.3   3659.9
12   0   -364.5   727.8   3670.6
12   1   -361.8   573.0   3683.3
12   2   -491.5   546.7   3644.3
12   3   -504.0   357.7   3538.8
12   4   -353.2   540.5   3515.1
12   5   -230.3   556.5   3681.6
12   6   -206.3   350.3   3618.8
12   7   -330.6   508.3   3490.9
12   8   -356.3   385.1   3755.8
12   9   -361.4   217.6   3759.0
12   10   -447.1   151.2   3745.3
12   11   -452.6   -177.0   3766.2
12   12   -402.5   -475.3   3783.9
12   13   -275.1   153.0   3765.3
12   14   -291.5   -174.2   3794.3
12   15   -306.5   -474.7   3828.8
12   16   -378.4   510.0   3519.0
12   17   -309.9   482.0   3512.3
12   18   -363.5   633.9   3659.8
13   0   -364.4   725.7   3670.3
13   1   -361.7   571.8   3683.6
13   2   -491.3   546.8   3644.3
13   3   -504.0   357.8   3538.7
13   4   -353.5   540.8   3515.0
13   5   -230.7   556.4   3681.7
13   6   -206.1   350.4   3618.7
13   7   -331.1   507.4   3490.7
13   8   -356.2   386.2   3756.5
13   9   -361.4   218.6   3760.1
13   10   -444.4   152.8   3745.8
13   11   -452.2   -177.4   3765.7
13   12   -400.8   -474.2   3786.4
13   13   -277.5   154.0   3765.1
13   14   -292.0   -175.3   3793.6
13   15   -306.3   -475.1   3826.9
13   16   -378.6   510.3   3518.9
13   17   -310.3   481.3   3512.0
13   18   -363.5   632.6   3659.7
14   0   -364.4   724.0   3670.0
14   1   -361.7   571.3   3683.7
14   2   -490.8   547.1   3644.3
14   3   -504.0   358.3   3538.5
14   4   -353.7   541.2   3514.9
14   5   -231.3   556.7   3681.6
14   6   -205.7   350.7   3618.8
14   7   -330.7   507.7   3490.9
14   8   -356.2   387.7   3756.6
14   9   -361.3   219.8   3761.3
14   10   -442.2   154.4   3746.3
14   11   -452.0   -179.3   3764.9
14   12   -400.9   -473.1   3797.9
14   13   -279.5   155.1   3765.0
14   14   -292.3   -178.1   3790.6
14   15   -306.3   -475.5   3828.1
14   16   -378.7   510.7   3518.9
14   17   -309.8   481.6   3512.2
14   18   -363.5   632.0   3659.6
15   0   -364.4   722.7   3669.8
15   1   -361.7   571.1   3683.7
15   2   -490.1   547.5   3644.0
15   3   -504.0   358.7   3538.3
15   4   -353.8   541.6   3514.9
15   5   -232.0   557.0   3681.5
15   6   -205.3   351.1   3618.9
15   7   -329.7   508.6   3491.3
15   8   -356.2   389.1   3756.2
15   9   -361.4   220.7   3762.2
15   10   -441.3   155.2   3746.5
15   11   -451.9   -179.0   3763.9
15   12   -401.6   -471.0   3808.9
15   13   -280.3   155.6   3765.0
15   14   -292.2   -178.2   3788.8
15   15   -306.3   -474.8   3830.6
15   16   -378.9   511.1   3518.8
15   17   -309.0   482.4   3512.6
15   18   -363.5   631.7   3659.5
16   0   -364.4   721.9   3669.7
16   1   -361.7   571.1   3683.5
16   2   -489.5   547.9   3643.7
16   3   -504.1   359.0   3538.3
16   4   -353.7   541.7   3514.9
16   5   -232.6   557.3   3681.4
16   6   -205.2   351.5   3619.0
16   7   -328.8   510.0   3492.0
16   8   -356.2   390.1   3755.7
16   9   -361.4   221.3   3762.9
16   10   -441.2   155.4   3746.6
16   11   -451.8   -177.7   3763.4
16   12   -402.6   -468.3   3811.7
16   13   -280.5   155.6   3765.0
16   14   -292.1   -177.1   3787.8
16   15   -306.3   -472.0   3832.9
16   16   -378.8   511.3   3518.8
16   17   -308.2   483.6   3513.2
16   18   -363.5   631.7   3659.4
17   0   -364.3   721.3   3669.6
17   1   -361.7   571.1   3683.3
17   2   -488.9   548.3   3643.3
17   3   -504.1   359.1   3538.5
17   4   -353.6   541.6   3514.7
17   5   -233.3   557.7   3681.2
17   6   -205.2   351.8   3619.1
17   7   -329.0   509.7   3491.6
17   8   -356.2   390.6   3755.1
17   9   -361.4   221.4   3763.2
17   10   -441.5   155.8   3746.6
17   11   -451.7   -175.7   3763.1
17   12   -403.1   -465.7   3805.1
17   13   -280.3   155.6   3765.0
17   14   -292.0   -175.6   3787.3
17   15   -306.0   -468.9   3832.2
17   16   -378.7   511.2   3518.7
17   17   -308.4   483.4   3512.8
17   18   -363.5   631.7   3659.2
18   0   -364.3   720.9   3669.5
18   1   -361.7   571.1   3683.1
18   2   -488.3   548.6   3642.9
18   3   -503.9   358.9   3539.0
18   4   -353.6   541.5   3514.6
18   5   -233.8   558.0   3681.1
18   6   -205.2   352.3   3618.8
18   7   -329.9   508.9   3490.6
18   8   -356.2   390.8   3754.7
18   9   -361.4   221.2   3763.4
18   10   -441.9   156.1   3746.5
18   11   -451.7   -173.9   3762.7
18   12   -403.9   -462.6   3803.7
18   13   -280.2   155.5   3765.0
18   14   -291.6   -174.1   3787.1
18   15   -306.2   -465.9   3831.7
18   16   -378.6   511.1   3518.6
18   17   -309.1   482.8   3511.9
18   18   -363.5   631.8   3658.9
19   0   -364.3   720.7   3669.4
19   1   -361.7   571.1   3682.8
19   2   -487.8   548.9   3642.7
19   3   -503.6   358.6   3539.9
19   4   -353.7   541.3   3514.4
19   5   -234.4   558.3   3681.1
19   6   -205.2   352.8   3618.2
19   7   -330.6   508.8   3489.9
19   8   -356.2   390.7   3754.5
19   9   -361.4   220.8   3763.5
19   10   -442.7   157.2   3746.4
19   11   -451.8   -174.7   3762.3
19   12   -403.9   -462.3   3804.0
19   13   -280.0   155.5   3765.0
19   14   -291.3   -175.9   3787.4
19   15   -306.1   -466.7   3831.7
19   16   -378.7   510.9   3518.6
19   17   -309.7   482.8   3511.3
19   18   -363.5   631.8   3658.7
20   0   -364.3   720.7   3669.4
20   1   -361.7   571.2   3682.6
20   2   -487.4   549.2   3642.4
20   3   -503.1   358.2   3540.8
20   4   -353.8   541.2   3514.2
20   5   -234.8   558.5   3681.0
20   6   -205.3   353.3   3617.5
20   7   -331.2   509.1   3489.5
20   8   -356.2   390.4   3754.4
20   9   -361.4   220.2   3763.6
20   10   -443.1   157.6   3746.3
20   11   -451.8   -174.3   3761.6
20   12   -403.9   -460.8   3804.7
20   13   -279.9   155.6   3765.0
20   14   -290.6   -175.8   3787.9
20   15   -306.0   -465.7   3832.1
20   16   -378.7   510.7   3518.6
20   17   -310.2   483.1   3510.9
20   18   -363.5   631.8   3658.5
21   0   -364.3   720.8   3669.3
21   1   -361.7   571.2   3682.3
21   2   -487.0   549.4   3641.5
21   3   -502.4   357.9   3540.8
21   4   -353.5   541.3   3514.1
21   5   -235.2   558.8   3680.9
21   6   -205.4   353.8   3616.5
21   7   -331.8   509.8   3489.3
21   8   -356.2   390.0   3754.4
21   9   -361.5   219.6   3763.6
21   10   -443.1   157.6   3746.3
21   11   -451.5   -173.4   3761.6
21   12   -403.7   -460.5   3806.5
21   13   -279.8   155.6   3765.0
21   14   -289.6   -174.9   3788.6
21   15   -306.0   -465.6   3833.3
21   16   -378.3   510.7   3518.6
21   17   -310.7   483.8   3510.5
21   18   -363.5   631.9   3658.2
22   0   -364.3   720.9   3669.3
22   1   -361.7   571.2   3682.1
22   2   -486.6   549.6   3640.4
22   3   -501.4   357.7   3540.4
22   4   -353.1   541.6   3514.1
22   5   -235.6   559.0   3680.9
22   6   -205.5   354.5   3615.1
22   7   -332.4   510.9   3489.0
22   8   -356.2   389.5   3754.4
22   9   -361.5   219.0   3763.6
22   10   -443.0   157.4   3746.3
22   11   -451.2   -172.4   3761.9
22   12   -403.5   -461.1   3807.4
22   13   -279.8   155.6   3765.0
22   14   -289.0   -173.6   3790.7
22   15   -305.9   -466.1   3833.3
22   16   -377.9   511.0   3518.5
22   17   -311.3   484.8   3510.1
22   18   -363.5   631.9   3657.9
23   0   -364.3   721.1   3669.2
23   1   -361.7   571.2   3681.8
23   2   -486.2   549.8   3639.4
23   3   -500.3   357.6   3539.9
23   4   -352.6   542.0   3514.1
23   5   -235.9   559.1   3680.8
23   6   -205.5   354.8   3614.7
23   7   -332.5   511.5   3489.1
23   8   -356.2   389.0   3754.3
23   9   -361.5   218.3   3763.6
23   10   -442.8   157.1   3746.4
23   11   -450.7   -171.5   3762.8
23   12   -403.9   -460.1   3806.1
23   13   -279.8   155.6   3765.0
23   14   -288.9   -172.2   3793.2
23   15   -305.5   -464.8   3831.2
23   16   -377.2   511.2   3518.4
23   17   -311.4   485.4   3510.0
23   18   -363.5   631.9   3657.6
24   0   -364.3   721.3   3669.2
24   1   -361.7   571.2   3681.5
24   2   -486.0   549.9   3639.3
24   3   -499.1   357.5   3540.1
24   4   -351.7   542.1   3514.0
24   5   -236.1   559.3   3680.5
24   6   -205.4   355.0   3614.4
24   7   -332.4   512.3   3489.4
24   8   -356.2   388.4   3754.4
24   9   -361.5   217.6   3763.7
24   10   -442.8   157.1   3746.4
24   11   -450.5   -173.1   3763.7
24   12   -403.6   -462.1   3806.6
24   13   -279.8   155.7   3765.0
24   14   -289.2   -173.6   3794.8
24   15   -305.6   -466.8   3830.7
24   16   -376.3   511.3   3518.4
24   17   -311.2   486.0   3510.3
24   18   -363.5   631.9   3657.3
25   0   -364.3   721.6   3669.2
25   1   -361.7   571.2   3681.3
25   2   -485.7   550.0   3639.2
25   3   -497.9   357.5   3539.9
25   4   -350.0   541.7   3513.8
25   5   -236.3   559.4   3680.0
25   6   -205.4   355.0   3614.3
25   7   -332.1   513.2   3490.1
25   8   -356.2   387.9   3754.5
25   9   -361.5   217.1   3763.7
25   10   -442.7   157.1   3746.4
25   11   -450.0   -173.2   3763.7
25   12   -403.3   -463.1   3808.9
25   13   -279.8   155.8   3764.9
25   14   -289.0   -173.6   3794.6
25   15   -305.3   -468.0   3830.8
25   16   -374.6   511.0   3518.2
25   17   -311.0   486.8   3510.8
25   18   -363.5   631.9   3657.0
26   0   -364.3   721.9   3669.2
26   1   -361.7   571.2   3681.0
26   2   -485.5   550.1   3639.2
26   3   -496.7   357.7   3539.5
26   4   -346.7   540.1   3513.0
26   5   -236.5   559.5   3679.6
26   6   -205.3   355.1   3614.0
26   7   -331.7   514.3   3490.9
26   8   -356.2   387.5   3754.6
26   9   -361.5   216.6   3763.7
26   10   -442.6   157.1   3746.5
26   11   -450.1   -175.3   3764.1
26   12   -403.1   -464.9   3812.5
26   13   -279.9   155.8   3764.9
26   14   -289.0   -175.7   3794.7
26   15   -305.1   -470.3   3831.2
26   16   -371.7   509.7   3517.4
26   17   -310.7   487.8   3511.4
26   18   -363.5   631.9   3656.7
27   0   -364.3   722.1   3669.2
27   1   -361.7   571.2   3680.8
27   2   -485.3   550.1   3639.2
27   3   -495.0   357.7   3539.3
27   4   -345.7   540.6   3512.6
27   5   -236.7   559.6   3679.3
27   6   -205.2   355.2   3613.8
27   7   -331.7   514.8   3491.2
27   8   -356.2   387.1   3754.6
27   9   -361.5   216.2   3763.7
27   10   -442.6   157.1   3746.6
27   11   -450.2   -175.4   3763.8
27   12   -402.9   -465.4   3814.4
27   13   -279.9   155.8   3764.9
27   14   -289.0   -175.7   3794.7
27   15   -304.7   -471.1   3832.5
27   16   -370.6   510.2   3517.1
27   17   -310.6   488.2   3511.6
27   18   -363.5   631.9   3656.4
28   0   -364.2   722.4   3669.2
28   1   -361.7   571.3   3680.5
28   2   -485.2   550.1   3639.2
28   3   -493.0   357.6   3539.4
28   4   -346.2   542.6   3512.5
28   5   -236.9   559.7   3679.3
28   6   -205.2   355.7   3612.6
28   7   -332.4   515.4   3491.0
28   8   -356.2   386.8   3754.7
28   9   -361.5   215.8   3763.8
28   10   -442.5   156.9   3746.7
28   11   -450.2   -178.0   3763.6
28   12   -403.4   -469.1   3815.2
28   13   -279.9   155.9   3765.0
28   14   -289.2   -178.2   3795.0
28   15   -304.3   -474.4   3834.9
28   16   -370.6   511.8   3517.0
28   17   -311.2   488.8   3511.2
28   18   -363.5   631.9   3656.1
29   0   -364.2   722.6   3669.2
29   1   -361.7   571.3   3680.3
29   2   -485.1   550.2   3639.3
29   3   -492.1   357.6   3539.6
29   4   -347.6   544.4   3512.8
29   5   -237.0   559.8   3679.2
29   6   -205.2   356.2   3611.2
29   7   -333.2   516.2   3490.7
29   8   -356.2   386.5   3754.8
29   9   -361.5   215.6   3763.8
29   10   -442.3   156.7   3746.9
29   11   -450.2   -178.2   3763.5
29   12   -404.9   -468.9   3813.7
29   13   -280.0   155.8   3765.0
29   14   -289.1   -178.1   3794.8
29   15   -303.5   -473.4   3835.3
29   16   -371.7   513.2   3517.2
29   17   -311.8   489.6   3510.8
29   18   -363.5   631.9   3655.9
30   0   -364.2   722.8   3669.2
30   1   -361.7   571.3   3680.0
30   2   -485.0   550.2   3639.4
30   3   -491.6   357.5   3539.9
30   4   -348.5   545.4   3513.0
30   5   -237.2   559.9   3678.9
30   6   -205.1   356.4   3610.8
30   7   -333.4   516.5   3490.6
30   8   -356.2   386.3   3754.9
30   9   -361.6   215.4   3763.8
30   10   -442.2   156.4   3747.2
30   11   -450.2   -177.2   3763.5
30   12   -405.2   -465.6   3813.0
30   13   -280.0   155.8   3765.1
30   14   -289.0   -176.8   3794.6
30   15   -302.5   -469.8   3835.0
30   16   -372.4   514.0   3517.5
30   17   -312.0   489.8   3510.7
30   18   -363.5   631.9   3655.5
31   0   -364.2   722.9   3669.2
31   1   -361.7   571.3   3679.7
31   2   -484.9   550.3   3639.5
31   3   -491.5   357.2   3540.6
31   4   -341.9   539.4   3511.3
31   5   -237.3   560.0   3678.6
31   6   -205.0   356.4   3610.9
31   7   -333.3   516.4   3490.7
31   8   -356.2   386.2   3754.9
31   9   -361.6   215.2   3763.8
31   10   -442.2   156.4   3747.4
31   11   -450.2   -175.5   3763.4
31   12   -406.1   -463.3   3808.6
31   13   -280.0   155.9   3765.1
31   14   -288.9   -175.0   3794.5
31   15   -301.4   -466.8   3833.8
31   16   -366.8   509.0   3516.1
31   17   -311.9   489.7   3510.7
31   18   -363.5   631.9   3655.1
32   0   -364.2   723.0   3669.2
32   1   -361.7   571.4   3679.3
32   2   -484.8   550.3   3639.6
32   3   -491.6   357.0   3541.1
32   4   -335.1   533.0   3509.6
32   5   -237.5   560.1   3678.3
32   6   -204.9   356.4   3610.9
32   7   -333.3   516.3   3490.7
32   8   -356.2   386.1   3754.8
32   9   -361.6   215.2   3763.8
32   10   -442.3   156.6   3747.4
32   11   -450.3   -173.7   3763.2
32   12   -405.6   -461.0   3802.2
32   13   -279.9   156.1   3765.1
32   14   -288.8   -173.3   3794.5
32   15   -301.1   -463.8   3833.1
32   16   -361.2   503.6   3514.9
32   17   -311.9   489.7   3510.7
32   18   -363.5   631.9   3654.7
33   0   -364.2   723.1   3669.2
33   1   -361.7   571.4   3679.1
33   2   -484.7   550.3   3639.7
33   3   -491.7   356.6   3542.1
33   4   -339.4   536.2   3510.3
33   5   -237.6   560.2   3678.2
33   6   -204.9   356.5   3610.8
33   7   -333.4   516.4   3490.6
33   8   -356.2   386.0   3754.8
33   9   -361.6   215.1   3763.8
33   10   -442.4   156.7   3747.4
33   11   -450.5   -174.9   3762.8
33   12   -405.7   -463.8   3800.3
33   13   -279.8   156.3   3765.1
33   14   -288.8   -174.4   3794.6
33   15   -301.1   -466.3   3833.4
33   16   -364.8   506.2   3515.6
33   17   -311.9   489.8   3510.7
33   18   -363.5   631.9   3654.3
34   0   -364.2   723.2   3669.2
34   1   -361.7   571.4   3678.8
34   2   -484.7   550.4   3639.7
34   3   -491.8   356.1   3543.2
34   4   -342.4   538.0   3510.9
34   5   -237.7   560.2   3678.1
34   6   -204.9   356.6   3610.6
34   7   -333.4   516.7   3490.6
34   8   -356.2   385.9   3754.8
34   9   -361.6   215.1   3763.8
34   10   -442.3   156.8   3747.4
34   11   -450.7   -177.9   3762.2
34   12   -405.4   -469.0   3799.3
34   13   -279.7   156.6   3765.0
34   14   -288.8   -177.1   3794.9
34   15   -301.3   -471.1   3834.4
34   16   -367.3   507.7   3516.3
34   17   -312.0   490.0   3510.6
34   18   -363.5   631.9   3654.1
35   0   -364.2   723.3   3669.2
35   1   -361.7   571.4   3678.7
35   2   -484.6   550.4   3639.7
35   3   -491.9   356.1   3543.3
35   4   -343.8   539.2   3511.2
35   5   -237.8   560.3   3678.1
35   6   -204.9   356.7   3610.4
35   7   -333.5   517.0   3490.6
35   8   -356.2   385.7   3754.8
35   9   -361.6   215.0   3763.8
35   10   -442.3   156.8   3747.4
35   11   -450.8   -181.1   3760.8
35   12   -405.0   -474.4   3799.8
35   13   -279.6   156.9   3765.0
35   14   -288.9   -180.0   3795.1
35   15   -301.6   -476.4   3835.4
35   16   -368.5   508.7   3516.5
35   17   -312.0   490.3   3510.6
35   18   -363.5   631.9   3653.9
36   0   -364.2   723.4   3669.2
36   1   -361.7   571.4   3678.6
36   2   -484.5   550.5   3639.7
36   3   -492.1   356.1   3543.3
36   4   -344.5   539.8   3511.4
36   5   -237.9   560.4   3678.1
36   6   -204.9   356.8   3610.2
36   7   -333.5   517.2   3490.7
36   8   -356.2   385.6   3754.8
36   9   -361.6   215.0   3763.8
36   10   -442.3   156.9   3747.3
36   11   -450.9   -184.3   3759.3
36   12   -404.4   -479.7   3801.0
36   13   -279.4   157.2   3764.9
36   14   -289.0   -182.9   3795.4
36   15   -301.9   -481.7   3836.4
36   16   -369.1   509.2   3516.7
36   17   -312.0   490.5   3510.6
36   18   -363.5   631.9   3653.8
37   0   -364.2   723.5   3669.3
37   1   -361.7   571.5   3678.4
37   2   -484.5   550.5   3639.7
37   3   -491.9   356.2   3543.2
37   4   -344.6   540.2   3511.6
37   5   -238.0   560.4   3678.0
37   6   -204.9   356.9   3610.2
37   7   -333.5   517.3   3490.7
37   8   -356.2   385.5   3754.8
37   9   -361.6   215.0   3763.8
37   10   -442.3   157.0   3747.3
37   11   -451.0   -186.9   3756.1
37   12   -403.8   -484.2   3800.6
37   13   -279.4   157.4   3764.9
37   14   -289.2   -185.3   3795.3
37   15   -302.0   -486.5   3837.0
37   16   -369.2   509.5   3516.8
37   17   -312.1   490.5   3510.6
37   18   -363.5   631.9   3653.6
38   0   -364.2   723.5   3669.3
38   1   -361.7   571.5   3678.2
38   2   -484.4   550.5   3639.7
38   3   -491.6   356.2   3543.1
38   4   -344.4   540.4   3511.6
38   5   -238.1   560.5   3678.0
38   6   -204.9   357.0   3610.2
38   7   -333.7   517.2   3490.6
38   8   -356.2   385.4   3754.8
38   9   -361.6   215.0   3763.8
38   10   -442.2   157.0   3747.3
38   11   -451.1   -188.8   3754.6
38   12   -403.2   -488.4   3798.0
38   13   -279.4   157.4   3764.7
38   14   -289.3   -187.1   3795.4
38   15   -302.1   -490.4   3836.9
38   16   -369.0   509.7   3516.8
38   17   -312.2   490.5   3510.6
38   18   -363.5   631.9   3653.4
39   0   -364.1   723.5   3669.3
39   1   -361.7   571.5   3678.0
39   2   -484.4   550.5   3639.7
39   3   -491.2   356.3   3543.1
39   4   -343.7   540.1   3511.6
39   5   -238.2   560.5   3678.0
39   6   -204.9   357.0   3610.2
39   7   -333.7   517.2   3490.6
39   8   -356.2   385.3   3754.7
39   9   -361.6   215.0   3763.8
39   10   -442.1   156.9   3747.3
39   11   -451.1   -190.6   3754.1
39   12   -402.7   -491.7   3797.7
39   13   -279.4   157.4   3764.5
39   14   -289.3   -188.7   3795.4
39   15   -303.0   -493.3   3839.2
39   16   -368.3   509.5   3516.8
39   17   -312.3   490.5   3510.5
39   18   -363.5   631.9   3653.1
40   0   -364.1   723.6   3669.3
40   1   -361.7   571.5   3677.9
40   2   -484.3   550.6   3639.7
40   3   -491.1   356.3   3543.1
40   4   -342.7   539.5   3511.7
40   5   -238.3   560.6   3678.0
40   6   -204.9   357.0   3610.2
40   7   -333.8   517.1   3490.5
40   8   -356.2   385.1   3754.7
40   9   -361.6   215.0   3763.8
40   10   -442.0   156.7   3747.3
40   11   -451.1   -191.6   3754.1
40   12   -402.2   -493.1   3799.8
40   13   -279.4   157.5   3764.4
40   14   -289.2   -189.5   3795.6
40   15   -303.6   -494.7   3841.1
40   16   -367.5   509.0   3516.9
40   17   -312.3   490.4   3510.4
40   18   -363.5   631.9   3653.0
41   0   -364.1   723.6   3669.3
41   1   -361.7   571.5   3677.8
41   2   -484.3   550.6   3639.8
41   3   -491.1   356.3   3543.1
41   4   -342.5   539.3   3511.6
41   5   -238.4   560.6   3678.0
41   6   -204.9   357.1   3610.2
41   7   -333.9   517.1   3490.4
41   8   -356.2   384.9   3754.7
41   9   -361.6   215.0   3763.8
41   10   -441.9   156.5   3747.4
41   11   -451.2   -192.8   3754.4
41   12   -401.6   -493.4   3806.0
41   13   -279.4   157.5   3764.3
41   14   -289.3   -190.5   3796.0
41   15   -303.7   -495.6   3842.6
41   16   -367.3   508.8   3516.9
41   17   -312.4   490.4   3510.4
41   18   -363.5   631.9   3652.9
42   0   -364.0   723.6   3669.3
42   1   -361.7   571.5   3677.6
42   2   -484.2   550.6   3639.8
42   3   -491.1   356.3   3543.2
42   4   -342.7   539.5   3511.6
42   5   -238.5   560.7   3678.0
42   6   -204.9   357.1   3610.2
42   7   -333.9   517.1   3490.3
42   8   -356.2   384.7   3754.6
42   9   -361.6   215.0   3763.8
42   10   -441.8   156.3   3747.4
42   11   -451.8   -193.7   3755.3
42   12   -401.1   -492.3   3812.8
42   13   -279.3   157.5   3764.3
42   14   -289.3   -191.2   3795.9
42   15   -303.3   -495.6   3842.7
42   16   -367.4   509.0   3516.8
42   17   -312.4   490.4   3510.3
42   18   -363.5   631.9   3652.7
43   0   -364.0   723.6   3669.3
43   1   -361.7   571.5   3677.4
43   2   -484.2   550.6   3639.8
43   3   -491.1   356.3   3543.2
43   4   -343.4   540.0   3511.5
43   5   -238.5   560.7   3678.0
43   6   -204.9   357.2   3610.0
43   7   -333.9   517.1   3490.2
43   8   -356.2   384.5   3754.6
43   9   -361.6   215.0   3763.8
43   10   -441.6   156.0   3747.4
43   11   -452.4   -194.8   3756.9
43   12   -401.0   -492.4   3815.5
43   13   -279.3   157.5   3764.3
43   14   -289.2   -192.1   3795.4
43   15   -302.9   -495.7   3842.8
43   16   -368.0   509.4   3516.7
43   17   -312.4   490.5   3510.1
43   18   -363.5   631.9   3652.5
44   0   -363.9   723.6   3669.3
44   1   -361.7   571.5   3677.2
44   2   -484.2   550.7   3639.8
44   3   -491.2   356.3   3543.2
44   4   -343.6   540.2   3511.4
44   5   -238.6   560.8   3677.9
44   6   -204.9   357.5   3609.3
44   7   -334.4   517.4   3490.0
44   8   -356.2   384.3   3754.5
44   9   -361.5   215.1   3763.8
44   10   -441.5   155.8   3747.4
44   11   -452.7   -195.5   3757.7
44   12   -401.1   -492.8   3815.5
44   13   -279.3   157.4   3764.2
44   14   -289.3   -192.7   3794.9
44   15   -302.5   -495.9   3843.1
44   16   -368.2   509.5   3516.7
44   17   -312.8   490.8   3509.9
44   18   -363.5   631.9   3652.3
45   0   -363.9   723.6   3669.3
45   1   -361.7   571.5   3677.0
45   2   -484.1   550.7   3639.8
45   3   -491.2   356.3   3543.2
45   4   -343.7   540.2   3511.4
45   5   -238.7   560.8   3677.9
45   6   -204.9   357.6   3609.0
45   7   -334.5   517.5   3489.7
45   8   -356.2   384.2   3754.5
45   9   -361.5   215.2   3763.8
45   10   -441.4   155.6   3747.3
45   11   -452.9   -196.1   3758.1
45   12   -401.3   -493.2   3815.2
45   13   -279.3   157.4   3764.1
45   14   -289.3   -193.2   3794.3
45   15   -302.3   -495.9   3843.5
45   16   -368.3   509.6   3516.7
45   17   -312.9   490.9   3509.6
45   18   -363.5   631.9   3652.0
46   0   -363.8   723.6   3669.3
46   1   -361.7   571.5   3676.7
46   2   -484.1   550.7   3639.8
46   3   -491.2   356.3   3543.1
46   4   -343.5   540.1   3511.5
46   5   -238.8   560.9   3677.9
46   6   -204.9   357.7   3608.9
46   7   -334.2   517.6   3489.3
46   8   -356.2   384.0   3754.4
46   9   -361.5   215.2   3763.8
46   10   -441.3   155.4   3747.3
46   11   -452.9   -196.6   3758.4
46   12   -401.3   -493.7   3812.7
46   13   -279.3   157.3   3764.0
46   14   -289.3   -193.7   3793.5
46   15   -302.1   -495.7   3843.6
46   16   -368.1   509.5   3516.7
46   17   -312.7   491.0   3509.2
46   18   -363.5   632.0   3651.7
47   0   -363.8   723.6   3669.3
47   1   -361.7   571.5   3676.5
47   2   -484.1   550.7   3639.8
47   3   -491.2   356.3   3543.1
47   4   -343.1   539.8   3511.5
47   5   -238.8   560.9   3677.8
47   6   -204.8   357.8   3608.7
47   7   -333.8   517.7   3488.7
47   8   -356.2   383.7   3754.4
47   9   -361.5   215.3   3763.8
47   10   -441.2   155.3   3747.3
47   11   -452.9   -196.8   3758.6
47   12   -401.5   -492.9   3811.9
47   13   -279.3   157.3   3763.9
47   14   -289.3   -193.8   3792.5
47   15   -301.9   -494.6   3843.5
47   16   -367.8   509.3   3516.8
47   17   -312.3   491.1   3508.7
47   18   -363.5   632.0   3651.5
48   0   -363.7   723.6   3669.3
48   1   -361.7   571.6   3676.4
48   2   -484.1   550.7   3639.8
48   3   -491.2   356.3   3543.1
48   4   -342.7   539.6   3511.6
48   5   -238.9   560.9   3677.8
48   6   -204.7   357.9   3608.5
48   7   -333.3   518.0   3488.2
48   8   -356.2   383.5   3754.3
48   9   -361.5   215.3   3763.8
48   10   -441.1   155.1   3747.2
48   11   -453.0   -197.4   3758.6
48   12   -401.4   -491.3   3811.7
48   13   -279.3   157.3   3763.7
48   14   -289.4   -194.4   3791.5
48   15   -301.7   -492.8   3842.9
48   16   -367.4   509.0   3516.8
48   17   -311.8   491.3   3508.3
48   18   -363.5   632.0   3651.3
49   0   -363.7   723.6   3669.3
49   1   -361.7   571.6   3676.2
49   2   -484.0   550.7   3639.8
49   3   -491.1   356.3   3543.1
49   4   -342.3   539.3   3511.5
49   5   -239.0   561.0   3677.8
49   6   -204.7   358.0   3608.3
49   7   -332.6   518.4   3487.6
49   8   -356.2   383.3   3754.3
49   9   -361.5   215.4   3763.8
49   10   -441.1   155.1   3747.1
49   11   -453.0   -198.1   3758.6
49   12   -401.7   -490.4   3810.4
49   13   -279.3   157.3   3763.4
49   14   -289.4   -195.0   3791.1
49   15   -301.6   -491.6   3842.7
49   16   -367.1   508.8   3516.8
49   17   -311.3   491.6   3507.7
49   18   -363.5   632.0   3651.2
50   0   -363.6   723.7   3669.3
50   1   -361.7   571.6   3676.1
50   2   -484.0   550.7   3639.8
50   3   -491.1   356.3   3543.1
50   4   -341.8   538.9   3511.4
50   5   -239.0   561.0   3677.7
50   6   -204.7   358.1   3608.1
50   7   -331.8   518.6   3486.8
50   8   -356.2   383.1   3754.3
50   9   -361.5   215.4   3763.8
50   10   -441.0   155.0   3747.1
50   11   -453.0   -198.7   3758.8
50   12   -401.4   -488.7   3809.5
50   13   -279.3   157.3   3763.1
50   14   -289.4   -195.6   3791.0
50   15   -301.4   -489.8   3842.3
50   16   -366.7   508.5   3516.7
50   17   -310.6   491.8   3507.0
50   18   -363.5   632.0   3651.0
51   0   -363.6   723.7   3669.3
51   1   -361.7   571.6   3676.0
51   2   -484.0   550.7   3639.8
51   3   -491.1   356.3   3543.1
51   4   -341.2   538.4   3511.3
51   5   -239.1   561.0   3677.7
51   6   -204.8   358.6   3606.7
51   7   -332.2   519.4   3486.0
51   8   -356.2   383.0   3754.4
51   9   -361.5   215.5   3763.8
51   10   -441.0   155.0   3747.1
51   11   -453.0   -199.1   3758.9
51   12   -400.7   -485.8   3809.8
51   13   -279.3   157.3   3762.9
51   14   -289.4   -195.9   3791.0
51   15   -301.1   -487.2   3841.7
51   16   -366.2   508.0   3516.6
51   17   -311.0   492.6   3506.1
51   18   -363.5   632.0   3650.9
52   0   -363.5   723.7   3669.2
52   1   -361.7   571.6   3675.9
52   2   -484.0   550.8   3639.8
52   3   -491.2   356.3   3543.1
52   4   -341.1   538.3   3511.3
52   5   -239.1   561.1   3677.7
52   6   -204.9   358.9   3606.0
52   7   -332.6   519.5   3485.4
52   8   -356.2   382.8   3754.4
52   9   -361.5   215.5   3763.8
52   10   -441.0   155.0   3747.1
52   11   -453.0   -199.4   3758.9
52   12   -400.6   -483.3   3810.0
52   13   -279.3   157.2   3762.8
52   14   -289.4   -196.3   3791.0
52   15   -300.9   -484.9   3841.1
52   16   -366.1   508.0   3516.6
52   17   -311.3   492.8   3505.5
52   18   -363.5   632.0   3650.8
53   0   -363.5   723.7   3669.2
53   1   -361.7   571.6   3675.8
53   2   -483.9   550.8   3639.8
53   3   -491.2   356.3   3543.1
53   4   -340.8   538.0   3511.2
53   5   -239.2   561.1   3677.7
53   6   -205.0   359.0   3605.7
53   7   -332.9   519.5   3485.1
53   8   -356.2   382.8   3754.4
53   9   -361.5   215.6   3763.7
53   10   -441.0   155.1   3747.0
53   11   -452.9   -199.4   3758.9
53   12   -401.0   -481.7   3809.7
53   13   -279.2   157.3   3762.7
53   14   -289.5   -196.3   3790.8
53   15   -301.1   -483.3   3839.9
53   16   -365.9   507.7   3516.5
53   17   -311.6   492.7   3505.2
53   18   -363.5   632.0   3650.6
54   0   -363.4   723.7   3669.2
54   1   -361.7   571.7   3675.6
54   2   -483.9   550.8   3639.8
54   3   -491.2   356.3   3543.1
54   4   -340.3   537.5   3511.0
54   5   -239.2   561.1   3677.7
54   6   -205.2   359.0   3605.6
54   7   -333.1   519.3   3484.9
54   8   -356.2   382.8   3754.4
54   9   -361.5   215.7   3763.7
54   10   -441.0   155.1   3746.9
54   11   -452.9   -199.4   3759.1
54   12   -401.4   -480.9   3809.7
54   13   -279.2   157.4   3762.5
54   14   -289.5   -196.2   3790.7
54   15   -301.5   -482.7   3838.5
54   16   -365.4   507.3   3516.4
54   17   -311.8   492.6   3505.0
54   18   -363.5   632.0   3650.5
55   0   -363.3   723.7   3669.2
55   1   -361.7   571.7   3675.5
55   2   -483.9   550.8   3639.8
55   3   -491.2   356.3   3543.1
55   4   -340.1   537.4   3510.8
55   5   -239.2   561.2   3677.7
55   6   -205.2   359.0   3605.6
55   7   -333.1   519.1   3484.5
55   8   -356.2   382.8   3754.4
55   9   -361.5   215.7   3763.7
55   10   -441.0   155.1   3746.8
55   11   -452.9   -199.3   3759.3
55   12   -401.6   -480.5   3810.9
55   13   -279.2   157.4   3762.3
55   14   -289.5   -196.1   3790.6
55   15   -301.8   -482.5   3837.9
55   16   -365.3   507.2   3516.2
55   17   -311.8   492.4   3504.7
55   18   -363.5   632.1   3650.3
56   0   -363.3   723.7   3669.2
56   1   -361.7   571.7   3675.4
56   2   -483.9   550.8   3639.8
56   3   -491.3   356.4   3543.2
56   4   -340.3   537.5   3510.7
56   5   -239.3   561.2   3677.7
56   6   -205.2   359.1   3605.7
56   7   -333.5   518.7   3484.4
56   8   -356.2   382.8   3754.4
56   9   -361.5   215.8   3763.7
56   10   -441.0   155.1   3746.8
56   11   -452.9   -199.2   3759.3
56   12   -401.6   -480.8   3811.3
56   13   -279.2   157.4   3762.0
56   14   -290.9   -195.4   3796.7
56   15   -302.7   -483.1   3838.1
56   16   -365.5   507.3   3516.1
56   17   -312.1   492.1   3504.6
56   18   -363.5   632.1   3650.1
57   0   -363.2   723.7   3669.1
57   1   -361.7   571.7   3675.3
57   2   -483.9   550.8   3639.8
57   3   -491.3   356.4   3543.2
57   4   -341.0   538.1   3510.8
57   5   -239.3   561.2   3677.6
57   6   -205.3   359.1   3605.7
57   7   -333.4   518.5   3483.9
57   8   -356.2   382.8   3754.4
57   9   -361.5   215.9   3763.7
57   10   -440.9   155.1   3746.7
57   11   -452.9   -199.2   3759.3
57   12   -401.7   -481.5   3810.3
57   13   -279.2   157.4   3761.7
57   14   -290.3   -195.6   3793.9
57   15   -304.0   -483.4   3837.5
57   16   -366.1   507.8   3516.2
57   17   -312.0   491.9   3504.2
57   18   -363.5   632.1   3650.0
58   0   -363.2   723.7   3668.9
58   1   -361.7   571.8   3675.1
58   2   -483.9   550.8   3639.8
58   3   -491.4   356.4   3543.2
58   4   -341.3   538.2   3510.7
58   5   -239.4   561.3   3677.6
58   6   -205.3   359.1   3605.7
58   7   -333.0   518.3   3483.3
58   8   -356.2   382.8   3754.4
58   9   -361.4   216.0   3763.7
58   10   -440.9   155.1   3746.5
58   11   -452.9   -199.2   3759.3
58   12   -402.1   -482.8   3808.0
58   13   -279.2   157.4   3761.3
58   14   -289.9   -195.8   3792.1
58   15   -306.1   -484.2   3835.9
58   16   -366.3   507.9   3516.1
58   17   -311.7   491.8   3503.7
58   18   -363.5   632.1   3649.8
59   0   -363.1   723.8   3668.7
59   1   -361.7   571.8   3675.0
59   2   -483.8   550.8   3639.9
59   3   -491.5   356.4   3543.2
59   4   -341.1   538.0   3510.3
59   5   -239.4   561.3   3677.6
59   6   -205.3   359.1   3605.7
59   7   -332.8   518.1   3482.7
59   8   -356.2   382.8   3754.4
59   9   -361.4   216.0   3763.7
59   10   -440.9   155.1   3746.3
59   11   -452.9   -199.1   3759.3
59   12   -401.7   -484.0   3805.9
59   13   -279.2   157.4   3760.9
59   14   -289.7   -195.8   3791.0
59   15   -308.7   -485.5   3832.2
59   16   -366.2   507.7   3515.8
59   17   -311.5   491.6   3503.2
59   18   -363.5   632.1   3649.7
60   0   -363.1   723.8   3668.5
60   1   -361.7   571.8   3674.9
60   2   -483.8   550.8   3640.0
60   3   -491.5   356.4   3543.2
60   4   -341.1   537.9   3509.9
60   5   -239.4   561.3   3677.6
60   6   -205.3   359.3   3605.4
60   7   -332.6   517.9   3481.8
60   8   -356.2   382.8   3754.4
60   9   -361.4   216.0   3763.7
60   10   -440.8   155.2   3746.0
60   11   -452.9   -198.9   3759.3
60   12   -400.5   -484.9   3804.1
60   13   -279.2   157.4   3760.5
60   14   -289.6   -195.7   3790.4
60   15   -310.0   -486.4   3830.0
60   16   -366.1   507.6   3515.5
60   17   -311.4   491.5   3502.4
60   18   -363.5   632.1   3649.6
61   0   -363.0   723.8   3668.3
61   1   -361.7   571.8   3674.9
61   2   -483.8   550.8   3640.0
61   3   -491.8   356.5   3543.1
61   4   -341.1   537.7   3509.4
61   5   -239.5   561.3   3677.5
61   6   -205.4   359.8   3603.9
61   7   -332.8   518.4   3480.2
61   8   -356.2   382.8   3754.4
61   9   -361.4   216.1   3763.6
61   10   -440.8   155.2   3745.7
61   11   -452.9   -198.7   3759.2
61   12   -399.0   -485.1   3804.2
61   13   -279.2   157.5   3759.8
61   14   -289.5   -195.4   3790.1
61   15   -310.6   -486.9   3829.1
61   16   -366.3   507.5   3515.0
61   17   -311.5   491.9   3500.8
61   18   -363.5   632.1   3649.5
62   0   -362.9   723.9   3668.0
62   1   -361.7   571.9   3674.8
62   2   -483.8   550.8   3640.0
62   3   -494.4   356.7   3542.9
62   4   -341.9   536.2   3508.5
62   5   -239.5   561.4   3677.5
62   6   -203.4   361.1   3601.5
62   7   -333.0   518.7   3478.9
62   8   -356.2   382.8   3754.4
62   9   -361.4   216.1   3763.6
62   10   -440.7   155.2   3745.4
62   11   -452.9   -198.5   3759.1
62   12   -398.4   -484.8   3805.5
62   13   -279.0   157.9   3759.0
62   14   -289.5   -194.8   3790.0
62   15   -310.2   -486.6   3829.3
62   16   -367.3   506.3   3514.3
62   17   -311.4   492.4   3499.4
62   18   -363.5   632.2   3649.4
63   0   -362.8   723.9   3667.9
63   1   -361.7   571.9   3674.8
63   2   -483.9   550.8   3644.0
63   3   -506.4   363.6   3537.2
63   4   -343.9   532.7   3499.0
63   5   -239.5   561.4   3677.5
63   6   -188.7   367.0   3596.3
63   7   -334.6   515.1   3481.9
63   8   -356.2   382.8   3754.4
63   9   -361.4   216.1   3763.4
63   10   -440.8   155.7   3744.8
63   11   -452.9   -197.7   3758.3
63   12   -397.6   -483.5   3808.6
63   13   -278.5   159.1   3757.7
63   14   -289.5   -193.1   3789.3
63   15   -308.2   -485.2   3829.9
63   16   -371.0   504.5   3505.4
63   17   -310.3   490.4   3500.9
63   18   -363.5   632.2   3649.4
64   0   -362.7   724.1   3667.8
64   1   -361.7   571.7   3676.1
64   2   -483.5   551.2   3659.2
64   3   -530.1   393.4   3522.2
64   4   -355.5   536.3   3455.8
64   5   -239.2   561.2   3677.6
64   6   -155.7   392.4   3575.0
64   7   -335.3   513.5   3487.0
64   8   -356.2   382.3   3754.6
64   9   -361.4   215.6   3761.6
64   10   -441.2   156.5   3743.8
64   11   -452.9   -196.2   3757.0
64   12   -396.8   -480.9   3814.5
64   13   -277.6   161.0   3756.0
64   14   -289.6   -190.4   3788.0
64   15   -304.3   -482.5   3832.5
64   16   -384.6   512.5   3466.9
64   17   -305.4   493.3   3501.7
64   18   -363.5   632.2   3651.1
65   0   -362.5   724.6   3667.8
65   1   -361.7   571.4   3679.8
65   2   -483.1   551.7   3673.5
65   3   -548.3   408.7   3524.3
65   4   -454.6   522.1   3373.9
65   5   -238.6   560.9   3677.8
65   6   -111.9   431.0   3566.9
65   7   -313.9   515.5   3483.4
65   8   -356.1   381.1   3755.2
65   9   -361.4   214.3   3758.8
65   10   -441.5   156.8   3742.8
65   11   -452.9   -194.7   3755.4
65   12   -396.4   -477.8   3821.6
65   13   -277.4   161.8   3754.9
65   14   -289.8   -188.4   3786.6
65   15   -301.4   -479.8   3838.3
65   16   -469.9   503.2   3398.9
65   17   -280.3   501.4   3497.3
65   18   -363.5   632.2   3655.7
66   0   -362.4   724.9   3667.7
66   1   -361.7   570.9   3685.1
66   2   -483.5   551.7   3679.2
66   3   -592.8   428.9   3541.0
66   4   -554.4   516.5   3341.4
66   5   -237.9   560.5   3679.1
66   6   -61.8   472.1   3628.4
66   7   -265.0   506.4   3520.4
66   8   -356.1   379.6   3755.9
66   9   -361.5   212.7   3756.6
66   10   -441.7   156.9   3742.3
66   11   -452.8   -193.4   3754.0
66   12   -398.6   -474.4   3828.4
66   13   -277.5   161.9   3755.2
66   14   -289.8   -187.2   3784.8
66   15   -300.5   -477.2   3842.0
66   16   -560.6   501.9   3374.7
66   17   -231.2   500.7   3538.4
66   18   -363.4   632.2   3662.4
67   0   -362.2   724.8   3667.7
67   1   -361.6   570.5   3689.8
67   2   -484.1   551.8   3679.0
67   3   -635.3   468.5   3553.6
67   4   -691.8   510.8   3344.0
67   5   -237.6   560.4   3681.9
67   6   -32.8   513.4   3658.2
67   7   -248.6   506.1   3563.7
67   8   -356.1   378.6   3756.4
67   9   -361.5   211.7   3755.3
67   10   -441.7   156.9   3742.1
67   11   -452.4   -192.4   3754.1
67   12   -400.5   -474.4   3825.7
67   13   -277.6   162.0   3755.4
67   14   -289.7   -186.3   3784.1
67   15   -300.8   -475.8   3842.3
67   16   -682.4   503.7   3378.9
67   17   -212.6   507.3   3579.4
67   18   -363.4   632.3   3668.4
68   0   -362.1   725.7   3667.6
68   1   -361.6   571.5   3692.2
68   2   -484.2   552.7   3674.1
68   3   -656.9   499.9   3553.6
68   4   -800.2   525.5   3381.8
68   5   -237.7   560.9   3683.1
68   6   -20.7   547.1   3664.8
68   7   -246.2   514.1   3596.2
68   8   -356.1   379.4   3756.3
68   9   -361.5   212.6   3754.6
68   10   -441.6   157.0   3742.1
68   11   -452.0   -191.8   3754.0
68   12   -401.8   -475.7   3818.3
68   13   -277.7   162.2   3755.5
68   14   -289.6   -185.6   3783.5
68   15   -300.9   -475.0   3842.1
68   16   -776.4   521.2   3410.4
68   17   -208.6   519.6   3607.6
68   18   -363.4   633.5   3671.5
69   0   -361.9   729.5   3667.2
69   1   -361.6   575.1   3690.9
69   2   -484.7   557.2   3663.5
69   3   -675.0   527.2   3559.4
69   4   -871.5   551.6   3433.0
69   5   -237.1   565.7   3683.4
69   6   -15.9   564.6   3673.8
69   7   -245.3   531.2   3611.6
69   8   -356.3   383.1   3755.3
69   9   -361.4   216.2   3754.4
69   10   -441.6   157.1   3742.1
69   11   -451.8   -191.4   3753.7
69   12   -402.9   -475.2   3818.8
69   13   -277.8   162.3   3755.6
69   14   -289.5   -185.2   3783.1
69   15   -300.7   -474.3   3842.0
69   16   -838.9   547.5   3454.1
69   17   -207.1   536.8   3622.0
69   18   -363.3   637.1   3670.1
70   0   -361.7   734.6   3666.4
70   1   -361.6   580.1   3686.7
70   2   -485.1   563.6   3651.3
70   3   -688.6   544.3   3571.2
70   4   -906.5   577.3   3468.2
70   5   -235.8   573.9   3683.2
70   6   -14.4   585.4   3682.0
70   7   5.3   578.2   3642.7
70   8   -356.4   388.0   3753.6
70   9   -361.3   221.0   3754.2
70   10   -441.5   157.3   3742.1
70   11   -451.6   -191.6   3753.7
70   12   -403.6   -475.6   3815.5
70   13   -277.8   162.7   3755.6
70   14   -289.4   -185.2   3782.8
70   15   -300.3   -473.5   3842.8
70   16   -870.2   571.8   3485.4
70   17   2.2   579.4   3649.2
70   18   -363.2   641.9   3665.2
71   0   -361.5   739.7   3665.1
71   1   -361.5   585.2   3681.9
71   2   -485.4   568.3   3648.3
71   3   -694.4   551.9   3581.6
71   4   -921.5   598.9   3503.1
71   5   -235.3   580.7   3682.2
71   6   -15.6   585.9   3696.2
71   7   130.8   619.6   3642.5
71   8   -356.5   392.9   3752.4
71   9   -361.1   225.4   3754.0
71   10   -441.5   157.6   3742.0
71   11   -451.3   -191.4   3753.5
71   12   -404.5   -475.2   3815.4
71   13   -277.7   163.3   3755.6
71   14   -289.4   -184.8   3782.8
71   15   -299.7   -472.5   3843.6
71   16   -883.6   591.1   3516.2
71   17   106.4   614.0   3651.4
71   18   -363.1   646.7   3659.4
72   0   -361.3   743.9   3662.2
72   1   -361.4   589.3   3678.1
72   2   -485.1   571.1   3652.0
72   3   -694.0   555.3   3586.4
72   4   -920.8   608.0   3512.4
72   5   -235.6   584.6   3681.1
72   6   -17.1   583.9   3700.8
72   7   190.2   643.0   3653.1
72   8   -356.5   396.6   3751.5
72   9   -361.0   229.8   3753.8
72   10   -441.4   158.1   3741.8
72   11   -451.2   -191.1   3753.4
72   12   -404.9   -474.9   3815.4
72   13   -277.5   164.1   3755.3
72   14   -289.4   -184.1   3782.8
72   15   -299.5   -471.6   3844.6
72   16   -883.0   599.2   3524.7
72   17   155.7   633.2   3661.1
72   18   -363.0   650.5   3654.9
73   0   -361.1   746.8   3657.3
73   1   -361.3   591.9   3675.6
73   2   -484.6   572.3   3651.8
73   3   -693.5   556.0   3588.1
73   4   -915.2   610.4   3507.2
73   5   -236.2   585.8   3680.4
73   6   -18.8   581.7   3703.4
73   7   211.0   653.0   3656.7
73   8   -356.5   398.6   3750.9
73   9   -360.9   233.1   3753.6
73   10   -441.4   158.6   3741.5
73   11   -450.8   -190.6   3752.6
73   12   -405.0   -474.7   3813.9
73   13   -277.6   164.6   3754.9
73   14   -289.4   -183.6   3782.7
73   15   -299.6   -471.0   3844.9
73   16   -878.2   601.4   3520.7
73   17   172.6   641.1   3664.5
73   18   -362.8   652.9   3651.9
74   0   -361.0   748.4   3653.3
74   1   -361.2   593.2   3674.3
74   2   -484.3   572.5   3653.7
74   3   -692.1   555.6   3588.8
74   4   -908.7   609.7   3499.8
74   5   -236.6   585.5   3680.1
74   6   -20.0   579.7   3705.0
74   7   214.2   654.7   3656.3
74   8   -356.5   399.3   3750.5
74   9   -360.9   235.1   3753.3
74   10   -441.3   158.8   3741.1
74   11   -450.3   -191.0   3751.7
74   12   -404.9   -475.3   3810.6
74   13   -277.7   164.7   3754.2
74   14   -289.4   -184.0   3782.5
74   15   -300.1   -470.9   3845.1
74   16   -872.6   600.6   3514.7
74   17   175.1   642.2   3664.4
74   18   -362.7   654.1   3650.4
75   0   -360.8   749.2   3651.0
75   1   -361.0   593.7   3673.9
75   2   -484.1   572.5   3657.5
75   3   -690.1   554.9   3589.0
75   4   -903.1   607.9   3493.7
75   5   -236.8   584.4   3679.9
75   6   -20.6   578.5   3705.3
75   7   211.4   652.7   3653.7
75   8   -356.5   399.2   3750.1
75   9   -360.9   236.2   3753.0
75   10   -441.1   158.8   3740.5
75   11   -449.7   -188.5   3750.5
75   12   -405.4   -471.5   3810.0
75   13   -277.8   164.6   3753.4
75   14   -289.1   -181.6   3781.7
75   15   -300.5   -467.1   3844.3
75   16   -867.6   599.0   3509.6
75   17   172.7   640.3   3662.3
75   18   -362.4   654.6   3650.0
76   0   -360.7   749.6   3650.2
76   1   -360.8   593.8   3673.8
76   2   -484.0   572.1   3660.1
76   3   -688.8   554.3   3588.8
76   4   -900.2   606.6   3491.1
76   5   -236.8   583.1   3680.0
76   6   -20.7   577.7   3705.0
76   7   207.2   649.5   3649.1
76   8   -356.4   398.7   3749.7
76   9   -360.8   236.7   3752.8
76   10   -441.0   158.6   3739.8
76   11   -449.1   -185.0   3750.0
76   12   -405.9   -467.4   3809.2
76   13   -277.9   164.3   3752.5
76   14   -288.8   -178.2   3780.9
76   15   -301.1   -463.1   3842.2
76   16   -864.9   597.9   3507.4
76   17   169.2   637.5   3658.4
76   18   -362.2   654.8   3650.1
77   0   -360.5   749.7   3650.1
77   1   -360.6   593.7   3674.0
77   2   -484.1   571.6   3660.4
77   3   -688.4   553.9   3588.1
77   4   -899.0   605.9   3489.3
77   5   -236.6   581.7   3680.1
77   6   -20.6   576.9   3704.7
77   7   202.8   645.5   3641.0
77   8   -356.4   398.1   3749.2
77   9   -360.8   236.9   3752.4
77   10   -440.9   158.6   3738.9
77   11   -448.8   -181.4   3749.6
77   12   -406.3   -463.1   3808.9
77   13   -278.0   164.1   3751.5
77   14   -288.6   -174.8   3780.4
77   15   -302.0   -459.4   3839.9
77   16   -863.9   597.2   3505.8
77   17   165.6   634.0   3651.6
77   18   -361.9   654.8   3650.5
78   0   -360.3   749.8   3650.4
78   1   -360.4   593.6   3674.5
78   2   -484.3   571.1   3660.6
78   3   -688.3   553.7   3587.4
78   4   -898.7   605.5   3488.6
78   5   -236.2   580.4   3680.3
78   6   -20.2   576.0   3704.6
78   7   198.9   641.5   3631.4
78   8   -356.4   397.5   3748.6
78   9   -360.8   236.8   3752.0
78   10   -440.8   158.7   3737.7
78   11   -448.6   -178.1   3749.3
78   12   -406.6   -459.4   3809.0
78   13   -278.1   163.8   3750.3
78   14   -288.5   -171.9   3780.0
78   15   -302.8   -456.2   3838.2
78   16   -863.6   596.8   3505.0
78   17   162.4   630.6   3643.6
78   18   -361.7   654.8   3651.3
79   0   -360.2   749.8   3650.7
79   1   -360.1   593.4   3675.1
79   2   -484.7   571.0   3660.6
79   3   -688.3   553.5   3586.6
79   4   -898.9   605.3   3488.3
79   5   -235.5   579.4   3680.5
79   6   -19.5   574.9   3704.5
79   7   196.4   638.1   3624.1
79   8   -356.4   396.8   3748.1
79   9   -360.8   236.6   3751.6
79   10   -440.8   158.8   3736.4
79   11   -448.5   -175.4   3749.3
79   12   -407.0   -456.2   3808.7
79   13   -278.3   163.4   3749.2
79   14   -288.4   -169.5   3779.5
79   15   -302.6   -453.4   3836.7
79   16   -863.8   596.7   3504.7
79   17   160.4   627.6   3637.5
79   18   -361.3   654.7   3652.3
80   0   -360.1   749.9   3651.0
80   1   -359.8   593.2   3675.8
80   2   -485.2   571.2   3660.5
80   3   -688.5   553.4   3585.8
80   4   -899.4   605.4   3488.3
80   5   -234.5   578.8   3680.8
80   6   -18.6   573.7   3704.5
80   7   195.3   636.8   3620.1
80   8   -356.4   396.2   3747.5
80   9   -360.8   236.4   3751.2
80   10   -440.7   158.9   3735.1
80   11   -448.4   -173.1   3749.4
80   12   -407.4   -454.2   3806.4
80   13   -278.3   163.3   3748.0
80   14   -288.3   -167.5   3779.1
80   15   -302.4   -451.5   3835.0
80   16   -864.2   596.7   3504.6
80   17   159.6   626.3   3634.1
80   18   -360.9   654.7   3653.4
81   0   -359.9   749.9   3651.3
81   1   -359.5   593.0   3676.6
81   2   -485.7   571.4   3660.5
81   3   -688.6   553.3   3584.9
81   4   -899.9   605.5   3488.4
81   5   -233.4   578.5   3681.2
81   6   -17.5   572.2   3704.5
81   7   197.0   635.2   3622.4
81   8   -356.4   395.7   3747.2
81   9   -360.8   236.2   3750.8
81   10   -440.8   158.9   3734.4
81   11   -448.4   -171.4   3749.3
81   12   -407.7   -453.1   3804.1
81   13   -278.3   163.2   3746.7
81   14   -288.2   -165.8   3778.8
81   15   -302.2   -449.9   3834.1
81   16   -864.7   596.8   3504.5
81   17   161.3   624.7   3636.1
81   18   -360.5   654.7   3654.6
82   0   -359.8   749.9   3651.7
82   1   -359.2   592.9   3677.4
82   2   -486.1   571.5   3660.5
82   3   -688.7   553.2   3583.9
82   4   -898.9   605.1   3489.2
82   5   -232.3   578.1   3681.5
82   6   -16.4   570.7   3704.5
82   7   198.8   631.5   3628.4
82   8   -356.4   395.3   3747.1
82   9   -360.8   236.0   3750.4
82   10   -440.9   159.0   3733.9
82   11   -448.4   -170.1   3749.1
82   12   -407.9   -452.8   3799.6
82   13   -278.3   163.2   3745.9
82   14   -288.2   -164.5   3778.2
82   15   -302.1   -448.9   3833.6
82   16   -863.9   596.5   3504.9
82   17   163.0   621.3   3641.1
82   18   -360.0   654.7   3655.7
83   0   -359.7   749.9   3652.2
83   1   -358.9   592.8   3678.3
83   2   -486.5   571.6   3660.5
83   3   -688.7   553.1   3582.8
83   4   -897.0   604.5   3490.2
83   5   -231.2   577.7   3681.8
83   6   -15.3   569.2   3704.5
83   7   198.1   630.1   3631.4
83   8   -356.4   395.0   3747.2
83   9   -360.8   235.9   3750.1
83   10   -441.0   159.0   3733.6
83   11   -448.5   -169.0   3748.8
83   12   -408.0   -452.8   3797.0
83   13   -278.2   163.2   3745.6
83   14   -288.2   -163.6   3777.4
83   15   -302.0   -448.6   3833.1
83   16   -862.3   595.9   3505.6
83   17   162.5   619.9   3643.6
83   18   -359.6   654.6   3656.8
84   0   -359.7   749.9   3653.0
84   1   -358.6   592.8   3679.2
84   2   -487.0   571.7   3660.5
84   3   -688.6   553.0   3581.7
84   4   -895.0   603.7   3491.0
84   5   -230.3   577.2   3682.1
84   6   -14.3   568.4   3704.5
84   7   196.2   629.2   3631.3
84   8   -356.5   394.8   3747.4
84   9   -360.8   235.9   3749.9
84   10   -441.1   159.1   3733.4
84   11   -448.6   -171.6   3748.7
84   12   -407.5   -456.0   3797.6
84   13   -278.2   163.2   3745.7
84   14   -288.3   -166.3   3777.5
84   15   -302.2   -452.1   3833.4
84   16   -860.6   595.3   3506.1
84   17   161.1   619.0   3643.5
84   18   -359.2   654.6   3657.8
85   0   -359.7   749.9   3654.2
85   1   -358.3   592.7   3680.0
85   2   -487.3   571.8   3660.5
85   3   -688.5   552.8   3580.5
85   4   -893.3   602.9   3491.5
85   5   -229.3   576.7   3682.3
85   6   -13.4   567.8   3704.5
85   7   194.3   628.3   3629.7
85   8   -356.5   394.6   3747.6
85   9   -360.8   235.8   3749.8
85   10   -441.2   159.2   3733.3
85   11   -448.7   -175.5   3748.8
85   12   -407.0   -460.6   3798.9
85   13   -278.1   163.2   3745.8
85   14   -288.5   -170.3   3777.6
85   15   -302.4   -457.0   3833.9
85   16   -859.1   594.6   3506.3
85   17   159.7   618.2   3642.2
85   18   -358.8   654.6   3658.9
86   0   -359.7   749.9   3655.6
86   1   -357.9   592.6   3680.8
86   2   -487.6   571.9   3660.6
86   3   -688.5   552.6   3580.1
86   4   -891.8   602.0   3491.3
86   5   -228.5   576.2   3682.5
86   6   -12.5   567.4   3704.5
86   7   193.2   627.5   3628.6
86   8   -356.5   394.4   3747.8
86   9   -360.8   235.7   3749.7
86   10   -441.3   159.3   3733.2
86   11   -448.8   -179.5   3748.9
86   12   -406.4   -465.9   3799.5
86   13   -278.1   163.2   3745.9
86   14   -288.6   -174.4   3777.6
86   15   -302.8   -462.4   3834.4
86   16   -858.0   593.7   3506.1
86   17   158.9   617.5   3641.3
86   18   -358.4   654.6   3659.9
87   0   -359.8   750.0   3656.7
87   1   -357.6   592.6   3681.4
87   2   -487.7   572.1   3660.6
87   3   -688.5   552.4   3579.9
87   4   -890.8   600.9   3490.8
87   5   -227.7   575.8   3682.7
87   6   -11.7   566.8   3704.5
87   7   192.3   626.7   3626.9
87   8   -356.5   394.3   3748.0
87   9   -360.8   235.6   3749.6
87   10   -441.5   159.4   3733.2
87   11   -448.9   -182.6   3749.0
87   12   -405.8   -470.3   3800.1
87   13   -278.0   163.2   3745.9
87   14   -288.7   -177.7   3777.4
87   15   -303.4   -467.1   3835.0
87   16   -857.1   592.8   3505.6
87   17   158.3   616.7   3639.8
87   18   -357.9   654.6   3660.5
88   0   -359.9   750.0   3657.3
88   1   -357.2   592.6   3681.7
88   2   -487.7   572.3   3660.6
88   3   -688.4   552.0   3579.8
88   4   -889.6   599.9   3490.0
88   5   -227.1   575.4   3682.9
88   6   -11.1   566.1   3704.5
88   7   191.0   626.4   3624.8
88   8   -356.5   394.3   3748.1
88   9   -360.8   235.6   3749.5
88   10   -441.6   159.6   3733.2
88   11   -448.9   -185.2   3749.1
88   12   -405.3   -474.2   3800.4
88   13   -278.0   163.2   3745.9
88   14   -288.8   -180.5   3777.6
88   15   -303.7   -471.1   3835.5
88   16   -856.0   591.9   3505.0
88   17   157.3   616.4   3638.1
88   18   -357.4   654.6   3660.9
89   0   -359.9   749.9   3657.6
89   1   -356.8   592.6   3681.9
89   2   -487.6   572.5   3660.6
89   3   -688.2   551.4   3579.7
89   4   -888.3   598.6   3489.0
89   5   -226.5   575.0   3683.0
89   6   -10.5   565.3   3704.4
89   7   190.1   625.9   3623.3
89   8   -356.5   394.2   3748.2
89   9   -360.8   235.6   3749.5
89   10   -441.7   159.8   3733.3
89   11   -449.0   -187.3   3749.1
89   12   -404.8   -478.2   3799.5
89   13   -278.0   163.2   3746.0
89   14   -288.9   -182.7   3777.8
89   15   -304.1   -475.0   3836.0
89   16   -854.9   590.8   3504.1
89   17   156.6   615.8   3636.8
89   18   -356.9   654.6   3661.1
90   0   -360.0   749.9   3657.9
90   1   -356.6   592.5   3682.0
90   2   -487.6   572.7   3660.7
90   3   -687.9   550.8   3579.5
90   4   -888.7   597.7   3487.1
90   5   -226.1   574.8   3683.0
90   6   -10.2   564.0   3704.4
90   7   189.0   628.3   3619.4
90   8   -356.6   394.2   3748.2
90   9   -360.9   235.7   3749.5
90   10   -441.9   159.9   3733.3
90   11   -449.1   -189.0   3749.2
90   12   -404.3   -482.8   3796.7
90   13   -277.9   163.2   3746.0
90   14   -288.9   -184.6   3777.9
90   15   -304.5   -479.3   3836.8
90   16   -855.2   589.9   3502.5
90   17   155.8   617.6   3633.6
90   18   -356.6   654.6   3661.3
91   0   -360.0   749.9   3658.1
91   1   -356.4   592.5   3682.1
91   2   -487.6   572.8   3660.7
91   3   -687.8   550.1   3579.5
91   4   -889.5   596.6   3484.3
91   5   -225.8   574.6   3683.1
91   6   -9.9   562.5   3704.5
91   7   183.5   634.7   3609.0
91   8   -356.6   394.2   3748.3
91   9   -360.9   235.7   3749.5
91   10   -442.0   160.1   3733.5
91   11   -449.1   -190.3   3749.3
91   12   -402.2   -484.7   3796.7
91   13   -277.9   163.2   3746.1
91   14   -289.0   -186.0   3778.1
91   15   -305.0   -481.5   3837.5
91   16   -855.9   588.9   3500.2
91   17   151.3   622.7   3624.9
91   18   -356.3   654.6   3661.3
92   0   -360.0   749.9   3658.4
92   1   -356.2   592.5   3682.1
92   2   -487.5   572.9   3660.7
92   3   -687.7   549.5   3579.5
92   4   -889.9   595.4   3480.6
92   5   -225.6   574.4   3683.1
92   6   -9.8   561.1   3704.5
92   7   184.7   633.0   3606.0
92   8   -356.6   394.3   3748.3
92   9   -360.9   235.8   3749.5
92   10   -442.1   160.3   3733.6
92   11   -449.1   -188.0   3749.1
92   12   -402.1   -482.2   3795.4
92   13   -277.9   163.2   3746.1
92   14   -288.9   -183.7   3777.9
92   15   -305.4   -478.7   3838.0
92   16   -856.2   587.7   3497.1
92   17   152.3   621.0   3622.4
92   18   -356.1   654.6   3661.3
93   0   -360.1   749.9   3658.7
93   1   -356.0   592.5   3682.1
93   2   -487.2   572.9   3660.7
93   3   -687.4   548.8   3579.6
93   4   -890.2   593.8   3477.7
93   5   -225.3   574.2   3683.2
93   6   -9.5   560.0   3704.6
93   7   183.9   631.6   3599.6
93   8   -356.7   394.3   3748.4
93   9   -360.9   235.8   3749.5
93   10   -442.2   160.3   3733.7
93   11   -449.1   -187.8   3749.1
93   12   -401.9   -481.2   3795.0
93   13   -277.9   163.3   3746.1
93   14   -288.9   -183.5   3777.9
93   15   -305.6   -477.7   3838.1
93   16   -856.4   586.3   3494.7
93   17   151.6   619.6   3617.1
93   18   -355.8   654.6   3661.3
94   0   -360.2   749.8   3658.9
94   1   -355.6   592.5   3682.1
94   2   -486.8   573.0   3660.7
94   3   -686.9   547.9   3579.8
94   4   -890.8   592.1   3476.5
94   5   -224.9   574.0   3683.2
94   6   -9.2   558.8   3704.9
94   7   183.2   628.7   3594.0
94   8   -356.8   394.3   3748.4
94   9   -360.9   235.9   3749.5
94   10   -442.2   160.2   3733.8
94   11   -449.1   -188.7   3749.2
94   12   -401.5   -481.5   3795.3
94   13   -277.8   163.3   3746.1
94   14   -288.9   -184.4   3778.0
94   15   -304.9   -478.3   3837.1
94   16   -856.8   584.7   3493.7
94   17   151.1   617.0   3612.5
94   18   -355.3   654.5   3661.3
95   0   -360.2   749.8   3659.0
95   1   -355.2   592.5   3682.1
95   2   -486.3   573.1   3660.8
95   3   -686.4   547.5   3580.0
95   4   -891.5   590.2   3475.8
95   5   -224.6   573.8   3683.3
95   6   -9.0   557.7   3705.3
95   7   183.2   626.5   3591.0
95   8   -356.9   394.4   3748.5
95   9   -360.9   235.9   3749.5
95   10   -442.2   160.2   3733.9
95   11   -449.0   -186.5   3749.2
95   12   -401.7   -479.1   3794.7
95   13   -277.8   163.3   3746.1
95   14   -288.8   -182.1   3777.8
95   15   -304.6   -476.1   3835.1
95   16   -857.3   583.1   3493.2
95   17   151.2   615.0   3610.0
95   18   -354.7   654.5   3661.3
96   0   -360.3   749.7   3659.0
96   1   -354.9   592.5   3682.1
96   2   -485.7   573.2   3660.8
96   3   -685.7   546.7   3580.1
96   4   -891.9   588.4   3475.7
96   5   -224.2   573.6   3683.3
96   6   -8.7   557.0   3705.7
96   7   184.0   625.7   3590.4
96   8   -357.1   394.4   3748.6
96   9   -360.9   236.0   3749.5
96   10   -442.2   160.1   3734.1
96   11   -448.9   -183.1   3749.4
96   12   -402.3   -475.5   3793.7
96   13   -277.8   163.3   3746.2
96   14   -288.7   -178.7   3777.4
96   15   -304.6   -472.5   3832.4
96   16   -857.5   581.4   3493.1
96   17   151.9   614.3   3609.6
96   18   -354.2   654.5   3661.3
97   0   -360.4   749.7   3659.0
97   1   -354.6   592.4   3682.1
97   2   -485.3   573.4   3660.8
97   3   -685.2   545.9   3580.2
97   4   -892.3   586.7   3475.8
97   5   -224.0   573.5   3683.4
97   6   -8.6   556.8   3706.0
97   7   184.7   625.4   3590.1
97   8   -357.2   394.5   3748.6
97   9   -360.9   236.0   3749.5
97   10   -442.3   160.1   3734.2
97   11   -448.8   -179.5   3749.4
97   12   -402.3   -470.6   3793.9
97   13   -277.7   163.4   3746.2
97   14   -288.6   -175.1   3777.7
97   15   -305.0   -468.5   3827.2
97   16   -857.8   579.9   3493.2
97   17   152.5   614.0   3609.4
97   18   -353.7   654.5   3661.3
98   0   -360.4   749.7   3659.0
98   1   -354.4   592.4   3682.1
98   2   -485.0   573.5   3660.8
98   3   -684.7   544.8   3580.2
98   4   -892.7   584.2   3475.8
98   5   -223.9   573.4   3683.4
98   6   -8.4   556.8   3706.0
98   7   185.4   625.4   3590.0
98   8   -357.4   394.5   3748.6
98   9   -361.0   236.0   3749.5
98   10   -442.3   160.0   3734.5
98   11   -448.8   -176.6   3749.4
98   12   -401.6   -467.3   3796.8
98   13   -277.7   163.3   3746.2
98   14   -288.4   -171.9   3778.6
98   15   -305.6   -465.3   3829.8
98   16   -858.0   577.7   3493.2
98   17   153.1   614.0   3609.3
98   18   -353.5   654.5   3661.3
99   0   -360.4   749.6   3659.0
99   1   -354.3   592.4   3682.1
99   2   -484.7   573.6   3660.8
99   3   -684.3   543.6   3580.2
99   4   -893.1   581.0   3475.7
99   5   -223.9   573.4   3683.4
99   6   -8.4   557.0   3705.7
99   7   189.9   622.3   3594.9
99   8   -357.6   394.5   3748.6
99   9   -361.0   236.0   3749.5
99   10   -442.2   159.8   3734.7
99   11   -448.7   -174.2   3749.3
99   12   -401.8   -465.2   3800.6
99   13   -277.7   163.3   3746.3
99   14   -288.4   -169.2   3780.2
99   15   -307.0   -462.5   3836.4
99   16   -858.3   574.8   3493.1
99   17   156.9   611.4   3613.4
99   18   -353.3   654.4   3661.3
100   0   -360.5   749.6   3659.0
100   1   -354.3   592.4   3682.1
100   2   -484.5   573.7   3660.8
100   3   -683.9   542.5   3580.3
100   4   -893.4   579.1   3476.2
100   5   -223.9   573.4   3683.4
100   6   -8.3   557.1   3705.4
100   7   189.2   623.3   3593.0
100   8   -357.8   394.5   3748.6
100   9   -361.0   236.0   3749.5
100   10   -442.1   159.5   3734.7
100   11   -448.7   -172.4   3749.2
100   12   -401.5   -463.0   3808.5
100   13   -277.8   163.2   3746.2
100   14   -288.5   -167.2   3780.6
100   15   -308.0   -460.3   3842.8
100   16   -858.5   573.0   3493.6
100   17   156.3   612.3   3611.7
100   18   -353.1   654.4   3661.3
101   0   -360.5   749.5   3659.0
101   1   -354.2   592.3   3682.1
101   2   -484.3   573.8   3660.8
101   3   -683.5   541.4   3580.4
101   4   -893.7   577.6   3476.9
101   5   -223.9   573.4   3683.4
101   6   -8.2   557.1   3704.9
101   7   195.2   618.6   3600.5
101   8   -358.1   394.5   3748.6
101   9   -361.1   236.1   3749.5
101   10   -441.9   159.2   3734.7
101   11   -448.6   -171.1   3749.2
101   12   -401.0   -461.2   3815.6
101   13   -277.8   163.1   3746.2
101   14   -288.5   -165.7   3780.2
101   15   -308.2   -459.6   3844.0
101   16   -858.6   571.6   3494.1
101   17   161.3   608.4   3617.9
101   18   -353.0   654.4   3661.3
102   0   -360.5   749.5   3659.0
102   1   -354.2   592.3   3682.1
102   2   -484.1   573.9   3660.8
102   3   -683.2   540.5   3580.5
102   4   -893.9   577.1   3477.8
102   5   -223.9   573.4   3683.4
102   6   -8.2   557.1   3704.7
102   7   190.2   623.0   3593.3
102   8   -358.3   394.6   3748.6
102   9   -361.1   236.1   3749.5
102   10   -441.8   159.1   3734.6
102   11   -448.6   -170.0   3749.2
102   12   -401.1   -460.5   3818.1
102   13   -277.7   163.1   3746.2
102   14   -288.5   -164.5   3779.4
102   15   -308.3   -459.3   3843.4
102   16   -858.8   571.0   3494.9
102   17   157.1   612.0   3611.9
102   18   -352.9   654.4   3661.3
103   0   -360.5   749.5   3659.0
103   1   -354.2   592.3   3682.1
103   2   -483.9   574.0   3660.8
103   3   -682.9   539.3   3580.6
103   4   -894.0   577.1   3478.7
103   5   -223.9   573.4   3683.4
103   6   -8.3   557.0   3704.6
103   7   196.2   618.1   3601.5
103   8   -358.5   394.6   3748.5
103   9   -361.1   236.1   3749.5
103   10   -441.8   158.9   3734.6
103   11   -448.6   -169.2   3749.2
103   12   -401.3   -460.2   3818.9
103   13   -277.8   162.8   3746.2
103   14   -288.5   -163.9   3778.8
103   15   -308.4   -459.5   3842.2
103   16   -858.8   570.8   3495.7
103   17   162.2   607.9   3618.7
103   18   -352.8   654.3   3661.3
104   0   -360.5   749.4   3658.9
104   1   -354.2   592.2   3682.1
104   2   -483.8   574.1   3660.8
104   3   -682.4   537.7   3580.6
104   4   -893.1   577.2   3479.6
104   5   -224.0   573.4   3683.4
104   6   -8.3   557.0   3704.5
104   7   203.3   610.8   3613.8
104   8   -358.8   394.7   3748.5
104   9   -361.2   236.2   3749.5
104   10   -441.8   158.9   3734.6
104   11   -448.5   -168.5   3749.3
104   12   -401.9   -460.2   3819.1
104   13   -278.0   162.5   3746.2
104   14   -288.5   -163.5   3778.1
104   15   -308.6   -459.2   3843.8
104   16   -858.0   570.6   3496.4
104   17   168.0   601.8   3628.9
104   18   -352.7   654.3   3661.3
105   0   -360.5   749.3   3657.4
105   1   -354.2   592.2   3682.0
105   2   -483.3   573.5   3659.8
105   3   -682.1   535.9   3580.4
105   4   -891.2   577.0   3480.7
105   5   -224.1   573.1   3682.4
105   6   -8.5   557.0   3704.7
105   7   204.3   607.8   3618.5
105   8   -359.1   394.9   3748.1
105   9   -361.2   236.3   3749.4
105   10   -442.1   158.6   3734.6
105   11   -448.5   -168.2   3749.3
105   12   -402.2   -460.4   3819.0
105   13   -278.0   161.9   3746.2
105   14   -288.5   -163.5   3778.0
105   15   -309.0   -458.6   3847.9
105   16   -856.4   570.2   3497.3
105   17   168.8   599.3   3632.8
105   18   -352.7   654.2   3661.3
106   0   -360.3   749.2   3655.3
106   1   -354.3   592.1   3681.9
106   2   -482.8   572.9   3658.9
106   3   -681.6   534.1   3580.0
106   4   -888.4   576.3   3482.1
106   5   -224.4   572.2   3680.4
106   6   -9.0   557.1   3705.0
106   7   201.4   607.0   3619.0
106   8   -359.7   395.1   3747.2
106   9   -361.6   236.6   3749.0
106   10   -442.6   158.3   3734.3
106   11   -448.6   -168.0   3749.6
106   12   -403.0   -460.8   3818.9
106   13   -278.2   161.4   3746.2
106   14   -288.5   -163.6   3777.9
106   15   -309.0   -458.6   3849.6
106   16   -853.9   569.3   3498.4
106   17   166.4   598.7   3633.3
106   18   -352.7   654.2   3661.2
107   0   -360.2   748.9   3653.3
107   1   -354.5   591.8   3681.6
107   2   -482.5   572.3   3658.3
107   3   -681.1   532.6   3579.4
107   4   -886.1   575.3   3483.1
107   5   -224.9   570.8   3678.4
107   6   -9.6   557.3   3705.2
107   7   199.4   605.4   3620.7
107   8   -360.4   395.6   3746.0
107   9   -362.1   237.0   3748.5
107   10   -443.2   157.9   3733.9
107   11   -448.6   -168.0   3749.7
107   12   -403.2   -461.1   3819.0
107   13   -278.5   160.8   3746.2
107   14   -288.5   -163.8   3777.9
107   15   -308.7   -459.2   3849.3
107   16   -851.9   568.2   3499.2
107   17   164.5   597.4   3634.8
107   18   -352.6   654.0   3661.2
108   0   -360.1   748.4   3652.2
108   1   -354.7   591.4   3681.4
108   2   -482.3   571.6   3657.8
108   3   -680.7   531.3   3578.6
108   4   -884.3   573.8   3483.9
108   5   -225.5   569.1   3677.3
108   6   -10.2   557.5   3705.2
108   7   197.1   604.4   3621.2
108   8   -361.2   396.0   3744.6
108   9   -362.6   237.5   3747.9
108   10   -443.9   157.3   3733.5
108   11   -448.7   -168.3   3749.6
108   12   -403.3   -461.5   3819.4
108   13   -279.1   159.9   3746.3
108   14   -288.5   -164.4   3777.9
108   15   -308.5   -460.7   3846.7
108   16   -850.3   566.7   3499.7
108   17   162.5   596.6   3635.2
108   18   -352.6   653.6   3661.2
109   0   -360.1   747.9   3651.9
109   1   -354.9   590.8   3681.1
109   2   -482.2   570.8   3657.3
109   3   -680.4   530.3   3577.6
109   4   -882.9   571.8   3484.6
109   5   -225.6   568.1   3676.9
109   6   -10.3   557.5   3705.1
109   7   194.8   603.8   3620.2
109   8   -361.9   396.3   3743.2
109   9   -363.2   237.8   3747.4
109   10   -444.6   156.6   3733.4
109   11   -448.7   -168.8   3749.7
109   12   -403.7   -462.8   3816.9
109   13   -279.7   158.9   3746.3
109   14   -288.5   -165.3   3778.0
109   15   -308.4   -462.6   3842.4
109   16   -849.2   564.8   3500.1
109   17   160.6   596.1   3634.3
109   18   -352.6   653.1   3661.2
110   0   -360.1   747.3   3651.9
110   1   -355.1   590.1   3680.9
110   2   -482.2   570.0   3656.9
110   3   -680.1   529.1   3576.7
110   4   -881.8   569.2   3484.8
110   5   -225.5   567.6   3676.9
110   6   -10.1   557.3   3705.0
110   7   192.7   603.4   3618.5
110   8   -362.7   396.5   3741.9
110   9   -363.8   238.0   3746.8
110   10   -445.3   156.0   3733.5
110   11   -448.9   -169.2   3750.2
110   12   -404.1   -464.4   3812.5
110   13   -280.0   158.6   3746.3
110   14   -288.6   -165.4   3778.6
110   15   -308.6   -464.3   3836.0
110   16   -848.2   562.5   3500.1
110   17   158.9   595.7   3632.9
110   18   -352.6   652.5   3661.2
111   0   -360.1   746.7   3652.1
111   1   -355.3   589.4   3680.6
111   2   -482.2   569.2   3656.5
111   3   -679.8   528.7   3575.4
111   4   -881.2   566.5   3484.7
111   5   -225.3   567.2   3677.1
111   6   -9.9   557.2   3704.7
111   7   190.8   602.9   3616.0
111   8   -363.5   396.5   3740.6
111   9   -364.3   238.0   3746.2
111   10   -445.9   155.5   3733.7
111   11   -449.0   -169.6   3750.7
111   12   -404.8   -466.3   3806.7
111   13   -280.3   158.5   3746.3
111   14   -288.8   -165.3   3779.3
111   15   -309.0   -465.3   3831.6
111   16   -847.6   560.2   3499.8
111   17   157.3   595.3   3630.8
111   18   -352.6   651.9   3661.2
112   0   -360.1   746.1   3652.3
112   1   -355.4   588.7   3680.4
112   2   -482.1   568.5   3656.1
112   3   -679.6   528.7   3574.3
112   4   -882.7   564.1   3483.9
112   5   -225.0   567.0   3677.2
112   6   -9.5   557.0   3704.1
112   7   190.2   602.8   3610.8
112   8   -363.9   396.3   3739.4
112   9   -364.7   237.8   3745.7
112   10   -446.3   155.1   3733.5
112   11   -449.0   -169.8   3751.9
112   12   -404.8   -467.8   3801.2
112   13   -280.4   158.4   3746.2
112   14   -288.9   -165.1   3780.0
112   15   -309.1   -465.7   3829.6
112   16   -848.9   558.2   3498.9
112   17   157.0   595.1   3626.4
112   18   -352.6   651.2   3661.2
113   0   -360.0   745.4   3652.6
113   1   -355.5   587.9   3680.2
113   2   -482.1   567.9   3656.1
113   3   -679.8   528.8   3574.1
113   4   -883.1   562.6   3483.5
113   5   -224.8   566.8   3677.5
113   6   -9.1   556.9   3703.4
113   7   189.4   602.4   3607.4
113   8   -364.3   395.9   3738.6
113   9   -365.0   237.4   3745.2
113   10   -446.6   154.6   3733.4
113   11   -449.1   -170.1   3754.0
113   12   -404.3   -468.0   3804.3
113   13   -280.4   158.4   3746.2
113   14   -289.0   -165.0   3780.8
113   15   -309.2   -465.8   3829.6
113   16   -849.2   557.0   3498.6
113   17   156.3   594.8   3623.4
113   18   -352.6   650.5   3661.2
114   0   -360.0   744.7   3652.7
114   1   -355.6   587.2   3680.1
114   2   -482.3   567.5   3656.2
114   3   -680.0   529.1   3574.1
114   4   -882.7   561.8   3483.6
114   5   -224.5   566.7   3677.7
114   6   -8.7   556.9   3702.7
114   7   189.0   602.3   3606.7
114   8   -364.6   395.4   3738.0
114   9   -365.3   236.9   3744.7
114   10   -446.8   154.1   3733.0
114   11   -449.1   -170.5   3754.2
114   12   -403.3   -465.9   3816.2
114   13   -280.4   158.4   3746.2
114   14   -289.0   -164.9   3781.1
114   15   -309.2   -465.5   3831.8
114   16   -849.0   556.4   3498.7
114   17   156.0   594.7   3622.7
114   18   -352.7   649.8   3661.2
115   0   -359.9   744.1   3652.8
115   1   -355.7   586.5   3680.1
115   2   -482.4   567.2   3656.3
115   3   -680.2   529.5   3574.1
115   4   -882.0   561.6   3483.9
115   5   -224.3   566.6   3678.0
115   6   -8.4   556.9   3702.0
115   7   188.8   602.5   3607.5
115   8   -364.9   394.9   3737.9
115   9   -365.5   236.4   3744.4
115   10   -447.0   153.5   3733.0
115   11   -449.1   -171.1   3753.8
115   12   -401.5   -464.4   3824.6
115   13   -280.4   158.3   3746.2
115   14   -289.0   -164.9   3781.5
115   15   -309.2   -465.2   3834.7
115   16   -848.4   556.2   3499.0
115   17   155.9   594.9   3623.2
115   18   -352.7   649.2   3661.2
116   0   -359.9   743.4   3652.9
116   1   -355.8   585.9   3680.1
116   2   -482.5   566.9   3656.6
116   3   -680.4   529.8   3574.1
116   4   -881.2   561.6   3484.3
116   5   -224.2   566.5   3678.4
116   6   -8.0   556.9   3700.8
116   7   188.4   602.9   3607.7
116   8   -365.2   394.3   3738.1
116   9   -365.7   234.1   3744.3
116   10   -447.2   152.8   3733.0
116   11   -449.2   -171.8   3752.4
116   12   -401.5   -464.4   3826.5
116   13   -280.4   158.2   3746.2
116   14   -289.0   -165.0   3781.5
116   15   -309.2   -464.8   3837.6
116   16   -847.7   556.3   3499.3
116   17   155.7   595.3   3623.2
116   18   -352.7   648.5   3661.2
117   0   -359.8   742.8   3653.0
117   1   -355.9   585.2   3680.2
117   2   -482.6   566.7   3656.9
117   3   -680.5   530.3   3574.0
117   4   -880.4   561.8   3484.7
117   5   -224.0   566.4   3678.7
117   6   -7.8   556.9   3700.1
117   7   187.9   603.4   3607.9
117   8   -365.5   393.7   3738.6
117   9   -366.0   231.2   3744.5
117   10   -447.5   152.5   3733.1
117   11   -449.2   -172.3   3750.6
117   12   -400.3   -463.9   3828.2
117   13   -280.4   158.1   3746.2
117   14   -288.9   -165.1   3781.4
117   15   -309.2   -464.2   3840.8
117   16   -847.1   556.5   3499.5
117   17   155.3   595.6   3623.3
117   18   -352.7   647.8   3661.1
118   0   -359.7   742.2   3653.1
118   1   -355.9   584.6   3680.4
118   2   -482.8   566.6   3657.4
118   3   -680.5   530.7   3573.9
118   4   -881.8   562.4   3484.1
118   5   -223.9   566.3   3678.9
118   6   -7.5   556.8   3699.4
118   7   189.6   604.3   3607.3
118   8   -365.9   393.2   3739.2
118   9   -366.2   228.4   3744.7
118   10   -447.9   152.3   3733.1
118   11   -449.3   -172.5   3748.4
118   12   -401.3   -464.6   3825.0
118   13   -280.4   158.1   3746.2
118   14   -289.0   -165.1   3781.4
118   15   -309.4   -463.5   3844.7
118   16   -848.3   557.1   3499.0
118   17   156.8   596.4   3622.6
118   18   -352.7   647.2   3661.1
119   0   -359.7   741.6   3653.3
119   1   -356.0   584.1   3680.5
119   2   -483.0   566.6   3658.0
119   3   -680.5   530.8   3573.9
119   4   -884.0   563.2   3483.1
119   5   -223.8   566.3   3679.2
119   6   -7.3   556.8   3698.5
119   7   192.3   605.4   3606.3
119   8   -366.2   392.7   3739.8
119   9   -366.5   225.9   3745.0
119   10   -448.2   152.1   3733.1
119   11   -449.3   -172.8   3747.8
119   12   -401.8   -465.7   3821.8
119   13   -280.4   158.0   3746.2
119   14   -289.1   -165.2   3781.5
119   15   -309.6   -463.0   3848.1
119   16   -850.1   557.8   3498.3
119   17   159.0   597.3   3621.6
119   18   -352.7   646.6   3661.1
120   0   -359.5   740.0   3653.5
120   1   -356.1   583.5   3680.6
120   2   -483.2   566.6   3658.7
120   3   -680.3   531.0   3573.7
120   4   -886.1   564.3   3482.2
120   5   -223.8   566.2   3679.7
120   6   -7.1   556.8   3697.6
120   7   195.0   606.3   3605.1
120   8   -366.3   392.1   3740.4
120   9   -366.6   223.8   3745.2
120   10   -448.4   151.9   3733.1
120   11   -449.3   -173.1   3748.5
120   12   -402.5   -467.3   3817.4
120   13   -280.4   157.9   3746.3
120   14   -289.2   -165.4   3781.4
120   15   -309.7   -462.8   3849.5
120   16   -851.8   558.7   3497.5
120   17   161.3   598.1   3620.5
120   18   -352.7   646.0   3661.1
121   0   -359.4   738.2   3653.7
121   1   -356.1   582.9   3680.7
121   2   -483.3   566.6   3659.6
121   3   -680.2   531.1   3573.8
121   4   -885.6   565.0   3482.5
121   5   -223.7   566.2   3679.9
121   6   -6.9   556.8   3696.6
121   7   195.2   606.5   3605.0
121   8   -366.4   391.6   3740.8
121   9   -366.7   222.0   3745.4
121   10   -448.6   151.7   3733.1
121   11   -449.3   -173.2   3749.5
121   12   -403.6   -470.0   3806.9
121   13   -280.4   157.9   3746.2
121   14   -289.2   -165.4   3781.5
121   15   -309.8   -463.7   3846.4
121   16   -851.4   559.4   3497.7
121   17   161.6   598.2   3620.3
121   18   -352.7   645.4   3661.1
122   0   -359.2   736.4   3654.0
122   1   -356.1   582.4   3680.9
122   2   -483.4   566.6   3660.6
122   3   -679.9   531.3   3573.9
122   4   -884.0   565.1   3483.2
122   5   -223.7   566.1   3680.0
122   6   -6.8   556.8   3696.2
122   7   193.9   606.1   3605.0
122   8   -366.5   391.2   3741.7
122   9   -366.8   220.6   3745.5
122   10   -448.6   151.6   3733.1
122   11   -449.3   -173.3   3751.3
122   12   -403.8   -471.8   3799.6
122   13   -280.3   157.8   3746.1
122   14   -289.3   -165.5   3781.7
122   15   -309.9   -464.2   3844.6
122   16   -850.0   559.4   3498.3
122   17   160.5   597.9   3620.2
122   18   -352.7   644.8   3661.1
123   0   -359.1   735.0   3654.3
123   1   -356.1   582.1   3681.2
123   2   -483.4   566.6   3661.7
123   3   -679.7   531.5   3574.0
123   4   -884.4   565.3   3483.0
123   5   -223.7   566.1   3680.0
123   6   -6.6   556.8   3696.0
123   7   194.5   606.3   3604.2
123   8   -366.5   391.1   3742.7
123   9   -366.8   219.7   3745.7
123   10   -448.7   151.6   3733.1
123   11   -449.3   -173.2   3753.7
123   12   -404.0   -473.1   3794.1
123   13   -280.3   157.7   3746.2
123   14   -289.3   -165.6   3781.9
123   15   -309.9   -464.6   3843.7
123   16   -850.2   559.6   3498.2
123   17   160.9   598.0   3619.5
123   18   -352.7   644.4   3661.1
124   0   -359.0   733.9   3654.5
124   1   -356.1   581.7   3681.4
124   2   -483.4   566.7   3662.4
124   3   -679.5   531.6   3574.1
124   4   -885.8   565.5   3482.5
124   5   -223.7   566.2   3680.0
124   6   -6.5   556.8   3696.0
124   7   196.0   606.5   3603.3
124   8   -366.5   391.0   3743.7
124   9   -366.8   219.0   3745.8
124   10   -448.7   151.5   3733.1
124   11   -449.3   -173.1   3756.6
124   12   -404.1   -473.1   3798.0
124   13   -280.3   157.7   3746.3
124   14   -289.3   -165.7   3782.1
124   15   -309.9   -465.0   3843.3
124   16   -851.4   559.9   3497.7
124   17   162.3   598.2   3618.8
124   18   -352.7   644.0   3661.1
125   0   -359.0   733.0   3654.7
125   1   -356.1   581.4   3681.7
125   2   -483.4   566.8   3662.5
125   3   -679.7   531.9   3574.1
125   4   -887.7   565.8   3481.8
125   5   -223.7   566.2   3680.0
125   6   -6.4   556.8   3696.0
125   7   197.8   606.7   3602.6
125   8   -366.5   391.0   3744.7
125   9   -366.8   218.5   3745.9
125   10   -448.7   151.5   3733.1
125   11   -449.3   -173.1   3757.6
125   12   -404.1   -470.8   3812.0
125   13   -280.4   157.7   3746.4
125   14   -289.3   -165.8   3782.1
125   15   -309.8   -465.2   3843.2
125   16   -853.0   560.1   3497.2
125   17   163.8   598.4   3618.2
125   18   -352.7   643.6   3661.1
126   0   -358.9   732.4   3654.9
126   1   -356.1   581.1   3682.0
126   2   -483.5   566.9   3662.4
126   3   -679.9   532.1   3574.2
126   4   -889.6   566.0   3481.2
126   5   -223.7   566.2   3680.0
126   6   -6.4   556.8   3696.1
126   7   199.5   607.0   3602.1
126   8   -366.5   391.1   3745.9
126   9   -366.8   218.1   3746.0
126   10   -448.6   151.5   3733.1
126   11   -438.3   -171.7   3769.0
126   12   -403.1   -471.0   3822.1
126   13   -280.4   157.6   3746.7
126   14   -289.3   -166.0   3782.1
126   15   -309.7   -465.5   3843.1
126   16   -854.6   560.4   3496.7
126   17   165.2   598.6   3617.7
126   18   -352.7   643.2   3661.1
127   0   -358.9   731.8   3655.1
127   1   -356.1   580.7   3682.2
127   2   -483.5   566.9   3662.0
127   3   -680.1   532.4   3574.1
127   4   -891.2   566.2   3480.7
127   5   -223.7   566.2   3680.0
127   6   -6.4   556.8   3696.2
127   7   200.9   607.2   3601.7
127   8   -366.5   391.0   3746.9
127   9   -366.8   217.8   3746.1
127   10   -448.6   151.6   3733.2
127   11   -443.4   -172.5   3763.4
127   12   -403.0   -469.9   3823.5
127   13   -280.6   157.5   3747.1
127   14   -289.4   -166.2   3782.2
127   15   -309.4   -465.9   3842.8
127   16   -856.1   560.6   3496.3
127   17   166.4   598.8   3617.4
127   18   -352.7   642.8   3661.1
128   0   -358.9   731.4   3655.3
128   1   -356.1   580.4   3682.4
128   2   -483.4   566.9   3662.2
128   3   -680.3   532.4   3574.8
128   4   -892.2   566.4   3480.1
128   5   -223.7   566.2   3680.0
128   6   -6.4   556.7   3696.3
128   7   202.0   607.4   3601.4
128   8   -366.5   390.9   3747.5
128   9   -366.8   217.4   3746.2
128   10   -448.5   151.6   3733.5
128   11   -446.6   -173.0   3759.9
128   12   -402.6   -470.2   3819.5
128   13   -280.8   157.4   3747.5
128   14   -289.5   -166.5   3782.3
128   15   -309.6   -466.3   3842.5
128   16   -856.9   560.7   3495.9
128   17   167.3   599.0   3617.2
128   18   -352.7   642.5   3661.1
129   0   -358.8   731.2   3655.5
129   1   -356.1   580.2   3682.5
129   2   -483.3   566.9   3662.5
129   3   -680.6   532.5   3575.8
129   4   -892.9   566.6   3479.6
129   5   -223.8   566.2   3679.9
129   6   -6.4   556.7   3696.4
129   7   203.3   607.7   3602.0
129   8   -366.5   390.7   3747.9
129   9   -366.8   217.1   3746.3
129   10   -448.4   151.6   3733.6
129   11   -448.3   -176.7   3756.5
129   12   -401.4   -473.1   3818.5
129   13   -280.9   157.4   3747.7
129   14   -289.6   -169.8   3782.9
129   15   -311.3   -469.6   3843.1
129   16   -857.5   560.9   3495.6
129   17   168.3   599.2   3617.7
129   18   -352.7   642.2   3661.1
130   0   -358.8   731.0   3655.7
130   1   -356.1   579.9   3682.6
130   2   -483.3   566.9   3662.5
130   3   -681.0   532.4   3576.7
130   4   -893.4   566.8   3479.1
130   5   -223.8   566.3   3679.9
130   6   -6.5   556.7   3696.6
130   7   204.0   607.7   3602.0
130   8   -366.5   390.5   3748.1
130   9   -366.8   216.7   3746.4
130   10   -448.4   151.7   3733.7
130   11   -449.2   -181.0   3753.8
130   12   -401.4   -477.5   3815.8
130   13   -281.0   157.4   3747.9
130   14   -289.8   -173.9   3783.6
130   15   -315.4   -473.4   3844.0
130   16   -858.0   561.1   3495.3
130   17   168.9   599.2   3617.8
130   18   -352.7   641.9   3661.1
131   0   -358.8   730.8   3655.8
131   1   -356.1   579.6   3682.6
131   2   -483.2   566.9   3662.3
131   3   -681.1   532.4   3576.9
131   4   -894.0   567.0   3478.7
131   5   -223.9   566.3   3679.9
131   6   -6.5   556.7   3696.8
131   7   204.6   607.7   3601.9
131   8   -366.5   390.3   3748.2
131   9   -366.8   216.3   3746.4
131   10   -448.4   152.0   3733.7
131   11   -449.5   -184.1   3751.2
131   12   -401.4   -478.6   3814.6
131   13   -281.1   157.5   3748.0
131   14   -289.9   -177.0   3784.1
131   15   -320.3   -474.5   3844.2
131   16   -858.5   561.2   3495.1
131   17   169.4   599.2   3617.7
131   18   -352.7   641.6   3661.1
132   0   -358.8   730.8   3656.0
132   1   -356.1   579.4   3682.6
132   2   -483.1   566.9   3662.1
132   3   -681.0   532.5   3576.5
132   4   -894.5   567.2   3478.5
132   5   -224.0   566.3   3679.9
132   6   -6.5   556.6   3697.0
132   7   204.9   607.6   3601.6
132   8   -366.5   390.1   3748.3
132   9   -366.8   216.0   3746.5
132   10   -448.5   152.3   3733.8
132   11   -449.6   -186.6   3749.6
132   12   -401.2   -478.2   3815.8
132   13   -281.1   157.5   3748.4
132   14   -290.2   -179.6   3784.9
132   15   -320.8   -475.0   3844.4
132   16   -858.9   561.4   3494.9
132   17   169.7   599.1   3617.5
132   18   -352.7   641.4   3661.1
133   0   -358.8   730.8   3656.2
133   1   -356.1   579.2   3682.6
133   2   -483.0   567.0   3661.7
133   3   -680.9   532.5   3576.0
133   4   -895.0   567.4   3478.5
133   5   -224.1   566.4   3679.9
133   6   -6.6   556.6   3697.2
133   7   205.1   607.4   3601.4
133   8   -366.5   390.0   3748.2
133   9   -366.8   215.8   3746.6
133   10   -448.5   152.5   3733.8
133   11   -449.6   -188.5   3749.5
133   12   -401.3   -477.1   3816.4
133   13   -281.2   157.6   3749.2
133   14   -290.2   -181.7   3784.9
133   15   -319.9   -474.4   3844.5
133   16   -859.4   561.6   3494.7
133   17   169.9   598.9   3617.4
133   18   -352.7   641.3   3661.1
134   0   -358.8   730.9   3657.1
134   1   -356.1   579.2   3682.6
134   2   -482.9   567.0   3661.6
134   3   -680.8   532.5   3575.9
134   4   -895.3   567.5   3478.4
134   5   -224.2   566.5   3679.9
134   6   -6.7   556.5   3697.6
134   7   205.3   607.1   3601.3
134   8   -366.5   389.8   3748.0
134   9   -366.8   215.6   3746.6
134   10   -448.5   152.5   3734.0
134   11   -449.5   -190.4   3750.4
134   12   -401.0   -478.6   3817.1
134   13   -281.3   157.7   3750.0
134   14   -290.2   -183.7   3784.7
134   15   -318.1   -475.9   3845.4
134   16   -859.6   561.7   3494.6
134   17   170.0   598.6   3617.4
134   18   -352.7   641.3   3661.1
135   0   -358.8   731.0   3657.9
135   1   -356.1   579.1   3682.5
135   2   -482.7   567.0   3661.6
135   3   -680.8   532.5   3575.9
135   4   -893.5   567.3   3479.2
135   5   -224.3   566.5   3679.9
135   6   -6.8   556.4   3698.2
135   7   203.2   606.1   3602.3
135   8   -366.5   389.8   3747.8
135   9   -366.8   215.5   3746.7
135   10   -448.4   152.5   3734.1
135   11   -449.4   -191.9   3750.9
135   12   -400.9   -479.4   3817.3
135   13   -281.3   157.8   3750.5
135   14   -290.4   -185.0   3785.7
135   15   -316.2   -476.8   3846.0
135   16   -858.0   561.5   3495.3
135   17   168.2   597.8   3618.3
135   18   -352.7   641.3   3661.1
136   0   -358.8   731.1   3658.5
136   1   -356.1   579.1   3682.4
136   2   -482.6   567.1   3661.6
136   3   -680.8   532.5   3576.1
136   4   -890.8   566.9   3480.3
136   5   -224.4   566.6   3679.9
136   6   -6.9   556.0   3698.5
136   7   200.6   604.9   3603.7
136   8   -366.6   389.6   3747.4
136   9   -366.8   215.3   3746.8
136   10   -448.4   152.5   3734.3
136   11   -449.4   -193.0   3751.2
136   12   -400.7   -481.3   3817.5
136   13   -281.3   157.8   3750.9
136   14   -290.3   -186.3   3785.1
136   15   -316.3   -478.6   3845.9
136   16   -855.8   561.1   3496.2
136   17   166.1   596.8   3619.5
136   18   -352.7   641.3   3661.1
137   0   -358.7   731.2   3659.4
137   1   -356.1   579.0   3682.3
137   2   -482.5   567.1   3661.6
137   3   -681.0   532.4   3576.7
137   4   -888.0   566.5   3481.3
137   5   -224.5   566.7   3679.8
137   6   -6.9   555.8   3698.6
137   7   198.1   603.8   3605.0
137   8   -366.6   389.5   3746.9
137   9   -366.8   215.1   3746.9
137   10   -448.4   152.4   3734.5
137   11   -449.4   -194.0   3751.4
137   12   -400.5   -483.5   3817.8
137   13   -281.3   157.9   3751.3
137   14   -290.2   -187.3   3784.9
137   15   -316.2   -480.8   3846.2
137   16   -853.5   560.8   3497.2
137   17   164.0   595.8   3620.6
137   18   -352.7   641.3   3661.1
138   0   -358.7   731.2   3659.9
138   1   -356.1   579.0   3682.2
138   2   -482.4   567.2   3661.6
138   3   -681.1   532.4   3576.9
138   4   -887.7   566.6   3481.1
138   5   -224.6   566.7   3679.8
138   6   -6.9   555.6   3698.6
138   7   198.1   603.1   3605.0
138   8   -366.6   389.3   3746.4
138   9   -366.8   215.0   3747.0
138   10   -448.3   152.4   3734.8
138   11   -449.4   -194.9   3751.6
138   12   -400.3   -485.6   3818.2
138   13   -281.3   157.9   3751.5
138   14   -290.2   -188.1   3784.8
138   15   -316.0   -482.8   3846.6
138   16   -853.3   560.9   3497.0
138   17   163.9   595.2   3620.6
138   18   -352.7   641.3   3661.1
139   0   -358.7   731.2   3660.4
139   1   -356.1   578.9   3682.1
139   2   -482.3   567.2   3661.6
139   3   -681.1   532.3   3576.9
139   4   -888.6   566.8   3480.4
139   5   -224.7   566.8   3679.8
139   6   -6.9   555.6   3698.6
139   7   199.2   602.6   3604.5
139   8   -366.6   389.2   3745.9
139   9   -366.8   214.8   3747.1
139   10   -448.3   152.4   3735.0
139   11   -449.4   -195.7   3751.8
139   12   -400.1   -487.6   3818.3
139   13   -281.3   157.9   3751.6
139   14   -290.2   -188.8   3784.8
139   15   -315.2   -484.8   3846.8
139   16   -854.0   561.1   3496.5
139   17   164.9   594.8   3620.2
139   18   -352.7   641.3   3661.1
140   0   -358.7   731.2   3660.8
140   1   -356.1   578.8   3682.0
140   2   -482.3   567.3   3661.6
140   3   -681.0   532.2   3576.8
140   4   -889.9   567.3   3479.7
140   5   -224.8   566.8   3679.8
140   6   -6.9   555.5   3698.7
140   7   200.7   602.0   3603.8
140   8   -366.6   389.1   3745.4
140   9   -366.8   214.7   3747.1
140   10   -448.3   152.3   3735.3
140   11   -449.4   -196.3   3751.8
140   12   -399.5   -489.2   3818.7
140   13   -281.2   158.0   3751.6
140   14   -290.2   -189.3   3784.9
140   15   -313.9   -486.5   3847.3
140   16   -855.1   561.4   3495.9
140   17   166.1   594.2   3619.6
140   18   -352.7   641.3   3661.1
141   0   -358.6   731.3   3661.2
141   1   -356.1   578.8   3681.9
141   2   -482.2   567.3   3661.7
141   3   -680.9   532.1   3576.6
141   4   -891.2   567.6   3479.2
141   5   -224.8   566.8   3679.8
141   6   -6.9   555.4   3698.8
141   7   202.2   601.3   3603.2
141   8   -366.6   388.9   3744.8
141   9   -366.8   214.5   3747.1
141   10   -448.4   152.3   3735.6
141   11   -449.4   -196.9   3751.9
141   12   -399.1   -490.5   3819.2
141   13   -281.2   158.1   3751.5
141   14   -290.2   -189.8   3785.0
141   15   -312.2   -487.7   3848.2
141   16   -856.2   561.7   3495.4
141   17   167.4   593.7   3619.1
141   18   -352.7   641.3   3661.1
142   0   -358.6   731.3   3661.5
142   1   -356.1   578.7   3681.7
142   2   -482.1   567.3   3661.7
142   3   -680.8   531.9   3576.3
142   4   -892.4   567.8   3478.7
142   5   -224.9   566.9   3679.8
142   6   -6.9   555.4   3698.9
142   7   203.6   600.6   3602.8
142   8   -366.6   388.7   3744.1
142   9   -366.8   214.3   3747.1
142   10   -448.4   152.3   3735.7
142   11   -449.4   -198.2   3752.0
142   12   -398.7   -492.3   3819.7
142   13   -281.1   158.1   3751.5
142   14   -290.3   -190.9   3785.2
142   15   -309.5   -489.8   3848.3
142   16   -857.2   561.8   3495.0
142   17   168.5   593.0   3618.8
142   18   -352.7   641.3   3661.1
