2   0   -363.9   706.5   3656.5
2   1   -360.6   545.0   3656.7
2   2   -499.0   521.5   3646.7
2   3   -465.5   323.7   3527.3
2   4   -338.6   545.6   3533.5
2   5   -226.9   532.7   3700.7
2   6   -216.5   344.1   3563.6
2   7   -361.2   547.6   3508.1
2   8   -362.3   322.5   3706.8
2   9   -360.8   159.3   3707.4
2   10   -451.6   89.3   3728.9
2   11   -395.7   -246.4   3652.3
2   12   -405.1   -524.8   3825.7
2   13   -273.6   95.0   3747.3
2   14   -376.2   -223.7   3649.1
2   15   -305.8   -487.6   3831.0
2   16   -359.7   508.6   3532.4
2   17   -337.0   513.7   3517.3
2   18   -360.1   613.6   3641.3
3   0   -363.0   709.1   3657.4
3   1   -360.3   547.7   3657.3
3   2   -498.2   523.7   3644.9
3   3   -468.9   324.0   3528.2
3   4   -339.8   544.0   3527.1
3   5   -225.5   534.6   3695.0
3   6   -214.8   343.1   3562.4
3   7   -358.2   545.9   3502.1
3   8   -362.2   325.9   3708.9
3   9   -360.9   162.7   3711.1
3   10   -451.2   96.6   3728.7
3   11   -402.2   -241.0   3664.5
3   12   -405.0   -525.1   3824.5
3   13   -273.2   102.6   3747.1
3   14   -364.9   -220.6   3665.8
3   15   -307.0   -492.4   3834.3
3   16   -361.3   507.4   3527.3
3   17   -334.3   512.1   3512.2
3   18   -359.8   616.2   3641.4
4   0   -360.2   716.9   3659.9
4   1   -359.5   555.8   3658.9
4   2   -496.1   531.2   3641.3
4   3   -475.7   328.1   3529.4
4   4   -336.2   540.1   3516.4
4   5   -223.9   539.6   3685.2
4   6   -211.4   342.5   3561.9
4   7   -350.4   543.2   3488.7
4   8   -362.0   336.4   3714.5
4   9   -361.3   173.1   3721.8
4   10   -446.9   113.5   3728.1
4   11   -414.2   -227.5   3686.2
4   12   -402.9   -521.2   3822.7
4   13   -276.3   118.3   3746.6
4   14   -343.0   -212.7   3700.4
4   15   -312.4   -499.0   3841.8
4   16   -359.5   504.8   3518.6
4   17   -327.2   509.7   3500.9
4   18   -358.7   623.9   3641.6
5   0   -356.6   726.6   3662.8
5   1   -358.2   565.8   3660.4
5   2   -492.1   539.2   3638.3
5   3   -483.2   332.8   3530.9
5   4   -330.1   533.8   3504.7
5   5   -222.8   545.4   3674.4
5   6   -207.1   341.4   3563.5
5   7   -340.6   537.8   3471.7
5   8   -361.4   349.6   3719.6
5   9   -361.9   186.3   3733.9
5   10   -442.0   131.3   3727.2
5   11   -427.3   -213.3   3710.9
5   12   -397.9   -517.6   3819.1
5   13   -279.8   135.1   3746.5
5   14   -318.6   -204.4   3733.1
5   15   -321.6   -502.6   3855.0
5   16   -355.6   500.3   3509.1
5   17   -318.3   505.1   3487.0
5   18   -357.1   633.6   3641.8
6   0   -354.1   732.9   3664.7
6   1   -357.0   572.2   3660.9
6   2   -488.8   544.5   3636.3
6   3   -487.3   336.1   3531.7
6   4   -326.7   531.1   3497.0
6   5   -222.3   549.6   3668.4
6   6   -203.6   340.3   3567.5
6   7   -332.8   533.9   3463.0
6   8   -360.6   357.9   3721.5
6   9   -362.2   194.6   3740.7
6   10   -441.0   139.7   3726.9
6   11   -435.4   -206.2   3725.1
6   12   -394.3   -514.2   3816.1
6   13   -279.6   143.8   3746.9
6   14   -304.1   -200.0   3747.5
6   15   -316.5   -501.4   3863.5
6   16   -353.5   498.6   3502.8
6   17   -311.2   501.7   3480.4
6   18   -355.9   639.8   3641.8
7   0   -352.8   735.2   3665.6
7   1   -356.4   574.5   3660.6
7   2   -486.9   546.8   3635.2
7   3   -488.0   337.6   3531.8
7   4   -326.9   532.2   3493.2
7   5   -222.5   551.4   3666.2
7   6   -200.0   340.3   3569.3
7   7   -330.4   532.3   3462.1
7   8   -359.9   360.5   3720.6
7   9   -362.3   197.0   3742.3
7   10   -443.7   140.0   3726.8
7   11   -438.9   -206.4   3731.6
7   12   -391.1   -512.0   3817.9
7   13   -276.2   145.3   3747.0
7   14   -297.9   -199.9   3761.1
7   15   -312.9   -505.2   3858.2
7   16   -353.7   499.8   3499.6
7   17   -308.7   500.3   3480.0
7   18   -355.2   642.1   3641.6
8   0   -352.3   735.0   3665.9
8   1   -356.0   574.3   3660.1
8   2   -485.9   547.5   3634.7
8   3   -488.1   337.9   3531.9
8   4   -327.9   533.0   3490.5
8   5   -222.9   551.9   3666.1
8   6   -198.3   340.7   3569.7
8   7   -330.8   532.1   3463.7
8   8   -359.6   360.0   3718.9
8   9   -362.2   196.0   3741.3
8   10   -447.1   137.7   3726.2
8   11   -439.7   -208.7   3734.0
8   12   -389.6   -513.4   3819.8
8   13   -272.5   144.8   3746.9
8   14   -295.9   -200.7   3765.9
8   15   -310.7   -506.2   3861.8
8   16   -354.6   500.5   3497.4
8   17   -308.7   500.2   3481.4
8   18   -354.9   642.1   3641.5
9   0   -352.1   733.1   3666.2
9   1   -355.9   572.9   3659.6
9   2   -485.5   547.2   3634.5
9   3   -488.1   337.6   3531.9
9   4   -329.8   533.7   3488.3
9   5   -223.4   551.6   3667.0
9   6   -198.1   340.9   3569.9
9   7   -332.6   532.2   3466.5
9   8   -359.4   358.1   3717.5
9   9   -362.1   193.7   3739.5
9   10   -449.3   135.3   3725.9
9   11   -439.2   -210.9   3734.3
9   12   -389.3   -515.8   3821.1
9   13   -270.3   144.0   3746.9
9   14   -295.9   -201.3   3765.1
9   15   -309.2   -509.3   3854.9
9   16   -356.2   501.0   3495.6
9   17   -310.2   500.3   3483.7
9   18   -354.8   640.7   3641.2
10   0   -352.1   731.1   3666.7
10   1   -355.9   570.5   3659.3
10   2   -485.5   546.5   3634.6
10   3   -488.2   337.2   3531.6
10   4   -331.9   534.3   3486.1
10   5   -223.8   550.9   3668.3
10   6   -198.1   341.1   3569.5
10   7   -334.5   531.8   3467.7
10   8   -359.4   355.9   3717.0
10   9   -362.1   191.1   3737.7
10   10   -450.1   133.6   3725.9
10   11   -438.9   -212.4   3734.0
10   12   -389.8   -518.3   3821.2
10   13   -269.8   143.3   3747.0
10   14   -296.4   -201.8   3763.9
10   15   -309.0   -511.2   3852.2
10   16   -357.9   501.5   3493.7
10   17   -311.7   500.1   3484.7
10   18   -354.8   638.3   3641.0
11   0   -352.1   729.5   3667.2
11   1   -355.9   568.2   3659.2
11   2   -485.5   545.8   3634.7
11   3   -488.0   336.9   3531.2
11   4   -333.7   535.3   3485.5
11   5   -223.9   550.6   3669.5
11   6   -198.2   341.6   3569.3
11   7   -335.4   531.6   3467.6
11   8   -359.4   354.1   3716.9
11   9   -362.1   189.1   3736.1
11   10   -449.6   132.4   3726.1
11   11   -438.6   -213.5   3733.6
11   12   -390.1   -520.7   3820.3
11   13   -270.3   142.9   3747.0
11   14   -297.2   -202.0   3762.8
11   15   -309.3   -512.9   3849.4
11   16   -359.4   502.2   3493.1
11   17   -312.6   499.9   3484.6
11   18   -354.8   636.0   3641.0
12   0   -352.1   728.4   3667.5
12   1   -356.0   566.2   3659.3
12   2   -485.5   545.5   3634.7
12   3   -487.9   336.9   3530.8
12   4   -334.4   535.9   3485.8
12   5   -224.1   550.6   3670.6
12   6   -198.5   342.2   3569.5
12   7   -335.7   531.5   3466.9
12   8   -359.5   352.9   3717.1
12   9   -362.1   187.8   3735.0
12   10   -448.9   132.2   3726.5
12   11   -438.4   -213.6   3733.3
12   12   -390.6   -522.0   3819.2
12   13   -271.3   142.9   3747.0
12   14   -297.7   -201.9   3762.0
12   15   -310.2   -513.8   3847.8
12   16   -360.0   502.8   3493.3
12   17   -312.8   500.0   3484.0
12   18   -354.9   634.0   3641.0
13   0   -352.2   726.8   3667.3
13   1   -356.0   564.8   3659.5
13   2   -485.4   545.5   3634.7
13   3   -487.8   337.0   3530.8
13   4   -334.6   536.1   3485.9
13   5   -224.3   550.8   3671.5
13   6   -198.6   342.7   3569.9
13   7   -336.1   531.7   3467.5
13   8   -359.6   352.2   3717.4
13   9   -362.1   187.1   3734.2
13   10   -448.0   132.3   3727.0
13   11   -438.3   -213.3   3733.0
13   12   -391.3   -523.6   3814.9
13   13   -272.2   143.2   3746.9
13   14   -298.0   -201.4   3761.3
13   15   -311.3   -513.5   3848.9
13   16   -360.1   502.9   3493.4
13   17   -313.2   500.2   3484.5
13   18   -354.9   632.5   3641.0
14   0   -352.3   725.3   3667.0
14   1   -356.0   564.0   3659.6
14   2   -485.1   545.7   3634.8
14   3   -487.8   337.3   3531.0
14   4   -334.6   536.2   3485.9
14   5   -224.8   551.1   3672.3
14   6   -198.6   343.3   3570.5
14   7   -336.6   532.1   3468.6
14   8   -359.7   352.4   3717.8
14   9   -362.1   187.1   3733.6
14   10   -447.1   132.8   3727.2
14   11   -438.2   -212.7   3732.8
14   12   -392.1   -524.2   3812.5
14   13   -273.2   143.6   3746.7
14   14   -298.3   -200.8   3761.3
14   15   -313.0   -512.3   3852.4
14   16   -360.2   503.0   3493.4
14   17   -313.6   500.6   3485.6
14   18   -354.9   631.6   3641.0
15   0   -352.3   724.3   3666.7
15   1   -356.1   563.7   3659.8
15   2   -484.7   546.0   3634.8
15   3   -487.9   337.7   3531.2
15   4   -334.7   536.2   3486.0
15   5   -225.3   551.4   3672.6
15   6   -198.7   343.8   3571.0
15   7   -336.6   532.3   3469.0
15   8   -359.7   353.4   3718.3
15   9   -362.1   187.7   3733.1
15   10   -446.3   133.5   3727.3
15   11   -438.2   -212.1   3732.6
15   12   -393.2   -524.2   3811.5
15   13   -273.9   144.7   3746.5
15   14   -298.6   -199.8   3761.4
15   15   -315.7   -509.9   3857.5
15   16   -360.2   503.1   3493.5
15   17   -313.6   500.9   3486.0
15   18   -354.9   631.2   3641.0
16   0   -352.3   723.5   3666.5
16   1   -356.1   563.7   3660.0
16   2   -484.2   546.3   3634.8
16   3   -488.1   338.1   3531.5
16   4   -334.8   536.3   3485.9
16   5   -226.0   551.8   3673.3
16   6   -198.7   344.6   3571.5
16   7   -336.9   532.3   3468.8
16   8   -359.8   355.1   3718.8
16   9   -362.2   188.6   3732.5
16   10   -445.5   134.3   3727.3
16   11   -438.2   -211.3   3732.4
16   12   -394.4   -523.8   3811.5
16   13   -274.7   145.2   3746.3
16   14   -298.7   -199.4   3761.2
16   15   -318.6   -508.8   3859.6
16   16   -360.4   503.3   3493.5
16   17   -313.9   501.0   3485.9
16   18   -354.9   631.0   3641.0
17   0   -352.4   722.9   3666.3
17   1   -356.1   563.7   3660.2
17   2   -483.7   546.6   3634.8
17   3   -488.3   338.5   3531.8
17   4   -334.9   536.2   3485.9
17   5   -226.6   552.3   3674.3
17   6   -198.8   345.5   3572.0
17   7   -337.4   532.3   3468.8
17   8   -359.8   356.9   3719.0
17   9   -362.2   189.6   3732.2
17   10   -444.9   135.0   3727.3
17   11   -438.2   -210.6   3732.2
17   12   -395.4   -520.0   3811.0
17   13   -275.6   145.4   3746.1
17   14   -298.8   -199.3   3761.2
17   15   -321.9   -505.7   3857.7
17   16   -360.5   503.3   3493.6
17   17   -314.3   501.2   3486.0
17   18   -354.9   631.0   3641.0
18   0   -352.4   722.5   3666.2
18   1   -356.1   563.8   3660.3
18   2   -483.3   546.9   3634.9
18   3   -488.5   339.0   3532.0
18   4   -334.8   536.3   3486.1
18   5   -227.2   552.6   3674.5
18   6   -198.8   346.2   3572.3
18   7   -337.9   532.3   3469.2
18   8   -359.8   358.5   3718.9
18   9   -362.2   190.7   3732.0
18   10   -444.4   135.9   3727.3
18   11   -438.3   -209.7   3732.0
18   12   -395.7   -518.1   3810.5
18   13   -276.3   145.6   3745.8
18   14   -299.0   -199.1   3761.2
18   15   -323.1   -504.9   3855.8
18   16   -360.4   503.4   3493.7
18   17   -314.7   501.3   3486.4
18   18   -354.9   631.0   3641.1
19   0   -352.4   722.2   3666.1
19   1   -356.1   563.9   3660.3
19   2   -482.9   547.2   3634.9
19   3   -488.4   339.5   3531.8
19   4   -334.6   536.5   3486.2
19   5   -227.6   552.8   3674.5
19   6   -198.7   346.6   3572.5
19   7   -338.1   532.4   3469.6
19   8   -359.8   359.9   3718.7
19   9   -362.2   191.8   3731.9
19   10   -444.0   136.9   3727.4
19   11   -438.3   -208.7   3731.8
19   12   -396.2   -514.7   3808.6
19   13   -276.9   145.9   3745.5
19   14   -299.3   -198.8   3761.1
19   15   -322.7   -502.1   3854.5
19   16   -360.3   503.7   3493.8
19   17   -314.9   501.5   3486.8
19   18   -354.9   631.0   3641.1
20   0   -352.4   722.0   3666.0
20   1   -356.1   564.0   3660.3
20   2   -482.5   547.4   3634.9
20   3   -488.3   340.0   3531.9
20   4   -334.6   536.7   3486.2
20   5   -227.9   553.1   3674.4
20   6   -198.7   346.8   3573.0
20   7   -337.9   532.4   3470.0
20   8   -359.8   361.0   3718.5
20   9   -362.2   192.9   3731.9
20   10   -443.8   138.0   3727.5
20   11   -438.3   -207.6   3731.6
20   12   -396.6   -511.3   3805.9
20   13   -277.4   146.2   3745.4
20   14   -299.6   -198.5   3760.9
20   15   -320.8   -499.3   3853.2
20   16   -360.2   503.9   3493.8
20   17   -314.7   501.5   3487.2
20   18   -354.9   631.0   3641.1
21   0   -352.4   721.9   3666.0
21   1   -356.1   564.1   3660.3
21   2   -482.2   547.7   3634.9
21   3   -488.1   340.4   3532.0
21   4   -334.6   536.9   3486.1
21   5   -228.3   553.3   3674.4
21   6   -198.5   346.8   3574.0
21   7   -337.3   531.9   3470.1
21   8   -359.8   361.9   3718.2
21   9   -362.2   194.1   3731.9
21   10   -443.4   138.7   3727.7
21   11   -438.3   -206.9   3731.8
21   12   -396.7   -507.5   3805.8
21   13   -277.8   146.5   3745.2
21   14   -300.0   -198.1   3760.8
21   15   -317.9   -496.2   3852.2
21   16   -360.2   504.2   3493.8
21   17   -314.1   501.0   3487.4
21   18   -354.9   631.1   3641.1
22   0   -352.4   721.8   3665.9
22   1   -356.1   564.3   3660.2
22   2   -481.9   547.9   3634.9
22   3   -487.8   340.8   3532.2
22   4   -334.7   537.2   3486.0
22   5   -228.7   553.5   3674.7
22   6   -198.4   347.1   3574.9
22   7   -336.8   531.5   3469.9
22   8   -359.8   362.6   3718.0
22   9   -362.2   195.2   3731.9
22   10   -443.1   139.1   3727.8
22   11   -438.3   -206.4   3732.4
22   12   -396.8   -503.8   3806.5
22   13   -278.1   146.8   3745.2
22   14   -300.1   -197.7   3760.9
22   15   -315.1   -493.0   3851.2
22   16   -360.2   504.5   3493.7
22   17   -313.8   500.8   3487.4
22   18   -354.9   631.2   3641.1
23   0   -352.4   721.7   3665.9
23   1   -356.1   564.5   3660.5
23   2   -481.6   548.0   3635.0
23   3   -487.3   341.2   3532.4
23   4   -334.7   537.6   3486.1
23   5   -229.0   553.7   3675.2
23   6   -198.3   347.6   3575.7
23   7   -336.3   531.3   3469.7
23   8   -359.8   363.4   3719.2
23   9   -362.2   196.4   3731.9
23   10   -443.1   139.2   3728.0
23   11   -438.2   -206.3   3733.2
23   12   -397.9   -502.3   3804.2
23   13   -278.0   147.0   3745.2
23   14   -300.1   -197.4   3761.3
23   15   -312.7   -490.9   3850.7
23   16   -360.1   504.8   3493.8
23   17   -313.3   500.6   3487.4
23   18   -354.9   631.3   3641.1
24   0   -352.4   721.7   3665.9
24   1   -356.1   564.9   3661.3
24   2   -481.4   548.2   3635.0
24   3   -486.8   341.5   3532.6
24   4   -334.9   538.1   3486.1
24   5   -229.4   553.9   3675.7
24   6   -198.2   347.9   3576.7
24   7   -335.8   530.8   3469.5
24   8   -359.8   364.5   3722.3
24   9   -362.2   197.8   3732.1
24   10   -443.1   139.2   3728.3
24   11   -438.1   -206.3   3734.0
24   12   -398.6   -502.2   3800.4
24   13   -277.9   147.1   3745.2
24   14   -300.1   -197.3   3762.0
24   15   -312.6   -489.9   3850.2
24   16   -360.2   505.3   3493.8
24   17   -312.9   500.3   3487.4
24   18   -354.9   631.4   3641.1
25   0   -352.4   721.7   3665.9
25   1   -356.1   565.4   3662.2
25   2   -481.2   548.3   3635.0
25   3   -486.1   341.9   3532.7
25   4   -335.2   538.8   3485.9
25   5   -229.7   554.1   3676.2
25   6   -198.0   348.5   3577.2
25   7   -335.7   530.5   3469.3
25   8   -359.7   365.6   3726.0
25   9   -362.1   199.2   3732.4
25   10   -443.1   139.1   3728.6
25   11   -438.1   -206.9   3735.0
25   12   -398.9   -502.4   3798.5
25   13   -277.8   147.1   3745.2
25   14   -300.1   -197.8   3763.2
25   15   -313.7   -489.9   3849.3
25   16   -360.3   505.9   3493.7
25   17   -312.7   500.1   3487.3
25   18   -354.9   631.5   3641.1
26   0   -352.4   721.6   3665.9
26   1   -356.1   565.7   3662.6
26   2   -481.0   548.5   3635.0
26   3   -485.9   342.2   3532.9
26   4   -335.5   539.1   3485.9
26   5   -229.9   554.3   3676.4
26   6   -197.8   348.9   3577.6
26   7   -335.6   530.1   3469.2
26   8   -359.7   366.1   3728.0
26   9   -362.1   199.9   3732.7
26   10   -443.2   139.1   3728.9
26   11   -437.9   -207.6   3734.9
26   12   -398.9   -502.5   3798.1
26   13   -277.7   147.1   3745.2
26   14   -300.0   -198.4   3764.5
26   15   -315.5   -490.1   3849.0
26   16   -360.6   506.3   3493.7
26   17   -312.7   499.9   3487.3
26   18   -354.9   631.6   3641.1
27   0   -352.4   721.6   3665.9
27   1   -356.1   566.0   3662.8
27   2   -480.8   548.6   3635.0
27   3   -485.8   342.6   3533.0
27   4   -335.8   539.4   3486.1
27   5   -230.1   554.4   3676.4
27   6   -197.7   349.3   3577.7
27   7   -335.7   529.7   3469.1
27   8   -359.7   366.1   3729.1
27   9   -362.1   200.3   3733.0
27   10   -443.2   139.2   3728.8
27   11   -437.5   -208.0   3734.1
27   12   -399.8   -502.4   3798.9
27   13   -277.7   147.2   3745.2
27   14   -300.0   -198.8   3765.6
27   15   -317.2   -490.3   3849.4
27   16   -360.8   506.6   3493.9
27   17   -312.7   499.6   3487.2
27   18   -354.9   631.7   3641.1
28   0   -352.4   721.6   3665.9
28   1   -356.1   566.2   3662.9
28   2   -480.7   548.7   3635.0
28   3   -485.7   343.0   3533.1
28   4   -336.1   539.6   3486.3
28   5   -230.2   554.4   3676.2
28   6   -197.7   349.6   3577.8
28   7   -335.7   529.5   3469.1
28   8   -359.7   366.0   3729.5
28   9   -362.1   200.5   3733.3
28   10   -443.3   139.4   3728.8
28   11   -437.0   -208.6   3733.7
28   12   -399.7   -504.1   3801.3
28   13   -277.6   147.2   3745.2
28   14   -299.9   -199.5   3766.7
28   15   -319.6   -492.3   3851.2
28   16   -361.1   506.9   3494.1
28   17   -312.7   499.5   3487.2
28   18   -354.9   631.8   3641.1
29   0   -352.4   721.6   3665.9
29   1   -356.1   566.4   3662.9
29   2   -480.6   548.8   3635.0
29   3   -485.6   343.4   3533.2
29   4   -336.5   540.1   3486.4
29   5   -230.3   554.5   3676.0
29   6   -197.7   349.8   3578.0
29   7   -335.7   529.2   3469.1
29   8   -359.7   365.7   3729.7
29   9   -362.1   200.6   3733.5
29   10   -443.5   139.8   3728.8
29   11   -436.4   -209.6   3733.2
29   12   -399.3   -507.2   3802.8
29   13   -277.5   147.3   3745.2
29   14   -299.7   -200.8   3768.0
29   15   -322.2   -495.4   3854.2
29   16   -361.4   507.3   3494.2
29   17   -312.7   499.3   3487.2
29   18   -354.9   631.9   3641.1
30   0   -352.4   721.6   3665.9
30   1   -356.1   566.5   3662.8
30   2   -480.5   548.9   3635.0
30   3   -485.3   343.9   3533.2
30   4   -336.9   540.6   3486.4
30   5   -230.4   554.6   3675.9
30   6   -197.7   350.0   3578.4
30   7   -335.6   528.6   3468.9
30   8   -359.8   365.5   3729.7
30   9   -362.1   200.6   3733.8
30   10   -443.9   140.5   3728.7
30   11   -435.6   -209.6   3733.0
30   12   -399.1   -509.5   3803.7
30   13   -277.4   147.4   3745.2
30   14   -299.9   -201.4   3768.6
30   15   -323.4   -498.2   3855.6
30   16   -361.7   507.8   3494.2
30   17   -312.6   498.8   3487.2
30   18   -354.9   632.0   3641.1
31   0   -352.4   721.6   3665.9
31   1   -356.1   566.7   3662.8
31   2   -480.4   549.0   3635.0
31   3   -484.5   344.3   3533.2
31   4   -336.9   541.2   3486.3
31   5   -230.4   554.6   3675.5
31   6   -197.7   350.0   3578.8
31   7   -335.6   527.5   3468.4
31   8   -359.8   365.2   3729.6
31   9   -362.1   200.7   3734.1
31   10   -444.1   140.8   3728.7
31   11   -435.3   -209.8   3732.9
31   12   -399.0   -511.5   3804.3
31   13   -277.3   147.4   3745.2
31   14   -300.0   -201.8   3768.9
31   15   -323.2   -501.1   3854.5
31   16   -361.5   508.4   3494.2
31   17   -312.6   497.9   3486.8
31   18   -354.9   632.1   3641.1
32   0   -352.4   721.6   3665.8
32   1   -356.1   566.9   3662.7
32   2   -480.3   549.1   3635.0
32   3   -483.3   344.8   3533.2
32   4   -336.8   542.0   3486.2
32   5   -230.5   554.6   3675.1
32   6   -197.6   350.2   3578.9
32   7   -335.9   526.6   3467.9
32   8   -359.8   365.0   3729.6
32   9   -362.1   200.7   3734.3
32   10   -444.2   140.9   3728.7
32   11   -435.2   -210.2   3732.8
32   12   -399.0   -511.3   3803.0
32   13   -277.2   147.5   3745.2
32   14   -300.0   -202.2   3768.8
32   15   -322.6   -501.6   3850.7
32   16   -361.2   509.1   3494.0
32   17   -312.8   497.2   3486.4
32   18   -354.9   632.2   3641.1
33   0   -352.4   721.6   3665.5
33   1   -356.1   567.0   3662.6
33   2   -480.2   549.1   3635.0
33   3   -480.9   345.2   3533.2
33   4   -336.5   543.4   3486.0
33   5   -230.5   554.6   3674.6
33   6   -197.6   350.3   3579.0
33   7   -335.9   525.9   3467.6
33   8   -359.8   364.8   3729.5
33   9   -362.1   200.7   3734.5
33   10   -444.2   140.8   3728.6
33   11   -434.9   -210.7   3732.7
33   12   -398.7   -511.3   3800.0
33   13   -277.0   147.5   3745.1
33   14   -299.7   -202.6   3768.7
33   15   -321.9   -501.8   3847.7
33   16   -360.6   510.4   3493.8
33   17   -312.8   496.6   3486.2
33   18   -354.9   632.2   3641.1
34   0   -352.4   721.7   3664.9
34   1   -356.1   567.2   3662.5
34   2   -480.1   549.2   3635.0
34   3   -478.2   345.6   3533.1
34   4   -336.2   545.1   3485.7
34   5   -230.5   554.6   3674.1
34   6   -197.6   350.3   3579.1
34   7   -335.8   525.3   3467.3
34   8   -359.8   364.6   3729.3
34   9   -362.1   200.7   3734.6
34   10   -444.2   140.7   3728.6
34   11   -434.8   -211.1   3732.7
34   12   -398.3   -510.6   3798.1
34   13   -276.9   147.6   3744.9
34   14   -299.4   -202.9   3768.7
34   15   -320.7   -501.3   3844.9
34   16   -359.9   511.9   3493.6
34   17   -312.7   496.1   3485.9
34   18   -354.9   632.3   3641.1
35   0   -352.4   721.8   3664.3
35   1   -356.1   567.3   3662.5
35   2   -480.0   549.3   3635.0
35   3   -474.9   346.2   3533.0
35   4   -335.9   547.3   3485.4
35   5   -230.5   554.6   3673.5
35   6   -197.6   350.3   3579.4
35   7   -335.6   524.2   3466.6
35   8   -359.8   364.7   3729.3
35   9   -362.1   200.8   3734.7
35   10   -444.2   140.6   3728.6
35   11   -434.6   -211.6   3732.8
35   12   -398.1   -511.3   3798.7
35   13   -276.8   147.7   3744.7
35   14   -299.2   -203.2   3768.7
35   15   -320.6   -501.9   3844.8
35   16   -359.0   513.7   3493.3
35   17   -312.6   495.3   3485.4
35   18   -354.9   632.3   3641.1
36   0   -352.4   721.9   3663.6
36   1   -356.1   567.5   3662.5
36   2   -479.9   549.3   3635.0
36   3   -473.3   346.6   3533.1
36   4   -335.7   548.1   3485.0
36   5   -230.5   554.6   3672.9
36   6   -197.4   349.9   3580.6
36   7   -335.3   521.7   3465.2
36   8   -359.8   365.3   3729.4
36   9   -362.1   201.0   3734.7
36   10   -444.2   140.5   3728.6
36   11   -434.6   -212.1   3733.0
36   12   -398.3   -510.5   3800.9
36   13   -276.7   147.7   3744.6
36   14   -299.1   -203.5   3768.6
36   15   -320.3   -501.1   3845.9
36   16   -358.7   514.5   3493.0
36   17   -312.3   493.0   3484.4
36   18   -354.9   632.4   3641.1
37   0   -352.4   721.9   3663.0
37   1   -356.1   567.8   3662.6
37   2   -479.8   549.4   3635.0
37   3   -472.4   347.0   3533.3
37   4   -335.7   548.5   3484.6
37   5   -230.4   554.6   3672.2
37   6   -197.3   349.7   3581.2
37   7   -335.1   520.1   3464.5
37   8   -359.8   366.2   3729.7
37   9   -362.1   201.3   3734.8
37   10   -444.1   140.5   3728.6
37   11   -434.6   -212.5   3733.3
37   12   -398.6   -510.1   3802.0
37   13   -276.6   147.8   3744.4
37   14   -299.0   -203.8   3768.6
37   15   -318.9   -501.2   3844.5
37   16   -358.5   514.9   3492.7
37   17   -312.2   491.7   3484.0
37   18   -354.9   632.5   3641.1
38   0   -352.4   721.9   3662.5
38   1   -356.1   568.0   3662.7
38   2   -479.6   549.5   3634.9
38   3   -471.9   347.3   3533.4
38   4   -335.6   548.6   3484.3
38   5   -230.4   554.6   3671.5
38   6   -197.3   349.6   3581.5
38   7   -335.0   519.1   3464.0
38   8   -359.8   367.5   3729.8
38   9   -362.1   201.5   3734.9
38   10   -444.0   140.4   3728.6
38   11   -434.6   -212.9   3733.4
38   12   -399.0   -510.6   3802.2
38   13   -276.6   147.8   3744.0
38   14   -298.9   -204.0   3768.6
38   15   -316.9   -502.0   3843.3
38   16   -358.3   515.1   3492.5
38   17   -312.1   490.8   3483.6
38   18   -354.9   632.6   3641.1
39   0   -352.4   722.0   3661.9
39   1   -356.1   568.2   3662.8
39   2   -479.5   549.6   3634.8
39   3   -471.8   347.6   3533.6
39   4   -335.7   548.5   3484.3
39   5   -230.4   554.6   3670.9
39   6   -197.1   349.6   3581.9
39   7   -334.6   518.3   3464.0
39   8   -359.9   369.0   3730.0
39   9   -362.1   201.8   3734.9
39   10   -444.0   140.4   3728.5
39   11   -434.5   -213.2   3733.4
39   12   -398.7   -511.8   3802.6
39   13   -276.5   147.9   3743.4
39   14   -298.8   -204.2   3768.5
39   15   -316.0   -502.1   3847.2
39   16   -358.4   515.0   3492.5
39   17   -311.7   490.2   3483.6
39   18   -354.9   632.7   3641.1
40   0   -352.4   722.0   3661.4
40   1   -356.1   568.3   3662.8
40   2   -479.4   549.6   3634.6
40   3   -472.0   347.9   3533.8
40   4   -335.8   548.2   3484.3
40   5   -230.5   554.6   3670.5
40   6   -196.8   349.6   3582.4
40   7   -334.0   517.6   3463.9
40   8   -359.9   370.4   3729.8
40   9   -362.1   201.9   3735.0
40   10   -443.8   140.3   3728.5
40   11   -434.6   -213.5   3733.3
40   12   -398.5   -512.9   3803.9
40   13   -276.6   147.9   3743.1
40   14   -298.7   -204.4   3768.4
40   15   -315.9   -502.9   3849.2
40   16   -358.5   514.8   3492.5
40   17   -311.1   489.6   3483.6
40   18   -354.9   632.7   3641.1
41   0   -352.4   722.0   3660.8
41   1   -356.1   568.5   3662.8
41   2   -479.3   549.7   3634.3
41   3   -472.2   348.1   3534.0
41   4   -336.0   547.8   3484.2
41   5   -230.5   554.7   3670.4
41   6   -196.3   349.9   3583.1
41   7   -333.2   517.0   3463.7
41   8   -359.8   371.7   3729.5
41   9   -362.1   202.0   3735.0
41   10   -443.7   140.2   3728.5
41   11   -434.6   -213.7   3733.3
41   12   -398.5   -511.9   3804.3
41   13   -276.6   147.9   3743.0
41   14   -298.7   -204.5   3768.3
41   15   -315.5   -502.1   3848.6
41   16   -358.7   514.5   3492.5
41   17   -310.4   489.1   3483.6
41   18   -354.9   632.8   3641.1
42   0   -352.4   722.0   3660.0
42   1   -356.1   568.6   3662.8
42   2   -479.3   549.8   3634.1
42   3   -472.4   348.3   3534.2
42   4   -336.1   547.5   3484.2
42   5   -230.6   554.8   3670.6
42   6   -195.8   350.2   3583.7
42   7   -332.2   516.2   3463.1
42   8   -359.8   372.8   3729.2
42   9   -362.1   202.1   3735.0
42   10   -443.6   140.3   3728.5
42   11   -434.6   -213.7   3733.4
42   12   -398.8   -511.0   3803.8
42   13   -276.6   148.1   3742.9
42   14   -298.7   -204.5   3768.3
42   15   -314.2   -501.6   3846.1
42   16   -358.8   514.3   3492.5
42   17   -309.5   488.5   3483.2
42   18   -354.9   632.8   3641.1
43   0   -352.5   722.0   3659.3
43   1   -356.1   568.8   3662.7
43   2   -479.2   549.8   3633.7
43   3   -472.4   348.5   3534.3
43   4   -336.3   547.1   3483.4
43   5   -230.7   554.8   3670.6
43   6   -195.2   350.4   3584.6
43   7   -330.1   515.4   3461.7
43   8   -359.8   373.7   3728.8
43   9   -362.1   202.2   3735.0
43   10   -443.5   140.4   3728.5
43   11   -434.7   -213.9   3733.4
43   12   -399.3   -509.7   3802.9
43   13   -276.7   148.2   3742.8
43   14   -298.7   -204.6   3768.2
43   15   -311.8   -500.3   3845.5
43   16   -359.0   514.0   3491.8
43   17   -307.6   487.9   3482.2
43   18   -354.9   632.9   3641.1
44   0   -352.5   722.0   3658.7
44   1   -356.1   568.9   3662.7
44   2   -479.1   549.9   3633.1
44   3   -472.4   348.6   3534.4
44   4   -336.6   546.6   3482.3
44   5   -230.7   554.8   3670.6
44   6   -194.9   350.5   3585.4
44   7   -328.8   514.6   3460.9
44   8   -359.8   374.5   3728.5
44   9   -362.1   202.4   3735.0
44   10   -443.4   140.6   3728.5
44   11   -434.7   -214.2   3733.4
44   12   -400.2   -508.4   3801.9
44   13   -276.8   148.5   3742.6
44   14   -298.6   -204.9   3768.1
44   15   -306.9   -498.6   3846.2
44   16   -359.3   513.6   3491.0
44   17   -306.5   487.3   3481.7
44   18   -354.9   632.9   3641.1
45   0   -352.6   722.1   3657.8
45   1   -356.1   569.1   3662.6
45   2   -478.4   549.6   3628.3
45   3   -471.8   346.6   3534.2
45   4   -337.8   545.5   3482.3
45   5   -230.6   555.1   3670.1
45   6   -195.0   350.6   3585.9
45   7   -328.0   514.3   3460.7
45   8   -359.8   375.1   3728.1
45   9   -361.9   202.6   3735.2
45   10   -443.1   141.0   3728.5
45   11   -434.8   -215.0   3733.6
45   12   -400.8   -509.5   3801.8
45   13   -276.7   148.6   3742.3
45   14   -298.4   -205.9   3768.0
45   15   -303.8   -498.8   3849.9
45   16   -360.2   512.3   3490.9
45   17   -305.9   487.1   3481.6
45   18   -354.9   633.0   3641.0
46   0   -352.9   722.2   3656.7
46   1   -356.1   569.2   3662.5
46   2   -477.4   549.1   3624.4
46   3   -471.7   344.8   3533.9
46   4   -339.0   544.1   3482.5
46   5   -230.4   555.3   3669.3
46   6   -195.1   350.8   3586.1
46   7   -327.7   514.1   3460.6
46   8   -359.8   375.6   3727.8
46   9   -361.6   202.8   3735.5
46   10   -442.6   141.5   3728.6
46   11   -434.8   -213.9   3733.9
46   12   -401.9   -507.8   3801.3
46   13   -276.6   148.8   3741.9
46   14   -298.1   -205.1   3767.7
46   15   -303.1   -497.8   3847.2
46   16   -361.1   510.9   3491.0
46   17   -305.6   486.9   3481.5
46   18   -354.9   633.1   3641.0
47   0   -353.2   722.4   3655.7
47   1   -356.1   569.4   3662.4
47   2   -477.1   548.8   3624.7
47   3   -471.9   344.9   3533.9
47   4   -339.1   543.6   3482.0
47   5   -230.2   555.6   3668.5
47   6   -195.1   351.1   3586.4
47   7   -327.4   513.8   3460.6
47   8   -359.8   375.8   3727.5
47   9   -361.5   203.0   3735.6
47   10   -442.3   142.0   3728.6
47   11   -434.8   -213.7   3733.9
47   12   -402.1   -507.8   3803.1
47   13   -276.5   149.0   3741.5
47   14   -298.2   -205.1   3767.8
47   15   -304.2   -497.6   3850.1
47   16   -361.3   510.5   3490.6
47   17   -305.3   486.7   3481.5
47   18   -354.9   633.1   3641.0
48   0   -353.5   722.7   3654.5
48   1   -356.1   569.6   3662.3
48   2   -477.0   548.7   3626.1
48   3   -472.2   345.8   3534.0
48   4   -338.9   543.4   3481.1
48   5   -230.1   555.9   3667.6
48   6   -195.1   351.3   3586.5
48   7   -327.1   513.5   3460.6
48   8   -359.8   375.9   3727.1
48   9   -361.3   203.3   3735.7
48   10   -442.1   142.5   3728.6
48   11   -434.8   -212.8   3733.9
48   12   -402.1   -505.7   3806.0
48   13   -276.5   149.3   3741.0
48   14   -298.4   -204.4   3768.1
48   15   -305.9   -496.5   3849.8
48   16   -361.1   510.5   3489.9
48   17   -305.1   486.5   3481.6
48   18   -354.9   633.2   3641.0
49   0   -353.7   722.9   3653.4
49   1   -356.1   569.8   3662.2
49   2   -476.8   548.8   3626.0
49   3   -472.6   346.2   3534.0
49   4   -338.8   542.9   3480.7
49   5   -229.9   556.2   3666.4
49   6   -195.1   351.4   3586.6
49   7   -327.1   513.2   3460.7
49   8   -359.8   376.0   3726.8
49   9   -361.2   203.6   3735.8
49   10   -441.9   142.9   3728.5
49   11   -434.8   -211.4   3733.8
49   12   -402.0   -504.9   3805.9
49   13   -276.5   149.6   3740.5
49   14   -297.2   -203.3   3766.9
49   15   -306.3   -495.8   3849.2
49   16   -361.1   510.1   3489.6
49   17   -305.1   486.2   3481.7
49   18   -354.9   633.4   3640.9
50   0   -354.0   723.1   3653.2
50   1   -356.1   570.0   3662.0
50   2   -476.4   548.9   3624.7
50   3   -472.8   346.1   3533.9
50   4   -338.8   542.2   3480.6
50   5   -229.8   556.6   3665.9
50   6   -195.2   351.8   3586.7
50   7   -327.3   513.0   3460.7
50   8   -359.8   376.0   3726.6
50   9   -361.1   203.9   3735.9
50   10   -441.8   143.3   3728.5
50   11   -434.8   -210.1   3733.8
50   12   -401.9   -504.7   3805.4
50   13   -276.4   149.7   3739.9
50   14   -296.5   -202.3   3766.4
50   15   -305.2   -495.9   3848.3
50   16   -361.1   509.5   3489.5
50   17   -305.3   486.1   3481.7
50   18   -354.9   633.5   3640.9
51   0   -354.3   723.2   3653.4
51   1   -356.1   570.2   3661.9
51   2   -476.1   548.9   3624.3
51   3   -472.9   346.4   3533.6
51   4   -338.5   542.0   3480.5
51   5   -229.8   557.1   3665.7
51   6   -195.2   352.5   3586.8
51   7   -327.5   512.9   3460.6
51   8   -359.8   376.0   3726.3
51   9   -361.0   204.2   3735.8
51   10   -441.8   143.5   3728.3
51   11   -434.8   -209.5   3733.8
51   12   -401.7   -505.0   3805.9
51   13   -276.2   149.8   3739.3
51   14   -296.0   -201.7   3766.2
51   15   -303.9   -496.3   3848.7
51   16   -360.9   509.4   3489.4
51   17   -305.4   486.2   3481.7
51   18   -354.9   633.6   3640.9
52   0   -354.6   723.4   3653.9
52   1   -356.1   570.3   3661.8
52   2   -476.0   549.2   3624.6
52   3   -472.9   347.2   3533.3
52   4   -338.1   542.2   3480.4
52   5   -229.8   557.6   3665.6
52   6   -195.3   353.2   3586.8
52   7   -327.6   512.9   3460.3
52   8   -359.8   376.0   3726.0
52   9   -360.8   204.4   3735.8
52   10   -441.7   143.7   3728.1
52   11   -434.9   -209.0   3734.0
52   12   -401.4   -505.5   3806.0
52   13   -275.6   150.5   3739.1
52   14   -296.1   -200.7   3766.4
52   15   -302.5   -496.6   3847.3
52   16   -360.6   509.7   3489.2
52   17   -305.6   486.3   3481.4
52   18   -354.9   633.7   3640.9
53   0   -354.9   723.6   3654.5
53   1   -356.1   570.5   3661.7
53   2   -476.0   549.6   3625.3
53   3   -473.0   348.2   3533.0
53   4   -337.6   542.6   3480.3
53   5   -229.9   557.9   3665.6
53   6   -195.2   353.8   3586.6
53   7   -327.7   512.8   3459.7
53   8   -359.8   375.9   3725.7
53   9   -360.7   204.6   3735.8
53   10   -441.7   143.9   3727.9
53   11   -434.9   -209.4   3734.1
53   12   -400.9   -506.4   3806.6
53   13   -275.3   150.8   3739.0
53   14   -296.9   -200.8   3767.0
53   15   -302.9   -498.2   3845.2
53   16   -360.1   510.2   3489.1
53   17   -305.6   486.3   3480.9
53   18   -354.9   633.9   3640.8
54   0   -355.3   723.8   3655.2
54   1   -356.1   570.6   3661.6
54   2   -476.1   550.0   3626.2
54   3   -473.1   349.2   3532.9
54   4   -337.0   542.9   3479.9
54   5   -230.0   558.1   3665.6
54   6   -195.2   354.3   3586.3
54   7   -327.7   512.6   3459.1
54   8   -359.8   375.9   3725.5
54   9   -360.6   204.7   3735.8
54   10   -441.7   144.0   3727.7
54   11   -434.9   -210.0   3734.3
54   12   -400.4   -507.6   3806.9
54   13   -275.3   151.0   3739.2
54   14   -297.3   -201.5   3766.8
54   15   -305.4   -499.6   3844.4
54   16   -359.7   510.6   3488.7
54   17   -305.6   486.2   3480.3
54   18   -354.9   634.0   3640.8
55   0   -355.8   724.0   3655.7
55   1   -356.1   570.7   3661.5
55   2   -476.1   550.2   3626.6
55   3   -473.1   349.8   3532.9
55   4   -336.8   543.0   3479.6
55   5   -230.2   558.2   3665.6
55   6   -195.2   354.7   3586.1
55   7   -327.6   512.3   3458.1
55   8   -359.8   375.8   3725.3
55   9   -360.6   204.8   3735.8
55   10   -441.7   144.2   3727.4
55   11   -434.9   -210.7   3734.4
55   12   -399.7   -506.7   3806.6
55   13   -275.3   151.0   3739.2
55   14   -297.5   -202.3   3766.1
55   15   -310.3   -498.7   3843.7
55   16   -359.5   510.8   3488.4
55   17   -305.5   486.0   3479.4
55   18   -354.9   634.0   3640.8
56   0   -356.2   724.3   3656.0
56   1   -356.1   570.8   3661.5
56   2   -476.1   550.4   3626.8
56   3   -473.4   350.3   3532.9
56   4   -336.7   542.9   3479.2
56   5   -230.3   558.2   3665.6
56   6   -195.2   355.0   3585.8
56   7   -327.4   511.9   3457.0
56   8   -359.8   375.7   3725.2
56   9   -360.6   204.8   3735.8
56   10   -441.7   144.4   3727.1
56   11   -434.9   -211.3   3734.4
56   12   -398.9   -505.0   3806.0
56   13   -275.3   150.9   3739.3
56   14   -297.6   -203.3   3765.7
56   15   -312.8   -497.0   3844.5
56   16   -359.5   510.8   3488.1
56   17   -305.4   485.7   3478.5
56   18   -354.9   634.1   3640.8
57   0   -356.5   724.6   3656.3
57   1   -356.1   570.9   3661.5
57   2   -476.1   550.7   3626.9
57   3   -474.2   350.6   3533.0
57   4   -336.8   542.4   3478.9
57   5   -230.5   558.2   3665.6
57   6   -195.3   355.3   3585.5
57   7   -327.1   511.5   3455.7
57   8   -359.8   375.7   3725.2
57   9   -360.6   204.9   3735.7
57   10   -441.8   144.6   3726.7
57   11   -434.8   -212.2   3734.6
57   12   -397.8   -503.5   3805.6
57   13   -275.4   150.9   3739.3
57   14   -297.5   -204.4   3765.5
57   15   -313.9   -494.9   3846.8
57   16   -359.7   510.5   3487.9
57   17   -305.1   485.4   3477.3
57   18   -354.9   634.2   3640.8
58   0   -356.6   725.0   3656.6
58   1   -356.1   571.0   3661.4
58   2   -476.1   550.8   3626.9
58   3   -475.4   350.8   3533.1
58   4   -337.1   541.8   3478.9
58   5   -230.6   558.2   3665.6
58   6   -195.4   355.5   3585.1
58   7   -327.0   511.3   3454.8
58   8   -359.8   375.6   3725.2
58   9   -360.6   204.9   3735.8
58   10   -441.9   144.9   3726.2
58   11   -434.9   -212.2   3735.8
58   12   -396.0   -503.5   3805.5
58   13   -275.4   150.9   3739.3
58   14   -297.3   -204.8   3765.3
58   15   -314.3   -494.4   3849.2
58   16   -360.1   509.9   3487.9
58   17   -305.0   485.3   3476.5
58   18   -354.9   634.2   3640.8
59   0   -356.6   725.4   3656.7
59   1   -356.1   571.1   3661.4
59   2   -476.0   551.0   3626.9
59   3   -476.9   350.9   3533.3
59   4   -337.3   541.0   3479.0
59   5   -230.7   558.3   3665.6
59   6   -195.4   355.8   3584.8
59   7   -327.1   511.3   3454.4
59   8   -359.8   375.5   3725.2
59   9   -360.6   204.8   3735.8
59   10   -441.9   144.9   3725.8
59   11   -434.9   -212.7   3737.4
59   12   -393.5   -504.9   3805.5
59   13   -275.4   150.8   3739.3
59   14   -297.0   -205.5   3765.0
59   15   -314.4   -494.8   3852.9
59   16   -360.6   509.3   3488.1
59   17   -305.1   485.4   3476.1
59   18   -354.9   634.3   3640.8
60   0   -356.5   725.9   3656.8
60   1   -356.1   571.2   3661.4
60   2   -476.0   551.1   3626.9
60   3   -477.6   351.2   3533.3
60   4   -337.4   540.6   3479.0
60   5   -230.8   558.3   3665.6
60   6   -195.4   356.1   3584.2
60   7   -327.4   511.6   3454.2
60   8   -359.8   375.4   3725.2
60   9   -360.6   204.8   3735.8
60   10   -441.8   144.9   3725.4
60   11   -435.1   -209.9   3739.1
60   12   -393.4   -503.8   3805.3
60   13   -275.4   150.8   3739.3
60   14   -296.3   -202.8   3764.4
60   15   -314.2   -493.0   3853.5
60   16   -360.7   509.0   3488.1
60   17   -305.4   485.7   3475.8
60   18   -354.9   634.4   3640.8
61   0   -356.5   726.5   3656.8
61   1   -356.1   571.2   3661.4
61   2   -476.0   551.3   3626.9
61   3   -477.9   351.4   3533.3
61   4   -337.4   540.5   3479.0
61   5   -230.9   558.4   3665.5
61   6   -195.5   356.6   3583.3
61   7   -327.9   512.1   3454.0
61   8   -359.8   375.3   3725.2
61   9   -360.6   204.7   3735.8
61   10   -441.8   144.9   3724.9
61   11   -435.1   -205.8   3740.6
61   12   -393.9   -501.3   3805.3
61   13   -275.4   150.7   3739.2
61   14   -295.8   -198.8   3764.2
61   15   -313.1   -490.9   3851.5
61   16   -360.8   509.0   3488.0
61   17   -305.8   486.2   3475.5
61   18   -354.9   634.5   3640.8
62   0   -356.5   727.1   3656.8
62   1   -356.1   571.3   3661.4
62   2   -476.0   551.4   3626.9
62   3   -478.1   351.6   3533.2
62   4   -337.3   540.5   3479.0
62   5   -230.9   558.4   3665.5
62   6   -195.6   357.1   3582.2
62   7   -328.6   512.8   3453.7
62   8   -359.8   375.3   3725.2
62   9   -360.6   204.7   3735.8
62   10   -441.8   144.9   3724.7
62   11   -435.2   -201.5   3744.2
62   12   -395.2   -498.9   3805.5
62   13   -275.4   150.7   3739.2
62   14   -295.6   -194.8   3764.3
62   15   -311.2   -488.4   3850.3
62   16   -360.8   509.1   3488.0
62   17   -306.4   486.9   3475.1
62   18   -354.9   634.5   3640.8
63   0   -356.4   727.7   3656.8
63   1   -356.1   571.4   3661.4
63   2   -476.1   551.6   3626.9
63   3   -478.4   351.9   3533.1
63   4   -337.3   540.6   3478.9
63   5   -231.0   558.5   3665.5
63   6   -195.7   357.8   3580.9
63   7   -329.3   513.6   3453.3
63   8   -359.8   375.2   3725.2
63   9   -360.6   204.6   3735.8
63   10   -441.7   144.8   3724.6
63   11   -435.3   -197.9   3744.4
63   12   -396.4   -496.3   3805.8
63   13   -275.5   150.6   3739.2
63   14   -295.4   -191.2   3764.8
63   15   -310.3   -485.9   3849.8
63   16   -360.8   509.1   3487.9
63   17   -307.1   487.7   3474.5
63   18   -354.9   634.6   3640.8
64   0   -356.4   728.3   3656.8
64   1   -356.1   571.5   3661.3
64   2   -476.1   551.8   3627.0
64   3   -478.8   352.3   3532.9
64   4   -337.1   540.5   3478.8
64   5   -231.0   558.5   3665.5
64   6   -195.8   358.4   3579.5
64   7   -330.1   514.7   3453.1
64   8   -359.8   375.2   3725.2
64   9   -360.6   204.5   3735.8
64   10   -441.7   144.9   3724.6
64   11   -435.4   -195.0   3743.6
64   12   -396.7   -494.0   3805.4
64   13   -275.5   150.6   3739.2
64   14   -295.4   -188.3   3764.9
64   15   -309.9   -483.8   3849.8
64   16   -360.7   509.1   3487.8
64   17   -307.7   488.6   3474.2
64   18   -354.9   634.7   3640.8
65   0   -356.5   728.8   3656.9
65   1   -356.1   571.6   3661.3
65   2   -476.2   551.9   3627.0
65   3   -479.7   352.5   3532.7
65   4   -337.1   540.0   3478.8
65   5   -231.0   558.6   3665.4
65   6   -196.0   359.0   3578.2
65   7   -330.9   515.7   3453.1
65   8   -359.8   375.1   3725.1
65   9   -360.6   204.4   3735.8
65   10   -441.7   144.9   3724.6
65   11   -435.4   -192.7   3743.5
65   12   -396.5   -492.2   3804.7
65   13   -275.6   150.6   3739.2
65   14   -295.1   -186.0   3764.6
65   15   -309.5   -481.5   3851.2
65   16   -360.9   508.8   3487.8
65   17   -308.4   489.6   3473.9
65   18   -354.9   634.8   3640.8
66   0   -356.5   729.3   3657.0
66   1   -356.1   571.6   3661.2
66   2   -476.2   552.0   3627.0
66   3   -481.6   352.8   3532.3
66   4   -337.0   539.0   3478.9
66   5   -231.0   558.6   3665.4
66   6   -196.1   359.1   3578.1
66   7   -330.8   516.4   3453.5
66   8   -359.8   375.0   3724.9
66   9   -360.6   204.3   3735.8
66   10   -441.6   144.9   3724.5
66   11   -435.5   -190.8   3743.0
66   12   -396.6   -490.7   3804.7
66   13   -275.6   150.5   3739.2
66   14   -295.1   -184.2   3764.9
66   15   -309.1   -479.8   3852.3
66   16   -361.1   508.0   3487.8
66   17   -308.3   490.1   3474.3
66   18   -354.9   634.8   3640.8
67   0   -356.5   729.6   3657.0
67   1   -356.1   571.7   3661.2
67   2   -476.2   552.1   3627.0
67   3   -484.8   353.1   3532.2
67   4   -337.1   536.8   3479.2
67   5   -231.1   558.6   3665.4
67   6   -196.1   358.8   3578.7
67   7   -330.2   516.1   3453.5
67   8   -359.8   375.0   3724.7
67   9   -360.6   204.2   3735.8
67   10   -441.6   144.9   3724.3
67   11   -435.5   -189.4   3742.2
67   12   -396.7   -489.5   3804.6
67   13   -275.7   150.5   3739.2
67   14   -294.7   -182.9   3764.5
67   15   -306.7   -479.4   3850.2
67   16   -361.7   506.2   3488.0
67   17   -307.9   489.9   3474.4
67   18   -354.9   634.9   3640.8
68   0   -356.5   729.9   3657.1
68   1   -356.1   571.8   3661.1
68   2   -476.2   552.1   3627.0
68   3   -490.3   353.5   3532.4
68   4   -337.5   533.0   3479.6
68   5   -231.1   558.7   3665.4
68   6   -193.1   358.6   3580.8
68   7   -328.9   513.5   3454.5
68   8   -359.8   374.9   3724.5
68   9   -360.6   204.1   3735.8
68   10   -441.5   145.0   3724.0
68   11   -435.5   -188.3   3741.4
68   12   -396.8   -488.4   3804.5
68   13   -275.8   150.5   3739.2
68   14   -294.8   -181.8   3764.6
68   15   -304.4   -479.2   3848.2
68   16   -363.0   503.1   3488.4
68   17   -306.3   487.7   3475.6
68   18   -354.9   635.0   3640.8
69   0   -356.5   730.2   3657.3
69   1   -356.1   571.7   3661.7
69   2   -476.1   552.2   3627.1
69   3   -504.1   355.2   3532.6
69   4   -340.0   524.4   3480.7
69   5   -231.0   558.6   3665.5
69   6   -181.2   360.6   3582.7
69   7   -327.0   507.4   3458.5
69   8   -359.8   374.6   3724.3
69   9   -360.6   203.7   3735.8
69   10   -441.4   145.1   3723.4
69   11   -435.5   -187.4   3740.5
69   12   -397.1   -487.6   3804.1
69   13   -275.9   150.4   3739.1
69   14   -294.5   -181.0   3764.3
69   15   -301.2   -480.2   3842.5
69   16   -367.4   496.2   3489.3
69   17   -302.7   482.9   3479.2
69   18   -354.9   635.0   3641.6
70   0   -356.5   730.4   3657.5
70   1   -356.1   571.6   3663.0
70   2   -476.4   552.1   3633.6
70   3   -523.6   362.8   3532.4
70   4   -345.3   514.4   3477.6
70   5   -230.8   558.5   3665.5
70   6   -159.6   367.0   3584.6
70   7   -322.5   497.5   3465.8
70   8   -359.9   374.2   3724.1
70   9   -360.7   203.3   3735.8
70   10   -441.2   145.2   3722.6
70   11   -435.5   -186.6   3740.0
70   12   -397.2   -486.9   3803.8
70   13   -276.0   150.4   3739.0
70   14   -294.6   -180.4   3764.5
70   15   -299.4   -481.2   3836.6
70   16   -375.0   489.1   3486.8
70   17   -295.4   475.8   3485.6
70   18   -354.9   635.0   3643.3
71   0   -356.5   730.6   3658.6
71   1   -356.1   571.3   3665.4
71   2   -476.5   552.2   3648.5
71   3   -536.7   379.2   3528.3
71   4   -361.0   509.6   3435.7
71   5   -230.5   558.3   3665.6
71   6   -125.1   391.2   3574.8
71   7   -313.7   492.5   3470.0
71   8   -359.9   373.6   3724.0
71   9   -360.7   202.6   3735.8
71   10   -441.1   145.2   3722.2
71   11   -435.5   -186.0   3738.4
71   12   -397.5   -486.2   3803.5
71   13   -276.1   150.4   3738.9
71   14   -294.6   -179.8   3764.6
71   15   -299.4   -481.6   3833.3
71   16   -390.2   487.9   3451.1
71   17   -282.3   475.6   3487.4
71   18   -354.9   635.0   3646.6
72   0   -356.5   730.8   3660.0
72   1   -356.1   571.0   3669.1
72   2   -476.4   552.5   3660.0
72   3   -550.6   392.3   3529.0
72   4   -460.1   496.7   3362.5
72   5   -230.1   558.1   3665.6
72   6   -86.7   432.5   3566.0
72   7   -286.0   501.8   3454.2
72   8   -359.9   372.8   3724.0
72   9   -360.7   201.8   3735.9
72   10   -441.0   145.3   3721.9
72   11   -435.5   -185.6   3736.9
72   12   -397.9   -485.8   3802.8
72   13   -276.2   150.4   3738.8
72   14   -294.7   -179.4   3764.6
72   15   -299.7   -481.6   3831.8
72   16   -475.0   479.3   3390.2
72   17   -252.8   490.3   3472.8
72   18   -354.9   635.0   3651.4
73   0   -356.5   730.9   3660.9
73   1   -356.1   570.7   3673.3
73   2   -479.0   556.7   3665.2
73   3   -597.3   424.6   3541.3
73   4   -559.6   493.7   3329.4
73   5   -229.7   559.3   3671.6
73   6   -45.4   476.2   3643.0
73   7   -18.2   222.9   3710.5
73   8   -359.9   372.3   3725.0
73   9   -360.7   201.1   3735.9
73   10   -440.9   145.3   3721.9
73   11   -435.5   -185.2   3736.7
73   12   -398.3   -485.8   3801.4
73   13   -276.2   150.4   3738.7
73   14   -294.7   -179.0   3764.7
73   15   -304.1   -481.3   3831.4
73   16   -565.7   482.2   3364.7
73   17   -18.2   305.2   3710.5
73   18   -354.9   635.0   3656.6
74   0   -356.6   731.3   3661.4
74   1   -356.1   571.2   3676.7
74   2   -482.0   562.7   3664.2
74   3   -639.1   472.0   3548.1
74   4   -702.7   503.1   3336.6
74   5   -228.0   563.8   3676.7
74   6   -19.5   528.9   3651.9
74   7   -8.4   279.7   3649.0
74   8   -359.9   372.5   3727.0
74   9   -360.7   200.8   3736.0
74   10   -440.9   145.4   3721.9
74   11   -428.0   -183.7   3748.5
74   12   -398.2   -487.3   3800.9
74   13   -276.3   150.4   3738.7
74   14   -294.6   -178.7   3764.6
74   15   -307.4   -480.6   3832.8
74   16   -692.1   497.9   3371.8
74   17   -8.4   362.0   3649.0
74   18   -354.9   635.6   3660.4
75   0   -356.7   733.0   3661.7
75   1   -356.1   573.6   3678.8
75   2   -483.3   568.6   3658.1
75   3   -660.8   512.6   3543.1
75   4   -812.1   533.3   3375.5
75   5   -226.3   570.5   3678.6
75   6   -8.6   566.6   3647.8
75   7   -8.6   302.1   3637.9
75   8   -359.9   374.9   3730.0
75   9   -360.6   204.1   3736.0
75   10   -440.8   145.6   3722.1
75   11   -431.4   -183.8   3744.1
75   12   -399.3   -486.4   3801.3
75   13   -276.4   150.6   3738.8
75   14   -294.4   -178.4   3764.6
75   15   -307.4   -480.0   3833.9
75   16   -787.0   529.8   3403.5
75   17   -8.6   384.4   3637.9
75   18   -354.9   637.9   3662.2
76   0   -356.8   737.5   3660.2
76   1   -356.1   578.4   3679.5
76   2   -482.7   574.1   3651.1
76   3   -676.1   540.9   3548.7
76   4   -871.2   570.7   3412.6
76   5   -224.8   579.3   3678.5
76   6   -2.9   588.0   3656.6
76   7   -4.2   310.6   3661.6
76   8   -359.9   379.7   3732.7
76   9   -360.6   210.5   3736.0
76   10   -440.7   145.9   3722.3
76   11   -426.4   -182.5   3752.4
76   12   -399.6   -487.0   3801.6
76   13   -276.6   150.9   3738.9
76   14   -294.4   -177.9   3764.7
76   15   -307.8   -480.0   3832.5
76   16   -838.8   565.7   3435.3
76   17   -4.2   393.0   3661.6
76   18   -354.9   642.5   3662.4
77   0   -357.0   743.1   3655.8
77   1   -356.1   584.1   3678.2
77   2   -480.6   578.0   3643.0
77   3   -684.4   557.5   3556.2
77   4   -902.4   600.0   3450.6
77   5   -225.2   585.4   3676.9
77   6   -2.7   598.8   3679.4
77   7   -6.6   315.3   3696.1
77   8   -359.9   385.8   3733.9
77   9   -360.6   218.1   3736.0
77   10   -440.5   146.3   3722.7
77   11   -423.6   -181.6   3756.7
77   12   -399.7   -487.2   3800.9
77   13   -276.8   151.2   3739.0
77   14   -294.6   -177.5   3764.7
77   15   -310.8   -478.6   3836.0
77   16   -866.1   593.0   3468.2
77   17   -6.6   397.6   3696.1
77   18   -354.9   648.1   3660.3
78   0   -357.1   748.0   3648.1
78   1   -356.1   589.3   3675.3
78   2   -479.2   580.3   3640.8
78   3   -687.4   565.0   3563.1
78   4   -912.1   609.7   3467.7
78   5   -226.9   587.7   3674.5
78   6   -5.4   601.5   3691.9
78   7   -28.5   595.1   3530.7
78   8   -359.9   391.2   3733.8
78   9   -360.5   224.9   3735.9
78   10   -440.4   146.6   3723.1
78   11   -429.7   -182.1   3747.8
78   12   -399.7   -486.0   3799.0
78   13   -276.9   151.5   3739.1
78   14   -294.7   -177.1   3764.1
78   15   -311.7   -477.7   3837.5
78   16   -874.6   602.3   3483.6
78   17   -30.5   583.4   3548.3
78   18   -354.9   653.0   3656.5
79   0   -357.2   751.5   3641.7
79   1   -356.1   592.9   3671.8
79   2   -478.3   581.2   3642.2
79   3   -686.8   566.0   3566.2
79   4   -910.4   606.0   3469.5
79   5   -229.2   587.1   3671.4
79   6   -8.8   600.6   3696.4
79   7   117.4   645.2   3582.6
79   8   -359.8   395.0   3733.0
79   9   -360.5   229.9   3735.7
79   10   -440.4   147.0   3723.5
79   11   -433.2   -182.2   3742.8
79   12   -399.8   -485.2   3797.7
79   13   -277.0   151.8   3739.1
79   14   -294.6   -176.7   3763.3
79   15   -311.8   -477.0   3837.9
79   16   -873.1   599.4   3485.6
79   17   94.7   633.2   3597.8
79   18   -354.9   656.4   3652.1
80   0   -357.2   753.1   3638.6
80   1   -356.1   594.4   3669.1
80   2   -478.3   580.9   3645.3
80   3   -684.9   563.0   3567.1
80   4   -904.5   596.1   3463.8
80   5   -231.7   583.9   3671.6
80   6   -11.9   597.9   3696.0
80   7   191.0   658.6   3615.3
80   8   -359.8   396.5   3732.4
80   9   -360.5   232.3   3735.6
80   10   -440.4   147.3   3723.9
80   11   -435.0   -182.0   3740.1
80   12   -399.7   -484.6   3797.0
80   13   -277.0   152.1   3739.1
80   14   -294.7   -176.5   3760.9
80   15   -312.1   -475.8   3839.4
80   16   -867.8   590.6   3481.0
80   17   157.2   647.7   3627.7
80   18   -354.9   657.6   3648.8
81   0   -357.2   753.3   3639.3
81   1   -356.1   594.3   3667.5
81   2   -478.9   579.9   3647.4
81   3   -683.1   555.6   3566.3
81   4   -900.3   586.7   3460.8
81   5   -233.5   579.7   3672.2
81   6   -13.9   593.6   3693.5
81   7   219.5   657.5   3628.3
81   8   -359.8   396.2   3731.8
81   9   -360.5   232.7   3735.5
81   10   -440.5   147.7   3723.8
81   11   -435.8   -181.7   3738.8
81   12   -399.5   -484.0   3796.8
81   13   -277.0   152.3   3739.0
81   14   -294.9   -176.5   3756.4
81   15   -312.6   -474.5   3839.5
81   16   -864.1   581.5   3478.3
81   17   181.2   647.5   3639.2
81   18   -354.9   657.4   3647.1
82   0   -357.2   752.6   3644.8
82   1   -356.1   593.3   3666.8
82   2   -479.9   578.6   3648.4
82   3   -681.7   548.5   3564.3
82   4   -897.1   582.1   3458.0
82   5   -233.7   577.4   3673.7
82   6   -13.9   587.3   3691.8
82   7   223.2   654.9   3623.9
82   8   -359.8   395.1   3731.0
82   9   -360.5   232.2   3735.3
82   10   -440.7   148.0   3723.4
82   11   -436.1   -181.4   3738.2
82   12   -400.3   -483.6   3797.0
82   13   -276.9   152.4   3738.9
82   14   -295.2   -176.5   3754.9
82   15   -313.3   -474.1   3839.4
82   16   -861.2   576.5   3475.7
82   17   184.2   644.5   3635.6
82   18   -354.9   656.5   3646.4
83   0   -357.1   751.1   3653.3
83   1   -356.1   592.0   3666.5
83   2   -481.0   577.3   3648.9
83   3   -681.4   545.1   3562.4
83   4   -895.1   580.9   3454.9
83   5   -233.0   576.0   3675.4
83   6   -13.0   580.7   3690.7
83   7   218.0   654.8   3618.6
83   8   -359.8   393.8   3729.8
83   9   -360.5   231.3   3735.1
83   10   -440.9   148.4   3722.9
83   11   -436.2   -181.0   3737.7
83   12   -400.6   -483.0   3797.9
83   13   -276.9   152.3   3738.8
83   14   -294.8   -176.5   3755.1
83   15   -314.1   -473.3   3842.2
83   16   -859.5   574.9   3472.8
83   17   179.9   643.2   3631.0
83   18   -354.9   655.3   3646.3
84   0   -357.0   748.8   3662.8
84   1   -356.1   590.6   3666.3
84   2   -482.0   576.0   3649.1
84   3   -681.8   544.0   3561.3
84   4   -894.4   581.7   3452.8
84   5   -232.0   575.4   3677.4
84   6   -11.8   577.7   3690.1
84   7   212.6   654.3   3613.5
84   8   -359.8   392.4   3728.4
84   9   -360.5   230.3   3734.9
84   10   -440.9   148.3   3722.4
84   11   -429.0   -179.9   3748.6
84   12   -400.4   -484.1   3799.2
84   13   -277.0   152.1   3738.6
84   14   -294.6   -176.6   3756.5
84   15   -315.2   -472.5   3846.5
84   16   -859.0   575.4   3470.9
84   17   175.5   642.0   3626.5
84   18   -354.9   654.0   3646.5
85   0   -357.0   746.5   3669.6
85   1   -356.1   589.1   3666.2
85   2   -483.0   574.8   3649.2
85   3   -682.7   544.3   3560.7
85   4   -894.4   584.2   3451.6
85   5   -230.7   575.0   3678.7
85   6   -10.5   576.8   3689.7
85   7   210.5   652.0   3612.1
85   8   -359.7   390.7   3726.7
85   9   -360.5   227.3   3734.7
85   10   -440.9   148.3   3722.2
85   11   -432.4   -180.4   3742.9
85   12   -400.6   -483.2   3800.0
85   13   -277.0   151.8   3738.5
85   14   -294.6   -176.8   3758.3
85   15   -314.7   -473.9   3844.3
85   16   -859.1   577.5   3469.8
85   17   173.8   639.7   3625.2
85   18   -354.9   652.7   3646.8
86   0   -356.9   743.9   3672.4
86   1   -356.1   587.8   3666.3
86   2   -483.8   573.7   3649.8
86   3   -683.4   545.6   3560.4
86   4   -894.9   588.3   3451.8
86   5   -229.6   574.7   3680.2
86   6   -9.2   577.0   3689.4
86   7   212.4   646.4   3615.5
86   8   -359.7   388.9   3725.6
86   9   -360.5   223.8   3734.7
86   10   -441.0   148.2   3722.0
86   11   -434.5   -180.8   3738.2
86   12   -400.8   -482.5   3800.4
86   13   -277.0   151.5   3738.3
86   14   -295.0   -177.0   3758.7
86   15   -314.6   -474.1   3844.7
86   16   -859.7   581.2   3469.9
86   17   175.5   634.9   3627.9
86   18   -354.9   651.5   3647.4
87   0   -356.9   741.7   3672.9
87   1   -356.1   586.5   3666.8
87   2   -484.6   572.6   3650.0
87   3   -684.3   547.6   3560.0
87   4   -895.4   593.8   3452.1
87   5   -228.3   574.4   3680.9
87   6   -8.0   577.4   3689.3
87   7   210.8   647.4   3611.9
87   8   -359.7   386.9   3724.9
87   9   -360.5   220.6   3734.8
87   10   -441.0   148.1   3722.0
87   11   -435.6   -181.2   3734.5
87   12   -401.1   -482.2   3799.7
87   13   -277.2   151.0   3738.3
87   14   -295.2   -177.5   3758.0
87   15   -314.0   -474.9   3843.4
87   16   -860.2   586.1   3470.0
87   17   174.4   635.8   3624.8
87   18   -354.9   650.3   3648.2
88   0   -356.8   739.8   3672.4
88   1   -356.1   585.4   3667.4
88   2   -485.2   571.7   3650.2
88   3   -685.1   550.3   3559.5
88   4   -895.5   600.1   3451.9
88   5   -227.3   574.0   3681.4
88   6   -6.9   577.6   3689.2
88   7   209.2   648.4   3607.0
88   8   -359.7   385.3   3725.1
88   9   -360.5   217.9   3734.9
88   10   -441.1   148.0   3722.0
88   11   -429.1   -180.2   3746.2
88   12   -401.0   -484.0   3799.5
88   13   -277.2   150.7   3738.4
88   14   -295.3   -177.8   3758.0
88   15   -312.8   -476.2   3840.3
88   16   -860.4   591.8   3469.8
88   17   173.2   636.6   3620.7
88   18   -354.9   649.3   3649.1
89   0   -356.8   738.7   3671.6
89   1   -356.1   584.8   3668.3
89   2   -485.8   571.4   3650.2
89   3   -685.8   553.3   3559.1
89   4   -895.9   603.4   3450.8
89   5   -226.6   573.6   3681.8
89   6   -6.2   577.8   3688.8
89   7   210.3   645.1   3605.5
89   8   -359.7   384.6   3725.8
89   9   -360.5   216.0   3735.0
89   10   -441.2   147.9   3722.1
89   11   -425.4   -179.7   3752.7
89   12   -401.0   -485.0   3799.4
89   13   -277.2   150.5   3738.6
89   14   -295.2   -178.0   3758.4
89   15   -312.2   -477.0   3838.1
89   16   -860.9   595.0   3468.9
89   17   174.2   633.9   3619.4
89   18   -354.9   648.6   3649.9
90   0   -356.8   738.0   3670.8
90   1   -356.1   584.5   3669.2
90   2   -486.2   571.3   3650.3
90   3   -686.5   555.5   3559.2
90   4   -896.3   604.2   3449.9
90   5   -226.2   573.1   3682.1
90   6   -5.9   577.9   3688.6
90   7   209.0   644.8   3601.1
90   8   -359.8   384.7   3726.7
90   9   -360.5   214.8   3735.2
90   10   -441.2   147.8   3722.2
90   11   -430.8   -180.7   3743.2
90   12   -401.2   -483.8   3799.3
90   13   -277.2   150.5   3738.9
90   14   -295.2   -178.0   3759.5
90   15   -312.0   -477.5   3837.7
90   16   -861.4   596.1   3468.1
90   17   173.2   633.7   3615.7
90   18   -354.9   648.3   3650.8
91   0   -356.8   737.5   3670.1
91   1   -356.1   584.3   3670.1
91   2   -486.5   571.3   3650.3
91   3   -686.9   556.5   3559.4
91   4   -896.6   604.4   3449.6
91   5   -226.2   572.6   3682.5
91   6   -5.8   578.0   3688.4
91   7   208.5   645.4   3599.8
91   8   -359.8   385.3   3727.6
91   9   -360.5   215.9   3735.2
91   10   -441.5   148.1   3722.2
91   11   -434.0   -180.9   3737.6
91   12   -401.3   -482.7   3799.2
91   13   -277.1   150.4   3739.2
91   14   -295.2   -178.0   3760.1
91   15   -312.3   -477.3   3839.1
91   16   -861.7   596.4   3467.9
91   17   172.8   634.2   3614.6
91   18   -354.9   648.1   3651.7
92   0   -356.8   737.3   3669.6
92   1   -356.1   584.4   3671.3
92   2   -486.5   571.4   3650.4
92   3   -687.1   556.9   3559.7
92   4   -896.6   604.3   3449.2
92   5   -226.3   572.2   3682.8
92   6   -5.9   577.9   3688.3
92   7   208.7   645.8   3600.7
92   8   -359.8   386.4   3729.5
92   9   -360.5   218.1   3735.3
92   10   -441.6   148.1   3722.3
92   11   -435.7   -181.1   3734.9
92   12   -401.2   -482.3   3799.1
92   13   -277.1   150.4   3739.6
92   14   -295.3   -178.0   3760.4
92   15   -312.5   -477.2   3839.9
92   16   -861.7   596.4   3467.6
92   17   172.9   634.5   3615.3
92   18   -354.9   648.1   3652.6
93   0   -356.8   737.1   3669.1
93   1   -356.1   584.6   3673.0
93   2   -486.5   571.5   3650.5
93   3   -687.1   557.0   3559.8
93   4   -896.5   604.1   3449.0
93   5   -226.3   572.0   3683.1
93   6   -5.9   577.8   3688.3
93   7   208.5   646.0   3600.4
93   8   -359.8   387.9   3733.1
93   9   -360.5   220.9   3735.7
93   10   -441.5   147.9   3722.4
93   11   -436.5   -181.5   3733.8
93   12   -401.0   -482.4   3799.1
93   13   -277.1   150.3   3740.1
93   14   -295.4   -176.7   3774.7
93   15   -312.6   -478.9   3840.1
93   16   -861.6   596.2   3467.4
93   17   172.8   634.7   3615.0
93   18   -354.9   648.1   3653.6
94   0   -356.8   737.0   3668.8
94   1   -356.1   584.8   3674.7
94   2   -486.5   571.6   3650.5
94   3   -687.1   557.0   3560.0
94   4   -896.6   604.0   3449.2
94   5   -226.2   572.0   3683.3
94   6   -5.8   577.6   3688.2
94   7   209.4   644.7   3601.2
94   8   -359.8   389.3   3736.9
94   9   -360.5   223.6   3736.1
94   10   -441.6   147.8   3722.5
94   11   -436.7   -181.5   3733.6
94   12   -400.6   -482.5   3798.5
94   13   -277.1   150.4   3740.6
94   14   -295.3   -177.2   3769.3
94   15   -312.3   -478.8   3838.3
94   16   -861.7   596.1   3467.7
94   17   173.5   633.5   3615.7
94   18   -354.9   648.1   3654.5
95   0   -356.8   736.8   3668.6
95   1   -356.1   585.0   3676.2
95   2   -486.5   571.7   3650.7
95   3   -687.0   556.9   3560.1
95   4   -894.7   603.4   3450.4
95   5   -226.0   572.0   3683.4
95   6   -5.6   577.4   3688.2
95   7   210.4   640.2   3606.5
95   8   -359.8   390.4   3739.9
95   9   -360.5   225.7   3736.5
95   10   -441.6   147.9   3722.7
95   11   -429.3   -180.4   3745.9
95   12   -400.0   -484.3   3797.9
95   13   -277.0   150.5   3741.2
95   14   -295.3   -177.5   3765.9
95   15   -312.2   -478.6   3837.3
95   16   -860.1   595.7   3468.7
95   17   174.4   629.7   3620.2
95   18   -354.9   648.1   3655.5
96   0   -356.8   736.7   3668.5
96   1   -356.1   585.0   3677.3
96   2   -486.5   571.8   3651.0
96   3   -686.9   556.9   3560.1
96   4   -892.8   603.0   3451.6
96   5   -225.9   572.1   3683.6
96   6   -5.5   577.1   3688.2
96   7   211.2   635.9   3611.6
96   8   -359.8   390.8   3741.1
96   9   -360.5   226.9   3736.7
96   10   -441.7   147.9   3722.9
96   11   -432.7   -180.8   3740.4
96   12   -399.7   -483.6   3796.9
96   13   -277.1   150.5   3741.9
96   14   -295.4   -177.7   3763.7
96   15   -312.5   -478.3   3837.5
96   16   -858.5   595.3   3469.7
96   17   175.1   626.1   3624.4
96   18   -354.9   648.1   3656.5
97   0   -356.8   736.6   3668.5
97   1   -356.1   585.0   3678.1
97   2   -486.4   571.9   3651.2
97   3   -686.7   556.8   3560.2
97   4   -891.4   602.6   3452.5
97   5   -225.7   572.2   3683.7
97   6   -5.2   576.9   3688.3
97   7   211.5   633.3   3614.7
97   8   -359.8   390.8   3741.5
97   9   -360.5   227.6   3736.7
97   10   -441.8   148.0   3723.1
97   11   -434.7   -184.6   3737.1
97   12   -398.9   -486.6   3796.2
97   13   -277.1   150.5   3742.7
97   14   -295.8   -181.4   3762.6
97   15   -313.2   -481.0   3840.1
97   16   -857.3   595.0   3470.4
97   17   175.4   623.9   3626.9
97   18   -354.9   648.1   3657.5
98   0   -356.8   736.5   3668.5
98   1   -356.1   584.9   3678.9
98   2   -486.4   572.0   3651.5
98   3   -686.6   556.8   3560.2
98   4   -890.6   602.4   3453.0
98   5   -225.5   572.4   3683.9
98   6   -5.0   576.6   3688.4
98   7   211.9   631.6   3616.6
98   8   -359.8   390.7   3741.5
98   9   -360.5   228.1   3736.8
98   10   -441.8   148.1   3723.5
98   11   -435.8   -185.8   3735.3
98   12   -398.8   -487.6   3795.8
98   13   -277.2   150.6   3743.6
98   14   -295.9   -182.6   3762.1
98   15   -313.8   -481.8   3841.3
98   16   -856.6   594.8   3470.9
98   17   175.7   622.4   3628.6
98   18   -354.9   648.1   3658.5
99   0   -356.8   736.4   3668.5
99   1   -356.1   584.8   3679.6
99   2   -486.4   572.1   3651.8
99   3   -686.5   556.8   3560.3
99   4   -890.0   602.3   3453.3
99   5   -225.2   572.5   3684.1
99   6   -4.8   576.2   3688.4
99   7   211.7   630.8   3617.2
99   8   -359.8   390.6   3741.3
99   9   -360.5   228.3   3736.8
99   10   -441.9   148.2   3723.9
99   11   -428.7   -184.7   3746.9
99   12   -398.6   -489.0   3796.1
99   13   -277.3   150.6   3744.4
99   14   -295.8   -182.6   3762.1
99   15   -314.3   -481.5   3842.0
99   16   -856.1   594.7   3471.1
99   17   175.7   621.7   3629.1
99   18   -354.9   648.1   3659.4
100   0   -356.8   736.3   3668.4
100   1   -356.1   584.8   3680.2
100   2   -486.4   572.1   3652.1
100   3   -686.4   556.8   3560.3
100   4   -889.1   602.0   3453.6
100   5   -225.0   572.7   3684.3
100   6   -4.5   575.9   3688.3
100   7   211.1   630.6   3617.1
100   8   -359.8   390.4   3741.2
100   9   -360.5   228.4   3736.8
100   10   -442.0   148.2   3724.4
100   11   -432.4   -184.6   3740.8
100   12   -398.7   -487.1   3797.8
100   13   -277.4   150.7   3745.2
100   14   -295.6   -182.0   3762.2
100   15   -314.1   -480.3   3844.6
100   16   -855.3   594.5   3471.4
100   17   175.1   621.5   3629.0
100   18   -354.9   648.1   3660.4
101   0   -356.8   736.2   3668.4
101   1   -356.1   584.7   3681.0
101   2   -486.4   572.2   3652.7
101   3   -686.1   556.7   3560.4
101   4   -887.8   601.7   3453.9
101   5   -224.9   572.7   3684.6
101   6   -4.4   575.6   3688.3
101   7   209.9   630.5   3616.7
101   8   -359.8   390.2   3741.0
101   9   -360.5   228.5   3736.7
101   10   -442.1   148.3   3724.9
101   11   -434.7   -184.1   3737.1
101   12   -399.0   -484.4   3804.1
101   13   -277.4   150.7   3745.4
101   14   -295.4   -181.3   3762.3
101   15   -312.0   -479.7   3844.4
101   16   -854.2   594.2   3471.7
101   17   174.2   621.3   3628.7
101   18   -354.9   648.1   3661.4
102   0   -356.7   736.1   3668.4
102   1   -356.1   584.6   3681.7
102   2   -486.4   572.2   3653.6
102   3   -685.7   556.7   3560.5
102   4   -886.2   601.2   3454.5
102   5   -224.8   572.7   3684.8
102   6   -4.3   575.3   3688.2
102   7   208.4   630.2   3616.4
102   8   -359.8   390.0   3740.9
102   9   -360.5   228.5   3736.8
102   10   -442.2   148.4   3725.6
102   11   -435.8   -183.5   3735.0
102   12   -399.3   -481.7   3810.9
102   13   -277.4   150.8   3745.4
102   14   -295.3   -180.5   3762.3
102   15   -308.7   -478.8   3845.5
102   16   -852.8   593.8   3472.1
102   17   173.0   621.1   3628.3
102   18   -354.9   648.1   3662.3
103   0   -356.7   736.1   3668.4
103   1   -356.1   584.5   3682.4
103   2   -486.4   572.2   3654.8
103   3   -685.2   556.7   3560.7
103   4   -884.4   600.7   3454.9
103   5   -224.8   572.6   3685.1
103   6   -4.3   575.0   3688.2
103   7   206.9   629.9   3616.3
103   8   -359.8   389.8   3741.0
103   9   -360.5   228.4   3736.8
103   10   -442.3   148.4   3726.4
103   11   -436.4   -183.1   3734.0
103   12   -399.4   -480.7   3812.4
103   13   -277.3   151.0   3745.7
103   14   -295.2   -179.7   3762.4
103   15   -307.4   -477.5   3847.8
103   16   -851.2   593.3   3472.6
103   17   171.7   620.8   3628.2
103   18   -354.9   648.1   3663.3
104   0   -356.7   736.0   3668.4
104   1   -356.1   584.5   3683.2
104   2   -486.3   572.3   3656.2
104   3   -684.5   556.6   3560.8
104   4   -882.5   600.1   3455.2
104   5   -224.8   572.4   3685.2
104   6   -4.3   574.7   3688.1
104   7   205.9   629.2   3616.7
104   8   -359.8   389.6   3741.0
104   9   -360.5   228.3   3736.8
104   10   -442.3   148.4   3726.8
104   11   -429.1   -181.3   3749.4
104   12   -399.0   -483.2   3810.5
104   13   -277.3   151.1   3746.1
104   14   -295.1   -179.1   3762.5
104   15   -307.4   -477.6   3845.1
104   16   -849.5   592.9   3472.8
104   17   170.8   620.1   3628.6
104   18   -354.9   648.1   3664.3
105   0   -356.7   736.0   3668.4
105   1   -356.1   584.4   3684.0
105   2   -486.2   572.4   3657.7
105   3   -683.7   556.5   3560.9
105   4   -880.9   599.6   3455.3
105   5   -224.9   572.4   3685.3
105   6   -4.3   574.4   3688.1
105   7   205.3   628.4   3617.2
105   8   -359.8   389.4   3741.2
105   9   -360.5   228.2   3736.9
105   10   -442.3   148.4   3726.9
105   11   -425.0   -180.3   3757.5
105   12   -398.8   -484.6   3808.5
105   13   -277.3   151.2   3746.3
105   14   -295.1   -178.7   3762.5
105   15   -308.3   -478.2   3841.3
105   16   -848.0   592.4   3472.9
105   17   170.3   619.4   3629.0
105   18   -354.9   648.1   3665.3
106   0   -356.7   735.9   3668.4
106   1   -356.1   584.3   3684.8
106   2   -486.1   572.4   3659.5
106   3   -682.8   556.4   3561.0
106   4   -879.4   599.1   3455.3
106   5   -224.8   572.5   3685.4
106   6   -4.3   574.1   3688.1
106   7   205.0   627.4   3617.5
106   8   -359.8   389.1   3741.3
106   9   -360.5   228.0   3736.9
106   10   -442.2   148.4   3727.0
106   11   -430.7   -181.0   3746.0
106   12   -398.9   -483.6   3803.9
106   13   -277.3   151.2   3746.3
106   14   -295.0   -178.4   3762.7
106   15   -311.5   -477.9   3841.0
106   16   -846.6   592.0   3472.9
106   17   170.1   618.5   3629.3
106   18   -354.9   648.1   3666.3
107   0   -356.7   735.9   3668.4
107   1   -356.1   584.3   3685.3
107   2   -486.1   572.5   3661.7
107   3   -681.8   556.3   3561.2
107   4   -878.0   598.7   3455.4
107   5   -224.8   572.6   3685.5
107   6   -4.3   574.1   3688.1
107   7   204.9   626.7   3617.9
107   8   -359.8   389.0   3741.4
107   9   -360.5   227.9   3736.9
107   10   -442.2   148.4   3727.0
107   11   -434.0   -181.4   3739.0
107   12   -399.0   -483.1   3800.2
107   13   -277.3   151.3   3746.1
107   14   -295.0   -178.1   3763.1
107   15   -317.1   -476.1   3845.3
107   16   -845.3   591.7   3473.0
107   17   170.0   618.0   3629.6
107   18   -354.9   648.1   3666.9
108   0   -356.7   735.8   3668.4
108   1   -356.1   584.3   3685.6
108   2   -486.0   572.6   3663.5
108   3   -680.9   556.2   3561.5
108   4   -876.7   598.5   3455.4
108   5   -224.9   572.7   3685.5
108   6   -4.4   574.1   3688.1
108   7   204.9   626.2   3618.1
108   8   -359.8   388.8   3741.4
108   9   -360.5   227.8   3737.0
108   10   -442.2   148.4   3727.0
108   11   -435.5   -185.0   3735.5
108   12   -398.7   -486.2   3798.6
108   13   -277.3   151.3   3745.7
108   14   -295.1   -181.3   3763.8
108   15   -322.5   -478.8   3846.3
108   16   -844.1   591.4   3473.1
108   17   170.0   617.5   3629.7
108   18   -354.9   648.1   3667.3
109   0   -356.7   735.8   3668.4
109   1   -356.1   584.3   3685.7
109   2   -486.0   572.6   3665.2
109   3   -679.9   556.1   3561.4
109   4   -875.6   598.2   3455.4
109   5   -224.9   572.9   3685.6
109   6   -4.4   574.1   3688.1
109   7   204.7   625.9   3617.9
109   8   -359.8   388.8   3741.5
109   9   -360.5   227.8   3737.0
109   10   -442.1   148.4   3727.0
109   11   -436.3   -186.1   3733.9
109   12   -398.7   -487.0   3798.6
109   13   -277.2   151.4   3745.2
109   14   -295.1   -182.2   3764.4
109   15   -318.3   -480.0   3847.2
109   16   -843.0   591.2   3473.0
109   17   169.9   617.3   3629.6
109   18   -354.9   648.1   3667.5
110   0   -356.7   735.7   3668.4
110   1   -356.1   584.3   3685.8
110   2   -485.9   572.7   3665.7
110   3   -679.3   555.8   3561.0
110   4   -875.1   598.2   3455.0
110   5   -225.0   573.0   3685.7
110   6   -4.4   574.1   3688.2
110   7   204.7   625.8   3617.8
110   8   -359.8   388.7   3741.5
110   9   -360.5   227.8   3737.1
110   10   -442.1   148.4   3727.0
110   11   -436.5   -186.0   3733.4
110   12   -398.7   -486.7   3798.7
110   13   -277.1   151.6   3745.1
110   14   -295.2   -181.9   3764.6
110   15   -312.3   -480.4   3846.2
110   16   -842.4   591.1   3472.7
110   17   169.8   617.2   3629.6
110   18   -354.9   648.1   3667.5
111   0   -356.7   735.7   3668.4
111   1   -356.1   584.3   3685.8
111   2   -485.8   572.8   3665.6
111   3   -678.9   555.6   3560.4
111   4   -874.7   598.1   3454.2
111   5   -225.0   573.2   3685.8
111   6   -4.5   574.1   3688.4
111   7   204.8   625.8   3617.9
111   8   -359.8   388.6   3741.5
111   9   -360.5   227.7   3737.1
111   10   -442.1   148.4   3727.0
111   11   -436.4   -188.7   3733.3
111   12   -398.4   -489.2   3799.6
111   13   -277.1   151.8   3745.1
111   14   -295.7   -184.4   3764.5
111   15   -309.3   -483.0   3846.6
111   16   -842.1   591.0   3471.9
111   17   169.9   617.2   3629.7
111   18   -354.9   648.1   3667.6
112   0   -356.7   735.7   3668.4
112   1   -356.1   584.3   3685.8
112   2   -485.7   572.8   3665.0
112   3   -678.9   555.4   3560.1
112   4   -874.6   598.0   3453.2
112   5   -225.1   573.3   3685.9
112   6   -4.5   574.1   3688.5
112   7   205.0   625.7   3618.0
112   8   -359.8   388.6   3741.6
112   9   -360.5   227.7   3737.2
112   10   -442.0   148.4   3727.0
112   11   -436.4   -189.1   3733.4
112   12   -398.4   -489.5   3800.0
112   13   -277.0   152.0   3745.0
112   14   -294.9   -184.6   3763.8
112   15   -308.3   -483.3   3845.8
112   16   -842.0   590.9   3471.0
112   17   170.0   617.1   3629.7
112   18   -354.9   648.1   3667.6
113   0   -356.7   735.6   3668.4
113   1   -356.1   584.3   3685.7
113   2   -485.6   572.9   3664.3
113   3   -679.2   555.2   3560.0
113   4   -874.6   598.4   3452.5
113   5   -225.1   573.5   3686.0
113   6   -4.6   574.1   3688.7
113   7   205.1   625.7   3618.1
113   8   -359.8   388.5   3741.6
113   9   -360.5   227.6   3737.2
113   10   -442.0   148.4   3727.1
113   11   -436.4   -188.3   3733.5
113   12   -398.6   -488.7   3800.1
113   13   -276.9   152.2   3745.1
113   14   -294.4   -183.7   3764.2
113   15   -308.0   -482.9   3844.2
113   16   -842.0   591.2   3470.5
113   17   170.2   617.1   3629.8
113   18   -354.9   648.1   3667.5
114   0   -356.7   735.6   3668.4
114   1   -356.1   584.3   3685.7
114   2   -485.5   572.9   3664.0
114   3   -679.3   554.9   3560.1
114   4   -874.5   598.8   3452.1
114   5   -225.1   573.7   3686.1
114   6   -4.6   574.0   3688.9
114   7   205.3   625.6   3618.3
114   8   -359.8   388.4   3741.6
114   9   -360.5   227.6   3737.3
114   10   -442.0   148.4   3727.2
114   11   -436.4   -187.2   3733.5
114   12   -398.7   -487.6   3799.9
114   13   -276.8   152.4   3745.1
114   14   -294.3   -182.2   3764.9
114   15   -308.0   -481.7   3843.6
114   16   -841.9   591.5   3470.1
114   17   170.4   617.0   3630.1
114   18   -354.9   648.1   3667.5
115   0   -356.7   735.6   3668.4
115   1   -356.1   584.3   3685.7
115   2   -485.5   573.0   3663.9
115   3   -679.2   554.6   3560.2
115   4   -874.3   598.9   3451.5
115   5   -225.1   573.8   3686.2
115   6   -4.6   574.0   3689.0
115   7   205.6   625.5   3618.6
115   8   -359.8   388.4   3741.7
115   9   -360.5   227.5   3737.4
115   10   -441.9   148.4   3727.2
115   11   -436.3   -186.0   3733.6
115   12   -399.0   -486.6   3799.3
115   13   -276.6   152.7   3745.1
115   14   -294.1   -180.7   3765.7
115   15   -307.2   -480.7   3842.8
115   16   -841.7   591.5   3469.6
115   17   170.6   616.9   3630.4
115   18   -354.9   648.1   3667.5
116   0   -356.7   735.6   3668.4
116   1   -356.1   584.3   3685.7
116   2   -485.4   573.0   3664.1
116   3   -679.1   554.2   3560.2
116   4   -874.0   598.8   3451.0
116   5   -225.2   574.0   3686.4
116   6   -4.6   574.0   3689.0
116   7   206.0   625.4   3618.8
116   8   -359.8   388.3   3741.7
116   9   -360.5   227.4   3737.5
116   10   -441.9   148.3   3727.3
116   11   -436.3   -185.0   3733.8
116   12   -399.1   -485.9   3798.7
116   13   -276.4   152.9   3745.0
116   14   -293.2   -179.5   3765.3
116   15   -306.9   -479.5   3842.2
116   16   -841.5   591.4   3469.2
116   17   170.9   616.8   3630.5
116   18   -354.9   648.1   3667.5
117   0   -356.7   735.6   3668.4
117   1   -356.1   584.3   3685.7
117   2   -485.3   573.0   3664.3
117   3   -678.9   553.9   3560.3
117   4   -873.9   598.6   3450.8
117   5   -225.2   574.1   3686.5
117   6   -4.7   573.9   3689.0
117   7   206.2   625.4   3618.7
117   8   -359.8   388.2   3741.8
117   9   -360.5   227.4   3737.6
117   10   -441.9   148.2   3727.4
117   11   -436.2   -184.2   3734.0
117   12   -399.2   -485.3   3798.1
117   13   -276.3   153.1   3745.0
117   14   -292.7   -178.5   3765.4
117   15   -307.0   -478.5   3842.1
117   16   -841.4   591.2   3469.0
117   17   171.0   616.8   3630.4
117   18   -354.9   648.1   3667.5
118   0   -356.7   735.6   3668.4
118   1   -356.1   584.3   3685.7
118   2   -485.3   573.1   3664.4
118   3   -678.7   553.5   3560.3
118   4   -873.9   598.5   3450.9
118   5   -225.2   574.3   3686.6
118   6   -4.7   573.9   3689.0
118   7   206.2   625.4   3618.6
118   8   -359.8   388.1   3741.8
118   9   -360.5   227.3   3737.7
118   10   -441.9   148.2   3727.4
118   11   -436.2   -183.6   3734.6
118   12   -399.2   -484.8   3798.1
118   13   -276.1   153.2   3745.0
118   14   -292.5   -177.7   3765.2
118   15   -307.3   -477.4   3843.2
118   16   -841.3   591.0   3469.1
118   17   171.0   616.8   3630.4
118   18   -354.9   648.1   3667.5
119   0   -356.7   735.6   3668.4
119   1   -356.1   584.3   3685.7
119   2   -485.2   573.1   3664.4
119   3   -678.6   553.1   3560.2
119   4   -873.7   598.8   3451.4
119   5   -225.2   574.4   3686.7
119   6   -4.7   573.9   3689.0
119   7   206.1   625.4   3618.6
119   8   -359.8   388.0   3741.9
119   9   -360.5   227.2   3737.8
119   10   -441.9   148.0   3727.6
119   11   -436.1   -183.2   3735.4
119   12   -399.2   -484.6   3798.4
119   13   -276.0   153.4   3745.0
119   14   -292.0   -177.1   3764.8
119   15   -307.4   -476.6   3843.2
119   16   -841.2   591.1   3469.5
119   17   170.9   616.8   3630.4
119   18   -354.9   648.1   3667.5
120   0   -356.7   735.6   3668.4
120   1   -356.1   584.3   3685.7
120   2   -485.1   573.1   3664.4
120   3   -678.5   552.9   3560.2
120   4   -873.5   599.2   3452.1
120   5   -225.2   574.6   3686.8
120   6   -4.7   573.9   3689.0
120   7   205.8   625.3   3618.7
120   8   -359.9   388.0   3741.9
120   9   -360.5   227.2   3738.0
120   10   -441.9   147.9   3727.8
120   11   -436.0   -183.0   3736.6
120   12   -399.0   -484.5   3798.6
120   13   -275.7   153.6   3744.9
120   14   -291.5   -176.5   3764.6
120   15   -307.4   -476.0   3843.1
120   16   -841.0   591.4   3470.1
120   17   170.7   616.7   3630.4
120   18   -354.9   648.1   3667.5
121   0   -356.7   735.6   3668.4
121   1   -356.1   584.3   3685.7
121   2   -485.1   573.2   3664.4
121   3   -678.4   552.8   3560.2
121   4   -873.0   599.6   3452.5
121   5   -225.3   574.7   3686.9
121   6   -4.7   573.8   3689.0
121   7   205.3   625.2   3619.0
121   8   -359.9   387.9   3741.9
121   9   -360.5   227.1   3738.1
121   10   -442.0   147.8   3727.8
121   11   -428.4   -181.7   3749.3
121   12   -398.6   -486.1   3798.7
121   13   -275.4   153.8   3744.8
121   14   -291.7   -175.9   3765.7
121   15   -307.4   -475.7   3843.0
121   16   -840.6   591.8   3470.5
121   17   170.3   616.7   3630.7
121   18   -354.9   648.1   3667.5
122   0   -356.7   735.6   3668.4
122   1   -356.1   584.3   3685.7
122   2   -485.0   573.2   3664.4
122   3   -678.4   552.9   3560.2
122   4   -872.9   600.2   3454.3
122   5   -225.3   574.8   3686.9
122   6   -4.7   573.8   3688.9
122   7   204.6   625.0   3619.3
122   8   -359.9   387.9   3741.9
122   9   -360.5   227.1   3738.2
122   10   -442.0   147.6   3727.8
122   11   -424.3   -181.1   3756.3
122   12   -398.1   -486.8   3799.5
122   13   -275.0   154.2   3744.7
122   14   -291.8   -175.2   3766.5
122   15   -307.4   -475.3   3843.0
122   16   -840.5   592.3   3471.9
122   17   169.7   616.5   3630.9
122   18   -354.9   648.1   3667.5
123   0   -356.7   735.6   3668.4
123   1   -356.1   584.3   3685.7
123   2   -485.0   573.2   3664.3
123   3   -678.4   553.0   3560.2
123   4   -872.4   600.7   3455.8
123   5   -225.3   574.8   3686.8
123   6   -4.8   573.8   3689.0
123   7   203.6   624.9   3619.5
123   8   -359.8   387.9   3741.9
123   9   -360.5   227.0   3738.3
123   10   -442.1   147.4   3727.7
123   11   -422.2   -180.7   3759.6
123   12   -397.6   -487.1   3799.9
123   13   -274.6   154.5   3744.6
123   14   -291.8   -174.6   3767.2
123   15   -307.6   -474.9   3843.0
123   16   -840.1   592.7   3473.2
123   17   168.8   616.4   3631.1
123   18   -354.9   648.1   3667.5
124   0   -356.7   735.6   3668.4
124   1   -356.1   584.3   3685.7
124   2   -485.0   573.3   3664.3
124   3   -678.3   553.1   3560.1
124   4   -870.8   601.1   3455.1
124   5   -225.4   574.8   3686.7
124   6   -4.8   573.8   3689.0
124   7   202.5   624.8   3619.5
124   8   -359.8   387.9   3741.9
124   9   -360.5   227.0   3738.3
124   10   -442.1   147.3   3727.6
124   11   -427.9   -181.7   3748.5
124   12   -397.6   -485.8   3799.4
124   13   -274.2   154.8   3744.2
124   14   -291.8   -174.1   3767.3
124   15   -307.8   -474.5   3842.4
124   16   -838.7   593.1   3472.6
124   17   167.9   616.3   3631.1
124   18   -354.9   648.1   3667.5
125   0   -356.7   735.6   3668.4
125   1   -356.1   584.3   3685.7
125   2   -484.9   573.3   3664.2
125   3   -678.2   553.1   3559.9
125   4   -868.6   601.2   3452.7
125   5   -225.4   574.8   3686.6
125   6   -4.8   573.8   3689.0
125   7   201.7   624.6   3619.4
125   8   -359.8   387.9   3741.9
125   9   -360.5   227.0   3738.3
125   10   -442.2   147.1   3727.5
125   11   -430.5   -184.6   3741.9
125   12   -396.5   -487.4   3798.1
125   13   -273.8   155.3   3743.6
125   14   -291.9   -175.8   3767.0
125   15   -307.6   -476.2   3842.2
125   16   -836.9   593.2   3470.6
125   17   167.3   616.2   3631.0
125   18   -354.9   648.1   3667.5
126   0   -356.7   735.6   3668.4
126   1   -356.1   584.3   3685.7
126   2   -484.9   573.3   3664.1
126   3   -678.2   553.2   3559.8
126   4   -866.4   601.5   3449.3
126   5   -225.3   574.8   3686.1
126   6   -4.8   573.8   3689.0
126   7   201.5   624.6   3619.3
126   8   -359.8   387.8   3741.9
126   9   -360.4   227.0   3738.3
126   10   -442.2   147.1   3727.4
126   11   -431.8   -189.0   3737.8
126   12   -395.7   -490.9   3797.9
126   13   -273.4   155.7   3742.8
126   14   -292.1   -179.4   3765.3
126   15   -307.7   -479.4   3842.4
126   16   -835.0   593.4   3467.7
126   17   167.1   616.1   3630.9
126   18   -354.9   648.1   3667.5
127   0   -356.7   735.6   3668.4
127   1   -356.1   584.3   3685.7
127   2   -484.9   573.3   3664.1
127   3   -678.1   553.3   3559.7
127   4   -865.4   602.1   3447.2
127   5   -225.3   574.8   3685.5
127   6   -4.7   573.8   3689.1
127   7   201.5   624.6   3618.4
127   8   -359.8   387.8   3741.9
127   9   -360.4   227.0   3738.3
127   10   -442.2   146.9   3727.4
127   11   -432.2   -190.3   3735.4
127   12   -395.5   -491.8   3797.8
127   13   -273.2   155.9   3742.1
127   14   -292.1   -180.4   3763.2
127   15   -308.8   -479.7   3842.3
127   16   -834.2   594.0   3465.9
127   17   167.1   616.1   3630.2
127   18   -354.9   648.1   3667.5
128   0   -356.7   735.6   3668.4
128   1   -356.1   584.3   3685.7
128   2   -484.8   573.3   3664.0
128   3   -678.1   553.5   3559.6
128   4   -865.1   603.0   3445.8
128   5   -225.2   574.8   3684.7
128   6   -4.7   573.8   3689.2
128   7   201.9   624.7   3617.7
128   8   -359.8   387.8   3741.9
128   9   -360.4   227.0   3738.3
128   10   -442.0   146.6   3727.3
128   11   -432.2   -190.1   3734.9
128   12   -395.5   -491.5   3797.9
128   13   -273.2   155.8   3741.7
128   14   -292.1   -180.1   3760.2
128   15   -310.2   -478.6   3842.1
128   16   -833.9   594.8   3464.7
128   17   167.5   616.2   3629.7
128   18   -354.9   648.1   3667.5
129   0   -356.5   735.6   3668.0
129   1   -355.8   584.1   3685.3
129   2   -484.7   573.0   3662.4
129   3   -678.8   553.7   3559.3
129   4   -866.3   604.6   3442.8
129   5   -224.5   575.6   3683.5
129   6   -4.0   573.6   3689.4
129   7   203.4   626.5   3615.2
129   8   -358.6   387.3   3740.1
129   9   -359.0   226.5   3737.6
129   10   -440.6   147.2   3727.3
129   11   -431.6   -188.4   3735.8
129   12   -395.5   -490.0   3798.0
129   13   -272.3   155.5   3740.9
129   14   -291.9   -179.4   3758.4
129   15   -311.9   -477.3   3841.8
129   16   -835.0   596.1   3462.2
129   17   168.9   617.7   3627.6
129   18   -354.9   648.1   3667.5
130   0   -356.0   735.6   3667.3
130   1   -355.3   584.0   3684.7
130   2   -484.7   572.4   3661.3
130   3   -679.3   553.9   3559.2
130   4   -868.3   606.6   3440.7
130   5   -223.4   576.6   3682.5
130   6   -2.9   573.4   3689.6
130   7   204.3   630.2   3610.2
130   8   -356.8   386.7   3737.6
130   9   -357.0   224.1   3736.6
130   10   -438.5   148.4   3727.4
130   11   -430.8   -186.1   3737.8
130   12   -395.5   -488.2   3797.9
130   13   -271.2   155.0   3740.1
130   14   -291.6   -178.5   3758.6
130   15   -313.8   -476.4   3841.8
130   16   -836.8   597.8   3460.5
130   17   169.7   620.7   3623.4
130   18   -354.9   648.1   3667.4
131   0   -355.3   735.5   3664.1
131   1   -354.9   583.9   3683.7
131   2   -484.9   571.8   3659.9
131   3   -680.2   554.3   3558.9
131   4   -870.8   609.1   3439.3
131   5   -222.5   577.2   3682.0
131   6   -2.1   573.2   3689.7
131   7   205.8   632.7   3606.9
131   8   -355.2   386.3   3735.4
131   9   -355.1   221.5   3735.8
131   10   -436.5   149.3   3727.5
131   11   -430.2   -184.0   3739.8
131   12   -395.6   -486.6   3797.9
131   13   -270.1   154.7   3739.8
131   14   -291.1   -177.6   3760.5
131   15   -313.9   -476.0   3841.4
131   16   -839.0   599.9   3459.2
131   17   171.2   622.8   3620.7
131   18   -354.8   648.1   3666.9
132   0   -354.5   735.4   3661.4
132   1   -354.6   583.8   3682.7
132   2   -485.2   571.4   3659.0
132   3   -680.9   554.7   3558.6
132   4   -873.0   611.9   3438.4
132   5   -221.8   577.5   3681.8
132   6   -1.4   573.1   3689.7
132   7   207.3   634.4   3604.5
132   8   -354.0   386.1   3733.7
132   9   -353.7   219.2   3735.2
132   10   -434.9   150.0   3727.6
132   11   -430.0   -182.5   3740.2
132   12   -395.6   -485.2   3797.9
132   13   -269.4   154.5   3739.8
132   14   -291.1   -176.9   3761.5
132   15   -313.8   -475.7   3841.1
132   16   -841.0   602.4   3458.5
132   17   172.6   624.2   3618.7
132   18   -354.8   648.1   3666.1
133   0   -353.7   735.4   3659.6
133   1   -354.4   583.8   3681.6
133   2   -485.6   571.2   3658.2
133   3   -681.7   555.3   3558.4
133   4   -874.8   614.8   3437.6
133   5   -221.4   577.5   3681.8
133   6   -1.0   573.1   3689.7
133   7   208.5   635.8   3602.6
133   8   -353.3   386.1   3732.5
133   9   -352.9   217.5   3734.7
133   10   -433.9   150.4   3727.5
133   11   -429.8   -181.4   3739.1
133   12   -395.7   -484.0   3797.8
133   13   -269.2   154.4   3739.8
133   14   -291.2   -176.2   3761.8
133   15   -314.0   -475.1   3840.9
133   16   -842.6   604.8   3457.7
133   17   173.6   625.3   3617.1
133   18   -354.8   648.1   3665.1
134   0   -352.8   735.3   3658.7
134   1   -354.3   583.8   3680.6
134   2   -486.0   570.9   3657.9
134   3   -682.2   555.9   3558.2
134   4   -876.0   617.2   3436.9
134   5   -221.1   577.4   3681.8
134   6   -0.6   573.1   3689.6
134   7   209.7   636.5   3601.5
134   8   -352.8   386.3   3731.9
134   9   -352.5   216.3   3734.3
134   10   -433.1   150.8   3727.5
134   11   -429.5   -180.6   3738.1
134   12   -395.8   -483.0   3797.6
134   13   -269.2   154.5   3739.7
134   14   -291.7   -175.6   3761.5
134   15   -314.6   -474.5   3840.8
134   16   -843.7   607.0   3457.1
134   17   174.7   626.0   3616.2
134   18   -354.8   648.1   3663.9
135   0   -351.8   735.3   3658.3
135   1   -354.2   583.9   3679.7
135   2   -486.3   570.7   3657.8
135   3   -682.5   556.7   3558.0
135   4   -877.3   618.3   3436.2
135   5   -220.8   577.4   3681.8
135   6   -0.3   573.1   3689.5
135   7   211.0   637.4   3601.6
135   8   -352.5   386.5   3731.5
135   9   -352.1   215.7   3733.9
135   10   -432.5   151.4   3727.2
135   11   -421.9   -181.2   3749.8
135   12   -395.5   -486.1   3798.5
135   13   -269.2   154.9   3739.6
135   14   -292.0   -177.5   3760.4
135   15   -315.5   -476.0   3841.1
135   16   -844.8   608.0   3456.5
135   17   175.8   626.7   3616.3
135   18   -354.8   648.1   3662.8
136   0   -351.1   735.4   3658.1
136   1   -354.1   583.9   3678.8
136   2   -486.6   570.5   3657.8
136   3   -682.9   557.6   3557.8
136   4   -878.5   618.8   3435.8
136   5   -220.5   577.4   3681.9
136   6   -0.1   573.0   3689.4
136   7   212.0   637.9   3601.4
136   8   -352.1   386.7   3731.3
136   9   -351.7   215.5   3733.5
136   10   -432.0   152.0   3726.9
136   11   -425.0   -181.8   3740.9
136   12   -395.6   -484.7   3798.9
136   13   -269.0   155.3   3739.5
136   14   -291.9   -177.8   3758.4
136   15   -315.6   -475.7   3841.0
136   16   -845.9   608.6   3456.1
136   17   176.6   627.1   3616.1
136   18   -354.8   648.1   3661.7
137   0   -350.7   735.4   3658.0
137   1   -354.1   584.0   3677.8
137   2   -486.9   570.4   3657.7
137   3   -683.2   558.5   3557.7
137   4   -879.7   619.1   3435.5
137   5   -220.3   577.5   3681.8
137   6   0.1   573.0   3689.3
137   7   212.6   638.2   3600.9
137   8   -351.9   387.0   3731.2
137   9   -351.4   215.5   3733.1
137   10   -431.9   152.9   3726.5
137   11   -426.9   -181.0   3734.5
137   12   -395.9   -482.6   3798.8
137   13   -268.8   156.0   3739.4
137   14   -291.8   -176.9   3757.3
137   15   -315.5   -474.7   3840.7
137   16   -846.9   609.0   3455.8
137   17   177.2   627.4   3615.6
137   18   -354.7   648.1   3660.5
138   0   -350.5   736.4   3657.9
138   1   -354.0   584.1   3676.9
138   2   -487.1   570.3   3657.7
138   3   -683.4   559.4   3557.5
138   4   -880.6   619.3   3435.0
138   5   -220.2   577.6   3681.8
138   6   0.3   573.0   3689.2
138   7   213.3   638.3   3600.5
138   8   -351.8   387.3   3731.1
138   9   -351.3   215.6   3732.7
138   10   -432.1   153.9   3726.0
138   11   -427.6   -182.5   3728.8
138   12   -396.0   -482.8   3799.0
138   13   -268.6   156.6   3739.2
138   14   -291.9   -178.7   3754.5
138   15   -314.5   -475.8   3840.7
138   16   -847.7   609.3   3455.4
138   17   177.8   627.4   3615.3
138   18   -354.7   648.2   3659.3
