2   0   88.3   694.9   3532.3
2   1   84.0   502.1   3550.0
2   2   -70.6   492.6   3572.7
2   3   -102.6   245.8   3486.6
2   4   60.0   448.8   3361.8
2   5   239.5   484.6   3553.2
2   6   274.6   237.6   3468.9
2   7   90.1   430.8   3359.9
2   8   81.5   259.3   3608.2
2   9   79.8   81.2   3614.8
2   10   -27.4   -2.9   3645.3
2   11   -11.8   -402.0   3635.0
2   12   23.3   -767.8   3679.6
2   13   182.9   -6.7   3650.5
2   14   134.6   -402.1   3621.0
2   15   95.6   -756.8   3719.6
2   16   32.9   414.9   3382.6
2   17   120.8   398.6   3378.1
2   18   84.8   579.2   3531.5
3   0   88.5   696.0   3533.2
3   1   83.9   503.2   3550.8
3   2   -70.7   493.0   3571.1
3   3   -102.4   246.1   3485.0
3   4   60.7   450.1   3362.8
3   5   239.2   485.3   3551.6
3   6   274.7   237.6   3469.7
3   7   90.8   429.9   3358.4
3   8   81.2   260.5   3608.9
3   9   79.6   82.1   3615.8
3   10   -27.6   -0.6   3644.5
3   11   -14.0   -400.8   3634.4
3   12   25.5   -765.9   3680.1
3   13   182.9   -4.0   3649.5
3   14   136.7   -400.8   3619.7
3   15   96.9   -756.2   3714.8
3   16   33.6   416.1   3383.1
3   17   121.4   397.9   3376.9
3   18   84.7   580.3   3532.4
4   0   89.0   699.2   3535.5
4   1   83.4   506.4   3553.3
4   2   -70.8   494.4   3568.6
4   3   -101.4   248.2   3480.6
4   4   63.8   453.2   3363.1
4   5   238.2   487.4   3549.0
4   6   275.7   238.3   3472.8
4   7   93.1   426.9   3353.8
4   8   80.5   264.4   3610.6
4   9   78.8   84.5   3618.8
4   10   -26.2   2.8   3643.3
4   11   -17.5   -398.9   3633.8
4   12   31.5   -762.0   3683.6
4   13   181.2   0.4   3646.5
4   14   141.1   -398.2   3616.1
4   15   98.6   -754.3   3707.1
4   16   36.3   419.1   3382.7
4   17   123.5   395.5   3373.7
4   18   84.3   583.5   3535.0
5   0   89.6   703.2   3537.2
5   1   82.5   510.5   3556.1
5   2   -70.8   496.2   3566.0
5   3   -100.6   249.4   3479.2
5   4   65.4   455.0   3363.6
5   5   236.5   490.3   3546.6
5   6   276.9   239.3   3478.9
5   7   96.8   423.2   3349.5
5   8   79.5   269.9   3612.6
5   9   77.8   87.4   3621.9
5   10   -26.4   11.0   3642.0
5   11   -20.7   -391.4   3632.0
5   12   32.6   -756.9   3681.7
5   13   179.5   7.6   3641.3
5   14   144.0   -391.8   3606.3
5   15   100.8   -749.3   3702.6
5   16   37.8   420.7   3382.8
5   17   126.8   392.5   3371.0
5   18   83.5   587.7   3537.9
6   0   89.9   705.9   3537.6
6   1   81.8   513.2   3557.8
6   2   -70.7   497.2   3563.7
6   3   -100.2   249.7   3478.7
6   4   66.1   455.8   3364.3
6   5   234.9   492.1   3544.8
6   6   278.0   240.0   3482.5
6   7   99.0   421.1   3347.2
6   8   78.8   274.2   3613.5
6   9   77.2   89.3   3623.6
6   10   -27.0   17.7   3640.8
6   11   -22.2   -385.3   3630.3
6   12   29.7   -754.2   3676.1
6   13   179.6   14.5   3638.0
6   14   145.6   -385.1   3597.5
6   15   102.7   -742.9   3702.9
6   16   38.4   421.4   3383.4
6   17   128.9   390.9   3369.8
6   18   82.8   590.4   3539.7
7   0   90.0   707.1   3537.1
7   1   81.4   514.4   3558.4
7   2   -70.5   497.5   3562.5
7   3   -100.0   249.5   3478.8
7   4   66.1   456.0   3364.8
7   5   233.8   492.7   3543.8
7   6   279.9   240.3   3484.5
7   7   103.3   420.9   3345.2
7   8   78.5   276.7   3613.3
7   9   77.1   90.0   3623.9
7   10   -26.4   17.9   3640.3
7   11   -22.9   -386.9   3629.6
7   12   27.4   -756.5   3677.5
7   13   178.1   13.7   3637.5
7   14   147.1   -388.0   3597.1
7   15   103.0   -746.5   3702.1
7   16   38.4   421.6   3383.8
7   17   132.8   390.8   3368.4
7   18   82.4   591.7   3540.5
8   0   90.0   707.4   3536.0
8   1   81.2   514.7   3558.4
8   2   -70.2   497.4   3562.2
8   3   -99.8   249.4   3478.8
8   4   65.8   456.3   3364.8
8   5   233.0   492.6   3543.2
8   6   281.8   240.3   3485.6
8   7   111.0   422.7   3341.4
8   8   78.4   277.7   3612.7
8   9   77.1   89.9   3623.5
8   10   -25.4   13.8   3640.0
8   11   -23.3   -393.6   3630.8
8   12   28.9   -762.0   3682.9
8   13   177.1   9.8   3638.6
8   14   148.5   -395.4   3609.0
8   15   102.2   -757.3   3696.9
8   16   38.2   421.8   3383.8
8   17   139.5   392.3   3365.4
8   18   82.2   592.0   3540.7
9   0   90.0   707.2   3535.0
9   1   81.2   514.6   3558.2
9   2   -69.8   497.2   3562.6
9   3   -99.6   249.4   3478.6
9   4   65.8   456.5   3364.6
9   5   232.4   492.3   3542.7
9   6   284.0   240.2   3486.3
9   7   113.0   420.9   3340.1
9   8   78.4   278.0   3612.2
9   9   77.3   89.7   3622.9
9   10   -27.4   17.1   3639.7
9   11   -23.3   -390.2   3630.8
9   12   29.8   -758.1   3689.3
9   13   179.5   12.9   3639.9
9   14   147.0   -390.7   3598.0
9   15   104.1   -753.2   3688.9
9   16   38.3   422.0   3383.6
9   17   141.5   390.8   3364.5
9   18   82.1   591.9   3540.6
10   0   90.0   707.0   3534.3
10   1   81.2   514.4   3558.0
10   2   -69.4   497.1   3563.2
10   3   -99.4   249.7   3478.4
10   4   65.9   456.7   3364.2
10   5   232.2   492.3   3542.5
10   6   284.6   240.3   3486.5
10   7   110.2   418.4   3341.3
10   8   78.4   278.0   3611.9
10   9   77.6   89.7   3622.2
10   10   -28.6   20.5   3639.3
10   11   -23.3   -387.1   3630.8
10   12   29.6   -755.1   3693.4
10   13   181.2   16.4   3640.3
10   14   146.2   -387.8   3601.0
10   15   104.8   -752.1   3688.6
10   16   38.4   422.2   3383.2
10   17   139.2   388.7   3365.5
10   18   82.1   591.7   3540.4
11   0   89.9   706.7   3534.0
11   1   81.2   514.1   3557.8
11   2   -69.1   496.9   3563.8
11   3   -99.2   249.8   3478.0
11   4   66.0   456.8   3363.7
11   5   232.1   492.3   3542.5
11   6   284.3   240.3   3486.5
11   7   108.8   417.7   3341.8
11   8   78.5   278.0   3611.7
11   9   77.8   89.9   3621.7
11   10   -27.7   20.4   3639.2
11   11   -23.4   -389.7   3630.9
11   12   29.5   -757.4   3692.4
11   13   180.4   15.3   3640.6
11   14   146.0   -391.6   3603.2
11   15   104.6   -755.1   3692.5
11   16   38.4   422.3   3382.8
11   17   138.0   388.1   3365.9
11   18   82.1   591.4   3540.2
12   0   89.9   706.4   3533.8
12   1   81.2   513.8   3557.7
12   2   -68.8   496.6   3563.9
12   3   -98.8   249.7   3477.4
12   4   66.2   457.1   3363.5
12   5   232.1   492.3   3542.5
12   6   283.7   240.2   3486.5
12   7   109.4   418.1   3341.0
12   8   78.5   278.0   3611.7
12   9   78.2   90.3   3621.3
12   10   -26.7   20.0   3638.9
12   11   -23.2   -391.2   3630.5
12   12   29.5   -758.5   3687.3
12   13   179.4   13.8   3640.5
12   14   146.2   -394.5   3603.8
12   15   104.5   -755.3   3698.2
12   16   38.7   422.5   3382.4
12   17   138.5   388.5   3365.2
12   18   82.1   591.1   3540.0
13   0   89.9   706.1   3533.6
13   1   81.2   513.5   3557.6
13   2   -68.6   496.1   3563.7
13   3   -98.3   249.5   3476.6
13   4   66.4   457.4   3363.3
13   5   232.2   492.3   3542.6
13   6   283.0   240.1   3486.5
13   7   110.5   418.7   3339.7
13   8   78.5   278.0   3611.8
13   9   78.5   90.7   3621.1
13   10   -25.6   19.4   3638.6
13   11   -23.0   -391.6   3629.9
13   12   29.4   -758.0   3682.8
13   13   178.9   13.5   3640.5
13   14   146.5   -394.7   3604.3
13   15   104.5   -753.0   3702.9
13   16   38.9   422.7   3382.2
13   17   139.2   388.9   3364.2
13   18   82.1   590.8   3539.8
14   0   90.0   705.8   3533.5
14   1   81.2   513.3   3557.5
14   2   -68.5   496.1   3563.7
14   3   -98.1   249.5   3476.3
14   4   66.6   457.5   3363.2
14   5   232.2   492.3   3542.6
14   6   282.2   240.0   3486.4
14   7   110.3   418.6   3339.1
14   8   78.5   278.0   3612.0
14   9   78.7   91.1   3620.9
14   10   -24.9   19.6   3638.1
14   11   -22.9   -389.9   3629.0
14   12   29.1   -755.9   3679.0
14   13   178.9   14.0   3640.4
14   14   146.6   -392.7   3604.8
14   15   104.7   -749.7   3704.7
14   16   39.1   422.8   3382.1
14   17   138.9   388.8   3363.6
14   18   82.1   590.5   3539.6
15   0   90.0   705.5   3533.5
15   1   81.2   513.0   3557.4
15   2   -68.6   496.2   3563.6
15   3   -97.8   249.6   3476.2
15   4   66.8   457.6   3363.2
15   5   232.2   492.3   3542.7
15   6   281.3   239.9   3486.4
15   7   109.5   419.1   3339.7
15   8   78.5   278.1   3612.1
15   9   78.8   91.5   3620.8
15   10   -24.3   19.7   3637.9
15   11   -22.9   -390.3   3628.5
15   12   29.1   -755.7   3677.8
15   13   178.7   14.4   3640.5
15   14   146.7   -393.0   3605.6
15   15   104.6   -749.2   3705.6
15   16   39.4   422.9   3382.0
15   17   138.1   389.2   3364.2
15   18   82.1   590.3   3539.4
16   0   90.0   705.2   3533.4
16   1   81.2   512.8   3557.3
16   2   -68.7   496.4   3563.6
16   3   -97.6   249.8   3476.3
16   4   67.1   457.7   3363.1
16   5   232.3   492.3   3542.7
16   6   280.9   239.8   3486.5
16   7   109.1   419.2   3340.1
16   8   78.5   278.1   3612.3
16   9   79.0   91.7   3620.8
16   10   -23.7   19.7   3637.7
16   11   -22.8   -391.5   3627.8
16   12   29.3   -756.3   3677.6
16   13   178.4   14.5   3640.6
16   14   147.6   -394.4   3607.6
16   15   104.6   -750.6   3705.0
16   16   39.6   423.0   3382.0
16   17   137.8   389.3   3364.5
16   18   82.1   590.0   3539.3
17   0   90.1   704.9   3533.4
17   1   81.2   512.5   3557.3
17   2   -68.8   496.7   3563.6
17   3   -97.5   250.1   3476.3
17   4   67.3   457.7   3363.0
17   5   232.3   492.3   3542.7
17   6   280.8   239.8   3486.6
17   7   109.0   419.2   3340.4
17   8   78.5   278.0   3612.5
17   9   79.1   91.8   3620.8
17   10   -23.2   19.8   3637.6
17   11   -22.8   -392.1   3626.9
17   12   29.4   -756.6   3677.7
17   13   178.1   14.5   3640.6
17   14   147.2   -395.2   3608.5
17   15   105.0   -751.8   3704.2
17   16   39.8   423.1   3381.8
17   17   137.6   389.3   3364.7
17   18   82.1   589.7   3539.1
18   0   90.1   704.6   3533.3
18   1   81.2   512.2   3557.2
18   2   -68.9   496.8   3563.6
18   3   -97.6   250.2   3476.3
18   4   67.2   457.7   3362.8
18   5   232.3   492.3   3542.7
18   6   280.9   239.8   3486.7
18   7   109.5   419.9   3340.8
18   8   78.5   278.0   3612.7
18   9   79.3   91.8   3620.8
18   10   -22.8   20.0   3637.6
18   11   -22.8   -391.5   3625.4
18   12   29.7   -756.4   3678.1
18   13   178.1   14.8   3640.6
18   14   146.8   -394.4   3607.7
18   15   105.2   -751.7   3704.0
18   16   39.8   423.1   3381.8
18   17   138.0   389.9   3365.1
18   18   82.1   589.4   3538.9
19   0   90.1   704.3   3533.3
19   1   81.2   512.0   3557.2
19   2   -68.9   496.9   3563.6
19   3   -103.0   251.0   3476.6
19   4   63.8   456.7   3362.8
19   5   232.3   492.3   3542.7
19   6   281.0   240.4   3484.7
19   7   112.0   425.8   3342.9
19   8   78.5   278.1   3613.0
19   9   79.4   91.8   3620.8
19   10   -22.4   20.1   3637.5
19   11   -22.7   -392.7   3625.5
19   12   29.9   -757.5   3678.4
19   13   178.1   15.0   3640.6
19   14   147.2   -395.5   3608.0
19   15   105.1   -753.0   3703.6
19   16   36.0   422.4   3381.8
19   17   140.2   394.9   3366.6
19   18   82.1   589.1   3538.8
20   0   90.1   704.0   3533.4
20   1   81.6   511.8   3557.2
20   2   -68.9   497.0   3563.5
20   3   -130.0   257.2   3477.7
20   4   39.3   453.7   3357.0
20   5   232.3   492.5   3542.6
20   6   287.6   244.4   3475.8
20   7   123.8   442.1   3350.5
20   8   80.0   278.3   3613.3
20   9   80.2   91.9   3620.9
20   10   -21.6   20.4   3637.4
20   11   -22.6   -393.4   3626.4
20   12   30.2   -758.0   3678.5
20   13   178.5   15.1   3640.6
20   14   147.9   -396.4   3608.8
20   15   105.0   -753.8   3703.0
20   16   11.1   420.9   3377.1
20   17   151.1   409.1   3371.4
20   18   82.1   588.8   3538.7
21   0   90.1   703.7   3533.4
21   1   82.5   511.6   3557.7
21   2   -68.7   496.9   3563.5
21   3   -160.2   270.2   3478.3
21   4   -35.1   457.8   3313.3
21   5   232.7   493.5   3548.0
21   6   317.8   263.0   3467.4
21   7   167.0   466.5   3336.7
21   8   83.3   279.0   3615.0
21   9   81.4   92.2   3621.1
21   10   -20.1   19.7   3637.2
21   11   -22.3   -392.1   3628.8
21   12   29.9   -756.9   3677.8
21   13   178.8   14.4   3640.7
21   14   149.7   -395.6   3612.1
21   15   104.9   -754.0   3699.5
21   16   -55.9   426.5   3340.8
21   17   192.1   432.6   3358.5
21   18   82.2   588.5   3538.7
22   0   90.1   703.4   3535.1
22   1   83.7   511.4   3559.5
22   2   -68.6   497.0   3564.3
22   3   -201.9   295.6   3476.1
22   4   -135.3   454.5   3261.4
22   5   233.5   495.5   3556.2
22   6   357.2   288.0   3468.4
22   7   254.2   473.6   3289.1
22   8   87.5   279.9   3618.6
22   9   82.8   92.7   3621.4
22   10   -18.6   19.2   3637.1
22   11   -22.1   -391.0   3631.0
22   12   30.6   -755.5   3677.4
22   13   179.3   13.7   3640.9
22   14   149.0   -394.5   3614.0
22   15   103.6   -753.1   3698.4
22   16   -146.3   428.0   3297.2
22   17   271.3   442.7   3319.0
22   18   82.4   588.2   3539.9
23   0   90.1   703.1   3536.6
23   1   84.8   511.4   3562.5
23   2   -68.6   497.1   3565.6
23   3   -253.9   347.2   3479.0
23   4   -232.2   444.8   3221.1
23   5   236.1   499.9   3560.6
23   6   398.5   322.4   3469.6
23   7   355.5   473.1   3242.4
23   8   91.4   281.2   3623.5
23   9   84.2   93.5   3622.0
23   10   -17.4   19.3   3636.9
23   11   -21.8   -391.8   3631.5
23   12   31.9   -755.9   3677.3
23   13   180.5   14.0   3641.0
23   14   149.1   -395.2   3615.5
23   15   101.2   -753.6   3698.0
23   16   -235.8   428.6   3264.1
23   17   362.5   448.1   3280.3
23   18   82.6   587.9   3542.2
24   0   90.0   702.7   3537.9
24   1   85.4   511.3   3566.1
24   2   -70.4   500.1   3567.7
24   3   -290.8   396.4   3485.9
24   4   -321.1   460.5   3211.2
24   5   239.7   505.8   3563.1
24   6   435.2   360.4   3475.7
24   7   457.3   471.6   3220.8
24   8   93.1   282.1   3627.9
24   9   85.3   93.9   3622.5
24   10   -16.4   19.5   3636.9
24   11   -21.2   -392.4   3632.1
24   12   36.2   -755.7   3677.0
24   13   181.6   14.5   3641.1
24   14   149.3   -395.5   3617.0
24   15   100.2   -754.0   3696.8
24   16   -316.0   449.8   3257.0
24   17   453.6   453.1   3263.3
24   18   82.8   587.7   3545.5
25   0   89.9   702.4   3538.0
25   1   85.6   511.2   3569.6
25   2   -74.9   508.1   3570.2
25   3   -313.6   438.1   3489.3
25   4   -411.6   495.0   3227.7
25   5   243.6   511.7   3564.3
25   6   462.2   403.1   3473.3
25   7   549.2   468.2   3212.6
25   8   93.2   282.9   3631.2
25   9   85.7   93.7   3622.9
25   10   -15.8   19.6   3636.9
25   11   -20.4   -394.7   3632.9
25   12   43.9   -756.5   3677.3
25   13   182.2   15.0   3641.4
25   14   150.4   -397.5   3620.2
25   15   99.4   -756.5   3695.5
25   16   -395.3   485.5   3271.3
25   17   534.7   457.4   3256.0
25   18   83.1   587.6   3548.9
26   0   89.9   702.0   3537.4
26   1   85.2   511.2   3572.1
26   2   -79.1   515.6   3571.4
26   3   -326.8   472.3   3491.0
26   4   -484.2   527.2   3255.7
26   5   246.5   515.3   3563.1
26   6   474.4   436.8   3459.7
26   7   626.9   472.6   3219.0
26   8   90.9   283.7   3633.8
26   9   85.5   93.0   3623.1
26   10   -15.1   20.1   3637.0
26   11   -19.8   -396.7   3633.6
26   12   44.4   -758.5   3677.5
26   13   181.8   16.1   3641.6
26   14   151.1   -399.4   3626.1
26   15   99.0   -759.5   3693.4
26   16   -458.1   518.0   3294.9
26   17   601.5   466.6   3259.1
26   18   83.3   587.6   3551.4
27   0   89.8   701.7   3536.4
27   1   84.1   511.3   3573.7
27   2   -82.5   522.2   3572.1
27   3   -331.7   495.5   3490.9
27   4   -535.5   551.0   3292.1
27   5   248.1   516.5   3558.7
27   6   477.2   459.5   3444.8
27   7   684.3   488.1   3245.2
27   8   86.0   284.8   3635.8
27   9   84.7   92.4   3623.1
27   10   -14.3   21.0   3637.0
27   11   -19.1   -398.4   3634.5
27   12   36.7   -761.3   3677.7
27   13   180.1   16.9   3641.9
27   14   151.4   -401.3   3630.0
27   15   98.8   -761.8   3693.9
27   16   -501.6   541.7   3325.3
27   17   649.9   483.3   3278.4
27   18   83.5   587.6   3552.8
28   0   89.7   701.1   3533.5
28   1   83.1   511.3   3574.7
28   2   -84.3   526.2   3572.3
28   3   -333.4   511.6   3490.1
28   4   -570.0   565.0   3330.0
28   5   248.9   516.8   3550.7
28   6   480.6   475.9   3435.5
28   7   718.3   507.3   3270.0
28   8   81.3   285.9   3637.2
28   9   84.0   91.7   3623.1
28   10   -13.7   22.0   3637.0
28   11   -18.3   -395.5   3635.9
28   12   30.0   -759.5   3677.4
28   13   177.9   17.6   3642.4
28   14   151.9   -398.9   3631.0
28   15   99.4   -759.2   3695.3
28   16   -530.6   556.1   3356.7
28   17   678.7   502.1   3297.6
28   18   83.7   587.6   3553.5
29   0   89.6   700.5   3529.0
29   1   82.5   511.5   3574.0
29   2   -84.7   527.9   3572.2
29   3   -335.4   523.8   3492.2
29   4   -591.6   578.9   3372.1
29   5   249.1   516.7   3544.8
29   6   485.6   484.4   3434.6
29   7   733.5   526.2   3290.3
29   8   78.2   286.7   3637.7
29   9   83.3   91.3   3623.0
29   10   -13.5   22.8   3637.0
29   11   -17.5   -394.7   3636.5
29   12   37.1   -757.8   3677.4
29   13   176.4   18.3   3643.0
29   14   152.0   -398.3   3629.6
29   15   99.9   -758.2   3695.4
29   16   -548.9   569.7   3392.1
29   17   692.2   519.3   3314.4
29   18   84.0   587.6   3552.5
30   0   89.5   698.9   3524.5
30   1   82.3   511.7   3571.6
30   2   -83.9   527.9   3571.8
30   3   -337.8   529.1   3498.7
30   4   -605.6   592.3   3415.8
30   5   249.3   516.5   3541.5
30   6   492.3   487.3   3442.6
30   7   738.8   536.3   3301.2
30   8   76.6   287.5   3637.5
30   9   82.8   91.4   3622.9
30   10   -13.8   23.7   3637.0
30   11   -16.7   -394.0   3636.0
30   12   34.8   -754.9   3677.4
30   13   175.4   19.0   3643.3
30   14   151.9   -397.6   3626.0
30   15   100.9   -754.5   3694.2
30   16   -560.9   581.7   3429.7
30   17   697.7   528.2   3324.8
30   18   84.3   587.6   3549.3
31   0   89.7   697.3   3519.6
31   1   82.5   512.1   3568.0
31   2   -82.3   527.3   3571.3
31   3   -341.0   532.0   3513.1
31   4   -610.0   602.5   3446.7
31   5   249.4   516.5   3539.6
31   6   498.3   487.8   3452.3
31   7   736.7   540.3   3305.1
31   8   76.2   288.4   3637.0
31   9   82.4   92.3   3622.9
31   10   -14.4   25.5   3637.0
31   11   -15.7   -390.7   3634.4
31   12   35.0   -750.3   3677.0
31   13   174.8   20.5   3643.3
31   14   151.3   -394.4   3620.3
31   15   102.0   -749.3   3693.2
31   16   -565.1   590.7   3457.8
31   17   696.9   531.5   3329.6
31   18   84.7   587.6   3544.6
32   0   90.1   695.6   3514.5
32   1   83.0   512.4   3564.1
32   2   -80.6   526.8   3570.5
32   3   -342.9   534.2   3524.6
32   4   -610.0   606.9   3462.8
32   5   249.8   516.6   3538.2
32   6   502.3   487.9   3457.7
32   7   735.3   541.7   3307.4
32   8   76.2   289.1   3636.4
32   9   82.2   93.6   3622.9
32   10   -15.9   28.5   3636.9
32   11   -14.3   -385.4   3631.1
32   12   35.7   -746.2   3676.7
32   13   175.3   22.8   3643.4
32   14   150.7   -389.3   3612.7
32   15   102.9   -744.2   3692.9
32   16   -565.5   594.8   3473.1
32   17   696.4   532.8   3332.5
32   18   85.2   587.6   3539.8
33   0   90.6   694.7   3513.5
33   1   83.7   512.6   3561.5
33   2   -79.1   526.8   3569.6
33   3   -343.3   536.3   3528.6
33   4   -607.7   610.5   3467.1
33   5   250.4   516.6   3538.0
33   6   504.7   488.2   3459.5
33   7   734.0   543.4   3308.0
33   8   76.6   289.3   3635.8
33   9   82.0   94.8   3622.9
33   10   -18.2   32.9   3636.7
33   11   -13.7   -378.5   3622.9
33   12   37.1   -742.6   3676.5
33   13   177.0   26.5   3643.7
33   14   150.0   -381.9   3600.3
33   15   103.6   -738.0   3695.0
33   16   -563.6   598.1   3477.4
33   17   695.8   534.2   3333.2
33   18   86.1   587.6   3536.5
34   0   91.2   695.4   3515.0
34   1   84.6   512.7   3560.0
34   2   -77.8   527.1   3568.6
34   3   -342.7   537.1   3529.5
34   4   -604.5   615.3   3464.2
34   5   251.5   516.6   3538.4
34   6   506.0   488.8   3459.3
34   7   734.3   545.8   3307.1
34   8   76.9   289.1   3635.5
34   9   81.9   95.7   3622.9
34   10   -20.5   37.6   3636.1
34   11   -14.0   -370.4   3610.9
34   12   37.8   -737.0   3675.9
34   13   179.4   31.4   3644.0
34   14   150.2   -373.7   3596.5
34   15   104.0   -732.3   3699.5
34   16   -560.9   602.2   3475.1
34   17   696.3   536.3   3332.5
34   18   87.2   587.6   3534.7
35   0   91.9   696.6   3517.2
35   1   85.7   512.8   3559.2
35   2   -76.7   527.5   3567.7
35   3   -341.5   537.7   3529.2
35   4   -600.6   620.3   3457.1
35   5   252.8   516.5   3539.0
35   6   506.6   489.8   3458.0
35   7   735.8   547.4   3305.7
35   8   77.3   288.5   3635.2
35   9   81.8   96.0   3623.0
35   10   -19.6   33.6   3635.0
35   11   -15.3   -371.8   3622.8
35   12   38.4   -741.0   3676.8
35   13   177.2   26.3   3643.4
35   14   152.3   -377.1   3608.0
35   15   102.8   -738.2   3704.6
35   16   -557.4   606.6   3469.1
35   17   697.6   537.8   3331.1
35   18   88.6   587.6   3533.8
36   0   92.5   698.0   3520.1
36   1   86.8   512.8   3558.8
36   2   -75.8   527.9   3566.8
36   3   -339.8   538.3   3528.0
36   4   -595.0   625.4   3444.7
36   5   254.2   516.1   3539.6
36   6   506.6   491.0   3456.1
36   7   737.4   548.1   3304.1
36   8   77.6   287.8   3635.0
36   9   81.6   95.6   3623.2
36   10   -19.8   29.8   3634.5
36   11   -16.8   -373.2   3630.0
36   12   37.5   -742.7   3677.7
36   13   176.5   21.7   3643.2
36   14   153.4   -380.0   3620.2
36   15   102.2   -742.5   3708.2
36   16   -552.5   610.9   3458.6
36   17   699.0   538.6   3329.5
36   18   89.9   587.6   3533.5
37   0   92.7   699.1   3521.2
37   1   88.0   512.8   3558.6
37   2   -74.9   528.2   3566.0
37   3   -337.5   539.1   3526.2
37   4   -589.1   629.7   3432.9
37   5   255.6   515.5   3540.3
37   6   505.9   492.5   3453.7
37   7   738.8   548.1   3302.3
37   8   77.9   287.0   3634.9
37   9   81.5   94.8   3623.3
37   10   -21.4   29.3   3634.4
37   11   -17.1   -374.3   3629.4
37   12   35.8   -741.4   3678.5
37   13   177.8   20.8   3643.5
37   14   153.2   -381.1   3616.0
37   15   102.5   -740.0   3708.4
37   16   -547.2   614.6   3448.4
37   17   700.0   538.8   3327.5
37   18   91.3   587.6   3533.4
38   0   92.7   699.8   3521.3
38   1   89.2   512.8   3558.6
38   2   -74.0   528.6   3565.9
38   3   -335.2   540.0   3524.4
38   4   -583.9   629.2   3424.6
38   5   257.2   514.9   3540.6
38   6   505.2   494.2   3450.6
38   7   738.1   547.3   3299.8
38   8   78.2   286.3   3634.8
38   9   81.3   93.7   3623.4
38   10   -22.3   28.2   3634.4
38   11   -17.2   -376.7   3633.0
38   12   33.6   -742.7   3679.5
38   13   178.6   19.7   3643.7
38   14   152.8   -383.6   3617.7
38   15   102.4   -741.3   3708.3
38   16   -542.5   614.3   3441.2
38   17   699.3   538.5   3324.9
38   18   92.8   587.7   3533.4
39   0   92.5   700.4   3521.2
39   1   90.1   512.8   3558.6
39   2   -73.4   528.8   3566.1
39   3   -333.3   541.0   3522.9
39   4   -580.3   628.2   3420.0
39   5   258.5   514.3   3540.9
39   6   504.0   494.9   3446.7
39   7   735.1   546.3   3294.6
39   8   78.4   285.7   3634.8
39   9   81.2   92.6   3623.5
39   10   -23.0   27.9   3634.5
39   11   -16.9   -377.9   3629.9
39   12   28.4   -743.3   3680.0
39   13   179.4   19.8   3643.9
39   14   151.9   -384.1   3614.9
39   15   102.4   -740.4   3708.0
39   16   -539.1   613.7   3437.1
39   17   696.6   537.7   3320.0
39   18   93.9   587.7   3533.4
40   0   92.4   700.8   3521.2
40   1   90.7   512.8   3558.6
40   2   -73.0   528.9   3566.2
40   3   -331.8   542.0   3521.2
40   4   -577.8   627.3   3415.8
40   5   259.4   513.9   3541.0
40   6   502.5   495.2   3442.2
40   7   730.4   544.9   3285.9
40   8   78.7   285.2   3634.8
40   9   81.1   91.6   3623.5
40   10   -23.6   28.3   3634.6
40   11   -16.7   -379.3   3626.7
40   12   28.6   -744.8   3680.3
40   13   180.2   20.9   3644.1
40   14   151.2   -384.1   3608.1
40   15   102.3   -739.4   3707.9
40   16   -536.8   613.1   3433.3
40   17   692.4   536.6   3312.0
40   18   94.7   587.7   3533.5
