18   0   84.6   698.3   3537.9
18   1   86.5   506.7   3579.1
18   2   -79.4   506.8   3594.7
18   3   -308.3   411.3   3502.2
18   4   -310.1   473.5   3196.8
18   5   254.7   502.4   3581.2
18   6   458.4   384.8   3459.8
18   7   486.0   463.2   3159.4
18   8   82.6   264.6   3628.7
18   9   79.9   71.6   3623.9
18   10   -27.7   20.5   3648.7
18   11   -10.3   -339.8   3609.1
18   12   26.5   -726.7   3677.7
18   13   186.4   19.9   3652.3
18   14   149.3   -339.0   3613.7
18   15   105.4   -716.3   3720.4
18   16   -309.8   463.1   3247.7
18   17   481.4   450.2   3209.5
18   18   87.7   584.8   3563.1
19   0   83.0   699.3   3536.7
19   1   85.2   508.0   3579.1
19   2   -80.9   508.3   3592.3
19   3   -311.5   417.3   3500.1
19   4   -330.6   479.6   3198.0
19   5   253.5   503.5   3579.8
19   6   458.6   392.9   3455.5
19   7   503.7   464.0   3158.7
19   8   81.0   266.9   3631.2
19   9   78.8   74.0   3625.9
19   10   -28.4   21.1   3648.8
19   11   -11.6   -341.1   3613.9
19   12   26.6   -728.0   3675.1
19   13   184.6   20.3   3652.6
19   14   149.6   -340.5   3615.5
19   15   106.3   -718.9   3714.3
19   16   -327.4   469.2   3248.4
19   17   496.2   452.1   3208.2
19   18   86.5   585.9   3562.3
20   0   79.4   702.8   3532.6
20   1   81.7   512.5   3579.2
20   2   -84.4   513.1   3588.8
20   3   -319.5   441.7   3494.8
20   4   -394.2   501.9   3212.0
20   5   250.4   507.9   3577.4
20   6   458.1   416.4   3445.0
20   7   554.6   469.0   3167.1
20   8   76.2   274.9   3637.5
20   9   75.0   81.8   3631.0
20   10   -30.1   23.3   3649.0
20   11   -14.7   -346.1   3620.5
20   12   27.6   -731.5   3671.1
20   13   179.2   23.1   3652.8
20   14   149.8   -345.1   3618.5
20   15   109.4   -725.1   3699.0
20   16   -381.8   491.8   3259.2
20   17   538.6   460.2   3213.4
20   18   83.4   589.9   3560.2
21   0   76.0   707.7   3528.1
21   1   77.3   518.5   3578.9
21   2   -88.8   519.8   3585.0
21   3   -325.5   474.3   3486.0
21   4   -474.3   532.5   3241.4
21   5   246.1   512.8   3573.7
21   6   455.9   447.7   3434.1
21   7   620.9   484.0   3194.3
21   8   70.3   286.0   3643.7
21   9   70.0   92.3   3636.5
21   10   -33.2   29.8   3649.0
21   11   -18.5   -350.0   3624.3
21   12   31.0   -733.3   3670.5
21   13   172.9   30.1   3652.9
21   14   150.0   -348.6   3619.7
21   15   112.2   -727.7   3698.5
21   16   -449.6   522.8   3282.2
21   17   593.6   477.9   3234.2
21   18   79.6   595.2   3557.4
22   0   74.3   711.9   3525.1
22   1   74.1   523.1   3577.5
22   2   -92.0   525.7   3581.6
22   3   -330.3   501.2   3479.2
22   4   -544.2   559.7   3286.1
22   5   242.7   516.3   3566.8
22   6   457.6   469.1   3427.3
22   7   675.7   507.6   3229.1
22   8   66.5   294.9   3646.0
22   9   66.4   100.8   3639.8
22   10   -36.5   37.6   3649.0
22   11   -19.6   -352.3   3626.0
22   12   33.4   -730.8   3673.5
22   13   168.8   37.7   3653.1
22   14   150.8   -351.4   3621.2
22   15   112.8   -724.8   3706.8
22   16   -508.7   550.0   3318.3
22   17   639.4   501.2   3262.2
22   18   76.7   599.4   3554.6
23   0   75.0   714.7   3523.4
23   1   72.5   525.7   3574.8
23   2   -94.3   530.6   3576.9
23   3   -337.8   517.8   3483.3
23   4   -590.2   580.6   3337.1
23   5   240.7   518.2   3557.1
23   6   463.5   479.5   3426.3
23   7   706.4   524.9   3254.8
23   8   64.7   300.4   3644.9
23   9   64.4   106.2   3641.2
23   10   -38.3   41.5   3648.9
23   11   -20.0   -356.6   3627.6
23   12   34.0   -731.4   3676.0
23   13   166.3   40.9   3653.3
23   14   152.3   -356.6   3621.8
23   15   112.9   -727.1   3704.9
23   16   -548.2   570.1   3361.4
23   17   665.9   517.3   3283.4
23   18   75.2   601.8   3551.0
24   0   78.2   716.5   3522.5
24   1   72.0   526.9   3571.0
24   2   -95.3   533.8   3570.6
24   3   -346.9   527.0   3498.9
24   4   -616.6   592.1   3380.2
24   5   239.6   519.2   3550.5
24   6   471.1   484.4   3432.5
24   7   721.4   533.1   3271.5
24   8   64.2   303.5   3642.0
24   9   63.6   109.4   3641.4
24   10   -39.3   43.2   3648.8
24   11   -19.8   -360.5   3628.0
24   12   31.4   -731.1   3676.6
24   13   165.4   42.3   3653.6
24   14   154.4   -361.0   3621.9
24   15   110.1   -725.2   3709.3
24   16   -571.6   581.3   3400.0
24   17   679.6   525.0   3298.3
24   18   74.7   602.8   3546.8
25   0   82.0   717.1   3520.4
25   1   72.3   527.3   3567.0
25   2   -94.9   535.3   3567.5
25   3   -351.0   529.7   3512.1
25   4   -625.3   597.1   3405.9
25   5   239.7   520.5   3547.4
25   6   478.6   486.0   3445.0
25   7   728.5   536.2   3286.7
25   8   64.8   304.9   3638.5
25   9   64.0   111.1   3640.2
25   10   -39.5   44.0   3648.8
25   11   -19.7   -364.0   3627.8
25   12   26.5   -733.8   3675.2
25   13   166.1   42.7   3653.8
25   14   155.4   -365.0   3621.7
25   15   110.5   -729.8   3698.5
25   16   -579.5   585.8   3423.6
25   17   686.8   527.9   3313.1
25   18   74.9   603.2   3542.7
26   0   86.0   716.9   3516.7
26   1   73.0   527.4   3563.7
26   2   -93.9   536.0   3566.2
26   3   -352.1   529.4   3522.6
26   4   -625.8   598.4   3421.8
26   5   240.2   521.5   3546.1
26   6   482.5   486.3   3453.0
26   7   729.8   535.9   3294.4
26   8   65.9   305.4   3635.4
26   9   65.0   112.0   3638.2
26   10   -39.3   44.3   3648.7
26   11   -19.5   -366.8   3627.3
26   12   26.0   -736.5   3675.1
26   13   167.3   42.4   3653.8
26   14   155.7   -368.3   3620.9
26   15   110.2   -733.7   3694.6
26   16   -580.2   586.9   3438.6
26   17   688.5   527.6   3320.9
26   18   75.4   603.3   3539.2
27   0   89.1   716.3   3513.5
27   1   73.7   527.3   3561.8
27   2   -93.0   536.4   3565.7
27   3   -351.7   527.8   3531.0
27   4   -622.0   598.3   3429.4
27   5   241.0   522.5   3545.7
27   6   483.9   486.1   3456.9
27   7   729.9   534.1   3299.7
27   8   67.1   304.8   3633.0
27   9   66.1   112.1   3636.4
27   10   -39.1   44.3   3648.5
27   11   -19.3   -369.1   3626.8
27   12   25.7   -738.5   3675.6
27   13   168.7   41.4   3654.0
27   14   155.8   -371.4   3619.9
27   15   109.8   -736.0   3696.0
27   16   -576.9   586.5   3446.3
27   17   688.9   526.1   3325.9
27   18   76.0   603.2   3537.5
28   0   91.5   715.7   3511.5
28   1   74.5   527.1   3561.0
28   2   -92.2   536.6   3565.8
28   3   -351.2   525.6   3533.6
28   4   -618.6   597.5   3431.3
28   5   242.0   523.5   3545.7
28   6   485.3   485.6   3458.7
28   7   731.5   531.9   3304.2
28   8   68.2   303.3   3631.5
28   9   67.1   111.5   3634.8
28   10   -39.0   43.4   3648.3
28   11   -20.1   -372.9   3628.8
28   12   25.9   -742.0   3675.8
28   13   170.0   39.5   3654.2
28   14   155.9   -376.1   3620.2
28   15   109.5   -740.1   3696.7
28   16   -574.0   585.5   3448.4
28   17   690.5   524.2   3330.0
28   18   76.6   603.1   3537.0
29   0   92.8   715.3   3510.4
29   1   75.3   526.9   3560.7
29   2   -91.5   536.7   3566.2
29   3   -349.4   523.2   3534.4
29   4   -614.8   595.9   3431.6
29   5   242.7   523.7   3545.9
29   6   485.4   485.6   3460.2
29   7   732.5   529.0   3308.3
29   8   69.4   301.4   3630.4
29   9   68.2   110.4   3633.7
29   10   -39.1   42.1   3648.1
29   11   -19.8   -377.2   3629.7
29   12   26.7   -746.3   3676.3
29   13   171.7   37.2   3654.5
29   14   155.3   -381.0   3619.0
29   15   108.7   -744.4   3698.9
29   16   -570.5   583.8   3448.7
29   17   691.3   521.8   3333.6
29   18   77.3   603.1   3537.1
30   0   93.6   714.9   3509.9
30   1   76.2   526.7   3561.1
30   2   -90.6   536.9   3567.4
30   3   -347.1   521.2   3534.4
30   4   -611.0   594.1   3430.8
30   5   243.6   523.6   3546.1
30   6   485.4   485.7   3461.4
30   7   732.4   526.6   3310.1
30   8   70.5   299.5   3630.1
30   9   69.2   109.0   3633.1
30   10   -39.1   40.6   3647.7
30   11   -19.8   -380.6   3631.2
30   12   27.5   -747.7   3676.8
30   13   173.2   35.4   3654.8
30   14   155.0   -384.7   3619.1
30   15   107.8   -745.3   3701.5
30   16   -567.0   581.9   3448.1
30   17   691.3   519.8   3335.3
30   18   78.2   603.0   3537.9
31   0   93.7   714.7   3509.5
31   1   77.3   526.6   3561.8
31   2   -89.6   537.2   3569.7
31   3   -344.6   520.3   3534.3
31   4   -608.0   592.1   3430.4
31   5   244.7   523.3   3546.4
31   6   485.6   485.7   3462.1
31   7   732.5   524.8   3311.1
31   8   71.6   297.8   3630.1
31   9   70.1   107.1   3632.8
31   10   -38.1   36.2   3647.5
31   11   -21.0   -383.2   3635.7
31   12   28.9   -749.4   3677.3
31   13   173.5   30.1   3654.9
31   14   155.0   -388.0   3620.2
31   15   106.9   -747.0   3704.7
31   16   -564.1   580.1   3447.8
31   17   691.3   518.3   3336.3
31   18   79.2   603.0   3539.0
32   0   93.5   714.5   3509.4
32   1   78.4   526.4   3562.7
32   2   -88.4   537.6   3573.4
32   3   -342.0   520.0   3534.1
32   4   -605.5   590.1   3430.5
32   5   246.1   522.9   3546.6
32   6   486.3   485.5   3462.4
32   7   732.5   523.6   3310.8
32   8   72.3   296.3   3630.4
32   9   70.6   105.0   3632.7
32   10   -38.1   34.7   3647.3
32   11   -20.7   -382.1   3636.0
32   12   29.7   -748.0   3677.8
32   13   174.7   28.9   3655.2
32   14   153.9   -386.4   3619.3
32   15   106.3   -744.3   3707.5
32   16   -561.5   578.4   3447.8
32   17   691.5   517.3   3336.1
32   18   80.5   603.0   3540.2
33   0   93.1   714.1   3509.4
33   1   79.6   526.2   3564.1
33   2   -87.1   538.0   3578.3
33   3   -339.3   519.9   3534.3
33   4   -603.1   588.1   3430.7
33   5   247.6   522.2   3547.7
33   6   487.0   485.3   3462.5
33   7   732.5   523.3   3310.1
33   8   72.9   295.1   3630.7
33   9   70.9   103.2   3632.7
33   10   -38.4   36.0   3647.2
33   11   -19.9   -378.3   3631.3
33   12   29.0   -747.4   3678.3
33   13   175.9   31.0   3655.5
33   14   152.0   -381.5   3616.4
33   15   106.1   -741.7   3711.1
33   16   -559.1   576.8   3448.0
33   17   691.6   517.0   3335.5
33   18   81.8   602.9   3542.0
34   0   92.6   713.6   3509.3
34   1   80.8   526.0   3565.7
34   2   -86.2   538.3   3580.7
34   3   -337.8   519.8   3534.5
34   4   -601.7   586.5   3430.7
34   5   249.4   521.5   3549.2
34   6   488.0   485.0   3462.7
34   7   732.6   523.4   3309.1
34   8   73.4   294.2   3631.1
34   9   71.0   101.8   3632.8
34   10   -38.5   38.3   3647.2
34   11   -20.4   -373.9   3629.9
34   12   26.3   -745.0   3677.9
34   13   176.0   32.7   3655.5
34   14   151.3   -377.6   3615.9
34   15   106.1   -741.2   3704.9
34   16   -557.7   575.4   3448.0
34   17   691.8   517.0   3334.7
34   18   83.3   602.8   3544.0
35   0   92.2   713.0   3509.3
35   1   82.0   525.8   3567.3
35   2   -85.7   538.5   3581.7
35   3   -336.8   519.7   3534.6
35   4   -600.7   584.9   3430.2
35   5   251.3   520.8   3550.9
35   6   489.2   484.7   3462.9
35   7   732.6   523.5   3307.9
35   8   73.7   293.6   3631.4
35   9   70.8   101.4   3632.9
35   10   -39.1   43.2   3647.2
35   11   -19.8   -366.9   3627.7
35   12   24.7   -741.8   3677.5
35   13   175.5   35.6   3655.5
35   14   150.3   -372.4   3613.3
35   15   106.2   -740.0   3702.4
35   16   -556.7   574.0   3447.6
35   17   692.0   517.1   3333.7
35   18   84.8   602.7   3546.1
36   0   91.7   712.2   3509.3
36   1   83.4   525.5   3569.3
36   2   -85.2   538.6   3582.0
36   3   -336.1   519.6   3534.8
36   4   -599.8   583.4   3429.1
36   5   253.4   520.0   3553.3
36   6   490.2   484.5   3463.0
36   7   732.6   524.1   3306.6
36   8   73.9   293.2   3631.9
36   9   70.5   101.5   3632.9
36   10   -38.1   43.5   3646.9
36   11   -20.0   -368.2   3627.4
36   12   24.9   -744.3   3678.0
36   13   174.1   36.5   3655.2
36   14   151.0   -373.3   3613.4
36   15   106.0   -741.6   3705.0
36   16   -555.8   572.8   3446.7
36   17   692.2   517.5   3332.7
36   18   86.5   602.6   3548.6
37   0   91.3   711.5   3509.4
37   1   84.7   525.3   3571.0
37   2   -84.7   538.8   3582.0
37   3   -335.3   519.3   3534.8
37   4   -598.5   581.9   3427.2
37   5   255.4   519.2   3556.1
37   6   491.1   484.3   3463.1
37   7   732.5   524.6   3305.4
37   8   74.1   293.1   3632.3
37   9   70.5   102.1   3633.0
37   10   -35.1   38.9   3646.5
37   11   -20.5   -374.1   3628.2
37   12   27.1   -749.4   3678.9
37   13   172.6   35.5   3654.9
37   14   152.6   -375.8   3614.4
37   15   105.8   -743.3   3706.1
37   16   -554.6   571.5   3445.2
37   17   692.2   517.9   3331.7
37   18   88.2   602.5   3550.6
38   0   90.9   710.9   3509.5
38   1   86.2   525.1   3572.5
38   2   -83.9   539.0   3581.9
38   3   -334.1   518.8   3534.9
38   4   -596.4   580.6   3424.7
38   5   257.8   518.4   3559.0
38   6   491.9   484.2   3462.9
38   7   732.1   525.3   3303.5
38   8   74.4   293.2   3632.8
38   9   70.6   102.9   3633.0
38   10   -35.4   40.8   3646.6
38   11   -19.9   -372.3   3627.6
38   12   27.7   -748.3   3678.8
38   13   172.0   35.1   3654.7
38   14   153.5   -376.2   3613.5
38   15   105.6   -744.2   3706.0
38   16   -552.7   570.3   3443.1
38   17   692.0   518.5   3330.1
38   18   90.2   602.4   3552.4
39   0   90.5   710.5   3509.9
39   1   87.8   524.9   3573.5
39   2   -82.8   539.3   3581.6
39   3   -332.6   518.3   3535.1
39   4   -594.2   580.1   3423.0
39   5   260.0   517.7   3559.3
39   6   493.4   484.0   3462.2
39   7   731.4   526.2   3299.8
39   8   74.6   293.5   3633.2
39   9   70.9   103.8   3633.1
39   10   -35.0   41.1   3646.6
39   11   -19.4   -370.0   3626.7
39   12   27.7   -746.5   3678.5
39   13   171.8   34.9   3654.7
39   14   154.8   -374.5   3613.4
39   15   105.6   -743.3   3704.4
39   16   -550.6   569.8   3441.7
39   17   691.7   519.2   3326.9
39   18   92.2   602.3   3553.5
40   0   90.2   710.3   3510.3
40   1   89.2   524.8   3574.0
40   2   -81.6   539.6   3581.5
40   3   -330.8   517.8   3535.2
40   4   -589.1   579.5   3422.8
40   5   262.1   517.1   3559.4
40   6   494.6   483.9   3461.6
40   7   727.3   526.4   3296.7
40   8   74.9   293.8   3633.7
40   9   71.2   104.7   3633.1
40   10   -35.1   42.4   3646.7
40   11   -19.4   -367.7   3626.4
40   12   27.3   -744.3   3678.2
40   13   171.8   34.9   3654.7
40   14   155.4   -373.5   3613.4
40   15   105.6   -742.6   3702.7
40   16   -546.1   569.2   3441.5
40   17   688.5   519.3   3324.2
40   18   94.0   602.1   3554.1
41   0   89.9   710.3   3510.8
41   1   90.3   524.7   3574.4
41   2   -80.7   539.9   3581.3
41   3   -329.3   517.3   3535.3
41   4   -585.8   579.7   3421.6
41   5   263.6   516.8   3559.6
41   6   495.3   483.8   3461.3
41   7   725.5   526.9   3294.6
41   8   75.1   294.2   3634.1
41   9   71.5   105.5   3633.2
41   10   -34.3   41.8   3646.9
41   11   -20.6   -369.1   3628.4
41   12   27.1   -744.9   3677.8
41   13   171.8   34.7   3654.8
41   14   156.0   -374.5   3614.7
41   15   105.5   -743.6   3699.2
41   16   -543.1   569.3   3440.5
41   17   687.1   519.7   3322.4
41   18   95.4   602.0   3554.4
42   0   89.8   710.4   3511.7
42   1   90.9   524.5   3574.8
42   2   -80.2   539.9   3581.5
42   3   -328.2   517.3   3535.3
42   4   -584.1   580.3   3420.1
42   5   264.6   516.6   3559.8
42   6   495.6   483.8   3461.2
42   7   725.2   527.9   3293.8
42   8   75.4   294.6   3634.6
42   9   71.8   106.2   3633.3
42   10   -32.5   38.8   3647.2
42   11   -20.9   -371.0   3630.4
42   12   27.2   -745.8   3677.7
42   13   171.8   34.1   3654.9
42   14   156.5   -374.3   3617.8
42   15   105.5   -742.8   3699.4
42   16   -541.4   569.8   3439.3
42   17   687.0   520.6   3321.7
42   18   96.2   601.9   3554.6
43   0   89.7   710.5   3512.7
43   1   91.3   524.4   3575.2
43   2   -80.1   539.9   3581.9
43   3   -327.5   517.5   3535.4
43   4   -583.5   580.7   3419.1
43   5   265.2   516.5   3560.2
43   6   495.5   483.9   3461.2
43   7   725.8   528.5   3293.8
43   8   75.6   294.8   3635.1
43   9   72.2   106.6   3633.3
43   10   -33.3   41.1   3647.6
43   11   -19.9   -366.5   3628.5
43   12   26.6   -742.2   3677.2
43   13   172.0   33.9   3654.9
43   14   155.2   -372.2   3616.3
43   15   105.5   -740.9   3701.8
43   16   -540.8   570.1   3438.4
43   17   687.4   521.1   3321.7
43   18   96.6   601.7   3555.0
44   0   89.6   710.8   3513.8
44   1   91.4   524.2   3575.6
44   2   -80.0   539.8   3582.3
44   3   -326.8   517.6   3535.4
44   4   -583.3   581.0   3418.4
44   5   265.5   516.3   3560.3
44   6   495.2   483.9   3461.3
44   7   726.9   529.5   3294.6
44   8   75.8   295.1   3635.7
44   9   72.5   107.0   3633.4
44   10   -33.2   41.5   3647.7
44   11   -20.2   -364.3   3629.0
44   12   26.5   -741.0   3677.5
44   13   172.3   33.9   3654.9
44   14   154.8   -370.2   3615.7
44   15   105.5   -737.9   3709.6
44   16   -540.6   570.4   3437.9
44   17   688.3   521.9   3322.4
44   18   96.7   601.6   3555.3
