20   0   182.6   779.5   3863.7
20   1   183.6   573.0   3856.6
20   2   22.5   582.4   3888.5
20   3   -156.0   395.1   3777.6
20   4   109.5   510.2   3671.1
20   5   346.8   567.5   3841.3
20   6   433.9   358.9   3673.6
20   7   174.4   524.9   3659.0
20   8   177.1   314.9   3889.2
20   9   174.9   119.4   3889.2
20   10   70.0   29.2   3921.6
20   11   74.0   -411.1   3960.4
20   12   79.4   -804.8   3921.1
20   13   281.1   28.4   3912.8
20   14   267.4   -413.3   3914.0
20   15   238.0   -807.5   3933.6
20   16   65.3   491.0   3688.9
20   17   217.7   497.2   3661.5
20   18   185.7   657.1   3846.0
21   0   181.6   779.9   3862.7
21   1   182.5   573.3   3857.0
21   2   21.2   582.1   3887.5
21   3   -160.6   398.6   3776.2
21   4   104.1   515.7   3670.2
21   5   345.5   568.0   3839.9
21   6   440.4   364.4   3671.6
21   7   180.0   527.3   3650.6
21   8   176.6   315.2   3889.4
21   9   174.7   119.8   3889.0
21   10   69.4   31.7   3920.3
21   11   73.8   -408.4   3959.2
21   12   78.6   -802.4   3922.6
21   13   281.3   30.7   3911.6
21   14   266.9   -410.9   3915.4
21   15   239.6   -805.1   3934.0
21   16   60.0   496.2   3687.8
21   17   223.4   500.2   3654.1
21   18   184.4   657.4   3846.5
22   0   178.4   781.4   3859.6
22   1   179.2   574.3   3859.1
22   2   17.9   581.9   3890.5
22   3   -173.5   412.0   3776.1
22   4   58.3   547.3   3640.2
22   5   342.7   570.9   3843.8
22   6   455.5   389.3   3666.3
22   7   200.8   525.0   3595.8
22   8   175.3   316.2   3890.1
22   9   174.3   121.1   3888.5
22   10   70.7   34.1   3918.9
22   11   72.1   -406.5   3960.6
22   12   75.7   -800.8   3927.4
22   13   279.1   33.1   3909.9
22   14   266.5   -409.1   3920.0
22   15   244.0   -803.7   3939.2
22   16   19.8   524.7   3662.8
22   17   243.2   502.5   3607.5
22   18   180.5   658.5   3849.0
23   0   175.1   783.7   3855.9
23   1   175.4   576.2   3862.4
23   2   13.9   581.7   3893.9
23   3   -206.6   447.2   3795.0
23   4   -46.4   568.5   3589.8
23   5   338.0   572.9   3840.3
23   6   365.3   369.9   3679.1
23   7   107.0   370.7   3647.2
23   8   173.8   318.1   3891.2
23   9   173.8   123.3   3887.8
23   10   71.7   37.1   3917.5
23   11   70.8   -403.5   3956.4
23   12   73.2   -798.2   3930.4
23   13   276.8   35.5   3908.0
23   14   266.8   -406.5   3918.4
23   15   247.4   -801.1   3938.4
23   16   -72.9   548.2   3624.0
23   17   150.0   370.3   3652.5
23   18   176.0   660.4   3853.0
24   0   173.3   785.8   3853.4
24   1   173.0   578.0   3865.4
24   2   10.8   582.0   3896.3
24   3   -241.4   495.0   3838.5
24   4   -159.3   569.1   3573.3
24   5   335.2   574.7   3839.5
24   6   287.2   361.3   3690.3
24   7   28.8   261.2   3666.5
24   8   172.8   319.9   3892.2
24   9   173.4   125.1   3887.5
24   10   72.3   36.9   3917.0
24   11   70.8   -404.8   3957.6
24   12   71.1   -798.2   3918.4
24   13   275.7   35.3   3907.1
24   14   268.0   -408.1   3917.5
24   15   250.2   -803.1   3923.5
24   16   -172.7   556.8   3617.5
24   17   71.9   277.7   3670.5
24   18   173.0   662.3   3856.7
25   0   172.7   787.6   3852.3
25   1   171.8   579.7   3866.9
25   2   9.0   583.1   3897.5
25   3   -261.7   528.2   3874.7
25   4   -244.3   571.8   3578.7
25   5   333.8   576.6   3835.2
25   6   420.8   435.5   3683.8
25   7   302.4   370.4   3509.4
25   8   172.3   321.6   3893.1
25   9   173.2   126.4   3887.6
25   10   71.5   36.9   3917.7
25   11   72.3   -406.5   3955.1
25   12   69.3   -798.5   3903.3
25   13   275.9   34.8   3907.3
25   14   269.3   -410.1   3916.2
25   15   252.2   -805.2   3910.7
25   16   -247.1   564.5   3628.0
25   17   321.4   380.8   3538.5
25   18   171.6   664.1   3858.3
26   0   172.8   788.9   3851.9
26   1   171.3   581.0   3867.3
26   2   7.6   585.2   3898.0
26   3   -271.5   550.9   3882.5
26   4   -333.8   588.9   3586.1
26   5   333.8   578.2   3833.1
26   6   501.0   486.6   3677.7
26   7   487.6   452.3   3422.0
26   8   172.1   323.1   3894.0
26   9   173.1   127.0   3887.9
26   10   70.7   36.6   3919.4
26   11   73.6   -407.2   3955.7
26   12   67.6   -798.0   3894.7
26   13   276.8   34.4   3908.2
26   14   269.7   -410.8   3915.8
26   15   253.8   -806.1   3911.8
26   16   -323.5   582.6   3635.5
26   17   489.3   457.7   3464.7
26   18   171.1   665.4   3858.5
27   0   173.1   789.7   3851.9
27   1   171.3   581.9   3867.0
27   2   5.9   589.2   3898.3
27   3   -274.6   570.2   3868.2
27   4   -420.0   612.5   3600.2
27   5   334.3   579.6   3831.9
27   6   534.9   518.1   3663.5
27   7   610.7   509.8   3380.2
27   8   172.1   324.0   3894.8
27   9   173.1   127.0   3888.3
27   10   70.0   36.0   3921.7
27   11   74.7   -407.0   3956.5
27   12   65.9   -798.4   3899.5
27   13   277.6   33.5   3909.4
27   14   269.4   -410.8   3915.6
27   15   255.3   -805.7   3928.6
27   16   -395.9   605.4   3644.8
27   17   598.0   511.1   3427.4
27   18   171.0   666.2   3857.9
28   0   173.2   790.3   3852.1
28   1   171.3   582.5   3866.5
28   2   3.4   596.2   3898.7
28   3   -273.9   582.6   3847.2
28   4   -491.1   634.2   3628.8
28   5   334.8   580.7   3831.3
28   6   543.1   537.9   3648.5
28   7   678.8   543.1   3363.1
28   8   172.1   324.8   3895.6
28   9   173.1   126.8   3888.8
28   10   69.2   35.8   3922.8
28   11   75.9   -405.3   3956.6
28   12   64.4   -797.0   3901.8
28   13   278.4   33.1   3910.1
28   14   268.6   -409.1   3915.6
28   15   256.1   -804.0   3934.6
28   16   -455.0   625.6   3665.2
28   17   656.3   542.2   3410.7
28   18   171.0   666.7   3857.0
29   0   172.8   790.8   3852.0
29   1   171.4   583.0   3865.8
29   2   1.2   601.7   3896.1
29   3   -275.2   589.2   3839.2
29   4   -531.8   645.0   3659.0
29   5   335.5   582.3   3830.9
29   6   541.1   550.9   3637.0
29   7   719.7   561.5   3367.6
29   8   172.1   325.4   3896.1
29   9   173.0   126.5   3889.2
29   10   68.4   35.9   3923.1
29   11   76.4   -403.7   3956.9
29   12   64.2   -795.7   3904.4
29   13   279.2   33.4   3910.4
29   14   268.4   -407.5   3915.6
29   15   255.8   -802.0   3942.6
29   16   -489.1   635.7   3689.0
29   17   690.1   559.8   3412.5
29   18   171.1   667.2   3855.9
30   0   172.2   791.2   3848.5
30   1   171.4   583.5   3864.1
30   2   0.1   604.4   3891.9
30   3   -277.1   593.5   3840.4
30   4   -551.8   647.7   3683.6
30   5   336.3   585.0   3827.4
30   6   540.2   558.3   3630.0
30   7   742.3   571.6   3377.2
30   8   172.1   326.3   3896.1
30   9   173.0   126.8   3889.4
30   10   68.3   37.3   3922.9
30   11   76.6   -403.8   3957.4
30   12   64.8   -796.3   3908.3
30   13   279.6   35.2   3910.5
30   14   268.8   -407.1   3915.9
30   15   255.1   -801.8   3941.5
30   16   -506.0   638.6   3709.8
30   17   708.7   569.4   3419.4
30   18   171.2   667.6   3853.6
31   0   170.9   791.6   3843.2
31   1   171.4   584.1   3861.1
31   2   -0.1   606.1   3888.9
31   3   -278.8   595.2   3849.7
31   4   -562.4   647.6   3709.2
31   5   337.0   586.8   3824.2
31   6   539.7   562.8   3626.4
31   7   757.9   580.0   3390.0
31   8   171.9   327.6   3895.4
31   9   172.7   127.4   3889.5
31   10   68.1   38.9   3922.8
31   11   76.6   -404.7   3958.5
31   12   66.1   -798.3   3919.5
31   13   279.7   37.7   3910.6
31   14   268.9   -407.3   3916.7
31   15   253.9   -802.3   3932.7
31   16   -515.1   638.9   3732.6
31   17   721.6   577.2   3429.4
31   18   171.3   668.1   3849.9
32   0   169.7   792.0   3837.0
32   1   171.4   584.7   3857.0
32   2   0.2   607.4   3886.7
32   3   -279.8   596.0   3860.9
32   4   -561.2   645.4   3724.3
32   5   337.7   588.8   3819.3
32   6   542.7   564.0   3625.3
32   7   770.4   588.1   3405.8
32   8   171.8   329.0   3893.5
32   9   172.5   128.4   3889.0
32   10   68.1   41.9   3922.6
32   11   76.5   -400.1   3959.9
32   12   67.7   -794.1   3924.4
32   13   280.4   42.5   3910.7
32   14   269.1   -401.0   3917.5
32   15   253.9   -796.2   3926.0
32   16   -514.3   637.2   3747.0
32   17   732.5   584.1   3442.4
32   18   171.3   668.6   3845.0
33   0   168.8   792.4   3830.4
33   1   171.4   585.3   3852.5
33   2   0.8   608.2   3884.8
33   3   -280.0   596.6   3872.4
33   4   -561.9   643.8   3743.3
33   5   338.4   589.9   3815.4
33   6   547.7   564.1   3627.5
33   7   780.8   594.5   3419.6
33   8   171.6   330.4   3890.7
33   9   172.2   129.6   3888.0
33   10   68.4   44.1   3922.2
33   11   76.3   -394.5   3961.3
33   12   69.2   -788.7   3926.8
33   13   280.1   45.3   3910.6
33   14   269.3   -395.0   3918.7
33   15   254.4   -790.3   3920.4
33   16   -514.9   635.9   3764.8
33   17   742.0   589.4   3454.3
33   18   171.3   669.1   3839.9
34   0   168.3   792.9   3826.3
34   1   171.4   585.8   3848.4
34   2   1.3   608.7   3883.2
34   3   -279.9   596.5   3880.4
34   4   -562.0   642.6   3757.0
34   5   338.9   590.7   3812.3
34   6   549.2   563.1   3626.6
34   7   786.8   597.2   3427.8
34   8   171.6   331.6   3887.4
34   9   172.1   130.7   3886.8
34   10   69.0   45.2   3921.8
34   11   76.0   -389.6   3963.1
34   12   69.5   -783.6   3927.5
34   13   279.4   46.6   3910.4
34   14   269.5   -390.0   3919.1
34   15   255.3   -785.5   3915.9
34   16   -515.0   635.0   3777.6
34   17   747.2   591.5   3460.9
34   18   171.3   669.6   3835.6
35   0   167.9   793.5   3823.7
35   1   171.4   586.3   3844.7
35   2   1.8   609.0   3881.6
35   3   -279.4   596.0   3886.0
35   4   -558.9   641.5   3759.6
35   5   339.1   590.9   3808.7
35   6   552.0   562.0   3626.5
35   7   788.8   598.2   3429.3
35   8   171.5   332.6   3884.2
35   9   171.9   131.8   3885.5
35   10   69.4   45.5   3921.3
35   11   75.8   -390.3   3965.1
35   12   69.2   -784.1   3926.7
35   13   278.7   46.9   3910.2
35   14   269.7   -391.0   3919.3
35   15   256.2   -786.4   3916.4
35   16   -512.3   633.9   3780.7
35   17   749.4   592.2   3462.2
35   18   171.3   670.1   3831.7
36   0   167.7   793.9   3821.7
36   1   171.3   586.7   3842.2
36   2   2.2   609.4   3880.7
36   3   -279.0   595.4   3889.1
36   4   -556.6   640.0   3760.2
36   5   339.3   590.7   3808.0
36   6   553.3   561.3   3627.5
36   7   788.0   598.2   3429.2
36   8   171.4   333.5   3881.9
36   9   171.7   132.6   3884.3
36   10   69.4   45.6   3920.9
36   11   75.8   -393.5   3964.9
36   12   68.4   -787.3   3926.1
36   13   278.2   46.8   3910.0
36   14   269.7   -394.4   3919.6
36   15   257.1   -789.8   3925.2
36   16   -510.3   632.5   3781.6
36   17   748.9   592.1   3462.2
36   18   171.3   670.5   3829.0
