3   0   169.2   778.0   3834.0
3   1   169.8   575.7   3836.9
3   2   11.8   567.7   3864.0
3   3   -42.0   300.7   3827.9
3   4   135.5   465.8   3649.5
3   5   325.5   563.0   3803.5
3   6   346.9   302.2   3719.5
3   7   86.0   425.4   3633.8
3   8   174.1   316.6   3873.9
3   9   175.3   122.0   3878.9
3   10   76.4   26.7   3919.2
3   11   86.6   -420.0   3945.1
3   12   63.1   -800.9   3885.1
3   13   283.9   33.6   3903.7
3   14   267.5   -413.6   3909.3
3   15   258.3   -799.4   3926.8
3   16   105.9   438.3   3679.2
3   17   129.5   404.9   3648.1
3   18   168.4   657.6   3825.2
4   0   170.4   778.6   3833.3
4   1   170.7   576.3   3837.1
4   2   12.7   568.9   3864.3
4   3   -42.1   302.0   3827.8
4   4   135.5   468.0   3650.2
4   5   326.9   564.3   3803.8
4   6   350.1   302.9   3722.5
4   7   90.4   425.8   3633.0
4   8   174.8   317.4   3874.6
4   9   175.6   122.7   3879.4
4   10   76.6   28.8   3918.2
4   11   86.9   -416.5   3946.5
4   12   62.1   -797.6   3888.5
4   13   284.2   35.9   3902.9
4   14   267.4   -410.0   3910.8
4   15   259.0   -795.6   3931.8
4   16   105.9   440.3   3679.8
4   17   133.7   405.4   3647.9
4   18   169.4   658.2   3825.2
5   0   173.0   779.5   3831.1
5   1   173.1   577.8   3837.5
5   2   14.6   572.0   3864.0
5   3   -42.3   305.7   3827.8
5   4   135.9   475.3   3653.8
5   5   329.3   565.9   3803.3
5   6   358.2   304.0   3725.9
5   7   101.3   429.1   3630.8
5   8   176.5   320.0   3876.3
5   9   176.2   124.4   3880.6
5   10   79.4   31.4   3916.4
5   11   85.9   -409.6   3948.4
5   12   63.1   -791.4   3894.7
5   13   282.2   37.9   3901.3
5   14   268.5   -403.9   3912.6
5   15   261.3   -789.3   3937.2
5   16   106.2   447.0   3682.8
5   17   144.1   408.3   3646.7
5   18   172.1   659.7   3825.2
6   0   175.7   779.9   3826.8
6   1   176.0   579.8   3837.9
6   2   17.2   575.8   3863.6
6   3   -43.2   310.2   3827.3
6   4   135.7   477.4   3651.3
6   5   331.5   567.3   3802.8
6   6   364.6   305.8   3725.8
6   7   114.2   441.7   3628.1
6   8   178.6   323.4   3878.1
6   9   177.0   126.3   3881.9
6   10   81.1   35.1   3914.7
6   11   84.5   -399.2   3950.9
6   12   64.0   -782.4   3907.9
6   13   281.5   41.2   3899.7
6   14   270.3   -394.3   3916.3
6   15   262.2   -778.8   3950.4
6   16   105.9   449.5   3680.6
6   17   155.9   419.1   3644.3
6   18   175.2   661.6   3825.1
7   0   177.3   779.4   3824.5
7   1   178.0   581.2   3838.0
7   2   19.5   577.9   3863.4
7   3   -44.6   313.3   3826.5
7   4   136.4   479.1   3651.1
7   5   332.8   568.5   3802.5
7   6   367.0   308.4   3720.9
7   7   120.1   453.3   3626.2
7   8   180.0   326.4   3878.9
7   9   177.6   127.6   3882.9
7   10   81.7   37.3   3913.6
7   11   83.8   -390.6   3954.1
7   12   64.9   -774.5   3916.1
7   13   281.7   43.5   3898.8
7   14   272.1   -385.7   3920.4
7   15   261.0   -770.3   3953.5
7   16   106.3   451.4   3680.4
7   17   161.3   429.2   3642.0
7   18   177.3   662.9   3824.9
8   0   177.9   779.8   3823.5
8   1   178.9   581.9   3837.9
8   2   20.9   578.9   3863.2
8   3   -46.4   315.2   3825.3
8   4   136.8   479.7   3651.0
8   5   333.3   569.1   3802.0
8   6   368.5   311.8   3712.6
8   7   123.0   464.5   3627.0
8   8   180.7   328.4   3878.8
8   9   178.0   128.6   3883.3
8   10   81.2   39.0   3913.1
8   11   83.3   -384.2   3954.2
8   12   65.7   -768.4   3918.2
8   13   282.8   45.4   3898.3
8   14   272.8   -379.0   3922.2
8   15   258.0   -764.2   3944.2
8   16   106.3   452.3   3680.1
8   17   163.9   439.1   3641.3
8   18   178.4   663.6   3824.7
9   0   177.9   780.5   3823.3
9   1   179.3   582.2   3837.7
9   2   21.7   579.3   3863.0
9   3   -51.7   317.6   3822.7
9   4   135.8   480.5   3651.7
9   5   333.4   569.4   3801.9
9   6   374.3   314.8   3707.3
9   7   132.8   477.2   3628.8
9   8   180.9   329.6   3878.2
9   9   178.1   129.6   3883.4
9   10   79.9   40.9   3912.7
9   11   82.9   -378.9   3952.8
9   12   66.6   -763.4   3919.2
9   13   284.1   47.5   3898.1
9   14   273.3   -373.4   3922.7
9   15   256.3   -758.9   3938.8
9   16   104.6   453.4   3680.2
9   17   173.1   450.2   3641.9
9   18   178.8   663.9   3824.6
10   0   177.6   781.2   3823.5
10   1   179.4   582.3   3837.5
10   2   22.0   579.5   3863.0
10   3   -74.5   327.6   3815.7
10   4   130.4   479.7   3656.4
10   5   333.2   569.5   3802.2
10   6   391.5   323.5   3696.1
10   7   151.3   494.0   3633.0
10   8   180.9   330.2   3877.5
10   9   178.2   130.7   3883.3
10   10   79.3   41.6   3912.1
10   11   82.8   -375.7   3952.0
10   12   67.3   -760.3   3919.5
10   13   284.5   48.1   3898.1
10   14   273.6   -370.3   3922.8
10   15   255.9   -755.8   3936.9
10   16   96.2   454.3   3682.9
10   17   191.3   465.6   3643.5
10   18   178.9   664.0   3824.5
11   0   177.2   781.9   3824.8
11   1   179.4   582.2   3837.6
11   2   22.1   579.6   3862.9
11   3   -116.5   357.3   3795.2
11   4   117.9   484.0   3659.9
11   5   333.5   569.5   3806.0
11   6   416.5   344.8   3676.1
11   7   177.0   522.2   3634.1
11   8   180.8   330.4   3877.1
11   9   178.2   131.7   3883.2
11   10   79.1   41.8   3911.9
11   11   82.9   -373.8   3951.3
11   12   67.6   -758.4   3919.2
11   13   284.3   47.9   3898.0
11   14   273.8   -368.7   3922.6
11   15   255.8   -754.2   3937.1
11   16   78.9   462.9   3682.4
11   17   216.9   492.6   3641.1
11   18   178.9   664.0   3824.7
12   0   176.8   782.5   3826.7
12   1   179.3   582.2   3837.8
12   2   22.0   579.8   3862.9
12   3   -155.2   395.5   3775.8
12   4   87.9   498.0   3633.6
12   5   333.9   569.7   3812.7
12   6   449.5   380.6   3656.9
12   7   198.2   533.5   3601.0
12   8   180.6   330.7   3876.9
12   9   178.2   132.6   3883.1
12   10   78.8   42.2   3911.8
12   11   82.9   -371.9   3950.5
12   12   67.8   -756.6   3919.2
12   13   283.8   47.3   3898.0
12   14   274.1   -367.8   3922.3
12   15   255.8   -753.3   3936.9
12   16   47.4   481.0   3657.3
12   17   240.1   508.0   3610.3
12   18   178.9   664.0   3825.1
13   0   176.4   782.9   3828.8
13   1   179.2   582.1   3839.3
13   2   22.2   580.2   3866.0
13   3   -179.8   431.7   3759.6
13   4   29.6   516.5   3570.0
13   5   334.2   570.0   3824.9
13   6   473.7   424.3   3643.6
13   7   245.4   520.1   3504.0
13   8   180.5   331.1   3877.1
13   9   178.2   133.2   3883.0
13   10   78.4   43.2   3911.9
13   11   82.7   -369.9   3950.2
13   12   68.0   -754.6   3919.3
13   13   283.5   47.3   3898.0
13   14   274.1   -366.7   3922.2
13   15   255.9   -752.2   3937.9
13   16   -5.3   502.3   3601.6
13   17   283.4   504.2   3527.3
13   18   178.8   663.9   3827.0
14   0   176.0   783.3   3830.5
14   1   179.2   582.0   3841.9
14   2   22.2   580.6   3869.3
14   3   -60.0   374.2   3773.5
14   4   51.5   -37.0   3790.1
14   5   334.5   570.5   3830.2
14   6   381.0   370.5   3689.7
14   7   202.6   276.7   3574.1
14   8   180.4   331.6   3877.5
14   9   178.1   133.4   3883.0
14   10   77.9   44.2   3912.0
14   11   82.6   -368.0   3950.1
14   12   68.3   -752.7   3919.5
14   13   283.3   47.4   3898.0
14   14   274.4   -365.8   3921.4
14   15   255.9   -751.2   3938.5
14   16   51.5   64.4   3790.1
14   17   232.4   292.1   3593.3
14   18   178.8   663.9   3830.3
15   0   175.7   783.5   3832.6
15   1   179.1   581.9   3845.3
15   2   22.2   580.9   3873.7
15   3   -153.9   452.2   3816.7
15   4   -249.3   171.4   3853.8
15   5   334.7   571.2   3831.9
15   6   305.9   337.3   3740.9
15   7   262.1   131.4   3623.5
15   8   180.3   332.6   3878.6
15   9   178.1   133.6   3883.1
15   10   77.4   45.9   3912.3
15   11   82.4   -365.7   3948.8
15   12   68.7   -750.5   3919.8
15   13   282.9   47.8   3897.9
15   14   274.8   -364.9   3919.7
15   15   255.9   -750.1   3938.9
15   16   -249.3   273.0   3853.8
15   17   269.5   165.6   3643.1
15   18   178.7   663.9   3834.4
16   0   175.5   783.7   3834.5
16   1   179.1   581.9   3848.4
16   2   21.6   581.9   3876.4
16   3   -210.0   498.8   3846.7
16   4   -251.0   176.3   3866.0
16   5   334.5   572.1   3825.6
16   6   427.8   425.9   3697.5
16   7   444.1   296.7   3482.8
16   8   180.3   334.6   3881.1
16   9   178.1   133.9   3883.4
16   10   77.5   46.8   3912.4
16   11   82.3   -364.4   3948.3
16   12   69.2   -749.3   3920.0
16   13   282.4   48.1   3898.0
16   14   275.1   -364.0   3918.8
16   15   256.1   -749.0   3942.7
16   16   -251.0   278.1   3866.0
16   17   441.2   317.8   3518.6
16   18   178.7   663.9   3837.6
17   0   175.6   783.8   3835.4
17   1   179.1   582.0   3850.9
17   2   19.7   585.5   3878.7
17   3   -239.9   527.1   3855.7
17   4   -253.3   186.6   3855.8
17   5   334.1   573.5   3816.3
17   6   506.0   484.4   3676.6
17   7   550.0   424.7   3409.1
17   8   180.2   337.4   3885.3
17   9   178.1   134.8   3883.7
17   10   78.2   47.8   3912.4
17   11   82.5   -362.8   3948.4
17   12   69.5   -747.7   3920.2
17   13   281.5   48.8   3897.9
17   14   275.4   -362.9   3918.7
17   15   256.6   -747.1   3951.1
17   16   -253.3   288.5   3855.8
17   17   542.6   434.3   3453.7
17   18   178.7   663.9   3839.4
18   0   175.7   783.9   3835.7
18   1   179.1   582.1   3852.6
18   2   17.2   590.6   3879.8
18   3   -253.8   546.5   3850.4
18   4   -255.2   198.3   3840.8
18   5   334.6   574.4   3813.7
18   6   537.0   513.7   3656.2
18   7   639.5   495.8   3379.6
18   8   180.2   340.0   3889.4
18   9   178.1   135.9   3884.1
18   10   78.8   48.8   3912.2
18   11   82.6   -361.4   3948.9
18   12   69.6   -746.2   3920.4
18   13   280.6   49.5   3898.0
18   14   275.4   -361.8   3918.9
18   15   257.1   -746.1   3950.5
18   16   -255.2   300.3   3840.8
18   17   622.5   498.6   3425.7
18   18   178.7   663.9   3840.2
19   0   175.8   784.0   3835.7
19   1   179.1   582.2   3853.5
19   2   14.9   595.1   3879.8
19   3   -259.8   559.4   3846.4
19   4   -250.7   544.8   3599.8
19   5   335.3   575.5   3812.3
19   6   545.0   529.9   3639.7
19   7   692.4   530.0   3371.4
19   8   180.1   341.6   3891.9
19   9   178.1   136.6   3884.3
19   10   79.6   49.7   3912.0
19   11   82.7   -360.1   3949.6
19   12   69.6   -744.9   3920.5
19   13   279.7   50.2   3898.1
19   14   274.8   -360.8   3919.3
19   15   257.7   -745.5   3945.3
19   16   -246.5   538.4   3633.3
19   17   667.9   530.0   3416.1
19   18   178.7   663.9   3840.5
20   0   175.9   784.2   3835.8
20   1   179.1   582.3   3853.2
20   2   12.8   600.4   3879.5
20   3   -261.7   564.7   3845.2
20   4   -413.6   558.3   3633.8
20   5   336.4   577.4   3810.9
20   6   545.0   541.2   3628.8
20   7   733.7   545.1   3383.1
20   8   180.1   342.3   3893.0
20   9   178.0   137.1   3884.3
20   10   80.3   51.0   3911.7
20   11   82.7   -362.8   3950.8
20   12   69.4   -747.5   3920.4
20   13   278.6   51.1   3898.1
20   14   273.9   -364.0   3919.7
20   15   257.7   -748.9   3943.4
20   16   -386.4   556.2   3665.9
20   17   702.4   544.5   3424.0
20   18   178.7   663.9   3839.6
21   0   176.0   785.4   3834.7
21   1   179.1   583.6   3850.6
21   2   12.0   605.3   3878.6
21   3   -261.5   566.3   3848.3
21   4   -496.9   564.0   3669.7
21   5   337.2   581.4   3803.9
21   6   545.3   548.5   3620.2
21   7   762.2   552.3   3399.3
21   8   180.0   343.3   3892.6
21   9   178.0   138.6   3884.2
21   10   80.9   52.4   3911.5
21   11   82.6   -362.6   3951.5
21   12   69.3   -747.2   3921.7
21   13   277.6   52.0   3898.2
21   14   272.9   -364.4   3919.5
21   15   257.7   -749.1   3945.9
21   16   -457.4   563.9   3698.5
21   17   726.1   551.7   3436.1
21   18   178.7   665.1   3836.4
22   0   175.9   787.9   3828.5
22   1   179.0   586.2   3845.3
22   2   12.3   608.6   3876.7
22   3   -260.4   566.7   3854.9
22   4   -537.2   565.6   3709.2
22   5   337.1   585.2   3792.3
22   6   549.1   550.7   3615.4
22   7   782.9   556.2   3414.2
22   8   179.8   344.9   3889.7
22   9   177.9   141.0   3884.0
22   10   80.8   53.4   3911.4
22   11   82.4   -361.2   3952.2
22   12   69.3   -746.0   3924.3
22   13   276.9   52.6   3898.3
22   14   272.6   -363.5   3919.4
22   15   257.7   -747.6   3954.1
22   16   -491.4   566.2   3733.5
22   17   743.9   555.2   3447.7
22   18   178.7   667.5   3830.4
23   0   175.8   790.3   3820.8
23   1   178.9   588.5   3838.8
23   2   12.7   610.9   3874.2
23   3   -259.3   566.7   3861.3
23   4   -551.6   565.4   3738.3
23   5   338.1   587.9   3785.5
23   6   554.1   550.0   3616.3
23   7   793.4   558.6   3424.3
23   8   179.4   345.8   3883.7
23   9   177.7   142.9   3883.3
23   10   80.3   54.1   3911.3
23   11   81.9   -359.6   3952.4
23   12   69.4   -744.5   3925.9
23   13   276.7   52.9   3898.3
23   14   272.6   -362.4   3919.6
23   15   257.8   -746.9   3948.7
23   16   -503.3   566.3   3759.1
23   17   753.5   557.2   3456.3
23   18   178.7   669.9   3823.8
24   0   175.8   792.1   3816.8
24   1   178.8   590.2   3832.6
24   2   13.4   611.7   3872.4
24   3   -258.2   566.5   3868.0
24   4   -555.4   565.0   3763.9
24   5   339.4   589.4   3782.2
24   6   559.4   548.8   3620.6
24   7   798.7   560.8   3431.5
24   8   179.2   345.8   3876.5
24   9   177.5   144.1   3882.3
24   10   79.5   54.6   3911.3
24   11   81.3   -358.2   3952.0
24   12   69.9   -743.1   3927.2
24   13   276.8   52.9   3898.3
24   14   272.8   -361.4   3919.4
24   15   257.8   -745.8   3949.2
24   16   -506.2   565.7   3781.5
24   17   758.8   558.8   3463.0
24   18   178.7   671.6   3818.1
25   0   175.8   793.2   3815.6
25   1   178.8   591.3   3827.9
25   2   14.0   611.8   3871.1
25   3   -257.2   566.0   3872.5
25   4   -553.1   564.9   3776.8
25   5   340.3   589.3   3780.9
25   6   565.6   548.5   3627.9
25   7   799.3   562.7   3434.6
25   8   179.0   345.4   3870.8
25   9   177.3   144.8   3881.3
25   10   78.6   55.1   3911.4
25   11   81.1   -356.8   3951.1
25   12   70.6   -741.8   3927.2
25   13   277.0   52.7   3898.3
25   14   273.0   -360.5   3919.3
25   15   257.8   -744.9   3950.2
25   16   -504.0   565.4   3793.0
25   17   760.4   560.4   3466.9
25   18   178.7   672.8   3813.6
26   0   175.9   793.6   3815.6
26   1   178.8   591.8   3824.3
26   2   14.6   611.5   3870.5
26   3   -256.4   565.2   3876.2
26   4   -548.0   565.3   3779.8
26   5   341.1   588.5   3780.4
26   6   568.9   547.6   3631.7
26   7   799.0   563.1   3435.9
26   8   178.8   344.9   3867.4
26   9   177.2   145.1   3880.4
26   10   77.3   56.0   3911.5
26   11   80.8   -358.9   3951.5
26   12   70.8   -743.8   3926.2
26   13   277.4   52.7   3898.2
26   14   272.9   -363.5   3920.3
26   15   257.7   -748.1   3948.5
26   16   -499.5   565.5   3796.0
26   17   760.7   560.5   3468.5
26   18   178.7   673.2   3810.1
27   0   176.0   793.5   3815.9
27   1   178.7   591.8   3822.5
27   2   14.6   611.2   3870.7
27   3   -256.0   564.1   3879.8
27   4   -541.7   566.1   3777.5
27   5   341.6   587.3   3780.4
27   6   570.8   546.6   3634.3
27   7   796.5   562.2   3435.4
27   8   178.7   344.2   3865.9
27   9   177.1   145.0   3879.6
27   10   76.7   55.9   3911.4
27   11   80.7   -359.7   3950.8
27   12   70.7   -744.6   3925.7
27   13   277.8   52.5   3898.2
27   14   273.1   -364.4   3919.8
27   15   257.7   -749.1   3945.6
27   16   -494.1   565.9   3794.6
27   17   758.9   559.6   3468.6
27   18   178.8   673.3   3808.2
