2   0   166.0   775.2   3835.0
2   1   169.1   572.3   3837.8
2   2   15.7   572.7   3878.3
2   3   -45.2   305.0   3852.4
2   4   136.4   446.8   3657.1
2   5   323.8   564.6   3812.9
2   6   333.4   306.4   3716.8
2   7   54.5   372.4   3621.5
2   8   173.3   306.5   3877.6
2   9   173.9   111.1   3883.8
2   10   73.6   20.6   3924.5
2   11   87.8   -418.8   3952.1
2   12   66.8   -803.7   3912.2
2   13   283.4   25.8   3904.3
2   14   270.5   -414.4   3892.0
2   15   238.8   -796.3   3949.8
2   16   106.1   423.2   3689.7
2   17   101.0   361.4   3637.4
2   18   167.8   654.4   3825.5
3   0   167.8   776.0   3835.8
3   1   170.0   573.1   3838.6
3   2   16.5   573.5   3878.5
3   3   -45.4   306.0   3852.9
3   4   135.1   450.5   3658.8
3   5   324.4   565.1   3812.0
3   6   334.6   306.2   3717.6
3   7   57.5   376.8   3620.9
3   8   173.8   307.6   3878.1
3   9   174.2   112.0   3883.8
3   10   74.3   22.4   3923.0
3   11   86.5   -417.1   3952.9
3   12   67.6   -801.5   3908.8
3   13   283.3   27.7   3903.1
3   14   271.3   -412.7   3891.4
3   15   240.7   -795.4   3940.9
3   16   105.0   426.5   3691.1
3   17   103.7   365.0   3637.0
3   18   168.8   655.2   3826.4
4   0   171.7   778.3   3838.7
4   1   171.9   575.5   3840.8
4   2   18.3   575.4   3878.8
4   3   -45.9   308.4   3854.8
4   4   130.1   462.7   3664.7
4   5   324.9   566.0   3810.4
4   6   336.8   306.4   3718.6
4   7   73.6   408.6   3623.2
4   8   175.2   311.1   3879.4
4   9   175.1   114.9   3883.8
4   10   76.6   26.8   3919.9
4   11   83.0   -413.0   3952.7
4   12   68.7   -797.9   3911.0
4   13   282.0   31.7   3901.4
4   14   273.2   -409.3   3893.3
4   15   242.8   -792.9   3934.5
4   16   100.7   437.0   3696.4
4   17   117.5   391.6   3639.1
4   18   170.8   657.6   3828.8
5   0   175.7   780.7   3840.9
5   1   173.9   577.9   3842.7
5   2   20.4   577.2   3878.4
5   3   -47.0   310.8   3856.6
5   4   124.2   477.8   3673.1
5   5   325.4   567.0   3808.9
5   6   339.0   306.6   3719.6
5   7   102.7   458.1   3629.0
5   8   176.8   315.8   3881.0
5   9   176.2   118.5   3883.8
5   10   79.3   31.0   3916.8
5   11   79.9   -409.3   3953.1
5   12   68.9   -793.7   3906.4
5   13   280.7   35.7   3899.7
5   14   273.1   -406.1   3899.3
5   15   245.9   -790.5   3937.9
5   16   95.7   449.9   3703.7
5   17   142.1   432.9   3644.1
5   18   173.0   660.1   3830.7
6   0   177.9   782.1   3841.6
6   1   175.1   579.4   3843.4
6   2   21.9   578.3   3878.1
6   3   -47.2   312.3   3856.6
6   4   122.2   487.5   3678.6
6   5   325.7   567.7   3807.7
6   6   340.4   306.8   3719.8
6   7   121.6   491.0   3634.9
6   8   178.0   319.4   3882.2
6   9   176.9   121.0   3883.9
6   10   81.0   33.2   3914.8
6   11   78.7   -407.9   3954.3
6   12   67.9   -792.3   3907.2
6   13   280.1   37.9   3898.7
6   14   270.3   -404.8   3907.1
6   15   248.0   -790.6   3931.1
6   16   94.0   458.3   3708.3
6   17   158.1   460.3   3649.1
6   18   174.2   661.5   3831.1
7   0   178.5   782.6   3841.6
7   1   175.6   579.9   3843.5
7   2   22.7   579.0   3877.9
7   3   -47.3   313.3   3855.4
7   4   122.2   492.3   3681.0
7   5   325.8   568.0   3807.3
7   6   341.1   306.9   3720.2
7   7   130.7   506.5   3637.8
7   8   178.5   321.2   3883.0
7   9   177.2   122.3   3883.9
7   10   80.8   34.9   3914.0
7   11   78.0   -406.7   3956.3
7   12   66.6   -791.0   3907.8
7   13   280.1   38.7   3898.3
7   14   269.1   -404.6   3909.3
7   15   248.9   -791.2   3923.4
7   16   93.9   462.5   3710.0
7   17   165.7   473.2   3651.5
7   18   174.7   662.0   3830.9
8   0   178.3   782.6   3841.4
8   1   175.8   580.0   3843.3
8   2   23.0   579.3   3877.9
8   3   -47.1   313.7   3853.8
8   4   122.7   494.6   3681.4
8   5   325.8   568.1   3807.3
8   6   341.3   306.9   3720.7
8   7   134.2   511.5   3637.4
8   8   178.7   321.6   3883.7
8   9   177.4   122.7   3884.0
8   10   79.9   36.0   3913.9
8   11   77.7   -406.0   3957.6
8   12   66.6   -790.2   3907.8
8   13   280.4   38.7   3898.2
8   14   269.1   -405.1   3911.1
8   15   248.8   -791.7   3928.6
8   16   94.4   464.5   3710.2
8   17   168.7   477.4   3651.3
8   18   174.8   662.0   3830.5
9   0   177.7   782.3   3841.3
9   1   175.7   579.7   3843.3
9   2   23.0   579.3   3877.8
9   3   -46.9   314.0   3851.0
9   4   124.0   496.0   3680.9
9   5   325.7   568.2   3807.5
9   6   341.4   306.7   3721.7
9   7   135.2   511.3   3635.5
9   8   178.8   320.9   3884.3
9   9   177.4   122.6   3884.1
9   10   79.2   36.2   3914.1
9   11   77.6   -406.5   3958.5
9   12   67.5   -790.3   3905.9
9   13   280.8   38.5   3898.3
9   14   269.7   -406.0   3913.0
9   15   248.1   -792.3   3934.3
9   16   95.5   465.7   3709.3
9   17   169.5   477.2   3649.8
9   18   174.7   661.7   3830.2
10   0   176.9   781.8   3841.1
10   1   175.5   579.3   3843.3
10   2   23.0   579.2   3877.8
10   3   -46.2   314.3   3846.0
10   4   126.2   498.1   3679.5
10   5   325.7   568.3   3807.8
10   6   341.4   306.4   3723.2
10   7   135.6   509.6   3633.6
10   8   178.8   319.9   3885.1
10   9   177.4   122.1   3884.2
10   10   78.4   36.4   3914.4
10   11   77.7   -407.1   3958.0
10   12   67.7   -790.8   3904.9
10   13   281.4   38.5   3898.5
10   14   269.6   -406.7   3914.6
10   15   247.8   -793.1   3933.2
10   16   97.5   467.4   3707.2
10   17   169.9   475.7   3648.6
10   18   174.5   661.2   3830.0
11   0   176.2   781.2   3842.7
11   1   175.4   578.9   3843.4
11   2   22.9   579.0   3877.8
11   3   -45.0   314.6   3840.6
11   4   129.3   499.3   3677.2
11   5   325.6   568.3   3808.1
11   6   341.4   306.0   3724.8
11   7   135.8   507.1   3631.2
11   8   178.7   318.8   3886.0
11   9   177.4   121.4   3884.3
11   10   78.0   36.1   3914.7
11   11   77.8   -408.3   3956.9
11   12   68.1   -792.3   3905.9
11   13   281.8   38.2   3898.7
11   14   268.9   -407.6   3916.3
11   15   248.3   -794.3   3928.8
11   16   100.2   468.5   3704.4
11   17   170.1   473.6   3646.8
11   18   174.4   660.8   3829.9
12   0   175.4   780.3   3846.3
12   1   175.3   578.5   3843.4
12   2   22.8   578.9   3877.9
12   3   -44.4   314.5   3838.3
12   4   131.1   498.8   3675.7
12   5   325.6   568.3   3808.4
12   6   341.4   305.8   3726.0
12   7   133.3   501.6   3627.8
12   8   178.7   317.8   3886.6
12   9   177.4   120.6   3884.4
12   10   77.8   35.4   3914.8
12   11   77.9   -405.7   3954.9
12   12   68.3   -790.0   3907.4
12   13   282.1   37.8   3898.9
12   14   268.7   -404.6   3916.7
12   15   247.8   -791.3   3924.8
12   16   101.9   468.0   3702.8
12   17   168.0   469.0   3644.2
12   18   174.2   660.4   3829.9
13   0   174.8   779.5   3849.4
13   1   175.1   578.2   3843.5
13   2   22.8   578.7   3877.9
13   3   -43.8   314.4   3837.5
13   4   131.8   498.6   3675.1
13   5   325.5   568.4   3808.7
13   6   341.6   305.6   3727.4
13   7   126.8   490.8   3624.1
13   8   178.7   317.0   3887.0
13   9   177.4   119.8   3884.5
13   10   77.8   34.6   3914.8
13   11   78.0   -405.0   3952.9
13   12   68.4   -789.6   3907.9
13   13   282.3   37.4   3899.2
13   14   268.4   -403.3   3917.1
13   15   248.2   -790.1   3917.9
13   16   102.5   467.9   3702.2
13   17   162.6   459.9   3641.3
13   18   174.0   660.1   3829.9
14   0   174.1   778.8   3851.3
14   1   175.0   577.8   3843.5
14   2   22.7   578.5   3877.9
14   3   -43.4   314.1   3837.3
14   4   131.9   498.4   3674.9
14   5   325.5   568.4   3808.9
14   6   341.8   305.7   3727.7
14   7   123.5   485.4   3622.3
14   8   178.7   316.3   3887.2
14   9   177.4   118.8   3884.6
14   10   77.9   33.8   3914.8
14   11   78.1   -402.2   3950.3
14   12   68.4   -787.0   3908.2
14   13   282.5   37.1   3899.4
14   14   268.6   -399.7   3916.7
14   15   249.1   -786.5   3921.3
14   16   102.7   467.7   3701.9
14   17   159.9   455.4   3639.9
14   18   173.9   659.7   3829.9
15   0   173.5   778.4   3852.2
15   1   174.9   577.6   3843.6
15   2   22.7   578.3   3877.9
15   3   -43.1   313.9   3837.3
15   4   131.8   498.3   3674.7
15   5   325.4   568.5   3809.2
15   6   342.3   306.0   3727.4
15   7   121.8   482.8   3621.5
15   8   178.7   315.7   3887.3
15   9   177.4   117.8   3884.6
15   10   78.0   33.1   3914.9
15   11   78.2   -398.5   3947.6
15   12   68.3   -783.7   3908.7
15   13   282.7   36.9   3899.7
15   14   268.7   -395.4   3916.3
15   15   249.8   -781.4   3936.1
15   16   102.7   467.6   3701.8
15   17   158.6   453.3   3639.1
15   18   173.7   659.4   3829.9
16   0   172.8   778.1   3852.7
16   1   174.8   577.4   3843.6
16   2   22.6   578.2   3877.9
16   3   -43.4   313.9   3837.3
16   4   131.7   498.1   3674.6
16   5   325.3   568.5   3809.5
16   6   344.8   306.7   3726.4
16   7   122.3   481.7   3622.0
16   8   178.7   315.4   3887.4
16   9   177.4   117.0   3884.7
16   10   78.1   32.5   3914.9
16   11   78.4   -395.0   3945.6
16   12   68.4   -780.3   3909.5
16   13   282.9   36.9   3900.0
16   14   269.1   -391.3   3915.5
16   15   249.4   -776.9   3941.0
16   16   102.5   467.4   3701.7
16   17   159.4   452.5   3639.4
16   18   173.6   659.2   3829.9
17   0   172.4   778.0   3852.9
17   1   174.7   577.3   3844.3
17   2   22.3   578.1   3878.1
17   3   -47.1   314.8   3836.9
17   4   131.0   496.8   3675.1
17   5   325.1   568.6   3809.7
17   6   361.5   310.1   3723.7
17   7   131.0   478.9   3627.5
17   8   178.7   315.1   3887.5
17   9   177.4   116.2   3884.8
17   10   78.3   32.4   3914.9
17   11   78.6   -391.5   3944.6
17   12   68.5   -777.0   3911.8
17   13   282.7   37.0   3900.3
17   14   269.4   -387.6   3914.6
17   15   248.5   -773.3   3938.6
17   16   101.3   466.5   3702.1
17   17   169.4   450.8   3643.5
17   18   173.4   659.1   3830.9
18   0   172.1   778.2   3853.1
18   1   174.6   577.1   3845.8
18   2   21.8   577.9   3878.3
18   3   -65.8   320.9   3836.3
18   4   126.8   490.5   3679.8
18   5   325.4   568.9   3813.4
18   6   390.5   321.2   3716.7
18   7   148.4   478.5   3632.8
18   8   178.7   314.7   3887.6
18   9   177.3   115.4   3884.8
18   10   78.6   32.7   3914.8
18   11   78.9   -388.4   3944.3
18   12   68.6   -774.1   3915.7
18   13   282.4   37.2   3900.5
18   14   269.7   -384.4   3915.0
18   15   249.2   -769.9   3941.7
18   16   94.7   462.2   3705.9
18   17   188.7   452.3   3646.8
18   18   173.3   659.0   3832.8
19   0   171.9   778.6   3853.1
19   1   174.6   577.0   3848.3
19   2   20.7   577.6   3878.7
19   3   -104.1   339.5   3832.9
19   4   116.1   481.5   3686.7
19   5   326.9   570.4   3819.5
19   6   421.6   345.3   3698.8
19   7   165.4   490.2   3634.3
19   8   178.7   314.3   3887.8
19   9   177.3   114.8   3884.9
19   10   78.8   33.0   3914.8
19   11   79.3   -390.0   3945.5
19   12   68.6   -775.8   3920.1
19   13   282.1   37.5   3900.8
19   14   269.5   -386.2   3915.7
19   15   249.6   -771.3   3945.5
19   16   79.4   457.8   3711.1
19   17   208.1   466.0   3645.0
19   18   173.3   658.9   3836.0
20   0   171.9   779.0   3853.0
20   1   174.6   576.9   3851.3
20   2   19.1   577.6   3879.0
20   3   -154.5   378.2   3825.8
20   4   90.4   480.0   3686.6
20   5   328.9   572.2   3826.9
20   6   453.0   381.1   3678.9
20   7   182.2   505.7   3633.8
20   8   178.7   314.1   3888.0
20   9   177.3   114.6   3885.0
20   10   79.1   34.4   3914.6
20   11   79.8   -392.1   3947.4
20   12   68.5   -778.0   3925.2
20   13   281.2   38.1   3900.9
20   14   269.3   -389.3   3916.1
20   15   249.7   -774.6   3940.9
20   16   49.6   463.1   3709.8
20   17   227.3   484.9   3641.4
20   18   173.3   658.9   3839.8
21   0   171.8   779.4   3852.9
21   1   174.6   576.8   3854.8
21   2   17.1   578.1   3879.3
21   3   -191.7   421.1   3808.4
21   4   59.5   502.0   3662.5
21   5   331.5   574.8   3837.6
21   6   478.7   418.6   3668.9
21   7   206.3   518.8   3593.6
21   8   178.7   314.0   3888.4
21   9   177.3   115.0   3885.0
21   10   79.5   36.7   3914.4
21   11   80.2   -393.6   3949.4
21   12   68.4   -779.3   3927.2
21   13   279.8   39.1   3900.7
21   14   269.4   -392.3   3916.3
21   15   249.6   -777.6   3939.1
21   16   17.6   488.5   3686.8
21   17   251.7   502.1   3606.1
21   18   173.3   659.0   3844.3
22   0   171.8   780.1   3852.7
22   1   174.6   577.2   3857.9
22   2   14.3   581.6   3882.0
22   3   -220.1   458.7   3812.3
22   4   -30.2   531.5   3604.8
22   5   334.0   578.4   3838.9
22   6   498.6   449.3   3660.2
22   7   214.8   513.9   3661.4
22   8   178.8   314.7   3888.8
22   9   177.3   116.5   3885.1
22   10   79.7   40.1   3914.2
22   11   80.4   -393.7   3950.3
22   12   68.4   -779.3   3929.5
22   13   278.1   40.5   3900.5
22   14   269.6   -394.4   3916.4
22   15   249.5   -779.7   3937.5
22   16   -61.7   519.3   3639.4
22   17   262.1   503.0   3661.2
22   18   173.3   659.4   3848.2
23   0   171.8   781.1   3852.4
23   1   174.7   578.1   3860.5
23   2   11.3   589.3   3888.8
23   3   -244.8   501.5   3846.6
23   4   -146.3   544.2   3581.5
23   5   335.6   582.3   3834.6
23   6   495.1   482.1   3633.9
23   7   219.6   519.4   3722.1
23   8   178.8   316.6   3889.4
23   9   177.2   119.2   3885.1
23   10   79.4   44.5   3914.1
23   11   80.5   -392.2   3952.0
23   12   68.5   -777.6   3930.2
23   13   276.3   42.2   3900.3
23   14   269.9   -395.7   3916.6
23   15   249.3   -781.0   3936.0
23   16   -162.5   537.1   3625.7
23   17   265.5   513.1   3707.4
23   18   173.4   660.3   3851.4
24   0   171.8   782.1   3852.4
24   1   174.7   579.2   3861.5
24   2   9.9   595.3   3895.6
24   3   -258.9   542.6   3888.1
24   4   -247.5   564.3   3596.1
24   5   336.1   586.0   3825.1
24   6   488.8   517.2   3606.8
24   7   433.5   499.4   3505.9
24   8   178.8   319.8   3890.3
24   9   177.2   122.9   3885.1
24   10   78.6   48.9   3914.2
24   11   80.4   -385.8   3952.1
24   12   68.9   -771.2   3930.4
24   13   274.9   43.8   3900.2
24   14   270.3   -392.2   3916.4
24   15   249.4   -777.4   3934.0
24   16   -249.3   560.7   3644.7
24   17   441.0   502.5   3522.7
24   18   173.4   661.4   3852.4
25   0   171.8   783.5   3852.5
25   1   174.7   580.7   3861.9
25   2   8.8   603.0   3902.7
25   3   -265.3   568.7   3897.9
25   4   -361.9   594.8   3620.5
25   5   336.4   587.6   3821.1
25   6   524.0   538.0   3630.3
25   7   580.0   523.6   3419.9
25   8   178.9   324.4   3891.7
25   9   177.2   127.3   3885.2
25   10   76.8   55.1   3914.6
25   11   80.0   -375.8   3951.3
25   12   69.4   -760.9   3929.8
25   13   273.5   46.0   3900.0
25   14   270.6   -386.1   3916.1
25   15   249.7   -771.2   3931.8
25   16   -345.9   590.4   3666.7
25   17   569.6   525.9   3455.0
25   18   173.4   662.8   3852.3
26   0   171.7   786.2   3852.6
26   1   174.7   583.6   3861.6
26   2   7.0   609.5   3902.5
26   3   -268.1   587.0   3887.8
26   4   -456.8   623.1   3660.0
26   5   335.6   588.9   3816.3
26   6   541.5   548.8   3640.7
26   7   667.3   545.0   3387.6
26   8   178.9   330.7   3892.9
26   9   177.2   133.0   3885.3
26   10   77.7   56.9   3914.2
26   11   80.1   -369.8   3950.5
26   12   69.6   -754.7   3928.4
26   13   272.7   48.2   3899.9
26   14   271.1   -379.7   3915.8
26   15   250.0   -764.5   3932.3
26   16   -425.5   617.1   3698.0
26   17   646.0   545.6   3429.8
26   18   173.4   665.6   3851.5
27   0   171.7   789.9   3852.9
27   1   174.7   587.5   3861.0
27   2   5.6   614.2   3899.3
27   3   -268.4   599.7   3871.9
27   4   -516.7   642.6   3695.7
27   5   334.4   590.2   3812.9
27   6   546.8   555.4   3642.3
27   7   724.5   564.1   3387.9
27   8   178.9   337.5   3893.8
27   9   177.2   138.8   3885.5
27   10   78.5   56.6   3914.0
27   11   80.2   -366.2   3950.0
27   12   69.7   -750.9   3926.4
27   13   273.0   49.5   3900.0
27   14   271.3   -374.4   3915.6
27   15   250.3   -758.8   3937.8
27   16   -475.4   635.5   3725.1
27   17   695.0   562.7   3430.3
27   18   173.4   669.4   3850.3
28   0   171.6   793.9   3853.2
28   1   174.7   591.7   3860.1
28   2   4.4   617.1   3892.7
28   3   -269.3   606.5   3865.6
28   4   -549.1   651.2   3729.3
28   5   333.0   591.6   3810.7
28   6   545.4   559.5   3639.1
28   7   753.0   578.8   3397.3
28   8   178.8   343.6   3894.1
28   9   177.3   143.7   3885.8
28   10   79.5   54.5   3913.8
28   11   80.3   -364.9   3950.3
28   12   69.7   -749.3   3925.2
28   13   273.8   49.7   3900.1
28   14   271.2   -371.0   3915.6
28   15   250.6   -755.0   3940.6
28   16   -502.5   643.7   3752.0
28   17   718.6   575.6   3437.6
28   18   173.4   673.6   3848.9
29   0   171.5   797.8   3851.4
29   1   174.7   595.9   3857.8
29   2   4.1   618.4   3885.8
29   3   -269.8   610.3   3871.0
29   4   -563.0   651.0   3759.8
29   5   332.2   593.7   3807.5
29   6   544.9   562.1   3636.5
29   7   769.8   585.1   3411.1
29   8   178.8   348.6   3893.7
29   9   177.3   147.6   3886.0
29   10   80.5   51.8   3913.6
29   11   80.5   -364.9   3950.6
29   12   69.5   -749.1   3924.3
29   13   274.7   49.4   3900.4
29   14   271.0   -368.7   3915.6
29   15   250.8   -752.5   3941.4
29   16   -514.1   644.2   3778.3
29   17   732.4   581.2   3448.7
29   18   173.4   677.6   3846.0
30   0   171.4   801.0   3846.2
30   1   174.7   599.3   3853.7
30   2   4.6   618.9   3880.0
30   3   -269.0   609.3   3882.5
30   4   -564.6   647.6   3782.8
30   5   332.2   596.5   3802.0
30   6   546.2   562.8   3633.6
30   7   780.7   587.8   3424.1
30   8   178.7   352.3   3892.8
30   9   177.3   150.2   3886.1
30   10   79.1   52.2   3914.1
30   11   80.2   -362.4   3951.2
30   12   69.4   -746.3   3923.8
30   13   276.2   49.9   3900.7
30   14   271.2   -366.0   3915.5
30   15   251.0   -749.7   3940.8
30   16   -515.3   641.2   3799.4
30   17   741.8   583.6   3459.0
30   18   173.4   680.7   3840.8
31   0   171.4   802.7   3837.2
31   1   174.7   601.2   3848.3
31   2   5.6   619.2   3877.1
31   3   -267.3   605.6   3892.0
31   4   -561.7   643.1   3799.7
31   5   333.2   598.1   3798.1
31   6   547.6   562.4   3631.2
31   7   786.1   588.5   3432.9
31   8   178.6   354.1   3890.7
31   9   177.2   151.2   3886.0
31   10   77.9   52.8   3914.7
31   11   80.0   -360.0   3953.5
31   12   69.5   -743.5   3923.6
31   13   277.2   50.2   3901.0
31   14   271.3   -364.1   3915.4
31   15   251.2   -747.7   3940.3
31   16   -512.6   636.9   3815.1
31   17   746.4   584.1   3466.0
31   18   173.4   682.5   3834.4
32   0   171.4   803.3   3826.3
32   1   174.7   602.1   3842.7
32   2   6.7   619.2   3875.8
32   3   -265.6   600.4   3896.3
32   4   -559.3   638.5   3813.5
32   5   334.0   598.3   3794.2
32   6   549.5   561.5   3629.4
32   7   787.5   588.2   3436.2
32   8   178.6   354.5   3886.7
32   9   177.2   150.9   3885.8
32   10   77.1   52.9   3914.9
32   11   79.8   -358.4   3954.5
32   12   69.5   -741.7   3923.6
32   13   277.4   49.7   3901.1
32   14   271.4   -363.3   3915.2
32   15   251.5   -746.5   3940.8
32   16   -510.3   632.1   3827.3
32   17   747.9   583.8   3468.4
32   18   173.4   683.2   3828.3
33   0   171.4   803.5   3818.3
33   1   174.6   602.3   3837.0
33   2   7.6   619.2   3875.4
33   3   -263.9   594.7   3898.0
33   4   -554.6   634.3   3814.4
33   5   334.6   597.8   3789.9
33   6   552.2   560.6   3628.3
33   7   788.0   587.7   3436.8
33   8   178.6   354.2   3881.2
33   9   177.1   150.0   3885.5
33   10   76.6   52.8   3915.0
33   11   79.7   -357.5   3954.8
33   12   69.6   -740.5   3923.5
33   13   277.2   48.9   3901.2
33   14   271.3   -363.0   3915.2
33   15   251.6   -746.1   3941.0
33   16   -506.1   627.7   3828.4
33   17   748.7   583.2   3468.8
33   18   173.4   683.4   3822.6
34   0   171.4   803.4   3815.5
34   1   174.6   602.3   3832.9
34   2   8.1   619.1   3875.5
34   3   -262.7   589.9   3899.0
34   4   -548.7   631.1   3811.5
34   5   335.3   596.7   3787.8
34   6   554.1   559.7   3628.2
34   7   786.9   586.7   3437.9
34   8   178.6   353.6   3876.7
34   9   177.1   149.0   3885.3
34   10   76.2   52.4   3914.9
34   11   79.6   -356.9   3954.5
34   12   69.8   -739.8   3923.5
34   13   276.7   47.8   3901.2
34   14   271.2   -363.2   3915.0
34   15   251.7   -746.2   3938.8
34   16   -501.0   624.3   3826.1
34   17   748.1   582.2   3469.6
34   18   173.4   683.3   3818.6
35   0   171.4   803.2   3815.8
35   1   174.6   602.1   3830.7
35   2   8.2   618.7   3875.9
35   3   -262.1   586.0   3899.7
35   4   -541.2   629.6   3802.2
35   5   335.8   595.5   3787.3
35   6   555.2   559.0   3628.6
35   7   785.2   585.3   3439.4
35   8   178.5   353.0   3873.9
35   9   177.0   148.1   3885.2
35   10   75.8   52.1   3914.8
35   11   79.4   -356.5   3953.8
35   12   70.1   -739.2   3923.3
35   13   276.2   46.6   3901.0
35   14   271.1   -363.6   3914.8
35   15   251.8   -746.7   3934.5
35   16   -494.6   622.4   3818.5
35   17   746.9   580.9   3470.9
35   18   173.4   683.2   3816.7
36   0   171.4   802.9   3817.8
36   1   174.6   601.9   3829.9
36   2   8.0   618.2   3876.4
36   3   -261.9   583.6   3900.2
36   4   -535.1   629.8   3794.5
36   5   336.2   594.5   3787.4
36   6   555.6   558.3   3628.8
36   7   784.1   583.6   3441.3
36   8   178.5   352.7   3872.4
36   9   176.9   147.4   3885.1
36   10   75.2   51.9   3914.4
36   11   79.3   -356.1   3952.9
36   12   70.5   -738.7   3922.9
36   13   275.9   45.6   3900.9
36   14   271.0   -364.0   3914.8
36   15   252.3   -747.1   3929.0
36   16   -489.6   622.1   3812.1
36   17   746.0   579.4   3472.6
36   18   173.4   683.0   3816.1
37   0   171.4   802.6   3821.0
37   1   174.6   601.8   3829.9
37   2   7.5   617.6   3876.8
37   3   -262.2   583.0   3900.3
37   4   -532.5   630.5   3792.2
37   5   336.5   593.5   3787.7
37   6   555.6   557.4   3629.0
37   7   783.1   581.8   3442.7
37   8   178.4   352.4   3871.8
37   9   176.8   146.8   3884.6
37   10   74.7   52.0   3913.7
37   11   79.2   -355.5   3951.7
37   12   70.9   -737.9   3922.2
37   13   276.8   46.3   3899.8
37   14   271.1   -362.7   3914.8
37   15   253.0   -745.3   3935.3
37   16   -487.5   622.6   3810.2
37   17   745.2   577.7   3473.8
37   18   173.4   682.9   3816.2
38   0   171.4   802.3   3825.1
38   1   174.6   601.7   3830.1
38   2   7.1   616.9   3877.1
38   3   -262.6   582.9   3900.1
38   4   -531.0   631.1   3790.6
38   5   336.9   593.0   3788.0
38   6   555.6   556.4   3629.0
38   7   782.5   579.9   3443.9
38   8   178.4   352.4   3871.6
38   9   176.7   146.4   3883.3
38   10   74.3   52.5   3912.6
38   11   79.1   -354.5   3950.2
38   12   71.3   -736.9   3922.2
38   13   278.5   48.3   3897.9
38   14   271.5   -360.1   3914.1
38   15   253.4   -742.3   3937.5
38   16   -486.3   623.0   3808.9
38   17   744.7   575.9   3474.7
38   18   173.4   682.7   3816.6
39   0   171.4   801.8   3829.2
39   1   174.6   601.6   3830.4
39   2   6.7   616.2   3877.4
39   3   -263.0   583.0   3899.8
39   4   -529.9   631.7   3789.0
39   5   337.4   592.6   3788.3
39   6   555.5   555.2   3629.0
39   7   782.3   577.5   3444.9
39   8   178.3   352.4   3871.6
39   9   176.7   146.2   3881.5
39   10   74.2   53.3   3911.5
39   11   79.1   -353.4   3948.3
39   12   71.8   -735.6   3921.0
39   13   279.5   50.0   3896.6
39   14   271.6   -357.9   3913.8
39   15   253.6   -740.1   3935.3
39   16   -485.4   623.6   3807.5
39   17   744.5   573.8   3475.6
39   18   173.4   682.6   3817.0
40   0   171.5   801.4   3831.9
40   1   174.6   601.6   3830.6
40   2   6.3   615.8   3877.5
40   3   -263.4   583.2   3899.3
40   4   -529.0   632.5   3786.8
40   5   337.8   592.3   3788.3
40   6   555.5   553.8   3629.0
40   7   782.5   574.7   3445.6
40   8   178.3   352.6   3871.6
40   9   176.6   146.0   3879.0
40   10   74.1   54.0   3910.2
40   11   79.2   -352.4   3945.0
40   12   72.2   -734.4   3918.0
40   13   279.4   50.6   3896.0
40   14   271.6   -356.8   3913.8
40   15   253.8   -738.4   3941.4
40   16   -484.7   624.3   3805.6
40   17   744.6   571.2   3476.2
40   18   173.4   682.5   3817.3
