2   0   173.6   774.2   3835.2
2   1   174.0   569.8   3839.2
2   2   19.5   568.8   3870.4
2   3   -44.4   300.3   3842.1
2   4   119.0   503.6   3685.9
2   5   327.1   560.4   3806.5
2   6   331.8   291.5   3738.6
2   7   68.1   386.9   3621.2
2   8   175.5   306.0   3876.0
2   9   175.5   111.7   3884.3
2   10   74.9   22.1   3919.5
2   11   82.8   -414.6   3952.1
2   12   65.6   -802.5   3914.8
2   13   281.3   26.7   3912.4
2   14   270.8   -411.2   3911.2
2   15   250.3   -796.8   3965.4
2   16   91.8   469.7   3711.9
2   17   112.1   371.0   3640.8
2   18   173.5   652.5   3827.6
3   0   173.4   774.2   3835.5
3   1   173.5   569.8   3839.4
3   2   19.1   568.6   3870.1
3   3   -44.0   300.2   3839.6
3   4   121.6   500.2   3682.0
3   5   326.5   560.7   3806.1
3   6   331.7   291.7   3738.2
3   7   70.5   393.5   3621.8
3   8   175.4   306.3   3876.3
3   9   175.3   111.8   3884.2
3   10   75.3   22.3   3919.3
3   11   82.3   -414.4   3952.8
3   12   64.7   -802.3   3917.0
3   13   281.0   27.5   3911.5
3   14   270.8   -410.4   3911.1
3   15   249.9   -796.2   3964.6
3   16   94.0   466.9   3708.2
3   17   114.1   376.5   3641.2
3   18   172.9   652.6   3827.9
4   0   172.6   774.5   3836.6
4   1   172.4   570.1   3840.4
4   2   18.0   568.3   3870.1
4   3   -42.8   300.0   3834.9
4   4   128.4   493.6   3675.5
4   5   324.9   561.7   3804.8
4   6   331.1   292.7   3737.3
4   7   82.4   419.0   3623.5
4   8   175.1   307.7   3877.3
4   9   174.7   112.1   3884.1
4   10   76.2   23.6   3918.6
4   11   80.6   -414.0   3953.8
4   12   62.4   -801.6   3915.0
4   13   280.4   30.4   3909.6
4   14   270.5   -408.5   3911.7
4   15   250.2   -794.4   3964.6
4   16   99.8   461.3   3702.1
4   17   123.8   397.9   3642.4
4   18   171.5   652.9   3828.8
5   0   171.9   775.1   3837.6
5   1   171.1   570.7   3841.7
5   2   17.3   567.7   3870.3
5   3   -42.4   299.8   3830.8
5   4   134.0   485.5   3667.8
5   5   322.9   563.5   3803.5
5   6   329.2   294.1   3737.1
5   7   101.1   456.8   3630.6
5   8   174.8   310.1   3878.5
5   9   174.0   113.0   3884.1
5   10   76.9   25.9   3918.0
5   11   78.1   -413.2   3953.3
5   12   61.9   -800.9   3914.6
5   13   279.4   33.6   3907.5
5   14   269.1   -406.8   3913.7
5   15   250.4   -792.6   3967.7
5   16   104.6   454.6   3694.9
5   17   139.1   429.7   3648.4
5   18   169.9   653.4   3830.0
6   0   171.6   775.6   3838.0
6   1   170.2   571.2   3842.5
6   2   16.6   568.2   3870.1
6   3   -42.5   300.3   3829.2
6   4   139.7   475.3   3660.7
6   5   321.7   564.8   3804.1
6   6   329.0   295.6   3737.3
6   7   116.7   484.7   3636.4
6   8   174.5   312.2   3879.1
6   9   173.4   113.6   3884.0
6   10   77.6   26.6   3917.6
6   11   76.8   -413.8   3951.8
6   12   61.5   -801.7   3914.6
6   13   278.2   34.7   3906.2
6   14   268.2   -406.8   3915.8
6   15   250.2   -793.2   3965.6
6   16   109.3   446.1   3688.8
6   17   152.1   453.2   3653.3
6   18   168.8   654.0   3830.8
7   0   171.7   776.0   3837.8
7   1   169.7   571.6   3842.9
7   2   16.2   568.7   3869.8
7   3   -43.3   300.7   3829.9
7   4   140.9   471.6   3659.1
7   5   320.9   565.4   3804.5
7   6   328.8   296.2   3738.0
7   7   126.0   499.1   3639.0
7   8   174.3   313.4   3879.2
7   9   173.1   113.9   3884.1
7   10   78.2   26.0   3917.4
7   11   76.1   -414.7   3951.2
7   12   61.6   -802.8   3915.8
7   13   277.2   34.1   3905.5
7   14   267.8   -407.6   3915.4
7   15   250.1   -794.5   3961.0
7   16   110.2   443.1   3687.6
7   17   159.8   465.3   3655.5
7   18   168.2   654.3   3831.2
8   0   171.7   776.3   3837.5
8   1   169.5   571.9   3843.0
8   2   16.0   569.0   3869.5
8   3   -44.1   300.9   3831.7
8   4   137.6   475.9   3662.3
8   5   320.3   565.5   3804.7
8   6   328.5   296.5   3737.3
8   7   127.7   505.0   3643.2
8   8   174.3   313.8   3879.1
8   9   172.9   114.0   3884.3
8   10   78.2   25.4   3917.6
8   11   75.8   -414.9   3951.2
8   12   62.0   -803.2   3917.4
8   13   276.7   33.1   3905.3
8   14   267.6   -408.3   3914.1
8   15   250.0   -795.7   3955.3
8   16   107.3   446.7   3690.5
8   17   161.1   470.3   3658.9
8   18   168.0   654.6   3831.4
9   0   171.8   776.5   3836.9
9   1   169.4   572.1   3843.0
9   2   16.2   569.0   3869.4
9   3   -44.5   300.9   3832.2
9   4   140.5   470.6   3661.1
9   5   319.9   565.3   3804.9
9   6   328.4   296.5   3736.9
9   7   128.7   506.8   3644.0
9   8   174.2   313.6   3878.9
9   9   172.9   113.9   3884.6
9   10   77.9   25.1   3918.1
9   11   75.8   -414.7   3951.2
9   12   62.2   -802.9   3917.5
9   13   276.9   32.6   3905.5
9   14   267.5   -408.2   3913.9
9   15   250.0   -795.9   3951.8
9   16   109.7   442.3   3689.6
9   17   162.0   471.8   3659.5
9   18   167.9   654.8   3831.5
10   0   171.9   776.6   3836.2
10   1   169.4   572.1   3842.9
10   2   16.4   568.9   3869.4
10   3   -44.8   300.8   3832.7
10   4   142.6   465.6   3659.2
10   5   319.7   565.2   3805.0
10   6   328.3   296.5   3736.6
10   7   128.7   506.3   3642.8
10   8   174.2   312.8   3878.8
10   9   172.9   113.6   3884.9
10   10   77.4   24.9   3918.6
10   11   75.6   -414.5   3951.3
10   12   62.5   -802.7   3918.5
10   13   277.4   32.5   3905.6
10   14   267.5   -407.9   3914.1
10   15   250.0   -795.7   3949.8
10   16   111.3   438.1   3688.1
10   17   162.0   471.3   3658.4
10   18   167.9   654.9   3831.4
11   0   171.9   776.7   3835.3
11   1   169.4   572.2   3842.8
11   2   16.7   568.8   3869.4
11   3   -44.7   300.8   3832.8
11   4   142.7   464.0   3658.1
11   5   319.6   565.2   3805.0
11   6   328.3   296.6   3736.4
11   7   127.7   503.4   3639.1
11   8   174.2   311.7   3878.7
11   9   172.9   113.2   3885.3
11   10   77.0   24.5   3919.1
11   11   75.6   -415.0   3951.4
11   12   62.7   -803.3   3920.0
11   13   277.8   32.1   3905.8
11   14   267.6   -408.3   3917.2
11   15   249.5   -796.3   3949.8
11   16   111.5   436.8   3687.2
11   17   161.1   468.9   3655.3
11   18   167.9   654.9   3831.4
12   0   171.9   776.7   3834.5
12   1   169.5   572.2   3842.8
12   2   16.8   568.9   3869.4
12   3   -44.5   300.9   3833.0
12   4   142.5   464.1   3657.9
12   5   319.5   565.2   3805.0
12   6   328.3   296.7   3736.2
12   7   123.8   495.7   3632.0
12   8   174.2   310.4   3878.8
12   9   172.9   112.7   3885.7
12   10   76.7   24.1   3919.6
12   11   75.6   -412.7   3951.3
12   12   62.9   -801.0   3920.9
12   13   278.2   31.6   3906.1
12   14   267.8   -405.6   3926.3
12   15   249.1   -794.2   3949.1
12   16   111.4   436.9   3687.0
12   17   157.9   462.5   3649.4
12   18   168.0   654.9   3831.4
13   0   171.9   776.6   3833.4
13   1   169.5   572.2   3842.6
13   2   16.9   568.9   3869.4
13   3   -44.4   301.0   3833.0
13   4   142.3   464.2   3657.7
13   5   319.5   565.2   3805.0
13   6   328.6   296.8   3736.1
13   7   123.5   493.5   3629.0
13   8   174.2   309.4   3878.9
13   9   172.9   112.2   3886.0
13   10   76.4   23.8   3919.8
13   11   75.7   -411.7   3951.2
13   12   63.1   -799.9   3920.2
13   13   278.5   31.4   3906.2
13   14   267.7   -404.7   3923.9
13   15   249.6   -792.8   3951.9
13   16   111.1   437.0   3686.9
13   17   157.7   460.7   3646.8
13   18   168.0   654.9   3831.2
14   0   171.9   776.6   3832.1
14   1   169.5   572.2   3842.3
14   2   17.0   568.9   3869.4
14   3   -44.4   301.1   3833.1
14   4   142.1   464.3   3657.6
14   5   319.5   565.1   3804.9
14   6   329.1   296.8   3736.1
14   7   126.0   495.7   3629.3
14   8   174.2   308.6   3879.1
14   9   172.9   111.7   3886.2
14   10   76.2   23.6   3919.8
14   11   75.7   -413.1   3952.9
14   12   63.0   -801.0   3918.9
14   13   278.7   31.2   3906.2
14   14   267.8   -406.2   3924.8
14   15   250.0   -793.8   3958.6
14   16   111.1   437.1   3686.9
14   17   159.8   462.5   3647.1
14   18   168.0   654.9   3830.8
15   0   171.9   776.5   3830.7
15   1   169.5   572.2   3841.9
15   2   17.1   569.0   3869.3
15   3   -44.3   301.3   3833.1
15   4   142.1   464.4   3657.7
15   5   319.5   565.1   3804.8
15   6   330.0   296.9   3736.2
15   7   127.6   496.8   3630.2
15   8   174.2   308.0   3879.2
15   9   172.9   111.3   3886.3
15   10   75.9   23.4   3919.2
15   11   75.7   -412.8   3955.4
15   12   63.0   -800.2   3917.6
15   13   278.8   31.2   3906.1
15   14   267.6   -406.2   3920.0
15   15   250.3   -792.6   3964.2
15   16   111.0   437.2   3686.9
15   17   161.3   463.5   3647.9
15   18   168.0   654.8   3830.3
16   0   171.9   776.4   3829.7
16   1   169.5   572.2   3841.6
16   2   17.2   569.1   3869.3
16   3   -44.3   301.5   3833.1
16   4   141.5   465.8   3658.3
16   5   319.6   565.1   3804.8
16   6   332.1   297.0   3736.3
16   7   127.9   495.2   3631.0
16   8   174.2   307.6   3879.3
16   9   172.9   111.0   3886.3
16   10   75.8   23.4   3918.8
16   11   75.7   -412.9   3958.0
16   12   63.0   -799.8   3916.0
16   13   278.8   31.1   3906.0
16   14   267.7   -406.5   3921.4
16   15   250.5   -793.5   3958.9
16   16   110.5   438.4   3687.4
16   17   161.9   462.2   3648.5
16   18   168.0   654.8   3829.8
17   0   171.9   776.3   3829.1
17   1   169.5   572.2   3841.1
17   2   17.3   569.2   3869.3
17   3   -44.2   301.7   3832.5
17   4   136.7   476.7   3663.6
17   5   319.6   565.1   3804.7
17   6   336.2   297.4   3736.0
17   7   126.2   489.2   3630.9
17   8   174.2   307.5   3879.3
17   9   172.9   110.7   3886.3
17   10   75.5   23.6   3918.5
17   11   75.7   -413.4   3960.1
17   12   63.0   -799.4   3912.5
17   13   278.8   31.2   3906.0
17   14   267.4   -407.4   3920.8
17   15   250.9   -795.4   3939.8
17   16   106.5   447.5   3691.7
17   17   161.2   457.2   3648.4
17   18   168.0   654.8   3829.2
18   0   171.9   776.3   3828.5
18   1   169.5   572.3   3840.7
18   2   17.4   569.3   3869.2
18   3   -44.1   302.1   3831.5
18   4   130.9   488.9   3669.6
18   5   319.7   565.1   3804.6
18   6   347.0   298.8   3734.9
18   7   124.5   476.3   3631.7
18   8   174.3   307.4   3879.4
18   9   172.9   110.6   3886.3
18   10   75.3   23.8   3918.4
18   11   75.7   -413.2   3959.8
18   12   62.6   -797.9   3904.0
18   13   278.8   31.3   3906.0
18   14   267.5   -407.3   3921.0
18   15   251.3   -795.5   3918.2
18   16   101.8   457.8   3696.6
18   17   161.6   446.7   3648.9
18   18   168.0   654.7   3828.7
19   0   171.9   776.2   3828.1
19   1   169.5   572.3   3840.3
19   2   17.5   569.3   3869.2
19   3   -44.1   302.6   3829.2
19   4   128.4   494.8   3670.8
19   5   319.8   565.0   3804.5
19   6   363.0   302.6   3729.7
19   7   129.9   471.6   3636.3
19   8   174.3   307.4   3879.4
19   9   172.9   110.5   3886.3
19   10   75.3   23.9   3918.3
19   11   75.7   -413.8   3959.4
19   12   61.7   -798.1   3901.4
19   13   278.8   31.4   3905.9
19   14   267.6   -407.9   3921.7
19   15   251.9   -796.2   3913.9
19   16   99.7   462.7   3697.2
19   17   168.8   443.4   3651.8
19   18   168.0   654.7   3828.1
20   0   171.9   776.2   3828.0
20   1   169.5   572.4   3840.0
20   2   17.5   569.4   3869.2
20   3   -48.5   305.3   3821.4
20   4   126.4   498.2   3670.4
20   5   319.9   565.0   3804.4
20   6   380.8   312.2   3713.2
20   7   139.9   477.1   3642.2
20   8   174.3   307.8   3879.6
20   9   172.9   110.8   3886.4
20   10   75.4   25.4   3917.9
20   11   75.8   -413.7   3959.8
20   12   60.9   -798.0   3903.3
20   13   278.5   32.5   3905.8
20   14   267.7   -408.1   3922.9
20   15   253.0   -796.3   3909.7
20   16   97.2   466.1   3695.5
20   17   180.1   449.6   3654.0
20   18   168.0   654.7   3827.7
21   0   171.9   776.1   3828.1
21   1   169.5   572.4   3839.9
21   2   17.5   569.5   3869.2
21   3   -79.7   320.1   3808.9
21   4   119.7   495.8   3672.5
21   5   320.8   566.3   3804.7
21   6   405.7   330.8   3691.6
21   7   158.1   493.1   3644.8
21   8   174.3   309.0   3880.1
21   9   172.9   111.9   3886.5
21   10   75.3   29.2   3917.4
21   11   75.9   -411.2   3959.8
21   12   59.3   -795.4   3904.7
21   13   277.8   35.2   3905.6
21   14   267.8   -406.8   3921.8
21   15   254.4   -795.0   3911.0
21   16   86.5   466.5   3695.2
21   17   199.4   466.0   3652.6
21   18   168.0   654.7   3827.3
22   0   171.9   776.0   3828.5
22   1   169.5   572.5   3840.1
22   2   17.4   569.6   3869.3
22   3   -127.8   358.6   3784.0
22   4   106.2   501.0   3671.1
22   5   322.6   568.6   3808.1
22   6   432.7   360.4   3668.4
22   7   180.9   521.4   3646.9
22   8   174.4   310.9   3880.7
22   9   172.9   113.7   3886.6
22   10   74.7   34.1   3917.0
22   11   75.8   -407.8   3959.4
22   12   57.4   -791.9   3905.9
22   13   277.0   38.4   3905.3
22   14   268.0   -405.2   3921.1
22   15   254.6   -793.2   3916.5
22   16   67.2   477.3   3689.9
22   17   222.9   494.6   3650.5
22   18   168.0   654.7   3827.4
23   0   171.9   776.0   3828.9
23   1   169.6   572.6   3840.5
23   2   17.3   569.6   3869.4
23   3   -167.5   395.2   3773.6
23   4   72.1   530.8   3657.1
23   5   324.3   570.3   3815.6
23   6   456.5   399.1   3648.3
23   7   193.3   535.9   3612.4
23   8   174.4   313.2   3881.1
23   9   172.9   115.9   3886.6
23   10   72.9   39.8   3916.6
23   11   75.6   -403.6   3958.7
23   12   57.1   -787.7   3906.5
23   13   276.3   40.8   3905.1
23   14   268.1   -404.3   3920.8
23   15   254.2   -792.1   3918.0
23   16   32.2   508.2   3676.6
23   17   237.2   513.1   3618.4
23   18   168.0   654.7   3827.7
24   0   172.5   775.9   3829.6
24   1   169.6   572.6   3842.2
24   2   16.8   571.1   3872.8
24   3   -197.0   427.5   3777.6
24   4   3.4   573.0   3618.5
24   5   325.9   572.7   3830.0
24   6   472.4   438.3   3640.5
24   7   221.1   540.8   3535.6
24   8   174.6   315.4   3881.7
24   9   173.1   118.0   3886.5
24   10   72.2   42.6   3915.7
24   11   75.3   -397.7   3957.4
24   12   57.9   -781.8   3907.2
24   13   275.9   41.9   3904.9
24   14   268.3   -400.1   3921.1
24   15   253.6   -787.6   3916.6
24   16   -29.9   548.8   3645.0
24   17   263.0   523.8   3553.1
24   18   168.1   654.7   3829.6
25   0   173.3   775.7   3830.4
25   1   169.7   572.6   3844.6
25   2   15.3   574.7   3877.5
25   3   -229.3   477.9   3801.9
25   4   -89.0   581.1   3575.9
25   5   327.9   576.3   3830.1
25   6   485.8   462.1   3633.6
25   7   321.1   532.0   3428.4
25   8   174.8   317.3   3882.4
25   9   173.4   119.9   3886.3
25   10   72.4   43.8   3915.1
25   11   74.9   -391.7   3956.3
25   12   58.9   -775.9   3908.5
25   13   275.6   42.1   3904.8
25   14   268.4   -394.9   3922.0
25   15   253.7   -782.0   3911.2
25   16   -112.3   563.9   3613.6
25   17   348.3   520.4   3462.6
25   18   168.1   654.7   3832.5
26   0   174.2   775.6   3831.0
26   1   169.8   572.6   3846.8
26   2   13.3   580.0   3881.7
26   3   -250.7   516.1   3844.2
26   4   -181.8   580.9   3572.6
26   5   329.7   580.4   3826.8
26   6   419.3   386.6   3718.0
26   7   338.6   264.7   3600.1
26   8   175.1   319.1   3883.4
26   9   173.8   121.5   3886.4
26   10   73.1   43.5   3914.9
26   11   74.6   -387.0   3955.6
26   12   59.4   -771.3   3909.7
26   13   275.3   41.5   3904.8
26   14   268.4   -390.5   3923.1
26   15   254.4   -777.3   3908.3
26   16   -193.2   570.1   3617.9
26   17   352.2   284.3   3619.7
26   18   168.1   654.7   3834.9
27   0   175.0   775.4   3831.2
27   1   169.9   572.7   3848.8
27   2   10.6   587.7   3884.7
27   3   -262.6   547.2   3869.4
27   4   -259.6   589.1   3577.3
27   5   329.9   582.7   3820.2
27   6   485.0   461.3   3689.5
27   7   482.7   388.0   3475.9
27   8   175.4   321.1   3886.1
27   9   174.3   123.2   3886.7
27   10   74.0   42.5   3914.8
27   11   74.7   -383.5   3955.3
27   12   59.4   -767.7   3910.3
27   13   275.2   40.4   3905.0
27   14   268.4   -387.0   3925.0
27   15   254.9   -773.7   3916.4
27   16   -260.1   582.1   3626.0
27   17   482.9   399.4   3511.5
27   18   168.2   654.7   3836.7
28   0   175.9   775.9   3831.3
28   1   170.1   573.6   3851.0
28   2   8.8   593.6   3886.5
28   3   -266.5   568.6   3863.6
28   4   -353.0   612.0   3581.5
28   5   329.2   584.2   3814.0
28   6   524.1   509.0   3671.2
28   7   591.8   466.1   3411.0
28   8   175.7   323.9   3890.7
28   9   174.6   125.2   3887.3
28   10   74.6   41.4   3915.0
28   11   75.0   -380.6   3957.1
28   12   58.8   -764.3   3911.0
28   13   275.0   39.2   3905.5
28   14   268.4   -384.3   3927.8
28   15   255.3   -770.7   3927.1
28   16   -338.6   604.8   3628.5
28   17   580.4   472.8   3454.4
28   18   168.2   655.4   3838.0
29   0   176.6   777.3   3831.2
29   1   170.2   575.4   3852.7
29   2   7.3   599.3   3886.5
29   3   -264.2   587.6   3838.9
29   4   -434.2   634.4   3593.0
29   5   328.4   585.3   3812.3
29   6   534.9   537.6   3650.6
29   7   676.4   527.7   3390.1
29   8   176.0   327.6   3895.1
29   9   174.7   127.5   3888.0
29   10   74.5   41.0   3915.5
29   11   75.2   -377.7   3960.6
29   12   58.0   -761.0   3913.7
29   13   275.2   38.7   3906.4
29   14   268.3   -381.7   3929.1
29   15   255.7   -767.2   3947.9
29   16   -406.0   626.6   3634.0
29   17   652.9   529.2   3433.5
29   18   168.3   657.0   3838.8
30   0   177.4   780.8   3830.9
30   1   170.3   579.2   3853.8
30   2   6.2   606.0   3885.6
30   3   -261.6   602.1   3820.9
30   4   -489.7   654.6   3616.3
30   5   328.2   588.5   3813.7
30   6   535.0   553.4   3638.3
30   7   727.7   567.6   3393.4
30   8   176.3   332.7   3897.9
30   9   174.8   130.5   3888.7
30   10   74.3   40.6   3916.3
30   11   75.8   -375.6   3961.0
30   12   57.0   -758.5   3913.7
30   13   275.3   38.5   3907.8
30   14   268.9   -379.5   3929.8
30   15   255.9   -764.4   3957.3
30   16   -451.7   645.8   3650.4
30   17   695.7   565.2   3434.2
30   18   168.3   660.7   3839.2
31   0   177.9   787.5   3830.5
31   1   171.6   586.0   3853.8
31   2   7.2   612.8   3883.7
31   3   -259.9   612.7   3817.0
31   4   -522.2   666.7   3647.1
31   5   329.6   597.6   3807.7
31   6   538.9   562.8   3631.1
31   7   758.6   588.5   3401.0
31   8   176.6   339.9   3897.4
31   9   174.8   135.1   3889.2
31   10   74.8   42.1   3916.7
31   11   76.8   -372.0   3962.7
31   12   56.9   -754.6   3915.9
31   13   276.1   41.8   3909.5
31   14   270.1   -374.3   3929.5
31   15   256.1   -758.6   3962.2
31   16   -478.5   657.7   3675.4
31   17   722.0   584.2   3439.3
31   18   169.9   667.4   3839.3
32   0   177.9   795.5   3830.8
32   1   173.5   593.8   3851.6
32   2   9.3   619.5   3880.2
32   3   -259.4   617.8   3823.1
32   4   -534.3   672.0   3672.1
32   5   330.2   604.9   3798.0
32   6   546.0   570.0   3629.4
32   7   780.2   598.6   3414.6
32   8   176.9   348.0   3893.6
32   9   174.8   140.8   3889.2
32   10   76.1   46.9   3916.7
32   11   78.1   -365.4   3964.2
32   12   57.7   -747.8   3917.9
32   13   278.4   51.3   3909.9
32   14   272.0   -363.3   3928.6
32   15   256.6   -747.3   3960.9
32   16   -488.4   663.0   3697.2
32   17   741.2   593.8   3450.4
32   18   172.3   675.3   3837.7
33   0   177.6   802.2   3831.9
33   1   175.6   600.4   3847.4
33   2   12.5   622.6   3876.0
33   3   -258.3   619.2   3833.8
33   4   -538.5   674.4   3699.0
33   5   332.2   608.3   3794.1
33   6   550.9   571.6   3630.5
33   7   793.0   605.4   3430.6
33   8   177.0   354.7   3887.2
33   9   174.8   145.8   3889.1
33   10   77.3   50.9   3917.0
33   11   79.4   -360.3   3962.0
33   12   58.8   -742.6   3918.0
33   13   274.5   51.9   3909.0
33   14   272.1   -361.4   3927.8
33   15   256.7   -745.6   3952.5
33   16   -491.7   665.2   3721.5
33   17   752.7   599.8   3463.9
33   18   175.1   681.9   3834.2
34   0   177.2   805.6   3832.5
34   1   177.2   603.8   3842.2
34   2   14.5   623.8   3872.0
34   3   -257.5   619.2   3840.5
34   4   -541.3   675.6   3723.4
34   5   334.5   608.2   3792.0
34   6   554.2   570.7   3631.1
34   7   801.0   609.0   3444.1
34   8   177.1   358.1   3880.8
34   9   174.7   148.5   3888.1
34   10   79.2   53.7   3917.0
34   11   80.1   -356.6   3960.1
34   12   60.9   -739.3   3921.2
34   13   270.6   52.0   3908.1
34   14   271.6   -360.2   3927.1
34   15   256.6   -744.4   3948.5
34   16   -494.0   666.2   3742.9
34   17   759.9   602.6   3475.3
34   18   177.2   685.3   3829.4
35   0   176.9   806.6   3832.6
35   1   178.2   605.2   3837.3
35   2   15.7   624.1   3869.7
35   3   -257.0   618.8   3845.1
35   4   -539.7   674.0   3733.6
35   5   336.4   606.5   3791.1
35   6   556.5   568.9   3631.7
35   7   802.3   610.8   3449.8
35   8   177.2   359.0   3875.4
35   9   174.7   149.5   3886.5
35   10   79.8   54.8   3916.9
35   11   80.1   -354.6   3960.4
35   12   64.1   -737.7   3928.3
35   13   269.9   52.6   3907.7
35   14   271.2   -358.6   3926.9
35   15   256.5   -742.6   3947.2
35   16   -492.6   664.8   3752.2
35   17   761.4   603.8   3480.1
35   18   178.6   686.7   3824.7
36   0   176.6   806.6   3832.0
36   1   179.0   605.5   3833.6
36   2   16.4   623.6   3868.1
36   3   -256.5   618.0   3848.5
36   4   -539.2   671.8   3744.0
36   5   337.9   603.8   3790.8
36   6   558.2   566.8   3632.3
36   7   800.9   611.0   3451.3
36   8   177.2   358.3   3871.6
36   9   174.7   149.7   3884.2
36   10   79.7   54.8   3916.7
36   11   79.8   -353.7   3960.6
36   12   65.8   -736.6   3928.7
36   13   270.0   52.4   3907.5
36   14   270.8   -358.0   3926.5
36   15   256.5   -741.8   3944.3
36   16   -492.1   662.9   3761.4
36   17   760.4   603.6   3481.5
36   18   179.6   686.9   3821.0
