2   0   147.0   476.7   3635.1
2   1   144.9   305.4   3645.0
2   2   2.5   292.3   3656.2
2   3   28.8   85.4   3530.9
2   4   179.7   301.7   3492.0
2   5   286.0   290.1   3668.3
2   6   266.3   94.7   3524.7
2   7   272.1   -154.0   3620.4
2   8   140.4   72.3   3695.6
2   9   139.5   -97.6   3702.7
2   10   41.5   -176.5   3743.0
2   11   67.7   -537.9   3712.7
2   12   130.6   -861.4   3804.1
2   13   238.1   -178.2   3738.0
2   14   211.2   -538.0   3693.2
2   15   166.2   -855.9   3811.0
2   16   154.6   265.6   3498.5
2   17   271.1   -112.5   3604.4
2   18   146.3   377.0   3629.5
3   0   147.0   478.1   3635.3
3   1   145.3   307.0   3645.3
3   2   3.2   292.9   3655.0
3   3   27.6   84.1   3532.9
3   4   175.6   301.4   3487.4
3   5   286.4   291.3   3663.6
3   6   270.8   90.9   3528.7
3   7   270.7   -159.1   3622.5
3   8   141.8   74.4   3697.4
3   9   140.7   -95.6   3706.6
3   10   44.4   -177.8   3744.7
3   11   76.5   -538.1   3711.6
3   12   133.2   -864.1   3795.6
3   13   237.6   -179.3   3739.8
3   14   211.7   -539.5   3699.4
3   15   163.9   -860.7   3797.2
3   16   151.0   265.2   3495.0
3   17   270.7   -117.4   3606.9
3   18   146.4   378.5   3629.3
4   0   147.3   484.2   3636.7
4   1   146.8   313.2   3646.3
4   2   6.2   296.8   3656.3
4   3   25.0   86.6   3535.8
4   4   169.1   304.2   3474.8
4   5   286.8   296.3   3656.8
4   6   279.2   85.5   3542.0
4   7   268.5   -169.2   3625.2
4   8   146.3   82.4   3702.9
4   9   144.4   -87.9   3717.2
4   10   49.8   -176.1   3747.1
4   11   79.6   -536.0   3706.5
4   12   134.0   -866.3   3762.7
4   13   236.5   -180.0   3743.2
4   14   213.2   -541.0   3707.3
4   15   157.5   -865.1   3750.5
4   16   145.1   267.9   3485.0
4   17   270.3   -126.8   3611.3
4   18   146.9   384.3   3628.8
5   0   148.0   493.2   3638.8
5   1   148.9   321.9   3647.4
5   2   10.7   301.5   3654.9
5   3   21.8   88.7   3538.3
5   4   163.8   306.6   3459.7
5   5   286.2   301.6   3647.3
5   6   288.3   80.5   3552.3
5   7   268.0   -179.6   3629.1
5   8   151.6   93.5   3709.0
5   9   148.3   -77.6   3728.6
5   10   56.7   -174.1   3749.6
5   11   59.1   -532.5   3695.9
5   12   155.4   -853.9   3737.4
5   13   235.1   -179.1   3746.5
5   14   215.7   -540.8   3713.0
5   15   149.5   -868.5   3706.5
5   16   140.1   270.3   3472.8
5   17   271.4   -136.3   3616.3
5   18   148.0   392.6   3628.4
6   0   149.0   499.8   3641.3
6   1   150.8   327.9   3648.1
6   2   14.4   305.5   3654.9
6   3   9.2   91.7   3539.9
6   4   158.3   303.7   3452.8
6   5   286.6   306.3   3644.6
6   6   298.3   83.7   3550.2
6   7   271.4   -178.0   3625.9
6   8   155.0   100.8   3712.6
6   9   150.5   -71.3   3734.4
6   10   59.9   -170.3   3751.1
6   11   60.2   -531.0   3710.3
6   12   175.8   -850.5   3732.4
6   13   236.3   -174.7   3748.4
6   14   218.1   -536.8   3717.2
6   15   142.8   -866.9   3688.3
6   16   133.5   268.4   3467.3
6   17   275.9   -134.4   3613.3
6   18   149.5   398.4   3628.1
7   0   150.0   503.0   3644.2
7   1   152.4   330.6   3648.4
7   2   16.7   308.2   3655.4
7   3   -28.1   102.1   3539.4
7   4   138.4   298.7   3449.7
7   5   288.8   310.5   3643.7
7   6   330.2   97.5   3538.5
7   7   235.5   101.1   3553.4
7   8   156.5   103.7   3713.8
7   9   151.2   -71.2   3734.2
7   10   58.6   -162.1   3751.4
7   11   65.3   -525.7   3726.7
7   12   175.6   -848.8   3719.0
7   13   240.8   -164.4   3749.1
7   14   220.7   -527.8   3718.8
7   15   140.0   -859.7   3707.6
7   16   110.6   265.9   3464.6
7   17   251.4   99.9   3550.9
7   18   151.1   401.0   3628.1
8   0   150.7   504.4   3647.8
8   1   153.5   331.2   3650.4
8   2   18.1   311.5   3662.9
8   3   -73.2   131.7   3535.4
8   4   144.7   263.2   3479.4
8   5   290.6   314.2   3651.9
8   6   361.1   131.9   3515.5
8   7   243.3   235.1   3414.1
8   8   157.0   104.1   3714.0
8   9   150.9   -73.8   3729.6
8   10   56.8   -153.9   3750.7
8   11   68.1   -518.6   3733.9
8   12   168.7   -844.7   3706.3
8   13   243.8   -154.7   3747.9
8   14   224.6   -518.8   3722.5
8   15   150.5   -849.9   3752.6
8   16   108.4   241.2   3488.7
8   17   263.0   217.4   3431.0
8   18   152.4   401.7   3630.7
9   0   151.1   505.3   3652.1
9   1   154.2   330.8   3655.4
9   2   17.5   316.3   3672.6
9   3   -119.5   183.6   3532.2
9   4   -60.0   257.6   3369.5
9   5   292.8   318.4   3662.1
9   6   420.7   169.1   3532.1
9   7   346.0   262.6   3331.6
9   8   157.0   103.3   3714.1
9   9   150.2   -76.7   3723.2
9   10   55.1   -144.7   3749.1
9   11   68.4   -509.7   3736.8
9   12   156.3   -839.4   3691.1
9   13   245.7   -145.1   3743.7
9   14   226.1   -509.5   3724.5
9   15   153.7   -833.4   3804.8
9   16   -69.2   245.4   3396.6
9   17   358.3   247.1   3365.0
9   18   153.3   401.8   3637.1
10   0   151.3   506.0   3654.9
10   1   154.8   330.2   3661.6
10   2   15.1   321.6   3677.5
10   3   -155.0   234.2   3533.2
10   4   -255.3   248.7   3367.2
10   5   294.8   320.0   3663.5
10   6   454.7   219.8   3519.1
10   7   520.7   253.6   3308.6
10   8   156.8   102.8   3714.6
10   9   149.6   -78.5   3718.2
10   10   55.4   -139.4   3745.9
10   11   63.5   -503.9   3728.8
10   12   152.5   -835.5   3708.9
10   13   245.6   -139.2   3737.4
10   14   225.0   -503.3   3719.3
10   15   153.2   -833.3   3776.8
10   16   -238.3   246.3   3394.9
10   17   509.7   248.1   3343.7
10   18   154.2   401.5   3645.0
11   0   151.2   506.5   3655.6
11   1   155.3   329.8   3666.9
11   2   12.3   327.8   3679.1
11   3   -178.3   269.7   3538.8
11   4   -380.9   274.4   3421.6
11   5   295.9   320.8   3659.7
11   6   482.0   258.2   3518.7
11   7   655.1   262.8   3357.4
11   8   156.6   103.4   3715.1
11   9   149.1   -78.5   3714.9
11   10   56.7   -135.7   3741.4
11   11   62.9   -503.7   3730.5
11   12   146.3   -835.4   3694.9
11   13   244.6   -134.9   3730.0
11   14   225.2   -502.3   3713.7
11   15   162.3   -836.9   3721.4
11   16   -347.2   273.6   3441.1
11   17   626.5   262.1   3384.2
11   18   154.9   401.4   3651.7
12   0   151.0   508.0   3650.5
12   1   155.3   330.9   3668.8
12   2   11.0   331.2   3671.2
12   3   -198.5   289.9   3551.2
12   4   -448.5   312.4   3471.2
12   5   296.8   324.6   3651.3
12   6   508.3   275.2   3542.9
12   7   726.0   304.6   3400.4
12   8   155.7   105.8   3713.3
12   9   148.8   -76.8   3713.1
12   10   57.5   -132.8   3736.6
12   11   50.9   -504.0   3722.4
12   12   148.2   -834.1   3691.5
12   13   243.8   -130.8   3725.9
12   14   224.8   -501.7   3711.0
12   15   159.4   -838.6   3688.2
12   16   -406.9   308.6   3484.5
12   17   689.8   299.8   3424.2
12   18   155.2   402.7   3654.6
13   0   150.6   510.8   3641.6
13   1   155.2   333.9   3667.1
13   2   11.7   334.1   3666.6
13   3   -214.3   309.0   3577.5
13   4   -480.3   350.9   3518.0
13   5   296.4   328.4   3646.7
13   6   521.8   289.7   3559.9
13   7   746.7   348.8   3419.1
13   8   154.8   110.2   3709.7
13   9   148.8   -73.1   3712.2
13   10   58.7   -130.8   3734.3
13   11   37.2   -501.2   3710.6
13   12   151.0   -829.7   3696.7
13   13   243.0   -127.8   3723.6
13   14   223.8   -499.2   3708.6
13   15   160.3   -840.4   3681.0
13   16   -436.0   343.9   3528.0
13   17   709.3   339.0   3442.6
13   18   155.3   405.8   3653.4
14   0   150.1   514.2   3633.6
14   1   155.0   337.6   3663.1
14   2   13.6   336.0   3663.7
14   3   -222.4   317.3   3603.5
14   4   -487.1   380.9   3550.6
14   5   295.1   330.9   3643.8
14   6   527.4   301.2   3571.0
14   7   759.1   367.5   3439.4
14   8   154.1   115.4   3706.1
14   9   148.9   -68.9   3711.9
14   10   60.0   -130.1   3733.6
14   11   43.8   -499.7   3705.1
14   12   150.9   -832.0   3711.9
14   13   241.4   -127.7   3723.2
14   14   224.9   -498.2   3709.3
14   15   158.0   -841.2   3689.6
14   16   -443.0   370.3   3559.5
14   17   720.5   356.5   3461.3
14   18   155.4   409.5   3649.2
15   0   149.5   517.5   3628.2
15   1   154.9   341.1   3659.4
15   2   15.6   337.3   3662.4
15   3   -222.1   320.9   3606.8
15   4   -482.6   399.1   3565.0
15   5   293.6   332.7   3643.0
15   6   528.3   307.2   3577.3
15   7   759.7   372.2   3447.2
15   8   153.5   119.9   3703.2
15   9   149.0   -65.7   3711.7
15   10   61.1   -132.6   3733.9
15   11   46.1   -500.5   3701.3
15   12   155.1   -833.7   3716.6
15   13   238.4   -132.9   3724.0
15   14   225.5   -502.2   3712.2
15   15   155.2   -845.2   3684.0
15   16   -439.2   386.0   3571.9
15   17   721.2   361.4   3468.9
15   18   155.4   412.8   3645.1
16   0   149.1   519.8   3625.8
16   1   154.8   343.4   3657.4
16   2   17.1   338.1   3662.0
16   3   -220.2   323.4   3606.4
16   4   -475.3   409.1   3564.6
16   5   292.4   333.9   3645.0
16   6   527.1   311.5   3581.0
16   7   756.3   372.4   3449.7
16   8   153.2   122.8   3701.5
16   9   149.2   -62.3   3711.5
16   10   61.1   -135.3   3734.4
16   11   41.9   -501.0   3696.1
16   12   158.4   -832.6   3729.8
16   13   238.7   -135.4   3725.1
16   14   225.6   -503.3   3715.9
16   15   152.6   -848.5   3696.2
16   16   -432.8   394.9   3571.6
16   17   718.1   362.2   3471.6
16   18   155.3   415.1   3643.1
17   0   148.9   521.1   3625.0
17   1   154.8   344.8   3656.7
17   2   18.1   338.5   3662.0
17   3   -218.1   325.9   3604.1
17   4   -470.2   412.7   3562.7
17   5   291.5   334.8   3649.4
17   6   524.9   315.6   3582.4
17   7   750.4   370.4   3446.7
17   8   153.0   124.4   3700.4
17   9   149.4   -59.6   3711.2
17   10   61.2   -141.6   3734.7
17   11   31.9   -504.6   3691.8
17   12   166.3   -830.6   3739.0
17   13   238.8   -141.2   3726.5
17   14   220.3   -504.6   3688.9
17   15   152.1   -846.6   3732.5
17   16   -428.1   398.2   3569.6
17   17   712.8   361.3   3469.3
17   18   155.3   416.4   3642.4
18   0   148.8   521.8   3625.5
18   1   154.7   345.4   3656.7
18   2   18.7   338.7   3662.2
18   3   -216.4   326.5   3601.9
18   4   -465.4   415.0   3558.1
18   5   290.7   335.4   3656.0
18   6   521.2   317.3   3581.8
18   7   746.4   367.5   3446.7
18   8   152.9   124.9   3699.9
18   9   149.5   -57.6   3710.9
18   10   59.9   -144.6   3735.4
18   11   25.4   -507.6   3690.4
18   12   172.3   -828.2   3745.4
18   13   239.1   -145.7   3728.0
18   14   221.5   -510.8   3698.3
18   15   150.4   -856.6   3729.0
18   16   -423.9   400.3   3565.4
18   17   708.8   359.1   3469.2
18   18   155.3   417.1   3642.6
19   0   148.8   522.3   3628.4
19   1   154.7   345.7   3657.0
19   2   18.9   338.7   3662.5
19   3   -215.2   326.5   3600.5
19   4   -460.2   418.7   3550.2
19   5   290.2   335.6   3659.4
19   6   518.8   317.7   3580.6
19   7   744.4   365.0   3447.2
19   8   152.9   124.9   3699.7
19   9   149.7   -56.3   3710.7
19   10   59.2   -148.9   3735.8
19   11   19.0   -510.8   3689.2
19   12   178.4   -823.0   3751.4
19   13   237.6   -152.8   3729.7
19   14   224.1   -518.5   3723.1
19   15   146.2   -860.1   3700.4
19   16   -419.4   403.3   3558.6
19   17   706.8   357.1   3469.4
19   18   155.3   417.3   3643.1
20   0   148.7   522.8   3634.3
20   1   154.7   345.7   3657.5
20   2   19.0   338.7   3662.7
20   3   -214.2   326.4   3598.8
20   4   -456.8   419.8   3543.8
20   5   290.0   335.5   3661.0
20   6   517.4   317.5   3579.9
20   7   743.6   363.3   3448.1
20   8   152.8   124.4   3699.5
20   9   149.7   -55.5   3710.7
20   10   57.6   -147.0   3736.4
20   11   17.1   -507.8   3689.3
20   12   176.7   -818.7   3752.3
20   13   239.3   -150.9   3730.8
20   14   224.9   -516.3   3729.6
20   15   145.0   -856.1   3681.4
20   16   -416.4   404.2   3553.0
20   17   705.9   355.6   3470.1
20   18   155.3   417.3   3643.8
21   0   148.7   522.9   3641.6
21   1   154.7   345.7   3658.0
21   2   19.1   338.7   3663.2
21   3   -213.1   326.2   3596.8
21   4   -453.5   419.4   3534.9
21   5   289.9   335.3   3661.6
21   6   516.7   317.3   3579.7
21   7   743.0   361.0   3448.6
21   8   152.8   123.7   3699.5
21   9   149.7   -55.3   3711.0
21   10   57.9   -145.8   3736.4
21   11   34.4   -508.0   3704.3
21   12   171.7   -828.9   3742.8
21   13   238.5   -150.2   3731.0
21   14   224.9   -514.9   3731.8
21   15   145.2   -853.3   3677.7
21   16   -413.5   403.9   3545.2
21   17   705.3   353.7   3470.4
21   18   155.3   417.3   3644.6
22   0   148.7   522.8   3647.3
22   1   154.7   345.6   3658.6
22   2   19.1   338.6   3663.6
22   3   -212.1   326.2   3595.0
22   4   -451.0   418.6   3528.1
22   5   289.8   335.1   3661.8
22   6   516.0   317.1   3579.2
22   7   742.8   358.9   3449.1
22   8   152.6   122.8   3699.6
22   9   149.6   -55.2   3711.4
22   10   59.0   -145.8   3736.1
22   11   26.5   -505.5   3696.3
22   12   170.6   -822.9   3736.0
22   13   235.7   -152.2   3730.6
22   14   220.7   -508.5   3679.0
22   15   151.0   -843.1   3705.4
22   16   -411.2   403.2   3539.3
22   17   705.0   351.9   3470.8
22   18   155.3   417.2   3645.5
