2   0   -363.7   702.8   3666.6
2   1   -362.7   541.3   3669.9
2   2   -504.5   520.0   3659.8
2   3   -475.8   323.1   3543.7
2   4   -341.3   536.2   3557.1
2   5   -225.4   528.5   3712.0
2   6   -235.6   358.7   3556.7
2   7   -382.7   563.6   3564.2
2   8   -366.6   340.2   3719.5
2   9   -367.0   180.6   3724.5
2   10   -462.0   91.2   3750.3
2   11   -421.8   -241.2   3670.9
2   12   -411.0   -502.5   3861.7
2   13   -274.9   94.4   3761.6
2   14   -324.3   -241.1   3702.5
2   15   -291.2   -497.1   3897.8
2   16   -363.7   500.7   3554.8
2   17   -358.2   529.5   3562.9
2   18   -361.4   608.7   3653.2
3   0   -363.9   705.7   3667.6
3   1   -363.2   544.4   3670.8
3   2   -503.9   521.6   3657.4
3   3   -476.4   324.5   3541.5
3   4   -338.9   535.5   3551.4
3   5   -225.4   530.8   3708.3
3   6   -231.9   355.0   3561.7
3   7   -377.4   558.4   3554.9
3   8   -366.5   343.5   3722.1
3   9   -366.9   183.7   3727.9
3   10   -461.2   99.0   3749.0
3   11   -426.1   -235.5   3682.2
3   12   -410.3   -503.3   3859.6
3   13   -274.7   102.3   3760.4
3   14   -319.7   -234.4   3716.2
3   15   -292.6   -499.4   3894.1
3   16   -361.9   500.3   3549.7
3   17   -353.1   524.5   3556.0
3   18   -362.1   611.6   3653.7
4   0   -364.3   715.0   3669.9
4   1   -364.7   554.5   3673.7
4   2   -503.3   528.8   3657.3
4   3   -478.7   331.3   3541.5
4   4   -330.5   533.1   3535.6
4   5   -227.5   538.0   3701.8
4   6   -221.0   350.4   3575.5
4   7   -363.8   545.5   3533.4
4   8   -366.2   354.6   3729.6
4   9   -366.8   194.3   3738.0
4   10   -455.7   117.1   3747.5
4   11   -433.8   -220.8   3706.6
4   12   -411.1   -502.2   3855.1
4   13   -278.6   119.5   3760.1
4   14   -311.3   -219.7   3737.0
4   15   -295.5   -500.2   3884.9
4   16   -355.2   499.5   3536.6
4   17   -340.0   513.0   3540.4
4   18   -364.1   621.2   3655.0
5   0   -364.8   726.7   3672.5
5   1   -366.6   567.1   3676.9
5   2   -501.2   536.7   3656.8
5   3   -484.0   338.6   3541.0
5   4   -325.8   532.2   3521.7
5   5   -231.6   546.4   3694.5
5   6   -210.1   347.6   3587.2
5   7   -351.9   534.4   3511.0
5   8   -365.7   368.2   3737.1
5   9   -366.5   206.8   3750.0
5   10   -448.8   132.5   3746.9
5   11   -442.0   -208.6   3729.8
5   12   -411.6   -503.3   3850.4
5   13   -282.7   135.1   3760.1
5   14   -302.8   -206.5   3757.6
5   15   -299.2   -502.8   3874.7
5   16   -352.2   500.0   3524.9
5   17   -328.3   503.3   3523.7
5   18   -366.8   633.5   3656.9
6   0   -365.2   734.2   3674.5
6   1   -368.0   574.4   3678.7
6   2   -499.6   541.5   3656.0
6   3   -488.2   342.5   3540.9
6   4   -324.1   531.3   3513.4
6   5   -234.5   551.9   3689.4
6   6   -204.1   345.8   3594.9
6   7   -344.0   528.1   3497.0
6   8   -365.5   375.1   3740.4
6   9   -366.3   212.6   3756.3
6   10   -447.9   139.5   3745.7
6   11   -447.3   -201.5   3742.7
6   12   -411.9   -504.5   3845.9
6   13   -282.1   141.9   3759.6
6   14   -297.7   -198.7   3771.3
6   15   -302.4   -504.7   3869.8
6   16   -351.5   499.8   3518.0
6   17   -320.7   497.7   3513.4
6   18   -368.8   640.6   3658.2
7   0   -365.3   736.1   3675.7
7   1   -368.8   575.4   3679.2
7   2   -499.3   543.1   3655.1
7   3   -491.0   343.4   3540.8
7   4   -323.6   529.4   3509.9
7   5   -235.6   554.2   3686.8
7   6   -202.2   344.5   3598.2
7   7   -339.8   525.9   3490.4
7   8   -365.4   374.5   3740.7
7   9   -366.2   211.0   3756.3
7   10   -451.7   141.5   3744.4
7   11   -449.6   -196.9   3742.6
7   12   -412.6   -501.7   3844.0
7   13   -278.3   143.8   3758.8
7   14   -295.8   -193.6   3778.8
7   15   -305.7   -503.7   3869.7
7   16   -351.5   498.4   3515.0
7   17   -316.9   495.7   3508.3
7   18   -369.9   641.7   3658.9
8   0   -365.2   734.2   3676.5
8   1   -369.1   572.7   3679.1
8   2   -499.9   542.9   3654.2
8   3   -494.2   342.6   3541.0
8   4   -323.8   525.8   3508.8
8   5   -235.4   554.7   3685.9
8   6   -202.7   343.8   3599.0
8   7   -337.9   526.3   3488.3
8   8   -365.4   369.6   3740.3
8   9   -366.1   205.7   3753.2
8   10   -455.8   142.8   3743.5
8   11   -450.1   -194.8   3739.6
8   12   -412.6   -498.9   3844.1
8   13   -274.9   144.7   3758.2
8   14   -295.6   -191.5   3781.9
8   15   -306.5   -503.1   3870.0
8   16   -352.2   495.3   3514.2
8   17   -315.4   495.9   3506.8
8   18   -370.4   639.0   3659.1
9   0   -365.0   731.3   3676.9
9   1   -369.3   569.0   3679.0
9   2   -500.4   542.2   3653.9
9   3   -495.3   341.4   3541.7
9   4   -324.8   524.3   3508.6
9   5   -235.1   554.7   3686.2
9   6   -204.0   343.6   3599.0
9   7   -337.7   527.0   3487.9
9   8   -365.4   364.3   3740.3
9   9   -366.1   200.3   3749.8
9   10   -458.3   144.1   3743.1
9   11   -450.1   -191.7   3739.6
9   12   -412.1   -496.0   3843.2
9   13   -273.3   145.6   3758.1
9   14   -295.4   -188.7   3782.3
9   15   -306.7   -500.4   3869.7
9   16   -353.2   493.8   3514.1
9   17   -315.4   496.4   3506.4
9   18   -370.5   635.4   3659.2
10   0   -364.8   729.0   3677.1
10   1   -369.3   566.1   3679.0
10   2   -500.4   541.7   3653.6
10   3   -495.6   340.4   3542.6
10   4   -325.8   523.5   3508.8
10   5   -235.1   554.6   3686.4
10   6   -204.5   343.8   3599.1
10   7   -338.0   527.2   3488.4
10   8   -365.3   360.4   3740.6
10   9   -366.1   196.4   3747.4
10   10   -459.0   144.4   3743.0
10   11   -449.9   -189.7   3740.6
10   12   -411.0   -494.3   3842.5
10   13   -272.7   146.9   3758.2
10   14   -295.2   -185.8   3781.5
10   15   -306.8   -497.1   3869.1
10   16   -354.1   493.0   3514.4
10   17   -315.7   496.6   3506.8
10   18   -370.5   632.5   3659.1
11   0   -364.8   727.4   3676.9
11   1   -369.2   564.0   3679.0
11   2   -500.1   541.3   3653.4
11   3   -495.8   339.3   3543.9
11   4   -326.9   522.8   3508.9
11   5   -235.3   554.6   3686.6
11   6   -204.9   344.1   3599.0
11   7   -338.3   527.5   3488.8
11   8   -365.3   357.8   3740.9
11   9   -366.1   193.8   3745.9
11   10   -458.7   144.5   3742.8
11   11   -449.7   -187.7   3742.2
11   12   -409.9   -492.7   3841.7
11   13   -273.0   147.7   3758.2
11   14   -295.1   -183.2   3781.0
11   15   -306.6   -494.2   3868.4
11   16   -355.0   492.2   3514.7
11   17   -316.0   496.9   3507.2
11   18   -370.5   630.3   3659.1
12   0   -364.7   726.4   3676.7
12   1   -369.2   562.7   3679.0
12   2   -499.5   541.2   3653.3
12   3   -495.9   339.0   3544.5
12   4   -327.8   522.8   3508.8
12   5   -235.8   554.7   3686.5
12   6   -205.3   344.6   3598.9
12   7   -338.5   527.7   3489.1
12   8   -365.2   356.7   3741.2
12   9   -366.1   192.4   3745.2
12   10   -458.0   144.5   3742.7
12   11   -449.5   -186.0   3743.9
12   12   -409.8   -491.4   3840.8
12   13   -273.7   147.9   3758.1
12   14   -295.1   -181.2   3780.6
12   15   -306.4   -491.9   3867.8
12   16   -355.8   492.1   3514.8
12   17   -316.3   497.2   3507.4
12   18   -370.5   628.9   3659.0
13   0   -364.7   726.0   3676.3
13   1   -369.2   562.1   3679.0
13   2   -498.6   541.2   3653.3
13   3   -495.9   339.0   3544.8
13   4   -328.7   523.2   3508.6
13   5   -236.5   554.9   3686.4
13   6   -205.3   345.1   3599.0
13   7   -338.7   527.7   3489.2
13   8   -365.2   356.7   3741.3
13   9   -366.1   191.9   3745.1
13   10   -457.1   144.6   3742.6
13   11   -449.4   -184.4   3745.7
13   12   -409.7   -490.3   3839.9
13   13   -274.5   148.3   3757.9
13   14   -295.0   -179.4   3780.2
13   15   -306.2   -489.8   3867.1
13   16   -356.6   492.5   3514.7
13   17   -316.4   497.3   3507.5
13   18   -370.4   628.2   3659.0
14   0   -364.6   725.9   3676.0
14   1   -369.1   561.8   3679.1
14   2   -497.9   541.5   3653.4
14   3   -495.9   339.4   3545.3
14   4   -328.9   523.3   3508.3
14   5   -237.3   555.2   3686.2
14   6   -205.3   345.5   3599.2
14   7   -338.7   527.7   3489.2
14   8   -365.2   357.4   3741.4
14   9   -366.1   192.0   3745.2
14   10   -456.2   144.7   3742.9
14   11   -449.2   -183.1   3746.7
14   12   -409.8   -489.3   3839.0
14   13   -275.2   148.9   3757.7
14   14   -294.9   -177.7   3779.9
14   15   -305.8   -487.9   3866.4
14   16   -356.8   492.6   3514.4
14   17   -316.5   497.3   3507.5
14   18   -370.4   627.9   3658.9
15   0   -364.6   726.0   3675.8
15   1   -369.1   561.8   3679.1
15   2   -497.2   541.9   3653.5
15   3   -495.9   340.0   3545.6
15   4   -328.1   522.5   3507.9
15   5   -238.1   555.5   3686.0
15   6   -205.1   346.0   3599.5
15   7   -338.8   527.5   3489.3
15   8   -365.2   358.5   3741.5
15   9   -366.1   192.6   3745.5
15   10   -455.3   144.9   3743.1
15   11   -449.1   -182.0   3747.7
15   12   -410.0   -488.3   3838.7
15   13   -275.9   149.4   3757.6
15   14   -294.8   -176.3   3779.7
15   15   -305.4   -486.3   3865.7
15   16   -356.0   492.1   3514.2
15   17   -316.5   497.2   3507.7
15   18   -370.4   627.8   3658.9
16   0   -364.5   726.0   3675.7
16   1   -369.1   561.9   3679.2
16   2   -496.5   542.3   3653.6
16   3   -495.9   340.5   3545.9
16   4   -327.6   522.2   3507.7
16   5   -238.8   555.7   3685.8
16   6   -204.8   346.5   3599.8
16   7   -338.9   527.2   3489.5
16   8   -365.2   359.9   3741.5
16   9   -366.0   193.4   3745.7
16   10   -454.4   145.1   3742.6
16   11   -448.9   -181.1   3748.7
16   12   -410.3   -487.3   3838.7
16   13   -276.4   150.0   3756.9
16   14   -294.6   -175.0   3779.6
16   15   -304.6   -484.8   3864.9
16   16   -355.7   491.9   3514.1
16   17   -316.5   497.1   3507.9
16   18   -370.4   627.8   3658.9
17   0   -364.6   726.0   3675.6
17   1   -369.1   562.0   3679.2
17   2   -495.9   542.8   3653.8
17   3   -495.8   341.2   3546.2
17   4   -327.0   521.8   3507.5
17   5   -239.5   555.9   3685.6
17   6   -204.5   347.0   3600.0
17   7   -338.9   527.0   3489.8
17   8   -365.2   361.3   3741.4
17   9   -366.0   194.3   3746.0
17   10   -453.6   145.3   3742.4
17   11   -448.8   -180.4   3749.7
17   12   -410.5   -486.4   3839.2
17   13   -276.8   150.5   3756.0
17   14   -294.5   -174.1   3779.5
17   15   -303.5   -483.7   3864.2
17   16   -355.1   491.7   3513.9
17   17   -316.5   497.0   3508.2
17   18   -370.4   627.8   3658.9
18   0   -364.6   726.1   3675.6
18   1   -369.1   562.2   3679.3
18   2   -495.4   543.1   3653.9
18   3   -495.8   341.7   3546.7
18   4   -326.3   521.1   3507.0
18   5   -240.1   556.1   3685.4
18   6   -204.1   347.4   3600.5
18   7   -338.9   526.6   3490.2
18   8   -365.2   362.7   3741.3
18   9   -366.0   195.2   3746.3
18   10   -452.9   145.6   3742.2
18   11   -448.6   -180.0   3749.6
18   12   -410.6   -485.6   3839.4
18   13   -277.3   150.9   3755.8
18   14   -294.3   -173.5   3779.5
18   15   -301.7   -482.9   3863.6
18   16   -354.6   491.2   3513.6
18   17   -316.4   496.7   3508.5
18   18   -370.4   627.8   3658.9
19   0   -364.7   726.0   3675.5
19   1   -369.1   562.3   3679.3
19   2   -494.9   543.5   3653.9
19   3   -495.9   342.3   3546.9
19   4   -326.0   520.8   3506.8
19   5   -240.7   556.2   3685.2
19   6   -203.7   347.7   3601.1
19   7   -338.7   526.2   3490.6
19   8   -365.2   364.0   3741.1
19   9   -366.0   196.3   3746.5
19   10   -452.3   145.9   3742.2
19   11   -448.6   -180.1   3749.5
19   12   -410.6   -484.9   3840.2
19   13   -277.8   151.4   3755.8
19   14   -294.0   -173.4   3779.5
19   15   -300.1   -482.7   3862.6
19   16   -354.3   491.1   3513.5
19   17   -316.2   496.4   3509.0
19   18   -370.4   627.8   3658.9
20   0   -364.8   724.9   3675.3
20   1   -369.1   562.4   3679.3
20   2   -494.5   543.8   3653.9
20   3   -495.8   343.1   3546.8
20   4   -326.2   521.2   3506.9
20   5   -241.2   556.4   3685.1
20   6   -203.3   348.1   3601.9
20   7   -338.2   525.8   3490.9
20   8   -365.2   365.2   3741.0
20   9   -366.0   197.4   3746.8
20   10   -451.7   146.3   3742.1
20   11   -448.6   -180.5   3749.4
20   12   -410.5   -484.5   3841.4
20   13   -278.2   152.1   3755.7
20   14   -293.8   -173.6   3779.5
20   15   -299.4   -482.9   3860.6
20   16   -354.4   491.5   3513.6
20   17   -315.7   496.2   3509.4
20   18   -370.4   627.8   3658.9
21   0   -364.9   723.5   3675.1
21   1   -369.1   562.6   3679.3
21   2   -494.1   544.1   3653.9
21   3   -495.8   343.8   3546.7
21   4   -326.7   522.0   3507.1
21   5   -241.6   556.7   3685.0
21   6   -202.6   347.7   3605.1
21   7   -336.5   524.0   3491.4
21   8   -365.2   366.4   3740.8
21   9   -366.0   198.6   3747.1
21   10   -451.1   146.7   3741.8
21   11   -448.6   -180.4   3749.3
21   12   -411.0   -480.3   3842.3
21   13   -278.5   152.7   3755.7
21   14   -293.4   -173.3   3779.5
21   15   -302.7   -479.1   3859.6
21   16   -354.9   492.3   3513.7
21   17   -314.2   494.6   3510.4
21   18   -370.4   627.9   3658.9
22   0   -365.0   722.0   3674.8
22   1   -369.1   562.7   3679.3
22   2   -493.7   544.3   3654.0
22   3   -495.9   344.4   3546.9
22   4   -327.9   523.1   3507.4
22   5   -241.9   556.9   3685.0
22   6   -201.8   346.9   3609.4
22   7   -332.9   520.8   3489.9
22   8   -365.2   367.4   3740.6
22   9   -366.0   199.8   3747.4
22   10   -450.6   147.1   3741.8
22   11   -448.6   -180.0   3748.9
22   12   -411.5   -475.3   3841.9
22   13   -278.9   153.0   3755.7
22   14   -293.3   -173.0   3779.6
22   15   -307.4   -474.2   3858.5
22   16   -355.9   493.3   3514.0
22   17   -311.0   491.8   3509.9
22   18   -370.4   627.9   3658.9
23   0   -365.0   720.8   3674.6
23   1   -369.1   562.8   3679.3
23   2   -493.4   544.5   3654.0
23   3   -495.9   344.7   3547.4
23   4   -328.6   523.5   3507.5
23   5   -242.3   557.1   3684.9
23   6   -201.1   346.6   3612.3
23   7   -330.4   516.9   3486.7
23   8   -365.2   368.4   3740.5
23   9   -366.0   201.0   3747.8
23   10   -450.1   147.5   3742.0
23   11   -448.6   -179.5   3748.7
23   12   -412.1   -470.5   3840.8
23   13   -279.3   153.3   3755.8
23   14   -293.2   -172.6   3779.7
23   15   -304.3   -469.8   3857.6
23   16   -356.5   493.7   3514.1
23   17   -308.8   488.5   3507.7
23   18   -370.4   627.9   3658.9
24   0   -365.1   719.8   3674.5
24   1   -369.1   563.0   3679.3
24   2   -493.1   544.7   3654.4
24   3   -495.8   345.0   3548.5
24   4   -329.0   523.3   3507.3
24   5   -242.5   557.2   3684.9
24   6   -200.5   347.2   3612.6
24   7   -329.3   516.5   3485.8
24   8   -365.3   369.2   3740.3
24   9   -366.0   202.2   3748.2
24   10   -449.7   147.8   3742.3
24   11   -448.6   -179.1   3748.6
24   12   -412.5   -466.4   3840.2
24   13   -279.7   153.5   3755.8
24   14   -293.2   -172.3   3779.8
24   15   -301.3   -466.0   3856.5
24   16   -356.8   493.6   3514.2
24   17   -307.8   488.3   3506.9
24   18   -370.4   627.9   3658.9
25   0   -365.1   718.9   3674.4
25   1   -369.1   563.1   3679.3
25   2   -492.9   544.9   3654.9
25   3   -495.8   345.2   3549.8
25   4   -329.2   522.7   3506.9
25   5   -242.8   557.4   3684.8
25   6   -200.0   347.9   3612.7
25   7   -329.4   517.6   3487.9
25   8   -365.3   370.0   3740.2
25   9   -366.0   203.5   3748.6
25   10   -449.3   148.1   3742.6
25   11   -448.6   -178.8   3748.6
25   12   -412.9   -462.9   3840.1
25   13   -280.1   153.6   3755.9
25   14   -293.2   -172.2   3780.0
25   15   -300.3   -462.9   3855.7
25   16   -357.0   493.1   3514.1
25   17   -307.8   489.3   3508.7
25   18   -370.4   627.9   3658.9
26   0   -365.2   718.3   3674.3
26   1   -369.1   563.2   3679.3
26   2   -492.7   545.0   3655.1
26   3   -495.9   345.3   3550.9
26   4   -328.8   521.3   3506.5
26   5   -243.1   557.5   3684.8
26   6   -199.9   348.5   3612.6
26   7   -331.7   518.5   3491.8
26   8   -365.3   370.7   3740.0
26   9   -366.0   204.7   3749.0
26   10   -449.0   148.3   3742.6
26   11   -448.6   -178.6   3748.4
26   12   -413.2   -459.9   3840.3
26   13   -280.3   153.7   3755.9
26   14   -293.2   -172.1   3780.0
26   15   -299.5   -460.4   3855.0
26   16   -356.6   492.0   3513.9
26   17   -309.7   490.2   3511.9
26   18   -370.4   627.9   3658.9
27   0   -365.2   717.8   3674.2
27   1   -369.1   563.4   3679.3
27   2   -492.4   545.2   3655.1
27   3   -496.0   345.9   3551.1
27   4   -328.3   520.7   3506.4
27   5   -243.3   557.7   3684.7
27   6   -199.9   349.2   3612.6
27   7   -332.4   518.2   3492.1
27   8   -365.3   371.2   3739.9
27   9   -366.0   205.8   3749.3
27   10   -448.8   148.3   3742.7
27   11   -448.7   -178.5   3748.3
27   12   -413.3   -457.4   3840.9
27   13   -280.4   153.8   3755.9
27   14   -293.3   -172.0   3780.0
27   15   -299.2   -458.4   3854.5
27   16   -356.3   491.6   3513.9
27   17   -310.4   490.1   3512.2
27   18   -370.4   627.9   3658.9
28   0   -365.2   717.4   3674.2
28   1   -369.1   563.5   3679.3
28   2   -492.3   545.3   3655.0
28   3   -496.0   346.7   3550.5
28   4   -327.9   520.6   3506.4
28   5   -243.5   557.8   3684.7
28   6   -199.9   349.8   3612.5
28   7   -332.3   516.0   3489.0
28   8   -365.3   371.7   3739.8
28   9   -366.0   206.8   3749.7
28   10   -448.7   148.3   3742.7
28   11   -448.6   -178.5   3748.1
28   12   -413.4   -455.6   3840.9
28   13   -280.4   153.7   3755.9
28   14   -293.3   -172.0   3780.2
28   15   -299.1   -456.7   3854.4
28   16   -355.9   491.6   3513.8
28   17   -310.3   488.3   3509.6
28   18   -370.4   627.9   3658.9
29   0   -365.2   717.2   3674.2
29   1   -369.1   563.7   3679.3
29   2   -492.1   545.4   3655.0
29   3   -496.0   347.3   3550.5
29   4   -327.1   519.7   3506.2
29   5   -243.6   557.9   3684.6
29   6   -199.9   350.4   3612.6
29   7   -331.7   510.8   3482.0
29   8   -365.3   372.2   3740.2
29   9   -366.0   207.7   3750.2
29   10   -448.6   148.4   3742.7
29   11   -448.6   -178.3   3747.0
29   12   -413.1   -456.2   3841.4
29   13   -280.4   153.7   3755.9
29   14   -293.3   -171.8   3780.1
29   15   -299.1   -457.2   3857.1
29   16   -355.2   491.0   3513.6
29   17   -309.8   484.0   3503.8
29   18   -370.4   628.0   3658.9
30   0   -365.3   716.9   3674.1
30   1   -369.1   563.9   3679.5
30   2   -491.9   545.5   3655.0
30   3   -496.1   347.8   3550.8
30   4   -326.5   518.6   3505.9
30   5   -243.8   558.0   3684.6
30   6   -199.9   350.9   3612.7
30   7   -330.7   510.4   3480.7
30   8   -365.3   372.7   3740.8
30   9   -366.0   208.5   3750.7
30   10   -448.5   148.5   3742.7
30   11   -448.6   -177.9   3745.5
30   12   -412.6   -457.7   3841.9
30   13   -280.5   153.8   3755.9
30   14   -293.2   -171.5   3780.1
30   15   -299.3   -458.4   3860.7
30   16   -354.7   490.1   3513.4
30   17   -308.9   483.8   3502.7
30   18   -370.4   628.0   3658.9
31   0   -365.3   716.7   3674.1
31   1   -369.1   564.1   3679.7
31   2   -491.8   545.6   3654.8
31   3   -496.3   348.1   3551.1
31   4   -327.2   518.8   3505.9
31   5   -243.9   558.1   3684.6
31   6   -199.8   351.5   3612.7
31   7   -329.6   513.6   3484.0
31   8   -365.3   373.4   3742.0
31   9   -366.0   209.5   3751.4
31   10   -448.5   148.9   3742.7
31   11   -448.6   -177.3   3745.0
31   12   -412.3   -457.8   3841.8
31   13   -280.5   153.9   3756.0
31   14   -293.2   -171.1   3780.1
31   15   -299.4   -458.3   3862.7
31   16   -355.4   490.4   3513.4
31   17   -308.0   486.6   3505.4
31   18   -370.4   628.0   3658.9
32   0   -365.3   716.6   3674.1
32   1   -369.1   564.4   3680.1
32   2   -491.7   545.7   3654.7
32   3   -496.3   348.5   3551.4
32   4   -329.2   520.3   3506.3
32   5   -244.0   558.2   3684.6
32   6   -199.9   352.0   3612.8
32   7   -331.5   510.7   3482.6
32   8   -365.3   374.0   3743.4
32   9   -366.0   210.4   3752.0
32   10   -448.6   149.4   3742.7
32   11   -448.6   -176.6   3745.1
32   12   -412.2   -457.1   3841.2
32   13   -280.5   154.2   3756.2
32   14   -293.2   -170.7   3780.1
32   15   -299.4   -458.4   3860.5
32   16   -357.0   491.7   3513.9
32   17   -309.6   484.3   3504.3
32   18   -370.4   628.0   3658.9
33   0   -365.3   716.6   3674.2
33   1   -369.1   564.7   3680.5
33   2   -491.7   546.1   3654.6
33   3   -496.2   349.1   3551.9
33   4   -332.6   523.8   3507.3
33   5   -244.1   558.5   3684.6
33   6   -200.0   352.8   3613.1
33   7   -332.1   509.2   3481.5
33   8   -365.4   374.8   3745.1
33   9   -366.0   211.4   3752.6
33   10   -448.4   150.3   3742.7
33   11   -448.6   -175.6   3745.4
33   12   -412.3   -455.9   3840.7
33   13   -280.8   154.8   3756.3
33   14   -292.7   -170.1   3780.2
33   15   -299.4   -457.6   3859.2
33   16   -359.9   494.7   3514.8
33   17   -310.1   483.1   3503.4
33   18   -370.4   628.0   3658.9
34   0   -365.4   716.9   3674.4
34   1   -369.2   565.0   3680.9
34   2   -491.9   546.8   3654.7
34   3   -496.2   350.1   3552.4
34   4   -332.2   523.6   3507.3
34   5   -244.1   559.1   3684.6
34   6   -200.1   353.6   3613.5
34   7   -331.9   507.6   3479.6
34   8   -365.5   375.7   3746.7
34   9   -366.0   212.1   3753.1
34   10   -447.9   151.0   3742.7
34   11   -448.7   -175.0   3744.8
34   12   -412.4   -454.6   3840.2
34   13   -281.1   155.5   3756.2
34   14   -292.0   -169.5   3780.3
34   15   -299.4   -456.6   3858.2
34   16   -359.5   494.7   3514.8
34   17   -310.0   482.0   3501.9
34   18   -370.4   628.0   3658.9
35   0   -365.5   717.5   3674.6
35   1   -369.2   565.2   3681.2
35   2   -491.7   547.2   3654.7
35   3   -495.9   351.0   3552.4
35   4   -332.1   523.9   3507.3
35   5   -244.1   559.6   3684.6
35   6   -200.2   354.3   3614.6
35   7   -330.7   505.0   3476.6
35   8   -365.6   376.4   3748.0
35   9   -366.0   212.4   3753.4
35   10   -447.6   151.3   3742.7
35   11   -448.8   -174.7   3743.8
35   12   -412.5   -453.6   3839.6
35   13   -281.4   155.8   3756.1
35   14   -292.1   -169.2   3780.5
35   15   -298.7   -455.9   3857.8
35   16   -359.4   495.1   3514.9
35   17   -308.9   479.9   3499.6
35   18   -370.4   628.1   3658.9
36   0   -365.6   718.4   3674.6
36   1   -369.2   565.5   3681.3
36   2   -491.3   547.3   3654.7
36   3   -495.6   351.5   3552.5
36   4   -332.5   524.4   3507.4
36   5   -244.2   560.2   3684.6
36   6   -200.1   355.0   3615.7
36   7   -330.0   503.3   3475.4
36   8   -365.8   376.6   3748.8
36   9   -366.1   212.2   3753.6
36   10   -447.4   151.4   3742.7
36   11   -448.9   -174.7   3742.6
36   12   -412.6   -452.8   3839.1
36   13   -281.4   155.9   3756.0
36   14   -292.2   -169.1   3780.5
36   15   -298.3   -455.5   3857.3
36   16   -359.7   495.6   3514.9
36   17   -308.4   478.6   3498.8
36   18   -370.4   628.1   3658.9
37   0   -365.6   719.5   3674.6
37   1   -369.2   565.7   3681.4
37   2   -490.9   547.3   3654.9
37   3   -495.5   352.0   3552.8
37   4   -328.8   520.1   3506.1
37   5   -244.4   560.7   3684.6
37   6   -200.0   355.8   3616.7
37   7   -329.8   502.2   3475.2
37   8   -365.8   376.7   3749.3
37   9   -366.0   211.8   3753.7
37   10   -447.3   151.3   3742.7
37   11   -449.1   -174.8   3742.4
37   12   -412.4   -452.5   3837.9
37   13   -281.4   155.9   3755.8
37   14   -292.2   -169.2   3780.1
37   15   -298.1   -454.9   3856.5
37   16   -356.6   492.1   3513.9
37   17   -308.2   477.8   3498.8
37   18   -370.4   628.1   3659.0
38   0   -365.6   720.5   3674.7
38   1   -369.2   565.8   3681.4
38   2   -490.6   547.4   3655.0
38   3   -495.6   352.5   3553.2
38   4   -328.5   519.5   3505.7
38   5   -244.6   561.2   3684.6
38   6   -199.6   355.9   3619.5
38   7   -328.3   500.4   3475.8
38   8   -365.7   376.7   3749.6
38   9   -366.0   211.4   3753.8
38   10   -447.3   151.1   3742.6
38   11   -449.2   -175.2   3742.7
38   12   -412.1   -452.1   3835.2
38   13   -281.4   155.8   3755.7
38   14   -292.2   -169.4   3779.9
38   15   -298.0   -453.7   3855.9
38   16   -356.3   491.7   3513.6
38   17   -306.8   476.3   3499.7
38   18   -370.4   628.2   3659.0
39   0   -365.5   721.3   3674.8
39   1   -369.2   566.0   3681.5
39   2   -490.3   547.6   3655.0
39   3   -495.7   353.0   3553.5
39   4   -331.7   522.5   3506.4
39   5   -244.6   561.7   3684.6
39   6   -199.1   355.8   3623.9
39   7   -326.0   497.7   3476.9
39   8   -365.6   376.9   3749.9
39   9   -366.0   211.1   3753.9
39   10   -447.4   151.1   3742.6
39   11   -449.3   -175.9   3743.8
39   12   -412.0   -451.8   3833.0
39   13   -281.1   156.0   3755.6
39   14   -292.2   -169.9   3779.9
39   15   -298.0   -452.2   3855.6
39   16   -359.1   494.2   3514.3
39   17   -304.8   474.1   3501.4
39   18   -370.4   628.2   3659.0
40   0   -365.5   722.1   3674.9
40   1   -369.2   566.2   3681.5
40   2   -490.0   547.7   3655.0
40   3   -495.7   353.5   3553.9
40   4   -330.6   520.9   3506.0
40   5   -244.7   562.2   3684.7
40   6   -199.1   356.8   3624.1
40   7   -326.0   497.4   3476.9
40   8   -365.5   377.1   3750.0
40   9   -366.0   210.9   3754.0
40   10   -447.5   151.2   3742.6
40   11   -449.5   -177.1   3745.1
40   12   -411.9   -451.5   3833.0
40   13   -280.8   156.5   3755.4
40   14   -292.3   -170.6   3779.9
40   15   -297.9   -451.3   3855.3
40   16   -358.1   493.0   3514.0
40   17   -304.9   474.0   3501.4
40   18   -370.4   628.2   3659.0
41   0   -365.5   722.7   3675.0
41   1   -369.2   566.4   3681.5
41   2   -489.8   547.9   3655.0
41   3   -495.8   354.1   3554.1
41   4   -324.3   513.2   3504.1
41   5   -245.0   562.2   3684.7
41   6   -199.0   357.3   3624.2
41   7   -325.9   497.2   3477.0
41   8   -365.4   377.3   3750.2
41   9   -366.0   210.8   3754.0
41   10   -447.5   151.2   3742.5
41   11   -449.8   -179.8   3747.3
41   12   -411.5   -454.0   3838.0
41   13   -280.6   156.8   3755.4
41   14   -292.4   -173.1   3780.1
41   15   -298.0   -454.4   3855.8
41   16   -352.9   486.7   3512.4
41   17   -304.8   473.9   3501.6
41   18   -370.4   628.3   3659.0
42   0   -365.5   723.1   3675.0
42   1   -369.2   566.6   3681.5
42   2   -489.6   548.0   3655.0
42   3   -496.0   354.5   3554.5
42   4   -321.7   509.5   3503.2
42   5   -245.4   562.0   3684.6
42   6   -198.9   357.6   3624.3
42   7   -325.7   496.9   3477.2
42   8   -365.4   377.5   3750.3
42   9   -366.0   210.8   3754.1
42   10   -447.4   151.1   3742.5
42   11   -450.2   -182.2   3748.6
42   12   -410.8   -457.9   3840.0
42   13   -280.5   156.8   3755.4
42   14   -292.4   -175.4   3780.1
42   15   -298.1   -458.6   3855.8
42   16   -350.7   483.7   3511.7
42   17   -304.6   473.7   3501.8
42   18   -370.4   628.3   3659.0
43   0   -365.4   723.5   3675.1
43   1   -369.2   566.7   3681.5
43   2   -489.5   548.2   3655.0
43   3   -496.4   354.9   3554.9
43   4   -320.5   507.3   3502.8
43   5   -245.6   561.9   3684.6
43   6   -198.9   357.8   3624.6
43   7   -325.4   496.6   3477.4
43   8   -365.4   377.8   3750.4
43   9   -366.0   210.8   3754.2
43   10   -447.4   151.1   3742.5
43   11   -450.4   -182.9   3748.9
43   12   -410.5   -460.3   3837.3
43   13   -280.5   156.9   3755.3
43   14   -292.4   -176.0   3779.7
43   15   -298.1   -460.0   3855.2
43   16   -349.8   481.9   3511.5
43   17   -304.3   473.4   3502.0
43   18   -370.4   628.3   3659.0
44   0   -365.4   723.8   3675.1
44   1   -369.2   566.9   3681.5
44   2   -489.3   548.3   3655.0
44   3   -496.9   355.3   3555.2
44   4   -322.3   508.7   3503.5
44   5   -245.8   561.9   3684.5
44   6   -199.0   358.1   3624.8
44   7   -325.4   496.5   3477.9
44   8   -365.4   378.2   3750.5
44   9   -366.0   210.9   3754.4
44   10   -447.3   151.1   3742.4
44   11   -450.4   -184.5   3749.0
44   12   -409.8   -464.6   3833.2
44   13   -280.4   157.1   3755.2
44   14   -292.4   -177.5   3779.4
44   15   -298.0   -462.9   3854.8
44   16   -351.4   483.2   3512.1
44   17   -304.3   473.5   3502.4
44   18   -370.4   628.4   3659.0
45   0   -365.4   724.1   3675.2
45   1   -369.1   567.0   3681.6
45   2   -489.2   548.4   3655.0
45   3   -497.1   355.6   3555.3
45   4   -328.3   515.5   3505.5
45   5   -246.0   561.9   3684.4
45   6   -199.1   358.6   3624.3
45   7   -325.8   497.3   3478.4
45   8   -365.4   378.7   3750.6
45   9   -366.0   210.9   3754.6
45   10   -447.3   151.1   3742.4
45   11   -450.5   -185.5   3749.4
45   12   -409.2   -466.3   3836.0
45   13   -280.2   157.3   3755.0
45   14   -292.4   -178.3   3779.1
45   15   -298.1   -464.7   3856.4
45   16   -356.4   488.8   3513.8
45   17   -304.7   474.2   3502.7
45   18   -370.4   628.4   3659.0
46   0   -365.4   724.3   3675.2
46   1   -369.1   567.1   3681.6
46   2   -489.1   548.4   3655.0
46   3   -497.2   356.0   3555.3
46   4   -329.1   516.4   3505.9
46   5   -246.1   562.0   3684.4
46   6   -199.2   359.1   3623.6
46   7   -326.4   498.4   3479.0
46   8   -365.4   379.2   3750.6
46   9   -366.0   211.0   3754.9
46   10   -447.1   151.0   3742.4
46   11   -450.4   -185.5   3749.6
46   12   -408.6   -466.3   3840.5
46   13   -280.2   157.5   3754.8
46   14   -292.4   -178.0   3779.7
46   15   -298.4   -465.3   3859.1
46   16   -357.1   489.6   3514.1
46   17   -305.2   475.2   3503.1
46   18   -370.4   628.5   3659.1
47   0   -365.4   724.4   3675.2
47   1   -369.1   567.2   3681.6
47   2   -488.9   548.5   3655.0
47   3   -497.3   356.2   3555.4
47   4   -328.5   515.6   3505.7
47   5   -246.2   562.1   3684.3
47   6   -199.3   359.7   3622.7
47   7   -327.1   499.8   3479.8
47   8   -365.4   379.7   3750.6
47   9   -365.9   211.0   3755.1
47   10   -446.9   150.9   3742.3
47   11   -450.5   -186.9   3750.1
47   12   -406.5   -469.7   3837.6
47   13   -280.2   157.5   3754.5
47   14   -292.3   -179.1   3780.8
47   15   -298.5   -468.5   3856.8
47   16   -356.6   489.1   3514.0
47   17   -305.8   476.4   3503.6
47   18   -370.4   628.5   3659.0
48   0   -365.4   724.5   3675.2
48   1   -369.1   567.3   3681.5
48   2   -488.8   548.6   3655.0
48   3   -497.3   356.5   3555.3
48   4   -328.9   516.1   3505.8
48   5   -246.3   562.2   3684.2
48   6   -199.4   360.2   3621.5
48   7   -328.2   501.4   3480.9
48   8   -365.4   380.1   3750.5
48   9   -365.9   211.1   3755.2
48   10   -446.8   150.8   3742.3
48   11   -450.5   -188.8   3750.9
48   12   -404.4   -471.2   3841.7
48   13   -280.2   157.5   3754.2
48   14   -292.3   -180.7   3783.6
48   15   -298.6   -472.2   3854.8
48   16   -357.0   489.5   3514.0
48   17   -306.7   477.9   3504.3
48   18   -370.4   628.5   3658.9
49   0   -365.4   724.6   3675.2
49   1   -369.1   567.4   3681.4
49   2   -488.7   548.6   3655.0
49   3   -497.4   356.7   3555.3
49   4   -330.7   518.1   3506.3
49   5   -246.4   562.2   3684.1
49   6   -199.5   360.5   3621.2
49   7   -329.5   501.5   3481.7
49   8   -365.3   380.4   3750.4
49   9   -365.9   211.1   3755.4
49   10   -446.6   150.6   3742.3
49   11   -450.6   -190.7   3752.0
49   12   -402.1   -473.7   3841.8
49   13   -280.3   157.5   3754.1
49   14   -292.3   -182.3   3784.9
49   15   -298.9   -474.3   3857.1
49   16   -358.5   491.2   3514.5
49   17   -307.8   478.0   3505.0
49   18   -370.4   628.6   3658.9
50   0   -365.4   724.7   3675.2
50   1   -369.1   567.5   3681.4
50   2   -488.6   548.7   3654.9
50   3   -497.5   356.8   3555.4
50   4   -332.5   519.8   3506.8
50   5   -246.4   562.2   3683.4
50   6   -199.5   360.5   3620.8
50   7   -329.8   501.5   3481.9
50   8   -365.3   380.7   3750.3
50   9   -365.9   211.2   3755.5
50   10   -446.4   150.5   3742.2
50   11   -450.7   -192.2   3752.5
50   12   -401.1   -476.8   3838.4
50   13   -280.3   157.5   3754.0
50   14   -292.3   -183.8   3785.2
50   15   -298.9   -476.6   3856.3
50   16   -360.0   492.6   3514.9
50   17   -308.1   478.0   3505.0
50   18   -370.4   628.6   3658.9
51   0   -365.4   724.8   3675.2
51   1   -369.1   567.6   3681.4
51   2   -488.5   548.7   3654.8
51   3   -497.8   356.9   3555.5
51   4   -332.9   519.8   3506.9
51   5   -246.4   562.2   3683.0
51   6   -199.5   360.5   3620.8
51   7   -329.4   501.5   3481.6
51   8   -365.3   381.0   3750.2
51   9   -365.9   211.2   3755.6
51   10   -446.2   150.4   3742.1
51   11   -450.8   -193.3   3752.6
51   12   -400.6   -480.5   3830.6
51   13   -280.4   157.5   3753.9
51   14   -292.2   -184.8   3785.0
51   15   -299.0   -478.2   3855.8
51   16   -360.3   492.7   3515.0
51   17   -307.7   478.0   3504.8
51   18   -370.3   628.7   3658.8
52   0   -365.4   724.8   3675.2
52   1   -369.1   567.6   3681.3
52   2   -488.4   548.8   3654.8
52   3   -498.4   357.0   3555.5
52   4   -331.0   517.1   3506.3
52   5   -246.4   562.2   3682.8
52   6   -199.5   360.5   3620.8
52   7   -328.6   501.4   3481.0
52   8   -365.3   381.2   3750.2
52   9   -365.9   211.3   3755.6
52   10   -446.2   150.5   3742.0
52   11   -450.8   -193.9   3752.5
52   12   -400.2   -482.9   3824.6
52   13   -280.5   157.5   3753.9
52   14   -292.2   -185.5   3784.3
52   15   -299.2   -479.1   3855.6
52   16   -358.9   490.5   3514.5
52   17   -307.1   478.0   3504.3
52   18   -370.3   628.7   3658.8
53   0   -365.4   724.9   3675.2
53   1   -369.1   567.7   3681.3
53   2   -488.3   548.8   3654.5
53   3   -499.1   357.0   3555.5
53   4   -329.0   514.0   3505.7
53   5   -246.4   562.3   3682.7
53   6   -199.5   360.6   3620.9
53   7   -327.3   501.3   3479.8
53   8   -365.3   381.4   3750.1
53   9   -365.9   211.3   3755.7
53   10   -446.1   150.6   3742.0
53   11   -450.9   -194.0   3752.5
53   12   -400.2   -481.7   3830.1
53   13   -280.6   157.4   3753.9
53   14   -292.0   -185.8   3783.7
53   15   -299.3   -479.5   3855.5
53   16   -357.4   487.8   3514.0
53   17   -306.0   477.9   3503.3
53   18   -370.3   628.8   3658.8
54   0   -365.4   724.9   3675.2
54   1   -369.1   567.8   3681.3
54   2   -488.2   548.9   3654.1
54   3   -499.4   357.0   3555.5
54   4   -328.8   513.3   3505.7
54   5   -246.5   562.3   3682.6
54   6   -199.5   360.7   3620.9
54   7   -326.4   501.0   3478.7
54   8   -365.3   381.5   3750.1
54   9   -365.8   211.4   3755.7
54   10   -446.0   150.7   3741.8
54   11   -450.9   -193.5   3752.5
54   12   -399.9   -479.6   3836.7
54   13   -280.7   157.3   3753.9
54   14   -291.7   -185.6   3782.7
54   15   -299.4   -479.3   3855.3
54   16   -357.3   487.2   3514.0
54   17   -305.3   477.6   3502.4
54   18   -370.3   628.8   3658.8
55   0   -365.4   724.9   3675.1
55   1   -369.0   567.8   3681.3
55   2   -488.1   548.9   3654.0
55   3   -499.6   357.0   3555.5
55   4   -328.8   513.0   3505.7
55   5   -246.5   562.3   3682.6
55   6   -199.5   360.7   3621.0
55   7   -325.8   500.4   3477.7
55   8   -365.3   381.6   3750.0
55   9   -365.8   211.4   3755.7
55   10   -445.8   150.8   3741.5
55   11   -450.9   -192.0   3752.5
55   12   -399.9   -478.9   3831.4
55   13   -280.8   157.3   3753.9
55   14   -291.4   -184.5   3781.1
55   15   -300.1   -477.3   3854.7
55   16   -357.2   487.0   3514.0
55   17   -304.7   477.1   3501.6
55   18   -370.3   628.9   3658.8
56   0   -365.4   725.0   3675.1
56   1   -369.0   567.9   3681.3
56   2   -488.0   548.9   3653.9
56   3   -499.6   357.0   3555.6
56   4   -328.9   513.0   3505.7
56   5   -246.5   562.3   3682.6
56   6   -199.4   360.8   3621.0
56   7   -325.3   499.6   3476.6
56   8   -365.3   381.7   3750.0
56   9   -365.8   211.5   3755.7
56   10   -445.7   150.9   3741.1
56   11   -450.9   -190.2   3752.5
56   12   -400.6   -475.5   3834.2
56   13   -281.0   157.1   3753.9
56   14   -291.0   -183.0   3780.2
56   15   -300.8   -474.7   3854.1
56   16   -357.3   487.0   3514.0
56   17   -304.4   476.4   3500.6
56   18   -370.2   628.9   3658.8
57   0   -365.4   725.0   3675.1
57   1   -369.0   568.0   3681.3
57   2   -488.0   549.0   3653.8
57   3   -499.6   357.0   3555.6
57   4   -329.0   513.1   3505.7
57   5   -246.6   562.3   3682.5
57   6   -199.4   360.8   3620.9
57   7   -324.9   498.8   3475.4
57   8   -365.3   381.8   3749.9
57   9   -365.8   211.5   3755.7
57   10   -445.4   150.7   3741.6
57   11   -450.7   -190.3   3752.3
57   12   -400.8   -475.0   3835.7
57   13   -281.2   157.0   3753.9
57   14   -290.5   -183.0   3781.3
57   15   -300.9   -474.6   3854.4
57   16   -357.5   487.1   3514.0
57   17   -303.9   475.8   3499.6
57   18   -370.2   629.0   3658.8
58   0   -365.4   725.0   3675.0
58   1   -369.0   568.0   3681.3
58   2   -487.9   549.0   3653.8
58   3   -499.7   357.1   3555.7
58   4   -329.5   513.5   3505.8
58   5   -246.6   562.4   3682.4
58   6   -199.4   360.8   3621.2
58   7   -323.8   496.8   3473.0
58   8   -365.3   381.9   3749.9
58   9   -365.7   211.6   3755.8
58   10   -445.2   150.7   3741.8
58   11   -450.7   -191.0   3752.4
58   12   -400.6   -476.2   3834.5
58   13   -281.5   156.9   3753.9
58   14   -290.0   -183.6   3783.4
58   15   -301.3   -475.8   3855.2
58   16   -357.8   487.5   3514.2
58   17   -303.0   474.1   3497.7
58   18   -370.2   629.0   3658.8
59   0   -365.4   725.1   3675.0
59   1   -369.0   568.1   3681.3
59   2   -487.8   549.1   3653.8
59   3   -499.8   357.2   3555.7
59   4   -330.0   514.0   3506.0
59   5   -246.6   562.4   3682.5
59   6   -199.3   360.8   3621.6
59   7   -322.9   496.1   3472.2
59   8   -365.3   382.0   3749.9
59   9   -365.7   211.6   3755.8
59   10   -445.0   150.8   3741.9
59   11   -450.7   -191.6   3752.5
59   12   -400.5   -477.3   3834.1
59   13   -281.6   157.0   3753.9
59   14   -290.0   -184.2   3783.5
59   15   -301.7   -476.6   3855.8
59   16   -358.3   487.9   3514.3
59   17   -302.3   473.6   3497.1
59   18   -370.2   629.1   3658.8
60   0   -365.4   725.1   3674.9
60   1   -368.9   568.2   3681.3
60   2   -487.8   549.1   3653.8
60   3   -500.1   357.3   3555.7
60   4   -330.1   513.9   3506.1
60   5   -246.6   562.4   3682.5
60   6   -199.3   360.8   3621.7
60   7   -322.4   495.9   3471.8
60   8   -365.3   382.1   3749.8
60   9   -365.7   211.7   3755.8
60   10   -444.9   150.8   3742.0
60   11   -450.7   -192.0   3752.7
60   12   -400.3   -478.0   3834.7
60   13   -281.7   157.0   3753.9
60   14   -289.7   -184.7   3782.6
60   15   -302.0   -476.8   3857.0
60   16   -358.5   487.8   3514.3
60   17   -301.9   473.4   3496.8
60   18   -370.1   629.2   3658.8
61   0   -365.4   725.1   3674.9
61   1   -368.9   568.3   3681.2
61   2   -487.7   549.1   3653.9
61   3   -500.5   357.5   3555.6
61   4   -330.0   513.4   3506.1
61   5   -246.6   562.4   3682.5
61   6   -199.3   360.8   3621.8
61   7   -322.2   495.4   3471.4
61   8   -365.3   382.2   3749.8
61   9   -365.7   211.8   3755.8
61   10   -444.6   150.6   3742.1
61   11   -450.7   -192.5   3752.8
61   12   -400.2   -478.1   3836.9
61   13   -281.8   157.1   3753.9
61   14   -289.6   -184.9   3783.1
61   15   -302.2   -476.9   3859.0
61   16   -358.4   487.4   3514.3
61   17   -301.7   473.0   3496.5
61   18   -370.1   629.3   3658.8
62   0   -365.4   725.1   3674.8
62   1   -368.9   568.4   3681.2
62   2   -487.7   549.2   3653.9
62   3   -500.9   357.7   3555.4
62   4   -329.9   513.2   3506.1
62   5   -246.6   562.4   3682.5
62   6   -199.2   360.9   3621.9
62   7   -322.3   494.9   3471.1
62   8   -365.3   382.3   3749.8
62   9   -365.7   211.9   3755.8
62   10   -444.4   150.6   3742.1
62   11   -450.7   -192.7   3752.9
62   12   -400.2   -477.7   3840.0
62   13   -281.9   157.2   3753.9
62   14   -289.1   -185.1   3783.0
62   15   -301.9   -477.6   3857.7
62   16   -358.4   487.3   3514.3
62   17   -301.8   472.6   3496.3
62   18   -370.1   629.3   3658.8
63   0   -365.4   725.2   3674.7
63   1   -368.9   568.5   3681.2
63   2   -487.6   549.2   3653.9
63   3   -501.7   357.8   3555.4
63   4   -330.4   513.1   3506.3
63   5   -246.6   562.4   3682.5
63   6   -199.2   360.9   3621.9
63   7   -322.2   494.9   3471.1
63   8   -365.3   382.4   3749.7
63   9   -365.6   212.0   3755.8
63   10   -444.3   150.6   3742.1
63   11   -450.8   -192.8   3752.9
63   12   -400.3   -478.6   3839.2
63   13   -282.0   157.2   3753.8
63   14   -289.0   -185.1   3783.2
63   15   -301.3   -479.1   3854.8
63   16   -358.9   487.2   3514.5
63   17   -301.7   472.6   3496.2
63   18   -370.0   629.4   3658.8
64   0   -365.4   725.2   3674.7
64   1   -368.8   568.6   3681.2
64   2   -487.6   549.2   3653.9
64   3   -502.5   357.9   3555.4
64   4   -331.1   513.1   3506.6
64   5   -246.6   562.4   3682.5
64   6   -199.1   361.0   3621.8
64   7   -322.1   495.3   3471.2
64   8   -365.3   382.5   3749.7
64   9   -365.6   212.0   3755.8
64   10   -444.2   150.7   3742.0
64   11   -450.8   -192.8   3752.9
64   12   -400.7   -480.3   3834.3
64   13   -282.1   157.2   3753.7
64   14   -288.9   -185.2   3783.1
64   15   -301.5   -479.3   3855.5
64   16   -359.7   487.2   3514.8
64   17   -301.6   472.9   3496.3
64   18   -370.0   629.5   3658.8
65   0   -365.4   725.2   3674.7
65   1   -368.8   568.6   3681.2
65   2   -487.5   549.2   3653.9
65   3   -502.5   357.9   3555.4
65   4   -331.6   513.7   3506.8
65   5   -246.6   562.4   3682.5
65   6   -198.4   361.1   3621.7
65   7   -321.4   495.1   3470.9
65   8   -365.3   382.6   3749.7
65   9   -365.6   212.1   3755.8
65   10   -444.1   150.8   3741.9
65   11   -450.8   -193.3   3752.8
65   12   -401.0   -481.9   3831.1
65   13   -282.2   157.2   3753.7
65   14   -288.7   -185.9   3782.5
65   15   -302.1   -479.9   3855.4
65   16   -360.1   487.7   3514.9
65   17   -300.9   472.7   3496.0
65   18   -370.0   629.6   3658.8
66   0   -365.4   725.3   3674.7
66   1   -368.8   568.7   3681.7
66   2   -487.5   549.3   3653.9
66   3   -502.9   358.2   3555.0
66   4   -332.0   513.7   3505.7
66   5   -246.5   562.3   3682.5
66   6   -195.6   361.9   3621.6
66   7   -321.4   494.1   3471.6
66   8   -365.3   382.4   3749.7
66   9   -365.6   212.0   3755.8
66   10   -444.0   150.9   3741.7
66   11   -450.7   -194.2   3752.8
66   12   -401.6   -486.4   3824.1
66   13   -282.3   157.2   3753.6
66   14   -288.7   -186.9   3782.8
66   15   -302.2   -483.5   3851.5
66   16   -360.5   487.8   3513.9
66   17   -300.4   472.0   3496.6
66   18   -369.9   629.7   3659.4
67   0   -365.3   725.6   3674.9
67   1   -368.8   568.6   3684.0
67   2   -487.5   549.3   3659.2
67   3   -507.4   361.8   3554.8
67   4   -341.5   519.4   3496.7
67   5   -246.2   562.2   3682.9
67   6   -183.1   365.7   3621.2
67   7   -321.3   489.8   3475.9
67   8   -365.3   381.7   3750.1
67   9   -365.6   211.3   3755.9
67   10   -443.9   151.1   3741.5
67   11   -450.8   -194.5   3752.9
67   12   -402.3   -488.6   3818.7
67   13   -282.4   157.4   3753.6
67   14   -288.8   -187.2   3783.2
67   15   -303.8   -484.2   3852.2
67   16   -369.2   493.1   3506.4
67   17   -298.3   469.1   3500.1
67   18   -369.9   629.8   3662.4
68   0   -365.3   725.8   3675.1
68   1   -368.7   568.3   3687.3
68   2   -487.5   549.4   3668.6
68   3   -519.5   372.0   3553.5
68   4   -327.9   498.1   3531.0
68   5   -245.7   561.9   3683.3
68   6   -150.3   385.2   3615.8
68   7   -316.0   482.4   3483.1
68   8   -365.3   380.7   3750.6
68   9   -365.6   210.3   3755.9
68   10   -443.9   151.5   3741.1
68   11   -450.8   -194.4   3753.0
68   12   -403.2   -490.5   3813.7
68   13   -282.4   157.6   3753.6
68   14   -288.8   -187.3   3783.1
68   15   -305.8   -485.2   3850.7
68   16   -359.8   477.0   3534.8
68   17   -288.4   466.2   3505.2
68   18   -369.9   629.9   3666.5
69   0   -365.3   725.9   3675.3
69   1   -368.7   568.0   3691.3
69   2   -487.4   549.6   3678.6
69   3   -536.2   389.2   3547.6
69   4   -323.9   470.4   3565.7
69   5   -245.3   561.7   3684.1
69   6   -115.1   420.8   3600.8
69   7   -290.5   488.0   3461.3
69   8   -365.3   379.7   3751.1
69   9   -365.6   209.3   3756.0
69   10   -443.9   151.9   3740.7
69   11   -450.7   -194.4   3753.0
69   12   -404.0   -491.5   3809.8
69   13   -282.5   157.9   3753.5
69   14   -288.8   -187.5   3782.9
69   15   -310.3   -485.2   3850.1
69   16   -359.3   456.8   3562.7
69   17   -261.2   476.8   3484.6
69   18   -369.8   629.9   3671.7
70   0   -365.3   726.0   3675.5
70   1   -368.7   568.1   3695.4
70   2   -487.3   549.7   3682.5
70   3   -525.3   367.9   3587.6
70   4   -312.8   450.4   3566.3
70   5   -245.2   561.7   3688.2
70   6   -72.9   460.8   3655.2
70   7   -166.6   500.8   3464.7
70   8   -365.3   379.2   3751.6
70   9   -365.6   208.8   3756.0
70   10   -444.0   152.4   3740.4
70   11   -450.7   -194.6   3753.1
70   12   -404.4   -492.9   3809.2
70   13   -282.5   158.2   3753.5
70   14   -288.9   -187.8   3782.7
70   15   -311.2   -487.0   3848.0
70   16   -348.1   436.6   3569.9
70   17   -151.1   494.1   3496.4
70   18   -369.8   630.3   3676.9
71   0   -365.3   726.2   3675.7
71   1   -368.6   568.4   3698.5
71   2   -487.2   549.9   3681.9
71   3   -526.4   357.0   3605.8
71   4   -355.6   483.9   3540.3
71   5   -245.4   561.8   3693.2
71   6   -45.7   505.5   3680.1
71   7   -13.5   528.0   3481.5
71   8   -365.3   379.4   3752.0
71   9   -365.6   209.0   3756.0
71   10   -444.1   153.0   3740.3
71   11   -450.7   -194.9   3753.2
71   12   -404.1   -491.7   3812.4
71   13   -282.5   158.5   3753.5
71   14   -288.9   -188.4   3782.6
71   15   -310.3   -486.6   3848.9
71   16   -384.0   462.7   3551.2
71   17   -18.9   524.3   3514.6
71   18   -369.8   630.9   3680.9
72   0   -365.3   727.5   3675.8
72   1   -368.6   570.2   3700.4
72   2   -486.7   550.9   3681.2
72   3   -598.6   441.7   3582.5
72   4   -626.7   507.9   3467.9
72   5   -245.6   563.1   3695.4
72   6   -35.2   540.7   3668.8
72   7   102.7   560.1   3511.4
72   8   -365.3   381.0   3752.1
72   9   -365.6   210.8   3756.0
72   10   -444.4   153.7   3740.3
72   11   -450.8   -194.8   3753.3
72   12   -403.4   -488.4   3815.2
72   13   -282.4   158.9   3753.5
72   14   -288.9   -188.6   3782.5
72   15   -309.9   -483.9   3850.6
72   16   -621.7   496.9   3487.0
72   17   79.8   556.9   3537.6
72   18   -369.7   632.9   3683.3
73   0   -365.1   729.7   3675.7
73   1   -368.6   573.6   3700.2
73   2   -485.9   552.7   3679.9
73   3   -636.7   494.4   3566.4
73   4   -778.9   542.9   3451.0
73   5   -245.2   566.5   3695.8
73   6   -31.8   559.4   3659.0
73   7   147.3   618.7   3529.0
73   8   -365.4   383.9   3751.8
73   9   -365.6   213.7   3755.9
73   10   -444.9   154.9   3740.4
73   11   -450.8   -194.2   3753.2
73   12   -404.8   -486.5   3813.9
73   13   -282.3   159.5   3753.7
73   14   -288.9   -188.6   3782.5
73   15   -309.0   -482.3   3850.2
73   16   -755.2   534.9   3470.3
73   17   117.5   608.9   3550.7
73   18   -369.6   636.3   3683.1
74   0   -365.0   733.3   3675.1
74   1   -368.5   577.7   3698.1
74   2   -485.2   555.2   3678.4
74   3   -662.9   539.3   3568.2
74   4   -851.4   563.9   3440.3
74   5   -243.9   572.2   3695.2
74   6   -28.4   569.7   3659.3
74   7   184.7   632.1   3572.2
74   8   -365.4   387.0   3751.4
74   9   -365.6   216.9   3755.8
74   10   -445.8   156.9   3740.5
74   11   -450.8   -193.0   3753.2
74   12   -404.2   -481.5   3814.9
74   13   -282.0   160.6   3753.9
74   14   -288.9   -188.3   3782.6
74   15   -308.5   -477.8   3853.3
74   16   -820.0   559.8   3461.6
74   17   149.2   621.7   3586.8
74   18   -369.5   640.3   3680.7
75   0   -364.8   736.8   3674.5
75   1   -368.3   581.3   3694.8
75   2   -485.5   558.7   3674.4
75   3   -674.4   547.2   3566.6
75   4   -892.7   576.4   3464.9
75   5   -243.2   576.4   3694.2
75   6   -26.1   572.1   3670.4
75   7   194.9   628.9   3585.4
75   8   -365.4   389.4   3751.1
75   9   -365.6   219.3   3755.7
75   10   -446.0   157.8   3740.7
75   11   -450.9   -192.8   3753.1
75   12   -404.7   -481.1   3814.3
75   13   -281.7   161.9   3754.2
75   14   -288.9   -187.7   3782.6
75   15   -307.2   -478.2   3848.1
75   16   -856.3   571.5   3481.8
75   17   158.1   619.4   3599.6
75   18   -369.3   643.6   3676.5
76   0   -364.7   739.2   3673.9
76   1   -368.2   583.8   3691.7
76   2   -486.2   561.8   3671.8
76   3   -679.9   546.8   3568.9
76   4   -901.7   578.7   3471.0
76   5   -243.1   578.6   3693.5
76   6   -25.7   570.9   3681.5
76   7   194.6   615.7   3594.8
76   8   -365.4   390.4   3751.1
76   9   -365.6   220.4   3755.7
76   10   -446.0   158.4   3740.8
76   11   -451.1   -192.8   3753.1
76   12   -403.1   -480.9   3816.4
76   13   -281.3   163.5   3754.5
76   14   -288.8   -186.9   3782.5
76   15   -307.0   -478.8   3843.6
76   16   -864.8   573.4   3487.3
76   17   157.9   608.3   3609.2
76   18   -369.0   645.9   3672.7
77   0   -364.7   740.7   3673.0
77   1   -367.9   585.2   3690.0
77   2   -486.5   563.2   3671.4
77   3   -680.7   543.1   3571.3
77   4   -896.7   573.6   3468.0
77   5   -243.0   579.5   3693.2
77   6   -26.0   568.3   3688.0
77   7   192.0   601.4   3599.5
77   8   -365.4   390.3   3751.6
77   9   -365.6   220.3   3755.8
77   10   -445.7   158.8   3740.8
77   11   -451.4   -193.0   3753.1
77   12   -402.7   -480.1   3817.2
77   13   -281.3   164.2   3754.9
77   14   -288.8   -186.7   3782.5
77   15   -307.0   -478.0   3843.3
77   16   -860.8   568.6   3485.2
77   17   155.7   595.9   3614.2
77   18   -368.7   647.1   3670.4
78   0   -364.7   741.5   3672.1
78   1   -367.7   585.8   3689.4
78   2   -486.5   563.6   3672.1
78   3   -679.4   538.5   3572.7
78   4   -892.0   567.4   3468.8
78   5   -242.8   579.5   3693.2
78   6   -26.4   564.3   3693.1
78   7   185.2   594.7   3594.6
78   8   -365.4   389.6   3752.4
78   9   -365.6   219.6   3755.9
78   10   -445.5   159.0   3740.8
78   11   -451.6   -193.2   3753.1
78   12   -402.4   -479.7   3818.1
78   13   -281.5   164.6   3755.0
78   14   -288.8   -186.8   3782.4
78   15   -306.7   -478.2   3841.5
78   16   -856.6   562.6   3486.1
78   17   149.9   589.7   3611.0
78   18   -368.5   647.7   3669.5
79   0   -364.8   741.9   3671.7
79   1   -367.5   586.1   3689.3
79   2   -486.4   563.6   3672.7
79   3   -677.6   534.4   3573.2
79   4   -885.5   563.1   3469.6
79   5   -242.5   579.1   3693.3
79   6   -26.8   559.9   3697.2
79   7   179.4   592.3   3595.7
79   8   -365.3   388.8   3753.3
79   9   -365.6   218.7   3755.9
79   10   -445.2   159.2   3740.7
79   11   -451.8   -193.4   3753.1
79   12   -402.2   -480.8   3818.6
79   13   -281.7   164.7   3755.0
79   14   -288.7   -187.0   3782.4
79   15   -306.2   -480.3   3837.4
79   16   -850.8   558.3   3486.9
79   17   145.0   586.9   3612.6
79   18   -368.2   647.9   3669.3
80   0   -364.8   742.1   3671.4
80   1   -367.3   586.2   3689.5
80   2   -486.4   563.3   3672.7
80   3   -676.5   531.8   3573.3
80   4   -879.7   560.9   3470.1
80   5   -242.0   578.6   3693.4
80   6   -26.9   555.8   3698.4
80   7   174.9   592.0   3597.2
80   8   -365.3   388.0   3753.9
80   9   -365.6   217.8   3756.0
80   10   -445.0   159.4   3740.6
80   11   -451.9   -193.5   3753.1
80   12   -402.1   -482.1   3818.8
80   13   -282.0   164.8   3755.0
80   14   -288.7   -187.2   3782.4
80   15   -305.7   -482.5   3833.6
80   16   -845.8   556.1   3487.3
80   17   141.3   586.0   3614.1
80   18   -367.9   647.9   3669.4
81   0   -364.9   742.2   3671.3
81   1   -367.0   586.1   3689.7
81   2   -486.5   563.2   3672.2
81   3   -675.9   530.4   3572.9
81   4   -875.4   560.0   3470.8
81   5   -241.4   578.2   3693.6
81   6   -26.8   553.5   3698.7
81   7   171.4   592.3   3598.1
81   8   -365.3   387.3   3754.4
81   9   -365.6   217.1   3756.1
81   10   -444.8   159.5   3740.6
81   11   -452.1   -190.1   3753.0
81   12   -402.8   -479.9   3817.9
81   13   -282.2   164.8   3755.0
81   14   -288.6   -184.0   3782.0
81   15   -305.1   -480.2   3833.2
81   16   -842.1   555.1   3487.8
81   17   138.4   585.9   3614.9
81   18   -367.5   647.9   3669.6
82   0   -365.0   742.3   3671.3
82   1   -366.7   586.1   3689.9
82   2   -486.6   563.1   3671.7
82   3   -675.7   529.5   3572.7
82   4   -875.4   560.3   3472.2
82   5   -240.8   577.7   3693.6
82   6   -26.4   551.8   3698.5
82   7   171.1   593.4   3598.0
82   8   -365.2   386.8   3754.8
82   9   -365.6   216.5   3756.1
82   10   -444.6   159.7   3740.4
82   11   -452.4   -185.5   3752.8
82   12   -403.9   -476.4   3816.4
82   13   -282.5   164.8   3755.0
82   14   -288.5   -179.6   3781.3
82   15   -305.4   -476.5   3832.1
82   16   -842.1   555.2   3489.0
82   17   138.2   586.4   3614.7
82   18   -367.1   647.8   3669.8
83   0   -365.1   742.3   3671.3
83   1   -366.3   586.1   3690.1
83   2   -486.7   563.2   3671.1
83   3   -676.0   529.4   3572.8
83   4   -876.8   561.0   3472.4
83   5   -240.0   577.2   3693.7
83   6   -25.7   551.2   3698.2
83   7   172.6   594.3   3597.2
83   8   -365.2   386.5   3755.0
83   9   -365.6   216.1   3756.1
83   10   -444.4   159.8   3740.2
83   11   -452.6   -180.9   3752.6
83   12   -404.9   -472.7   3815.0
83   13   -282.6   164.9   3755.0
83   14   -288.5   -175.2   3780.2
83   15   -305.6   -472.7   3830.5
83   16   -843.4   555.8   3489.1
83   17   139.6   587.1   3614.0
83   18   -366.6   647.8   3670.0
84   0   -365.2   742.4   3671.3
84   1   -365.8   586.0   3690.2
84   2   -486.8   563.4   3670.4
84   3   -676.5   529.7   3573.1
84   4   -876.6   561.1   3473.0
84   5   -239.3   576.5   3693.7
84   6   -25.0   551.0   3698.0
84   7   172.4   594.6   3597.3
84   8   -365.2   386.3   3755.1
84   9   -365.6   215.8   3756.1
84   10   -444.3   160.1   3739.8
84   11   -452.7   -176.7   3752.4
84   12   -405.7   -469.2   3814.0
84   13   -282.8   164.9   3755.0
84   14   -288.4   -171.3   3779.6
84   15   -305.6   -469.2   3829.6
84   16   -843.2   555.9   3489.7
84   17   139.5   587.3   3614.1
84   18   -366.0   647.8   3670.2
85   0   -365.3   742.4   3671.3
85   1   -365.4   586.0   3690.4
85   2   -487.0   563.7   3669.6
85   3   -677.1   530.4   3573.2
85   4   -876.1   560.8   3474.3
85   5   -238.5   576.0   3693.8
85   6   -24.2   551.0   3697.9
85   7   171.7   594.6   3597.7
85   8   -365.2   386.2   3755.2
85   9   -365.6   215.6   3756.1
85   10   -444.2   160.5   3739.2
85   11   -452.5   -173.2   3751.4
85   12   -406.2   -466.0   3813.3
85   13   -283.0   165.0   3755.0
85   14   -288.4   -168.1   3779.3
85   15   -305.6   -466.3   3829.6
85   16   -842.9   555.8   3490.7
85   17   139.0   587.3   3614.4
85   18   -365.5   647.8   3670.4
86   0   -365.4   742.4   3671.3
86   1   -365.0   586.0   3690.5
86   2   -487.0   563.9   3669.2
86   3   -677.5   531.2   3573.3
86   4   -877.5   560.7   3474.8
86   5   -237.7   575.3   3693.8
86   6   -23.4   551.1   3697.8
86   7   173.0   595.0   3597.2
86   8   -365.1   386.2   3755.3
86   9   -365.6   215.6   3756.1
86   10   -444.1   160.9   3738.6
86   11   -439.7   -169.2   3762.9
86   12   -406.2   -465.9   3813.1
86   13   -283.1   165.0   3755.0
86   14   -288.3   -165.5   3779.6
86   15   -305.5   -464.0   3829.4
86   16   -844.2   555.7   3491.2
86   17   140.2   587.6   3613.9
86   18   -364.9   647.8   3670.5
87   0   -365.5   742.4   3671.3
87   1   -364.5   586.0   3690.7
87   2   -487.1   564.0   3668.7
87   3   -677.9   531.7   3573.4
87   4   -879.5   560.8   3474.4
87   5   -237.0   574.7   3693.8
87   6   -22.6   551.2   3697.6
87   7   175.0   595.5   3596.2
87   8   -365.1   386.3   3755.3
87   9   -365.6   215.5   3756.1
87   10   -444.0   161.1   3738.2
87   11   -445.4   -167.5   3757.2
87   12   -406.9   -463.0   3811.9
87   13   -283.2   165.0   3755.0
87   14   -288.3   -163.5   3780.2
87   15   -305.4   -462.4   3828.8
87   16   -845.9   556.0   3490.9
87   17   142.1   588.1   3613.1
87   18   -364.3   647.8   3670.7
88   0   -365.6   742.4   3671.3
88   1   -364.1   586.0   3690.8
88   2   -487.1   564.1   3668.6
88   3   -677.9   531.8   3573.2
88   4   -881.3   561.2   3474.0
88   5   -236.1   574.2   3693.7
88   6   -21.7   551.2   3697.4
88   7   177.3   596.0   3595.0
88   8   -365.1   386.4   3755.2
88   9   -365.6   215.5   3756.1
88   10   -443.8   161.3   3737.8
88   11   -449.0   -166.1   3754.2
88   12   -407.4   -461.1   3810.7
88   13   -283.3   165.1   3755.0
88   14   -288.3   -161.9   3780.8
88   15   -305.3   -461.1   3827.8
88   16   -847.4   556.3   3490.6
88   17   144.1   588.5   3612.0
88   18   -363.8   647.8   3670.8
89   0   -365.6   742.4   3671.3
89   1   -363.6   586.0   3690.9
89   2   -487.2   564.2   3668.6
89   3   -677.9   531.9   3573.2
89   4   -883.0   561.9   3473.8
89   5   -235.4   573.5   3693.8
89   6   -20.9   551.3   3697.1
89   7   179.5   596.4   3593.9
89   8   -365.1   386.4   3755.1
89   9   -365.6   215.5   3756.1
89   10   -443.7   161.3   3737.8
89   11   -450.9   -165.0   3753.3
89   12   -407.7   -459.8   3809.9
89   13   -283.4   165.1   3755.0
89   14   -288.3   -160.6   3781.5
89   15   -305.3   -460.0   3827.4
89   16   -848.8   556.9   3490.4
89   17   146.1   588.9   3611.1
89   18   -363.2   647.8   3671.0
90   0   -365.7   742.4   3671.2
90   1   -363.2   585.9   3691.0
90   2   -487.3   564.2   3668.6
90   3   -678.0   532.0   3573.2
90   4   -884.3   562.6   3473.5
90   5   -234.7   572.7   3693.8
90   6   -20.1   551.4   3696.6
90   7   181.5   596.8   3593.0
90   8   -365.1   386.4   3755.0
90   9   -365.6   215.5   3756.1
90   10   -443.7   161.2   3737.9
90   11   -451.8   -164.2   3753.6
90   12   -407.9   -458.6   3809.4
90   13   -283.4   165.0   3755.0
90   14   -288.2   -159.6   3782.6
90   15   -305.3   -458.6   3827.5
90   16   -849.9   557.5   3490.1
90   17   147.9   589.3   3610.2
90   18   -362.6   647.8   3671.2
91   0   -365.7   742.4   3671.2
91   1   -362.8   585.9   3691.2
91   2   -487.3   564.3   3668.6
91   3   -678.1   532.1   3573.2
91   4   -885.4   563.6   3473.4
91   5   -233.9   572.0   3693.9
91   6   -19.2   551.5   3696.4
91   7   183.1   597.2   3591.9
91   8   -365.1   386.4   3755.0
91   9   -365.6   215.5   3756.1
91   10   -443.6   161.1   3737.9
91   11   -452.1   -163.5   3754.3
91   12   -408.0   -457.0   3809.2
91   13   -283.5   165.0   3755.0
91   14   -288.2   -158.9   3782.8
91   15   -305.2   -456.9   3827.9
91   16   -850.8   558.4   3490.0
91   17   149.4   589.6   3609.3
91   18   -362.1   647.8   3671.4
92   0   -365.8   742.4   3671.2
92   1   -362.3   585.9   3691.4
92   2   -487.4   564.4   3668.6
92   3   -678.1   532.3   3573.3
92   4   -886.2   565.2   3473.5
92   5   -233.1   571.6   3694.2
92   6   -18.4   551.5   3696.4
92   7   184.4   597.5   3591.1
92   8   -365.0   386.3   3754.9
92   9   -365.6   215.5   3756.1
92   10   -443.5   160.8   3738.0
92   11   -452.1   -163.1   3755.3
92   12   -408.1   -455.7   3808.8
92   13   -283.5   164.8   3755.0
92   14   -288.2   -158.5   3783.0
92   15   -305.2   -455.3   3828.1
92   16   -851.5   559.7   3490.2
92   17   150.6   589.8   3608.6
92   18   -361.5   647.8   3671.7
93   0   -365.8   742.4   3671.2
93   1   -362.0   585.9   3691.6
93   2   -487.4   564.5   3668.7
93   3   -678.2   532.7   3573.4
93   4   -886.9   567.4   3474.1
93   5   -232.4   571.2   3694.3
93   6   -17.7   551.4   3696.5
93   7   185.4   597.7   3590.3
93   8   -365.0   386.3   3754.9
93   9   -365.6   215.5   3756.1
93   10   -443.5   160.8   3738.0
93   11   -452.1   -162.7   3755.1
93   12   -408.2   -454.3   3808.2
93   13   -283.5   164.7   3755.0
93   14   -288.2   -158.1   3783.0
93   15   -305.2   -453.8   3828.1
93   16   -852.2   561.6   3490.6
93   17   151.5   590.0   3608.0
93   18   -361.0   647.8   3672.0
94   0   -365.8   741.3   3671.2
94   1   -361.7   585.9   3691.8
94   2   -487.5   564.6   3668.7
94   3   -678.4   533.1   3573.6
94   4   -887.8   570.2   3475.2
94   5   -231.9   570.9   3694.3
94   6   -17.1   551.4   3696.3
94   7   186.4   597.7   3589.9
94   8   -365.0   386.3   3754.8
94   9   -365.6   215.4   3756.1
94   10   -443.6   160.8   3738.0
94   11   -452.1   -162.4   3754.0
94   12   -408.4   -452.4   3807.7
94   13   -283.6   164.5   3755.0
94   14   -288.2   -158.0   3783.0
94   15   -305.5   -452.1   3828.5
94   16   -852.9   564.0   3491.6
94   17   152.4   590.0   3607.6
94   18   -360.7   647.8   3672.2
95   0   -365.7   740.0   3671.2
95   1   -361.6   585.8   3691.9
95   2   -487.6   564.7   3668.7
95   3   -678.8   533.5   3574.0
95   4   -888.7   572.7   3476.7
95   5   -231.5   570.6   3694.1
95   6   -16.7   551.4   3696.1
95   7   187.2   597.7   3589.6
95   8   -365.0   386.3   3754.7
95   9   -365.6   215.4   3756.1
95   10   -443.7   160.9   3738.1
95   11   -452.0   -162.1   3752.6
95   12   -408.8   -449.6   3807.3
95   13   -283.7   164.2   3755.0
95   14   -288.3   -157.9   3783.0
95   15   -305.9   -449.4   3830.0
95   16   -853.7   566.2   3492.9
95   17   153.2   590.0   3607.4
95   18   -360.5   647.8   3672.4
96   0   -365.6   738.6   3671.2
96   1   -361.4   585.8   3691.9
96   2   -487.6   564.7   3668.7
96   3   -679.1   534.0   3574.4
96   4   -889.7   573.8   3478.1
96   5   -231.1   570.5   3694.1
96   6   -16.4   551.5   3695.6
96   7   188.1   597.6   3589.4
96   8   -365.0   386.3   3754.6
96   9   -365.6   215.4   3756.1
96   10   -443.8   160.9   3738.0
96   11   -452.0   -162.0   3750.6
96   12   -409.2   -447.3   3807.2
96   13   -283.8   164.0   3755.0
96   14   -288.3   -157.9   3782.9
96   15   -306.2   -447.4   3831.6
96   16   -854.6   567.2   3494.1
96   17   154.0   589.9   3607.1
96   18   -360.3   647.8   3672.5
97   0   -365.6   737.4   3671.2
97   1   -361.3   585.8   3692.0
97   2   -487.6   564.8   3668.7
97   3   -679.4   534.2   3575.0
97   4   -890.0   574.1   3478.1
97   5   -230.9   570.3   3694.2
97   6   -16.0   551.5   3695.2
97   7   188.7   597.5   3588.9
97   8   -365.0   386.3   3754.5
97   9   -365.6   215.4   3756.0
97   10   -443.8   160.9   3738.0
97   11   -452.2   -165.2   3748.6
97   12   -409.0   -448.4   3808.0
97   13   -283.7   164.1   3755.0
97   14   -288.4   -161.1   3782.7
97   15   -306.7   -448.0   3836.7
97   16   -854.9   567.4   3494.3
97   17   154.6   589.8   3606.6
97   18   -360.1   647.8   3672.6
98   0   -365.5   736.5   3671.2
98   1   -361.1   585.8   3692.0
98   2   -487.6   564.8   3668.7
98   3   -679.7   534.3   3575.7
98   4   -890.3   573.9   3478.2
98   5   -230.6   570.2   3694.2
98   6   -15.8   551.6   3695.4
98   7   189.0   597.1   3588.6
98   8   -365.0   386.3   3754.3
98   9   -365.6   215.4   3756.0
98   10   -443.8   160.8   3738.0
98   11   -452.3   -166.2   3749.5
98   12   -409.0   -447.6   3808.8
98   13   -283.7   164.0   3755.0
98   14   -288.3   -162.2   3782.2
98   15   -306.7   -446.2   3842.0
98   16   -855.2   567.3   3494.5
98   17   154.9   589.5   3606.4
98   18   -359.9   647.8   3672.6
99   0   -365.4   735.7   3671.2
99   1   -360.9   585.8   3692.0
99   2   -487.5   564.9   3668.7
99   3   -680.0   534.2   3576.5
99   4   -890.5   573.4   3478.2
99   5   -230.3   570.1   3694.2
99   6   -15.5   551.7   3696.1
99   7   190.4   597.1   3591.0
99   8   -365.0   386.3   3754.2
99   9   -365.6   215.4   3756.0
99   10   -443.9   160.8   3738.0
99   11   -452.5   -166.0   3750.8
99   12   -409.1   -445.9   3809.1
99   13   -283.7   163.8   3755.0
99   14   -288.3   -162.2   3782.1
99   15   -306.7   -444.1   3844.0
99   16   -855.4   566.9   3494.6
99   17   156.1   589.5   3608.5
99   18   -359.7   647.8   3672.6
100   0   -364.6   735.1   3671.0
100   1   -360.8   585.8   3691.9
100   2   -487.5   565.1   3668.6
100   3   -680.4   534.2   3577.3
100   4   -889.4   572.6   3479.0
100   5   -230.0   570.0   3693.5
100   6   -15.2   551.8   3697.0
100   7   190.7   596.8   3594.9
100   8   -365.0   386.2   3753.9
100   9   -365.6   215.3   3755.9
100   10   -443.9   160.7   3738.0
100   11   -452.6   -165.3   3752.7
100   12   -409.1   -444.1   3809.5
100   13   -283.8   163.5   3755.1
100   14   -288.3   -161.8   3782.3
100   15   -307.1   -442.2   3844.4
100   16   -854.5   566.2   3495.4
100   17   156.3   589.3   3611.9
100   18   -359.4   647.8   3672.6
101   0   -363.3   735.7   3670.6
101   1   -360.6   585.7   3691.8
101   2   -487.5   565.4   3668.5
101   3   -680.8   534.1   3578.1
101   4   -888.1   571.7   3480.7
101   5   -229.6   569.9   3692.6
101   6   -14.8   551.9   3698.0
101   7   189.9   596.0   3597.9
101   8   -364.9   386.2   3753.5
101   9   -365.6   215.2   3755.7
101   10   -444.0   160.7   3738.0
101   11   -452.7   -164.5   3753.0
101   12   -409.1   -442.1   3809.7
101   13   -283.7   163.5   3755.1
101   14   -288.3   -161.0   3782.4
101   15   -306.8   -440.2   3844.3
101   16   -853.5   565.5   3497.0
101   17   155.7   588.6   3614.6
101   18   -359.2   647.8   3672.6
102   0   -361.8   736.8   3670.3
102   1   -360.4   585.7   3691.7
102   2   -487.6   565.8   3668.3
102   3   -681.4   534.0   3579.3
102   4   -889.0   571.2   3483.6
102   5   -229.3   569.8   3691.5
102   6   -14.5   552.1   3699.1
102   7   189.8   595.9   3599.1
102   8   -364.9   386.0   3753.1
102   9   -365.6   215.1   3755.5
102   10   -444.1   160.6   3737.9
102   11   -452.7   -163.9   3753.1
102   12   -408.1   -442.3   3811.4
102   13   -283.7   163.5   3755.1
102   14   -288.2   -160.3   3782.5
102   15   -306.6   -440.9   3844.6
102   16   -854.4   565.0   3499.5
102   17   155.7   588.6   3615.7
102   18   -359.0   647.8   3672.6
103   0   -360.3   737.9   3670.2
103   1   -360.2   585.7   3691.6
103   2   -487.6   566.2   3668.2
103   3   -681.6   533.9   3579.8
103   4   -891.1   570.6   3487.2
103   5   -229.0   569.8   3690.9
103   6   -14.3   552.2   3700.2
103   7   190.2   596.2   3599.9
103   8   -364.9   385.9   3752.6
103   9   -365.6   214.9   3755.2
103   10   -444.1   160.6   3737.9
103   11   -452.7   -163.3   3753.1
103   12   -406.9   -443.4   3813.6
103   13   -283.6   163.4   3755.1
103   14   -288.2   -159.7   3782.6
103   15   -306.4   -442.5   3845.1
103   16   -856.2   564.5   3502.7
103   17   156.1   588.9   3616.6
103   18   -358.8   647.8   3672.6
104   0   -359.1   738.8   3670.1
104   1   -360.1   585.6   3691.5
104   2   -487.7   566.6   3668.2
104   3   -681.7   533.7   3580.1
104   4   -895.2   569.9   3495.4
104   5   -228.7   569.8   3690.7
104   6   -14.1   552.2   3702.1
104   7   190.9   596.3   3601.3
104   8   -364.9   385.8   3752.1
104   9   -365.6   214.8   3754.9
104   10   -444.2   160.6   3737.9
104   11   -452.7   -162.9   3753.0
104   12   -405.7   -444.7   3816.1
104   13   -283.6   163.4   3755.2
104   14   -288.2   -159.3   3782.6
104   15   -307.1   -443.9   3847.8
104   16   -859.6   563.9   3509.5
104   17   156.7   589.0   3618.1
104   18   -358.6   647.8   3672.6
105   0   -358.4   739.6   3670.1
105   1   -359.9   585.6   3691.4
105   2   -487.6   566.8   3668.1
105   3   -681.6   533.3   3580.3
105   4   -895.3   567.9   3493.3
105   5   -228.5   569.8   3690.7
105   6   -14.0   552.2   3703.1
105   7   191.7   596.5   3602.2
105   8   -364.8   385.7   3751.6
105   9   -365.6   214.6   3754.7
105   10   -444.3   160.5   3737.8
105   11   -452.8   -162.5   3752.9
105   12   -406.2   -446.6   3816.3
105   13   -283.6   163.4   3755.2
105   14   -288.2   -158.9   3782.6
105   15   -307.4   -445.4   3849.0
105   16   -859.7   562.1   3507.8
105   17   157.5   589.1   3619.0
105   18   -358.4   647.8   3672.6
106   0   -358.1   740.2   3670.1
106   1   -359.7   585.6   3691.2
106   2   -487.4   566.9   3668.1
106   3   -681.4   532.5   3580.4
106   4   -895.0   564.6   3490.6
106   5   -228.3   569.7   3690.7
106   6   -13.8   552.1   3703.6
106   7   192.9   596.9   3603.6
106   8   -364.8   385.6   3751.2
106   9   -365.6   214.5   3754.4
106   10   -444.4   160.6   3737.8
106   11   -452.8   -162.2   3752.8
106   12   -407.5   -446.7   3814.2
106   13   -283.5   163.4   3755.3
106   14   -288.2   -158.6   3782.6
106   15   -307.4   -445.2   3847.7
106   16   -859.4   559.3   3505.6
106   17   158.4   589.4   3620.2
106   18   -358.2   647.8   3672.6
107   0   -358.1   740.7   3670.0
107   1   -359.5   585.6   3691.1
107   2   -487.2   567.0   3668.1
107   3   -681.0   531.5   3580.5
107   4   -894.7   560.6   3488.6
107   5   -228.2   569.6   3690.7
107   6   -13.7   551.9   3703.8
107   7   194.5   597.5   3606.0
107   8   -364.8   385.5   3750.8
107   9   -365.6   214.4   3754.1
107   10   -444.5   160.5   3737.8
107   11   -452.8   -162.0   3752.7
107   12   -407.6   -447.3   3813.9
107   13   -283.5   163.4   3755.3
107   14   -288.2   -158.4   3782.6
107   15   -307.2   -446.1   3845.8
107   16   -859.1   555.8   3503.9
107   17   159.8   589.9   3622.3
107   18   -357.9   647.8   3672.6
108   0   -358.2   741.1   3670.0
108   1   -359.3   585.5   3691.0
108   2   -487.0   567.2   3668.0
108   3   -680.5   530.1   3580.6
108   4   -894.8   555.7   3488.0
108   5   -228.0   569.5   3690.8
108   6   -13.5   551.6   3703.9
108   7   194.9   599.3   3606.8
108   8   -364.8   385.4   3750.3
108   9   -365.6   214.3   3753.9
108   10   -444.5   160.5   3737.8
108   11   -452.8   -161.9   3752.7
108   12   -408.9   -447.3   3811.8
108   13   -283.5   163.4   3755.4
108   14   -288.2   -158.2   3782.7
108   15   -307.5   -446.3   3842.1
108   16   -859.1   551.5   3503.4
108   17   160.2   591.3   3623.0
108   18   -357.6   647.8   3672.6
109   0   -358.3   741.4   3670.0
109   1   -359.1   585.5   3690.9
109   2   -486.7   567.3   3668.0
109   3   -680.0   528.3   3580.8
109   4   -894.7   550.8   3487.8
109   5   -227.8   569.4   3690.8
109   6   -13.4   551.1   3704.2
109   7   190.4   603.3   3599.6
109   8   -364.8   385.3   3749.9
109   9   -365.6   214.1   3753.8
109   10   -444.6   160.5   3737.8
109   11   -452.7   -161.8   3752.8
109   12   -410.2   -448.4   3809.4
109   13   -283.5   163.4   3755.6
109   14   -288.2   -158.2   3783.0
109   15   -307.9   -447.1   3840.2
109   16   -858.9   547.1   3503.3
109   17   156.5   594.6   3617.1
109   18   -357.3   647.8   3672.6
110   0   -358.4   741.6   3670.0
110   1   -358.8   585.5   3690.9
110   2   -486.4   567.5   3668.0
110   3   -679.3   526.6   3580.9
110   4   -892.7   549.0   3489.0
110   5   -227.6   569.4   3690.8
110   6   -13.3   550.8   3704.6
110   7   192.2   599.7   3605.9
110   8   -364.8   385.3   3749.6
110   9   -365.6   214.1   3753.7
110   10   -444.6   160.4   3737.9
110   11   -452.7   -161.7   3752.9
110   12   -409.0   -447.2   3810.1
110   13   -283.5   163.3   3755.7
110   14   -288.2   -158.1   3783.0
110   15   -308.6   -446.3   3839.6
110   16   -857.1   545.3   3504.4
110   17   158.0   591.5   3622.4
110   18   -357.0   647.8   3672.6
