2   0   -356.5   708.0   3692.5
2   1   -359.4   546.6   3688.9
2   2   -495.6   524.8   3684.4
2   3   -472.0   327.3   3591.7
2   4   -309.0   497.0   3542.6
2   5   -226.8   523.3   3711.8
2   6   -243.9   323.1   3623.6
2   7   -364.0   516.3   3546.0
2   8   -363.1   354.5   3734.1
2   9   -363.5   192.3   3738.5
2   10   -458.8   88.8   3757.0
2   11   -416.8   -226.1   3675.8
2   12   -410.5   -505.2   3806.9
2   13   -271.6   88.9   3769.4
2   14   -319.2   -233.8   3735.6
2   15   -323.0   -522.6   3844.0
2   16   -336.1   468.7   3550.8
2   17   -344.0   484.1   3558.9
2   18   -358.2   611.0   3673.7
3   0   -356.7   711.4   3693.0
3   1   -359.5   550.2   3691.5
3   2   -495.0   527.5   3682.8
3   3   -469.4   330.6   3589.5
3   4   -308.4   500.2   3535.2
3   5   -226.3   526.8   3708.1
3   6   -240.9   324.2   3626.6
3   7   -362.1   513.1   3542.2
3   8   -362.7   358.6   3739.2
3   9   -362.9   195.9   3743.7
3   10   -455.9   96.9   3757.1
3   11   -421.6   -220.3   3691.6
3   12   -408.4   -503.4   3804.8
3   13   -272.4   97.2   3769.2
3   14   -315.6   -226.1   3746.7
3   15   -324.7   -517.7   3839.5
3   16   -335.2   472.0   3544.2
3   17   -341.9   481.6   3556.3
3   18   -358.4   614.3   3675.5
4   0   -357.5   721.5   3693.9
4   1   -359.4   561.3   3698.9
4   2   -492.2   535.4   3677.6
4   3   -462.3   339.3   3584.2
4   4   -304.3   507.9   3518.5
4   5   -227.1   535.6   3701.1
4   6   -231.8   327.8   3640.3
4   7   -353.5   503.7   3535.8
4   8   -361.5   372.1   3753.4
4   9   -361.4   209.1   3757.5
4   10   -444.6   117.3   3759.3
4   11   -430.1   -203.3   3722.2
4   12   -403.4   -492.9   3802.7
4   13   -279.7   117.2   3768.8
4   14   -310.1   -207.1   3767.2
4   15   -328.0   -503.4   3832.5
4   16   -330.6   479.8   3529.4
4   17   -333.2   474.4   3553.3
4   18   -358.7   624.7   3680.6
5   0   -358.6   733.5   3694.7
5   1   -359.4   574.9   3707.2
5   2   -488.0   544.4   3672.7
5   3   -457.6   347.8   3580.1
5   4   -300.5   513.3   3503.5
5   5   -229.4   545.4   3694.2
5   6   -220.5   332.8   3652.4
5   7   -344.9   494.8   3528.8
5   8   -360.0   388.6   3768.2
5   9   -359.5   225.6   3773.0
5   10   -433.2   138.2   3761.5
5   11   -437.5   -185.8   3751.0
5   12   -399.3   -482.5   3803.4
5   13   -286.5   137.2   3768.9
5   14   -304.2   -188.2   3785.0
5   15   -330.7   -489.2   3828.6
5   16   -326.7   485.7   3516.2
5   17   -324.2   467.8   3549.4
5   18   -359.2   637.6   3686.7
6   0   -359.5   740.2   3695.2
6   1   -359.4   583.0   3711.7
6   2   -485.3   550.0   3670.8
6   3   -460.3   351.3   3581.2
6   4   -301.9   511.9   3496.3
6   5   -231.1   551.7   3691.0
6   6   -213.8   336.7   3656.2
6   7   -340.8   489.8   3521.4
6   8   -359.2   397.7   3773.7
6   9   -358.4   235.0   3779.6
6   10   -430.5   146.3   3760.6
6   11   -443.0   -179.9   3766.6
6   12   -401.4   -480.7   3809.3
6   13   -286.0   145.0   3767.7
6   14   -304.8   -180.5   3795.8
6   15   -331.9   -484.5   3831.1
6   16   -328.3   485.2   3510.4
6   17   -319.7   464.3   3543.9
6   18   -359.5   645.6   3690.7
7   0   -360.1   743.2   3695.4
7   1   -359.5   586.0   3712.7
7   2   -484.2   552.4   3672.0
7   3   -466.1   352.0   3584.9
7   4   -306.0   508.2   3494.7
7   5   -231.9   554.6   3690.9
7   6   -210.7   338.9   3657.2
7   7   -339.2   487.5   3517.3
7   8   -358.9   399.0   3772.3
7   9   -358.1   235.3   3778.3
7   10   -434.4   145.4   3758.1
7   11   -446.2   -181.8   3773.5
7   12   -401.4   -484.2   3812.2
7   13   -280.4   144.4   3766.7
7   14   -299.4   -181.2   3799.5
7   15   -331.6   -486.0   3832.3
7   16   -332.7   482.2   3509.7
7   17   -317.8   462.7   3540.6
7   18   -359.7   648.9   3692.6
8   0   -360.3   743.8   3695.5
8   1   -359.6   586.2   3712.3
8   2   -483.9   553.2   3673.7
8   3   -469.4   352.3   3586.6
8   4   -307.4   505.9   3495.2
8   5   -232.2   555.6   3693.0
8   6   -209.6   340.2   3656.8
8   7   -338.9   486.5   3514.9
8   8   -359.0   396.4   3769.2
8   9   -358.1   231.3   3774.0
8   10   -439.5   143.1   3756.2
8   11   -447.7   -184.4   3776.0
8   12   -399.3   -487.1   3813.0
8   13   -274.7   143.2   3766.4
8   14   -296.2   -182.3   3800.8
8   15   -331.3   -487.3   3832.5
8   16   -334.4   480.3   3510.4
8   17   -317.3   462.1   3538.5
8   18   -359.8   649.5   3693.3
9   0   -360.5   743.3   3695.6
9   1   -359.6   585.2   3711.6
9   2   -484.0   553.2   3675.3
9   3   -471.0   352.4   3587.7
9   4   -307.6   504.3   3496.3
9   5   -232.4   555.8   3696.6
9   6   -209.6   341.2   3655.9
9   7   -339.2   486.4   3513.2
9   8   -359.2   392.6   3766.8
9   9   -358.2   226.1   3770.0
9   10   -442.4   141.0   3755.4
9   11   -448.1   -186.6   3776.6
9   12   -395.9   -489.0   3811.2
9   13   -271.9   142.1   3766.8
9   14   -294.0   -183.4   3800.9
9   15   -330.9   -488.4   3831.5
9   16   -334.8   479.0   3511.5
9   17   -317.6   462.2   3537.0
9   18   -359.8   648.7   3693.4
10   0   -360.6   742.5   3695.6
10   1   -359.7   583.9   3711.1
10   2   -484.1   553.0   3676.1
10   3   -471.7   352.1   3588.7
10   4   -307.3   503.1   3498.0
10   5   -232.4   555.8   3700.6
10   6   -210.2   342.2   3655.0
10   7   -339.7   486.6   3511.8
10   8   -359.5   389.2   3765.3
10   9   -358.4   221.6   3767.3
10   10   -442.9   140.3   3755.4
10   11   -448.0   -187.3   3776.6
10   12   -394.2   -489.7   3807.9
10   13   -271.7   141.9   3767.4
10   14   -293.2   -183.8   3800.9
10   15   -330.4   -488.7   3830.9
10   16   -334.7   477.9   3513.1
10   17   -318.1   462.5   3535.6
10   18   -359.8   647.5   3693.3
11   0   -360.6   741.5   3695.6
11   1   -359.8   582.5   3710.7
11   2   -484.3   552.8   3676.3
11   3   -472.0   351.8   3589.0
11   4   -307.0   503.0   3500.3
11   5   -232.3   555.6   3700.5
11   6   -210.9   341.9   3654.8
11   7   -339.8   486.5   3511.5
11   8   -359.7   386.8   3764.6
11   9   -358.5   218.5   3765.9
11   10   -441.7   140.7   3755.6
11   11   -447.6   -186.7   3775.9
11   12   -393.8   -489.3   3804.6
11   13   -273.3   142.4   3768.1
11   14   -292.8   -183.4   3801.1
11   15   -329.9   -488.3   3830.6
11   16   -334.5   477.8   3515.1
11   17   -318.3   462.4   3535.4
11   18   -359.8   646.2   3693.2
12   0   -360.6   740.4   3695.5
12   1   -359.8   581.2   3710.6
12   2   -484.4   552.7   3676.1
12   3   -472.1   351.6   3589.0
12   4   -306.8   503.5   3502.2
12   5   -232.2   555.4   3700.4
12   6   -211.2   341.8   3654.7
12   7   -340.2   486.7   3512.1
12   8   -360.0   385.7   3764.2
12   9   -358.6   216.5   3765.1
12   10   -440.3   141.5   3755.8
12   11   -433.2   -185.5   3778.2
12   12   -393.5   -490.2   3803.9
12   13   -275.1   143.1   3768.7
12   14   -292.7   -182.8   3800.9
12   15   -329.3   -487.8   3830.1
12   16   -334.4   478.2   3516.7
12   17   -318.7   462.6   3535.9
12   18   -359.8   644.9   3693.1
13   0   -360.6   739.4   3695.5
13   1   -359.9   579.9   3710.5
13   2   -484.4   552.6   3675.9
13   3   -471.9   351.5   3588.9
13   4   -306.9   504.1   3503.1
13   5   -232.1   555.3   3700.1
13   6   -211.5   341.6   3654.7
13   7   -340.6   486.7   3512.7
13   8   -360.2   385.0   3763.7
13   9   -358.7   215.0   3764.8
13   10   -439.4   141.9   3756.0
13   11   -439.5   -185.2   3776.9
13   12   -393.1   -488.7   3805.1
13   13   -276.3   143.5   3768.9
13   14   -293.0   -182.5   3800.8
13   15   -329.2   -487.4   3830.6
13   16   -334.4   478.7   3517.4
13   17   -319.1   462.5   3536.3
13   18   -359.7   643.7   3693.0
14   0   -360.6   738.4   3695.5
14   1   -359.9   578.8   3710.4
14   2   -484.5   552.5   3676.0
14   3   -471.8   351.4   3589.0
14   4   -307.2   504.6   3503.5
14   5   -232.1   555.3   3699.7
14   6   -211.6   341.4   3654.8
14   7   -341.0   486.5   3513.0
14   8   -360.3   384.6   3763.5
14   9   -358.8   214.0   3764.7
14   10   -438.9   142.1   3756.1
14   11   -443.4   -185.1   3776.2
14   12   -392.3   -487.6   3807.9
14   13   -276.9   143.8   3768.8
14   14   -293.5   -182.2   3800.7
14   15   -329.1   -487.0   3832.1
14   16   -334.6   479.1   3517.7
14   17   -319.5   462.3   3536.6
14   18   -359.7   642.5   3693.0
15   0   -360.6   736.4   3695.4
15   1   -359.9   577.7   3710.4
15   2   -484.5   552.5   3676.1
15   3   -471.8   351.4   3589.2
15   4   -307.8   504.9   3503.1
15   5   -232.1   555.3   3699.4
15   6   -211.7   341.3   3654.8
15   7   -341.4   486.3   3513.2
15   8   -360.4   384.3   3763.4
15   9   -358.9   213.0   3764.7
15   10   -438.6   142.3   3756.1
15   11   -445.6   -185.0   3775.7
15   12   -394.2   -487.4   3808.0
15   13   -277.4   144.0   3768.5
15   14   -294.0   -181.9   3800.6
15   15   -329.0   -486.8   3832.7
15   16   -335.1   479.3   3517.5
15   17   -319.8   462.1   3536.8
15   18   -359.7   641.5   3693.0
16   0   -360.6   734.3   3695.3
16   1   -359.9   576.7   3710.4
16   2   -484.5   552.5   3676.3
16   3   -471.8   351.5   3589.2
16   4   -307.8   505.0   3503.1
16   5   -232.1   555.3   3699.1
16   6   -211.8   341.3   3654.8
16   7   -341.8   486.1   3513.4
16   8   -360.5   384.0   3763.3
16   9   -359.0   212.1   3764.8
16   10   -438.5   142.4   3756.1
16   11   -446.6   -185.0   3775.1
16   12   -395.5   -487.3   3809.0
16   13   -277.6   144.2   3768.1
16   14   -294.3   -181.8   3800.4
16   15   -329.0   -486.6   3833.0
16   16   -335.1   479.4   3517.5
16   17   -320.2   462.0   3537.0
16   18   -359.7   640.5   3692.9
17   0   -360.6   732.3   3695.3
17   1   -359.9   575.8   3710.4
17   2   -484.5   552.5   3676.4
17   3   -471.8   351.5   3589.2
17   4   -307.8   504.9   3503.1
17   5   -232.1   555.3   3698.8
17   6   -212.1   341.3   3654.6
17   7   -342.6   486.0   3513.6
17   8   -360.5   383.5   3763.2
17   9   -359.1   211.2   3764.8
17   10   -438.5   142.4   3756.1
17   11   -447.0   -185.0   3774.9
17   12   -397.2   -487.6   3808.6
17   13   -277.8   144.3   3767.5
17   14   -294.3   -181.7   3800.2
17   15   -329.0   -486.5   3833.2
17   16   -335.1   479.3   3517.4
17   17   -320.8   461.9   3537.1
17   18   -359.7   639.5   3692.9
18   0   -360.6   730.6   3695.2
18   1   -359.9   574.9   3710.4
18   2   -484.5   552.6   3676.3
18   3   -471.9   351.5   3589.3
18   4   -307.8   504.8   3503.1
18   5   -232.2   555.3   3698.4
18   6   -212.4   341.3   3654.0
18   7   -343.6   486.0   3513.7
18   8   -360.6   383.0   3763.0
18   9   -359.2   210.4   3764.8
18   10   -438.5   142.4   3756.1
18   11   -447.1   -185.0   3775.0
18   12   -398.8   -488.0   3807.0
18   13   -278.0   144.4   3766.6
18   14   -294.3   -181.5   3799.9
18   15   -328.9   -486.3   3833.1
18   16   -335.1   479.2   3517.5
18   17   -321.8   461.9   3537.1
18   18   -359.7   638.6   3692.9
19   0   -360.6   729.5   3694.9
19   1   -360.0   574.3   3710.3
19   2   -484.3   552.7   3676.3
19   3   -472.0   351.5   3589.3
19   4   -307.9   504.7   3503.2
19   5   -232.4   555.4   3698.1
19   6   -213.5   341.4   3652.9
19   7   -344.7   486.7   3513.1
19   8   -360.6   382.7   3762.8
19   9   -359.4   209.8   3764.8
19   10   -438.5   142.4   3756.1
19   11   -447.1   -185.0   3775.1
19   12   -398.4   -488.0   3806.3
19   13   -278.1   144.5   3765.8
19   14   -294.2   -181.4   3799.7
19   15   -328.7   -486.2   3833.0
19   16   -335.2   479.2   3517.6
19   17   -322.8   462.5   3536.4
19   18   -359.7   638.0   3692.9
20   0   -360.5   728.8   3694.5
20   1   -360.0   573.9   3710.2
20   2   -484.1   552.9   3676.2
20   3   -472.4   351.6   3589.4
20   4   -307.8   504.4   3503.2
20   5   -232.7   555.5   3697.7
20   6   -216.2   341.9   3650.0
20   7   -346.5   489.0   3511.3
20   8   -360.7   382.5   3762.6
20   9   -359.5   209.3   3764.8
20   10   -438.6   142.4   3756.1
20   11   -447.1   -185.0   3775.1
20   12   -397.2   -487.6   3808.8
20   13   -278.3   144.5   3765.0
20   14   -294.2   -181.3   3799.5
20   15   -328.4   -486.1   3833.0
20   16   -335.2   478.9   3517.5
20   17   -324.8   464.4   3534.4
20   18   -359.7   637.7   3692.7
21   0   -360.5   728.5   3693.8
21   1   -360.0   573.7   3709.9
21   2   -483.8   553.0   3676.4
21   3   -472.7   351.7   3589.6
21   4   -308.0   504.1   3503.1
21   5   -233.0   555.6   3697.3
21   6   -221.2   342.7   3645.4
21   7   -349.2   493.1   3508.2
21   8   -360.8   382.4   3762.2
21   9   -359.6   209.1   3764.8
21   10   -438.7   142.4   3756.1
21   11   -447.1   -185.0   3775.3
21   12   -398.9   -488.0   3808.4
21   13   -278.4   144.6   3764.7
21   14   -294.2   -181.2   3799.5
21   15   -328.1   -486.1   3833.0
21   16   -335.4   478.7   3517.5
21   17   -327.9   468.0   3531.1
21   18   -359.7   637.5   3692.5
22   0   -360.5   728.3   3693.2
22   1   -360.0   573.6   3709.6
22   2   -483.5   553.2   3676.7
22   3   -473.3   351.8   3589.8
22   4   -308.3   503.8   3503.0
22   5   -233.4   555.7   3696.9
22   6   -228.5   343.0   3643.3
22   7   -350.7   497.1   3505.0
22   8   -360.8   382.4   3761.9
22   9   -359.7   209.0   3764.8
22   10   -438.7   142.4   3756.0
22   11   -447.0   -185.0   3775.5
22   12   -399.3   -488.2   3808.2
22   13   -278.5   144.7   3764.8
22   14   -294.3   -181.2   3799.6
22   15   -327.7   -486.2   3832.9
22   16   -335.8   478.5   3517.5
22   17   -330.4   471.4   3528.1
22   18   -359.7   637.4   3692.2
23   0   -360.5   728.2   3692.5
23   1   -360.0   573.6   3708.9
23   2   -483.2   553.4   3676.8
23   3   -474.2   351.8   3590.1
23   4   -308.9   503.4   3503.0
23   5   -233.9   555.9   3696.3
23   6   -231.6   343.0   3642.3
23   7   -351.4   499.0   3503.8
23   8   -360.9   382.6   3761.4
23   9   -359.9   209.0   3764.7
23   10   -438.9   142.4   3755.9
23   11   -447.2   -188.5   3775.1
23   12   -397.9   -491.2   3809.5
23   13   -278.7   144.8   3765.0
23   14   -294.5   -184.5   3800.0
23   15   -327.7   -489.6   3833.3
23   16   -336.4   478.1   3517.5
23   17   -331.4   473.0   3526.9
23   18   -359.7   637.4   3691.3
24   0   -360.5   728.1   3691.9
24   1   -360.1   573.6   3707.9
24   2   -483.0   553.5   3676.9
24   3   -475.1   351.8   3590.3
24   4   -309.3   502.8   3503.0
24   5   -234.3   556.0   3695.7
24   6   -231.7   343.0   3642.4
24   7   -351.4   499.2   3504.1
24   8   -361.0   382.6   3760.8
24   9   -360.0   209.0   3764.7
24   10   -439.0   142.2   3755.8
24   11   -447.3   -193.2   3775.3
24   12   -397.0   -495.7   3810.7
24   13   -278.9   144.5   3765.1
24   14   -294.8   -189.4   3800.7
24   15   -327.8   -494.5   3833.9
24   16   -336.9   477.6   3517.5
24   17   -331.5   473.2   3527.1
24   18   -359.7   637.4   3690.2
25   0   -360.5   728.0   3691.2
25   1   -360.1   573.6   3706.7
25   2   -482.8   553.6   3677.0
25   3   -476.3   351.9   3590.4
25   4   -309.7   502.0   3503.2
25   5   -234.6   556.2   3696.2
25   6   -229.3   343.2   3642.9
25   7   -351.4   498.1   3505.1
25   8   -361.0   382.3   3760.1
25   9   -360.1   209.0   3764.6
25   10   -439.2   142.0   3755.8
25   11   -447.5   -197.9   3775.6
25   12   -395.9   -500.2   3811.5
25   13   -278.9   144.2   3765.1
25   14   -295.1   -194.0   3801.3
25   15   -327.8   -499.2   3834.3
25   16   -337.5   477.0   3517.7
25   17   -331.0   472.3   3528.1
25   18   -359.7   637.4   3688.9
26   0   -360.5   727.9   3690.6
26   1   -360.1   573.7   3705.5
26   2   -482.6   553.7   3677.0
26   3   -476.8   352.0   3590.3
26   4   -309.8   501.8   3503.3
26   5   -235.0   556.3   3696.4
26   6   -228.1   343.3   3643.3
26   7   -352.0   497.2   3506.0
26   8   -361.0   382.1   3759.7
26   9   -360.1   208.9   3764.6
26   10   -439.3   141.7   3755.7
26   11   -447.6   -202.0   3775.9
26   12   -394.9   -504.1   3812.1
26   13   -278.9   144.0   3765.0
26   14   -295.3   -198.1   3801.7
26   15   -328.1   -503.4   3834.1
26   16   -337.6   476.8   3517.8
26   17   -331.4   471.6   3528.9
26   18   -359.7   637.3   3687.5
27   0   -360.5   728.0   3689.9
27   1   -360.1   573.8   3704.2
27   2   -482.4   553.8   3677.0
27   3   -477.2   352.1   3590.1
27   4   -309.8   501.7   3503.4
27   5   -235.3   556.6   3696.3
27   6   -227.8   343.5   3643.5
27   7   -353.2   496.6   3506.6
27   8   -361.1   382.0   3759.3
27   9   -360.2   209.0   3764.5
27   10   -439.4   141.7   3755.6
27   11   -447.7   -205.1   3775.9
27   12   -394.0   -506.8   3813.4
27   13   -278.7   144.2   3764.9
27   14   -295.4   -200.9   3802.0
27   15   -328.3   -506.3   3833.4
27   16   -337.7   476.8   3517.8
27   17   -332.3   471.1   3529.4
27   18   -359.7   637.4   3686.0
28   0   -360.5   728.0   3689.2
28   1   -360.1   573.9   3702.9
28   2   -482.2   553.9   3677.0
28   3   -477.6   352.3   3589.8
28   4   -309.7   501.6   3503.4
28   5   -235.7   556.8   3696.2
28   6   -227.9   343.6   3643.4
28   7   -354.6   496.1   3506.9
28   8   -361.1   381.9   3759.0
28   9   -360.2   209.2   3764.5
28   10   -439.5   141.8   3755.4
28   11   -447.7   -207.3   3775.7
28   12   -393.5   -508.9   3814.0
28   13   -278.4   144.7   3764.8
28   14   -295.8   -202.6   3802.4
28   15   -328.5   -508.3   3831.1
28   16   -337.7   476.7   3517.8
28   17   -333.5   470.7   3529.7
28   18   -359.7   637.5   3684.4
29   0   -360.6   727.9   3688.5
29   1   -360.1   574.1   3701.5
29   2   -482.1   554.0   3677.0
29   3   -477.9   352.4   3589.8
29   4   -309.8   501.4   3503.3
29   5   -236.0   557.0   3695.9
29   6   -227.9   343.7   3643.6
29   7   -355.1   495.8   3507.1
29   8   -361.1   382.0   3758.8
29   9   -360.3   209.4   3764.5
29   10   -439.5   141.9   3755.3
29   11   -447.7   -209.0   3775.4
29   12   -393.4   -510.6   3813.4
29   13   -278.4   145.0   3764.6
29   14   -296.0   -204.0   3802.7
29   15   -328.7   -510.1   3827.9
29   16   -337.8   476.6   3517.7
29   17   -333.9   470.5   3529.9
29   18   -359.7   637.5   3682.6
30   0   -360.6   727.9   3688.0
30   1   -360.1   574.2   3700.5
30   2   -481.9   554.1   3677.0
30   3   -479.2   352.5   3589.6
30   4   -310.1   500.8   3503.6
30   5   -236.3   557.2   3695.6
30   6   -227.5   343.7   3644.1
30   7   -354.9   495.6   3507.5
30   8   -361.1   382.0   3758.7
30   9   -360.3   209.5   3764.5
30   10   -439.5   141.9   3755.1
30   11   -447.8   -210.1   3774.2
30   12   -394.2   -512.4   3808.5
30   13   -278.4   145.1   3764.6
30   14   -296.2   -205.0   3802.9
30   15   -328.8   -511.2   3827.6
30   16   -338.3   476.1   3517.9
30   17   -333.7   470.3   3530.3
30   18   -359.7   637.5   3681.3
31   0   -361.6   727.9   3687.5
31   1   -360.2   574.3   3699.8
31   2   -482.0   554.6   3677.1
31   3   -481.0   353.0   3589.6
31   4   -310.5   499.4   3503.2
31   5   -236.9   556.9   3695.4
31   6   -227.2   343.4   3644.3
31   7   -354.6   495.4   3507.8
31   8   -361.7   382.3   3759.1
31   9   -360.7   209.7   3764.5
31   10   -439.6   141.9   3754.9
31   11   -447.8   -210.7   3772.5
31   12   -394.4   -513.1   3805.9
31   13   -278.9   145.5   3764.5
31   14   -296.2   -205.2   3802.9
31   15   -328.8   -511.3   3828.8
31   16   -338.9   475.0   3517.6
31   17   -333.4   470.1   3530.5
31   18   -359.7   637.6   3680.2
32   0   -363.6   727.8   3687.2
32   1   -360.4   574.4   3699.6
32   2   -482.0   555.4   3677.2
32   3   -482.2   353.7   3589.7
32   4   -310.5   497.8   3501.7
32   5   -238.2   555.9   3695.5
32   6   -226.9   342.5   3644.1
32   7   -353.8   495.3   3508.1
32   8   -362.6   383.0   3759.7
32   9   -361.4   210.0   3764.6
32   10   -439.9   141.9   3754.7
32   11   -447.8   -211.7   3771.7
32   12   -394.5   -514.3   3804.2
32   13   -279.5   146.0   3764.5
32   14   -296.3   -205.7   3802.8
32   15   -328.8   -511.6   3831.5
32   16   -339.1   473.8   3516.4
32   17   -332.7   469.9   3530.8
32   18   -359.7   637.6   3679.7
33   0   -365.5   727.8   3686.8
33   1   -360.7   574.5   3699.5
33   2   -481.9   555.9   3677.2
33   3   -483.0   354.2   3589.8
33   4   -311.1   496.8   3499.7
33   5   -238.3   556.4   3695.3
33   6   -226.8   342.9   3644.5
33   7   -353.7   495.5   3508.0
33   8   -363.6   383.9   3760.3
33   9   -362.2   212.1   3764.6
33   10   -440.2   141.9   3754.4
33   11   -447.9   -212.2   3771.3
33   12   -394.7   -515.0   3802.3
33   13   -280.2   146.6   3764.5
33   14   -296.3   -205.5   3802.6
33   15   -328.8   -511.3   3832.8
33   16   -339.7   473.0   3514.7
33   17   -332.5   470.0   3530.7
33   18   -359.7   637.6   3679.4
34   0   -366.8   727.7   3686.3
34   1   -361.0   574.5   3699.5
34   2   -481.6   556.2   3677.2
34   3   -485.9   354.5   3589.8
34   4   -313.5   496.2   3499.2
34   5   -238.9   556.3   3695.3
34   6   -226.6   342.7   3644.4
34   7   -353.4   495.7   3508.2
34   8   -364.6   384.8   3760.5
34   9   -363.0   213.1   3764.7
34   10   -440.6   142.2   3754.0
34   11   -447.9   -212.0   3771.1
34   12   -394.8   -514.9   3801.5
34   13   -280.9   147.6   3764.5
34   14   -296.3   -204.7   3802.5
34   15   -328.7   -510.6   3833.1
34   16   -342.2   472.6   3514.3
34   17   -332.3   470.2   3530.9
34   18   -359.8   637.6   3679.2
35   0   -367.5   727.8   3685.9
35   1   -361.3   574.6   3699.4
35   2   -481.2   556.6   3677.2
35   3   -487.3   354.9   3589.8
35   4   -315.7   497.4   3498.9
35   5   -240.2   555.5   3695.4
35   6   -226.4   342.1   3644.1
35   7   -353.0   496.1   3508.9
35   8   -365.7   385.7   3760.6
35   9   -363.8   213.5   3764.7
35   10   -441.1   142.3   3753.6
35   11   -447.9   -211.9   3771.0
35   12   -394.7   -514.8   3801.9
35   13   -281.3   148.6   3764.5
35   14   -296.4   -203.8   3802.3
35   15   -328.6   -509.6   3833.4
35   16   -344.3   473.7   3514.0
35   17   -331.9   470.4   3531.4
35   18   -359.8   637.6   3679.1
36   0   -367.8   727.8   3685.6
36   1   -361.5   574.6   3699.4
36   2   -480.8   557.0   3677.2
36   3   -488.0   355.1   3590.0
36   4   -318.2   499.3   3498.2
36   5   -241.1   555.2   3695.4
36   6   -226.4   341.9   3644.0
36   7   -352.9   496.3   3509.2
36   8   -366.8   386.3   3760.5
36   9   -364.6   213.5   3764.7
36   10   -441.6   142.0   3753.1
36   11   -448.0   -211.7   3770.6
36   12   -394.5   -514.3   3804.4
36   13   -281.7   149.3   3764.3
36   14   -296.4   -202.5   3802.2
36   15   -328.7   -508.3   3834.1
36   16   -346.5   475.3   3513.5
36   17   -331.8   470.6   3531.6
36   18   -359.8   637.6   3679.0
37   0   -367.9   727.8   3685.3
37   1   -361.8   574.6   3699.3
37   2   -480.3   557.3   3677.1
37   3   -488.2   355.4   3590.2
37   4   -319.5   500.5   3497.8
37   5   -241.8   555.3   3695.3
37   6   -226.3   341.9   3643.9
37   7   -353.2   496.0   3508.9
37   8   -367.9   386.7   3760.4
37   9   -365.5   213.4   3764.7
37   10   -442.1   141.4   3752.7
37   11   -448.1   -211.6   3770.0
37   12   -394.4   -513.9   3806.1
37   13   -282.2   149.6   3764.1
37   14   -297.0   -201.5   3802.0
37   15   -328.3   -507.4   3834.1
37   16   -347.6   476.4   3513.2
37   17   -332.0   470.4   3531.4
37   18   -359.8   637.6   3678.9
38   0   -368.0   727.8   3685.1
38   1   -362.1   574.6   3699.3
38   2   -479.9   557.6   3677.0
38   3   -488.2   355.8   3589.9
38   4   -318.8   500.7   3498.4
38   5   -242.3   555.5   3695.2
38   6   -225.6   341.9   3645.4
38   7   -353.4   493.8   3508.8
38   8   -368.8   387.0   3760.3
38   9   -366.3   213.2   3764.7
38   10   -442.8   141.0   3752.6
38   11   -448.3   -211.4   3768.8
38   12   -394.3   -513.8   3803.8
38   13   -282.5   150.0   3764.1
38   14   -297.7   -200.4   3801.9
38   15   -327.7   -506.7   3832.6
38   16   -347.0   476.6   3513.7
38   17   -332.1   468.5   3531.6
38   18   -359.8   637.6   3678.8
39   0   -368.0   727.9   3685.0
39   1   -362.3   574.6   3699.2
39   2   -479.5   557.9   3676.7
39   3   -488.2   356.2   3589.2
39   4   -317.3   500.4   3499.1
39   5   -242.7   555.8   3695.2
39   6   -224.4   341.8   3647.5
39   7   -354.2   489.8   3508.5
39   8   -369.7   387.2   3760.3
39   9   -367.1   213.0   3764.7
39   10   -443.7   140.7   3752.5
39   11   -448.5   -211.2   3767.1
39   12   -394.1   -514.1   3797.6
39   13   -282.8   150.4   3764.1
39   14   -298.7   -199.5   3801.8
39   15   -327.3   -506.0   3831.1
39   16   -345.8   476.4   3514.1
39   17   -332.6   465.1   3531.7
39   18   -359.8   637.6   3678.7
40   0   -368.0   727.9   3684.9
40   1   -362.5   574.6   3699.1
40   2   -479.2   558.2   3676.5
40   3   -487.8   357.0   3587.8
40   4   -314.5   499.8   3500.1
40   5   -243.0   556.1   3695.1
40   6   -223.1   341.6   3650.2
40   7   -355.6   483.9   3507.7
40   8   -370.3   387.3   3760.2
40   9   -367.7   212.8   3764.7
40   10   -444.5   140.5   3752.6
40   11   -448.7   -211.0   3766.4
40   12   -393.0   -511.7   3810.7
40   13   -283.1   150.5   3764.1
40   14   -299.2   -198.8   3801.8
40   15   -327.1   -505.4   3831.7
40   16   -343.4   476.0   3514.7
40   17   -333.5   460.1   3531.5
40   18   -359.8   637.6   3678.6
41   0   -367.9   727.9   3684.9
41   1   -362.5   574.6   3699.0
41   2   -478.9   558.4   3676.1
41   3   -486.8   357.7   3586.2
41   4   -312.5   500.4   3500.2
41   5   -243.3   556.3   3695.1
41   6   -222.7   341.7   3650.9
41   7   -353.7   487.2   3510.2
41   8   -370.6   387.2   3760.2
41   9   -368.3   212.7   3764.7
41   10   -445.2   140.3   3752.4
41   11   -448.9   -211.9   3766.6
41   12   -391.8   -512.8   3809.1
41   13   -283.4   150.5   3764.0
41   14   -299.8   -199.5   3802.0
41   15   -327.1   -506.2   3832.1
41   16   -341.6   476.6   3514.5
41   17   -331.8   463.0   3533.7
41   18   -359.8   637.6   3678.4
42   0   -367.9   727.8   3685.0
42   1   -362.6   574.6   3698.9
42   2   -478.7   558.6   3675.8
42   3   -486.1   358.8   3583.9
42   4   -310.8   501.5   3500.1
42   5   -243.6   556.5   3695.0
42   6   -222.8   341.9   3650.6
42   7   -352.1   491.2   3512.3
42   8   -370.7   387.2   3760.1
42   9   -368.7   212.6   3764.7
42   10   -445.8   140.2   3752.0
42   11   -449.1   -212.6   3766.8
42   12   -391.3   -513.6   3809.0
42   13   -283.8   150.4   3764.0
42   14   -300.1   -200.4   3801.2
42   15   -327.2   -507.0   3832.4
42   16   -340.0   477.7   3514.0
42   17   -330.5   466.4   3535.3
42   18   -359.9   637.6   3678.3
43   0   -367.9   727.8   3685.1
43   1   -362.6   574.6   3698.7
43   2   -478.5   558.9   3675.4
43   3   -485.0   359.2   3582.8
43   4   -309.9   502.8   3499.6
43   5   -243.9   556.7   3695.0
43   6   -223.2   342.2   3649.8
43   7   -351.7   493.6   3512.9
43   8   -370.8   387.1   3760.1
43   9   -369.2   212.5   3764.7
43   10   -446.4   140.0   3751.6
43   11   -449.3   -213.2   3766.9
43   12   -391.2   -514.0   3810.9
43   13   -284.2   150.1   3763.9
43   14   -300.3   -201.2   3800.0
43   15   -327.3   -507.8   3832.8
43   16   -339.1   478.8   3513.5
43   17   -330.3   468.4   3535.8
43   18   -359.9   637.6   3678.1
44   0   -367.9   727.8   3685.3
44   1   -362.7   574.6   3698.5
44   2   -478.3   559.0   3675.0
44   3   -484.6   359.4   3582.4
44   4   -310.4   503.9   3499.0
44   5   -244.1   556.9   3694.9
44   6   -223.7   342.7   3648.0
44   7   -352.5   495.1   3512.4
44   8   -370.9   386.9   3760.0
44   9   -369.7   212.4   3764.7
44   10   -446.9   139.8   3751.5
44   11   -449.5   -213.8   3767.0
44   12   -391.4   -514.2   3814.1
44   13   -284.7   149.8   3763.9
44   14   -300.4   -202.1   3799.7
44   15   -327.4   -508.5   3833.2
44   16   -339.4   479.8   3512.9
44   17   -331.0   469.7   3535.0
44   18   -359.9   637.6   3677.8
45   0   -367.9   727.8   3685.5
45   1   -362.7   574.6   3698.2
45   2   -478.2   559.2   3674.6
45   3   -484.6   359.2   3582.6
45   4   -311.6   504.8   3498.5
45   5   -244.3   557.0   3694.7
45   6   -224.2   343.1   3646.7
45   7   -353.3   495.5   3511.5
45   8   -371.1   386.7   3759.9
45   9   -370.2   212.3   3764.7
45   10   -447.6   139.6   3751.5
45   11   -449.5   -214.6   3767.1
45   12   -391.5   -515.4   3811.5
45   13   -285.2   149.4   3764.0
45   14   -300.4   -203.0   3800.3
45   15   -327.6   -509.6   3833.4
45   16   -340.5   480.5   3512.5
45   17   -331.8   470.1   3534.0
45   18   -359.9   637.5   3677.6
46   0   -367.9   727.8   3685.5
46   1   -362.7   574.6   3698.0
46   2   -478.0   559.4   3674.3
46   3   -484.7   359.1   3582.7
46   4   -313.1   505.9   3497.6
46   5   -244.5   557.2   3694.5
46   6   -224.4   343.5   3645.0
46   7   -354.8   494.9   3509.7
46   8   -371.1   386.4   3759.8
46   9   -370.5   212.3   3764.7
46   10   -448.1   139.6   3751.6
46   11   -449.6   -214.9   3767.2
46   12   -391.5   -515.3   3814.3
46   13   -285.6   149.0   3764.0
46   14   -300.5   -203.7   3800.3
46   15   -327.7   -510.2   3834.5
46   16   -341.7   481.4   3511.8
46   17   -333.0   469.7   3532.3
46   18   -359.9   637.5   3677.3
47   0   -367.9   727.8   3685.6
47   1   -362.7   574.5   3697.8
47   2   -477.9   559.5   3673.9
47   3   -484.8   359.1   3582.7
47   4   -313.7   506.2   3497.2
47   5   -244.7   557.3   3694.3
47   6   -224.6   343.9   3643.3
47   7   -356.1   494.8   3508.4
47   8   -371.0   386.1   3759.8
47   9   -370.7   212.2   3764.7
47   10   -448.6   139.7   3751.6
47   11   -449.6   -214.5   3767.2
47   12   -391.7   -513.4   3823.4
47   13   -285.8   148.8   3764.0
47   14   -300.6   -203.7   3799.8
47   15   -327.8   -510.1   3835.9
47   16   -342.2   481.7   3511.5
47   17   -334.2   469.7   3530.9
47   18   -359.9   637.5   3677.1
48   0   -367.9   727.8   3685.6
48   1   -362.7   574.5   3697.5
48   2   -477.9   559.6   3673.4
48   3   -484.9   359.0   3582.7
48   4   -313.7   506.2   3497.2
48   5   -244.8   557.4   3694.1
48   6   -225.0   344.3   3641.8
48   7   -357.1   495.3   3507.6
48   8   -370.9   385.8   3759.8
48   9   -370.8   212.2   3764.7
48   10   -449.0   139.9   3751.6
48   11   -449.6   -213.6   3767.1
48   12   -391.2   -511.3   3828.9
48   13   -285.8   148.7   3764.0
48   14   -300.8   -203.0   3799.7
48   15   -327.9   -509.0   3839.0
48   16   -342.2   481.6   3511.5
48   17   -335.0   470.1   3530.0
48   18   -360.0   637.5   3676.8
49   0   -367.9   727.8   3685.6
49   1   -362.7   574.5   3697.2
49   2   -477.8   559.8   3673.0
49   3   -485.0   358.9   3582.7
49   4   -313.9   506.4   3497.3
49   5   -245.0   557.5   3693.8
49   6   -225.4   344.4   3641.1
49   7   -357.7   495.8   3507.5
49   8   -370.8   385.6   3759.7
49   9   -370.8   212.2   3764.7
49   10   -449.3   140.1   3751.5
49   11   -449.7   -213.4   3767.1
49   12   -389.7   -509.7   3834.5
49   13   -285.8   148.4   3764.0
49   14   -300.6   -203.4   3799.4
49   15   -328.4   -508.4   3845.1
49   16   -342.4   481.8   3511.6
49   17   -335.6   470.6   3529.7
49   18   -360.0   637.5   3676.4
50   0   -367.9   727.8   3685.6
50   1   -362.6   574.5   3696.9
50   2   -477.7   559.9   3672.5
50   3   -485.2   358.8   3582.6
50   4   -314.4   506.6   3497.5
50   5   -245.1   557.6   3693.5
50   6   -225.9   344.3   3641.3
50   7   -358.0   495.9   3507.5
50   8   -370.6   385.3   3759.7
50   9   -370.8   212.2   3764.7
50   10   -449.6   140.2   3751.6
50   11   -449.7   -213.7   3767.0
50   12   -390.8   -509.1   3839.1
50   13   -286.0   147.8   3763.9
50   14   -300.6   -204.3   3799.2
50   15   -329.6   -508.3   3851.1
50   16   -342.8   482.0   3511.7
50   17   -336.0   470.6   3529.8
50   18   -360.0   637.5   3676.0
51   0   -367.9   727.8   3685.6
51   1   -362.6   574.5   3696.7
51   2   -477.7   560.0   3672.1
51   3   -485.7   358.7   3582.7
51   4   -314.2   505.6   3497.3
51   5   -245.2   557.6   3693.3
51   6   -226.6   344.0   3642.1
51   7   -357.8   495.6   3507.6
51   8   -370.6   385.0   3759.7
51   9   -370.8   212.2   3764.7
51   10   -449.9   140.2   3751.6
51   11   -449.8   -213.9   3766.8
51   12   -390.4   -509.3   3839.0
51   13   -286.1   147.1   3764.0
51   14   -300.6   -205.3   3799.1
51   15   -329.7   -509.2   3852.1
51   16   -342.8   481.1   3511.6
51   17   -335.9   470.4   3530.0
51   18   -360.0   637.5   3675.8
52   0   -367.9   727.8   3685.6
52   1   -362.6   574.5   3696.6
52   2   -477.7   560.1   3671.6
52   3   -486.3   358.5   3582.8
52   4   -314.3   505.0   3497.3
52   5   -245.3   557.7   3693.0
52   6   -227.2   343.1   3646.2
52   7   -355.9   494.0   3508.5
52   8   -370.5   384.7   3759.7
52   9   -370.8   212.1   3764.7
52   10   -450.3   140.4   3751.6
52   11   -450.0   -214.2   3766.6
52   12   -389.4   -510.5   3834.1
52   13   -286.1   146.7   3764.0
52   14   -300.6   -206.1   3798.9
52   15   -329.6   -510.1   3851.9
52   16   -343.0   480.5   3511.5
52   17   -334.5   468.8   3531.4
52   18   -360.0   637.5   3675.6
53   0   -367.9   727.8   3685.6
53   1   -362.7   574.5   3696.4
53   2   -477.6   560.2   3671.0
53   3   -487.3   358.4   3582.9
53   4   -314.8   504.3   3497.5
53   5   -245.4   557.7   3692.7
53   6   -227.9   342.5   3648.3
53   7   -354.8   493.7   3509.0
53   8   -370.5   384.4   3759.7
53   9   -370.8   212.0   3764.7
53   10   -450.6   140.5   3751.6
53   11   -450.1   -214.6   3766.4
53   12   -390.5   -512.2   3829.2
53   13   -286.1   146.4   3764.0
53   14   -300.6   -207.1   3798.6
53   15   -329.8   -510.9   3852.6
53   16   -343.6   479.9   3511.7
53   17   -333.6   468.5   3532.2
53   18   -360.1   637.5   3675.5
54   0   -367.9   727.8   3685.7
54   1   -362.7   574.5   3696.3
54   2   -477.6   560.3   3670.3
54   3   -488.8   358.2   3583.0
54   4   -315.6   503.5   3497.8
54   5   -245.4   557.8   3692.3
54   6   -228.7   342.2   3649.2
54   7   -354.0   494.2   3509.4
54   8   -370.5   384.1   3759.7
54   9   -370.8   212.0   3764.7
54   10   -450.8   140.5   3751.5
54   11   -450.2   -215.6   3766.4
54   12   -391.8   -514.0   3826.5
54   13   -286.0   146.1   3764.0
54   14   -300.6   -208.3   3798.3
54   15   -329.9   -511.9   3853.7
54   16   -344.5   479.2   3512.0
54   17   -333.1   468.9   3532.7
54   18   -360.1   637.5   3675.3
55   0   -367.9   727.8   3685.7
55   1   -362.7   574.5   3696.1
55   2   -477.6   560.4   3669.5
55   3   -489.5   357.9   3583.0
55   4   -316.2   503.2   3498.0
55   5   -245.5   557.8   3691.8
55   6   -229.5   342.0   3649.4
55   7   -353.8   494.7   3509.4
55   8   -370.5   383.8   3759.7
55   9   -370.7   211.8   3764.7
55   10   -451.0   140.0   3751.4
55   11   -450.2   -216.9   3766.4
55   12   -392.3   -515.6   3826.0
55   13   -285.9   145.5   3763.9
55   14   -300.6   -209.7   3798.4
55   15   -330.1   -513.3   3854.0
55   16   -345.1   479.0   3512.2
55   17   -333.1   469.2   3532.8
55   18   -360.1   637.5   3675.2
56   0   -367.9   727.8   3685.7
56   1   -362.7   574.5   3696.0
56   2   -477.5   560.5   3668.8
56   3   -489.6   357.7   3582.9
56   4   -316.7   503.6   3498.1
56   5   -245.5   557.9   3691.6
56   6   -230.7   341.9   3649.4
56   7   -353.8   495.3   3509.1
56   8   -370.4   383.5   3759.7
56   9   -370.7   211.4   3764.6
56   10   -451.4   139.5   3751.2
56   11   -450.1   -217.8   3766.5
56   12   -392.6   -516.5   3826.9
56   13   -285.5   145.0   3763.9
56   14   -300.7   -210.6   3798.5
56   15   -330.2   -514.2   3854.3
56   16   -345.5   479.3   3512.2
56   17   -333.3   469.7   3532.5
56   18   -360.1   637.5   3675.0
57   0   -367.9   727.8   3685.7
57   1   -362.7   574.5   3695.9
57   2   -477.5   560.6   3668.0
57   3   -489.6   357.4   3582.9
57   4   -316.9   503.5   3497.8
57   5   -245.6   557.9   3691.6
57   6   -231.3   341.9   3648.9
57   7   -354.1   495.9   3508.8
57   8   -370.4   383.2   3759.7
57   9   -370.7   210.9   3764.6
57   10   -451.6   139.1   3751.1
57   11   -450.1   -218.2   3766.7
57   12   -392.2   -516.4   3829.1
57   13   -285.2   144.8   3763.9
57   14   -300.8   -210.8   3798.7
57   15   -330.4   -514.4   3854.4
57   16   -345.7   479.1   3512.0
57   17   -333.6   470.2   3532.1
57   18   -360.2   637.5   3674.9
58   0   -367.9   727.8   3685.7
58   1   -362.7   574.5   3695.8
58   2   -477.5   560.7   3667.4
58   3   -489.7   357.0   3583.2
58   4   -316.9   502.6   3497.3
58   5   -245.7   558.0   3691.6
58   6   -231.5   341.9   3648.8
58   7   -354.1   496.0   3508.7
58   8   -370.3   383.0   3759.7
58   9   -370.7   210.5   3764.6
58   10   -451.9   139.0   3751.0
58   11   -450.0   -218.0   3766.9
58   12   -391.3   -514.9   3834.3
58   13   -284.9   144.7   3763.8
58   14   -300.9   -210.5   3798.9
58   15   -330.4   -514.2   3854.3
58   16   -345.7   478.4   3511.6
58   17   -333.7   470.4   3532.0
58   18   -360.2   637.5   3674.8
59   0   -367.9   727.8   3685.7
59   1   -362.7   574.4   3695.7
59   2   -477.5   560.7   3667.1
59   3   -489.7   356.9   3583.3
59   4   -316.8   502.2   3496.8
59   5   -245.7   558.0   3691.6
59   6   -231.6   342.0   3648.7
59   7   -354.2   496.2   3508.6
59   8   -370.3   382.7   3759.7
59   9   -370.7   210.0   3764.6
59   10   -452.1   138.8   3750.9
59   11   -449.9   -218.1   3767.0
59   12   -394.2   -516.5   3830.5
59   13   -284.7   144.6   3763.8
59   14   -300.8   -210.6   3798.7
59   15   -330.4   -514.4   3854.0
59   16   -345.6   478.0   3511.2
59   17   -333.8   470.5   3532.0
59   18   -360.2   637.5   3674.7
60   0   -367.9   727.8   3685.7
60   1   -362.7   574.4   3695.6
60   2   -477.5   560.7   3666.9
60   3   -489.6   356.8   3583.2
60   4   -316.9   502.1   3496.4
60   5   -245.8   558.0   3691.6
60   6   -231.5   342.0   3648.7
60   7   -354.2   496.2   3508.6
60   8   -370.3   382.5   3759.7
60   9   -370.7   209.5   3764.6
60   10   -452.3   138.7   3750.7
60   11   -449.9   -218.3   3766.9
60   12   -397.5   -518.7   3823.4
60   13   -284.5   144.5   3763.7
60   14   -300.9   -210.7   3798.7
60   15   -330.4   -514.6   3853.8
60   16   -345.7   477.9   3510.9
60   17   -333.8   470.5   3532.0
60   18   -360.2   637.4   3674.6
61   0   -367.9   727.8   3685.7
61   1   -362.7   574.4   3695.5
61   2   -477.5   560.7   3666.9
61   3   -489.5   356.8   3583.1
61   4   -317.0   502.4   3496.4
61   5   -245.8   558.1   3691.6
61   6   -231.5   342.0   3648.7
61   7   -354.1   496.4   3508.6
61   8   -370.2   382.2   3759.7
61   9   -370.7   208.9   3764.6
61   10   -452.4   138.4   3750.6
61   11   -449.9   -218.6   3766.6
61   12   -398.1   -519.6   3821.6
61   13   -284.3   144.5   3763.7
61   14   -300.9   -210.8   3798.7
61   15   -330.4   -514.8   3853.7
61   16   -345.7   478.2   3510.9
61   17   -333.7   470.6   3532.0
61   18   -360.3   637.4   3674.5
62   0   -367.9   727.8   3685.7
62   1   -362.7   574.3   3695.4
62   2   -477.6   560.7   3666.9
62   3   -489.5   357.0   3582.8
62   4   -317.0   503.0   3496.5
62   5   -245.8   558.1   3691.6
62   6   -231.5   342.0   3648.7
62   7   -354.0   496.6   3508.7
62   8   -370.2   381.9   3759.7
62   9   -370.7   208.3   3764.6
62   10   -452.3   138.2   3750.5
62   11   -449.9   -218.7   3766.4
62   12   -397.5   -519.5   3822.2
62   13   -284.2   144.5   3763.6
62   14   -301.0   -210.7   3798.7
62   15   -330.3   -514.7   3853.6
62   16   -345.7   478.6   3510.9
62   17   -333.6   470.9   3532.1
62   18   -360.3   637.4   3674.4
63   0   -367.9   727.8   3685.7
63   1   -362.8   574.3   3695.4
63   2   -477.6   560.8   3666.9
63   3   -489.4   357.2   3582.2
63   4   -317.0   503.8   3496.7
63   5   -245.9   558.1   3691.6
63   6   -231.5   342.0   3648.7
63   7   -353.9   496.7   3508.8
63   8   -370.2   381.7   3759.7
63   9   -370.7   207.8   3764.6
63   10   -452.1   137.8   3750.6
63   11   -449.9   -219.1   3766.5
63   12   -397.2   -519.6   3823.1
63   13   -284.2   144.5   3763.5
63   14   -300.9   -210.6   3798.7
63   15   -330.2   -514.7   3853.5
63   16   -345.7   479.4   3510.9
63   17   -333.5   470.9   3532.1
63   18   -360.3   637.4   3674.3
64   0   -367.9   727.8   3685.6
64   1   -362.8   574.3   3695.3
64   2   -477.7   560.8   3666.9
64   3   -489.3   357.5   3581.3
64   4   -316.5   504.2   3496.7
64   5   -245.9   558.1   3691.6
64   6   -231.5   342.0   3648.6
64   7   -353.9   496.8   3508.6
64   8   -370.2   381.4   3759.7
64   9   -370.7   207.3   3764.7
64   10   -452.0   137.7   3750.6
64   11   -449.9   -219.5   3766.5
64   12   -397.1   -520.0   3823.6
64   13   -284.3   144.5   3763.4
64   14   -300.9   -210.9   3798.6
64   15   -330.2   -515.0   3853.4
64   16   -345.3   479.8   3510.8
64   17   -333.5   471.0   3532.0
64   18   -360.4   637.3   3674.3
65   0   -367.9   727.8   3685.6
65   1   -362.8   574.2   3695.3
65   2   -477.7   560.8   3666.9
65   3   -489.3   358.1   3580.1
65   4   -315.6   504.5   3496.7
65   5   -245.9   558.1   3691.6
65   6   -231.5   342.1   3648.3
65   7   -354.0   496.9   3508.4
65   8   -370.1   381.1   3759.7
65   9   -370.7   206.8   3764.7
65   10   -451.8   137.7   3750.7
65   11   -449.9   -218.2   3766.6
65   12   -397.3   -518.8   3823.6
65   13   -284.4   144.6   3763.4
65   14   -300.7   -209.5   3798.1
65   15   -330.0   -513.6   3853.0
65   16   -344.6   480.1   3510.6
65   17   -333.6   471.1   3531.7
65   18   -360.4   637.3   3674.2
66   0   -367.9   727.8   3685.6
66   1   -362.8   574.2   3695.2
66   2   -477.8   560.8   3666.9
66   3   -490.1   358.9   3578.5
66   4   -314.9   504.5   3497.1
66   5   -245.9   558.2   3691.6
66   6   -230.5   342.2   3648.2
66   7   -352.4   497.1   3507.9
66   8   -370.1   380.9   3759.8
66   9   -370.7   206.5   3764.7
66   10   -451.7   137.6   3751.1
66   11   -449.9   -216.2   3766.7
66   12   -397.5   -516.9   3823.4
66   13   -284.5   144.7   3763.4
66   14   -300.4   -207.5   3797.6
66   15   -329.8   -511.6   3852.5
66   16   -344.1   480.2   3510.6
66   17   -332.0   471.2   3531.3
66   18   -360.4   637.3   3674.2
67   0   -367.9   727.8   3685.6
67   1   -362.8   574.2   3695.2
67   2   -477.9   560.9   3667.0
67   3   -495.6   360.5   3575.9
67   4   -315.9   501.9   3496.9
67   5   -246.0   558.2   3692.2
67   6   -217.3   344.0   3648.3
67   7   -338.7   496.3   3504.8
67   8   -370.1   380.6   3759.8
67   9   -370.7   206.1   3764.7
67   10   -451.6   137.6   3751.4
67   11   -449.9   -214.1   3766.7
67   12   -397.7   -514.9   3823.1
67   13   -284.6   144.8   3763.4
67   14   -300.1   -205.3   3797.1
67   15   -329.8   -509.4   3852.3
67   16   -345.9   478.3   3510.0
67   17   -318.5   470.9   3528.7
67   18   -360.5   637.2   3674.2
68   0   -367.9   727.9   3685.7
68   1   -362.9   574.0   3696.2
68   2   -478.1   560.9   3671.2
68   3   -515.2   370.0   3568.8
68   4   -340.0   507.7   3475.9
68   5   -245.9   558.3   3693.2
68   6   -174.1   360.4   3640.9
68   7   -320.5   493.3   3504.6
68   8   -370.1   380.1   3760.0
68   9   -370.7   205.6   3764.7
68   10   -451.5   137.7   3751.5
68   11   -449.8   -212.2   3766.6
68   12   -397.6   -513.0   3822.7
68   13   -284.7   144.9   3763.3
68   14   -300.0   -203.3   3797.0
68   15   -329.7   -507.3   3852.4
68   16   -369.2   484.8   3491.4
68   17   -296.1   471.2   3527.3
68   18   -360.5   637.2   3675.5
69   0   -367.9   728.1   3685.7
69   1   -362.9   573.8   3698.6
69   2   -478.2   561.1   3681.8
69   3   -542.7   388.5   3564.3
69   4   -446.4   512.2   3406.2
69   5   -245.6   558.4   3694.9
69   6   -125.0   404.5   3614.5
69   7   -310.1   495.0   3500.0
69   8   -370.1   379.4   3760.4
69   9   -370.7   204.8   3764.8
69   10   -451.4   137.8   3751.5
69   11   -449.8   -210.4   3766.6
69   12   -397.4   -511.3   3822.4
69   13   -284.7   145.2   3763.2
69   14   -300.0   -201.4   3797.1
69   15   -329.6   -505.5   3852.2
69   16   -462.2   491.6   3432.5
69   17   -279.2   479.9   3519.1
69   18   -360.5   637.2   3678.4
70   0   -367.9   728.1   3685.7
70   1   -362.9   573.5   3701.9
70   2   -478.6   561.3   3687.5
70   3   -599.0   420.7   3581.4
70   4   -556.6   494.4   3373.7
70   5   -245.6   558.6   3700.4
70   6   -71.0   455.7   3660.2
70   7   -273.4   492.9   3544.5
70   8   -370.1   378.6   3760.8
70   9   -370.7   204.0   3764.8
70   10   -451.5   138.4   3751.4
70   11   -449.8   -210.4   3766.6
70   12   -396.8   -511.1   3822.6
70   13   -284.7   145.6   3763.1
70   14   -300.3   -201.4   3797.4
70   15   -329.6   -505.6   3852.1
70   16   -563.5   482.2   3408.3
70   17   -239.7   486.7   3563.8
70   18   -360.6   637.1   3682.6
71   0   -367.9   728.1   3685.7
71   1   -362.9   573.2   3704.9
71   2   -479.1   561.7   3689.3
71   3   -639.5   468.6   3582.2
71   4   -708.0   483.5   3378.8
71   5   -245.5   559.0   3706.1
71   6   -38.9   511.6   3693.7
71   7   -256.0   503.5   3594.5
71   8   -370.1   378.0   3761.2
71   9   -370.7   203.4   3764.9
71   10   -451.8   139.1   3751.3
71   11   -449.8   -211.4   3766.6
71   12   -396.2   -512.0   3822.9
71   13   -284.6   146.1   3763.1
71   14   -300.4   -202.7   3797.6
71   15   -329.7   -506.9   3852.2
71   16   -696.6   481.0   3412.7
71   17   -219.8   504.9   3611.0
71   18   -360.6   637.1   3686.5
72   0   -367.9   728.0   3685.7
72   1   -363.0   573.1   3706.7
72   2   -479.7   562.2   3688.2
72   3   -656.0   508.8   3570.5
72   4   -808.5   509.8   3402.7
72   5   -243.0   562.4   3707.6
72   6   -27.3   547.7   3671.5
72   7   -9.0   529.8   3575.3
72   8   -370.1   377.5   3761.4
72   9   -370.7   202.9   3764.9
72   10   -452.1   140.0   3751.3
72   11   -449.8   -212.5   3766.5
72   12   -395.9   -513.0   3823.0
72   13   -284.6   146.6   3763.1
72   14   -300.5   -204.1   3797.8
72   15   -329.8   -508.3   3852.6
72   16   -783.2   509.6   3430.6
72   17   -12.0   532.8   3591.4
72   18   -360.6   637.1   3688.8
73   0   -368.0   729.3   3684.8
73   1   -363.0   574.7   3705.5
73   2   -481.0   565.5   3682.8
73   3   -670.0   538.7   3569.3
73   4   -870.0   550.0   3436.8
73   5   -238.7   570.2   3702.1
73   6   -16.9   580.1   3680.4
73   7   128.6   603.6   3599.5
73   8   -370.1   379.1   3761.4
73   9   -370.7   204.6   3764.9
73   10   -452.2   142.6   3751.3
73   11   -449.8   -211.7   3766.4
73   12   -395.8   -512.2   3822.6
73   13   -284.9   148.4   3763.1
73   14   -300.6   -204.1   3798.0
73   15   -329.9   -508.3   3853.0
73   16   -836.7   548.1   3458.9
73   17   104.3   599.8   3612.9
73   18   -360.7   638.7   3687.2
74   0   -368.4   733.2   3681.7
74   1   -363.0   578.5   3701.8
74   2   -482.9   572.1   3674.6
74   3   -683.0   552.3   3577.7
74   4   -904.5   586.1   3475.3
74   5   -234.6   581.0   3697.2
74   6   -12.1   595.0   3704.2
74   7   194.2   653.3   3647.7
74   8   -370.0   383.1   3761.3
74   9   -370.7   208.5   3764.9
74   10   -451.9   146.4   3751.4
74   11   -449.8   -208.5   3766.2
74   12   -396.2   -509.3   3821.4
74   13   -285.5   151.5   3763.1
74   14   -300.5   -201.6   3797.8
74   15   -329.7   -505.8   3852.6
74   16   -867.6   580.5   3492.3
74   17   159.8   643.6   3657.1
74   18   -360.7   642.1   3682.4
75   0   -368.8   738.1   3674.9
75   1   -363.0   583.0   3697.5
75   2   -484.5   578.2   3670.1
75   3   -691.4   557.5   3589.8
75   4   -917.4   608.0   3499.0
75   5   -233.5   588.1   3697.2
75   6   -10.8   599.0   3710.0
75   7   219.2   679.9   3681.7
75   8   -370.0   387.8   3761.3
75   9   -370.7   213.2   3764.9
75   10   -451.4   151.3   3751.4
75   11   -449.8   -204.1   3765.4
75   12   -396.7   -505.2   3819.5
75   13   -286.0   156.4   3763.2
75   14   -300.3   -197.3   3797.4
75   15   -329.3   -501.7   3851.4
75   16   -879.7   599.6   3514.2
75   17   180.9   666.5   3686.4
75   18   -360.7   646.2   3676.9
76   0   -369.3   742.3   3668.7
76   1   -363.0   586.8   3694.0
76   2   -484.8   580.7   3668.3
76   3   -694.8   559.3   3597.8
76   4   -923.1   617.0   3519.8
76   5   -234.3   589.7   3695.6
76   6   -12.0   597.9   3707.8
76   7   222.9   689.4   3685.3
76   8   -370.0   391.8   3761.3
76   9   -370.7   217.4   3764.9
76   10   -450.2   154.5   3751.6
76   11   -449.8   -201.3   3764.3
76   12   -396.7   -502.5   3818.0
76   13   -286.2   161.1   3763.2
76   14   -300.1   -193.0   3797.1
76   15   -328.9   -497.5   3850.7
76   16   -885.0   607.4   3532.8
76   17   183.7   674.2   3689.1
76   18   -360.7   649.7   3672.4
77   0   -369.6   745.4   3665.4
77   1   -363.0   589.3   3692.6
77   2   -484.5   581.2   3668.0
77   3   -694.7   558.9   3599.9
77   4   -921.3   616.7   3522.2
77   5   -235.9   588.0   3696.0
77   6   -14.3   594.2   3707.7
77   7   218.0   680.6   3666.0
77   8   -370.0   394.1   3761.4
77   9   -370.7   219.7   3764.9
77   10   -449.5   155.8   3751.5
77   11   -449.7   -200.3   3762.5
77   12   -396.9   -501.4   3816.8
77   13   -286.3   163.1   3763.1
77   14   -300.0   -191.3   3796.8
77   15   -328.5   -495.8   3850.4
77   16   -883.5   607.1   3535.2
77   17   179.2   666.2   3672.9
77   18   -360.7   652.1   3670.5
78   0   -369.8   747.3   3663.9
78   1   -363.0   590.6   3692.6
78   2   -484.3   580.3   3668.5
78   3   -693.6   557.8   3599.3
78   4   -920.9   613.8   3528.1
78   5   -237.3   585.8   3698.3
78   6   -16.3   588.4   3713.5
78   7   210.5   670.2   3654.7
78   8   -369.9   394.8   3761.6
78   9   -370.7   220.3   3764.9
78   10   -449.5   155.7   3751.2
78   11   -449.5   -200.4   3761.8
78   12   -397.0   -501.6   3815.9
78   13   -286.3   162.9   3763.0
78   14   -300.0   -191.5   3796.7
78   15   -328.3   -496.0   3850.5
78   16   -883.0   604.5   3540.0
78   17   172.7   656.5   3664.5
78   18   -360.7   653.4   3670.5
79   0   -369.9   748.3   3663.4
79   1   -363.0   591.1   3693.4
79   2   -484.3   579.3   3669.4
79   3   -692.3   556.7   3597.2
79   4   -917.6   608.3   3521.2
79   5   -237.9   584.3   3701.7
79   6   -17.5   582.3   3719.8
79   7   201.4   663.4   3643.9
79   8   -369.9   394.6   3761.8
79   9   -370.7   219.8   3764.8
79   10   -449.8   154.9   3750.7
79   11   -449.3   -201.0   3761.4
79   12   -396.8   -501.8   3817.5
79   13   -286.4   161.5   3762.8
79   14   -300.0   -192.8   3796.7
79   15   -329.1   -496.5   3853.9
79   16   -880.0   599.7   3533.8
79   17   164.9   649.9   3656.5
79   18   -360.8   653.9   3671.6
80   0   -369.9   748.7   3663.4
80   1   -363.0   591.2   3694.7
80   2   -484.7   578.6   3670.3
80   3   -691.9   555.7   3596.6
80   4   -916.6   603.5   3518.4
80   5   -238.0   583.0   3704.4
80   6   -17.8   575.4   3721.5
80   7   195.2   659.3   3637.3
80   8   -369.9   393.9   3762.0
80   9   -370.7   220.5   3764.6
80   10   -450.2   154.0   3750.1
80   11   -449.0   -201.8   3761.4
80   12   -395.9   -501.5   3822.6
80   13   -286.5   159.6   3762.4
80   14   -300.1   -194.5   3796.7
80   15   -327.9   -498.1   3855.3
80   16   -879.1   595.5   3531.4
80   17   159.7   645.3   3651.3
80   18   -360.8   654.1   3673.2
81   0   -369.9   749.0   3664.4
81   1   -363.0   591.1   3696.2
81   2   -485.3   578.1   3671.3
81   3   -692.0   555.2   3596.7
81   4   -915.7   600.7   3515.5
81   5   -237.6   582.0   3706.2
81   6   -17.6   570.9   3722.4
81   7   190.9   654.8   3629.9
81   8   -369.9   393.0   3762.2
81   9   -370.7   221.5   3764.2
81   10   -450.6   153.0   3749.3
81   11   -448.7   -202.8   3761.3
81   12   -395.3   -499.5   3834.8
81   13   -286.2   158.4   3761.7
81   14   -300.1   -195.6   3796.8
81   15   -326.1   -499.0   3857.3
81   16   -878.4   593.1   3529.0
81   17   156.2   640.8   3645.3
81   18   -360.8   654.2   3675.2
82   0   -369.9   749.2   3666.2
82   1   -363.0   590.9   3697.8
82   2   -485.8   577.6   3672.2
82   3   -692.3   555.1   3597.0
82   4   -914.9   600.2   3513.3
82   5   -237.1   581.1   3707.4
82   6   -17.1   569.2   3722.1
82   7   189.5   650.8   3624.6
82   8   -370.0   392.0   3762.5
82   9   -370.7   222.5   3763.5
82   10   -451.1   152.0   3748.4
82   11   -448.3   -203.7   3761.2
82   12   -393.4   -496.6   3847.7
82   13   -285.7   157.6   3760.7
82   14   -300.1   -196.2   3796.6
82   15   -323.1   -499.7   3857.9
82   16   -877.8   592.7   3527.2
82   17   155.1   637.2   3640.8
82   18   -360.8   654.1   3677.2
83   0   -370.0   749.4   3669.5
83   1   -363.0   590.7   3699.7
83   2   -486.3   577.3   3673.6
83   3   -692.4   555.4   3597.1
83   4   -913.8   600.8   3510.5
83   5   -236.6   580.3   3708.8
83   6   -16.3   568.8   3720.8
83   7   193.2   646.4   3627.3
83   8   -370.0   391.0   3762.7
83   9   -370.6   223.2   3762.7
83   10   -451.6   150.9   3747.4
83   11   -447.9   -204.5   3761.0
83   12   -393.0   -496.4   3851.2
83   13   -285.0   157.0   3759.6
83   14   -300.1   -196.5   3796.2
83   15   -321.5   -500.2   3857.0
83   16   -876.9   593.3   3524.9
83   17   158.3   633.5   3642.9
83   18   -360.8   654.1   3679.7
84   0   -370.0   749.7   3673.5
84   1   -363.0   590.5   3701.6
84   2   -486.7   576.9   3675.2
84   3   -692.4   555.8   3597.0
84   4   -911.7   602.1   3505.9
84   5   -236.0   579.5   3709.4
84   6   -15.4   568.9   3718.0
84   7   198.5   642.5   3632.4
84   8   -370.0   390.0   3762.9
84   9   -370.6   223.6   3761.9
84   10   -451.9   150.3   3746.4
84   11   -447.4   -204.8   3760.7
84   12   -393.6   -497.3   3849.7
84   13   -284.6   156.6   3758.6
84   14   -300.0   -196.4   3795.7
84   15   -321.3   -499.8   3858.3
84   16   -875.2   594.4   3521.1
84   17   162.8   630.2   3646.7
84   18   -360.8   654.0   3682.1
85   0   -370.0   749.9   3676.7
85   1   -363.0   590.3   3702.9
85   2   -487.1   576.7   3677.2
85   3   -692.3   556.5   3596.7
85   4   -909.0   603.8   3500.2
85   5   -235.5   579.0   3709.7
85   6   -14.5   569.0   3714.3
85   7   197.2   648.5   3628.5
85   8   -370.0   389.3   3762.9
85   9   -370.6   224.0   3761.3
85   10   -452.2   150.4   3745.6
85   11   -446.8   -204.4   3760.4
85   12   -393.6   -497.2   3849.1
85   13   -284.4   156.5   3758.2
85   14   -300.0   -196.3   3795.5
85   15   -321.8   -498.9   3861.4
85   16   -872.9   595.9   3516.3
85   17   161.9   635.3   3642.8
85   18   -360.8   654.0   3683.8
86   0   -370.0   750.1   3679.9
86   1   -363.0   590.2   3703.6
86   2   -487.5   576.5   3679.5
86   3   -692.1   557.4   3596.4
86   4   -907.2   606.4   3496.9
86   5   -235.0   578.7   3709.9
86   6   -13.6   569.2   3709.8
86   7   201.2   648.2   3631.8
86   8   -370.0   388.8   3762.9
86   9   -370.6   224.4   3760.5
86   10   -452.5   150.8   3745.0
86   11   -446.6   -203.8   3760.1
86   12   -393.4   -496.6   3848.8
86   13   -284.4   156.6   3758.1
86   14   -299.9   -196.1   3795.4
86   15   -321.9   -498.3   3863.2
86   16   -871.3   598.2   3513.5
86   17   165.4   635.1   3644.8
86   18   -360.8   654.0   3684.8
87   0   -370.0   750.3   3683.1
87   1   -363.0   590.2   3703.9
87   2   -487.9   576.3   3680.9
87   3   -692.5   558.8   3596.6
87   4   -905.5   609.7   3493.7
87   5   -234.6   578.5   3709.9
87   6   -12.9   569.3   3706.5
87   7   205.9   644.9   3636.6
87   8   -369.9   388.4   3762.8
87   9   -370.6   224.7   3759.9
87   10   -452.6   150.9   3745.0
87   11   -446.5   -203.7   3759.6
87   12   -393.5   -496.5   3848.3
87   13   -284.4   156.7   3758.0
87   14   -299.9   -195.9   3795.2
87   15   -321.2   -498.0   3863.9
87   16   -870.0   601.2   3510.8
87   17   169.4   632.3   3648.3
87   18   -360.8   654.0   3685.3
88   0   -370.0   750.3   3686.4
88   1   -363.0   590.1   3704.1
88   2   -488.2   576.2   3681.3
88   3   -692.8   560.6   3596.4
88   4   -903.8   614.0   3490.6
88   5   -234.3   578.4   3709.9
88   6   -12.4   569.3   3705.1
88   7   206.4   645.4   3635.3
88   8   -369.9   388.2   3762.7
88   9   -370.6   225.0   3759.4
88   10   -452.4   150.8   3745.1
88   11   -446.5   -203.7   3759.0
88   12   -393.9   -496.7   3847.5
88   13   -284.5   156.8   3758.0
88   14   -299.8   -195.8   3795.0
88   15   -319.9   -497.9   3863.9
88   16   -868.6   605.1   3508.2
88   17   169.9   632.7   3647.0
88   18   -360.8   654.0   3685.6
89   0   -369.9   750.3   3689.2
89   1   -363.0   590.1   3704.2
89   2   -488.5   576.1   3681.6
89   3   -693.0   563.0   3596.2
89   4   -901.6   618.5   3486.8
89   5   -234.0   578.3   3709.9
89   6   -12.2   569.4   3704.7
89   7   207.0   643.7   3634.1
89   8   -369.9   388.0   3762.6
89   9   -370.6   225.2   3758.8
89   10   -452.3   150.7   3745.1
89   11   -446.5   -203.7   3758.8
89   12   -394.3   -496.8   3847.1
89   13   -284.7   156.9   3757.9
89   14   -299.8   -195.5   3795.0
89   15   -318.2   -498.0   3862.9
89   16   -866.9   609.3   3505.0
89   17   170.5   631.3   3645.9
89   18   -360.8   654.0   3685.8
90   0   -369.9   750.3   3690.9
90   1   -363.0   590.1   3704.3
90   2   -488.8   576.1   3681.9
90   3   -693.2   566.0   3596.1
90   4   -902.0   620.8   3486.8
90   5   -233.7   578.2   3710.0
90   6   -12.0   569.4   3704.8
90   7   198.2   652.5   3620.4
90   8   -369.9   387.8   3762.5
90   9   -370.6   225.5   3758.4
90   10   -452.2   150.7   3745.1
90   11   -446.4   -203.6   3758.7
90   12   -394.8   -496.9   3846.4
90   13   -284.8   157.0   3757.9
90   14   -299.8   -195.3   3795.2
90   15   -317.4   -497.9   3862.2
90   16   -867.2   611.7   3505.0
90   17   163.2   638.7   3634.5
90   18   -360.8   654.0   3685.9
91   0   -369.9   750.3   3691.7
91   1   -363.0   590.1   3704.3
91   2   -489.1   576.0   3682.3
91   3   -693.3   569.0   3596.1
91   4   -903.9   621.7   3489.1
91   5   -233.5   578.1   3710.0
91   6   -11.9   569.3   3705.2
91   7   189.9   657.2   3606.4
91   8   -369.9   387.7   3762.4
91   9   -370.6   225.6   3758.2
91   10   -452.1   150.9   3745.1
91   11   -446.4   -203.2   3758.5
91   12   -395.6   -496.7   3846.0
91   13   -284.9   157.1   3757.9
91   14   -299.9   -195.0   3795.2
91   15   -317.4   -497.4   3863.3
91   16   -868.8   613.0   3506.9
91   17   156.3   642.6   3622.9
91   18   -360.8   654.0   3685.9
92   0   -369.8   750.4   3691.7
92   1   -363.0   590.1   3704.3
92   2   -489.3   576.0   3682.4
92   3   -693.5   570.0   3596.0
92   4   -904.5   622.1   3489.7
92   5   -233.3   578.0   3710.0
92   6   -11.8   569.1   3705.8
92   7   189.0   653.0   3600.6
92   8   -369.8   387.7   3762.4
92   9   -370.6   225.8   3758.1
92   10   -452.1   151.0   3745.2
92   11   -446.3   -203.5   3758.4
92   12   -396.3   -497.0   3846.5
92   13   -285.0   157.2   3757.9
92   14   -300.1   -195.4   3794.4
92   15   -317.3   -497.4   3864.3
92   16   -869.3   613.4   3507.4
92   17   155.5   639.0   3618.1
92   18   -360.8   654.0   3686.0
93   0   -369.7   750.4   3691.4
93   1   -363.0   590.1   3704.3
93   2   -489.5   575.9   3682.4
93   3   -693.5   569.7   3596.0
93   4   -904.1   622.2   3488.8
93   5   -233.2   577.9   3710.0
93   6   -11.7   568.9   3706.3
93   7   191.2   646.7   3600.0
93   8   -369.8   387.6   3762.3
93   9   -370.5   225.8   3758.1
93   10   -452.0   151.0   3745.2
93   11   -446.2   -204.4   3758.4
93   12   -397.4   -497.8   3847.5
93   13   -285.1   157.2   3757.9
93   14   -300.1   -196.5   3793.0
93   15   -316.9   -498.0   3865.2
93   16   -869.0   613.4   3506.7
93   17   157.3   633.8   3617.8
93   18   -360.8   654.0   3686.0
94   0   -369.5   750.5   3690.8
94   1   -362.9   590.1   3704.3
94   2   -489.6   575.9   3682.3
94   3   -693.6   569.2   3595.9
94   4   -903.9   622.0   3488.4
94   5   -233.0   577.8   3710.1
94   6   -11.6   568.6   3706.8
94   7   195.8   638.5   3604.0
94   8   -369.8   387.4   3762.2
94   9   -370.5   225.8   3758.0
94   10   -451.9   151.1   3745.2
94   11   -446.2   -205.4   3758.4
94   12   -399.0   -498.9   3848.1
94   13   -285.2   157.3   3757.9
94   14   -300.2   -197.4   3793.3
94   15   -316.5   -498.8   3866.0
94   16   -868.8   613.2   3506.3
94   17   161.2   626.8   3621.1
94   18   -360.8   654.0   3686.0
95   0   -369.2   750.5   3690.3
95   1   -362.9   590.1   3704.2
95   2   -489.8   575.9   3682.3
95   3   -693.7   568.0   3595.9
95   4   -903.6   621.8   3488.2
95   5   -232.9   577.7   3710.1
95   6   -11.6   568.1   3706.7
95   7   197.8   632.9   3604.3
95   8   -369.8   387.2   3762.2
95   9   -370.5   225.8   3758.0
95   10   -451.8   151.1   3745.2
95   11   -446.2   -206.1   3759.7
95   12   -400.0   -500.2   3848.1
95   13   -285.2   157.3   3757.9
95   14   -300.2   -198.1   3794.3
95   15   -315.8   -499.6   3867.0
95   16   -868.6   612.9   3506.1
95   17   162.9   622.1   3621.4
95   18   -360.8   654.0   3686.0
96   0   -368.8   750.6   3689.9
96   1   -362.9   590.1   3704.2
96   2   -490.0   576.0   3682.3
96   3   -693.7   566.8   3595.8
96   4   -903.4   621.5   3488.1
96   5   -232.8   577.7   3710.1
96   6   -11.5   567.5   3706.3
96   7   200.5   628.5   3606.7
96   8   -369.7   387.1   3762.2
96   9   -370.5   225.7   3758.0
96   10   -451.7   151.2   3745.3
96   11   -446.2   -206.7   3760.4
96   12   -399.9   -501.2   3847.2
96   13   -285.3   157.4   3757.9
96   14   -300.2   -198.7   3794.3
96   15   -314.9   -499.7   3868.8
96   16   -868.5   612.4   3506.0
96   17   165.1   618.3   3623.3
96   18   -360.8   654.0   3686.0
97   0   -368.3   750.7   3689.6
97   1   -362.9   590.1   3704.2
97   2   -490.1   576.0   3682.3
97   3   -693.8   566.5   3595.7
97   4   -903.1   620.8   3487.0
97   5   -232.6   577.6   3710.1
97   6   -11.4   566.9   3705.6
97   7   201.2   626.7   3606.7
97   8   -369.6   386.9   3762.2
97   9   -370.5   225.6   3758.0
97   10   -451.6   151.2   3745.3
97   11   -446.2   -207.0   3760.5
97   12   -399.5   -501.6   3846.5
97   13   -285.3   157.4   3757.9
97   14   -300.2   -199.0   3794.4
97   15   -314.0   -499.6   3870.9
97   16   -868.2   611.8   3505.1
97   17   165.8   616.8   3623.2
97   18   -360.8   654.0   3686.0
98   0   -367.6   750.7   3689.3
98   1   -362.9   590.0   3704.2
98   2   -490.3   576.0   3682.3
98   3   -693.9   566.3   3595.6
98   4   -902.5   620.2   3485.5
98   5   -232.5   577.6   3710.1
98   6   -11.4   566.4   3704.9
98   7   204.8   623.7   3612.5
98   8   -369.5   386.8   3762.2
98   9   -370.4   225.5   3758.0
98   10   -451.5   151.3   3745.3
98   11   -446.2   -207.0   3760.1
98   12   -398.6   -501.6   3845.9
98   13   -285.3   157.5   3757.9
98   14   -300.1   -199.0   3794.1
98   15   -313.6   -499.3   3871.9
98   16   -867.8   611.2   3503.9
98   17   168.7   614.1   3627.9
98   18   -360.8   654.0   3686.0
99   0   -366.6   750.8   3689.1
99   1   -362.9   590.0   3704.2
99   2   -490.4   575.9   3682.3
99   3   -693.9   566.2   3595.5
99   4   -901.6   619.4   3483.4
99   5   -232.4   577.5   3710.1
99   6   -11.4   565.8   3703.7
99   7   202.9   626.5   3609.1
99   8   -369.4   386.7   3762.2
99   9   -370.4   225.5   3758.0
99   10   -451.5   151.3   3745.3
99   11   -446.2   -206.8   3759.4
99   12   -398.2   -501.2   3845.8
99   13   -285.3   157.5   3757.9
99   14   -300.0   -198.8   3794.0
99   15   -313.4   -499.0   3872.4
99   16   -867.0   610.6   3502.1
99   17   167.1   616.4   3624.9
99   18   -360.8   654.0   3686.0
100   0   -364.3   750.9   3687.8
100   1   -362.5   590.0   3704.2
100   2   -490.6   575.6   3682.3
100   3   -694.0   566.0   3595.3
100   4   -900.6   618.7   3480.8
100   5   -231.3   578.7   3709.8
100   6   -10.4   565.1   3702.4
100   7   208.1   622.5   3616.2
100   8   -368.2   386.5   3762.2
100   9   -369.1   223.6   3757.9
100   10   -450.5   151.9   3745.5
100   11   -446.2   -205.9   3759.2
100   12   -398.3   -500.2   3845.6
100   13   -284.3   157.1   3758.0
100   14   -299.8   -198.8   3794.0
100   15   -313.4   -498.8   3872.8
100   16   -866.2   609.9   3499.9
100   17   171.7   612.9   3630.6
100   18   -360.8   654.0   3686.0
101   0   -361.2   751.0   3685.6
101   1   -362.0   590.0   3704.1
101   2   -491.0   575.2   3682.2
101   3   -694.4   565.7   3595.1
101   4   -899.4   617.9   3477.7
101   5   -230.1   579.5   3709.6
101   6   -9.3   564.3   3701.9
101   7   202.3   629.5   3605.8
101   8   -365.8   386.4   3762.0
101   9   -366.9   221.2   3757.8
101   10   -448.8   152.9   3745.7
101   11   -446.3   -204.8   3759.1
101   12   -398.6   -499.2   3845.5
101   13   -282.6   156.4   3758.1
101   14   -299.5   -199.4   3794.1
101   15   -313.4   -499.6   3872.5
101   16   -865.2   609.2   3497.3
101   17   167.0   618.7   3621.8
101   18   -360.8   654.0   3686.0
102   0   -358.0   750.9   3683.6
102   1   -361.5   590.0   3704.1
102   2   -491.4   574.8   3682.2
102   3   -694.7   565.4   3594.8
102   4   -898.0   617.3   3474.3
102   5   -229.4   579.7   3709.5
102   6   -8.6   563.4   3701.8
102   7   197.7   634.0   3597.8
102   8   -363.8   386.2   3761.7
102   9   -364.9   218.9   3757.7
102   10   -447.1   153.9   3745.9
102   11   -446.3   -203.8   3759.5
102   12   -398.9   -498.4   3845.4
102   13   -281.2   155.7   3758.1
102   14   -299.2   -200.0   3794.2
102   15   -313.5   -500.2   3872.4
102   16   -864.2   608.6   3494.4
102   17   163.3   622.3   3615.1
102   18   -360.8   654.0   3686.0
103   0   -355.4   750.8   3682.1
103   1   -361.2   590.0   3704.0
103   2   -491.8   574.3   3682.2
103   3   -695.0   564.9   3594.5
103   4   -897.4   617.0   3472.5
103   5   -228.8   579.6   3709.5
103   6   -8.0   563.0   3701.7
103   7   202.5   628.9   3602.9
103   8   -362.4   386.0   3761.4
103   9   -363.4   217.0   3757.6
103   10   -445.6   154.7   3746.1
103   11   -446.4   -202.7   3760.1
103   12   -399.3   -497.6   3845.3
103   13   -280.3   155.3   3758.1
103   14   -299.0   -200.2   3794.1
103   15   -313.4   -500.3   3872.1
103   16   -863.7   608.3   3492.9
103   17   167.4   617.9   3619.3
103   18   -360.8   654.0   3686.0
104   0   -353.8   750.7   3681.7
104   1   -360.9   589.9   3703.9
104   2   -492.0   573.8   3682.1
104   3   -695.3   564.3   3594.1
104   4   -897.0   617.0   3471.3
104   5   -228.3   579.4   3709.6
104   6   -7.4   562.9   3701.5
104   7   202.7   627.8   3601.0
104   8   -361.4   385.9   3761.2
104   9   -362.3   215.5   3757.6
104   10   -444.4   155.3   3746.3
104   11   -446.4   -201.7   3760.2
104   12   -399.6   -496.6   3845.0
104   13   -279.8   155.0   3758.2
104   14   -298.7   -200.0   3794.1
104   15   -313.5   -500.2   3871.9
104   16   -863.4   608.2   3491.8
104   17   167.7   617.0   3617.7
104   18   -360.8   654.0   3686.0
105   0   -353.1   750.7   3681.9
105   1   -360.8   589.9   3703.9
105   2   -492.3   573.4   3682.1
105   3   -695.5   563.6   3593.9
105   4   -896.8   617.1   3470.8
105   5   -227.9   579.1   3709.7
105   6   -7.0   562.8   3701.4
105   7   197.4   632.8   3592.8
105   8   -360.8   385.9   3761.0
105   9   -361.6   214.4   3757.5
105   10   -443.7   155.8   3746.4
105   11   -446.4   -200.6   3759.9
105   12   -399.8   -495.6   3844.8
105   13   -279.5   154.9   3758.2
105   14   -298.3   -199.4   3794.1
105   15   -313.5   -499.7   3871.7
105   16   -863.3   608.2   3491.3
105   17   163.3   621.2   3610.9
105   18   -360.8   654.0   3686.0
106   0   -352.9   750.7   3682.2
106   1   -360.7   589.9   3703.9
106   2   -492.7   573.2   3682.1
106   3   -695.7   562.8   3593.6
106   4   -895.0   616.8   3471.6
106   5   -227.6   578.9   3709.7
106   6   -6.6   562.9   3701.2
106   7   203.0   625.6   3604.4
106   8   -360.6   385.8   3760.9
106   9   -361.4   213.6   3757.5
106   10   -443.2   156.0   3746.5
106   11   -446.4   -199.6   3759.2
106   12   -400.0   -494.5   3844.6
106   13   -279.5   155.0   3758.3
106   14   -297.9   -198.6   3794.2
106   15   -313.5   -498.9   3871.4
106   16   -861.8   607.8   3491.9
106   17   168.0   615.1   3620.5
106   18   -360.8   654.0   3686.0
107   0   -353.0   750.7   3682.5
107   1   -360.7   589.9   3703.9
107   2   -493.0   573.0   3682.1
107   3   -695.7   562.0   3593.3
107   4   -894.3   616.8   3471.9
107   5   -227.3   578.6   3709.8
107   6   -6.4   562.9   3701.5
107   7   197.3   631.2   3597.8
107   8   -360.7   385.8   3760.8
107   9   -361.3   213.0   3757.5
107   10   -443.0   156.1   3746.6
107   11   -446.4   -198.7   3758.4
107   12   -400.3   -493.4   3844.4
107   13   -279.6   155.1   3758.5
107   14   -297.7   -197.7   3794.3
107   15   -313.3   -498.1   3871.0
107   16   -861.2   607.7   3492.1
107   17   163.3   619.8   3615.1
107   18   -360.8   654.0   3686.0
108   0   -353.2   750.7   3682.8
108   1   -360.8   589.9   3703.8
108   2   -493.2   572.8   3682.1
108   3   -695.8   561.6   3593.2
108   4   -894.4   616.9   3471.9
108   5   -227.0   578.4   3709.9
108   6   -6.2   562.9   3702.0
108   7   198.0   631.1   3598.4
108   8   -360.9   385.8   3760.8
108   9   -361.3   212.6   3757.5
108   10   -442.8   156.2   3746.8
108   11   -446.4   -198.0   3758.4
108   12   -400.5   -492.9   3844.0
108   13   -279.8   155.2   3758.8
108   14   -297.6   -196.9   3794.5
108   15   -313.4   -498.0   3868.7
108   16   -861.3   607.7   3492.1
108   17   164.0   619.8   3615.7
108   18   -360.8   654.0   3686.0
109   0   -353.4   750.7   3683.1
109   1   -360.8   589.9   3703.8
109   2   -493.5   572.6   3682.1
109   3   -695.9   561.5   3593.0
109   4   -894.8   617.0   3471.7
109   5   -226.8   578.2   3709.9
109   6   -6.0   563.0   3703.2
109   7   199.3   629.7   3599.6
109   8   -361.1   385.7   3760.7
109   9   -361.4   212.3   3757.5
109   10   -442.7   156.2   3747.0
109   11   -446.4   -197.5   3758.3
109   12   -401.0   -492.5   3843.9
109   13   -279.9   155.4   3759.1
109   14   -297.6   -196.3   3794.6
109   15   -313.4   -498.2   3865.4
109   16   -861.7   607.8   3492.0
109   17   165.1   618.6   3616.9
109   18   -360.7   654.0   3686.0
110   0   -353.5   750.7   3683.3
110   1   -360.9   589.9   3703.8
110   2   -493.7   572.5   3682.1
110   3   -695.9   561.4   3592.7
110   4   -895.3   617.2   3471.5
110   5   -226.6   578.1   3709.9
110   6   -5.9   563.0   3704.7
110   7   199.3   629.0   3599.3
110   8   -361.3   385.7   3760.6
110   9   -361.4   212.1   3757.5
110   10   -442.7   156.3   3747.1
110   11   -446.4   -197.1   3758.3
110   12   -401.2   -492.1   3843.8
110   13   -280.0   155.5   3759.4
110   14   -297.6   -195.8   3794.6
110   15   -312.4   -498.2   3863.6
110   16   -862.1   607.9   3491.7
110   17   165.1   618.0   3616.8
110   18   -360.7   654.0   3686.0
111   0   -353.7   750.7   3683.4
111   1   -360.9   589.9   3703.8
111   2   -493.9   572.4   3682.1
111   3   -695.8   561.2   3592.3
111   4   -895.8   617.3   3471.3
111   5   -226.5   577.8   3709.9
111   6   -5.8   563.0   3704.9
111   7   199.9   628.8   3599.3
111   8   -361.6   385.7   3760.6
111   9   -361.5   211.9   3757.5
111   10   -442.6   156.3   3747.5
111   11   -446.4   -196.8   3758.5
111   12   -401.6   -492.3   3842.7
111   13   -280.1   155.6   3760.0
111   14   -297.7   -195.5   3794.6
111   15   -312.9   -498.4   3861.0
111   16   -862.5   608.0   3491.4
111   17   165.7   617.8   3616.9
111   18   -360.7   654.0   3686.0
112   0   -353.8   750.8   3683.4
112   1   -361.0   589.9   3703.8
112   2   -494.1   572.3   3682.1
112   3   -695.8   561.0   3591.9
112   4   -896.2   617.5   3471.0
112   5   -226.4   577.5   3709.9
112   6   -5.7   563.1   3704.5
112   7   202.5   627.2   3602.1
112   8   -361.9   385.7   3760.5
112   9   -361.5   211.8   3757.4
112   10   -442.6   156.3   3747.8
112   11   -446.4   -196.4   3758.6
112   12   -401.8   -492.2   3841.8
112   13   -280.2   155.7   3760.4
112   14   -297.8   -195.2   3794.4
112   15   -314.5   -498.2   3860.2
112   16   -862.8   608.1   3491.2
112   17   167.8   616.5   3619.2
112   18   -360.7   654.0   3686.0
113   0   -353.8   750.8   3683.5
113   1   -361.1   589.9   3703.8
113   2   -494.4   572.3   3682.1
113   3   -695.8   560.9   3591.6
113   4   -896.5   617.6   3470.7
113   5   -226.3   577.2   3709.9
113   6   -5.7   563.2   3703.8
113   7   207.5   623.0   3609.1
113   8   -362.3   385.7   3760.5
113   9   -361.5   211.8   3757.4
113   10   -442.6   156.4   3748.2
113   11   -446.4   -196.1   3758.7
113   12   -401.8   -492.2   3840.5
113   13   -280.3   155.8   3760.8
113   14   -297.8   -194.8   3794.0
113   15   -316.8   -497.7   3859.8
113   16   -863.0   608.1   3490.9
113   17   172.0   613.1   3624.9
113   18   -360.7   654.0   3686.0
114   0   -353.9   750.8   3683.5
114   1   -361.2   589.9   3703.8
114   2   -494.6   572.2   3682.1
114   3   -695.9   560.9   3591.4
114   4   -895.1   617.2   3471.3
114   5   -226.1   577.0   3709.9
114   6   -5.6   563.2   3703.6
114   7   208.9   620.0   3614.0
114   8   -362.6   385.7   3760.5
114   9   -361.6   211.8   3757.4
114   10   -442.6   156.4   3748.8
114   11   -446.4   -195.8   3758.8
114   12   -402.1   -492.8   3837.6
114   13   -280.4   155.9   3761.6
114   14   -297.8   -194.6   3794.3
114   15   -321.2   -497.4   3858.6
114   16   -861.9   607.8   3491.3
114   17   173.1   610.5   3628.9
114   18   -360.7   654.0   3686.0
115   0   -354.1   750.8   3683.5
115   1   -361.2   589.9   3703.8
115   2   -494.7   572.1   3682.0
115   3   -695.9   560.9   3591.3
115   4   -894.6   617.1   3471.1
115   5   -226.0   576.9   3709.9
115   6   -5.5   563.2   3703.9
115   7   206.9   621.5   3611.6
115   8   -362.9   385.7   3760.5
115   9   -361.6   211.8   3757.4
115   10   -442.7   156.4   3749.4
115   11   -446.4   -195.7   3758.8
115   12   -401.8   -492.9   3836.8
115   13   -280.5   155.9   3762.4
115   14   -297.8   -194.4   3794.9
115   15   -322.8   -497.4   3857.8
115   16   -861.5   607.7   3491.1
115   17   171.5   611.8   3626.9
115   18   -360.7   654.0   3686.0
116   0   -354.2   750.8   3683.5
116   1   -361.3   589.9   3703.8
116   2   -494.9   572.1   3682.0
116   3   -696.0   560.9   3591.2
116   4   -894.8   617.1   3470.9
116   5   -225.8   576.8   3709.9
116   6   -5.3   563.1   3704.0
116   7   208.2   620.4   3613.2
116   8   -363.3   385.7   3760.5
116   9   -361.6   211.8   3757.4
116   10   -442.6   156.4   3749.7
116   11   -446.3   -196.1   3758.9
116   12   -402.0   -493.9   3834.5
116   13   -280.5   155.9   3762.7
116   14   -297.9   -194.7   3795.6
116   15   -322.8   -498.0   3857.2
116   16   -861.6   607.7   3491.0
116   17   172.6   610.9   3628.3
116   18   -360.7   654.0   3686.0
117   0   -354.3   750.8   3683.5
117   1   -361.4   589.9   3703.8
117   2   -495.0   572.0   3682.0
117   3   -696.1   560.9   3591.2
117   4   -893.8   616.8   3471.7
117   5   -225.7   576.8   3710.0
117   6   -5.2   562.9   3704.1
117   7   209.1   617.8   3617.3
117   8   -363.6   385.7   3760.5
117   9   -361.6   211.8   3757.4
117   10   -442.6   156.3   3749.8
117   11   -446.3   -196.2   3759.2
117   12   -401.4   -494.2   3833.8
117   13   -280.6   155.9   3762.9
117   14   -297.9   -194.8   3795.5
117   15   -322.4   -497.4   3860.4
117   16   -860.9   607.5   3491.7
117   17   173.4   608.6   3631.8
117   18   -360.7   654.0   3686.0
118   0   -354.4   750.8   3683.5
118   1   -361.5   589.9   3703.8
118   2   -495.1   571.9   3682.0
118   3   -696.2   560.9   3591.2
118   4   -892.3   616.4   3472.8
118   5   -225.6   576.7   3710.0
118   6   -5.1   562.8   3704.1
118   7   207.9   616.7   3619.0
118   8   -363.9   385.6   3760.5
118   9   -361.7   211.8   3757.4
118   10   -442.6   156.3   3749.8
118   11   -446.3   -196.3   3759.6
118   12   -401.1   -494.5   3833.4
118   13   -280.6   155.8   3763.0
118   14   -297.9   -195.0   3795.4
118   15   -321.7   -497.7   3860.1
118   16   -859.6   607.1   3492.6
118   17   172.4   607.7   3633.1
118   18   -360.7   654.0   3686.0
119   0   -354.4   750.8   3683.5
119   1   -361.5   589.9   3703.8
119   2   -495.2   571.9   3682.0
119   3   -696.3   560.9   3591.2
119   4   -892.3   616.4   3473.0
119   5   -225.5   576.6   3710.0
119   6   -5.0   562.6   3704.2
119   7   207.2   617.3   3618.0
119   8   -364.0   385.6   3760.5
119   9   -361.7   211.8   3757.4
119   10   -442.6   156.2   3749.9
119   11   -446.2   -197.0   3760.1
119   12   -400.8   -495.3   3833.4
119   13   -280.6   155.8   3763.1
119   14   -297.9   -195.6   3795.4
119   15   -321.5   -498.5   3859.5
119   16   -859.6   607.1   3492.7
119   17   171.8   608.2   3632.3
119   18   -360.7   654.0   3686.0
120   0   -354.5   750.8   3683.5
120   1   -361.5   589.9   3703.8
120   2   -495.2   571.8   3682.0
120   3   -696.3   560.9   3591.2
120   4   -893.0   616.5   3472.8
120   5   -225.4   576.6   3710.0
120   6   -5.0   562.4   3704.4
120   7   207.1   618.1   3616.6
120   8   -364.1   385.6   3760.5
120   9   -361.7   211.8   3757.4
120   10   -442.7   156.2   3749.9
120   11   -446.2   -197.5   3760.8
120   12   -400.6   -496.0   3833.3
120   13   -280.6   155.8   3763.3
120   14   -297.9   -196.2   3795.3
120   15   -321.8   -499.1   3859.1
120   16   -860.3   607.3   3492.6
120   17   171.8   608.8   3631.2
120   18   -360.7   654.0   3686.0
121   0   -354.6   750.8   3683.5
121   1   -361.5   589.9   3703.8
121   2   -495.3   571.8   3682.0
121   3   -696.4   561.0   3591.2
121   4   -894.1   616.8   3472.6
121   5   -225.3   576.5   3710.0
121   6   -4.9   562.2   3704.6
121   7   207.6   618.6   3615.7
121   8   -364.1   385.6   3760.5
121   9   -361.7   211.8   3757.4
121   10   -442.7   156.2   3750.0
121   11   -446.3   -197.8   3761.3
121   12   -400.4   -496.3   3833.4
121   13   -280.6   155.8   3763.4
121   14   -297.9   -196.5   3795.2
121   15   -322.0   -499.3   3859.5
121   16   -861.1   607.5   3492.3
121   17   172.2   609.2   3630.5
121   18   -360.7   654.0   3686.0
122   0   -354.7   750.8   3683.5
122   1   -361.5   589.9   3703.8
122   2   -495.4   571.7   3682.0
122   3   -696.5   561.2   3591.2
122   4   -895.4   617.2   3472.9
122   5   -225.2   576.5   3710.0
122   6   -4.9   561.9   3704.9
122   7   208.3   618.8   3615.1
122   8   -364.1   385.6   3760.5
122   9   -361.7   211.8   3757.4
122   10   -442.7   156.2   3750.0
122   11   -446.3   -198.3   3761.6
122   12   -400.1   -496.8   3833.3
122   13   -280.6   155.8   3763.5
122   14   -297.9   -197.0   3795.1
122   15   -321.7   -500.0   3858.8
122   16   -862.3   607.8   3492.6
122   17   172.7   609.3   3630.1
122   18   -360.7   654.0   3686.0
123   0   -354.8   750.8   3683.5
123   1   -361.5   589.9   3703.8
123   2   -495.4   571.7   3682.0
123   3   -696.5   561.4   3591.2
123   4   -897.0   617.6   3474.0
123   5   -225.2   576.5   3710.0
123   6   -4.8   561.7   3705.1
123   7   208.8   618.9   3614.6
123   8   -364.1   385.6   3760.5
123   9   -361.7   211.8   3757.4
123   10   -442.7   156.2   3750.1
123   11   -446.4   -199.3   3761.7
123   12   -399.7   -498.5   3830.3
123   13   -280.6   155.9   3763.5
123   14   -297.8   -198.0   3794.9
123   15   -321.7   -500.9   3858.8
123   16   -863.6   608.2   3493.5
123   17   173.2   609.4   3629.7
123   18   -360.7   654.0   3686.0
124   0   -354.9   750.8   3683.5
124   1   -361.5   589.9   3703.8
124   2   -495.5   571.7   3682.0
124   3   -696.6   561.6   3591.2
124   4   -898.3   617.9   3474.7
124   5   -225.1   576.4   3710.0
124   6   -4.8   561.4   3705.4
124   7   206.8   621.5   3610.3
124   8   -364.2   385.6   3760.5
124   9   -361.7   211.8   3757.5
124   10   -442.8   156.2   3750.1
124   11   -446.4   -200.2   3761.8
124   12   -399.2   -501.1   3821.7
124   13   -280.6   155.9   3763.7
124   14   -297.8   -199.0   3794.9
124   15   -322.2   -501.7   3859.3
124   16   -864.7   608.5   3494.2
124   17   171.5   611.5   3626.1
124   18   -360.7   654.0   3686.0
125   0   -355.1   750.8   3683.5
125   1   -361.5   589.9   3703.8
125   2   -495.5   571.6   3682.0
125   3   -696.7   562.0   3591.3
125   4   -898.8   618.1   3474.5
125   5   -225.1   576.4   3710.0
125   6   -4.7   561.0   3705.4
125   7   206.4   622.2   3608.9
125   8   -364.2   385.6   3760.5
125   9   -361.8   211.8   3757.5
125   10   -442.8   156.2   3750.2
125   11   -446.4   -201.1   3761.8
125   12   -399.0   -502.5   3818.8
125   13   -280.6   155.9   3763.8
125   14   -297.8   -199.8   3795.0
125   15   -322.0   -503.0   3857.1
125   16   -865.1   608.8   3493.9
125   17   171.2   612.0   3625.0
125   18   -360.6   654.0   3686.0
126   0   -355.2   750.8   3683.5
126   1   -361.5   589.9   3703.8
126   2   -495.5   571.6   3682.0
126   3   -696.8   562.5   3591.4
126   4   -899.4   618.4   3474.4
126   5   -225.0   576.4   3710.0
126   6   -4.7   560.6   3705.5
126   7   204.6   624.1   3605.7
126   8   -364.2   385.6   3760.5
126   9   -361.8   211.8   3757.5
126   10   -442.8   156.2   3750.2
126   11   -446.4   -201.8   3761.8
126   12   -398.9   -503.4   3818.3
126   13   -280.6   155.9   3764.0
126   14   -297.9   -200.5   3795.0
126   15   -322.4   -504.2   3855.0
126   16   -865.6   609.1   3493.9
126   17   169.8   613.5   3622.3
126   18   -360.6   654.0   3686.0
127   0   -355.4   750.8   3683.5
127   1   -361.5   589.9   3703.8
127   2   -495.6   571.6   3682.0
127   3   -696.7   562.7   3591.2
127   4   -899.7   618.8   3474.4
127   5   -225.0   576.3   3710.0
127   6   -4.7   560.1   3705.6
127   7   197.1   630.4   3595.4
127   8   -364.2   385.6   3760.5
127   9   -361.8   211.8   3757.5
127   10   -442.9   156.2   3750.3
127   11   -446.4   -200.8   3761.8
127   12   -399.1   -502.4   3818.3
127   13   -280.7   155.9   3764.1
127   14   -297.7   -199.6   3794.9
127   15   -322.8   -503.8   3851.5
127   16   -865.9   609.4   3493.8
127   17   163.5   618.7   3613.8
127   18   -360.6   654.0   3686.0
128   0   -355.6   750.9   3683.5
128   1   -361.5   589.9   3703.8
128   2   -495.6   571.6   3682.0
128   3   -696.7   562.8   3591.1
128   4   -900.0   619.2   3474.4
128   5   -224.9   576.3   3710.0
128   6   -4.7   559.5   3705.7
128   7   192.7   633.9   3589.5
128   8   -364.2   385.6   3760.5
128   9   -361.8   211.8   3757.5
128   10   -442.9   156.2   3750.3
128   11   -446.4   -199.2   3761.7
128   12   -399.6   -500.2   3821.3
128   13   -280.7   155.9   3764.2
128   14   -297.6   -197.9   3794.9
128   15   -323.3   -502.8   3847.9
128   16   -866.1   609.8   3493.8
128   17   159.8   621.5   3608.9
128   18   -360.6   654.0   3686.0
129   0   -355.8   750.9   3683.5
129   1   -361.5   589.9   3703.8
129   2   -495.6   571.6   3682.0
129   3   -696.7   562.9   3591.1
129   4   -900.1   619.6   3474.4
129   5   -224.9   576.3   3710.1
129   6   -4.7   558.8   3705.7
129   7   190.8   635.3   3587.0
129   8   -364.2   385.6   3760.6
129   9   -361.9   211.8   3757.6
129   10   -443.0   156.2   3750.3
129   11   -446.3   -197.4   3761.7
129   12   -399.9   -498.5   3821.8
129   13   -280.7   155.9   3764.3
129   14   -297.5   -196.3   3795.0
129   15   -324.0   -501.6   3844.3
129   16   -866.2   610.1   3493.8
129   17   158.2   622.6   3606.7
129   18   -360.6   654.0   3686.0
130   0   -356.0   750.9   3683.5
130   1   -361.5   589.9   3703.8
130   2   -495.6   571.6   3682.0
130   3   -696.8   562.9   3591.1
130   4   -900.2   619.9   3474.3
130   5   -224.9   576.3   3710.1
130   6   -4.8   558.0   3705.7
130   7   190.0   635.7   3586.0
130   8   -364.2   385.7   3760.7
130   9   -361.9   211.9   3757.8
130   10   -443.0   156.3   3750.4
130   11   -446.3   -197.6   3761.7
130   12   -399.9   -498.9   3820.8
130   13   -280.7   155.8   3764.4
130   14   -297.6   -196.5   3795.2
130   15   -324.6   -501.9   3844.1
130   16   -866.3   610.4   3493.8
130   17   157.5   622.7   3605.9
130   18   -360.6   654.0   3686.0
131   0   -356.4   750.9   3683.5
131   1   -361.5   589.9   3703.9
131   2   -495.7   571.6   3682.0
131   3   -696.8   563.0   3591.2
131   4   -900.3   620.4   3474.4
131   5   -224.8   576.3   3710.1
131   6   -4.8   557.1   3705.8
131   7   189.5   635.4   3585.6
131   8   -364.2   385.7   3760.9
131   9   -361.9   211.9   3758.3
131   10   -443.1   156.3   3750.6
131   11   -446.4   -198.5   3761.8
131   12   -399.9   -499.8   3820.4
131   13   -280.8   155.8   3764.7
131   14   -297.8   -197.5   3795.3
131   15   -326.1   -502.6   3845.2
131   16   -866.4   610.8   3493.9
131   17   157.2   622.4   3605.6
131   18   -360.6   654.0   3686.0
132   0   -356.7   750.9   3683.5
132   1   -361.5   589.9   3703.9
132   2   -495.7   571.6   3682.0
132   3   -696.9   563.0   3591.2
132   4   -900.4   620.8   3474.6
132   5   -224.8   576.3   3710.1
132   6   -4.9   556.3   3705.9
132   7   189.3   635.0   3585.4
132   8   -364.3   385.7   3761.0
132   9   -362.0   211.9   3759.0
132   10   -443.1   156.4   3750.8
132   11   -446.4   -199.7   3762.3
132   12   -399.7   -501.1   3820.2
132   13   -280.9   155.8   3765.1
132   14   -298.0   -198.7   3795.4
132   15   -326.7   -503.6   3846.8
132   16   -866.5   611.1   3494.0
132   17   156.9   621.9   3605.5
132   18   -360.6   654.0   3686.0
133   0   -357.0   750.9   3683.5
133   1   -361.5   589.9   3703.9
133   2   -495.7   571.6   3682.0
133   3   -696.9   563.1   3591.3
133   4   -900.4   621.1   3474.6
133   5   -224.8   576.2   3710.1
133   6   -4.9   555.5   3705.8
133   7   192.7   631.5   3589.2
133   8   -364.3   385.8   3761.1
133   9   -362.2   211.9   3759.9
133   10   -443.2   156.4   3751.1
133   11   -446.4   -199.8   3762.5
133   12   -399.8   -501.4   3819.8
133   13   -281.0   155.8   3765.4
133   14   -298.0   -198.9   3795.5
133   15   -327.0   -503.7   3847.1
133   16   -866.5   611.5   3494.1
133   17   159.7   618.9   3608.7
133   18   -360.6   654.0   3686.0
