2   0   -365.4   711.4   3672.5
2   1   -367.9   541.5   3675.2
2   2   -507.9   517.8   3676.1
2   3   -473.1   321.8   3563.5
2   4   -355.9   563.4   3558.9
2   5   -236.4   523.0   3719.9
2   6   -277.6   347.5   3579.3
2   7   -449.1   550.3   3539.5
2   8   -368.8   323.5   3726.3
2   9   -367.0   163.8   3726.1
2   10   -462.4   100.7   3749.4
2   11   -421.7   -234.4   3696.5
2   12   -395.1   -529.4   3821.3
2   13   -274.6   103.0   3763.1
2   14   -317.5   -234.4   3730.3
2   15   -303.7   -537.6   3836.0
2   16   -375.4   523.1   3559.7
2   17   -420.5   516.5   3546.1
2   18   -367.7   608.5   3659.5
3   0   -365.9   713.9   3672.6
3   1   -367.8   544.4   3675.5
3   2   -506.8   519.3   3670.4
3   3   -474.9   320.6   3562.8
3   4   -355.5   559.5   3551.3
3   5   -235.4   525.7   3715.4
3   6   -271.2   343.2   3586.5
3   7   -436.8   544.7   3534.2
3   8   -368.2   327.7   3729.4
3   9   -366.5   168.1   3730.8
3   10   -460.8   109.1   3750.0
3   11   -426.3   -227.6   3708.6
3   12   -394.2   -525.9   3816.8
3   13   -274.4   111.9   3763.0
3   14   -313.9   -226.6   3738.2
3   15   -304.5   -532.4   3833.1
3   16   -375.4   519.7   3553.2
3   17   -409.2   511.1   3542.9
3   18   -367.7   611.2   3658.9
4   0   -367.4   722.9   3673.8
4   1   -367.4   555.6   3676.2
4   2   -503.4   526.2   3665.5
4   3   -477.8   325.1   3560.8
4   4   -351.2   554.7   3531.7
4   5   -237.4   534.5   3713.0
4   6   -256.3   339.8   3605.6
4   7   -407.3   531.1   3518.8
4   8   -366.5   342.9   3737.4
4   9   -365.0   183.6   3743.8
4   10   -450.9   125.0   3752.3
4   11   -433.4   -214.0   3729.0
4   12   -391.2   -516.7   3811.3
4   13   -279.5   127.6   3763.1
4   14   -306.0   -212.2   3757.7
4   15   -306.9   -522.0   3828.5
4   16   -372.3   516.5   3536.6
4   17   -382.2   499.2   3533.2
4   18   -367.7   621.7   3657.2
5   0   -369.4   735.1   3675.8
5   1   -366.9   570.5   3676.7
5   2   -496.3   532.9   3656.8
5   3   -482.1   327.6   3558.8
5   4   -347.7   547.4   3515.9
5   5   -240.2   542.9   3703.2
5   6   -241.6   334.3   3623.6
5   7   -375.2   518.1   3504.4
5   8   -364.3   362.3   3745.5
5   9   -363.0   203.1   3758.3
5   10   -442.1   140.7   3754.6
5   11   -439.7   -200.6   3749.4
5   12   -388.7   -507.0   3803.7
5   13   -283.1   142.4   3763.6
5   14   -298.8   -198.4   3779.7
5   15   -308.2   -511.1   3825.0
5   16   -370.1   510.8   3523.1
5   17   -353.0   487.4   3524.2
5   18   -367.7   635.7   3655.1
6   0   -370.8   743.2   3677.3
6   1   -366.5   580.4   3676.5
6   2   -491.3   537.6   3654.2
6   3   -485.4   330.5   3558.3
6   4   -343.3   542.1   3511.5
6   5   -242.9   548.3   3697.1
6   6   -232.2   330.9   3635.4
6   7   -355.3   509.4   3497.0
6   8   -362.8   374.7   3750.0
6   9   -361.7   215.0   3765.9
6   10   -441.0   148.4   3754.8
6   11   -429.2   -194.0   3765.7
6   12   -387.1   -504.6   3799.4
6   13   -280.7   149.7   3763.9
6   14   -295.1   -192.0   3793.0
6   15   -309.0   -505.9   3825.6
6   16   -367.0   506.9   3519.3
6   17   -334.8   479.7   3520.0
6   18   -367.7   645.2   3653.3
7   0   -371.6   746.8   3678.3
7   1   -366.4   584.9   3675.6
7   2   -488.8   540.1   3654.4
7   3   -487.5   332.4   3559.0
7   4   -342.2   538.5   3507.3
7   5   -244.4   550.7   3693.5
7   6   -227.7   329.2   3640.4
7   7   -346.9   504.2   3494.2
7   8   -362.2   378.8   3749.6
7   9   -361.0   218.1   3765.8
7   10   -445.1   150.5   3753.8
7   11   -436.8   -193.4   3770.0
7   12   -386.9   -504.4   3798.0
7   13   -274.8   152.2   3763.9
7   14   -293.8   -190.1   3797.9
7   15   -309.7   -504.2   3832.6
7   16   -366.5   504.1   3515.9
7   17   -327.1   475.0   3518.5
7   18   -367.7   649.7   3652.4
8   0   -372.0   747.4   3679.1
8   1   -366.3   585.7   3674.6
8   2   -487.9   541.1   3655.7
8   3   -488.3   333.8   3559.3
8   4   -343.5   535.4   3503.1
8   5   -244.8   551.5   3691.6
8   6   -226.1   328.7   3641.6
8   7   -344.1   500.4   3494.9
8   8   -362.1   380.1   3746.3
8   9   -360.8   218.6   3760.4
8   10   -449.7   150.6   3752.6
8   11   -441.3   -193.8   3770.8
8   12   -387.1   -505.3   3797.6
8   13   -270.2   152.5   3764.3
8   14   -293.7   -190.1   3797.9
8   15   -310.0   -504.2   3838.2
8   16   -367.7   501.8   3512.5
8   17   -324.5   471.8   3519.3
8   18   -367.7   650.7   3651.9
9   0   -372.2   745.9   3679.5
9   1   -366.3   584.2   3673.6
9   2   -488.2   541.0   3656.0
9   3   -488.3   333.8   3559.3
9   4   -345.2   534.5   3503.3
9   5   -244.3   551.4   3690.4
9   6   -225.9   328.4   3640.3
9   7   -344.0   499.7   3495.9
9   8   -362.1   377.9   3743.6
9   9   -360.8   215.8   3754.7
9   10   -452.2   149.3   3751.7
9   11   -443.6   -194.9   3769.9
9   12   -387.5   -506.6   3797.4
9   13   -268.2   152.0   3764.8
9   14   -294.3   -190.3   3795.6
9   15   -310.0   -504.4   3840.6
9   16   -369.0   501.1   3512.6
9   17   -324.4   471.2   3520.0
9   18   -367.6   649.4   3651.6
10   0   -372.2   742.9   3679.7
10   1   -366.2   581.3   3673.1
10   2   -489.2   540.4   3656.2
10   3   -487.8   333.5   3559.1
10   4   -346.0   534.4   3505.2
10   5   -243.5   550.7   3690.2
10   6   -226.4   328.1   3639.3
10   7   -344.2   499.9   3497.3
10   8   -362.1   374.3   3742.0
10   9   -360.8   212.1   3750.8
10   10   -452.6   148.8   3750.9
10   11   -444.8   -195.0   3769.0
10   12   -388.3   -506.6   3797.7
10   13   -268.3   151.9   3765.1
10   14   -294.7   -190.3   3794.2
10   15   -309.9   -504.1   3841.7
10   16   -369.6   501.0   3514.2
10   17   -324.6   471.3   3520.9
10   18   -367.6   646.6   3651.4
11   0   -372.1   739.5   3679.3
11   1   -366.2   577.7   3672.9
11   2   -490.4   539.5   3656.3
11   3   -487.4   332.8   3558.9
11   4   -346.8   534.4   3506.3
11   5   -242.3   550.1   3690.4
11   6   -226.8   327.8   3638.6
11   7   -344.6   500.0   3498.1
11   8   -362.1   370.4   3741.3
11   9   -360.8   208.4   3749.0
11   10   -451.9   148.7   3750.8
11   11   -445.6   -195.1   3768.2
11   12   -389.1   -506.8   3796.4
11   13   -269.3   151.9   3765.4
11   14   -294.6   -190.3   3793.7
11   15   -309.5   -504.2   3841.4
11   16   -370.3   500.8   3515.0
11   17   -325.0   471.3   3521.6
11   18   -367.5   643.1   3651.3
12   0   -372.0   735.9   3678.5
12   1   -366.1   574.0   3672.8
12   2   -491.5   538.7   3656.3
12   3   -487.0   332.1   3558.8
12   4   -347.4   534.2   3506.6
12   5   -241.1   549.7   3690.7
12   6   -227.3   327.5   3638.6
12   7   -344.8   499.9   3498.8
12   8   -362.0   366.9   3741.1
12   9   -360.8   205.3   3748.5
12   10   -450.7   148.9   3751.0
12   11   -446.0   -195.0   3767.7
12   12   -389.6   -507.4   3793.9
12   13   -270.7   152.1   3765.7
12   14   -294.5   -190.3   3793.4
12   15   -308.9   -505.0   3839.9
12   16   -370.7   500.5   3515.3
12   17   -325.3   471.1   3522.1
12   18   -367.4   639.4   3651.3
13   0   -371.8   733.2   3677.7
13   1   -366.1   571.1   3673.0
13   2   -492.2   538.4   3656.3
13   3   -486.6   331.7   3559.0
13   4   -347.8   534.0   3507.1
13   5   -240.4   549.7   3690.8
13   6   -227.6   327.7   3638.2
13   7   -345.2   500.1   3499.0
13   8   -362.0   364.7   3741.4
13   9   -360.8   203.6   3748.7
13   10   -449.3   149.2   3751.3
13   11   -446.3   -194.9   3767.5
13   12   -389.8   -508.2   3789.7
13   13   -272.1   152.4   3765.9
13   14   -294.2   -190.4   3793.1
13   15   -308.2   -506.2   3836.0
13   16   -370.9   500.3   3515.8
13   17   -325.6   471.3   3522.2
13   18   -367.4   636.4   3651.3
14   0   -371.7   731.2   3677.1
14   1   -366.0   569.1   3673.1
14   2   -492.4   538.3   3656.3
14   3   -486.5   331.6   3559.5
14   4   -347.9   533.8   3507.5
14   5   -240.0   549.9   3690.7
14   6   -227.8   328.1   3637.7
14   7   -345.6   500.4   3498.9
14   8   -362.0   363.5   3741.8
14   9   -360.8   202.9   3749.2
14   10   -448.2   149.6   3751.6
14   11   -433.1   -194.3   3768.6
14   12   -389.6   -510.0   3787.7
14   13   -273.3   152.7   3766.2
14   14   -293.9   -190.5   3793.0
14   15   -308.0   -506.7   3836.3
14   16   -371.0   500.1   3516.2
14   17   -325.9   471.7   3522.0
14   18   -367.3   634.3   3651.3
15   0   -371.5   730.1   3676.8
15   1   -366.0   567.9   3673.3
15   2   -492.3   538.6   3656.1
15   3   -486.5   331.5   3560.1
15   4   -348.0   533.5   3507.6
15   5   -240.2   550.2   3690.6
15   6   -227.8   328.4   3637.6
15   7   -345.7   500.5   3498.8
15   8   -361.9   363.4   3742.2
15   9   -360.8   203.1   3749.8
15   10   -447.3   149.8   3751.8
15   11   -439.1   -194.9   3767.9
15   12   -389.5   -509.9   3786.1
15   13   -274.1   153.0   3766.6
15   14   -293.6   -190.8   3793.1
15   15   -307.8   -507.7   3831.6
15   16   -371.1   499.9   3516.3
15   17   -326.0   471.8   3522.0
15   18   -367.3   633.1   3651.3
16   0   -371.4   729.5   3676.6
16   1   -365.9   567.4   3673.4
16   2   -491.8   539.0   3656.0
16   3   -486.7   331.6   3560.8
16   4   -348.0   533.2   3507.6
16   5   -240.6   550.5   3690.4
16   6   -227.8   329.0   3636.8
16   7   -346.1   501.0   3498.5
16   8   -361.9   363.8   3742.5
16   9   -360.8   203.7   3750.3
16   10   -446.5   149.9   3751.5
16   11   -442.7   -195.4   3767.4
16   12   -389.4   -509.7   3785.6
16   13   -274.7   153.2   3766.4
16   14   -293.0   -191.1   3793.1
16   15   -307.7   -507.7   3832.7
16   16   -371.1   499.6   3516.5
16   17   -326.4   472.3   3521.6
16   18   -367.2   632.5   3651.4
17   0   -371.2   729.2   3676.5
17   1   -365.9   567.2   3673.6
17   2   -491.2   539.5   3655.9
17   3   -486.8   331.7   3561.6
17   4   -348.1   532.9   3507.6
17   5   -241.1   550.9   3690.2
17   6   -227.6   329.7   3635.8
17   7   -346.7   501.5   3498.1
17   8   -361.9   364.6   3742.6
17   9   -360.8   204.5   3750.7
17   10   -445.9   149.9   3751.4
17   11   -444.8   -195.8   3767.0
17   12   -389.3   -509.6   3786.1
17   13   -275.1   153.3   3766.2
17   14   -292.9   -191.2   3793.2
17   15   -307.8   -507.1   3836.9
17   16   -371.2   499.4   3516.6
17   17   -326.8   472.9   3521.1
17   18   -367.2   632.2   3651.4
18   0   -371.1   729.1   3676.4
18   1   -365.9   567.1   3673.7
18   2   -490.6   540.0   3655.9
18   3   -487.0   331.9   3562.3
18   4   -348.2   532.7   3507.5
18   5   -241.7   551.3   3690.0
18   6   -227.3   330.4   3634.6
18   7   -347.4   502.0   3497.6
18   8   -361.9   365.6   3742.7
18   9   -360.8   205.3   3751.2
18   10   -445.4   149.8   3751.4
18   11   -445.8   -196.1   3766.6
18   12   -389.2   -509.0   3787.1
18   13   -275.4   153.5   3766.1
18   14   -292.8   -191.3   3793.2
18   15   -308.2   -504.5   3848.7
18   16   -371.4   499.3   3516.6
18   17   -327.4   473.4   3520.4
18   18   -367.1   632.1   3651.4
19   0   -370.9   729.1   3676.4
19   1   -365.8   567.1   3673.7
19   2   -490.0   540.4   3655.8
19   3   -487.1   332.3   3562.5
19   4   -348.2   532.7   3507.4
19   5   -242.2   551.6   3689.8
19   6   -227.1   330.9   3634.2
19   7   -347.8   502.2   3497.7
19   8   -361.9   366.7   3742.8
19   9   -360.8   206.0   3751.6
19   10   -444.9   149.6   3751.4
19   11   -446.2   -196.3   3766.2
19   12   -389.0   -507.8   3788.5
19   13   -275.6   153.6   3766.0
19   14   -292.7   -191.2   3793.3
19   15   -308.5   -502.9   3851.2
19   16   -371.3   499.3   3516.6
19   17   -327.7   473.7   3520.4
19   18   -367.1   632.1   3651.4
20   0   -370.6   729.1   3676.4
20   1   -365.8   567.2   3673.8
20   2   -489.5   540.8   3655.8
20   3   -486.9   332.7   3562.7
20   4   -348.0   532.9   3507.2
20   5   -242.6   551.9   3689.5
20   6   -226.9   331.3   3634.4
20   7   -347.8   502.4   3498.1
20   8   -361.9   367.8   3742.8
20   9   -360.8   206.7   3752.2
20   10   -444.4   149.5   3751.4
20   11   -446.3   -196.4   3765.7
20   12   -389.0   -506.2   3791.5
20   13   -275.8   153.7   3766.0
20   14   -292.7   -191.0   3793.4
20   15   -308.6   -502.4   3845.0
20   16   -371.2   499.5   3516.4
20   17   -327.6   473.9   3520.8
20   18   -367.0   632.1   3651.4
21   0   -370.3   729.1   3676.4
21   1   -365.7   567.3   3673.9
21   2   -488.9   541.2   3655.8
21   3   -486.5   333.0   3562.9
21   4   -347.5   532.9   3506.9
21   5   -243.1   552.2   3689.3
21   6   -226.8   331.4   3635.0
21   7   -347.4   502.5   3498.5
21   8   -361.9   369.0   3742.8
21   9   -360.8   207.4   3752.8
21   10   -443.9   149.2   3751.6
21   11   -446.3   -196.6   3765.5
21   12   -389.1   -505.0   3793.0
21   13   -276.0   153.8   3766.0
21   14   -292.6   -190.8   3793.3
21   15   -308.6   -500.6   3847.2
21   16   -370.7   499.6   3516.2
21   17   -327.3   474.0   3521.2
21   18   -367.0   632.2   3651.4
22   0   -370.0   729.2   3676.4
22   1   -365.7   567.5   3674.0
22   2   -488.5   541.5   3655.7
22   3   -486.0   333.3   3563.1
22   4   -347.2   533.1   3506.6
22   5   -243.5   552.5   3689.1
22   6   -226.5   331.5   3636.0
22   7   -347.0   502.0   3499.0
22   8   -361.9   370.1   3742.8
22   9   -360.8   207.9   3753.5
22   10   -443.4   148.8   3751.7
22   11   -446.3   -196.8   3765.5
22   12   -389.6   -504.1   3793.7
22   13   -276.2   153.8   3765.8
22   14   -292.6   -190.6   3793.2
22   15   -308.8   -498.5   3850.7
22   16   -370.3   499.8   3516.1
22   17   -326.9   473.6   3521.8
22   18   -366.9   632.3   3651.4
23   0   -369.6   729.2   3676.4
23   1   -365.6   567.6   3674.0
23   2   -488.0   541.9   3655.7
23   3   -485.7   333.6   3563.4
23   4   -347.0   533.2   3506.6
23   5   -243.8   552.7   3688.9
23   6   -226.0   331.7   3636.5
23   7   -346.9   501.6   3499.2
23   8   -361.9   371.1   3742.7
23   9   -360.8   208.4   3754.0
23   10   -442.9   148.4   3751.7
23   11   -446.3   -196.9   3765.4
23   12   -390.5   -503.3   3793.9
23   13   -276.3   153.8   3765.6
23   14   -292.6   -190.3   3793.0
23   15   -309.3   -496.4   3854.9
23   16   -370.1   500.0   3516.1
23   17   -326.7   473.3   3522.1
23   18   -366.8   632.4   3651.4
24   0   -369.1   729.2   3676.4
24   1   -365.6   567.7   3674.1
24   2   -487.6   542.1   3655.7
24   3   -485.7   333.9   3563.6
24   4   -347.0   533.3   3506.6
24   5   -244.0   552.9   3688.7
24   6   -225.1   332.0   3636.7
24   7   -346.8   501.1   3499.5
24   8   -361.9   371.9   3742.6
24   9   -360.8   208.7   3754.6
24   10   -442.6   148.4   3751.7
24   11   -446.2   -196.6   3764.9
24   12   -391.6   -502.6   3794.0
24   13   -276.4   153.9   3765.4
24   14   -292.6   -189.9   3792.6
24   15   -309.9   -495.9   3852.1
24   16   -370.1   500.0   3516.1
24   17   -326.5   473.0   3522.3
24   18   -366.8   632.4   3651.4
25   0   -368.4   729.2   3676.5
25   1   -365.5   567.7   3674.1
25   2   -487.3   542.4   3655.7
25   3   -485.7   334.1   3563.9
25   4   -346.9   533.3   3506.8
25   5   -244.2   553.0   3688.6
25   6   -224.5   332.2   3636.8
25   7   -346.9   500.7   3499.6
25   8   -362.0   372.5   3742.6
25   9   -360.8   209.0   3755.3
25   10   -442.5   148.5   3751.7
25   11   -446.2   -196.0   3764.0
25   12   -394.1   -502.2   3794.4
25   13   -276.4   153.9   3765.3
25   14   -292.5   -189.4   3792.1
25   15   -310.2   -494.6   3855.0
25   16   -370.1   500.1   3516.3
25   17   -326.5   472.7   3522.5
25   18   -366.7   632.4   3651.4
26   0   -367.6   729.2   3676.5
26   1   -365.5   567.8   3674.3
26   2   -487.0   542.6   3655.7
26   3   -485.4   334.3   3564.1
26   4   -346.8   533.6   3507.1
26   5   -244.4   553.2   3688.3
26   6   -224.7   332.4   3636.6
26   7   -347.4   500.4   3499.1
26   8   -362.0   373.2   3743.2
26   9   -360.8   209.4   3756.2
26   10   -442.3   148.7   3751.7
26   11   -446.3   -195.4   3762.9
26   12   -397.8   -502.4   3794.5
26   13   -276.5   154.0   3765.3
26   14   -292.4   -189.0   3791.3
26   15   -310.4   -493.6   3857.8
26   16   -369.9   500.4   3516.6
26   17   -327.0   472.4   3522.0
26   18   -366.6   632.4   3651.4
27   0   -366.8   729.2   3676.5
27   1   -365.4   568.0   3674.5
27   2   -486.7   542.8   3655.7
27   3   -485.0   334.5   3564.3
27   4   -346.8   533.9   3507.3
27   5   -244.5   553.3   3688.2
27   6   -224.5   332.7   3636.4
27   7   -347.6   500.1   3498.9
27   8   -362.0   373.9   3744.2
27   9   -360.8   209.9   3757.1
27   10   -442.2   148.8   3751.9
27   11   -446.3   -194.9   3761.2
27   12   -400.7   -502.5   3794.6
27   13   -276.5   154.0   3765.2
27   14   -292.4   -188.5   3790.9
27   15   -311.2   -493.3   3858.5
27   16   -369.8   500.7   3516.8
27   17   -327.1   472.2   3521.8
27   18   -366.5   632.5   3651.4
28   0   -365.9   729.2   3676.5
28   1   -365.3   568.1   3674.8
28   2   -486.5   543.0   3655.7
28   3   -484.2   334.7   3564.5
28   4   -346.6   534.4   3507.6
28   5   -244.7   553.3   3688.1
28   6   -224.2   332.9   3636.4
28   7   -347.7   499.9   3498.9
28   8   -362.0   374.6   3745.4
28   9   -360.8   210.3   3758.1
28   10   -442.0   149.0   3752.0
28   11   -446.3   -194.1   3758.1
28   12   -399.9   -502.0   3794.5
28   13   -276.6   154.1   3765.2
28   14   -292.2   -187.9   3790.6
28   15   -312.3   -493.2   3858.6
28   16   -369.5   501.1   3517.1
28   17   -327.1   472.1   3521.8
28   18   -366.5   632.5   3651.4
29   0   -365.1   729.1   3676.5
29   1   -365.3   568.3   3675.1
29   2   -486.3   543.1   3655.7
29   3   -483.2   334.9   3564.7
29   4   -346.1   534.8   3507.9
29   5   -244.8   553.4   3688.1
29   6   -224.2   333.1   3636.2
29   7   -347.8   500.0   3498.8
29   8   -362.0   375.1   3746.5
29   9   -360.8   210.6   3758.7
29   10   -442.0   149.2   3751.9
29   11   -446.3   -193.2   3754.8
29   12   -396.5   -501.0   3794.5
29   13   -276.6   154.2   3765.2
29   14   -292.1   -187.0   3790.5
29   15   -312.4   -493.2   3858.6
29   16   -369.0   501.5   3517.3
29   17   -327.2   472.2   3521.7
29   18   -366.4   632.5   3651.4
30   0   -364.3   729.1   3676.4
30   1   -365.2   568.4   3675.4
30   2   -486.1   543.3   3655.7
30   3   -481.6   335.1   3564.8
30   4   -345.7   535.7   3507.8
30   5   -244.8   553.5   3688.0
30   6   -223.6   333.2   3636.6
30   7   -347.5   499.6   3499.1
30   8   -362.0   375.7   3747.8
30   9   -360.8   211.0   3759.2
30   10   -441.9   149.4   3751.9
30   11   -446.3   -192.0   3753.9
30   12   -395.0   -500.1   3794.3
30   13   -276.7   154.3   3765.2
30   14   -291.9   -185.8   3790.5
30   15   -312.4   -492.8   3858.2
30   16   -368.3   502.3   3517.3
30   17   -326.9   471.9   3522.0
30   18   -366.3   632.5   3651.4
31   0   -363.5   729.0   3676.4
31   1   -365.0   568.6   3675.9
31   2   -485.8   543.5   3655.7
31   3   -478.6   335.5   3564.9
31   4   -345.1   537.3   3507.4
31   5   -244.6   553.7   3688.0
31   6   -222.3   333.4   3637.4
31   7   -347.0   498.9   3499.8
31   8   -362.0   376.4   3749.7
31   9   -360.8   211.5   3759.8
31   10   -442.0   149.9   3751.9
31   11   -446.3   -190.4   3753.7
31   12   -394.3   -499.3   3794.2
31   13   -276.6   154.6   3765.1
31   14   -291.7   -184.5   3790.6
31   15   -312.4   -492.4   3857.5
31   16   -367.4   503.7   3517.0
31   17   -326.2   471.3   3522.7
31   18   -366.1   632.5   3651.4
32   0   -362.7   727.9   3676.1
32   1   -364.8   568.8   3676.3
32   2   -485.5   543.7   3655.7
32   3   -472.6   336.1   3565.0
32   4   -344.1   540.6   3506.4
32   5   -244.4   553.7   3687.9
32   6   -220.6   333.6   3637.8
32   7   -346.5   498.1   3500.2
32   8   -362.0   377.0   3751.4
32   9   -360.8   211.9   3760.2
32   10   -442.1   150.3   3751.9
32   11   -446.3   -188.9   3753.7
32   12   -394.1   -498.5   3794.1
32   13   -276.6   154.7   3765.1
32   14   -291.5   -183.2   3790.6
32   15   -312.3   -492.4   3855.3
32   16   -365.5   506.5   3516.2
32   17   -325.6   470.7   3523.2
32   18   -365.8   632.5   3651.4
33   0   -362.0   726.5   3675.8
33   1   -364.6   569.0   3676.7
33   2   -485.3   543.9   3655.7
33   3   -467.8   336.7   3565.1
33   4   -342.8   543.0   3505.6
33   5   -244.2   553.7   3688.0
33   6   -220.5   333.7   3637.9
33   7   -346.2   497.9   3500.1
33   8   -362.0   377.6   3752.9
33   9   -360.8   212.2   3760.5
33   10   -442.6   151.4   3751.8
33   11   -446.3   -186.6   3753.1
33   12   -394.1   -497.0   3794.6
33   13   -276.6   154.9   3765.1
33   14   -291.3   -181.9   3790.5
33   15   -312.3   -492.6   3852.6
33   16   -363.7   508.6   3515.5
33   17   -325.3   470.6   3523.1
33   18   -365.4   632.5   3651.4
34   0   -361.3   725.1   3675.4
34   1   -364.3   569.1   3676.9
34   2   -485.0   544.0   3655.7
34   3   -467.9   336.9   3565.0
34   4   -342.3   542.9   3505.8
34   5   -244.0   553.5   3688.0
34   6   -220.0   333.7   3637.9
34   7   -345.8   497.6   3499.9
34   8   -361.9   377.9   3753.9
34   9   -360.8   212.3   3760.8
34   10   -443.3   153.0   3751.7
34   11   -446.3   -184.2   3752.8
34   12   -394.4   -495.5   3795.2
34   13   -276.6   155.1   3765.1
34   14   -291.0   -180.9   3790.3
34   15   -311.9   -492.5   3852.7
34   16   -363.2   508.6   3515.7
34   17   -324.8   470.2   3522.9
34   18   -365.1   632.5   3651.4
35   0   -360.7   723.9   3675.1
35   1   -364.0   569.2   3677.0
35   2   -484.7   544.2   3655.7
35   3   -471.5   337.1   3564.8
35   4   -342.0   540.6   3506.6
35   5   -243.7   553.4   3688.1
35   6   -219.9   333.7   3637.7
35   7   -345.5   497.2   3499.4
35   8   -361.9   378.0   3754.5
35   9   -360.8   212.3   3760.9
35   10   -443.5   153.6   3751.7
35   11   -446.3   -183.2   3752.7
35   12   -394.6   -495.1   3795.6
35   13   -276.5   155.3   3765.1
35   14   -290.8   -180.3   3789.9
35   15   -311.7   -492.2   3853.9
35   16   -363.6   506.7   3516.3
35   17   -324.6   470.0   3522.5
35   18   -364.7   632.5   3651.4
36   0   -360.0   722.9   3674.8
36   1   -363.7   569.3   3677.0
36   2   -484.5   544.4   3655.7
36   3   -476.1   337.2   3564.7
36   4   -341.9   537.8   3507.6
36   5   -243.4   553.2   3688.2
36   6   -220.1   334.3   3634.8
36   7   -346.6   498.6   3498.5
36   8   -361.9   378.0   3754.7
36   9   -360.8   212.2   3761.0
36   10   -443.5   153.7   3751.7
36   11   -446.3   -183.2   3752.7
36   12   -394.8   -495.2   3796.0
36   13   -276.5   155.5   3765.0
36   14   -290.5   -180.2   3789.2
36   15   -311.7   -492.1   3853.5
36   16   -364.3   504.4   3517.1
36   17   -325.5   471.2   3521.2
36   18   -364.2   632.5   3651.4
37   0   -359.4   722.1   3674.6
37   1   -363.3   569.3   3677.0
37   2   -484.3   544.6   3655.7
37   3   -475.4   337.5   3564.7
37   4   -341.3   538.1   3507.6
37   5   -243.1   553.0   3688.3
37   6   -220.7   335.1   3631.0
37   7   -348.0   501.0   3497.6
37   8   -361.9   378.0   3754.7
37   9   -360.8   212.1   3761.0
37   10   -443.2   153.0   3751.7
37   11   -446.3   -183.7   3753.0
37   12   -394.8   -495.6   3797.6
37   13   -276.4   155.7   3765.0
37   14   -290.1   -180.0   3788.8
37   15   -311.7   -492.0   3852.9
37   16   -363.7   504.7   3517.1
37   17   -326.8   473.3   3519.8
37   18   -363.8   632.5   3651.4
38   0   -358.7   721.5   3674.5
38   1   -363.0   569.4   3677.0
38   2   -484.0   544.7   3655.6
38   3   -476.0   337.7   3564.6
38   4   -341.3   537.8   3507.7
38   5   -242.7   552.8   3688.3
38   6   -221.0   335.4   3629.4
38   7   -348.5   501.9   3497.2
38   8   -361.8   378.0   3754.7
38   9   -360.8   212.0   3761.0
38   10   -443.0   152.6   3751.7
38   11   -446.4   -184.0   3753.1
38   12   -394.8   -495.7   3798.4
38   13   -276.3   155.8   3765.0
38   14   -289.9   -179.7   3788.0
38   15   -311.6   -491.7   3851.7
38   16   -363.7   504.5   3517.2
38   17   -327.2   474.2   3519.3
38   18   -363.4   632.5   3651.4
39   0   -357.9   721.0   3674.3
39   1   -362.7   569.4   3677.0
39   2   -483.8   544.9   3655.6
39   3   -475.9   338.0   3564.8
39   4   -341.3   537.9   3507.7
39   5   -242.4   552.6   3688.4
39   6   -221.0   335.4   3629.2
39   7   -348.3   502.0   3497.2
39   8   -361.8   378.0   3754.6
39   9   -360.8   211.9   3761.0
39   10   -442.9   152.2   3751.6
39   11   -446.4   -183.7   3753.1
39   12   -394.8   -495.8   3798.2
39   13   -276.2   155.9   3765.0
39   14   -289.9   -179.1   3786.6
39   15   -311.5   -491.2   3851.4
39   16   -363.7   504.6   3517.2
39   17   -327.1   474.2   3519.2
39   18   -363.0   632.5   3651.4
40   0   -357.1   720.6   3674.2
40   1   -362.4   569.4   3677.0
40   2   -483.6   545.0   3655.6
40   3   -476.0   338.1   3565.1
40   4   -341.4   537.8   3507.6
40   5   -242.0   552.5   3688.4
40   6   -220.3   335.3   3629.8
40   7   -348.0   500.8   3497.2
40   8   -361.8   378.0   3754.6
40   9   -360.8   211.9   3761.0
40   10   -442.9   152.0   3751.6
40   11   -446.4   -183.1   3753.1
40   12   -394.9   -496.0   3796.5
40   13   -276.0   156.1   3765.0
40   14   -289.9   -178.2   3784.5
40   15   -311.5   -490.5   3851.1
40   16   -363.9   504.6   3517.2
40   17   -326.7   473.3   3519.3
40   18   -362.6   632.5   3651.4
41   0   -356.3   720.3   3674.1
41   1   -362.0   569.5   3676.9
41   2   -483.3   545.2   3655.6
41   3   -476.2   338.2   3565.5
41   4   -341.6   537.7   3507.6
41   5   -241.6   552.4   3688.5
41   6   -218.5   335.0   3632.0
41   7   -346.9   498.3   3497.7
41   8   -361.7   378.0   3754.6
41   9   -360.8   211.8   3761.0
41   10   -442.9   151.7   3751.6
41   11   -446.4   -182.6   3753.1
41   12   -394.9   -496.1   3795.6
41   13   -275.7   156.3   3764.9
41   14   -289.8   -177.3   3783.4
41   15   -311.4   -490.0   3850.7
41   16   -364.0   504.4   3517.3
41   17   -325.5   471.1   3520.1
41   18   -362.1   632.5   3651.4
42   0   -355.5   720.0   3674.1
42   1   -361.7   569.5   3676.9
42   2   -483.0   545.4   3655.6
42   3   -476.3   338.5   3565.7
42   4   -341.6   537.6   3507.5
42   5   -241.3   552.3   3688.5
42   6   -217.8   334.8   3633.0
42   7   -346.7   496.4   3497.3
42   8   -361.7   378.0   3754.5
42   9   -360.8   211.8   3761.0
42   10   -442.9   151.5   3751.5
42   11   -446.4   -182.2   3752.2
42   12   -395.2   -496.3   3795.3
42   13   -275.5   156.3   3764.9
42   14   -289.7   -176.6   3783.3
42   15   -311.3   -490.1   3849.1
42   16   -364.1   504.4   3517.2
42   17   -325.3   469.4   3519.9
42   18   -361.7   632.5   3651.4
43   0   -355.0   719.9   3674.0
43   1   -361.4   569.5   3676.9
43   2   -482.7   545.6   3655.6
43   3   -476.3   338.7   3565.9
43   4   -341.7   537.5   3507.4
43   5   -241.0   552.2   3688.6
43   6   -217.9   334.7   3633.2
43   7   -347.7   494.0   3495.9
43   8   -361.7   378.1   3754.5
43   9   -360.8   211.8   3761.0
43   10   -443.0   151.2   3751.4
43   11   -446.4   -182.0   3751.7
43   12   -395.5   -496.6   3795.3
43   13   -275.4   156.3   3764.9
43   14   -289.6   -176.2   3783.2
43   15   -311.2   -490.7   3847.0
43   16   -364.1   504.4   3517.1
43   17   -326.1   467.5   3518.8
43   18   -361.3   632.5   3651.4
44   0   -354.8   719.8   3674.0
44   1   -361.1   569.6   3676.9
44   2   -482.3   545.8   3655.6
44   3   -476.6   339.0   3566.1
44   4   -341.7   537.3   3507.3
44   5   -240.7   552.1   3688.6
44   6   -217.9   334.7   3633.4
44   7   -349.3   490.0   3493.5
44   8   -361.7   378.1   3754.5
44   9   -360.8   211.8   3761.0
44   10   -443.0   151.0   3751.4
44   11   -446.4   -181.9   3751.5
44   12   -395.8   -496.9   3795.7
44   13   -275.3   156.2   3764.8
44   14   -289.5   -175.9   3783.1
44   15   -311.1   -491.3   3844.8
44   16   -364.2   504.3   3517.1
44   17   -327.4   464.1   3516.8
44   18   -360.9   632.5   3651.4
45   0   -354.7   719.7   3674.0
45   1   -360.7   569.6   3676.9
45   2   -481.9   546.1   3655.6
45   3   -476.9   339.2   3566.4
45   4   -341.8   537.1   3507.1
45   5   -240.5   552.0   3688.7
45   6   -217.8   334.6   3634.0
45   7   -347.1   492.7   3495.5
45   8   -361.6   378.1   3754.5
45   9   -360.8   211.9   3761.0
45   10   -442.9   150.9   3751.3
45   11   -446.4   -181.7   3751.5
45   12   -396.0   -497.0   3795.9
45   13   -275.2   156.2   3764.8
45   14   -289.5   -175.7   3783.1
45   15   -310.9   -491.8   3842.1
45   16   -364.3   504.1   3517.0
45   17   -325.5   466.3   3518.6
45   18   -360.4   632.5   3651.4
46   0   -354.7   719.6   3674.0
46   1   -360.3   569.6   3676.9
46   2   -481.5   546.3   3655.6
46   3   -477.1   339.4   3566.8
46   4   -341.9   536.9   3506.9
46   5   -240.2   551.9   3688.7
46   6   -217.6   334.6   3634.2
46   7   -344.1   497.1   3498.5
46   8   -361.6   378.2   3754.4
46   9   -360.8   212.1   3761.0
46   10   -442.8   150.9   3751.3
46   11   -446.4   -181.6   3751.5
46   12   -396.8   -496.8   3797.0
46   13   -275.2   156.4   3764.7
46   14   -289.5   -175.3   3783.2
46   15   -311.0   -492.0   3839.4
46   16   -364.5   504.0   3516.9
46   17   -323.0   470.0   3521.1
46   18   -359.9   632.5   3651.4
47   0   -354.8   719.6   3673.9
47   1   -359.9   569.7   3676.9
47   2   -481.0   546.6   3655.6
47   3   -477.2   339.7   3567.3
47   4   -342.1   536.7   3506.7
47   5   -239.9   551.8   3688.8
47   6   -217.5   334.7   3634.3
47   7   -342.0   500.0   3500.5
47   8   -361.6   378.2   3754.4
47   9   -360.8   212.3   3761.0
47   10   -442.6   150.8   3751.2
47   11   -446.4   -181.6   3751.5
47   12   -397.7   -496.3   3799.0
47   13   -275.2   156.6   3764.7
47   14   -289.5   -175.0   3783.5
47   15   -310.9   -491.8   3836.9
47   16   -364.6   503.9   3516.8
47   17   -321.3   472.4   3522.8
47   18   -359.4   632.5   3651.4
48   0   -354.8   719.5   3673.9
48   1   -359.5   569.7   3676.9
48   2   -480.6   546.9   3655.5
48   3   -477.2   339.9   3567.8
48   4   -342.3   536.7   3506.4
48   5   -239.5   551.8   3688.8
48   6   -217.2   334.8   3634.2
48   7   -341.7   500.2   3500.7
48   8   -361.5   378.3   3754.4
48   9   -360.8   212.6   3761.0
48   10   -442.4   150.7   3751.2
48   11   -446.4   -181.7   3751.6
48   12   -398.8   -495.6   3801.1
48   13   -275.2   156.9   3764.5
48   14   -289.4   -174.6   3783.5
48   15   -311.2   -490.8   3836.7
48   16   -364.8   503.9   3516.7
48   17   -320.9   472.6   3523.0
48   18   -358.9   632.5   3651.4
49   0   -354.8   719.5   3673.9
49   1   -359.2   569.8   3676.9
49   2   -480.1   547.2   3655.5
49   3   -477.3   340.0   3568.4
49   4   -342.5   536.4   3506.2
49   5   -239.2   551.8   3688.8
49   6   -217.1   334.9   3634.2
49   7   -342.5   498.4   3499.6
49   8   -361.5   378.4   3754.4
49   9   -360.8   212.9   3761.0
49   10   -442.2   150.7   3751.2
49   11   -446.4   -181.8   3751.6
49   12   -399.9   -494.4   3803.9
49   13   -275.3   157.1   3764.4
49   14   -289.4   -174.5   3783.7
49   15   -311.1   -489.7   3836.7
49   16   -365.0   503.7   3516.6
49   17   -321.6   471.2   3522.0
49   18   -358.4   632.5   3651.5
50   0   -354.8   719.5   3673.9
50   1   -358.8   569.8   3676.9
50   2   -479.6   547.5   3655.5
50   3   -477.4   340.3   3568.9
50   4   -342.5   536.2   3506.0
50   5   -238.9   551.7   3688.8
50   6   -217.0   335.1   3634.0
50   7   -342.7   498.1   3499.4
50   8   -361.5   378.5   3754.4
50   9   -360.8   213.2   3761.0
50   10   -442.0   150.8   3751.2
50   11   -446.4   -182.0   3751.8
50   12   -399.8   -492.8   3808.2
50   13   -275.4   157.2   3764.4
50   14   -289.3   -174.6   3784.0
50   15   -311.0   -488.9   3836.7
50   16   -365.0   503.5   3516.5
50   17   -321.7   471.0   3521.8
50   18   -357.9   632.5   3651.5
51   0   -354.8   719.5   3673.9
51   1   -358.4   569.9   3676.9
51   2   -479.2   547.8   3655.5
51   3   -477.6   340.8   3568.8
51   4   -342.1   536.1   3505.9
51   5   -238.6   551.7   3688.8
51   6   -216.9   335.2   3633.9
51   7   -342.0   499.3   3500.1
51   8   -361.4   378.6   3754.4
51   9   -360.8   213.6   3761.0
51   10   -441.9   150.8   3751.2
51   11   -446.4   -182.2   3752.0
51   12   -399.0   -491.3   3813.4
51   13   -275.5   157.3   3764.4
51   14   -289.3   -174.9   3784.3
51   15   -310.8   -488.5   3837.0
51   16   -364.7   503.5   3516.4
51   17   -321.1   472.0   3522.4
51   18   -357.4   632.5   3651.5
52   0   -354.8   719.5   3673.9
52   1   -358.0   569.9   3676.9
52   2   -478.7   548.1   3655.5
52   3   -477.8   341.1   3569.1
52   4   -341.8   535.8   3505.9
52   5   -238.4   551.7   3688.9
52   6   -217.0   335.4   3633.6
52   7   -341.7   499.9   3500.4
52   8   -361.4   378.7   3754.4
52   9   -360.7   214.0   3761.0
52   10   -441.8   150.9   3751.3
52   11   -446.3   -182.7   3752.2
52   12   -397.6   -490.6   3815.2
52   13   -275.5   157.3   3764.4
52   14   -289.3   -175.4   3784.4
52   15   -310.5   -488.3   3837.3
52   16   -364.5   503.3   3516.5
52   17   -320.9   472.4   3522.6
52   18   -356.9   632.5   3651.5
53   0   -355.0   719.8   3673.6
53   1   -357.6   570.0   3677.0
53   2   -478.2   548.5   3655.6
53   3   -478.3   341.6   3569.6
53   4   -341.3   535.0   3505.7
53   5   -237.5   552.0   3687.2
53   6   -217.3   335.4   3633.2
53   7   -341.8   500.0   3500.3
53   8   -361.3   378.9   3754.7
53   9   -360.6   214.4   3761.1
53   10   -441.4   151.1   3751.3
53   11   -446.3   -182.8   3752.5
53   12   -397.1   -490.2   3814.7
53   13   -275.6   157.4   3764.4
53   14   -289.3   -175.8   3784.4
53   15   -310.1   -488.1   3837.4
53   16   -364.1   502.8   3516.3
53   17   -321.0   472.6   3522.5
53   18   -356.4   632.5   3651.5
54   0   -355.2   720.6   3673.3
54   1   -357.3   570.1   3677.2
54   2   -477.7   549.2   3655.7
54   3   -479.2   342.3   3570.0
54   4   -340.5   534.1   3505.4
54   5   -236.5   552.9   3685.7
54   6   -217.6   336.1   3632.8
54   7   -342.2   500.3   3499.7
54   8   -361.2   378.8   3755.2
54   9   -360.3   214.6   3761.2
54   10   -440.9   151.5   3751.4
54   11   -446.2   -182.9   3752.8
54   12   -397.5   -490.0   3814.3
54   13   -275.6   157.4   3764.4
54   14   -289.2   -176.1   3784.4
54   15   -309.4   -487.9   3837.4
54   16   -363.6   502.1   3516.2
54   17   -321.4   473.0   3521.9
54   18   -356.0   632.5   3651.8
55   0   -355.4   721.9   3672.9
55   1   -357.0   570.1   3677.8
55   2   -477.9   550.7   3656.5
55   3   -481.8   344.0   3570.6
55   4   -339.6   532.5   3504.5
55   5   -235.5   554.4   3685.4
55   6   -217.7   338.8   3628.4
55   7   -344.1   503.2   3497.5
55   8   -361.0   378.5   3755.9
55   9   -360.0   214.3   3761.3
55   10   -440.5   151.7   3751.4
55   11   -446.2   -183.1   3753.0
55   12   -397.9   -489.7   3813.9
55   13   -275.4   157.4   3764.4
55   14   -289.2   -176.5   3784.5
55   15   -308.6   -487.8   3837.3
55   16   -363.3   501.1   3515.5
55   17   -323.0   475.8   3519.3
55   18   -355.7   632.5   3652.4
56   0   -355.3   723.4   3673.0
56   1   -356.9   570.0   3680.0
56   2   -478.7   553.3   3661.5
56   3   -496.0   351.6   3567.4
56   4   -338.0   527.1   3504.6
56   5   -233.9   556.8   3685.7
56   6   -207.6   347.6   3613.2
56   7   -349.7   508.0   3495.9
56   8   -360.8   377.6   3757.0
56   9   -359.6   213.2   3761.4
56   10   -440.2   151.9   3751.4
56   11   -446.1   -183.6   3754.2
56   12   -398.0   -489.7   3813.9
56   13   -275.2   157.3   3764.4
56   14   -289.2   -177.4   3784.9
56   15   -307.8   -487.9   3837.8
56   16   -364.3   497.8   3515.1
56   17   -326.0   481.2   3515.5
56   18   -355.6   632.5   3654.9
57   0   -355.0   725.0   3673.4
57   1   -356.7   569.7   3684.2
57   2   -479.2   555.8   3674.0
57   3   -481.4   348.7   3593.7
57   4   -375.8   522.0   3477.5
57   5   -231.6   558.9   3685.8
57   6   -163.6   368.1   3601.6
57   7   -331.1   509.2   3496.6
57   8   -360.7   376.1   3758.3
57   9   -359.2   211.4   3761.5
57   10   -440.1   152.2   3751.4
57   11   -446.1   -184.2   3755.5
57   12   -397.9   -489.1   3813.9
57   13   -274.8   157.2   3764.5
57   14   -289.1   -178.2   3785.8
57   15   -306.6   -487.5   3838.1
57   16   -393.3   493.1   3496.9
57   17   -303.2   485.7   3514.1
57   18   -355.4   632.5   3660.1
58   0   -355.2   726.1   3675.4
58   1   -356.6   569.1   3691.2
58   2   -479.1   557.7   3690.5
58   3   -458.5   343.7   3631.1
58   4   -456.7   482.7   3464.3
58   5   -230.5   559.7   3692.0
58   6   -114.0   409.0   3586.8
58   7   -304.7   520.3   3486.8
58   8   -360.6   374.3   3760.1
58   9   -359.0   209.1   3761.7
58   10   -440.0   152.5   3751.4
58   11   -446.0   -184.8   3756.7
58   12   -397.9   -488.3   3813.5
58   13   -274.5   157.2   3764.5
58   14   -289.2   -179.2   3786.3
58   15   -304.7   -486.9   3838.4
58   16   -456.8   459.5   3492.1
58   17   -272.9   501.7   3503.5
58   18   -355.3   632.5   3668.8
59   0   -355.6   726.5   3679.3
59   1   -356.6   568.5   3699.6
59   2   -480.2   558.5   3697.6
59   3   -488.6   339.5   3660.2
59   4   -540.2   460.7   3466.3
59   5   -230.2   560.1   3703.1
59   6   -60.3   447.3   3634.2
59   7   -275.2   513.5   3544.2
59   8   -360.5   372.5   3762.0
59   9   -358.8   206.7   3761.9
59   10   -440.0   152.7   3751.4
59   11   -446.0   -185.2   3756.9
59   12   -398.0   -487.6   3812.8
59   13   -274.2   157.2   3764.5
59   14   -289.2   -179.8   3786.5
59   15   -302.5   -486.1   3839.4
59   16   -531.5   440.5   3498.6
59   17   -239.4   502.4   3559.2
59   18   -355.3   632.5   3679.3
60   0   -356.1   726.5   3684.2
60   1   -356.5   568.0   3707.3
60   2   -481.6   559.6   3698.5
60   3   -524.3   343.0   3671.5
60   4   -525.5   502.2   3504.9
60   5   -229.7   560.0   3710.0
60   6   -25.7   491.2   3665.7
60   7   -259.6   515.8   3606.3
60   8   -360.4   371.1   3763.7
60   9   -358.6   204.8   3762.1
60   10   -440.1   153.0   3751.4
60   11   -446.0   -185.5   3756.9
60   12   -398.1   -486.7   3812.3
60   13   -274.0   157.3   3764.5
60   14   -289.2   -180.3   3786.6
60   15   -299.4   -485.3   3840.9
60   16   -525.2   475.8   3532.7
60   17   -220.6   511.7   3616.2
60   18   -355.3   632.5   3688.8
61   0   -356.7   726.4   3687.8
61   1   -356.5   567.7   3712.6
61   2   -482.5   560.5   3696.5
61   3   -539.7   345.8   3667.3
61   4   -508.6   533.2   3528.2
61   5   -229.1   559.9   3711.5
61   6   -12.1   523.1   3662.8
61   7   -255.4   524.7   3633.2
61   8   -360.3   370.5   3765.1
61   9   -358.4   203.8   3762.2
61   10   -440.1   153.2   3751.5
61   11   -446.1   -185.7   3757.0
61   12   -398.1   -485.8   3812.2
61   13   -273.8   157.2   3764.5
61   14   -289.2   -180.7   3786.6
61   15   -298.6   -484.4   3842.4
61   16   -513.7   502.0   3551.4
61   17   -214.9   524.5   3638.1
61   18   -355.3   632.6   3695.4
62   0   -357.4   726.4   3689.2
62   1   -356.5   567.7   3715.2
62   2   -483.1   561.6   3692.9
62   3   -539.9   347.9   3654.8
62   4   -508.2   554.6   3533.7
62   5   -228.3   560.3   3707.9
62   6   -5.8   542.1   3662.8
62   7   -249.6   540.0   3625.9
62   8   -360.2   370.7   3766.1
62   9   -358.3   203.7   3762.4
62   10   -440.1   153.3   3751.5
62   11   -446.1   -185.8   3756.9
62   12   -398.2   -484.9   3812.0
62   13   -273.6   157.1   3764.5
62   14   -289.2   -181.0   3786.6
62   15   -299.1   -483.2   3844.3
62   16   -513.5   520.2   3553.9
62   17   -208.9   540.3   3632.0
62   18   -355.2   632.6   3698.4
63   0   -358.3   727.6   3688.9
63   1   -356.4   569.2   3715.9
63   2   -482.8   562.5   3690.9
63   3   -534.8   351.8   3636.7
63   4   -513.0   572.2   3533.7
63   5   -227.8   562.2   3703.0
63   6   -6.1   553.0   3652.7
63   7   5.7   543.2   3588.1
63   8   -360.0   372.5   3766.7
63   9   -358.2   205.2   3762.6
63   10   -440.2   153.6   3751.7
63   11   -446.1   -185.8   3756.9
63   12   -398.3   -484.0   3811.8
63   13   -273.5   157.3   3764.5
63   14   -289.2   -181.1   3786.6
63   15   -300.3   -482.2   3844.8
63   16   -516.7   535.5   3550.9
63   17   3.4   544.8   3598.9
63   18   -355.2   634.1   3699.2
64   0   -359.3   729.7   3688.2
64   1   -356.4   572.0   3715.7
64   2   -481.7   563.6   3690.0
64   3   -530.5   355.7   3624.2
64   4   -522.0   583.3   3533.4
64   5   -227.1   566.0   3701.6
64   6   -4.8   551.4   3665.6
64   7   130.1   553.0   3561.3
64   8   -359.7   375.4   3766.6
64   9   -358.2   207.9   3762.7
64   10   -440.3   154.1   3751.7
64   11   -446.0   -185.7   3756.8
64   12   -399.0   -483.3   3811.3
64   13   -273.2   157.7   3764.5
64   14   -289.2   -181.0   3786.6
64   15   -300.8   -481.4   3844.6
64   16   -523.4   545.4   3548.5
64   17   107.4   552.7   3578.6
64   18   -355.2   636.8   3698.9
65   0   -360.3   732.9   3686.9
65   1   -356.3   575.2   3715.1
65   2   -480.6   564.7   3689.9
65   3   -531.8   359.7   3618.0
65   4   -526.0   589.8   3532.9
65   5   -227.4   569.0   3703.6
65   6   -5.5   547.8   3678.1
65   7   182.1   561.0   3549.3
65   8   -359.5   378.5   3766.2
65   9   -358.1   210.8   3762.8
65   10   -440.5   154.6   3751.6
65   11   -446.0   -185.5   3756.8
65   12   -399.4   -482.6   3811.0
65   13   -273.0   158.2   3764.5
65   14   -289.2   -180.8   3786.6
65   15   -301.1   -480.8   3843.9
65   16   -526.9   551.5   3547.1
65   17   150.8   558.8   3570.8
65   18   -355.2   640.0   3698.3
66   0   -361.1   736.5   3685.9
66   1   -356.3   578.4   3714.5
66   2   -479.5   565.8   3690.0
66   3   -531.8   361.6   3617.4
66   4   -535.1   591.3   3532.6
66   5   -228.2   570.8   3707.2
66   6   -7.6   543.8   3684.5
66   7   200.5   565.3   3547.7
66   8   -359.3   381.4   3765.7
66   9   -358.1   213.5   3762.9
66   10   -440.6   155.0   3751.5
66   11   -446.0   -185.4   3756.5
66   12   -399.7   -482.4   3809.5
66   13   -272.7   158.7   3764.5
66   14   -289.1   -180.7   3786.5
66   15   -301.4   -480.4   3842.9
66   16   -534.5   553.0   3546.7
66   17   165.9   561.7   3570.5
66   18   -355.2   643.2   3697.7
67   0   -362.1   739.2   3685.3
67   1   -356.2   580.8   3713.9
67   2   -478.9   566.4   3690.4
67   3   -530.8   362.4   3618.0
67   4   -546.2   590.8   3533.4
67   5   -228.8   571.7   3708.9
67   6   -9.2   540.2   3687.6
67   7   204.6   567.7   3551.7
67   8   -359.1   383.2   3765.3
67   9   -358.0   215.1   3762.9
67   10   -440.7   155.6   3751.4
67   11   -446.0   -185.3   3756.1
67   12   -400.0   -482.5   3807.7
67   13   -272.5   159.2   3764.5
67   14   -288.9   -180.6   3786.5
67   15   -301.9   -480.4   3841.4
67   16   -543.7   552.7   3547.5
67   17   169.0   563.1   3574.3
67   18   -355.2   645.4   3697.1
68   0   -363.1   740.9   3685.0
68   1   -356.2   582.1   3713.5
68   2   -478.8   566.6   3691.0
68   3   -530.5   363.1   3618.1
68   4   -521.6   589.6   3532.3
68   5   -229.0   571.9   3709.4
68   6   -10.3   537.6   3688.5
68   7   203.7   568.8   3556.8
68   8   -358.9   384.0   3765.2
68   9   -358.0   215.9   3762.9
68   10   -440.7   155.8   3751.4
68   11   -445.9   -185.4   3756.0
68   12   -400.4   -483.1   3805.0
68   13   -272.4   159.4   3764.5
68   14   -288.8   -180.8   3786.5
68   15   -302.7   -480.9   3839.6
68   16   -523.1   551.8   3546.6
68   17   168.1   563.6   3578.8
68   18   -355.2   646.7   3696.6
69   0   -363.9   741.9   3684.8
69   1   -356.1   582.9   3713.2
69   2   -478.9   566.6   3691.7
69   3   -532.9   364.6   3617.3
69   4   -506.9   589.5   3531.7
69   5   -229.0   571.6   3709.2
69   6   -11.0   535.5   3688.1
69   7   201.2   569.1   3560.6
69   8   -358.8   384.2   3765.2
69   9   -357.9   216.0   3762.9
69   10   -440.6   156.0   3751.4
69   11   -445.9   -185.5   3756.0
69   12   -401.2   -483.7   3804.0
69   13   -272.4   159.5   3764.4
69   14   -288.9   -180.3   3794.1
69   15   -303.5   -481.9   3838.4
69   16   -511.2   552.0   3545.9
69   17   165.8   563.5   3581.9
69   18   -355.2   647.4   3696.3
70   0   -363.8   742.5   3684.8
70   1   -356.1   583.2   3713.0
70   2   -479.3   566.4   3692.3
70   3   -538.4   366.5   3617.3
70   4   -496.9   589.4   3532.2
70   5   -228.9   571.0   3708.7
70   6   -11.2   535.1   3687.1
70   7   200.2   568.4   3564.4
70   8   -358.6   384.1   3765.3
70   9   -357.8   215.8   3762.9
70   10   -440.4   156.0   3751.4
70   11   -445.9   -186.2   3756.4
70   12   -402.1   -484.6   3804.0
70   13   -272.5   159.5   3764.3
70   14   -288.7   -181.3   3790.7
70   15   -302.6   -482.7   3837.0
70   16   -503.8   552.3   3546.4
70   17   164.9   562.9   3584.8
70   18   -355.2   647.7   3696.1
71   0   -363.2   742.9   3684.8
71   1   -356.0   583.3   3712.8
71   2   -479.6   566.2   3692.5
71   3   -544.8   368.2   3618.0
71   4   -490.0   588.8   3534.1
71   5   -228.8   570.3   3708.0
71   6   -11.2   535.0   3686.7
71   7   200.1   567.6   3568.0
71   8   -358.5   383.8   3765.3
71   9   -357.8   215.5   3762.9
71   10   -440.3   156.1   3751.4
71   11   -446.0   -187.1   3757.1
71   12   -403.3   -485.7   3804.7
71   13   -272.5   159.5   3764.3
71   14   -288.6   -182.5   3788.7
71   15   -300.7   -484.1   3834.9
71   16   -499.1   552.0   3548.0
71   17   164.9   562.1   3587.8
71   18   -355.2   647.8   3695.9
72   0   -362.2   743.1   3684.8
72   1   -356.0   583.4   3712.6
72   2   -480.1   565.9   3692.6
72   3   -550.2   368.7   3621.4
72   4   -487.1   586.8   3536.7
72   5   -228.6   569.6   3707.4
72   6   -11.1   535.0   3686.7
72   7   199.6   567.0   3569.8
72   8   -358.3   383.6   3765.4
72   9   -357.7   215.2   3762.9
72   10   -440.2   156.1   3751.4
72   11   -446.0   -188.3   3757.4
72   12   -403.7   -486.8   3805.2
72   13   -272.6   159.5   3764.3
72   14   -288.6   -183.8   3787.4
72   15   -300.0   -485.3   3834.2
72   16   -497.6   550.5   3550.8
72   17   164.5   561.7   3589.3
72   18   -355.2   647.7   3695.6
73   0   -361.4   743.3   3684.8
73   1   -356.0   583.4   3712.3
73   2   -480.5   565.7   3692.6
73   3   -552.4   368.5   3623.2
73   4   -486.4   586.7   3541.0
73   5   -228.5   568.9   3707.2
73   6   -11.0   535.0   3687.1
73   7   199.4   566.9   3571.2
73   8   -358.2   383.4   3765.4
73   9   -357.6   214.9   3762.9
73   10   -440.1   156.1   3751.6
73   11   -446.1   -189.8   3757.7
73   12   -403.5   -488.1   3805.7
73   13   -272.6   159.4   3764.4
73   14   -288.7   -185.5   3786.8
73   15   -300.0   -486.6   3835.0
73   16   -497.4   550.3   3554.7
73   17   164.3   561.6   3590.5
73   18   -355.2   647.7   3695.3
74   0   -360.6   743.4   3684.8
74   1   -355.9   583.4   3712.1
74   2   -480.9   565.4   3692.5
74   3   -552.0   367.7   3624.5
74   4   -486.9   587.2   3546.0
74   5   -228.3   568.3   3707.3
74   6   -11.0   535.0   3687.7
74   7   199.4   566.8   3572.6
74   8   -358.0   383.3   3765.4
74   9   -357.6   214.8   3762.9
74   10   -440.0   156.1   3751.7
74   11   -446.1   -191.3   3758.0
74   12   -403.3   -489.3   3806.3
74   13   -272.7   159.4   3764.4
74   14   -288.7   -187.1   3786.8
74   15   -300.3   -487.8   3835.6
74   16   -497.8   550.7   3559.1
74   17   164.4   561.5   3591.8
74   18   -355.2   647.7   3695.0
75   0   -359.9   743.5   3684.8
75   1   -355.9   583.5   3711.9
75   2   -481.3   565.2   3692.5
75   3   -550.0   366.5   3625.7
75   4   -488.1   587.7   3550.3
75   5   -228.2   567.8   3707.6
75   6   -10.9   534.9   3688.4
75   7   199.6   566.9   3574.3
75   8   -357.9   383.1   3765.4
75   9   -357.6   214.7   3762.9
75   10   -439.9   156.1   3751.9
75   11   -446.1   -192.5   3758.2
75   12   -403.1   -490.2   3807.1
75   13   -272.7   159.4   3764.4
75   14   -288.8   -188.3   3786.9
75   15   -301.4   -488.7   3835.9
75   16   -498.4   550.8   3562.9
75   17   164.5   561.6   3593.3
75   18   -355.2   647.6   3694.8
76   0   -359.4   743.5   3684.8
76   1   -355.9   583.5   3711.8
76   2   -481.6   564.9   3692.4
76   3   -547.4   365.0   3627.1
76   4   -490.5   587.3   3551.9
76   5   -228.1   567.2   3707.9
76   6   -10.9   534.8   3689.2
76   7   201.1   567.3   3578.4
76   8   -357.9   383.1   3765.4
76   9   -357.6   214.5   3762.9
76   10   -439.9   156.1   3752.0
76   11   -446.2   -193.3   3758.3
76   12   -402.9   -490.8   3807.9
76   13   -272.8   159.4   3764.4
76   14   -288.8   -189.1   3787.1
76   15   -301.7   -489.5   3836.2
76   16   -500.0   550.2   3564.4
76   17   165.7   561.8   3596.9
76   18   -355.2   647.6   3694.6
77   0   -359.1   743.5   3684.8
77   1   -355.9   583.5   3711.7
77   2   -482.0   564.7   3692.4
77   3   -544.3   363.4   3628.2
77   4   -492.7   586.6   3552.2
77   5   -227.9   566.8   3708.4
77   6   -10.7   534.6   3690.8
77   7   201.2   567.4   3580.2
77   8   -357.8   383.0   3765.5
77   9   -357.6   214.5   3762.9
77   10   -440.0   156.2   3752.1
77   11   -446.2   -193.5   3758.2
77   12   -402.9   -490.7   3809.4
77   13   -272.8   159.4   3764.4
77   14   -288.8   -189.3   3787.4
77   15   -301.5   -489.7   3836.9
77   16   -501.3   549.4   3564.9
77   17   165.9   562.0   3598.6
77   18   -355.2   647.5   3694.6
78   0   -359.0   743.4   3684.9
78   1   -355.9   583.5   3711.7
78   2   -482.4   564.5   3692.5
78   3   -541.4   362.3   3628.5
78   4   -494.1   586.2   3552.6
78   5   -227.7   566.5   3708.8
78   6   -10.5   534.3   3692.9
78   7   200.8   567.6   3581.6
78   8   -357.8   382.9   3765.5
78   9   -357.6   214.4   3762.9
78   10   -440.0   156.4   3752.4
78   11   -446.2   -192.8   3758.1
78   12   -403.1   -489.7   3811.0
78   13   -272.8   159.5   3764.4
78   14   -288.8   -188.7   3787.9
78   15   -301.2   -489.0   3837.0
78   16   -501.9   548.9   3565.2
78   17   165.6   562.0   3600.1
78   18   -355.2   647.5   3694.5
79   0   -359.0   743.6   3687.1
79   1   -355.9   583.5   3711.7
79   2   -482.7   564.3   3692.5
79   3   -538.6   361.4   3628.5
79   4   -495.0   586.0   3552.7
79   5   -227.5   566.2   3709.3
79   6   -10.2   534.0   3695.7
79   7   200.2   567.7   3583.1
79   8   -357.8   382.8   3765.5
79   9   -357.6   214.3   3762.9
79   10   -440.1   156.6   3752.5
79   11   -446.3   -191.7   3757.9
79   12   -403.1   -488.4   3813.1
79   13   -272.8   159.6   3764.4
79   14   -288.7   -187.6   3788.0
79   15   -300.5   -488.4   3836.8
79   16   -502.3   548.5   3565.3
79   17   165.1   562.1   3601.8
79   18   -355.2   647.5   3694.6
80   0   -359.0   743.7   3690.6
80   1   -355.9   583.5   3711.7
80   2   -483.0   564.1   3692.6
80   3   -538.1   361.0   3628.6
80   4   -495.1   585.7   3552.8
80   5   -227.3   565.9   3709.6
80   6   -9.9   533.7   3699.4
80   7   199.9   568.0   3586.0
80   8   -357.8   382.8   3765.5
80   9   -357.6   214.2   3762.9
80   10   -440.2   156.8   3752.6
80   11   -446.3   -190.5   3757.8
80   12   -403.2   -487.3   3813.4
80   13   -272.8   159.7   3764.4
80   14   -288.7   -186.5   3788.1
80   15   -299.8   -487.5   3836.4
80   16   -502.3   548.3   3565.4
80   17   164.9   562.3   3604.9
80   18   -355.2   647.4   3694.6
81   0   -359.0   743.8   3694.7
81   1   -355.9   583.4   3711.8
81   2   -483.2   564.0   3692.6
81   3   -537.9   360.8   3628.7
81   4   -495.2   585.4   3552.8
81   5   -227.1   565.6   3709.7
81   6   -9.7   533.3   3706.1
81   7   197.0   567.7   3587.3
81   8   -357.8   382.7   3765.5
81   9   -357.6   214.2   3762.9
81   10   -440.3   157.0   3752.6
81   11   -446.2   -190.3   3757.7
81   12   -402.9   -486.6   3814.9
81   13   -272.8   159.7   3764.4
81   14   -288.6   -186.6   3788.1
81   15   -298.2   -487.3   3836.6
81   16   -502.3   547.9   3565.4
81   17   162.6   562.0   3607.1
81   18   -355.2   647.4   3694.6
82   0   -359.0   743.7   3697.6
82   1   -355.9   583.4   3711.8
82   2   -483.5   563.8   3692.7
82   3   -537.5   360.4   3629.0
82   4   -495.5   584.9   3552.6
82   5   -226.9   565.3   3709.8
82   6   -9.5   533.0   3711.2
82   7   194.9   567.6   3588.7
82   8   -357.8   382.6   3765.6
82   9   -357.6   214.1   3762.9
82   10   -440.4   157.4   3752.7
82   11   -446.3   -189.6   3757.8
82   12   -402.6   -485.0   3816.9
82   13   -272.8   159.8   3764.5
82   14   -288.6   -186.1   3788.1
82   15   -297.6   -486.5   3836.6
82   16   -502.5   547.5   3565.3
82   17   160.9   561.8   3609.1
82   18   -355.2   647.4   3694.6
83   0   -359.0   743.7   3699.5
83   1   -355.9   583.4   3711.8
83   2   -483.7   563.6   3692.8
83   3   -536.7   359.9   3629.4
83   4   -496.1   584.5   3552.5
83   5   -226.7   565.2   3709.8
83   6   -9.3   532.6   3711.4
83   7   195.4   567.9   3589.6
83   8   -357.8   382.6   3765.6
83   9   -357.6   214.0   3762.9
83   10   -440.6   157.8   3752.8
83   11   -446.4   -188.6   3757.9
83   12   -402.3   -482.9   3819.4
83   13   -272.9   159.8   3764.5
83   14   -288.5   -185.5   3787.9
83   15   -297.8   -485.3   3837.4
83   16   -502.9   547.1   3565.3
83   17   161.3   562.0   3609.9
83   18   -355.2   647.3   3694.7
84   0   -359.0   743.6   3700.4
84   1   -355.9   583.4   3711.8
84   2   -483.9   563.5   3692.9
84   3   -535.3   359.3   3629.9
84   4   -496.8   584.0   3552.5
84   5   -226.5   565.0   3709.9
84   6   -9.2   532.0   3707.2
84   7   198.1   568.5   3590.6
84   8   -357.8   382.5   3765.6
84   9   -357.6   214.0   3762.9
84   10   -440.9   158.3   3752.9
84   11   -446.3   -187.6   3757.8
84   12   -402.1   -480.8   3822.2
84   13   -272.9   159.8   3764.6
84   14   -288.3   -185.0   3788.3
84   15   -298.9   -484.0   3838.5
84   16   -503.2   546.6   3565.4
84   17   163.6   562.4   3610.0
84   18   -355.2   647.3   3694.7
85   0   -359.0   743.5   3700.8
85   1   -355.9   583.3   3711.9
85   2   -484.1   563.4   3693.0
85   3   -534.6   358.8   3630.6
85   4   -497.3   583.5   3552.6
85   5   -226.3   564.9   3709.9
85   6   -9.2   531.2   3704.7
85   7   199.4   568.8   3590.7
85   8   -357.8   382.5   3765.6
85   9   -357.6   213.9   3762.9
85   10   -440.9   158.5   3753.1
85   11   -446.2   -188.3   3757.8
85   12   -401.9   -480.5   3823.6
85   13   -272.9   159.9   3764.7
85   14   -288.1   -185.8   3788.5
85   15   -301.0   -483.8   3840.1
85   16   -503.5   546.0   3565.6
85   17   164.6   562.5   3609.7
85   18   -355.2   647.3   3694.8
86   0   -359.0   743.5   3700.9
86   1   -355.9   583.3   3711.9
86   2   -484.3   563.3   3693.1
86   3   -534.0   358.4   3631.1
86   4   -497.5   583.0   3552.3
86   5   -226.1   564.8   3709.9
86   6   -9.2   530.3   3704.0
86   7   197.4   570.2   3587.2
86   8   -357.8   382.4   3765.6
86   9   -357.6   213.9   3762.9
86   10   -440.9   158.5   3753.4
86   11   -446.2   -188.6   3757.9
86   12   -402.1   -480.1   3824.1
86   13   -273.0   159.8   3764.9
86   14   -288.0   -186.2   3788.6
86   15   -304.5   -483.2   3841.9
86   16   -503.6   545.5   3565.5
86   17   163.0   563.6   3606.6
86   18   -355.2   647.2   3694.8
87   0   -359.0   743.4   3701.0
87   1   -355.9   583.3   3711.9
87   2   -484.4   563.2   3693.3
87   3   -533.4   358.1   3631.5
87   4   -497.3   582.3   3551.9
87   5   -225.9   564.7   3709.9
87   6   -9.2   529.3   3704.0
87   7   192.3   573.1   3580.1
87   8   -357.8   382.4   3765.6
87   9   -357.6   213.8   3762.9
87   10   -440.9   158.4   3753.7
87   11   -446.1   -188.7   3758.3
87   12   -402.2   -480.8   3824.2
87   13   -273.1   159.8   3765.4
87   14   -287.8   -186.3   3788.7
87   15   -309.0   -483.0   3844.4
87   16   -503.4   545.0   3565.2
87   17   158.7   565.8   3600.7
87   18   -355.2   647.2   3694.9
88   0   -359.0   743.4   3701.0
88   1   -355.9   583.2   3712.0
88   2   -484.6   563.1   3693.4
88   3   -532.5   357.6   3632.1
88   4   -497.3   581.8   3552.0
88   5   -225.8   564.6   3710.0
88   6   -9.2   528.0   3704.5
88   7   188.5   574.8   3575.8
88   8   -357.8   382.3   3765.6
88   9   -357.6   213.8   3762.9
88   10   -440.8   158.3   3754.0
88   11   -446.1   -190.2   3759.3
88   12   -402.5   -481.7   3823.7
88   13   -273.2   159.7   3766.1
88   14   -287.6   -187.9   3788.9
88   15   -307.5   -483.5   3846.0
88   16   -503.1   544.5   3565.3
88   17   155.6   567.0   3597.2
88   18   -355.2   647.2   3694.9
89   0   -359.0   743.4   3700.9
89   1   -355.9   583.2   3712.0
89   2   -484.7   563.0   3693.5
89   3   -531.9   357.3   3632.5
89   4   -499.6   581.9   3552.2
89   5   -225.7   564.6   3710.0
89   6   -9.4   526.5   3705.5
89   7   189.0   573.6   3577.7
89   8   -357.9   382.3   3765.7
89   9   -357.6   213.7   3762.9
89   10   -440.7   158.1   3754.4
89   11   -446.1   -191.6   3759.8
89   12   -403.1   -481.7   3822.8
89   13   -273.4   159.5   3766.4
89   14   -287.5   -189.3   3789.0
89   15   -304.8   -483.1   3847.2
89   16   -505.0   544.4   3565.6
89   17   155.9   565.8   3599.0
89   18   -355.2   647.1   3695.0
90   0   -359.0   743.3   3700.8
90   1   -355.9   583.2   3712.1
90   2   -484.8   562.9   3693.7
90   3   -531.2   357.0   3632.9
90   4   -503.4   582.2   3552.8
90   5   -225.6   564.5   3710.0
90   6   -9.6   524.8   3706.0
90   7   192.0   571.0   3583.0
90   8   -357.9   382.2   3765.7
90   9   -357.6   213.7   3763.0
90   10   -440.7   158.1   3754.7
90   11   -446.3   -191.8   3760.1
90   12   -403.2   -480.9   3822.7
90   13   -273.5   159.3   3766.6
90   14   -287.5   -189.7   3789.0
90   15   -304.0   -482.2   3848.1
90   16   -508.0   544.7   3566.2
90   17   158.4   563.3   3603.5
90   18   -355.2   647.1   3695.0
91   0   -359.0   743.3   3700.6
91   1   -355.9   583.1   3712.2
91   2   -484.9   562.9   3693.9
91   3   -530.3   356.7   3633.2
91   4   -504.1   582.3   3553.8
91   5   -225.5   564.4   3710.1
91   6   -9.8   522.8   3706.2
91   7   195.0   567.8   3588.3
91   8   -357.9   382.2   3765.7
91   9   -357.6   213.6   3763.0
91   10   -440.7   158.2   3755.2
91   11   -446.4   -192.0   3760.1
91   12   -403.7   -480.3   3821.9
91   13   -273.7   159.2   3766.8
91   14   -287.5   -190.1   3789.1
91   15   -303.3   -481.8   3847.4
91   16   -508.4   544.7   3567.0
91   17   160.9   560.3   3607.9
91   18   -355.2   647.0   3695.1
92   0   -359.0   743.3   3700.6
92   1   -355.9   583.1   3712.3
92   2   -485.0   562.8   3694.2
92   3   -529.1   356.4   3633.5
92   4   -503.4   582.3   3554.8
92   5   -225.4   564.4   3710.2
92   6   -10.1   520.9   3706.2
92   7   197.8   563.8   3592.9
92   8   -357.9   382.1   3765.7
92   9   -357.6   213.6   3763.0
92   10   -440.7   158.2   3755.8
92   11   -446.4   -192.3   3760.1
92   12   -404.0   -480.3   3821.0
92   13   -273.8   159.1   3766.9
92   14   -287.5   -190.6   3789.2
92   15   -302.9   -482.3   3845.4
92   16   -507.7   544.7   3568.0
92   17   163.1   556.7   3611.8
92   18   -355.2   647.0   3695.3
93   0   -359.0   743.3   3700.5
93   1   -355.9   583.0   3712.4
93   2   -485.0   562.8   3694.5
93   3   -526.7   355.9   3633.6
93   4   -499.5   581.9   3555.7
93   5   -225.3   564.3   3710.3
93   6   -10.3   519.4   3706.2
93   7   199.1   560.0   3594.8
93   8   -357.9   382.1   3765.8
93   9   -357.6   213.5   3763.1
93   10   -440.7   158.3   3756.5
93   11   -446.5   -192.8   3760.0
93   12   -404.0   -481.7   3819.2
93   13   -274.0   158.9   3767.2
93   14   -287.6   -191.3   3789.3
93   15   -302.7   -484.0   3842.8
93   16   -504.1   544.3   3568.7
93   17   164.2   553.3   3613.4
93   18   -355.2   647.0   3695.4
94   0   -359.0   743.2   3700.5
94   1   -355.9   583.0   3712.6
94   2   -485.1   562.7   3695.5
94   3   -607.8   448.9   3612.5
94   4   -708.9   562.7   3511.2
94   5   -225.2   564.3   3710.5
94   6   -10.4   518.7   3706.2
94   7   199.7   556.1   3595.0
94   8   -358.0   382.0   3765.8
94   9   -357.6   213.4   3763.2
94   10   -440.6   158.5   3756.7
94   11   -446.6   -193.2   3760.0
94   12   -404.1   -482.1   3817.0
94   13   -274.3   158.7   3767.5
94   14   -287.6   -192.1   3789.4
94   15   -303.1   -484.4   3842.9
94   16   -691.9   543.8   3528.1
94   17   164.7   549.9   3613.5
94   18   -355.2   646.9   3695.7
95   0   -359.0   743.2   3700.4
95   1   -355.9   582.9   3712.8
95   2   -485.2   562.7   3696.8
95   3   -650.4   470.0   3621.3
95   4   -810.7   549.8   3506.0
95   5   -225.2   564.2   3710.6
95   6   -10.4   518.5   3706.2
95   7   198.9   553.5   3595.4
95   8   -358.0   381.9   3765.9
95   9   -357.6   213.3   3763.3
95   10   -440.5   158.7   3756.7
95   11   -446.8   -193.2   3760.0
95   12   -404.0   -482.7   3814.2
95   13   -274.6   158.7   3767.8
95   14   -287.6   -192.5   3789.5
95   15   -304.0   -485.3   3839.6
95   16   -784.0   536.6   3525.2
95   17   164.0   547.6   3613.9
95   18   -355.2   646.9   3695.9
96   0   -359.0   743.2   3700.4
96   1   -355.9   582.9   3713.0
96   2   -485.2   562.7   3698.5
96   3   -674.4   497.4   3619.8
96   4   -865.0   541.5   3494.6
96   5   -225.1   564.2   3710.8
96   6   -10.3   518.3   3706.1
96   7   198.7   551.3   3595.2
96   8   -358.0   381.8   3765.9
96   9   -357.6   213.3   3763.4
96   10   -440.4   159.0   3756.8
96   11   -447.0   -192.9   3760.0
96   12   -404.1   -482.9   3813.0
96   13   -275.0   158.4   3768.2
96   14   -287.6   -192.7   3789.7
96   15   -305.3   -486.2   3837.2
96   16   -833.2   534.1   3515.5
96   17   163.9   545.8   3613.7
96   18   -355.2   646.8   3696.1
97   0   -359.0   743.2   3700.3
97   1   -355.9   582.8   3713.2
97   2   -485.3   562.7   3700.3
97   3   -682.4   511.6   3615.0
97   4   -883.1   540.5   3483.4
97   5   -225.0   564.2   3711.0
97   6   -10.3   518.3   3706.0
97   7   198.7   549.5   3594.5
97   8   -358.1   381.7   3766.0
97   9   -357.7   213.2   3763.5
97   10   -440.3   159.3   3756.8
97   11   -447.7   -192.3   3760.0
97   12   -404.4   -482.5   3813.2
97   13   -275.4   158.2   3768.6
97   14   -287.6   -192.6   3790.1
97   15   -308.9   -486.1   3837.9
97   16   -849.7   535.6   3505.3
97   17   163.9   544.3   3613.1
97   18   -355.2   646.8   3696.4
98   0   -359.0   743.1   3700.2
98   1   -355.9   582.8   3713.4
98   2   -485.3   562.7   3700.9
98   3   -684.6   516.3   3613.4
98   4   -884.9   540.1   3475.8
98   5   -225.0   564.1   3711.2
98   6   -10.3   518.2   3705.8
98   7   198.7   548.8   3593.6
98   8   -358.1   381.6   3766.1
98   9   -357.7   213.1   3763.7
98   10   -440.2   159.7   3756.9
98   11   -448.0   -191.2   3760.1
98   12   -405.2   -481.2   3814.3
98   13   -276.0   158.0   3769.3
98   14   -287.5   -192.1   3790.5
98   15   -310.2   -485.1   3841.3
98   16   -851.6   536.1   3498.7
98   17   163.8   543.7   3612.3
98   18   -355.2   646.8   3696.7
99   0   -359.0   743.1   3700.2
99   1   -356.0   582.7   3713.6
99   2   -485.3   562.6   3700.8
99   3   -684.5   516.6   3613.3
99   4   -883.8   540.0   3474.8
99   5   -224.9   564.1   3711.3
99   6   -10.2   518.1   3705.7
99   7   198.5   548.7   3592.5
99   8   -358.2   381.6   3766.2
99   9   -357.7   213.0   3763.9
99   10   -440.0   160.0   3757.0
99   11   -448.2   -190.0   3760.1
99   12   -405.4   -479.2   3816.2
99   13   -276.6   157.8   3770.1
99   14   -287.5   -191.6   3790.7
99   15   -311.5   -482.7   3847.8
99   16   -850.6   536.1   3497.8
99   17   163.7   543.6   3611.3
99   18   -355.2   646.7   3696.9
100   0   -359.0   743.1   3700.1
100   1   -356.0   582.7   3713.7
100   2   -485.4   562.6   3700.4
100   3   -683.8   515.4   3614.1
100   4   -882.7   539.6   3479.2
100   5   -224.9   564.1   3711.3
100   6   -10.2   517.9   3705.5
100   7   197.1   548.5   3591.8
100   8   -358.3   381.5   3766.3
100   9   -357.8   213.0   3764.2
100   10   -439.8   160.4   3757.1
100   11   -448.2   -188.7   3760.0
100   12   -405.4   -476.3   3818.6
100   13   -277.1   157.7   3770.9
100   14   -287.6   -190.9   3790.7
100   15   -311.9   -480.1   3851.6
100   16   -849.6   535.5   3501.7
100   17   162.6   543.4   3610.8
100   18   -355.2   646.7   3697.0
101   0   -359.0   743.0   3700.0
101   1   -356.0   582.6   3713.8
101   2   -485.4   562.6   3699.8
101   3   -683.3   514.1   3614.9
101   4   -880.2   538.4   3481.9
101   5   -224.9   564.0   3711.3
101   6   -10.2   517.8   3705.3
101   7   195.3   548.5   3591.3
101   8   -358.3   381.5   3766.4
101   9   -357.8   212.9   3764.5
101   10   -439.6   160.8   3757.2
101   11   -448.2   -187.5   3760.1
101   12   -406.1   -474.7   3819.4
101   13   -277.8   157.5   3771.7
101   14   -287.6   -190.3   3790.6
101   15   -311.6   -479.0   3852.2
101   16   -847.4   534.4   3504.0
101   17   161.1   543.4   3610.3
101   18   -355.2   646.6   3697.1
102   0   -359.0   743.0   3700.0
102   1   -356.0   582.6   3713.9
102   2   -485.5   562.6   3699.5
102   3   -682.4   513.2   3614.2
102   4   -876.4   537.1   3482.1
102   5   -224.8   564.0   3711.3
102   6   -10.2   517.8   3705.1
102   7   191.9   549.0   3589.2
102   8   -358.4   381.5   3766.5
102   9   -357.9   212.9   3764.8
102   10   -439.3   161.1   3757.3
102   11   -448.1   -186.9   3760.1
102   12   -406.8   -474.7   3818.4
102   13   -278.2   157.7   3772.5
102   14   -287.6   -189.8   3790.5
102   15   -309.8   -479.4   3850.3
102   16   -844.1   533.1   3504.1
102   17   158.2   543.8   3608.5
102   18   -355.2   646.6   3697.2
103   0   -359.0   743.0   3699.9
103   1   -356.0   582.6   3713.9
103   2   -485.5   562.6   3699.3
103   3   -681.4   512.7   3612.7
103   4   -873.8   535.5   3479.5
103   5   -224.8   564.0   3711.3
103   6   -10.2   517.8   3704.3
103   7   186.9   551.2   3581.4
103   8   -358.4   381.4   3766.6
103   9   -357.9   212.9   3765.1
103   10   -439.0   161.2   3757.3
103   11   -448.1   -186.8   3760.1
103   12   -406.9   -475.2   3816.2
103   13   -278.4   157.9   3772.7
103   14   -287.6   -189.6   3790.5
103   15   -307.8   -480.1   3847.3
103   16   -841.8   531.7   3501.7
103   17   154.0   545.7   3601.9
103   18   -355.2   646.6   3697.2
104   0   -359.0   742.9   3699.3
104   1   -356.0   582.5   3714.0
104   2   -485.5   562.6   3699.2
104   3   -680.7   512.2   3611.7
104   4   -873.1   533.8   3477.6
104   5   -224.8   564.0   3711.3
104   6   -10.2   517.8   3703.1
104   7   183.1   553.5   3573.9
104   8   -358.5   381.4   3766.6
104   9   -357.9   212.9   3765.4
104   10   -438.8   161.3   3757.3
104   11   -448.0   -186.9   3760.0
104   12   -407.0   -476.4   3811.6
104   13   -278.5   158.2   3772.6
104   14   -287.5   -189.5   3790.6
104   15   -307.5   -480.1   3847.8
104   16   -841.0   530.2   3499.9
104   17   150.9   547.5   3595.4
104   18   -355.2   646.5   3697.2
105   0   -359.0   742.9   3698.5
105   1   -356.0   582.5   3714.0
105   2   -485.6   562.6   3699.1
105   3   -680.3   511.9   3611.1
105   4   -873.6   532.5   3476.8
105   5   -224.8   564.0   3711.3
105   6   -10.3   517.8   3701.5
105   7   179.6   555.9   3566.3
105   8   -358.5   381.4   3766.7
105   9   -358.0   212.9   3765.7
105   10   -438.6   161.3   3757.4
105   11   -448.1   -187.0   3760.0
105   12   -407.0   -477.5   3809.1
105   13   -278.5   158.7   3772.3
105   14   -287.5   -189.1   3790.7
105   15   -309.0   -479.5   3851.2
105   16   -841.4   529.1   3499.2
105   17   148.0   549.5   3588.8
105   18   -355.2   646.5   3697.2
106   0   -359.0   742.9   3697.5
106   1   -356.0   582.4   3714.0
106   2   -485.6   562.6   3699.0
106   3   -680.2   511.6   3611.0
106   4   -872.8   530.9   3477.0
106   5   -224.8   564.0   3711.3
106   6   -10.3   517.8   3699.4
106   7   185.0   553.3   3573.5
106   8   -358.5   381.4   3766.7
106   9   -358.0   212.8   3766.0
106   10   -438.4   161.3   3757.4
106   11   -448.1   -186.9   3759.9
106   12   -406.9   -478.4   3807.9
106   13   -278.5   158.9   3772.1
106   14   -287.5   -188.8   3791.0
106   15   -312.0   -479.0   3855.6
106   16   -840.7   527.7   3499.3
106   17   152.4   547.4   3594.5
106   18   -355.2   646.4   3697.2
107   0   -359.0   742.8   3696.4
107   1   -356.1   582.4   3714.0
107   2   -485.6   562.5   3697.6
107   3   -680.8   511.1   3611.0
107   4   -873.3   529.3   3476.5
107   5   -224.7   564.0   3711.3
107   6   -10.5   517.9   3696.3
107   7   182.1   554.2   3565.9
107   8   -358.6   381.4   3766.8
107   9   -358.0   212.8   3766.4
107   10   -438.3   161.4   3757.5
107   11   -448.1   -186.9   3759.9
107   12   -406.6   -478.9   3807.5
107   13   -278.6   159.0   3772.0
107   14   -287.5   -188.7   3791.8
107   15   -315.3   -478.9   3857.1
107   16   -841.2   526.3   3498.9
107   17   150.0   548.1   3587.7
107   18   -355.2   646.4   3697.2
108   0   -359.0   742.8   3695.4
108   1   -356.1   582.4   3714.0
108   2   -485.6   562.5   3694.4
108   3   -681.9   510.5   3610.8
108   4   -874.7   528.9   3475.5
108   5   -224.7   563.9   3711.3
108   6   -10.7   517.9   3693.4
108   7   184.1   553.0   3564.7
108   8   -358.6   381.3   3766.9
108   9   -358.1   212.8   3766.6
108   10   -438.2   161.4   3757.5
108   11   -448.1   -186.8   3759.9
108   12   -406.5   -479.2   3807.5
108   13   -278.8   159.1   3771.9
108   14   -287.5   -188.5   3792.7
108   15   -315.7   -479.1   3857.9
108   16   -842.5   525.8   3498.0
108   17   151.6   547.2   3586.1
108   18   -355.2   646.3   3697.2
109   0   -359.0   742.7   3694.3
109   1   -356.1   582.3   3714.0
109   2   -485.6   562.5   3692.8
109   3   -682.4   510.0   3610.6
109   4   -875.7   528.9   3474.9
109   5   -224.7   563.9   3711.3
109   6   -11.0   518.0   3689.8
109   7   184.7   552.7   3560.9
109   8   -358.6   381.3   3767.0
109   9   -358.1   212.8   3766.8
109   10   -438.2   161.5   3757.4
109   11   -448.1   -186.6   3759.9
109   12   -406.4   -478.8   3808.3
109   13   -278.8   159.2   3771.8
109   14   -287.5   -188.4   3792.5
109   15   -313.8   -479.1   3857.2
109   16   -843.5   525.8   3497.5
109   17   152.1   546.9   3582.3
109   18   -355.2   646.3   3697.2
110   0   -359.0   742.6   3693.2
110   1   -356.1   582.3   3714.0
110   2   -485.6   562.5   3692.0
110   3   -682.5   509.6   3610.4
110   4   -876.4   528.9   3474.4
110   5   -224.7   563.9   3711.3
110   6   -11.6   518.2   3684.1
110   7   186.0   552.4   3556.6
110   8   -358.7   381.3   3767.0
110   9   -358.2   212.8   3766.9
110   10   -438.1   161.6   3757.3
110   11   -448.1   -186.5   3759.8
110   12   -406.1   -477.6   3809.6
110   13   -278.9   159.4   3771.6
110   14   -287.5   -188.1   3791.7
110   15   -308.2   -478.8   3855.4
110   16   -844.1   525.7   3497.0
110   17   153.1   546.7   3577.8
110   18   -355.2   646.2   3697.2
111   0   -359.0   742.5   3692.1
111   1   -356.1   582.2   3714.0
111   2   -485.6   562.5   3691.7
111   3   -682.5   509.2   3610.3
111   4   -877.1   529.1   3474.3
111   5   -224.7   563.9   3711.3
111   6   -12.0   518.3   3681.1
111   7   186.8   552.5   3554.2
111   8   -358.7   381.2   3767.0
111   9   -358.2   212.7   3766.9
111   10   -438.1   161.8   3757.1
111   11   -448.1   -186.2   3759.7
111   12   -405.7   -475.4   3811.5
111   13   -278.9   159.6   3771.4
111   14   -287.5   -187.8   3792.4
111   15   -299.4   -478.0   3853.3
111   16   -844.7   525.8   3496.9
111   17   153.7   546.8   3575.4
111   18   -355.2   646.2   3697.2
112   0   -359.0   742.4   3691.0
112   1   -356.1   582.2   3714.0
112   2   -485.6   562.5   3691.6
112   3   -682.4   508.9   3610.1
112   4   -877.6   529.3   3474.1
112   5   -224.7   563.9   3711.3
112   6   -12.0   518.3   3680.6
112   7   185.4   553.2   3550.8
112   8   -358.7   381.2   3767.0
112   9   -358.3   212.7   3766.9
112   10   -438.1   162.0   3756.8
112   11   -448.1   -185.9   3759.6
112   12   -406.2   -474.3   3811.2
112   13   -279.0   159.8   3771.2
112   14   -287.5   -187.4   3793.6
112   15   -298.6   -477.8   3849.0
112   16   -845.1   525.9   3496.8
112   17   152.5   547.4   3572.5
112   18   -355.2   646.1   3697.1
113   0   -358.9   742.3   3689.9
113   1   -356.1   582.1   3713.9
113   2   -485.6   562.5   3691.6
113   3   -682.3   508.8   3609.8
113   4   -878.0   529.6   3474.0
113   5   -224.7   563.9   3711.3
113   6   -12.0   518.3   3680.4
113   7   185.3   553.5   3549.9
113   8   -358.7   381.1   3766.9
113   9   -358.3   212.7   3766.9
113   10   -438.1   162.3   3756.4
113   11   -448.1   -185.5   3759.6
113   12   -407.0   -474.6   3810.5
113   13   -279.0   160.1   3771.0
113   14   -287.5   -187.0   3793.2
113   15   -297.8   -478.1   3848.0
113   16   -845.4   526.1   3496.6
113   17   152.4   547.7   3571.7
113   18   -355.2   646.1   3697.0
114   0   -358.9   742.2   3688.8
114   1   -356.1   582.1   3713.7
114   2   -485.6   562.5   3691.4
114   3   -682.2   508.7   3609.5
114   4   -878.4   529.8   3473.7
114   5   -224.7   563.9   3711.2
114   6   -12.0   518.4   3680.1
114   7   186.1   553.7   3550.3
114   8   -358.7   381.1   3766.8
114   9   -358.4   212.8   3766.9
114   10   -438.1   162.7   3755.9
114   11   -448.1   -185.0   3759.5
114   12   -406.7   -473.6   3811.4
114   13   -279.1   160.5   3770.7
114   14   -287.5   -186.6   3792.9
114   15   -298.0   -477.2   3848.9
114   16   -845.7   526.3   3496.3
114   17   153.1   547.8   3571.9
114   18   -355.2   646.0   3696.7
115   0   -358.9   742.1   3687.7
115   1   -356.1   582.1   3713.2
115   2   -485.7   562.5   3691.3
115   3   -682.0   508.7   3609.0
115   4   -877.4   529.7   3474.4
115   5   -224.7   563.9   3710.8
115   6   -12.0   518.5   3679.5
115   7   185.9   553.3   3551.8
115   8   -358.8   381.2   3766.7
115   9   -358.5   213.0   3766.9
115   10   -438.0   163.0   3755.5
115   11   -448.1   -184.8   3759.3
115   12   -406.8   -473.0   3812.1
115   13   -279.3   160.8   3770.4
115   14   -287.5   -186.3   3793.3
115   15   -299.5   -476.2   3851.3
115   16   -844.8   526.2   3496.8
115   17   152.9   547.5   3573.1
115   18   -355.2   646.0   3696.2
116   0   -358.9   742.0   3686.6
116   1   -356.1   582.1   3712.6
116   2   -485.7   562.5   3691.1
116   3   -681.9   508.7   3608.3
116   4   -877.1   529.7   3474.6
116   5   -224.7   563.9   3710.4
116   6   -12.1   518.9   3678.1
116   7   185.2   552.6   3550.1
116   8   -358.8   381.3   3766.6
116   9   -358.5   213.3   3766.9
116   10   -437.8   163.1   3754.9
116   11   -448.0   -184.6   3759.3
116   12   -407.1   -473.1   3812.1
116   13   -279.5   160.9   3770.0
116   14   -287.6   -186.2   3793.3
116   15   -302.2   -476.4   3850.3
116   16   -844.5   526.2   3496.9
116   17   152.3   547.0   3571.5
116   18   -355.2   645.9   3695.5
