2   0   9.4   492.6   3637.8
2   1   8.2   320.9   3643.3
2   2   -136.8   308.0   3653.5
2   3   -126.2   90.5   3543.6
2   4   16.8   308.0   3483.2
2   5   151.7   302.0   3660.5
2   6   148.4   93.9   3533.3
2   7   142.7   -155.0   3630.2
2   8   3.2   104.9   3680.8
2   9   0.1   -63.5   3690.0
2   10   -103.1   -160.8   3729.4
2   11   -78.3   -521.5   3683.9
2   12   -17.1   -832.1   3815.5
2   13   99.2   -161.1   3734.5
2   14   71.8   -522.1   3693.0
2   15   13.2   -852.5   3763.3
2   16   -7.0   271.8   3493.3
2   17   143.7   -113.5   3614.1
2   18   9.9   393.3   3630.8
3   0   9.1   494.8   3638.2
3   1   8.1   323.4   3643.9
3   2   -136.4   308.9   3652.2
3   3   -125.7   90.5   3544.2
3   4   16.1   307.4   3479.9
3   5   151.9   304.9   3657.6
3   6   150.9   94.3   3535.3
3   7   142.1   -155.3   3629.7
3   8   3.8   107.2   3683.3
3   9   0.9   -61.5   3693.4
3   10   -101.0   -157.5   3729.5
3   11   -78.4   -518.8   3690.2
3   12   -16.0   -832.1   3812.8
3   13   99.2   -157.8   3734.7
3   14   73.4   -519.2   3696.2
3   15   10.2   -849.6   3758.3
3   16   -7.6   271.3   3490.6
3   17   143.6   -113.7   3614.0
3   18   9.5   395.6   3630.7
4   0   8.3   501.4   3639.3
4   1   7.7   329.9   3645.3
4   2   -135.5   312.7   3650.0
4   3   -125.6   92.3   3546.3
4   4   14.3   306.7   3471.7
4   5   150.5   310.6   3652.1
4   6   159.0   94.6   3541.9
4   7   139.1   -156.1   3629.9
4   8   5.7   113.9   3689.7
4   9   3.0   -56.6   3702.9
4   10   -95.4   -147.1   3729.7
4   11   -75.8   -510.2   3705.9
4   12   -13.3   -831.1   3795.7
4   13   97.1   -149.2   3735.1
4   14   76.0   -512.2   3705.5
4   15   9.9   -844.1   3742.0
4   16   -9.0   271.0   3484.2
4   17   142.4   -114.3   3615.2
4   18   8.4   401.8   3630.6
5   0   6.8   509.3   3640.8
5   1   7.0   337.4   3646.7
5   2   -134.2   316.5   3648.4
5   3   -125.5   94.6   3548.0
5   4   13.7   305.1   3461.9
5   5   148.1   317.0   3646.1
5   6   171.7   94.4   3553.9
5   7   137.3   -158.3   3630.1
5   8   8.0   121.5   3696.4
5   9   5.3   -51.9   3714.3
5   10   -88.8   -138.1   3730.9
5   11   -82.1   -500.7   3688.7
5   12   -8.4   -824.4   3768.7
5   13   93.6   -142.8   3736.1
5   14   78.0   -508.0   3714.3
5   15   12.4   -843.0   3721.2
5   16   -9.5   270.0   3476.2
5   17   143.0   -116.2   3617.4
5   18   6.7   408.9   3630.3
6   0   5.4   515.0   3642.0
6   1   6.5   342.2   3647.3
6   2   -133.0   319.0   3647.5
6   3   -125.4   95.8   3549.7
6   4   13.2   303.8   3456.0
6   5   146.0   321.4   3642.2
6   6   179.7   95.0   3560.6
6   7   135.9   -158.4   3631.4
6   8   9.7   125.9   3699.5
6   9   6.9   -50.5   3720.5
6   10   -85.0   -136.3   3731.7
6   11   -81.7   -504.2   3708.6
6   12   1.5   -833.0   3740.3
6   13   93.0   -141.5   3736.9
6   14   79.4   -510.7   3720.0
6   15   19.8   -848.4   3709.5
6   16   -9.9   269.1   3471.7
6   17   143.2   -116.1   3619.6
6   18   5.5   413.6   3630.1
7   0   4.9   518.2   3642.7
7   1   6.2   344.4   3647.3
7   2   -132.2   320.4   3647.1
7   3   -125.4   95.7   3552.6
7   4   9.8   303.8   3453.8
7   5   144.8   323.7   3640.1
7   6   183.1   95.8   3562.5
7   7   135.6   -157.3   3633.4
7   8   10.5   127.1   3699.8
7   9   7.6   -51.7   3721.9
7   10   -87.2   -132.6   3731.9
7   11   -76.7   -502.4   3720.9
7   12   10.4   -833.9   3733.7
7   13   95.5   -140.3   3737.7
7   14   79.1   -510.5   3721.2
7   15   31.3   -850.7   3706.2
7   16   -12.7   269.1   3470.2
7   17   143.5   -115.1   3621.6
7   18   4.9   415.8   3630.0
8   0   5.0   519.8   3643.0
8   1   6.2   345.1   3646.9
8   2   -131.6   321.3   3646.9
8   3   -125.5   95.9   3554.1
8   4   8.0   304.3   3453.3
8   5   144.0   324.7   3639.5
8   6   183.9   96.9   3561.7
8   7   135.9   -155.3   3635.8
8   8   10.7   125.9   3698.7
8   9   7.9   -54.3   3720.1
8   10   -86.2   -138.5   3731.7
8   11   -73.7   -511.8   3727.7
8   12   29.3   -839.7   3733.7
8   13   96.6   -144.0   3738.1
8   14   80.0   -517.0   3722.3
8   15   27.0   -856.5   3704.0
8   16   -14.3   269.5   3470.1
8   17   143.9   -113.3   3623.4
8   18   4.7   416.5   3630.0
9   0   5.5   520.6   3643.1
9   1   6.1   345.1   3646.5
9   2   -131.2   321.8   3646.8
9   3   -125.6   96.1   3554.7
9   4   7.9   304.4   3453.7
9   5   143.5   325.2   3639.4
9   6   182.8   98.4   3558.2
9   7   136.7   -152.8   3636.9
9   8   10.8   123.9   3697.6
9   9   8.0   -57.1   3716.7
9   10   -89.4   -135.1   3731.9
9   11   -72.1   -509.4   3730.3
9   12   44.5   -832.9   3738.9
9   13   100.5   -139.8   3739.2
9   14   81.0   -513.6   3721.7
9   15   23.3   -852.3   3704.6
9   16   -14.3   269.7   3470.5
9   17   144.4   -110.9   3623.8
9   18   4.6   416.7   3630.0
10   0   6.1   521.0   3643.2
10   1   6.2   344.9   3646.3
10   2   -130.9   322.1   3646.7
10   3   -125.8   96.5   3554.3
10   4   8.9   304.4   3454.1
10   5   143.2   325.4   3639.5
10   6   182.2   98.4   3558.9
10   7   137.6   -153.3   3636.7
10   8   10.8   121.8   3697.0
10   9   8.0   -59.6   3713.7
10   10   -86.6   -142.2   3731.2
10   11   -65.9   -515.4   3721.8
10   12   48.3   -842.1   3744.1
10   13   98.1   -145.4   3738.6
10   14   80.8   -518.5   3720.1
10   15   17.6   -859.3   3705.8
10   16   -13.5   269.7   3470.8
10   17   145.1   -111.3   3623.7
10   18   4.7   416.5   3630.1
11   0   6.7   521.2   3643.2
11   1   6.2   344.7   3646.3
11   2   -130.5   322.3   3646.5
11   3   -128.2   96.9   3553.5
11   4   9.1   303.8   3454.8
11   5   143.0   325.6   3639.6
11   6   182.4   98.6   3559.1
11   7   138.3   -153.5   3635.7
11   8   10.7   120.0   3696.8
11   9   7.9   -61.8   3711.8
11   10   -85.8   -145.0   3730.8
11   11   -67.9   -520.9   3725.1
11   12   33.4   -852.7   3745.5
11   13   97.1   -148.0   3738.4
11   14   81.7   -523.6   3720.6
11   15   16.4   -864.7   3702.9
11   16   -13.8   269.3   3471.2
11   17   145.6   -111.5   3623.0
11   18   4.8   416.3   3630.2
12   0   7.4   521.1   3643.2
12   1   6.3   344.2   3646.4
12   2   -130.3   322.5   3646.5
12   3   -140.8   98.2   3552.0
12   4   6.5   299.1   3456.0
12   5   142.9   325.6   3639.7
12   6   188.2   100.0   3559.1
12   7   103.4   111.3   3551.6
12   8   10.7   118.4   3696.8
12   9   7.8   -63.8   3710.7
12   10   -84.8   -147.5   3730.6
12   11   -69.3   -522.8   3713.5
12   12   8.0   -858.2   3752.7
12   13   96.2   -150.0   3738.2
12   14   82.2   -525.5   3721.7
12   15   82.4   -873.0   3722.7
12   16   -18.1   265.6   3472.0
12   17   117.7   108.7   3552.9
12   18   4.9   415.9   3630.4
13   0   8.0   520.8   3643.1
13   1   6.4   343.6   3646.6
13   2   -130.2   322.6   3646.6
13   3   -183.5   110.5   3546.1
13   4   -21.6   296.1   3444.5
13   5   143.1   325.9   3639.8
13   6   222.2   112.0   3559.3
13   7   95.8   237.1   3485.6
13   8   10.7   117.1   3695.8
13   9   7.7   -65.7   3710.1
13   10   -84.9   -146.3   3730.4
13   11   -81.4   -519.4   3699.5
13   12   4.0   -847.4   3766.1
13   13   95.7   -149.5   3737.9
13   14   82.2   -523.6   3722.9
13   15   82.1   -867.3   3723.7
13   16   -48.5   265.1   3461.4
13   17   117.0   215.9   3497.9
13   18   5.0   415.3   3631.0
14   0   8.6   520.6   3642.8
14   1   6.8   342.8   3647.5
14   2   -130.0   322.8   3646.7
14   3   -242.0   148.4   3534.2
14   4   -81.8   296.1   3389.3
14   5   143.6   326.0   3641.3
14   6   267.0   150.3   3540.0
14   7   116.4   304.1   3413.2
14   8   10.8   116.6   3693.3
14   9   7.6   -67.0   3709.6
14   10   -86.3   -140.3   3730.1
14   11   -97.8   -507.5   3672.7
14   12   2.9   -822.6   3769.0
14   13   95.4   -146.2   3737.2
14   14   81.5   -518.6   3723.7
14   15   80.8   -859.6   3724.2
14   16   -108.5   271.6   3413.5
14   17   141.5   278.3   3434.3
14   18   5.5   414.8   3632.9
15   0   9.1   520.6   3642.4
15   1   7.3   342.1   3649.0
15   2   -131.2   325.8   3646.9
15   3   -306.9   207.8   3551.9
15   4   -230.4   291.2   3338.7
15   5   144.0   326.3   3645.8
15   6   327.6   212.9   3564.0
15   7   238.6   316.2   3355.5
15   8   10.9   117.5   3690.2
15   9   7.4   -67.1   3709.3
15   10   -89.3   -126.8   3728.7
15   11   -88.2   -498.1   3700.5
15   12   7.5   -821.6   3753.8
15   13   96.0   -137.2   3735.9
15   14   80.1   -511.0   3723.4
15   15   79.0   -850.2   3722.8
15   16   -242.9   277.5   3374.3
15   17   253.2   299.2   3390.2
15   18   6.2   414.3   3635.8
16   0   9.5   520.7   3642.0
16   1   7.8   341.7   3650.7
16   2   -133.4   331.4   3646.9
16   3   -335.5   257.9   3541.1
16   4   -413.6   306.8   3341.8
16   5   145.4   329.6   3652.1
16   6   348.0   270.6   3545.2
16   7   417.6   326.8   3343.9
16   8   11.0   119.4   3687.1
16   9   7.2   -65.8   3709.0
16   10   -90.4   -113.8   3724.3
16   11   -83.9   -489.2   3714.8
16   12   8.2   -817.6   3745.4
16   13   97.4   -123.9   3732.9
16   14   79.6   -500.1   3722.4
16   15   79.3   -836.8   3721.5
16   16   -400.7   298.7   3375.0
16   17   406.1   317.6   3377.4
16   18   6.7   414.1   3638.8
17   0   9.8   521.6   3639.8
17   1   8.1   342.3   3651.2
17   2   -135.6   338.8   3647.0
17   3   -354.8   299.6   3545.1
17   4   -533.6   344.9   3392.4
17   5   148.8   337.7   3652.7
17   6   362.9   317.1   3539.2
17   7   538.3   358.7   3384.0
17   8   11.1   122.5   3684.9
17   9   7.0   -62.8   3707.7
17   10   -88.8   -106.2   3716.8
17   11   -78.6   -485.6   3720.2
17   12   4.4   -818.1   3741.1
17   13   95.8   -115.7   3727.0
17   14   79.6   -495.4   3721.4
17   15   22.0   -848.6   3705.8
17   16   -504.0   337.3   3417.8
17   17   509.3   351.8   3409.9
17   18   7.2   414.9   3640.1
18   0   10.6   524.1   3632.1
18   1   8.4   345.0   3649.2
18   2   -136.3   345.8   3637.3
18   3   -371.9   332.8   3571.3
18   4   -557.5   413.0   3407.5
18   5   151.1   346.1   3649.3
18   6   376.0   343.6   3548.7
18   7   594.8   413.1   3425.1
18   8   11.0   126.8   3683.3
18   9   6.7   -58.5   3705.5
18   10   -86.5   -103.1   3713.6
18   11   -95.3   -481.3   3699.1
18   12   4.8   -806.5   3745.8
18   13   92.7   -112.3   3722.6
18   14   80.1   -491.8   3721.4
18   15   30.9   -838.6   3694.1
18   16   -526.7   399.6   3434.8
18   17   558.5   401.6   3445.7
18   18   7.5   417.6   3637.9
19   0   11.9   528.4   3622.1
19   1   8.6   349.8   3645.6
19   2   -136.3   353.6   3631.4
19   3   -378.9   353.7   3587.3
19   4   -583.8   447.0   3438.7
19   5   152.5   355.8   3646.7
19   6   385.9   359.7   3567.3
19   7   624.3   444.9   3467.9
19   8   10.8   131.7   3681.8
19   9   6.3   -53.7   3701.6
19   10   -85.0   -102.9   3711.5
19   11   -90.8   -483.6   3707.6
19   12   8.3   -811.3   3744.8
19   13   89.9   -112.1   3719.2
19   14   79.8   -493.3   3721.5
19   15   34.1   -835.9   3684.9
19   16   -549.7   431.5   3463.5
19   17   584.6   430.8   3484.4
19   18   7.9   422.3   3633.6
20   0   13.7   533.7   3616.0
20   1   8.8   355.3   3641.6
20   2   -135.2   359.6   3627.8
20   3   -379.9   363.9   3595.4
20   4   -597.2   462.9   3464.2
20   5   151.6   361.4   3645.6
20   6   389.4   365.0   3582.3
20   7   625.1   463.6   3481.7
20   8   10.5   136.2   3680.3
20   9   5.9   -49.4   3696.6
20   10   -84.6   -103.3   3709.7
20   11   -79.4   -484.5   3716.3
20   12   7.1   -816.8   3743.9
20   13   88.7   -112.0   3716.5
20   14   79.7   -493.7   3721.4
20   15   33.2   -833.9   3683.2
20   16   -561.0   446.4   3486.1
20   17   585.8   447.2   3498.4
20   18   8.3   427.6   3628.8
21   0   15.8   538.0   3613.2
21   1   9.0   359.7   3638.2
21   2   -133.4   362.5   3625.4
21   3   -378.1   367.5   3598.2
21   4   -598.0   471.0   3475.7
21   5   149.6   363.5   3645.2
21   6   389.8   365.5   3594.6
21   7   617.5   470.0   3486.0
21   8   10.3   139.1   3678.8
21   9   5.5   -46.6   3691.7
21   10   -84.9   -103.8   3707.7
21   11   -77.6   -483.4   3718.8
21   12   4.7   -817.2   3741.7
21   13   88.5   -112.0   3713.6
21   14   79.7   -491.8   3720.9
21   15   31.2   -831.1   3686.4
21   16   -561.4   453.7   3496.1
21   17   579.6   452.6   3504.1
21   18   8.6   431.9   3624.9
22   0   17.8   540.3   3612.5
22   1   9.3   361.9   3635.7
22   2   -131.7   363.3   3624.5
22   3   -375.6   369.0   3598.3
22   4   -596.6   472.2   3480.4
22   5   147.4   362.8   3645.2
22   6   388.4   364.0   3600.7
22   7   610.7   468.5   3486.1
22   8   10.1   140.2   3677.5
22   9   5.0   -45.7   3687.8
22   10   -85.8   -104.2   3705.1
22   11   -80.9   -482.1   3719.7
22   12   4.3   -815.0   3740.7
22   13   89.1   -111.4   3711.3
22   14   80.2   -489.4   3720.0
22   15   31.5   -828.9   3695.1
22   16   -559.7   455.0   3500.0
22   17   573.7   451.1   3505.2
22   18   9.0   434.1   3622.0
23   0   19.8   541.0   3612.6
23   1   9.5   362.6   3634.1
23   2   -130.4   363.1   3623.8
23   3   -373.3   369.6   3595.8
23   4   -594.4   469.8   3479.0
23   5   145.5   360.6   3645.4
23   6   386.9   360.8   3606.5
23   7   593.6   467.9   3472.7
23   8   10.0   140.4   3676.3
23   9   4.7   -45.6   3685.5
23   10   -87.0   -104.4   3701.9
23   11   -81.0   -480.0   3718.7
23   12   4.3   -812.5   3740.9
23   13   89.6   -111.2   3710.3
23   14   80.9   -486.9   3718.9
23   15   32.2   -826.3   3697.2
23   16   -557.6   453.1   3498.4
23   17   559.2   450.1   3495.0
23   18   9.4   434.8   3620.4
24   0   21.9   540.8   3612.9
24   1   9.8   362.6   3633.2
24   2   -129.4   362.4   3623.3
24   3   -370.9   369.1   3589.0
24   4   -594.1   467.6   3477.3
24   5   143.8   357.6   3645.6
24   6   385.4   354.9   3610.5
24   7   600.6   440.3   3478.0
24   8   9.9   140.3   3675.4
24   9   4.5   -46.0   3684.5
24   10   -88.4   -105.7   3700.8
24   11   -82.4   -479.0   3718.4
24   12   5.2   -810.5   3740.9
24   13   90.3   -112.6   3710.4
24   14   81.3   -486.0   3718.5
24   15   31.9   -825.0   3694.7
24   16   -556.9   451.2   3495.9
24   17   564.7   426.1   3500.1
24   18   9.7   434.7   3619.5
25   0   23.6   540.3   3613.2
25   1   10.1   362.2   3632.8
25   2   -128.6   361.6   3623.6
25   3   -368.1   368.4   3579.6
25   4   -596.8   466.5   3481.8
25   5   143.0   355.9   3646.5
25   6   384.2   343.8   3613.6
25   7   601.4   417.0   3477.1
25   8   9.8   140.2   3674.6
25   9   4.4   -46.9   3684.0
25   10   -90.3   -108.1   3700.9
25   11   -89.7   -479.5   3708.5
25   12   7.6   -806.6   3743.7
25   13   91.2   -115.8   3711.1
25   14   82.5   -487.3   3718.4
25   15   30.8   -825.1   3688.2
25   16   -558.7   450.2   3498.1
25   17   565.2   404.8   3499.8
25   18   10.1   434.3   3619.2
26   0   24.6   539.7   3613.5
26   1   10.3   361.6   3632.6
26   2   -128.0   360.8   3623.8
26   3   -365.8   368.1   3571.8
26   4   -599.0   466.2   3486.8
26   5   142.8   355.1   3647.7
26   6   383.2   334.6   3614.0
26   7   602.7   403.6   3478.9
26   8   9.8   140.0   3673.9
26   9   4.3   -48.1   3683.9
26   10   -92.2   -109.8   3701.0
26   11   -88.1   -479.5   3711.2
26   12   9.3   -806.7   3742.9
26   13   92.5   -118.0   3711.7
26   14   82.5   -487.8   3718.8
26   15   28.5   -824.7   3684.7
26   16   -560.1   449.9   3501.0
26   17   566.1   392.1   3501.4
26   18   10.5   433.8   3619.1
27   0   25.3   539.1   3614.1
27   1   10.6   361.0   3632.4
27   2   -127.4   360.0   3623.9
27   3   -364.1   368.1   3567.4
27   4   -599.9   465.8   3489.5
27   5   143.0   354.5   3648.7
27   6   382.7   330.5   3613.2
27   7   605.2   397.4   3482.0
27   8   9.8   139.5   3673.0
27   9   4.2   -47.8   3684.1
27   10   -94.2   -112.1   3701.4
27   11   -100.6   -482.0   3677.0
27   12   10.9   -797.4   3751.4
27   13   93.6   -121.4   3712.5
27   14   82.3   -493.4   3719.1
27   15   23.5   -831.7   3682.4
27   16   -560.6   449.5   3502.5
27   17   568.2   386.3   3503.9
27   18   10.9   433.2   3619.1
28   0   25.7   538.2   3615.0
28   1   11.0   360.2   3632.2
28   2   -127.0   359.1   3624.0
28   3   -363.4   368.4   3566.5
28   4   -599.7   465.8   3490.1
28   5   143.6   353.9   3649.0
28   6   383.1   329.3   3613.2
28   7   607.6   394.8   3484.8
28   8   9.8   138.2   3672.2
28   9   4.2   -47.6   3684.5
28   10   -95.4   -117.1   3701.7
28   11   -103.7   -486.1   3658.8
28   12   11.8   -796.9   3757.7
28   13   93.1   -128.7   3712.8
28   14   82.4   -500.8   3718.9
28   15   20.4   -840.6   3681.0
28   16   -560.3   449.6   3502.9
28   17   570.2   383.9   3506.2
28   18   11.3   432.3   3619.2
29   0   26.1   537.2   3618.2
29   1   11.3   359.2   3632.1
29   2   -126.7   358.3   3624.0
29   3   -363.1   368.9   3567.5
29   4   -598.7   466.5   3489.7
29   5   144.3   353.4   3649.3
29   6   383.8   329.5   3613.5
29   7   609.1   394.2   3486.5
29   8   9.8   136.4   3671.7
29   9   4.1   -49.4   3685.2
29   10   -95.8   -119.0   3701.9
29   11   -93.3   -491.9   3681.2
29   12   12.4   -813.1   3752.1
29   13   93.4   -130.6   3713.3
29   14   82.0   -505.2   3719.1
29   15   19.0   -845.4   3685.9
29   16   -559.4   450.2   3502.7
29   17   571.6   383.4   3507.7
29   18   11.8   431.3   3619.3
30   0   26.4   535.9   3625.0
30   1   11.7   358.2   3632.1
30   2   -126.4   357.4   3624.0
30   3   -362.7   369.7   3567.6
30   4   -593.4   474.0   3485.1
30   5   145.1   352.8   3649.7
30   6   384.6   329.8   3614.4
30   7   608.6   395.4   3485.8
30   8   9.7   134.5   3671.5
30   9   3.9   -51.9   3685.9
30   10   -95.5   -119.8   3701.9
30   11   -81.0   -495.8   3700.8
30   12   8.8   -826.3   3736.3
30   13   92.6   -131.4   3713.7
30   14   81.7   -508.7   3719.1
30   15   18.0   -848.8   3695.9
30   16   -554.9   456.6   3498.8
30   17   571.2   384.5   3507.2
30   18   12.3   430.3   3619.4
31   0   26.5   533.9   3633.6
31   1   12.0   357.1   3632.2
31   2   -126.2   356.6   3624.0
31   3   -362.3   371.0   3568.1
31   4   -592.6   475.9   3485.5
31   5   145.9   352.2   3649.9
31   6   385.4   330.1   3614.7
31   7   606.8   397.4   3483.2
31   8   9.7   132.7   3671.5
31   9   3.6   -53.7   3686.7
31   10   -94.5   -118.1   3701.5
31   11   -79.2   -494.2   3709.1
31   12   3.6   -828.2   3731.3
31   13   91.9   -128.5   3713.7
31   14   80.8   -505.2   3719.0
31   15   19.2   -845.0   3698.8
31   16   -554.2   458.4   3499.3
31   17   569.9   386.2   3505.1
31   18   12.7   429.2   3619.6
