2   0   -355.5   705.2   3696.2
2   1   -354.8   550.8   3699.3
2   2   -494.2   524.2   3709.2
2   3   -464.5   341.2   3586.3
2   4   -303.0   523.2   3573.9
2   5   -216.9   533.7   3740.8
2   6   -256.6   356.1   3612.9
2   7   -256.6   70.0   3612.9
2   8   -357.2   355.2   3741.3
2   9   -357.7   197.1   3745.1
2   10   -453.2   101.6   3767.7
2   11   -411.4   -223.1   3710.7
2   12   -398.4   -514.4   3823.4
2   13   -265.1   104.1   3778.7
2   14   -332.9   -218.4   3735.2
2   15   -313.1   -513.0   3838.0
2   16   -329.9   492.8   3575.9
2   17   -256.6   153.1   3612.9
2   18   -354.0   616.3   3685.2
3   0   -355.5   707.8   3696.3
3   1   -354.7   553.9   3700.3
3   2   -493.2   525.2   3704.3
3   3   -465.2   339.6   3585.4
3   4   -305.5   522.5   3568.7
3   5   -216.6   535.7   3736.7
3   6   -248.6   352.1   3620.1
3   7   -207.8   45.7   3656.1
3   8   -356.2   359.3   3747.1
3   9   -356.8   200.9   3751.3
3   10   -450.4   109.5   3768.2
3   11   -412.5   -216.9   3722.8
3   12   -397.5   -511.1   3819.4
3   13   -265.2   112.2   3778.9
3   14   -326.3   -212.2   3745.6
3   15   -314.6   -508.8   3836.9
3   16   -332.1   492.1   3571.5
3   17   -207.8   128.7   3656.1
3   18   -354.2   618.9   3684.7
4   0   -355.5   717.1   3697.1
4   1   -354.3   564.6   3703.8
4   2   -490.7   531.4   3696.2
4   3   -469.6   340.8   3584.9
4   4   -309.0   521.0   3557.0
4   5   -218.0   541.0   3724.5
4   6   -232.4   345.0   3639.7
4   7   -200.4   44.7   3678.1
4   8   -353.6   373.8   3764.1
4   9   -354.8   214.3   3768.5
4   10   -440.4   128.2   3772.3
4   11   -421.7   -202.0   3743.1
4   12   -396.8   -499.5   3809.2
4   13   -271.7   128.5   3780.9
4   14   -315.0   -200.1   3767.4
4   15   -317.7   -499.7   3834.8
4   16   -335.8   491.0   3561.6
4   17   -200.4   127.7   3678.1
4   18   -354.6   628.2   3683.8
5   0   -355.4   729.2   3698.2
5   1   -354.1   578.2   3707.2
5   2   -486.4   539.0   3688.3
5   3   -474.0   343.7   3584.1
5   4   -312.1   520.7   3545.2
5   5   -221.5   547.7   3713.8
5   6   -215.8   340.0   3655.5
5   7   -200.1   49.8   3669.4
5   8   -350.8   390.8   3780.8
5   9   -352.5   229.2   3786.0
5   10   -430.8   146.3   3776.0
5   11   -432.1   -188.8   3763.8
5   12   -396.1   -488.5   3798.3
5   13   -277.0   144.2   3782.6
5   14   -302.9   -190.0   3787.4
5   15   -320.9   -491.2   3832.9
5   16   -339.1   491.2   3551.7
5   17   -200.1   132.8   3669.4
5   18   -355.2   640.2   3682.9
6   0   -355.4   736.8   3698.4
6   1   -354.2   585.9   3707.7
6   2   -483.3   544.0   3683.3
6   3   -476.1   345.6   3583.7
6   4   -314.5   521.5   3537.1
6   5   -224.4   552.3   3708.7
6   6   -205.7   338.3   3662.4
6   7   -200.6   52.2   3664.4
6   8   -349.7   398.0   3785.0
6   9   -351.0   234.7   3791.4
6   10   -429.5   151.6   3775.8
6   11   -440.1   -187.4   3775.8
6   12   -394.9   -487.2   3793.7
6   13   -274.9   148.4   3782.1
6   14   -294.7   -189.9   3796.9
6   15   -322.5   -490.9   3832.5
6   16   -341.4   492.2   3544.9
6   17   -200.6   135.2   3664.4
6   18   -355.7   647.8   3682.3
7   0   -355.4   738.4   3698.0
7   1   -354.5   587.1   3706.4
7   2   -482.2   546.0   3680.9
7   3   -475.5   346.2   3583.4
7   4   -315.6   522.9   3533.0
7   5   -225.3   554.2   3704.9
7   6   -202.0   337.2   3663.9
7   7   -341.1   494.6   3538.2
7   8   -350.0   396.2   3781.4
7   9   -350.5   232.0   3787.9
7   10   -433.4   150.2   3774.2
7   11   -444.1   -191.4   3781.4
7   12   -393.7   -490.6   3792.0
7   13   -269.0   147.3   3781.7
7   14   -290.5   -193.5   3796.2
7   15   -323.6   -493.0   3832.7
7   16   -342.2   493.5   3541.4
7   17   -318.0   468.3   3558.9
7   18   -355.9   649.5   3681.9
8   0   -355.4   736.1   3697.2
8   1   -354.8   584.5   3704.7
8   2   -482.5   546.2   3680.0
8   3   -474.8   346.0   3583.3
8   4   -316.1   523.9   3532.6
8   5   -225.0   554.7   3703.4
8   6   -202.6   337.8   3657.4
8   7   -340.4   498.9   3541.0
8   8   -350.8   390.1   3775.4
8   9   -350.5   225.5   3781.6
8   10   -437.3   147.9   3773.0
8   11   -446.6   -194.7   3780.7
8   12   -393.2   -493.1   3791.1
8   13   -264.4   146.0   3782.0
8   14   -289.2   -195.6   3798.0
8   15   -324.3   -494.6   3832.5
8   16   -342.5   494.3   3541.1
8   17   -317.5   472.0   3560.9
8   18   -356.0   647.4   3681.7
9   0   -355.4   733.1   3696.2
9   1   -355.1   580.2   3703.4
9   2   -483.5   545.8   3679.8
9   3   -474.3   345.5   3583.4
9   4   -315.4   523.1   3532.3
9   5   -224.2   554.5   3703.1
9   6   -205.9   340.8   3643.7
9   7   -340.7   507.4   3538.9
9   8   -351.9   383.4   3771.1
9   9   -350.8   218.5   3776.6
9   10   -439.4   146.4   3772.2
9   11   -447.4   -196.7   3779.6
9   12   -393.0   -494.4   3790.9
9   13   -262.4   145.3   3782.3
9   14   -289.1   -196.0   3805.6
9   15   -324.8   -495.4   3831.8
9   16   -341.9   493.5   3540.8
9   17   -318.1   479.5   3557.5
9   18   -356.1   643.5   3681.6
10   0   -355.4   730.4   3694.8
10   1   -355.4   575.8   3702.4
10   2   -484.3   545.3   3679.9
10   3   -473.9   345.0   3583.6
10   4   -318.1   525.5   3533.2
10   5   -223.5   554.2   3702.9
10   6   -210.7   340.0   3644.0
10   7   -338.5   512.7   3535.5
10   8   -353.0   377.6   3767.7
10   9   -351.1   212.3   3773.0
10   10   -439.8   145.7   3771.7
10   11   -448.4   -197.7   3776.9
10   12   -393.1   -494.6   3789.4
10   13   -262.5   145.1   3782.4
10   14   -289.5   -196.4   3806.7
10   15   -325.2   -495.4   3831.3
10   16   -344.1   495.4   3541.6
10   17   -317.1   483.8   3554.2
10   18   -356.1   639.5   3681.5
11   0   -355.3   728.2   3692.9
11   1   -355.6   572.2   3701.9
11   2   -484.9   545.0   3680.1
11   3   -473.7   344.9   3583.6
11   4   -325.9   530.4   3535.7
11   5   -223.0   554.1   3702.6
11   6   -213.9   340.1   3642.1
11   7   -337.1   514.1   3530.0
11   8   -354.2   373.6   3766.0
11   9   -351.5   207.7   3771.9
11   10   -439.2   145.2   3771.4
11   11   -448.8   -200.3   3775.5
11   12   -392.6   -497.9   3788.4
11   13   -263.6   145.0   3782.1
11   14   -289.3   -198.6   3809.9
11   15   -325.7   -498.7   3831.3
11   16   -350.5   499.5   3543.7
11   17   -316.5   485.1   3549.0
11   18   -356.1   636.0   3681.4
12   0   -355.4   725.5   3690.5
12   1   -355.9   569.3   3701.8
12   2   -485.1   545.0   3680.3
12   3   -473.6   344.9   3583.7
12   4   -330.4   533.8   3537.0
12   5   -222.9   554.2   3702.0
12   6   -216.4   341.3   3637.5
12   7   -339.2   514.0   3522.3
12   8   -355.3   371.1   3765.6
12   9   -351.8   204.5   3772.2
12   10   -438.2   144.7   3771.1
12   11   -448.9   -200.3   3775.0
12   12   -392.5   -499.4   3786.4
12   13   -265.0   144.8   3781.6
12   14   -289.2   -198.5   3808.8
12   15   -325.9   -500.0   3831.0
12   16   -354.3   502.3   3544.8
12   17   -318.8   485.2   3541.6
12   18   -356.1   633.1   3681.2
13   0   -355.4   723.0   3688.5
13   1   -356.2   567.1   3701.8
13   2   -485.1   545.1   3680.4
13   3   -473.7   345.0   3583.9
13   4   -332.7   535.8   3537.3
13   5   -223.0   554.3   3701.4
13   6   -219.6   343.0   3631.9
13   7   -342.0   515.8   3515.4
13   8   -356.5   369.8   3766.0
13   9   -352.2   202.2   3773.3
13   10   -437.0   144.0   3770.9
13   11   -448.5   -199.3   3775.2
13   12   -392.5   -500.0   3785.8
13   13   -266.7   144.3   3781.1
13   14   -289.8   -197.4   3807.6
13   15   -326.2   -500.4   3831.1
13   16   -356.2   504.0   3545.1
13   17   -321.6   487.0   3534.9
13   18   -356.1   630.8   3681.1
14   0   -355.4   721.3   3687.1
14   1   -356.5   565.9   3701.9
14   2   -484.6   545.5   3680.4
14   3   -473.8   345.3   3584.2
14   4   -336.2   535.8   3537.8
14   5   -223.5   554.7   3700.6
14   6   -222.7   342.4   3634.1
14   7   -340.5   513.8   3515.1
14   8   -357.6   369.9   3766.5
14   9   -352.6   201.1   3774.6
14   10   -435.8   143.0   3770.7
14   11   -448.0   -198.3   3775.7
14   12   -392.5   -500.4   3786.4
14   13   -268.4   143.4   3780.5
14   14   -291.0   -196.4   3807.4
14   15   -326.2   -500.8   3831.0
14   16   -359.1   504.1   3545.5
14   17   -320.9   485.3   3534.9
14   18   -356.1   629.5   3681.0
15   0   -355.4   720.4   3686.4
15   1   -356.7   565.3   3702.0
15   2   -483.9   546.0   3680.2
15   3   -473.9   345.5   3584.5
15   4   -338.8   537.1   3537.5
15   5   -224.2   555.1   3699.7
15   6   -223.1   341.9   3636.5
15   7   -339.7   512.4   3516.0
15   8   -358.7   370.6   3766.8
15   9   -353.0   200.6   3775.9
15   10   -434.6   141.5   3770.6
15   11   -447.8   -197.9   3776.4
15   12   -392.4   -501.1   3787.6
15   13   -270.0   142.2   3779.9
15   14   -292.6   -195.6   3807.7
15   15   -326.1   -501.4   3830.7
15   16   -361.3   505.1   3545.3
15   17   -320.3   484.0   3536.0
15   18   -356.1   628.9   3680.8
16   0   -355.4   719.9   3686.1
16   1   -357.0   565.2   3702.0
16   2   -483.0   546.6   3679.9
16   3   -474.1   345.9   3584.6
16   4   -339.5   538.1   3537.1
16   5   -225.0   555.6   3698.8
16   6   -222.1   341.1   3639.9
16   7   -338.8   510.7   3517.6
16   8   -359.8   371.5   3766.9
16   9   -353.5   200.4   3776.9
16   10   -434.1   141.0   3770.1
16   11   -447.8   -196.8   3777.3
16   12   -392.4   -500.9   3789.1
16   13   -271.1   142.0   3779.5
16   14   -294.3   -194.2   3807.6
16   15   -325.9   -501.1   3830.7
16   16   -361.9   506.0   3545.0
16   17   -319.4   482.4   3538.0
16   18   -356.1   628.7   3680.7
17   0   -355.4   719.8   3686.0
17   1   -357.3   565.2   3701.9
17   2   -482.2   547.2   3679.5
17   3   -474.3   346.1   3584.6
17   4   -340.3   539.5   3536.5
17   5   -225.8   556.0   3697.8
17   6   -221.9   340.9   3641.4
17   7   -339.2   510.7   3518.7
17   8   -360.9   372.5   3766.9
17   9   -354.0   200.4   3777.4
17   10   -434.1   141.0   3769.5
17   11   -447.9   -195.5   3778.9
17   12   -392.5   -500.3   3790.8
17   13   -271.9   142.1   3778.9
17   14   -296.3   -192.7   3807.3
17   15   -325.7   -500.5   3830.8
17   16   -362.7   507.2   3544.6
17   17   -319.6   482.4   3539.2
17   18   -356.1   628.6   3680.5
18   0   -355.4   719.9   3685.9
18   1   -357.5   565.3   3701.4
18   2   -481.4   547.7   3679.1
18   3   -474.5   346.6   3584.2
18   4   -341.2   541.2   3535.8
18   5   -226.6   556.4   3696.9
18   6   -221.6   340.8   3642.4
18   7   -339.5   510.7   3519.2
18   8   -361.6   373.7   3766.8
18   9   -354.6   200.5   3777.6
18   10   -434.3   141.3   3768.5
18   11   -448.0   -194.2   3779.6
18   12   -392.6   -499.6   3791.1
18   13   -272.6   142.6   3778.1
18   14   -297.2   -191.3   3806.6
18   15   -325.6   -499.6   3831.1
18   16   -363.4   508.7   3543.9
18   17   -319.8   482.4   3539.7
18   18   -356.1   628.7   3679.8
19   0   -355.4   720.0   3685.7
19   1   -357.6   565.4   3700.7
19   2   -480.7   548.2   3678.7
19   3   -474.9   347.1   3583.6
19   4   -342.5   543.1   3535.3
19   5   -227.4   556.8   3696.1
19   6   -221.1   341.0   3642.9
19   7   -339.9   510.6   3518.9
19   8   -362.1   374.8   3766.6
19   9   -355.2   202.5   3777.5
19   10   -434.4   141.4   3767.6
19   11   -448.2   -196.8   3780.0
19   12   -392.0   -502.5   3790.6
19   13   -273.4   142.9   3777.3
19   14   -297.7   -193.7   3805.6
19   15   -325.9   -502.4   3831.8
19   16   -364.6   510.4   3543.3
19   17   -320.1   482.3   3539.6
19   18   -356.1   628.7   3678.8
20   0   -355.4   720.2   3685.6
20   1   -357.6   565.6   3699.8
20   2   -480.0   548.6   3678.2
20   3   -475.6   347.6   3583.0
20   4   -343.1   544.1   3535.2
20   5   -228.1   557.2   3695.2
20   6   -220.4   341.1   3643.1
20   7   -340.2   510.3   3518.5
20   8   -362.3   375.9   3766.4
20   9   -355.9   205.1   3777.3
20   10   -434.5   141.5   3766.0
20   11   -448.3   -200.5   3780.1
20   12   -391.3   -506.4   3790.4
20   13   -274.1   143.1   3776.4
20   14   -297.8   -197.6   3803.9
20   15   -326.4   -506.3   3832.8
20   16   -365.2   511.4   3543.1
20   17   -320.3   482.1   3539.3
20   18   -356.1   628.8   3677.6
21   0   -355.4   720.5   3685.4
21   1   -357.6   565.7   3698.8
21   2   -479.5   548.9   3677.6
21   3   -476.6   347.6   3583.1
21   4   -343.5   544.3   3535.2
21   5   -228.8   557.6   3694.8
21   6   -219.7   341.4   3643.2
21   7   -340.5   510.0   3518.0
21   8   -362.4   376.8   3766.1
21   9   -356.5   207.7   3777.1
21   10   -434.6   141.9   3763.5
21   11   -448.4   -203.5   3780.1
21   12   -390.4   -509.4   3793.5
21   13   -274.8   143.4   3775.4
21   14   -297.6   -201.0   3801.0
21   15   -326.7   -509.4   3834.0
21   16   -365.7   511.5   3543.2
21   17   -320.4   481.9   3538.9
21   18   -356.1   628.8   3676.3
22   0   -355.4   720.7   3685.3
22   1   -357.6   565.8   3697.8
22   2   -479.0   549.2   3676.9
22   3   -477.0   347.8   3582.8
22   4   -343.7   544.7   3535.3
22   5   -229.4   557.9   3694.6
22   6   -219.0   341.8   3643.1
22   7   -341.0   509.2   3517.1
22   8   -362.4   377.6   3765.8
22   9   -357.0   210.0   3776.9
22   10   -434.9   142.2   3762.3
22   11   -448.5   -205.7   3780.0
22   12   -389.7   -511.2   3800.4
22   13   -275.4   143.8   3774.3
22   14   -297.9   -203.2   3799.8
22   15   -326.9   -511.7   3834.4
22   16   -365.9   511.9   3543.2
22   17   -320.7   481.3   3538.1
22   18   -356.1   628.8   3675.0
23   0   -355.4   721.0   3685.1
23   1   -357.6   565.9   3696.8
23   2   -478.6   549.5   3676.2
23   3   -477.2   348.0   3582.1
23   4   -343.5   545.2   3535.4
23   5   -230.0   558.2   3694.4
23   6   -218.7   342.2   3642.6
23   7   -342.2   508.3   3515.7
23   8   -362.4   378.3   3765.6
23   9   -357.6   212.0   3776.7
23   10   -435.3   142.5   3761.7
23   11   -448.6   -207.5   3780.0
23   12   -389.0   -512.9   3801.2
23   13   -276.1   144.2   3773.9
23   14   -298.3   -204.9   3799.4
23   15   -327.0   -513.5   3834.6
23   16   -365.8   512.3   3543.2
23   17   -321.6   480.6   3536.8
23   18   -356.1   628.8   3673.8
24   0   -355.4   721.3   3685.0
24   1   -357.6   566.0   3695.8
24   2   -478.2   549.8   3675.5
24   3   -477.4   348.3   3581.2
24   4   -343.0   545.4   3535.2
24   5   -230.5   558.5   3694.2
24   6   -219.0   342.7   3641.6
24   7   -343.4   508.1   3514.3
24   8   -362.3   378.9   3765.3
24   9   -358.1   211.8   3776.7
24   10   -435.8   142.9   3761.5
24   11   -448.8   -209.4   3780.0
24   12   -388.7   -515.1   3798.3
24   13   -276.7   144.5   3773.7
24   14   -298.8   -206.9   3799.6
24   15   -327.3   -515.7   3834.8
24   16   -365.4   512.6   3542.9
24   17   -322.6   480.5   3535.5
24   18   -356.1   628.8   3672.5
25   0   -355.4   721.7   3684.9
25   1   -357.6   566.1   3694.9
25   2   -477.9   550.0   3674.8
25   3   -477.7   348.9   3579.7
25   4   -342.5   545.8   3534.4
25   5   -231.0   558.7   3694.1
25   6   -220.0   343.1   3640.3
25   7   -344.1   509.3   3513.5
25   8   -362.3   379.3   3765.0
25   9   -358.6   210.7   3776.6
25   10   -436.4   143.4   3761.1
25   11   -449.0   -210.9   3780.0
25   12   -388.3   -516.7   3797.2
25   13   -277.2   145.3   3773.6
25   14   -299.2   -208.1   3799.8
25   15   -327.5   -517.0   3834.9
25   16   -365.0   513.0   3542.0
25   17   -323.4   481.6   3534.7
25   18   -356.1   628.8   3671.3
26   0   -355.4   722.0   3684.8
26   1   -357.6   566.2   3694.2
26   2   -477.6   550.2   3674.0
26   3   -478.0   349.9   3577.3
26   4   -341.3   546.4   3534.2
26   5   -231.5   558.8   3694.1
26   6   -221.3   343.7   3638.7
26   7   -344.5   511.6   3513.1
26   8   -362.3   379.6   3764.8
26   9   -359.1   209.3   3776.4
26   10   -437.0   144.1   3760.7
26   11   -449.1   -211.6   3779.9
26   12   -387.8   -517.2   3798.0
26   13   -277.5   146.2   3773.5
26   14   -299.7   -208.5   3799.8
26   15   -327.8   -517.5   3834.9
26   16   -364.1   513.6   3541.3
26   17   -324.0   483.6   3534.0
26   18   -356.1   628.8   3670.5
27   0   -355.4   722.4   3684.8
27   1   -357.6   566.2   3693.7
27   2   -477.4   550.3   3673.3
27   3   -478.2   351.1   3574.4
27   4   -339.9   547.2   3534.3
27   5   -231.9   559.0   3694.0
27   6   -223.0   343.9   3637.9
27   7   -344.8   513.2   3512.5
27   8   -362.4   379.7   3764.6
27   9   -359.6   208.0   3776.1
27   10   -437.7   144.9   3760.2
27   11   -449.2   -211.9   3779.6
27   12   -387.7   -517.5   3799.6
27   13   -277.9   147.2   3773.5
27   14   -300.1   -208.6   3799.9
27   15   -328.1   -517.7   3834.9
27   16   -362.9   514.5   3541.0
27   17   -324.5   485.0   3533.4
27   18   -356.1   628.8   3669.9
28   0   -355.4   722.7   3684.7
28   1   -357.7   566.2   3693.2
28   2   -477.2   550.5   3671.8
28   3   -478.3   352.0   3571.3
28   4   -338.6   547.9   3534.7
28   5   -232.2   559.1   3694.0
28   6   -223.4   344.1   3637.8
28   7   -344.8   513.7   3512.4
28   8   -362.4   379.8   3764.4
28   9   -360.2   207.0   3775.8
28   10   -438.5   145.8   3759.9
28   11   -449.3   -212.1   3779.1
28   12   -388.2   -518.0   3797.4
28   13   -278.6   147.8   3773.5
28   14   -300.3   -209.2   3800.0
28   15   -328.6   -518.4   3834.5
28   16   -361.8   515.3   3540.8
28   17   -324.6   485.4   3533.3
28   18   -356.1   628.8   3669.2
29   0   -355.4   723.0   3684.6
29   1   -357.7   566.3   3692.7
29   2   -477.0   550.6   3669.8
29   3   -478.3   351.7   3570.2
29   4   -338.9   548.2   3534.8
29   5   -232.5   559.2   3694.0
29   6   -223.1   344.1   3638.1
29   7   -344.6   513.6   3512.5
29   8   -362.4   379.6   3764.4
29   9   -360.7   205.9   3775.5
29   10   -439.1   146.1   3759.8
29   11   -449.3   -212.7   3778.9
29   12   -389.5   -519.0   3793.1
29   13   -279.4   147.9   3773.5
29   14   -300.4   -210.0   3800.3
29   15   -329.2   -519.2   3834.3
29   16   -362.2   515.4   3540.7
29   17   -324.4   485.3   3533.5
29   18   -356.1   628.8   3668.6
30   0   -355.4   723.2   3684.5
30   1   -357.7   566.3   3692.1
30   2   -476.9   550.7   3666.6
30   3   -478.4   350.7   3569.3
30   4   -339.5   547.7   3534.9
30   5   -232.8   559.3   3693.9
30   6   -223.0   344.2   3638.4
30   7   -344.5   513.6   3512.6
30   8   -362.4   379.2   3764.5
30   9   -361.3   204.8   3775.2
30   10   -439.5   146.2   3759.7
30   11   -449.3   -213.3   3778.9
30   12   -390.5   -520.1   3786.9
30   13   -280.3   147.8   3773.5
30   14   -300.4   -210.8   3800.5
30   15   -329.6   -520.1   3834.5
30   16   -362.6   514.9   3540.7
30   17   -324.2   485.4   3533.6
30   18   -356.1   628.8   3668.0
31   0   -355.4   723.4   3684.4
31   1   -357.7   566.4   3691.6
31   2   -476.7   550.8   3665.1
31   3   -478.4   350.2   3569.0
31   4   -339.6   547.4   3535.0
31   5   -233.1   559.4   3693.9
31   6   -223.0   344.3   3638.3
31   7   -344.5   513.9   3512.6
31   8   -362.5   378.5   3764.6
31   9   -361.8   203.8   3775.0
31   10   -440.0   146.3   3759.6
31   11   -449.3   -213.9   3778.8
31   12   -389.1   -520.0   3794.8
31   13   -281.1   147.7   3773.5
31   14   -300.4   -211.6   3800.6
31   15   -329.8   -520.9   3835.1
31   16   -362.8   514.6   3540.6
31   17   -324.3   485.6   3533.5
31   18   -356.1   628.8   3667.3
32   0   -355.4   723.5   3684.2
32   1   -357.7   566.4   3691.1
32   2   -476.6   550.9   3664.5
32   3   -478.4   350.0   3569.0
32   4   -339.6   547.2   3535.0
32   5   -233.3   559.5   3693.9
32   6   -223.0   344.5   3638.0
32   7   -344.8   513.8   3512.3
32   8   -362.5   377.8   3764.8
32   9   -362.3   202.8   3774.7
32   10   -440.5   146.3   3759.6
32   11   -449.4   -214.4   3778.8
32   12   -387.8   -518.8   3810.4
32   13   -281.7   147.9   3773.0
32   14   -300.4   -211.9   3800.6
32   15   -330.1   -520.7   3838.7
32   16   -362.7   514.3   3540.6
32   17   -324.5   485.6   3533.3
32   18   -356.1   628.8   3666.7
33   0   -355.5   723.7   3684.0
33   1   -357.7   566.5   3690.7
33   2   -476.5   551.0   3664.3
33   3   -478.5   350.0   3568.9
33   4   -339.2   546.8   3534.4
33   5   -233.6   559.5   3693.8
33   6   -223.0   344.7   3637.2
33   7   -345.2   514.2   3512.1
33   8   -362.6   377.0   3765.0
33   9   -362.9   201.8   3774.3
33   10   -441.0   146.3   3759.5
33   11   -449.4   -214.8   3778.8
33   12   -386.9   -518.0   3820.5
33   13   -282.3   148.2   3772.4
33   14   -300.4   -212.1   3800.6
33   15   -330.5   -519.6   3846.9
33   16   -362.4   514.0   3540.2
33   17   -324.9   485.9   3532.9
33   18   -356.1   628.8   3666.3
34   0   -355.5   723.9   3683.8
34   1   -357.7   566.5   3690.5
34   2   -476.4   551.1   3664.3
34   3   -478.6   350.2   3568.9
34   4   -338.6   546.4   3534.1
34   5   -233.8   559.5   3693.8
34   6   -223.2   345.1   3635.6
34   7   -346.0   515.0   3511.6
34   8   -362.7   376.3   3765.3
34   9   -363.5   201.0   3774.0
34   10   -441.7   146.4   3759.4
34   11   -449.4   -215.2   3778.8
34   12   -386.3   -517.7   3825.6
34   13   -282.7   148.6   3772.1
34   14   -300.5   -212.0   3800.6
34   15   -331.1   -515.8   3865.4
34   16   -361.9   513.7   3539.9
34   17   -325.5   486.7   3532.3
34   18   -356.1   628.9   3666.0
35   0   -355.5   724.1   3683.5
35   1   -357.7   566.6   3690.4
35   2   -476.3   551.2   3664.4
35   3   -478.8   350.4   3568.7
35   4   -338.0   546.2   3533.9
35   5   -234.0   559.5   3693.8
35   6   -223.3   345.8   3633.1
35   7   -347.1   516.4   3511.0
35   8   -362.8   375.6   3765.5
35   9   -363.9   200.3   3773.7
35   10   -442.1   146.3   3759.4
35   11   -449.4   -215.5   3778.8
35   12   -385.6   -517.4   3829.3
35   13   -283.0   148.8   3772.1
35   14   -300.5   -212.1   3800.4
35   15   -331.5   -514.8   3871.4
35   16   -361.5   513.5   3539.7
35   17   -326.5   488.0   3531.4
35   18   -356.1   628.9   3665.8
36   0   -355.6   724.3   3683.2
36   1   -357.8   566.7   3690.3
36   2   -476.1   551.3   3664.4
36   3   -478.8   350.5   3568.7
36   4   -338.1   546.3   3533.5
36   5   -234.2   559.6   3693.7
36   6   -223.4   346.9   3629.5
36   7   -348.7   518.4   3510.2
36   8   -363.0   375.0   3765.7
36   9   -364.2   199.8   3773.2
36   10   -442.6   146.4   3759.2
36   11   -449.5   -215.7   3778.8
36   12   -384.7   -516.8   3832.8
36   13   -283.2   149.0   3772.1
36   14   -300.5   -212.2   3800.1
36   15   -331.9   -516.5   3864.0
36   16   -361.6   513.7   3539.4
36   17   -327.8   489.8   3530.0
36   18   -356.1   629.0   3665.8
37   0   -355.6   724.4   3682.9
37   1   -357.8   566.7   3690.3
37   2   -476.1   551.3   3664.5
37   3   -478.6   350.6   3568.7
37   4   -338.5   546.6   3532.7
37   5   -234.3   559.6   3693.6
37   6   -223.4   347.4   3627.9
37   7   -349.3   519.2   3509.6
37   8   -363.1   374.5   3765.9
37   9   -364.5   199.4   3772.9
37   10   -443.1   146.5   3759.1
37   11   -449.7   -215.8   3779.0
37   12   -384.2   -516.3   3835.1
37   13   -283.4   149.1   3772.5
37   14   -300.5   -212.3   3799.5
37   15   -331.9   -517.9   3857.2
37   16   -361.8   514.0   3538.7
37   17   -328.3   490.5   3529.4
37   18   -356.1   629.1   3665.7
38   0   -355.7   724.5   3682.8
38   1   -357.8   566.8   3690.3
38   2   -476.0   551.4   3664.5
38   3   -478.2   350.6   3568.8
38   4   -338.7   547.0   3532.4
38   5   -234.4   559.6   3693.5
38   6   -223.3   347.4   3627.9
38   7   -349.2   519.1   3509.6
38   8   -363.2   374.1   3766.1
38   9   -364.8   199.2   3772.6
38   10   -443.4   146.5   3759.0
38   11   -449.7   -216.1   3778.5
38   12   -384.7   -516.3   3836.6
38   13   -283.5   149.2   3772.6
38   14   -300.5   -212.5   3799.3
38   15   -331.5   -518.3   3856.0
38   16   -362.0   514.3   3538.5
38   17   -328.2   490.5   3529.3
38   18   -356.1   629.1   3665.7
39   0   -355.7   724.6   3682.6
39   1   -357.8   566.9   3690.2
39   2   -475.9   551.5   3664.5
39   3   -478.0   350.7   3568.9
39   4   -338.9   547.3   3532.5
39   5   -234.4   559.6   3693.4
39   6   -222.8   347.1   3629.0
39   7   -348.4   518.5   3509.8
39   8   -363.3   373.8   3766.2
39   9   -364.9   199.0   3772.4
39   10   -443.7   146.3   3759.0
39   11   -449.6   -216.5   3777.5
39   12   -385.7   -516.9   3835.6
39   13   -283.5   149.2   3772.7
39   14   -300.5   -212.7   3799.2
39   15   -330.4   -518.2   3858.1
39   16   -362.1   514.5   3538.6
39   17   -327.5   489.9   3529.7
39   18   -356.1   629.2   3665.7
40   0   -355.8   724.6   3682.5
40   1   -357.8   566.9   3690.2
40   2   -475.8   551.5   3664.5
40   3   -478.0   350.7   3569.0
40   4   -338.8   547.3   3532.9
40   5   -234.5   559.6   3693.2
40   6   -222.0   346.4   3631.3
40   7   -346.8   517.2   3510.4
40   8   -363.3   373.6   3766.3
40   9   -365.0   198.9   3772.2
40   10   -443.9   146.2   3758.9
40   11   -449.6   -216.9   3776.2
40   12   -386.0   -517.5   3833.7
40   13   -283.4   149.2   3772.7
40   14   -300.5   -212.9   3799.2
40   15   -329.0   -518.6   3857.9
40   16   -362.0   514.6   3538.9
40   17   -326.0   488.7   3530.5
40   18   -356.1   629.2   3665.7
41   0   -355.8   724.7   3682.4
41   1   -357.8   567.0   3690.2
41   2   -475.7   551.6   3664.5
41   3   -478.0   350.7   3569.1
41   4   -338.7   547.3   3533.1
41   5   -234.6   559.6   3693.1
41   6   -221.0   345.1   3636.4
41   7   -344.0   514.2   3511.6
41   8   -363.3   373.4   3766.4
41   9   -365.0   198.8   3772.1
41   10   -444.0   146.0   3758.9
41   11   -449.6   -217.2   3775.7
41   12   -386.0   -518.2   3831.0
41   13   -283.3   149.1   3772.7
41   14   -300.5   -213.1   3799.3
41   15   -327.7   -519.5   3855.0
41   16   -361.9   514.5   3539.1
41   17   -323.5   486.0   3532.4
41   18   -356.1   629.3   3665.7
42   0   -355.9   724.7   3682.4
42   1   -357.8   567.1   3690.2
42   2   -475.7   551.6   3664.5
42   3   -478.0   350.7   3569.2
42   4   -338.4   547.2   3533.2
42   5   -234.6   559.6   3692.9
42   6   -220.7   344.3   3639.2
42   7   -342.2   512.8   3512.0
42   8   -363.4   373.3   3766.4
42   9   -365.0   198.8   3772.1
42   10   -444.2   146.0   3758.9
42   11   -449.6   -217.3   3775.5
42   12   -386.9   -518.8   3829.4
42   13   -283.2   149.1   3772.7
42   14   -300.5   -213.2   3799.3
42   15   -326.2   -520.2   3852.6
42   16   -361.7   514.4   3539.2
42   17   -321.9   484.7   3533.2
42   18   -356.1   629.4   3665.7
43   0   -356.0   724.7   3682.3
43   1   -357.8   567.1   3690.2
43   2   -475.6   551.7   3664.5
43   3   -477.9   350.8   3569.2
43   4   -338.0   546.9   3533.3
43   5   -234.7   559.6   3692.7
43   6   -220.5   344.0   3640.3
43   7   -341.1   512.4   3512.0
43   8   -363.4   373.2   3766.4
43   9   -365.1   198.9   3772.1
43   10   -444.3   145.9   3758.9
43   11   -449.5   -217.5   3775.5
43   12   -387.9   -519.3   3828.4
43   13   -283.1   149.0   3772.7
43   14   -300.5   -213.3   3799.3
43   15   -324.8   -520.7   3850.5
43   16   -361.3   514.2   3539.3
43   17   -321.0   484.3   3533.4
43   18   -356.1   629.5   3665.7
44   0   -356.0   724.8   3682.3
44   1   -357.8   567.2   3690.2
44   2   -475.6   551.8   3664.5
44   3   -478.0   350.7   3569.4
44   4   -337.8   546.7   3533.2
44   5   -234.7   559.6   3692.5
44   6   -220.3   343.8   3640.4
44   7   -340.1   512.6   3511.9
44   8   -363.4   373.1   3766.5
44   9   -365.1   198.9   3772.0
44   10   -444.3   145.7   3758.8
44   11   -449.5   -217.7   3775.5
44   12   -389.7   -519.9   3828.4
44   13   -282.9   149.0   3772.6
44   14   -300.5   -213.4   3799.5
44   15   -323.2   -520.9   3851.4
44   16   -361.2   514.0   3539.3
44   17   -320.2   484.5   3533.3
44   18   -356.1   629.5   3665.7
45   0   -356.1   724.8   3682.2
45   1   -357.8   567.3   3690.2
45   2   -475.5   551.8   3664.5
45   3   -478.1   350.7   3569.6
45   4   -337.7   546.5   3533.2
45   5   -234.7   559.6   3692.2
45   6   -220.1   343.9   3639.8
45   7   -340.0   513.0   3511.8
45   8   -363.4   373.1   3766.5
45   9   -365.0   198.9   3772.0
45   10   -444.4   145.6   3758.8
45   11   -449.5   -217.9   3775.5
45   12   -391.9   -520.6   3828.4
45   13   -282.8   148.9   3772.2
45   14   -300.5   -213.6   3799.7
45   15   -320.9   -520.2   3856.6
45   16   -361.1   513.9   3539.2
45   17   -320.0   484.8   3533.1
45   18   -356.1   629.6   3665.7
46   0   -356.1   724.8   3682.1
46   1   -357.8   567.3   3690.2
46   2   -475.5   551.9   3664.5
46   3   -478.2   350.6   3569.9
46   4   -337.6   546.1   3532.9
46   5   -234.8   559.6   3691.9
46   6   -220.1   344.1   3638.6
46   7   -340.5   513.7   3511.7
46   8   -363.4   373.1   3766.5
46   9   -365.0   199.0   3772.0
46   10   -444.5   145.6   3758.8
46   11   -449.5   -217.9   3775.3
46   12   -393.1   -520.8   3828.3
46   13   -282.7   148.9   3772.0
46   14   -300.5   -213.5   3799.6
46   15   -319.7   -519.8   3859.1
46   16   -361.0   513.5   3539.1
46   17   -320.4   485.4   3532.9
46   18   -356.1   629.7   3665.7
47   0   -356.2   724.8   3682.1
47   1   -357.8   567.4   3690.2
47   2   -475.5   551.9   3664.5
47   3   -478.4   350.6   3570.2
47   4   -337.3   545.5   3532.3
47   5   -234.8   559.5   3691.6
47   6   -220.5   344.5   3636.8
47   7   -341.4   514.8   3511.5
47   8   -363.4   373.1   3766.5
47   9   -365.0   199.0   3771.9
47   10   -444.6   145.5   3758.7
47   11   -449.5   -217.7   3775.3
47   12   -393.5   -520.6   3828.3
47   13   -282.6   148.8   3771.9
47   14   -300.6   -213.3   3799.6
47   15   -319.4   -519.4   3859.8
47   16   -360.8   513.0   3538.6
47   17   -321.3   486.4   3532.4
47   18   -356.1   629.8   3665.7
48   0   -356.2   724.9   3682.0
48   1   -357.8   567.5   3690.2
48   2   -475.4   552.0   3664.5
48   3   -478.2   350.5   3570.6
48   4   -337.1   545.3   3532.1
48   5   -234.8   559.5   3691.3
48   6   -220.6   344.6   3636.0
48   7   -341.7   515.5   3511.6
48   8   -363.4   373.1   3766.5
48   9   -365.0   199.1   3771.9
48   10   -444.7   145.5   3758.7
48   11   -449.5   -217.4   3775.2
48   12   -393.6   -520.2   3828.9
48   13   -282.6   148.7   3771.8
48   14   -300.6   -213.1   3799.6
48   15   -319.5   -519.1   3860.6
48   16   -360.6   512.8   3538.5
48   17   -321.6   487.0   3532.3
48   18   -356.1   629.8   3665.7
49   0   -356.2   724.9   3681.8
49   1   -357.8   567.6   3690.2
49   2   -475.4   552.1   3664.5
49   3   -477.9   350.5   3570.7
49   4   -336.9   545.3   3532.0
49   5   -234.9   559.5   3691.1
49   6   -220.7   344.6   3635.6
49   7   -341.8   515.8   3511.6
49   8   -363.4   373.1   3766.5
49   9   -365.0   199.2   3771.9
49   10   -444.8   145.5   3758.7
49   11   -449.5   -217.2   3774.9
49   12   -393.7   -519.8   3829.5
49   13   -282.5   148.7   3771.8
49   14   -300.6   -212.8   3799.6
49   15   -319.5   -518.5   3862.4
49   16   -360.4   512.9   3538.4
49   17   -321.6   487.3   3532.2
49   18   -356.1   629.9   3665.7
50   0   -356.3   724.9   3681.8
50   1   -357.8   567.7   3690.2
50   2   -475.3   552.1   3664.5
50   3   -477.7   350.5   3570.7
50   4   -336.1   544.9   3531.7
50   5   -234.9   559.4   3690.8
50   6   -220.8   344.5   3635.4
50   7   -341.7   515.8   3511.5
50   8   -363.4   373.2   3766.5
50   9   -365.0   199.2   3771.9
50   10   -444.8   145.4   3758.7
50   11   -449.5   -217.1   3774.4
50   12   -393.6   -519.2   3831.7
50   13   -282.4   148.7   3771.8
50   14   -300.6   -212.6   3799.6
50   15   -319.2   -517.8   3864.6
50   16   -359.7   512.5   3538.2
50   17   -321.6   487.3   3532.2
50   18   -356.1   630.0   3665.7
51   0   -356.3   724.9   3681.7
51   1   -357.8   567.8   3690.2
51   2   -475.3   552.2   3664.5
51   3   -477.5   350.6   3570.7
51   4   -334.4   543.7   3531.4
51   5   -234.9   559.4   3690.4
51   6   -220.6   344.6   3635.0
51   7   -341.7   515.9   3511.3
51   8   -363.4   373.1   3766.5
51   9   -365.0   199.2   3771.9
51   10   -444.8   145.2   3758.7
51   11   -449.5   -217.0   3774.1
51   12   -393.2   -518.2   3835.8
51   13   -282.3   148.7   3771.8
51   14   -300.6   -212.4   3799.5
51   15   -318.7   -516.8   3867.9
51   16   -358.3   511.6   3538.0
51   17   -321.5   487.4   3532.0
51   18   -356.1   630.1   3665.7
52   0   -356.3   724.9   3681.7
52   1   -357.8   567.9   3690.2
52   2   -475.2   552.2   3664.5
52   3   -477.3   350.6   3570.7
52   4   -332.4   542.3   3530.9
52   5   -235.0   559.4   3690.3
52   6   -220.3   344.7   3634.5
52   7   -341.7   516.1   3511.1
52   8   -363.4   373.1   3766.5
52   9   -365.0   199.2   3771.9
52   10   -444.9   145.3   3758.6
52   11   -449.5   -216.9   3774.1
52   12   -393.1   -517.7   3837.3
52   13   -282.2   148.7   3771.8
52   14   -300.5   -212.3   3799.5
52   15   -317.7   -517.4   3865.1
52   16   -356.5   510.3   3537.5
52   17   -321.5   487.5   3531.7
52   18   -356.1   630.2   3665.7
53   0   -356.4   724.9   3681.6
53   1   -357.8   568.0   3690.2
53   2   -475.2   552.3   3664.5
53   3   -477.1   350.7   3570.7
53   4   -331.1   541.5   3530.8
53   5   -235.0   559.4   3690.2
53   6   -219.9   344.8   3633.8
53   7   -341.7   516.3   3510.9
53   8   -363.4   373.1   3766.5
53   9   -365.0   199.2   3771.8
53   10   -445.0   145.3   3758.6
53   11   -449.5   -216.8   3774.0
53   12   -393.2   -517.3   3838.5
53   13   -282.1   148.6   3771.7
53   14   -300.5   -212.3   3799.5
53   15   -317.3   -517.7   3863.5
53   16   -355.4   509.7   3537.5
53   17   -321.4   487.7   3531.3
53   18   -356.1   630.4   3665.7
54   0   -356.4   725.0   3681.5
54   1   -357.8   568.1   3690.1
54   2   -475.2   552.3   3664.5
54   3   -476.7   350.7   3570.8
54   4   -329.4   540.5   3530.7
54   5   -235.1   559.4   3690.2
54   6   -219.6   344.9   3633.7
54   7   -341.4   516.2   3510.8
54   8   -363.4   373.0   3766.5
54   9   -365.0   199.1   3771.8
54   10   -445.1   145.3   3758.5
54   11   -449.4   -216.8   3773.9
54   12   -393.4   -517.1   3839.9
54   13   -282.1   148.6   3771.7
54   14   -300.5   -212.3   3799.5
54   15   -317.1   -517.8   3863.1
54   16   -354.0   508.9   3537.4
54   17   -321.1   487.7   3531.3
54   18   -356.1   630.5   3665.7
55   0   -356.4   725.0   3681.3
55   1   -357.8   568.2   3690.1
55   2   -475.2   552.4   3664.5
55   3   -476.2   350.7   3570.9
55   4   -328.7   540.2   3530.2
55   5   -235.1   559.3   3690.1
55   6   -218.9   344.8   3634.2
55   7   -340.9   515.7   3510.8
55   8   -363.4   372.9   3766.6
55   9   -365.0   199.1   3771.8
55   10   -445.1   145.3   3758.5
55   11   -449.4   -216.9   3773.8
55   12   -394.0   -517.1   3840.4
55   13   -282.0   148.6   3771.6
55   14   -300.5   -212.4   3799.5
55   15   -316.8   -518.1   3862.0
55   16   -353.3   508.6   3537.0
55   17   -320.6   487.2   3531.3
55   18   -356.1   630.6   3665.7
56   0   -356.4   725.0   3681.2
56   1   -357.8   568.3   3690.1
56   2   -475.1   552.4   3664.5
56   3   -475.7   350.7   3571.0
56   4   -328.6   540.3   3529.4
56   5   -235.2   559.3   3690.1
56   6   -218.1   344.8   3634.4
56   7   -340.5   515.1   3510.6
56   8   -363.4   372.9   3766.6
56   9   -365.0   199.0   3771.8
56   10   -445.1   145.2   3758.4
56   11   -449.4   -217.0   3773.7
56   12   -394.9   -517.4   3840.4
56   13   -281.9   148.6   3771.5
56   14   -300.5   -212.4   3799.5
56   15   -316.9   -518.1   3862.5
56   16   -353.1   508.7   3536.4
56   17   -320.1   486.7   3531.2
56   18   -356.1   630.7   3665.7
57   0   -356.4   725.0   3681.1
57   1   -357.8   568.5   3690.1
57   2   -475.1   552.5   3664.5
57   3   -475.6   350.8   3571.2
57   4   -329.0   540.4   3528.3
57   5   -235.2   559.3   3690.1
57   6   -217.3   344.9   3634.3
57   7   -340.1   514.7   3510.2
57   8   -363.4   372.8   3766.6
57   9   -365.0   199.0   3771.8
57   10   -445.1   145.1   3758.3
57   11   -449.2   -217.2   3773.7
57   12   -395.3   -517.9   3839.3
57   13   -281.9   148.6   3771.4
57   14   -300.5   -212.5   3799.5
57   15   -316.8   -518.0   3863.0
57   16   -353.4   508.8   3535.5
57   17   -319.6   486.4   3530.9
57   18   -356.1   630.8   3665.7
58   0   -356.4   725.0   3681.0
58   1   -357.8   568.6   3690.1
58   2   -475.1   552.6   3664.5
58   3   -475.9   350.8   3571.1
58   4   -329.6   540.3   3526.5
58   5   -235.3   559.3   3690.1
58   6   -216.2   345.0   3634.0
58   7   -339.4   514.3   3509.7
58   8   -363.4   372.8   3766.6
58   9   -365.0   199.0   3771.8
58   10   -445.1   145.1   3758.1
58   11   -449.0   -217.1   3773.5
58   12   -395.3   -518.1   3838.0
58   13   -281.8   148.6   3771.3
58   14   -300.5   -212.3   3799.5
58   15   -316.5   -517.8   3863.3
58   16   -354.0   508.7   3534.0
58   17   -318.9   486.1   3530.4
58   18   -356.1   630.9   3665.7
59   0   -356.4   725.1   3680.9
59   1   -357.8   568.7   3690.1
59   2   -475.1   552.6   3664.5
59   3   -476.5   351.0   3571.0
59   4   -329.4   539.2   3524.0
59   5   -235.3   559.3   3690.0
59   6   -214.7   345.3   3633.5
59   7   -338.3   514.2   3509.0
59   8   -363.4   372.8   3766.6
59   9   -365.0   199.0   3771.8
59   10   -445.1   145.2   3757.9
59   11   -448.8   -216.9   3773.3
59   12   -395.3   -518.0   3837.6
59   13   -281.7   148.8   3771.2
59   14   -300.5   -212.1   3799.6
59   15   -315.8   -517.5   3863.7
59   16   -353.9   507.9   3531.8
59   17   -317.7   486.1   3529.7
59   18   -356.1   631.1   3665.7
60   0   -356.4   725.1   3680.8
60   1   -357.8   568.9   3690.1
60   2   -475.1   552.7   3664.6
60   3   -480.9   351.3   3570.8
60   4   -331.5   535.9   3517.5
60   5   -235.3   559.3   3690.0
60   6   -208.5   347.8   3627.7
60   7   -338.7   515.0   3508.1
60   8   -363.4   372.8   3766.6
60   9   -365.0   199.1   3771.7
60   10   -445.3   145.6   3757.7
60   11   -448.5   -216.5   3773.1
60   12   -394.9   -517.3   3838.2
60   13   -281.6   149.0   3771.0
60   14   -300.5   -211.8   3799.5
60   15   -314.2   -517.2   3863.9
60   16   -356.4   505.2   3526.4
60   17   -317.0   487.2   3528.0
60   18   -356.1   631.2   3665.7
61   0   -356.4   725.2   3680.8
61   1   -357.8   568.9   3689.8
61   2   -475.0   552.8   3668.7
61   3   -503.8   362.8   3560.4
61   4   -360.7   539.5   3477.9
61   5   -235.4   559.3   3690.0
61   6   -177.0   363.7   3609.6
61   7   -335.5   515.7   3510.1
61   8   -363.4   372.4   3764.9
61   9   -365.0   198.8   3770.0
61   10   -445.6   145.9   3757.0
61   11   -448.4   -216.3   3772.9
61   12   -394.1   -516.6   3839.7
61   13   -281.5   149.2   3770.7
61   14   -300.4   -211.7   3799.5
61   15   -313.1   -517.1   3864.2
61   16   -384.6   510.0   3491.7
61   17   -309.1   490.4   3526.7
61   18   -356.1   631.4   3665.9
62   0   -356.4   725.5   3680.9
62   1   -357.8   568.8   3690.8
62   2   -474.6   553.2   3678.5
62   3   -542.9   380.0   3563.7
62   4   -449.5   523.9   3411.8
62   5   -235.2   559.2   3690.0
62   6   -120.8   401.5   3601.7
62   7   -317.8   503.4   3519.9
62   8   -363.4   371.3   3762.0
62   9   -365.0   197.7   3766.5
62   10   -446.0   146.2   3755.9
62   11   -448.3   -215.9   3772.6
62   12   -393.9   -515.7   3841.4
62   13   -281.5   149.5   3770.0
62   14   -300.2   -211.3   3799.4
62   15   -312.5   -516.6   3864.2
62   16   -464.9   499.9   3437.2
62   17   -285.0   486.4   3533.6
62   18   -356.1   631.7   3668.1
63   0   -356.4   725.8   3681.0
63   1   -357.9   568.6   3693.6
63   2   -475.2   554.4   3684.7
63   3   -600.8   411.9   3585.2
63   4   -574.2   511.5   3382.7
63   5   -235.1   559.2   3692.9
63   6   -68.6   446.5   3676.9
63   7   -273.3   490.9   3569.6
63   8   -363.5   370.1   3760.2
63   9   -365.0   196.7   3763.4
63   10   -446.4   146.5   3754.6
63   11   -448.3   -215.3   3772.3
63   12   -394.8   -515.0   3842.1
63   13   -281.5   149.9   3769.3
63   14   -300.0   -210.7   3799.2
63   15   -314.5   -515.9   3864.0
63   16   -578.5   495.0   3416.4
63   17   -239.2   483.5   3587.5
63   18   -356.1   632.0   3672.3
64   0   -356.4   726.2   3681.1
64   1   -357.9   568.6   3697.4
64   2   -476.7   556.9   3686.5
64   3   -637.4   455.8   3581.1
64   4   -730.5   500.7   3393.2
64   5   -235.1   559.3   3697.2
64   6   -32.6   497.0   3688.1
64   7   -255.6   485.8   3606.0
64   8   -363.5   369.5   3759.5
64   9   -365.0   196.1   3761.7
64   10   -446.5   146.6   3754.2
64   11   -448.3   -215.0   3771.8
64   12   -395.9   -514.7   3842.7
64   13   -281.6   150.0   3769.0
64   14   -299.8   -210.3   3799.2
64   15   -315.6   -515.5   3863.9
64   16   -715.1   493.2   3424.5
64   17   -218.4   487.7   3619.7
64   18   -356.1   632.5   3677.5
65   0   -356.4   727.7   3681.1
65   1   -357.9   570.5   3699.6
65   2   -477.8   560.5   3683.9
65   3   -656.1   501.5   3568.8
65   4   -818.9   524.4   3403.3
65   5   -234.4   561.8   3696.0
65   6   -17.5   539.4   3669.4
65   7   -249.0   487.9   3623.3
65   8   -363.4   371.1   3758.9
65   9   -365.0   197.8   3761.1
65   10   -446.5   146.7   3754.2
65   11   -448.3   -214.6   3771.3
65   12   -396.4   -514.2   3843.0
65   13   -281.7   150.1   3768.9
65   14   -299.6   -210.0   3799.1
65   15   -316.1   -515.0   3863.9
65   16   -791.9   520.6   3430.9
65   17   -210.4   496.5   3631.0
65   18   -356.1   634.6   3680.5
66   0   -356.4   732.7   3679.3
66   1   -357.8   575.3   3698.8
66   2   -478.3   566.5   3677.3
66   3   -672.9   533.5   3573.1
66   4   -881.6   563.9   3453.9
66   5   -232.3   570.1   3691.6
66   6   -8.2   567.9   3680.3
66   7   -240.9   508.3   3628.4
66   8   -363.4   375.7   3758.2
66   9   -364.9   202.4   3761.1
66   10   -446.3   147.0   3754.5
66   11   -448.3   -214.0   3770.7
66   12   -396.7   -513.4   3843.0
66   13   -281.9   150.4   3768.9
66   14   -299.4   -209.3   3799.1
66   15   -316.3   -514.3   3864.0
66   16   -846.9   558.8   3473.8
66   17   -202.1   518.3   3637.1
66   18   -356.1   639.4   3679.7
67   0   -356.5   738.9   3675.7
67   1   -357.8   581.2   3695.7
67   2   -479.2   574.6   3669.6
67   3   -685.3   551.5   3584.1
67   4   -914.2   592.9   3489.6
67   5   -231.2   578.4   3687.4
67   6   -6.3   582.9   3697.9
67   7   -238.3   525.5   3631.5
67   8   -363.3   382.2   3757.8
67   9   -364.9   208.5   3761.3
67   10   -445.4   148.5   3754.7
67   11   -448.3   -212.5   3770.1
67   12   -396.6   -511.7   3842.8
67   13   -282.6   151.9   3768.8
67   14   -299.2   -207.7   3799.0
67   15   -316.2   -512.7   3863.9
67   16   -876.1   586.0   3505.3
67   17   -199.7   535.1   3642.5
67   18   -356.1   645.0   3675.8
68   0   -356.5   744.5   3671.3
68   1   -357.8   586.5   3691.8
68   2   -479.3   580.0   3666.6
68   3   -691.2   561.2   3595.0
68   4   -924.5   606.5   3506.7
68   5   -232.2   583.0   3686.9
68   6   -7.7   587.2   3703.1
68   7   -238.5   535.3   3627.7
68   8   -363.3   388.5   3757.2
68   9   -364.9   214.2   3761.4
68   10   -444.4   150.4   3754.9
68   11   -448.3   -210.7   3769.4
68   12   -396.9   -509.8   3842.5
68   13   -283.4   154.0   3768.5
68   14   -299.0   -205.8   3798.8
68   15   -315.7   -510.7   3863.9
68   16   -885.6   599.0   3521.4
68   17   -200.1   543.9   3640.3
68   18   -356.1   650.0   3670.9
69   0   -356.5   748.5   3667.5
69   1   -357.8   590.1   3688.8
69   2   -478.8   582.5   3667.9
69   3   -689.2   561.1   3594.2
69   4   -918.9   610.1   3503.1
69   5   -233.9   585.4   3689.6
69   6   -10.0   586.6   3700.1
69   7   -241.7   536.2   3628.2
69   8   -363.3   392.9   3756.6
69   9   -364.9   218.1   3761.4
69   10   -443.6   152.7   3754.9
69   11   -448.3   -208.8   3767.7
69   12   -397.4   -507.7   3842.3
69   13   -283.8   156.6   3768.1
69   14   -298.7   -203.5   3798.6
69   15   -315.1   -508.4   3863.9
69   16   -880.6   602.0   3518.3
69   17   -203.1   544.6   3640.2
69   18   -356.1   653.4   3667.0
70   0   -356.5   750.7   3666.7
70   1   -357.8   592.0   3687.7
70   2   -478.3   583.2   3672.2
70   3   -683.8   555.5   3590.3
70   4   -906.2   605.6   3489.6
70   5   -235.3   586.3   3694.6
70   6   -12.2   583.6   3698.3
70   7   -245.6   534.7   3634.9
70   8   -363.3   395.1   3756.3
70   9   -364.9   220.0   3761.4
70   10   -443.5   155.1   3754.7
70   11   -448.3   -206.9   3764.7
70   12   -397.9   -505.1   3842.2
70   13   -283.3   159.8   3767.5
70   14   -298.5   -200.7   3798.3
70   15   -314.3   -505.6   3863.4
70   16   -869.1   597.2   3506.4
70   17   -206.7   542.9   3645.4
70   18   -356.1   655.1   3665.7
71   0   -356.5   751.9   3668.2
71   1   -357.8   592.6   3688.2
71   2   -478.2   582.8   3675.0
71   3   -680.0   549.2   3587.8
71   4   -897.4   594.5   3480.4
71   5   -236.1   586.4   3699.6
71   6   -13.6   579.9   3698.9
71   7   -246.7   535.2   3636.5
71   8   -363.3   395.6   3756.3
71   9   -364.9   220.5   3761.4
71   10   -443.6   156.3   3754.3
71   11   -448.3   -205.6   3760.6
71   12   -398.4   -502.6   3842.6
71   13   -283.0   161.2   3766.6
71   14   -298.4   -199.1   3798.0
71   15   -314.0   -503.9   3863.3
71   16   -861.2   587.0   3498.3
71   17   -207.8   542.7   3646.9
71   18   -356.1   655.8   3666.4
72   0   -356.5   752.4   3670.2
72   1   -357.8   592.7   3689.9
72   2   -478.3   582.0   3676.6
72   3   -677.9   544.8   3586.2
72   4   -893.9   584.4   3475.4
72   5   -236.0   585.8   3702.5
72   6   -13.9   576.0   3699.7
72   7   -246.8   535.8   3633.9
72   8   -363.3   395.2   3756.5
72   9   -364.9   220.1   3761.4
72   10   -443.7   156.8   3753.9
72   11   -448.4   -203.2   3755.5
72   12   -399.1   -498.8   3842.5
72   13   -282.8   161.7   3765.5
72   14   -298.2   -196.5   3797.5
72   15   -313.7   -501.3   3863.2
72   16   -857.9   577.8   3493.9
72   17   -208.0   542.5   3644.9
72   18   -356.1   656.0   3668.6
73   0   -356.5   752.6   3673.4
73   1   -357.8   592.4   3692.5
73   2   -478.6   581.0   3677.3
73   3   -677.2   542.7   3585.7
73   4   -890.9   579.8   3474.8
73   5   -235.4   585.0   3704.4
73   6   -13.7   571.0   3702.2
73   7   -244.8   536.5   3634.6
73   8   -363.3   394.3   3756.8
73   9   -364.9   219.3   3761.3
73   10   -443.9   157.0   3753.2
73   11   -448.4   -200.6   3752.0
73   12   -400.0   -495.5   3841.9
73   13   -282.5   161.8   3764.2
73   14   -298.1   -193.9   3797.1
73   15   -313.6   -498.5   3863.5
73   16   -855.3   573.6   3493.3
73   17   -206.3   542.3   3645.9
73   18   -356.1   656.0   3671.8
74   0   -356.5   752.6   3678.0
74   1   -357.8   592.1   3695.5
74   2   -478.9   580.3   3678.0
74   3   -677.3   541.9   3585.8
74   4   -888.0   578.2   3476.8
74   5   -234.5   584.0   3705.0
74   6   -13.3   565.4   3706.1
74   7   -240.0   537.2   3633.3
74   8   -363.3   393.2   3757.2
74   9   -364.9   218.2   3761.3
74   10   -444.1   157.0   3752.5
74   11   -448.4   -198.8   3751.4
74   12   -400.4   -493.7   3841.3
74   13   -282.3   161.7   3763.3
74   14   -298.1   -192.1   3797.0
74   15   -313.3   -496.5   3864.2
74   16   -852.9   572.1   3495.0
74   17   -202.2   541.9   3645.4
74   18   -356.1   655.9   3675.6
75   0   -356.5   752.7   3681.9
75   1   -357.8   591.8   3698.1
75   2   -479.3   579.6   3678.6
75   3   -677.5   541.9   3586.0
75   4   -887.9   578.6   3479.2
75   5   -233.6   583.1   3705.2
75   6   -12.7   562.5   3710.7
75   7   -236.2   537.4   3630.9
75   8   -363.4   392.2   3757.7
75   9   -364.9   217.4   3761.3
75   10   -444.3   157.1   3751.6
75   11   -448.4   -197.7   3751.3
75   12   -400.5   -492.7   3841.0
75   13   -282.2   161.6   3763.1
75   14   -298.6   -191.2   3797.4
75   15   -312.3   -495.9   3863.1
75   16   -852.8   572.5   3497.0
75   17   -199.0   541.6   3644.2
75   18   -356.1   655.8   3679.0
76   0   -356.5   752.8   3683.7
76   1   -357.8   591.5   3700.0
76   2   -479.7   579.2   3678.8
76   3   -678.1   542.3   3586.3
76   4   -889.4   580.0   3481.7
76   5   -232.9   582.4   3705.5
76   6   -11.9   562.3   3710.1
76   7   -235.8   537.4   3630.8
76   8   -363.4   391.5   3758.0
76   9   -364.9   216.9   3761.3
76   10   -444.4   157.2   3750.5
76   11   -448.4   -196.2   3751.2
76   12   -400.7   -491.3   3840.6
76   13   -282.0   161.4   3762.8
76   14   -298.5   -190.0   3796.5
76   15   -311.0   -495.0   3860.8
76   16   -854.2   573.7   3499.1
76   17   -198.5   541.5   3644.0
76   18   -356.1   655.7   3681.4
77   0   -356.5   752.8   3684.2
77   1   -357.8   591.4   3701.2
77   2   -480.2   578.9   3678.9
77   3   -678.8   542.8   3586.6
77   4   -891.5   581.9   3484.2
77   5   -232.3   581.7   3706.0
77   6   -11.3   562.2   3709.5
77   7   -236.6   537.7   3632.4
77   8   -363.4   391.0   3758.3
77   9   -364.9   216.6   3761.3
77   10   -444.6   157.3   3749.2
77   11   -448.4   -194.7   3751.3
77   12   -401.0   -489.9   3840.2
77   13   -281.9   161.3   3762.6
77   14   -298.1   -188.8   3795.9
77   15   -310.4   -494.1   3858.9
77   16   -856.1   575.4   3501.3
77   17   -199.1   541.8   3645.2
77   18   -356.1   655.7   3682.9
78   0   -356.5   752.9   3683.9
78   1   -357.8   591.4   3701.8
78   2   -480.7   578.6   3679.0
78   3   -679.3   543.3   3586.6
78   4   -890.8   583.4   3484.6
78   5   -232.0   581.0   3706.5
78   6   -10.9   562.2   3709.2
78   7   -235.9   538.3   3634.5
78   8   -363.4   390.7   3758.5
78   9   -364.9   216.5   3761.3
78   10   -444.7   157.3   3748.7
78   11   -448.3   -194.5   3751.6
78   12   -401.1   -489.8   3840.1
78   13   -281.7   161.2   3762.8
78   14   -297.5   -188.7   3796.3
78   15   -310.6   -494.3   3857.4
78   16   -855.5   576.8   3501.6
78   17   -198.4   542.3   3647.0
78   18   -356.1   655.7   3683.7
79   0   -356.5   752.9   3683.5
79   1   -357.8   591.3   3702.1
79   2   -481.1   578.4   3679.0
79   3   -679.8   543.9   3586.5
79   4   -890.2   585.1   3482.7
79   5   -231.9   580.3   3707.2
79   6   -10.7   562.1   3709.1
79   7   -235.4   538.2   3633.6
79   8   -363.4   390.4   3758.5
79   9   -364.9   216.5   3761.3
79   10   -444.8   157.3   3748.5
79   11   -448.2   -192.3   3751.8
79   12   -401.6   -488.1   3839.1
79   13   -281.6   161.1   3763.3
79   14   -297.6   -186.5   3797.3
79   15   -310.6   -492.4   3856.4
79   16   -855.2   578.2   3500.0
79   17   -197.9   542.2   3646.2
79   18   -356.1   655.7   3684.1
80   0   -356.5   752.9   3683.2
80   1   -357.8   591.3   3702.4
80   2   -481.6   578.2   3679.0
80   3   -680.3   544.4   3586.3
80   4   -889.7   586.8   3479.9
80   5   -231.8   579.5   3708.0
80   6   -10.7   562.1   3709.1
80   7   -235.6   538.6   3632.6
80   8   -363.4   390.1   3758.6
80   9   -364.9   216.4   3761.3
80   10   -445.1   157.1   3748.4
80   11   -448.1   -189.5   3752.3
80   12   -402.4   -485.9   3837.6
80   13   -281.5   160.9   3763.9
80   14   -297.3   -183.8   3797.3
80   15   -310.8   -489.8   3856.0
80   16   -854.8   579.7   3497.6
80   17   -198.1   542.5   3645.4
80   18   -356.1   655.7   3684.4
81   0   -356.5   753.0   3682.9
81   1   -357.8   591.3   3702.6
81   2   -482.1   577.9   3679.1
81   3   -680.7   544.8   3586.1
81   4   -890.4   588.6   3479.1
81   5   -231.8   578.8   3708.9
81   6   -11.5   572.8   3692.0
81   7   10.0   564.3   3619.9
81   8   -363.4   389.8   3758.7
81   9   -364.9   216.3   3761.2
81   10   -445.4   157.0   3748.4
81   11   -448.2   -190.1   3753.2
81   12   -402.6   -487.0   3836.9
81   13   -281.3   160.6   3764.7
81   14   -297.9   -184.4   3798.7
81   15   -310.9   -490.7   3855.9
81   16   -855.4   581.3   3497.0
81   17   6.4   565.7   3631.9
81   18   -356.1   655.7   3684.7
82   0   -356.6   752.9   3682.7
82   1   -357.8   591.3   3702.7
82   2   -482.5   577.7   3679.1
82   3   -681.3   545.5   3586.2
82   4   -892.0   590.4   3480.2
82   5   -231.7   578.1   3709.3
82   6   -11.0   568.1   3699.9
82   7   63.9   566.1   3545.3
82   8   -363.4   389.4   3758.7
82   9   -364.9   216.0   3761.2
82   10   -445.7   156.9   3748.4
82   11   -448.2   -191.6   3754.5
82   12   -402.9   -488.9   3836.5
82   13   -281.2   160.2   3765.2
82   14   -298.5   -186.1   3799.7
82   15   -310.9   -492.5   3856.1
82   16   -856.9   582.9   3497.9
82   17   51.4   566.4   3571.0
82   18   -356.1   655.6   3684.9
83   0   -356.7   752.8   3682.6
83   1   -357.8   591.1   3702.8
83   2   -483.0   577.5   3679.1
83   3   -681.9   545.8   3586.3
83   4   -893.8   591.5   3481.8
83   5   -231.6   577.2   3709.6
83   6   -10.6   564.9   3704.9
83   7   130.1   596.1   3541.5
83   8   -363.4   389.0   3758.7
83   9   -364.9   215.7   3761.2
83   10   -446.1   156.8   3748.4
83   11   -448.3   -190.4   3756.1
83   12   -403.5   -488.7   3834.7
83   13   -281.2   159.7   3765.4
83   14   -298.5   -185.5   3799.5
83   15   -310.8   -492.0   3855.3
83   16   -858.5   583.9   3499.2
83   17   106.7   590.9   3568.7
83   18   -356.1   655.5   3685.0
84   0   -357.2   752.7   3682.5
84   1   -357.9   591.0   3702.9
84   2   -483.5   577.3   3679.1
84   3   -682.6   545.9   3586.6
84   4   -896.5   592.6   3485.5
84   5   -231.5   576.5   3709.7
84   6   -10.3   563.1   3707.6
84   7   168.8   618.6   3557.5
84   8   -363.4   388.6   3758.8
84   9   -364.9   215.4   3761.2
84   10   -446.4   156.8   3748.5
84   11   -448.5   -188.0   3759.1
84   12   -403.2   -487.2   3834.1
84   13   -281.2   159.1   3765.7
84   14   -298.1   -183.9   3798.4
84   15   -310.7   -490.3   3854.6
84   16   -860.8   584.8   3502.4
84   17   139.0   609.3   3582.5
84   18   -356.1   655.3   3685.2
85   0   -360.2   752.3   3682.5
85   1   -358.2   590.8   3703.1
85   2   -484.5   577.9   3679.7
85   3   -683.4   546.1   3587.1
85   4   -899.2   592.9   3489.3
85   5   -231.8   575.4   3710.3
85   6   -10.5   562.2   3708.7
85   7   186.2   631.2   3573.0
85   8   -364.6   388.4   3758.8
85   9   -365.8   215.2   3761.2
85   10   -447.6   156.4   3748.4
85   11   -449.0   -185.8   3762.0
85   12   -402.2   -485.3   3834.6
85   13   -281.8   158.8   3765.9
85   14   -297.8   -181.9   3797.7
85   15   -310.7   -488.1   3854.4
85   16   -863.2   585.1   3505.6
85   17   153.5   619.7   3595.6
85   18   -356.2   655.1   3685.4
86   0   -364.1   751.8   3683.3
86   1   -358.9   590.5   3703.3
86   2   -485.2   578.1   3680.0
86   3   -684.3   546.3   3587.7
86   4   -901.0   592.4   3490.9
86   5   -232.4   574.3   3710.8
86   6   -11.0   561.8   3709.0
86   7   190.7   635.0   3580.4
86   8   -366.6   388.3   3758.9
86   9   -367.4   215.2   3761.2
86   10   -449.6   155.6   3748.3
86   11   -449.6   -184.3   3763.3
86   12   -401.2   -483.9   3834.2
86   13   -282.7   158.6   3766.2
86   14   -298.1   -179.8   3797.9
86   15   -310.5   -486.0   3854.6
86   16   -864.8   584.7   3507.0
86   17   157.1   622.8   3601.8
86   18   -356.4   654.8   3685.6
87   0   -367.2   751.2   3684.7
87   1   -359.8   590.1   3703.6
87   2   -485.8   578.1   3680.2
87   3   -685.2   546.5   3588.7
87   4   -902.2   591.3   3491.4
87   5   -233.0   573.2   3711.3
87   6   -11.6   561.9   3708.9
87   7   191.0   635.9   3585.4
87   8   -369.4   388.4   3759.0
87   9   -369.5   215.3   3761.3
87   10   -452.1   154.5   3748.1
87   11   -450.1   -183.4   3763.8
87   12   -400.0   -482.7   3834.6
87   13   -283.9   158.2   3766.5
87   14   -298.1   -178.4   3797.6
87   15   -310.5   -484.5   3854.9
87   16   -866.1   583.8   3507.6
87   17   157.2   623.6   3606.0
87   18   -356.7   654.5   3685.9
88   0   -369.3   750.6   3686.1
88   1   -360.6   589.7   3703.8
88   2   -486.3   578.0   3680.4
88   3   -686.4   546.9   3589.7
88   4   -903.9   589.9   3492.5
88   5   -233.6   572.4   3711.6
88   6   -11.9   562.1   3708.8
88   7   189.7   636.1   3588.1
88   8   -372.1   388.5   3759.3
88   9   -371.8   215.5   3761.5
88   10   -454.7   153.5   3748.0
88   11   -450.4   -186.0   3764.0
88   12   -397.9   -484.5   3836.3
88   13   -285.4   158.2   3766.9
88   14   -298.6   -180.1   3798.2
88   15   -310.7   -485.1   3860.4
88   16   -867.7   582.8   3508.7
88   17   156.1   623.8   3608.2
88   18   -356.9   654.0   3686.1
89   0   -370.2   750.1   3687.2
89   1   -361.3   589.3   3704.1
89   2   -486.5   577.5   3680.5
89   3   -687.0   546.9   3590.1
89   4   -905.2   588.8   3493.4
89   5   -233.9   571.8   3711.7
89   6   -12.1   562.2   3708.7
89   7   189.4   636.2   3591.3
89   8   -373.8   388.5   3759.5
89   9   -373.8   215.5   3761.7
89   10   -457.0   152.8   3748.1
89   11   -450.6   -189.9   3764.2
89   12   -397.8   -488.4   3836.5
89   13   -286.8   158.2   3767.3
89   14   -299.0   -183.3   3798.4
89   15   -310.7   -487.2   3866.1
89   16   -868.8   581.8   3509.5
89   17   155.8   623.9   3610.8
89   18   -357.2   653.5   3686.3
90   0   -370.4   749.5   3687.8
90   1   -361.7   588.8   3704.3
90   2   -486.6   576.6   3680.5
90   3   -687.5   546.9   3590.2
90   4   -905.9   588.0   3493.4
90   5   -234.2   571.2   3711.7
90   6   -12.1   562.4   3708.6
90   7   189.1   635.9   3592.8
90   8   -374.8   388.3   3760.0
90   9   -374.9   215.6   3761.9
90   10   -458.2   152.7   3748.0
90   11   -450.4   -193.5   3764.2
90   12   -398.9   -492.1   3836.1
90   13   -287.7   158.6   3767.7
90   14   -299.5   -186.5   3797.9
90   15   -310.9   -489.7   3868.4
90   16   -869.5   581.2   3509.5
90   17   155.6   623.6   3612.1
90   18   -357.5   653.0   3686.4
91   0   -370.2   749.0   3688.0
91   1   -362.1   588.3   3704.5
91   2   -487.0   576.1   3680.6
91   3   -688.1   546.8   3590.1
91   4   -906.4   587.7   3492.9
91   5   -234.3   571.1   3711.7
91   6   -11.9   562.3   3708.6
91   7   189.0   635.8   3593.5
91   8   -375.3   388.1   3760.8
91   9   -375.6   215.6   3762.2
91   10   -458.9   153.0   3748.1
91   11   -450.3   -196.4   3763.8
91   12   -399.1   -495.0   3836.3
91   13   -288.4   158.8   3768.2
91   14   -299.8   -189.6   3797.6
91   15   -311.6   -492.7   3868.3
91   16   -870.0   580.9   3509.1
91   17   155.5   623.5   3612.7
91   18   -357.9   652.4   3686.5
92   0   -370.1   748.5   3688.1
92   1   -362.5   587.8   3704.8
92   2   -487.5   575.8   3680.7
92   3   -688.7   546.6   3589.9
92   4   -906.9   587.5   3492.4
92   5   -234.3   571.2   3711.7
92   6   -11.8   562.3   3708.6
92   7   188.9   635.7   3593.9
92   8   -375.7   387.8   3761.7
92   9   -376.0   215.5   3762.4
92   10   -459.3   153.5   3748.4
92   11   -450.3   -198.1   3762.4
92   12   -399.0   -495.9   3837.8
92   13   -289.1   158.9   3768.3
92   14   -299.9   -191.7   3797.4
92   15   -312.4   -495.2   3866.5
92   16   -870.6   580.7   3508.6
92   17   155.5   623.5   3613.0
92   18   -358.3   651.9   3686.5
93   0   -369.9   748.0   3688.0
93   1   -362.9   587.3   3705.0
93   2   -488.2   575.7   3680.7
93   3   -689.2   546.5   3589.7
93   4   -907.5   587.0   3491.9
93   5   -234.3   571.5   3711.7
93   6   -11.9   562.2   3708.6
93   7   189.0   635.6   3594.3
93   8   -376.0   387.5   3762.8
93   9   -376.4   215.5   3762.7
93   10   -459.7   154.1   3748.5
93   11   -450.3   -199.4   3761.8
93   12   -398.6   -496.8   3838.6
93   13   -289.8   159.0   3768.4
93   14   -300.2   -193.6   3797.5
93   15   -314.4   -497.2   3865.7
93   16   -871.1   580.2   3508.2
93   17   155.5   623.4   3613.3
93   18   -358.8   651.3   3686.5
94   0   -369.8   747.5   3688.0
94   1   -363.4   586.8   3705.2
94   2   -488.9   575.5   3680.7
94   3   -689.8   546.4   3589.5
94   4   -908.1   586.2   3491.5
94   5   -234.4   571.6   3711.7
94   6   -12.1   562.2   3708.7
94   7   189.2   635.5   3595.0
94   8   -376.4   387.0   3763.6
94   9   -376.8   215.4   3763.0
94   10   -460.0   154.6   3748.6
94   11   -450.8   -199.9   3761.4
94   12   -398.3   -497.7   3836.3
94   13   -290.4   159.0   3768.4
94   14   -300.6   -194.6   3796.9
94   15   -317.2   -497.6   3867.2
94   16   -871.7   579.6   3507.8
94   17   155.6   623.3   3614.0
94   18   -359.3   650.7   3686.5
95   0   -369.7   747.0   3688.0
95   1   -363.9   586.2   3705.4
95   2   -489.7   575.4   3680.7
95   3   -690.4   546.4   3589.6
95   4   -908.7   585.3   3491.1
95   5   -234.6   571.6   3711.7
95   6   -12.4   562.2   3709.1
95   7   189.2   635.3   3595.8
95   8   -376.8   386.5   3764.1
95   9   -377.2   215.3   3763.1
95   10   -460.4   155.0   3748.7
95   11   -451.2   -200.0   3761.4
95   12   -398.0   -499.0   3830.6
95   13   -291.0   159.0   3768.4
95   14   -300.8   -195.2   3795.7
95   15   -321.3   -498.0   3865.7
95   16   -872.3   578.8   3507.5
95   17   155.6   623.1   3614.7
95   18   -359.8   650.1   3686.6
96   0   -369.7   746.4   3687.9
96   1   -364.4   585.7   3705.5
96   2   -490.4   575.1   3680.7
96   3   -691.0   546.3   3589.8
96   4   -909.2   584.9   3490.9
96   5   -234.8   571.6   3711.7
96   6   -12.8   562.1   3709.4
96   7   189.2   635.0   3596.6
96   8   -377.2   385.9   3764.5
96   9   -377.7   215.2   3763.3
96   10   -460.9   155.4   3748.7
96   11   -452.3   -197.2   3761.2
96   12   -397.8   -497.9   3821.0
96   13   -291.7   159.0   3768.4
96   14   -300.8   -192.9   3794.4
96   15   -323.1   -495.6   3864.4
96   16   -872.8   578.4   3507.3
96   17   155.6   622.8   3615.4
96   18   -360.4   649.5   3686.6
97   0   -369.6   745.9   3687.8
97   1   -365.0   585.1   3705.5
97   2   -491.0   574.8   3680.7
97   3   -691.8   546.2   3590.1
97   4   -909.9   584.4   3490.9
97   5   -235.0   571.6   3711.7
97   6   -13.1   562.0   3710.0
97   7   191.1   632.6   3599.7
97   8   -377.7   385.3   3764.7
97   9   -378.3   215.1   3763.4
97   10   -461.5   155.7   3748.7
97   11   -453.1   -195.4   3761.5
97   12   -396.6   -495.8   3821.2
97   13   -292.3   158.9   3768.4
97   14   -300.9   -191.5   3794.4
97   15   -324.2   -494.2   3864.0
97   16   -873.5   578.0   3507.4
97   17   157.0   620.8   3618.1
97   18   -360.9   649.0   3686.6
98   0   -369.6   745.4   3687.6
98   1   -365.5   584.5   3705.6
98   2   -491.5   574.2   3680.6
98   3   -692.4   546.1   3590.5
98   4   -910.5   583.9   3491.0
98   5   -235.3   571.3   3711.7
98   6   -13.6   561.9   3710.7
98   7   192.3   630.3   3602.1
98   8   -378.1   384.7   3764.9
98   9   -378.6   214.9   3763.4
98   10   -461.7   155.5   3748.6
98   11   -453.3   -194.8   3761.6
98   12   -396.5   -494.9   3822.3
98   13   -292.7   158.8   3768.5
98   14   -301.0   -190.7   3795.0
98   15   -325.0   -493.6   3863.7
98   16   -874.1   577.6   3507.6
98   17   158.0   618.9   3620.2
98   18   -361.5   648.4   3686.6
99   0   -369.6   744.9   3687.4
99   1   -366.0   583.9   3705.6
99   2   -492.0   573.5   3680.5
99   3   -692.7   545.8   3590.1
99   4   -910.8   583.3   3490.5
99   5   -235.8   571.0   3711.7
99   6   -14.1   561.8   3711.5
99   7   192.0   629.0   3602.4
99   8   -378.3   384.1   3765.0
99   9   -378.9   214.7   3763.5
99   10   -462.0   155.6   3748.6
99   11   -453.5   -194.2   3761.7
99   12   -396.7   -494.1   3823.7
99   13   -293.0   158.8   3768.5
99   14   -301.2   -190.3   3795.2
99   15   -325.5   -493.2   3863.3
99   16   -874.5   577.1   3507.1
99   17   157.6   617.8   3620.6
99   18   -362.0   647.8   3686.6
100   0   -369.6   744.3   3685.5
100   1   -366.4   583.4   3705.6
100   2   -492.5   573.0   3680.5
100   3   -693.1   545.7   3589.9
100   4   -911.1   582.8   3489.8
100   5   -236.1   570.9   3711.7
100   6   -14.5   561.6   3712.3
100   7   194.0   624.9   3605.7
100   8   -378.5   383.5   3765.0
100   9   -379.0   214.5   3763.5
100   10   -462.1   155.8   3748.5
100   11   -453.5   -195.1   3761.7
100   12   -396.7   -495.0   3823.6
100   13   -293.1   158.9   3768.5
100   14   -301.4   -191.3   3794.8
100   15   -326.0   -494.3   3862.4
100   16   -874.8   576.6   3506.5
100   17   159.3   614.4   3623.5
100   18   -362.5   647.3   3686.6
101   0   -369.6   743.7   3681.9
101   1   -366.9   582.9   3705.6
101   2   -493.2   572.6   3680.4
101   3   -693.6   545.4   3589.6
101   4   -909.2   581.9   3488.7
101   5   -236.3   570.9   3711.7
101   6   -14.8   561.2   3713.2
101   7   197.5   617.3   3614.8
101   8   -378.7   383.0   3765.0
101   9   -379.1   214.2   3763.6
101   10   -462.2   156.0   3748.4
101   11   -453.5   -196.2   3761.4
101   12   -396.7   -496.2   3822.5
101   13   -293.1   159.0   3768.5
101   14   -301.8   -192.4   3793.9
101   15   -325.7   -495.9   3859.8
101   16   -873.3   575.8   3505.5
101   17   162.1   607.9   3631.2
101   18   -363.1   646.7   3686.6
102   0   -369.6   742.9   3678.0
102   1   -367.3   582.3   3705.6
102   2   -493.8   572.3   3680.4
102   3   -694.1   545.2   3589.3
102   4   -906.2   581.4   3487.7
102   5   -236.5   571.0   3711.6
102   6   -15.0   560.7   3713.3
102   7   196.8   612.9   3618.5
102   8   -378.7   382.4   3765.1
102   9   -379.1   213.8   3763.6
102   10   -462.3   156.2   3748.4
102   11   -453.6   -196.7   3761.6
102   12   -396.8   -497.1   3820.8
102   13   -293.1   159.1   3768.5
102   14   -302.0   -193.2   3793.5
102   15   -325.5   -497.2   3856.5
102   16   -870.8   575.3   3504.6
102   17   161.5   604.2   3634.3
102   18   -363.6   646.2   3686.6
103   0   -369.5   742.0   3674.0
103   1   -367.7   581.8   3705.6
103   2   -494.4   571.9   3680.3
103   3   -694.6   544.9   3589.0
103   4   -903.6   581.1   3488.0
103   5   -236.6   571.2   3711.6
103   6   -15.2   560.3   3713.4
103   7   194.8   609.6   3620.3
103   8   -378.8   381.9   3765.1
103   9   -379.1   213.5   3763.6
103   10   -462.4   156.5   3748.4
103   11   -453.6   -197.2   3761.9
103   12   -396.9   -498.1   3818.6
103   13   -293.2   159.2   3768.5
103   14   -302.0   -194.0   3793.0
103   15   -325.4   -498.8   3852.4
103   16   -868.8   575.1   3504.8
103   17   159.8   601.4   3635.8
103   18   -364.1   645.7   3686.6
104   0   -369.4   741.5   3672.7
104   1   -368.1   581.3   3705.6
104   2   -495.0   571.6   3680.3
104   3   -695.0   544.7   3588.7
104   4   -901.5   580.9   3488.6
104   5   -236.7   571.4   3711.6
104   6   -15.3   559.8   3713.4
104   7   192.4   607.1   3620.6
104   8   -378.9   381.4   3765.1
104   9   -379.1   213.3   3763.6
104   10   -462.4   156.9   3748.4
104   11   -453.7   -198.0   3762.2
104   12   -396.9   -498.8   3819.6
104   13   -293.3   159.2   3768.5
104   14   -302.0   -195.2   3792.6
104   15   -325.5   -500.8   3847.9
104   16   -867.1   574.9   3505.3
104   17   157.8   599.2   3636.0
104   18   -364.6   645.2   3686.6
105   0   -369.4   741.3   3673.1
105   1   -368.4   581.1   3705.6
105   2   -495.4   571.4   3680.3
105   3   -695.4   544.4   3588.5
105   4   -899.7   580.8   3489.2
105   5   -236.8   571.7   3711.6
105   6   -15.5   559.5   3713.3
105   7   189.6   606.0   3619.8
105   8   -378.9   381.1   3765.1
105   9   -379.0   213.2   3763.6
105   10   -462.5   157.4   3748.4
105   11   -453.9   -198.4   3762.7
105   12   -397.0   -499.3   3819.3
105   13   -293.4   159.3   3768.5
105   14   -302.4   -196.0   3793.2
105   15   -325.6   -502.0   3845.9
105   16   -865.7   574.7   3505.7
105   17   155.4   598.3   3635.4
105   18   -365.1   645.0   3686.6
106   0   -369.3   741.3   3673.8
106   1   -368.6   581.0   3705.6
106   2   -495.7   571.2   3680.2
106   3   -695.5   544.1   3588.2
106   4   -899.9   581.0   3488.1
106   5   -236.8   571.8   3711.6
106   6   -15.6   558.7   3713.2
106   7   188.3   608.6   3617.8
106   8   -378.9   381.0   3765.0
106   9   -379.0   213.2   3763.6
106   10   -462.5   157.5   3748.5
106   11   -454.1   -195.9   3763.1
106   12   -397.5   -497.0   3818.8
106   13   -293.5   159.3   3768.6
106   14   -302.4   -193.6   3793.0
106   15   -325.2   -499.7   3845.4
106   16   -865.9   574.8   3504.8
106   17   154.3   600.3   3633.7
106   18   -365.3   644.9   3686.6
107   0   -369.3   741.3   3674.3
107   1   -368.7   580.8   3705.5
107   2   -495.9   571.1   3680.2
107   3   -695.5   543.9   3588.0
107   4   -901.3   581.3   3486.9
107   5   -236.8   571.8   3711.6
107   6   -15.6   557.8   3713.2
107   7   184.8   615.7   3611.5
107   8   -378.9   380.8   3764.8
107   9   -379.0   213.2   3763.6
107   10   -462.4   157.5   3748.5
107   11   -454.3   -192.3   3764.0
107   12   -398.2   -493.8   3818.2
107   13   -293.5   159.3   3768.6
107   14   -302.5   -190.0   3792.9
107   15   -324.4   -496.3   3844.8
107   16   -867.0   575.1   3503.8
107   17   151.4   606.0   3628.5
107   18   -365.4   644.8   3686.6
108   0   -369.3   741.2   3674.8
108   1   -368.7   580.7   3705.5
108   2   -496.0   571.1   3680.2
108   3   -695.5   543.6   3587.7
108   4   -902.9   581.8   3485.9
108   5   -236.8   571.7   3711.6
108   6   -15.7   556.8   3713.1
108   7   180.4   622.3   3603.8
108   8   -378.9   380.7   3764.6
108   9   -379.0   213.2   3763.6
108   10   -462.4   157.5   3748.6
108   11   -454.5   -188.6   3765.1
108   12   -398.8   -490.5   3817.5
108   13   -293.6   159.3   3768.6
108   14   -302.6   -186.3   3792.7
108   15   -323.8   -492.8   3844.1
108   16   -868.3   575.4   3502.9
108   17   147.7   611.4   3622.0
108   18   -365.5   644.7   3686.6
109   0   -369.3   741.2   3675.0
109   1   -368.7   580.7   3705.4
109   2   -496.1   571.0   3680.1
109   3   -695.4   543.3   3587.4
109   4   -902.3   581.8   3486.1
109   5   -236.8   571.6   3711.6
109   6   -15.8   555.7   3713.0
109   7   186.4   616.2   3614.2
109   8   -378.9   380.6   3764.3
109   9   -379.0   213.2   3763.6
109   10   -462.4   157.5   3748.6
109   11   -454.6   -185.4   3765.6
109   12   -399.4   -487.6   3816.9
109   13   -293.6   159.3   3768.6
109   14   -302.6   -183.1   3792.5
109   15   -323.5   -489.7   3843.4
109   16   -867.8   575.4   3503.0
109   17   152.7   606.1   3630.6
109   18   -365.5   644.6   3686.6
110   0   -369.3   741.2   3675.1
110   1   -368.7   580.6   3705.4
110   2   -496.1   571.0   3680.1
110   3   -695.2   542.8   3587.1
110   4   -902.7   582.2   3485.7
110   5   -236.7   571.6   3711.5
110   6   -15.8   555.3   3712.8
110   7   190.4   613.0   3618.6
110   8   -378.9   380.5   3764.1
110   9   -379.0   213.2   3763.6
110   10   -462.3   157.5   3748.6
110   11   -454.7   -182.8   3765.7
110   12   -399.9   -485.0   3816.9
110   13   -293.6   159.4   3768.6
110   14   -302.6   -180.5   3792.3
110   15   -323.3   -487.1   3843.0
110   16   -868.1   575.6   3502.6
110   17   156.1   603.4   3634.3
110   18   -365.5   644.6   3686.6
111   0   -369.3   741.2   3675.1
111   1   -368.7   580.6   3705.3
111   2   -496.1   571.0   3680.1
111   3   -694.9   542.5   3586.5
111   4   -903.6   582.5   3485.0
111   5   -236.7   571.6   3711.4
111   6   -15.7   555.2   3712.6
111   7   193.4   611.0   3620.1
111   8   -378.9   380.4   3763.7
111   9   -379.0   213.1   3763.6
111   10   -462.3   157.5   3748.6
111   11   -454.6   -184.1   3765.8
111   12   -399.7   -486.2   3817.8
111   13   -293.6   159.5   3768.6
111   14   -302.7   -181.7   3792.5
111   15   -323.5   -488.3   3843.1
111   16   -868.8   575.8   3501.9
111   17   158.5   601.7   3635.5
111   18   -365.5   644.6   3686.6
112   0   -369.3   741.2   3675.1
112   1   -368.7   580.6   3705.1
112   2   -496.1   571.0   3680.1
112   3   -694.5   542.1   3585.8
112   4   -904.4   582.9   3484.0
112   5   -236.5   571.5   3709.9
112   6   -15.5   555.3   3712.5
112   7   194.7   609.9   3618.2
112   8   -378.9   380.3   3763.2
112   9   -379.0   213.1   3763.6
112   10   -462.2   157.6   3748.6
112   11   -454.4   -186.4   3765.7
112   12   -399.4   -488.4   3818.4
112   13   -293.6   159.6   3768.6
112   14   -302.8   -183.9   3792.8
112   15   -323.8   -490.5   3843.4
112   16   -869.4   576.1   3501.0
112   17   159.6   600.8   3633.9
112   18   -365.5   644.6   3686.6
113   0   -369.2   741.2   3675.1
113   1   -368.7   580.5   3705.0
113   2   -496.1   571.0   3680.1
113   3   -694.1   542.0   3584.9
113   4   -905.2   583.2   3483.2
113   5   -236.0   571.3   3706.3
113   6   -15.2   555.4   3712.8
113   7   194.9   609.0   3614.8
113   8   -378.9   380.2   3762.7
113   9   -379.0   213.0   3763.5
113   10   -462.2   157.6   3748.6
113   11   -454.3   -189.1   3765.5
113   12   -398.6   -490.8   3818.8
113   13   -293.5   159.8   3768.5
113   14   -302.9   -186.4   3793.2
113   15   -324.3   -493.0   3843.6
113   16   -870.0   576.4   3500.1
113   17   159.9   600.1   3631.1
113   18   -365.5   644.6   3686.5
114   0   -368.8   741.1   3674.6
114   1   -368.6   580.5   3704.9
114   2   -496.0   571.0   3679.8
114   3   -693.7   542.0   3584.1
114   4   -906.3   583.3   3483.0
114   5   -235.6   571.5   3704.1
114   6   -14.8   555.5   3712.4
114   7   194.7   608.5   3610.7
114   8   -378.4   380.1   3762.3
114   9   -378.6   212.9   3763.5
114   10   -461.8   157.7   3748.6
114   11   -454.2   -191.6   3765.4
114   12   -397.5   -493.1   3818.9
114   13   -293.1   159.7   3768.5
114   14   -303.0   -189.1   3794.2
114   15   -325.1   -495.8   3843.7
114   16   -870.9   576.5   3499.9
114   17   159.8   599.7   3627.6
114   18   -365.5   644.6   3686.5
115   0   -368.2   741.1   3673.8
115   1   -368.4   580.5   3704.7
115   2   -496.0   571.0   3679.3
115   3   -693.3   542.0   3582.7
115   4   -907.4   583.5   3483.1
115   5   -235.2   571.9   3702.8
115   6   -14.4   555.5   3711.6
115   7   194.5   608.1   3606.5
115   8   -377.6   380.1   3762.0
115   9   -377.7   212.6   3763.5
115   10   -461.2   158.0   3748.7
115   11   -454.1   -194.1   3765.3
115   12   -396.5   -495.4   3818.8
115   13   -292.4   159.4   3768.5
115   14   -303.0   -191.9   3795.3
115   15   -326.2   -498.7   3843.9
115   16   -871.7   576.6   3499.7
115   17   159.7   599.3   3624.1
115   18   -365.5   644.6   3686.4
116   0   -367.5   741.0   3672.8
116   1   -368.2   580.5   3704.6
116   2   -496.1   571.2   3678.7
116   3   -693.2   542.2   3581.7
116   4   -908.4   583.7   3483.0
116   5   -234.9   572.3   3702.4
116   6   -14.1   555.5   3710.1
116   7   195.9   608.1   3605.6
116   8   -376.6   380.2   3761.7
116   9   -376.8   212.3   3763.5
116   10   -460.5   158.2   3748.7
116   11   -454.0   -196.0   3765.3
116   12   -395.2   -497.1   3819.0
116   13   -291.5   159.1   3768.3
116   14   -303.0   -194.3   3796.0
116   15   -327.5   -501.0   3844.3
116   16   -872.5   576.8   3499.4
116   17   160.9   599.4   3623.0
116   18   -365.5   644.6   3686.3
117   0   -366.9   739.6   3670.0
117   1   -368.0   580.5   3704.2
117   2   -496.1   571.3   3675.6
117   3   -694.2   542.2   3580.7
117   4   -910.1   584.1   3482.4
117   5   -234.7   572.6   3702.2
117   6   -13.9   555.5   3708.4
117   7   197.4   608.1   3605.4
117   8   -375.9   380.5   3761.5
117   9   -376.1   212.0   3763.4
117   10   -459.9   158.4   3748.8
117   11   -453.8   -197.4   3765.3
117   12   -394.5   -498.3   3819.4
117   13   -291.0   158.9   3768.0
117   14   -303.1   -196.1   3796.5
117   15   -329.0   -502.7   3844.7
117   16   -874.1   577.1   3498.8
117   17   162.2   599.3   3622.6
117   18   -365.5   644.6   3685.8
118   0   -366.5   737.8   3667.0
118   1   -367.8   580.5   3703.7
118   2   -496.1   571.5   3672.6
118   3   -695.2   542.4   3579.9
118   4   -911.5   584.4   3481.8
118   5   -234.5   572.9   3702.2
118   6   -13.7   555.4   3706.1
118   7   199.2   608.1   3605.7
118   8   -375.2   381.0   3761.2
118   9   -375.6   211.9   3763.3
118   10   -459.3   158.6   3748.7
118   11   -453.5   -198.3   3765.1
118   12   -394.1   -499.1   3820.0
118   13   -290.5   158.8   3767.7
118   14   -303.1   -197.1   3797.1
118   15   -329.8   -503.7   3844.9
118   16   -875.5   577.4   3498.1
118   17   163.8   599.4   3622.5
118   18   -365.5   644.6   3685.2
119   0   -366.2   736.2   3664.3
119   1   -367.7   580.5   3702.9
119   2   -496.1   571.7   3670.1
119   3   -696.0   542.6   3579.1
119   4   -912.7   584.8   3481.1
119   5   -234.4   573.2   3702.3
119   6   -13.6   555.3   3705.1
119   7   198.4   609.7   3603.0
119   8   -374.7   381.6   3760.6
119   9   -375.1   211.8   3763.2
119   10   -458.8   158.7   3748.5
119   11   -453.4   -198.6   3764.2
119   12   -394.0   -499.2   3820.4
119   13   -290.2   158.8   3767.2
119   14   -303.0   -197.4   3797.8
119   15   -330.2   -504.0   3845.2
119   16   -876.6   577.7   3497.5
119   17   163.1   600.6   3620.0
119   18   -365.4   644.6   3684.3
120   0   -365.9   734.8   3660.9
120   1   -367.6   580.6   3701.7
120   2   -496.2   571.9   3667.6
120   3   -696.9   542.9   3578.3
120   4   -913.8   585.1   3480.3
120   5   -234.4   573.5   3702.3
120   6   -13.6   555.3   3704.7
120   7   200.0   609.2   3605.3
120   8   -374.1   382.4   3760.0
120   9   -374.6   211.8   3763.1
120   10   -458.3   158.8   3748.2
120   11   -453.3   -198.3   3762.9
120   12   -394.0   -498.5   3820.8
120   13   -289.8   158.7   3766.6
120   14   -302.9   -197.1   3797.6
120   15   -330.3   -503.6   3845.9
120   16   -877.7   578.1   3496.7
120   17   164.4   600.2   3621.8
120   18   -365.4   644.6   3682.8
121   0   -365.7   734.1   3659.0
121   1   -367.4   580.7   3699.5
121   2   -496.4   571.9   3666.0
121   3   -697.6   543.1   3577.8
121   4   -914.8   585.5   3479.9
121   5   -234.5   573.7   3701.5
121   6   -13.7   555.2   3704.8
121   7   196.9   612.7   3600.7
121   8   -373.5   383.4   3759.1
121   9   -374.0   212.2   3762.2
121   10   -457.7   158.9   3747.9
121   11   -453.2   -197.3   3761.5
121   12   -394.2   -497.3   3821.1
121   13   -289.2   158.7   3765.6
121   14   -302.7   -196.2   3796.9
121   15   -330.3   -502.5   3846.6
121   16   -878.6   578.5   3496.2
121   17   161.8   603.1   3618.0
121   18   -365.4   644.6   3680.2
122   0   -365.5   734.8   3658.2
122   1   -367.2   580.9   3697.1
122   2   -496.6   571.8   3665.2
122   3   -698.1   543.5   3577.4
122   4   -915.5   586.0   3479.7
122   5   -234.7   574.0   3701.0
122   6   -14.0   555.1   3704.8
122   7   199.0   611.5   3604.6
122   8   -372.8   384.5   3758.2
122   9   -373.1   212.7   3761.1
122   10   -456.9   159.1   3747.7
122   11   -453.1   -196.1   3760.0
122   12   -394.5   -495.6   3822.5
122   13   -288.5   158.6   3764.6
122   14   -302.6   -195.1   3796.6
122   15   -330.2   -501.3   3846.8
122   16   -879.3   578.9   3496.0
122   17   163.5   602.1   3621.3
122   18   -365.4   644.6   3677.2
123   0   -365.3   736.0   3658.0
123   1   -367.1   581.0   3694.8
123   2   -496.9   571.7   3665.1
123   3   -698.3   543.9   3576.9
123   4   -916.1   586.5   3479.8
123   5   -234.9   574.1   3700.7
123   6   -14.2   555.1   3704.8
123   7   194.2   616.3   3598.0
123   8   -372.1   385.4   3757.3
123   9   -372.2   213.1   3759.7
123   10   -456.1   159.1   3747.3
123   11   -453.0   -195.5   3759.2
123   12   -394.7   -494.6   3823.7
123   13   -287.8   158.5   3763.3
123   14   -302.5   -194.5   3796.5
123   15   -329.9   -500.7   3846.3
123   16   -879.8   579.4   3496.0
123   17   159.4   606.1   3615.8
123   18   -365.4   644.6   3674.4
124   0   -365.1   737.4   3658.3
124   1   -366.9   581.2   3692.3
124   2   -497.2   571.5   3665.0
124   3   -698.5   544.3   3576.5
124   4   -916.7   587.2   3480.1
124   5   -235.2   574.3   3700.4
124   6   -14.5   555.1   3704.9
124   7   189.8   620.2   3592.3
124   8   -371.5   386.2   3756.3
124   9   -371.3   213.5   3758.0
124   10   -455.3   159.2   3746.8
124   11   -452.9   -192.6   3758.8
124   12   -395.1   -491.9   3822.9
124   13   -287.1   158.5   3761.6
124   14   -302.3   -191.5   3796.4
124   15   -329.7   -497.8   3845.8
124   16   -880.3   580.0   3496.2
124   17   155.8   609.3   3611.1
124   18   -365.4   644.6   3671.6
