2   0   -354.6   705.1   3684.6
2   1   -354.2   549.0   3689.3
2   2   -493.6   527.2   3700.2
2   3   -465.9   339.9   3583.1
2   4   -314.6   530.6   3568.1
2   5   -219.9   527.5   3722.6
2   6   -276.7   356.0   3592.4
2   7   -276.7   69.6   3592.4
2   8   -355.9   354.8   3738.3
2   9   -356.7   196.8   3744.3
2   10   -455.5   100.2   3762.8
2   11   -424.8   -223.6   3692.7
2   12   -414.7   -484.0   3866.0
2   13   -261.6   103.2   3777.8
2   14   -322.8   -219.5   3724.6
2   15   -283.4   -487.6   3881.2
2   16   -339.8   498.8   3570.6
2   17   -276.7   152.8   3592.4
2   18   -353.7   614.0   3672.8
3   0   -354.7   708.3   3683.5
3   1   -354.1   552.5   3690.5
3   2   -492.7   528.9   3696.6
3   3   -466.1   339.6   3582.7
3   4   -315.8   529.9   3561.1
3   5   -219.2   530.6   3719.1
3   6   -267.4   351.9   3600.9
3   7   -220.5   44.7   3643.4
3   8   -355.5   359.2   3743.4
3   9   -356.3   200.8   3749.2
3   10   -453.0   107.4   3763.3
3   11   -428.4   -217.7   3702.6
3   12   -412.2   -482.6   3866.2
3   13   -262.1   110.5   3777.2
3   14   -316.8   -213.6   3734.9
3   15   -283.9   -487.6   3877.8
3   16   -340.9   498.2   3564.7
3   17   -220.5   127.8   3643.4
3   18   -353.7   617.2   3672.9
4   0   -355.2   718.3   3680.7
4   1   -353.9   563.3   3694.5
4   2   -490.4   535.3   3690.2
4   3   -467.8   341.5   3584.0
4   4   -316.1   524.4   3540.9
4   5   -219.8   538.5   3713.9
4   6   -246.5   346.4   3622.5
4   7   -205.0   48.9   3664.6
4   8   -354.4   373.6   3758.1
4   9   -355.2   213.9   3762.9
4   10   -444.3   127.9   3765.4
4   11   -434.0   -198.9   3720.9
4   12   -407.7   -472.9   3859.3
4   13   -267.6   129.6   3776.8
4   14   -304.1   -196.7   3752.8
4   15   -285.2   -479.0   3874.1
4   16   -341.4   494.0   3548.1
4   17   -205.0   132.0   3664.6
4   18   -353.8   626.6   3673.3
5   0   -355.8   731.1   3677.7
5   1   -353.7   576.3   3699.0
5   2   -486.0   542.2   3683.3
5   3   -469.3   343.7   3584.9
5   4   -316.0   518.0   3518.3
5   5   -222.0   547.5   3708.5
5   6   -224.3   342.3   3642.4
5   7   -203.1   52.3   3660.5
5   8   -353.0   390.1   3773.4
5   9   -353.8   228.5   3777.8
5   10   -433.7   147.2   3768.0
5   11   -438.7   -181.0   3736.1
5   12   -404.7   -464.9   3853.0
5   13   -274.3   147.5   3776.8
5   14   -291.0   -181.0   3771.3
5   15   -286.7   -474.3   3865.7
5   16   -341.5   489.0   3529.4
5   17   -203.1   135.4   3660.5
5   18   -354.0   638.4   3674.2
6   0   -356.3   739.2   3677.4
6   1   -353.8   583.6   3701.1
6   2   -483.1   546.5   3679.0
6   3   -469.7   345.1   3585.6
6   4   -316.3   516.0   3506.5
6   5   -223.9   553.2   3705.6
6   6   -211.9   340.4   3651.8
6   7   -206.1   53.6   3655.4
6   8   -352.1   396.6   3778.8
6   9   -352.8   233.4   3784.4
6   10   -429.4   152.6   3768.6
6   11   -440.5   -175.6   3747.8
6   12   -402.2   -463.6   3854.6
6   13   -275.9   152.0   3776.2
6   14   -282.5   -176.5   3783.4
6   15   -287.6   -476.4   3857.5
6   16   -341.9   487.5   3519.7
6   17   -206.1   136.7   3655.4
6   18   -354.3   645.4   3675.3
7   0   -356.6   742.2   3679.8
7   1   -354.0   585.2   3700.9
7   2   -481.9   548.4   3676.8
7   3   -470.1   345.5   3586.0
7   4   -316.7   515.4   3502.2
7   5   -224.8   556.0   3704.2
7   6   -207.9   339.6   3656.0
7   7   -341.1   488.3   3514.5
7   8   -351.7   396.0   3774.8
7   9   -352.2   232.2   3782.4
7   10   -432.5   151.0   3767.2
7   11   -441.7   -175.5   3753.1
7   12   -400.3   -466.0   3849.8
7   13   -270.2   152.1   3775.2
7   14   -278.7   -174.4   3787.7
7   15   -288.2   -475.9   3854.0
7   16   -342.3   487.1   3516.2
7   17   -319.1   463.6   3538.1
7   18   -354.7   647.6   3676.5
8   0   -356.7   741.5   3682.5
8   1   -354.2   583.2   3700.1
8   2   -481.9   548.7   3675.7
8   3   -470.0   345.3   3585.9
8   4   -317.0   515.3   3500.6
8   5   -225.0   556.7   3703.8
8   6   -208.4   339.1   3656.9
8   7   -340.1   491.1   3516.4
8   8   -351.7   392.2   3768.6
8   9   -352.0   228.5   3777.1
8   10   -437.3   149.4   3766.0
8   11   -442.6   -175.8   3754.8
8   12   -399.7   -466.8   3845.6
8   13   -264.3   152.2   3774.8
8   14   -278.0   -172.7   3787.0
8   15   -288.3   -473.4   3852.3
8   16   -342.5   487.0   3514.8
8   17   -318.3   465.8   3539.6
8   18   -355.0   646.3   3677.4
9   0   -356.7   739.3   3684.8
9   1   -354.4   580.0   3699.4
9   2   -482.5   548.4   3675.4
9   3   -469.6   345.1   3585.5
9   4   -316.8   516.1   3499.6
9   5   -224.7   556.8   3703.7
9   6   -210.9   338.9   3656.7
9   7   -340.1   494.3   3517.6
9   8   -351.9   385.9   3764.3
9   9   -351.9   222.5   3771.8
9   10   -440.3   148.3   3765.2
9   11   -443.5   -175.9   3754.8
9   12   -399.9   -467.1   3840.5
9   13   -261.3   152.1   3774.8
9   14   -278.7   -171.7   3786.0
9   15   -288.8   -471.3   3851.2
9   16   -342.3   487.6   3513.9
9   17   -318.6   468.5   3540.6
9   18   -355.3   643.6   3678.1
10   0   -356.7   736.9   3685.9
10   1   -354.7   577.1   3698.8
10   2   -482.9   548.1   3675.4
10   3   -469.5   344.9   3585.4
10   4   -317.1   516.4   3499.0
10   5   -224.8   556.6   3703.8
10   6   -212.7   338.9   3656.2
10   7   -339.5   496.3   3516.9
10   8   -352.1   380.3   3761.8
10   9   -351.9   217.1   3767.4
10   10   -441.3   148.4   3764.8
10   11   -443.9   -175.1   3754.1
10   12   -400.6   -466.5   3836.5
10   13   -260.8   152.1   3774.5
10   14   -279.6   -170.9   3785.2
10   15   -288.9   -469.6   3850.5
10   16   -342.5   487.8   3513.4
10   17   -318.4   470.1   3540.0
10   18   -355.5   640.9   3678.3
11   0   -356.6   735.3   3686.3
11   1   -354.9   575.1   3698.5
11   2   -482.9   548.0   3675.4
11   3   -469.4   344.8   3585.3
11   4   -318.2   517.1   3498.8
11   5   -225.3   556.7   3703.7
11   6   -213.4   339.3   3655.8
11   7   -336.8   497.7   3515.0
11   8   -352.2   376.9   3761.0
11   9   -351.9   213.6   3765.5
11   10   -440.7   148.7   3764.5
11   11   -444.3   -174.4   3753.7
11   12   -401.0   -465.5   3835.6
11   13   -261.6   152.4   3774.1
11   14   -280.1   -170.3   3784.8
11   15   -288.9   -468.6   3850.0
11   16   -343.4   488.4   3513.2
11   17   -316.3   471.3   3538.4
11   18   -355.8   639.0   3678.4
12   0   -356.6   734.4   3686.3
12   1   -355.2   573.9   3698.4
12   2   -482.6   548.1   3675.5
12   3   -469.4   345.0   3585.3
12   4   -318.8   517.6   3499.1
12   5   -226.0   557.0   3703.6
12   6   -213.4   339.8   3655.7
12   7   -335.1   498.2   3513.7
12   8   -352.4   375.5   3760.9
12   9   -352.0   211.7   3765.0
12   10   -439.6   149.1   3764.2
12   11   -444.7   -173.8   3753.3
12   12   -401.3   -464.5   3835.9
12   13   -262.9   152.7   3773.2
12   14   -280.5   -169.8   3785.1
12   15   -289.3   -468.1   3849.6
12   16   -343.9   488.9   3513.5
12   17   -314.8   471.8   3537.3
12   18   -356.1   637.9   3678.3
13   0   -356.5   733.9   3686.1
13   1   -355.4   573.3   3698.5
13   2   -482.2   548.3   3675.5
13   3   -469.5   345.1   3585.4
13   4   -319.4   518.1   3499.4
13   5   -226.9   557.5   3703.5
13   6   -213.0   340.4   3655.5
13   7   -334.1   497.7   3512.3
13   8   -352.6   375.5   3761.4
13   9   -352.0   210.9   3765.3
13   10   -438.3   149.8   3763.8
13   11   -445.2   -173.1   3753.0
13   12   -401.7   -462.6   3837.2
13   13   -264.2   153.0   3772.3
13   14   -280.9   -169.5   3785.3
13   15   -289.8   -467.0   3849.9
13   16   -344.4   489.3   3513.7
13   17   -313.9   471.5   3536.2
13   18   -356.3   637.2   3678.1
14   0   -356.5   733.7   3685.8
14   1   -355.6   573.0   3698.6
14   2   -481.6   548.6   3675.5
14   3   -469.6   345.4   3585.4
14   4   -319.6   518.2   3499.5
14   5   -227.8   558.0   3703.3
14   6   -213.0   341.0   3655.4
14   7   -333.4   497.6   3511.3
14   8   -352.9   376.4   3761.9
14   9   -352.0   210.9   3765.9
14   10   -437.0   150.5   3763.4
14   11   -445.5   -172.5   3752.7
14   12   -402.1   -460.2   3839.4
14   13   -265.5   153.4   3770.8
14   14   -281.2   -169.2   3785.3
14   15   -290.0   -465.5   3850.8
14   16   -344.6   489.4   3513.8
14   17   -313.3   471.5   3535.3
14   18   -356.5   636.8   3678.0
15   0   -356.5   733.7   3685.5
15   1   -355.7   572.9   3698.6
15   2   -480.9   548.9   3675.5
15   3   -469.7   345.7   3585.3
15   4   -319.6   518.4   3499.6
15   5   -228.6   558.5   3703.1
15   6   -213.2   341.6   3655.3
15   7   -334.1   498.4   3512.1
15   8   -353.0   377.5   3762.0
15   9   -352.0   211.1   3766.6
15   10   -435.9   151.2   3762.9
15   11   -445.5   -172.1   3752.7
15   12   -402.4   -458.7   3838.4
15   13   -266.5   153.8   3769.0
15   14   -281.5   -169.0   3785.3
15   15   -290.1   -463.9   3850.9
15   16   -344.6   489.6   3513.9
15   17   -313.9   472.2   3535.9
15   18   -356.6   636.7   3677.9
16   0   -356.5   733.8   3685.2
16   1   -355.9   572.9   3698.5
16   2   -480.2   549.3   3675.4
16   3   -469.8   346.1   3585.1
16   4   -319.7   518.7   3499.8
16   5   -229.3   558.9   3702.8
16   6   -213.6   342.1   3655.2
16   7   -335.0   497.1   3510.8
16   8   -353.3   378.5   3762.0
16   9   -352.1   211.5   3767.2
16   10   -435.0   151.7   3762.4
16   11   -445.5   -171.8   3752.6
16   12   -402.6   -457.8   3836.0
16   13   -267.4   154.2   3768.2
16   14   -281.7   -168.8   3785.2
16   15   -292.5   -462.3   3851.0
16   16   -344.7   490.0   3514.0
16   17   -314.7   471.2   3534.9
16   18   -356.7   636.6   3677.7
17   0   -356.5   733.9   3684.5
17   1   -355.9   572.9   3698.4
17   2   -479.6   549.6   3675.3
17   3   -470.0   346.3   3585.0
17   4   -320.0   519.2   3500.0
17   5   -230.0   559.3   3702.6
17   6   -213.3   342.5   3655.1
17   7   -336.2   492.5   3507.0
17   8   -353.5   379.2   3761.8
17   9   -352.1   212.0   3767.6
17   10   -434.3   152.1   3761.8
17   11   -445.5   -171.5   3752.6
17   12   -402.7   -457.6   3831.9
17   13   -268.1   154.5   3767.9
17   14   -281.7   -168.7   3785.2
17   15   -293.8   -461.1   3850.9
17   16   -345.0   490.4   3514.2
17   17   -315.7   467.5   3531.7
17   18   -356.7   636.6   3677.6
18   0   -356.4   734.0   3683.7
18   1   -356.0   572.9   3698.3
18   2   -478.9   549.7   3675.2
18   3   -470.1   346.5   3585.0
18   4   -320.5   519.7   3500.3
18   5   -230.6   559.7   3702.4
18   6   -213.0   343.0   3654.9
18   7   -336.4   491.8   3506.0
18   8   -353.6   379.7   3761.5
18   9   -352.1   212.4   3767.8
18   10   -433.7   152.5   3761.0
18   11   -445.4   -171.3   3752.6
18   12   -402.9   -456.6   3832.1
18   13   -268.6   154.8   3767.8
18   14   -281.7   -168.6   3785.2
18   15   -294.3   -460.3   3850.8
18   16   -345.5   490.8   3514.4
18   17   -315.8   467.0   3530.8
18   18   -356.8   636.6   3677.4
19   0   -356.4   734.0   3682.9
19   1   -356.1   572.9   3698.2
19   2   -478.3   549.9   3675.1
19   3   -470.2   346.6   3585.0
19   4   -321.1   520.2   3500.6
19   5   -231.1   560.0   3702.2
19   6   -212.9   343.4   3654.4
19   7   -336.4   492.7   3506.1
19   8   -353.8   380.0   3761.3
19   9   -352.1   212.7   3767.9
19   10   -433.3   152.8   3760.2
19   11   -445.4   -171.2   3752.6
19   12   -403.2   -457.1   3828.7
19   13   -269.0   155.0   3767.8
19   14   -281.7   -168.6   3785.1
19   15   -294.6   -459.9   3850.6
19   16   -345.9   491.3   3514.6
19   17   -315.8   467.8   3530.9
19   18   -356.8   636.6   3677.3
20   0   -356.4   734.1   3681.9
20   1   -356.1   573.0   3698.0
20   2   -477.8   550.0   3675.0
20   3   -470.3   346.6   3585.1
20   4   -320.2   518.9   3499.9
20   5   -231.5   560.3   3702.0
20   6   -212.8   343.8   3654.3
20   7   -335.6   495.2   3507.8
20   8   -353.9   380.2   3761.1
20   9   -352.1   213.1   3768.0
20   10   -432.9   153.0   3759.4
20   11   -432.6   -170.3   3773.4
20   12   -403.2   -461.7   3831.1
20   13   -269.3   155.1   3767.8
20   14   -281.7   -168.5   3785.1
20   15   -295.0   -460.3   3850.4
20   16   -345.2   490.2   3514.1
20   17   -315.1   470.0   3532.2
20   18   -356.8   636.6   3677.2
21   0   -356.4   734.2   3680.7
21   1   -356.1   573.0   3697.9
21   2   -477.4   550.2   3674.9
21   3   -470.4   346.7   3585.2
21   4   -319.6   517.9   3499.2
21   5   -231.7   560.4   3700.6
21   6   -212.8   343.6   3654.3
21   7   -336.1   494.8   3508.0
21   8   -354.0   380.2   3761.0
21   9   -352.1   213.3   3768.0
21   10   -432.6   153.2   3758.5
21   11   -438.5   -170.6   3763.8
21   12   -403.8   -461.0   3827.0
21   13   -269.6   155.3   3767.8
21   14   -281.8   -168.5   3785.1
21   15   -295.4   -460.9   3849.9
21   16   -344.8   489.4   3513.5
21   17   -315.5   469.6   3532.4
21   18   -356.8   636.7   3677.0
22   0   -356.4   734.2   3679.6
22   1   -356.1   573.0   3697.7
22   2   -477.0   550.4   3674.6
22   3   -470.5   346.9   3585.1
22   4   -320.3   518.6   3499.3
22   5   -231.7   560.4   3697.6
22   6   -212.7   343.0   3654.6
22   7   -336.7   492.6   3507.4
22   8   -354.0   380.2   3760.9
22   9   -352.1   213.6   3768.0
22   10   -432.3   153.3   3757.9
22   11   -442.2   -170.9   3757.9
22   12   -404.3   -460.1   3827.5
22   13   -269.8   155.3   3767.7
22   14   -281.9   -168.7   3785.0
22   15   -295.9   -461.7   3849.2
22   16   -345.4   490.0   3513.6
22   17   -316.0   467.7   3531.9
22   18   -356.8   636.7   3676.8
23   0   -356.4   734.3   3678.3
23   1   -356.1   573.0   3697.5
23   2   -476.8   550.6   3674.4
23   3   -470.6   347.1   3585.0
23   4   -322.1   520.6   3500.1
23   5   -231.7   560.4   3694.0
23   6   -212.6   342.3   3655.1
23   7   -337.0   489.9   3506.4
23   8   -354.1   380.2   3760.9
23   9   -352.1   213.8   3768.0
23   10   -432.1   153.4   3757.8
23   11   -444.2   -171.1   3754.6
23   12   -404.9   -458.7   3835.5
23   13   -270.1   155.2   3767.6
23   14   -282.0   -169.0   3785.0
23   15   -295.6   -463.4   3848.9
23   16   -346.9   491.7   3514.2
23   17   -316.2   465.3   3531.1
23   18   -356.8   636.7   3676.6
24   0   -356.4   734.3   3677.1
24   1   -356.1   573.0   3697.4
24   2   -476.5   550.8   3674.1
24   3   -470.8   347.2   3585.0
24   4   -323.1   521.5   3500.4
24   5   -231.6   560.3   3689.8
24   6   -212.5   341.5   3655.6
24   7   -336.5   488.8   3506.3
24   8   -354.1   380.1   3760.8
24   9   -352.1   213.9   3767.9
24   10   -431.9   153.3   3757.8
24   11   -432.3   -170.5   3774.8
24   12   -404.2   -464.3   3838.1
24   13   -270.4   154.9   3767.6
24   14   -282.1   -169.5   3785.0
24   15   -295.6   -465.1   3849.2
24   16   -347.7   492.5   3514.5
24   17   -315.8   464.3   3531.2
24   18   -356.8   636.7   3676.4
25   0   -356.4   734.3   3676.4
25   1   -356.1   573.1   3697.2
25   2   -476.3   551.0   3673.7
25   3   -470.9   347.4   3584.8
25   4   -323.6   522.0   3500.3
25   5   -231.6   560.3   3685.5
25   6   -212.4   340.8   3656.1
25   7   -335.0   489.7   3507.4
25   8   -354.1   380.1   3760.7
25   9   -352.1   214.1   3767.8
25   10   -431.8   153.3   3757.9
25   11   -438.6   -171.1   3764.2
25   12   -404.2   -463.6   3835.2
25   13   -270.8   154.4   3767.6
25   14   -282.3   -170.0   3785.0
25   15   -295.8   -466.4   3849.7
25   16   -348.1   492.9   3514.4
25   17   -314.6   464.9   3532.2
25   18   -356.8   636.7   3676.2
26   0   -356.4   734.3   3675.8
26   1   -356.1   573.1   3697.0
26   2   -476.0   551.2   3673.3
26   3   -470.9   347.9   3583.7
26   4   -323.3   522.5   3499.9
26   5   -231.8   560.5   3686.6
26   6   -212.2   341.3   3655.3
26   7   -334.9   490.6   3507.1
26   8   -354.1   380.0   3760.7
26   9   -352.1   214.2   3767.8
26   10   -431.7   153.2   3757.8
26   11   -442.4   -171.4   3757.8
26   12   -404.3   -462.0   3838.4
26   13   -271.1   154.0   3767.6
26   14   -282.5   -170.6   3785.0
26   15   -296.0   -467.6   3850.3
26   16   -347.9   493.4   3513.9
26   17   -314.5   465.7   3531.8
26   18   -356.8   636.7   3676.0
27   0   -356.4   734.3   3675.4
27   1   -356.1   573.1   3696.8
27   2   -475.8   551.4   3672.9
27   3   -471.0   348.3   3582.7
27   4   -323.0   522.8   3499.4
27   5   -232.1   560.6   3688.2
27   6   -212.1   342.0   3654.2
27   7   -335.2   491.2   3506.4
27   8   -354.1   379.9   3760.7
27   9   -352.1   214.3   3767.7
27   10   -431.7   153.2   3757.8
27   11   -444.4   -171.6   3754.4
27   12   -404.0   -462.5   3834.7
27   13   -271.4   153.6   3767.6
27   14   -282.6   -171.0   3785.0
27   15   -296.4   -468.2   3850.3
27   16   -347.7   493.7   3513.3
27   17   -314.7   466.3   3531.0
27   18   -356.7   636.7   3675.8
28   0   -356.4   734.2   3675.0
28   1   -356.1   573.1   3696.6
28   2   -475.6   551.5   3672.3
28   3   -471.0   348.9   3581.2
28   4   -322.4   523.2   3498.9
28   5   -232.4   560.8   3689.9
28   6   -212.0   342.7   3653.2
28   7   -335.5   491.8   3505.7
28   8   -354.1   379.7   3760.6
28   9   -352.1   214.4   3767.7
28   10   -431.7   153.2   3757.8
28   11   -445.3   -171.7   3752.8
28   12   -403.9   -462.3   3834.0
28   13   -271.8   152.9   3767.6
28   14   -282.8   -171.8   3785.0
28   15   -297.5   -468.9   3850.3
28   16   -347.2   494.2   3512.6
28   17   -314.9   467.0   3530.3
28   18   -356.7   636.7   3675.6
29   0   -356.4   734.2   3674.7
29   1   -356.0   573.2   3696.3
29   2   -475.4   551.6   3671.6
29   3   -471.0   350.0   3578.7
29   4   -321.2   524.2   3498.6
29   5   -232.7   561.0   3691.5
29   6   -211.9   343.3   3653.0
29   7   -335.5   491.7   3504.9
29   8   -354.1   379.6   3760.5
29   9   -352.1   214.4   3767.6
29   10   -431.7   153.2   3757.8
29   11   -445.6   -171.8   3752.2
29   12   -403.7   -462.0   3833.6
29   13   -271.9   152.5   3767.5
29   14   -283.1   -172.1   3785.0
29   15   -299.0   -468.8   3850.4
29   16   -346.2   495.1   3512.0
29   17   -314.9   466.9   3529.6
29   18   -356.6   636.7   3675.3
30   0   -356.4   734.2   3674.5
30   1   -356.0   573.2   3695.8
30   2   -475.3   551.7   3670.6
30   3   -471.1   350.2   3577.5
30   4   -320.8   524.4   3498.7
30   5   -232.9   561.1   3691.6
30   6   -211.8   343.4   3653.0
30   7   -335.2   491.1   3504.2
30   8   -354.1   379.6   3760.4
30   9   -352.1   214.7   3767.6
30   10   -431.7   153.2   3757.8
30   11   -445.6   -171.8   3752.1
30   12   -403.6   -461.3   3833.6
30   13   -271.9   152.5   3767.4
30   14   -283.3   -172.1   3784.9
30   15   -299.6   -468.1   3850.5
30   16   -345.8   495.4   3511.8
30   17   -314.7   466.5   3529.0
30   18   -356.6   636.7   3674.6
31   0   -356.4   734.2   3674.4
31   1   -355.9   573.3   3695.1
31   2   -475.1   551.8   3669.4
31   3   -471.0   350.1   3577.0
31   4   -320.8   524.6   3498.8
31   5   -233.0   561.1   3690.8
31   6   -211.6   343.4   3653.1
31   7   -335.1   490.5   3503.9
31   8   -354.1   379.7   3760.3
31   9   -352.1   214.9   3767.5
31   10   -431.8   153.2   3757.7
31   11   -445.6   -171.8   3752.2
31   12   -403.5   -460.5   3833.6
31   13   -271.8   152.6   3767.4
31   14   -283.6   -172.0   3784.8
31   15   -299.5   -467.3   3850.2
31   16   -345.8   495.5   3511.9
31   17   -314.5   466.0   3528.8
31   18   -356.5   636.7   3673.7
32   0   -356.4   734.1   3674.4
32   1   -355.9   573.4   3694.3
32   2   -475.0   551.9   3668.3
32   3   -470.9   349.9   3576.8
32   4   -321.0   524.6   3498.9
32   5   -233.0   561.2   3689.6
32   6   -211.4   343.3   3653.3
32   7   -335.0   490.1   3504.0
32   8   -354.1   379.8   3760.2
32   9   -352.1   215.2   3767.5
32   10   -431.8   153.3   3757.7
32   11   -432.6   -171.0   3772.5
32   12   -403.3   -465.5   3833.1
32   13   -271.8   152.8   3767.4
32   14   -283.7   -171.9   3784.6
32   15   -299.5   -467.3   3850.0
32   16   -346.0   495.5   3511.9
32   17   -314.4   465.6   3528.9
32   18   -356.5   636.7   3672.8
33   0   -356.3   734.1   3674.4
33   1   -355.9   573.5   3693.5
33   2   -474.9   552.0   3667.1
33   3   -471.0   349.5   3576.7
33   4   -321.3   524.5   3499.0
33   5   -233.0   561.2   3688.4
33   6   -211.0   343.3   3653.3
33   7   -334.8   489.8   3504.2
33   8   -354.1   380.0   3760.1
33   9   -352.2   215.5   3767.4
33   10   -431.7   153.3   3757.6
33   11   -438.6   -171.4   3763.4
33   12   -403.7   -465.3   3830.0
33   13   -271.7   153.0   3767.3
33   14   -283.8   -171.8   3784.4
33   15   -299.5   -468.2   3849.9
33   16   -346.3   495.3   3511.9
33   17   -314.2   465.4   3529.0
33   18   -356.4   636.7   3671.8
34   0   -356.3   734.0   3674.5
34   1   -355.8   573.6   3692.7
34   2   -474.7   552.1   3666.1
34   3   -471.1   349.2   3576.7
34   4   -321.7   524.3   3499.1
34   5   -233.2   561.3   3688.3
34   6   -210.6   343.5   3653.1
34   7   -334.8   489.3   3503.7
34   8   -354.1   380.2   3760.0
34   9   -352.2   215.9   3767.3
34   10   -431.7   153.4   3757.5
34   11   -442.3   -171.6   3757.9
34   12   -403.4   -465.3   3828.9
34   13   -271.6   153.3   3767.3
34   14   -283.8   -171.5   3783.9
34   15   -299.7   -468.8   3849.8
34   16   -346.6   495.2   3512.0
34   17   -314.1   465.0   3528.6
34   18   -356.4   636.7   3670.8
35   0   -356.3   733.9   3674.5
35   1   -355.8   573.7   3691.9
35   2   -474.7   552.1   3665.3
35   3   -471.2   349.0   3576.7
35   4   -322.1   524.3   3499.3
35   5   -233.3   561.3   3688.3
35   6   -210.1   343.8   3652.8
35   7   -334.5   488.7   3502.8
35   8   -354.1   380.4   3759.8
35   9   -352.2   216.2   3767.3
35   10   -431.6   153.5   3757.3
35   11   -444.4   -171.8   3755.0
35   12   -402.9   -465.7   3828.3
35   13   -271.5   153.7   3767.3
35   14   -283.9   -171.4   3783.2
35   15   -300.0   -469.4   3849.7
35   16   -346.9   495.0   3512.2
35   17   -313.7   464.6   3527.8
35   18   -356.3   636.7   3669.8
36   0   -356.3   733.9   3674.5
36   1   -355.8   573.8   3691.2
36   2   -474.6   552.2   3664.3
36   3   -471.2   348.7   3576.8
36   4   -322.6   524.4   3499.5
36   5   -233.4   561.4   3688.2
36   6   -209.6   344.0   3652.4
36   7   -334.0   488.5   3502.1
36   8   -354.1   380.6   3759.7
36   9   -352.2   216.5   3767.2
36   10   -431.8   154.3   3757.0
36   11   -445.3   -171.5   3753.5
36   12   -402.1   -465.6   3828.2
36   13   -271.2   154.6   3767.3
36   14   -283.9   -170.9   3782.3
36   15   -300.4   -469.5   3849.6
36   16   -347.4   495.1   3512.4
36   17   -313.3   464.4   3527.2
36   18   -356.3   636.7   3668.9
37   0   -356.3   733.8   3674.5
37   1   -355.7   573.8   3690.6
37   2   -474.5   552.3   3663.4
37   3   -471.3   348.5   3576.8
37   4   -323.1   524.4   3499.7
37   5   -233.5   561.5   3688.1
37   6   -209.2   344.3   3652.0
37   7   -333.2   488.6   3501.4
37   8   -354.1   380.7   3759.6
37   9   -352.2   216.9   3767.1
37   10   -432.2   155.6   3756.5
37   11   -445.6   -171.1   3753.0
37   12   -401.9   -465.7   3827.2
37   13   -270.8   155.8   3767.3
37   14   -283.9   -170.6   3781.3
37   15   -300.8   -469.3   3849.4
37   16   -347.8   495.1   3512.5
37   17   -312.5   464.5   3526.5
37   18   -356.2   636.7   3668.1
38   0   -356.3   733.7   3674.5
38   1   -355.7   573.9   3690.1
38   2   -474.4   552.3   3663.3
38   3   -471.3   348.6   3576.7
38   4   -323.2   524.5   3499.6
38   5   -233.5   561.5   3688.0
38   6   -209.0   344.5   3651.5
38   7   -333.0   489.6   3501.8
38   8   -354.1   380.8   3759.5
38   9   -352.2   217.2   3767.0
38   10   -432.6   157.0   3756.0
38   11   -445.7   -170.8   3753.0
38   12   -402.0   -466.1   3825.4
38   13   -270.8   156.4   3767.3
38   14   -283.9   -171.2   3780.1
38   15   -300.6   -469.9   3849.3
38   16   -347.9   495.2   3512.5
38   17   -312.4   465.4   3526.7
38   18   -356.2   636.7   3667.6
39   0   -356.3   733.6   3674.5
39   1   -355.6   573.9   3689.9
39   2   -474.4   552.3   3663.3
39   3   -471.3   348.7   3576.7
39   4   -323.3   524.5   3499.5
39   5   -233.6   561.5   3688.0
39   6   -209.0   344.7   3650.8
39   7   -332.5   491.5   3502.5
39   8   -354.1   380.9   3759.5
39   9   -352.2   217.4   3767.0
39   10   -432.3   157.0   3755.4
39   11   -445.7   -171.8   3753.0
39   12   -402.1   -466.9   3825.2
39   13   -271.0   156.4   3767.3
39   14   -283.9   -172.2   3779.8
39   15   -300.2   -470.6   3849.8
39   16   -347.9   495.2   3512.4
39   17   -311.9   467.0   3527.2
39   18   -356.1   636.7   3667.3
40   0   -356.3   733.6   3674.5
40   1   -355.6   574.0   3689.8
40   2   -474.3   552.4   3663.3
40   3   -471.2   348.8   3576.8
40   4   -323.4   524.5   3499.3
40   5   -233.6   561.5   3688.2
40   6   -209.0   344.9   3650.6
40   7   -332.2   492.0   3502.5
40   8   -354.1   380.9   3759.5
40   9   -352.2   217.5   3766.9
40   10   -431.7   156.0   3754.9
40   11   -445.6   -173.6   3753.4
40   12   -401.9   -467.8   3825.6
40   13   -271.2   156.0   3767.3
40   14   -284.0   -173.4   3780.1
40   15   -299.7   -470.7   3851.2
40   16   -348.0   495.2   3512.2
40   17   -311.7   467.5   3527.2
40   18   -356.1   636.7   3667.2
41   0   -356.3   733.5   3674.5
41   1   -355.6   574.0   3689.7
41   2   -474.3   552.4   3663.3
41   3   -471.1   348.9   3576.8
41   4   -323.6   524.6   3499.1
41   5   -233.6   561.5   3688.2
41   6   -209.0   345.0   3650.5
41   7   -332.2   491.5   3502.0
41   8   -354.1   380.9   3759.5
41   9   -352.2   217.5   3766.8
41   10   -431.4   155.5   3754.7
41   11   -445.6   -175.1   3753.9
41   12   -401.7   -468.2   3825.8
41   13   -271.5   155.6   3767.3
41   14   -284.2   -174.9   3780.2
41   15   -298.7   -471.1   3851.3
41   16   -348.2   495.4   3512.1
41   17   -311.6   467.1   3526.7
41   18   -356.0   636.7   3667.1
42   0   -356.3   733.5   3674.5
42   1   -355.5   574.0   3689.7
42   2   -474.2   552.5   3663.3
42   3   -471.0   349.1   3576.9
42   4   -323.9   524.9   3498.9
42   5   -233.5   561.5   3688.1
42   6   -208.9   345.1   3650.4
42   7   -332.3   490.4   3501.1
42   8   -354.1   380.8   3759.5
42   9   -352.2   217.4   3766.7
42   10   -431.2   155.3   3754.6
42   11   -445.6   -176.1   3754.4
42   12   -401.7   -468.2   3825.7
42   13   -271.6   155.5   3767.2
42   14   -284.4   -175.7   3780.2
42   15   -297.9   -470.9   3851.2
42   16   -348.4   495.6   3511.9
42   17   -311.8   466.2   3526.0
42   18   -356.0   636.7   3667.0
43   0   -356.3   733.4   3674.5
43   1   -355.5   574.1   3689.6
43   2   -474.2   552.5   3663.3
43   3   -470.6   349.2   3576.8
43   4   -324.1   525.3   3498.6
43   5   -233.5   561.5   3687.8
43   6   -208.9   345.1   3650.4
43   7   -332.0   490.0   3500.6
43   8   -354.1   380.8   3759.4
43   9   -352.2   217.4   3766.6
43   10   -431.2   155.2   3754.5
43   11   -445.8   -176.3   3755.0
43   12   -401.7   -468.0   3825.7
43   13   -271.7   155.4   3767.2
43   14   -284.5   -176.0   3780.2
43   15   -296.3   -470.6   3851.3
43   16   -348.5   495.9   3511.6
43   17   -311.5   465.9   3525.6
43   18   -355.9   636.7   3667.0
44   0   -356.3   733.4   3674.5
44   1   -355.4   574.1   3689.6
44   2   -474.1   552.5   3663.3
44   3   -470.5   349.4   3576.8
44   4   -324.7   525.8   3498.3
44   5   -233.4   561.4   3687.6
44   6   -208.8   345.1   3650.4
44   7   -331.6   490.5   3501.0
44   8   -354.1   380.7   3759.4
44   9   -352.2   217.3   3766.5
44   10   -431.1   155.3   3754.5
44   11   -445.9   -175.7   3755.2
44   12   -401.7   -467.6   3825.7
44   13   -271.7   155.4   3767.1
44   14   -284.7   -175.4   3780.1
44   15   -294.0   -470.2   3851.5
44   16   -349.0   496.4   3511.4
44   17   -311.1   466.3   3525.9
44   18   -355.9   636.7   3667.0
45   0   -356.3   733.3   3674.5
45   1   -355.4   574.1   3689.5
45   2   -474.1   552.5   3663.3
45   3   -470.4   349.5   3576.9
45   4   -325.5   526.2   3498.0
45   5   -233.3   561.4   3687.3
45   6   -208.8   345.1   3650.5
45   7   -330.9   491.9   3502.1
45   8   -354.1   380.6   3759.4
45   9   -352.2   217.2   3766.5
45   10   -431.1   155.3   3754.4
45   11   -446.0   -175.2   3755.2
45   12   -402.2   -467.3   3825.3
45   13   -271.7   155.5   3767.1
45   14   -284.7   -174.9   3780.1
45   15   -293.1   -469.8   3851.6
45   16   -349.6   496.8   3511.2
45   17   -310.5   467.4   3526.8
45   18   -355.8   636.7   3666.9
46   0   -356.3   733.3   3674.5
46   1   -355.3   574.2   3689.5
46   2   -474.1   552.6   3663.3
46   3   -470.5   349.6   3576.9
46   4   -325.7   526.2   3497.8
46   5   -233.2   561.3   3686.9
46   6   -208.9   345.1   3650.5
46   7   -330.7   492.5   3502.7
46   8   -354.1   380.6   3759.4
46   9   -352.2   217.1   3766.4
46   10   -431.0   155.3   3754.4
46   11   -446.0   -175.0   3754.9
46   12   -402.4   -467.0   3825.0
46   13   -271.8   155.5   3767.1
46   14   -284.7   -174.7   3780.1
46   15   -293.0   -469.4   3851.5
46   16   -349.8   496.8   3511.0
46   17   -310.4   467.9   3527.3
46   18   -355.7   636.7   3666.9
47   0   -356.3   733.2   3674.5
47   1   -355.3   574.2   3689.4
47   2   -474.0   552.6   3663.3
47   3   -470.5   349.7   3577.0
47   4   -325.7   526.0   3497.5
47   5   -233.1   561.2   3686.5
47   6   -208.9   345.0   3650.4
47   7   -330.6   492.7   3502.9
47   8   -354.0   380.5   3759.4
47   9   -352.2   217.0   3766.3
47   10   -431.0   155.4   3754.3
47   11   -446.0   -174.9   3754.4
47   12   -402.6   -466.6   3824.9
47   13   -271.8   155.5   3767.1
47   14   -284.8   -174.5   3780.1
47   15   -293.3   -469.2   3851.4
47   16   -349.8   496.6   3510.7
47   17   -310.3   468.1   3527.5
47   18   -355.7   636.7   3666.9
48   0   -356.3   733.2   3674.5
48   1   -355.2   574.2   3689.4
48   2   -474.0   552.6   3663.3
48   3   -470.5   349.8   3577.1
48   4   -325.5   525.6   3497.2
48   5   -233.0   561.2   3686.0
48   6   -209.0   345.0   3650.3
48   7   -330.5   492.8   3503.0
48   8   -354.0   380.4   3759.3
48   9   -352.2   216.9   3766.2
48   10   -430.9   155.4   3754.1
48   11   -445.9   -174.8   3753.9
48   12   -402.6   -466.3   3825.0
48   13   -271.9   155.6   3767.0
48   14   -284.8   -174.5   3780.0
48   15   -293.8   -469.0   3851.2
48   16   -349.7   496.3   3510.5
48   17   -310.3   468.2   3527.5
48   18   -355.6   636.7   3666.9
49   0   -356.3   733.1   3674.5
49   1   -355.2   574.2   3689.3
49   2   -474.0   552.6   3663.3
49   3   -470.5   349.9   3577.1
49   4   -325.2   525.2   3497.1
49   5   -232.9   561.1   3685.8
49   6   -209.0   345.1   3650.0
49   7   -330.4   493.1   3503.1
49   8   -354.0   380.3   3759.3
49   9   -352.2   216.8   3766.1
49   10   -430.9   155.5   3753.9
49   11   -445.9   -174.8   3753.7
49   12   -402.7   -466.1   3825.1
49   13   -271.9   155.6   3767.0
49   14   -284.8   -174.5   3780.0
49   15   -294.4   -468.9   3851.2
49   16   -349.4   496.0   3510.4
49   17   -310.2   468.5   3527.6
49   18   -355.5   636.7   3666.8
50   0   -356.3   733.1   3674.5
50   1   -355.1   574.3   3689.3
50   2   -474.0   552.6   3663.3
50   3   -470.6   350.0   3577.2
50   4   -324.9   524.8   3497.1
50   5   -232.9   561.1   3685.8
50   6   -209.0   345.2   3649.5
50   7   -330.4   493.5   3503.0
50   8   -354.0   380.2   3759.2
50   9   -352.2   216.6   3766.0
50   10   -430.9   155.6   3753.7
50   11   -445.9   -174.9   3753.6
50   12   -402.6   -466.2   3824.8
50   13   -271.9   155.7   3766.9
50   14   -284.8   -174.6   3780.0
50   15   -295.2   -469.1   3850.8
50   16   -349.2   495.7   3510.5
50   17   -310.2   468.7   3527.4
50   18   -355.5   636.7   3666.8
51   0   -356.3   733.0   3674.5
51   1   -355.1   574.3   3689.2
51   2   -473.9   552.7   3663.3
51   3   -470.8   350.2   3577.2
51   4   -324.8   524.4   3497.0
51   5   -232.8   561.0   3685.7
51   6   -208.9   345.4   3649.1
51   7   -330.6   493.6   3503.0
51   8   -354.0   380.2   3759.2
51   9   -352.2   216.6   3765.9
51   10   -430.9   155.6   3753.6
51   11   -445.7   -175.5   3753.9
51   12   -402.7   -466.5   3824.5
51   13   -272.0   155.7   3766.9
51   14   -284.8   -175.2   3780.0
51   15   -296.0   -469.3   3850.3
51   16   -349.1   495.4   3510.4
51   17   -310.3   468.9   3527.4
51   18   -355.4   636.7   3666.7
52   0   -356.3   733.0   3674.5
52   1   -355.0   574.3   3689.2
52   2   -473.9   552.7   3663.3
52   3   -471.0   350.3   3577.3
52   4   -324.2   523.4   3496.3
52   5   -232.7   561.0   3685.8
52   6   -208.8   345.5   3648.9
52   7   -330.7   493.6   3503.1
52   8   -354.0   380.2   3759.2
52   9   -352.2   216.5   3765.8
52   10   -430.8   155.7   3753.6
52   11   -445.5   -176.1   3754.2
52   12   -402.8   -466.7   3824.3
52   13   -272.1   155.8   3766.9
52   14   -284.7   -175.9   3780.0
52   15   -296.3   -469.5   3849.6
52   16   -348.7   494.5   3509.8
52   17   -310.4   468.9   3527.4
52   18   -355.3   636.7   3666.7
53   0   -356.3   731.9   3674.4
53   1   -355.0   574.4   3689.2
53   2   -473.9   552.7   3663.3
53   3   -471.7   350.4   3577.4
53   4   -323.5   521.7   3495.6
53   5   -232.7   561.0   3685.9
53   6   -208.7   345.6   3648.7
53   7   -330.7   493.5   3503.0
53   8   -354.0   380.3   3759.3
53   9   -352.2   216.5   3765.8
53   10   -430.8   155.9   3753.6
53   11   -445.2   -176.5   3753.8
53   12   -402.7   -466.5   3824.6
53   13   -272.2   155.8   3766.9
53   14   -284.8   -176.4   3780.0
53   15   -296.3   -469.6   3849.6
53   16   -348.2   493.2   3509.3
53   17   -310.4   468.8   3527.3
53   18   -355.3   636.7   3666.7
54   0   -356.2   730.5   3674.3
54   1   -354.9   574.4   3689.1
54   2   -473.9   552.7   3663.3
54   3   -472.6   350.4   3577.6
54   4   -323.5   520.5   3495.2
54   5   -232.6   560.9   3686.0
54   6   -208.7   345.9   3647.9
54   7   -331.2   493.5   3502.5
54   8   -354.0   380.4   3759.3
54   9   -352.1   216.6   3765.8
54   10   -430.8   156.3   3753.6
54   11   -444.8   -176.5   3753.2
54   12   -402.5   -466.2   3825.2
54   13   -272.3   156.0   3766.9
54   14   -284.8   -176.6   3780.0
54   15   -296.3   -469.6   3850.5
54   16   -348.3   492.2   3509.0
54   17   -310.8   468.9   3526.7
54   18   -355.2   636.7   3666.6
55   0   -356.2   729.1   3674.1
55   1   -354.9   574.5   3689.1
55   2   -473.9   552.7   3663.3
55   3   -473.6   350.5   3577.7
55   4   -323.8   519.6   3495.0
55   5   -232.5   560.9   3686.1
55   6   -208.6   346.2   3646.7
55   7   -331.8   493.5   3501.9
55   8   -354.0   380.6   3759.3
55   9   -352.1   216.7   3765.8
55   10   -430.8   156.7   3753.6
55   11   -431.2   -175.3   3771.4
55   12   -401.8   -469.8   3827.2
55   13   -272.5   156.1   3766.9
55   14   -284.8   -176.6   3780.0
55   15   -296.3   -469.4   3852.3
55   16   -348.8   491.4   3508.8
55   17   -311.3   469.0   3526.0
55   18   -355.1   636.7   3666.6
56   0   -356.2   727.8   3674.0
56   1   -354.8   574.5   3689.0
56   2   -473.9   552.7   3663.3
56   3   -474.0   350.6   3577.8
56   4   -323.9   519.0   3494.6
56   5   -232.5   560.9   3686.1
56   6   -208.5   346.3   3646.3
56   7   -332.1   493.2   3501.6
56   8   -354.0   380.8   3759.2
56   9   -352.1   216.8   3765.8
56   10   -430.7   156.8   3753.6
56   11   -436.5   -175.8   3763.1
56   12   -402.2   -468.9   3826.4
56   13   -272.5   156.2   3766.9
56   14   -284.7   -176.6   3780.2
56   15   -296.3   -469.4   3854.7
56   16   -349.0   490.9   3508.5
56   17   -311.5   468.7   3525.7
56   18   -355.1   636.7   3666.5
57   0   -356.2   726.8   3674.0
57   1   -354.8   574.5   3689.0
57   2   -473.9   552.7   3663.3
57   3   -474.3   350.7   3577.8
57   4   -323.9   518.6   3494.5
57   5   -232.4   560.8   3686.0
57   6   -208.4   346.4   3646.6
57   7   -331.5   493.8   3502.2
57   8   -354.0   381.0   3759.2
57   9   -352.1   216.9   3765.7
57   10   -430.7   156.8   3753.6
57   11   -427.2   -175.3   3775.2
57   12   -401.7   -472.1   3825.8
57   13   -272.6   156.2   3766.9
57   14   -284.7   -176.7   3780.4
57   15   -296.0   -469.8   3855.4
57   16   -349.0   490.6   3508.4
57   17   -311.0   469.2   3526.3
57   18   -355.1   636.7   3666.5
58   0   -356.2   726.0   3673.9
58   1   -354.8   574.6   3689.0
58   2   -473.9   552.7   3663.3
58   3   -474.3   350.9   3577.7
58   4   -323.6   518.4   3494.6
58   5   -232.4   560.8   3686.0
58   6   -208.3   346.4   3647.1
58   7   -331.0   494.0   3502.7
58   8   -354.0   381.1   3759.2
58   9   -352.1   217.0   3765.6
58   10   -430.7   156.9   3753.5
58   11   -434.0   -175.9   3764.4
58   12   -402.0   -470.9   3824.4
58   13   -272.6   156.2   3766.8
58   14   -284.7   -176.8   3780.6
58   15   -295.6   -470.6   3854.8
58   16   -348.8   490.5   3508.4
58   17   -310.6   469.4   3526.8
58   18   -355.0   636.7   3666.4
59   0   -356.1   725.4   3673.8
59   1   -354.7   574.6   3688.9
59   2   -473.8   552.7   3663.3
59   3   -474.3   351.1   3577.5
59   4   -323.3   518.3   3494.7
59   5   -232.4   560.8   3686.0
59   6   -208.2   346.4   3647.7
59   7   -330.6   493.9   3503.2
59   8   -354.0   381.3   3759.2
59   9   -352.1   217.1   3765.3
59   10   -430.9   157.1   3753.4
59   11   -437.7   -176.2   3758.2
59   12   -402.1   -470.4   3824.4
59   13   -272.6   156.3   3766.8
59   14   -284.7   -176.9   3780.8
59   15   -295.4   -471.9   3853.1
59   16   -348.5   490.4   3508.5
59   17   -310.2   469.3   3527.3
59   18   -355.0   636.7   3666.4
60   0   -356.1   725.0   3673.8
60   1   -354.7   574.7   3688.9
60   2   -473.8   552.7   3663.3
60   3   -474.3   351.4   3577.2
60   4   -323.0   518.3   3494.7
60   5   -232.3   560.8   3686.1
60   6   -208.2   346.3   3648.8
60   7   -330.1   493.6   3503.8
60   8   -354.0   381.3   3759.2
60   9   -352.1   217.1   3765.0
60   10   -431.1   157.4   3753.3
60   11   -439.0   -176.4   3755.2
60   12   -402.1   -470.2   3825.4
60   13   -272.6   156.3   3766.7
60   14   -284.8   -177.1   3780.9
60   15   -295.4   -473.0   3852.1
60   16   -348.2   490.5   3508.5
60   17   -309.7   469.0   3527.9
60   18   -355.0   636.7   3666.4
61   0   -356.1   724.6   3673.8
61   1   -354.7   574.7   3688.9
61   2   -473.8   552.7   3663.3
61   3   -474.3   351.6   3576.9
61   4   -322.6   518.0   3494.5
61   5   -232.3   560.7   3686.1
61   6   -208.2   346.3   3649.3
61   7   -329.7   493.6   3504.2
61   8   -354.0   381.4   3759.2
61   9   -352.1   217.0   3764.8
61   10   -431.4   158.0   3753.1
61   11   -440.0   -176.3   3754.0
61   12   -402.1   -469.4   3829.2
61   13   -272.5   156.4   3766.7
61   14   -284.8   -177.4   3781.0
61   15   -295.5   -474.0   3851.7
61   16   -347.9   490.3   3508.2
61   17   -309.4   469.0   3528.4
61   18   -354.9   636.7   3666.4
62   0   -356.1   724.3   3673.8
62   1   -354.7   574.7   3688.9
62   2   -473.8   552.8   3663.3
62   3   -474.3   351.7   3576.9
62   4   -322.5   517.7   3494.3
62   5   -232.3   560.7   3686.1
62   6   -208.2   346.4   3649.5
62   7   -329.4   494.0   3504.8
62   8   -354.0   381.4   3759.2
62   9   -352.1   217.0   3764.7
62   10   -431.6   158.5   3753.0
62   11   -429.1   -175.2   3772.0
62   12   -401.4   -473.0   3830.8
62   13   -272.5   156.4   3766.6
62   14   -284.8   -177.8   3781.0
62   15   -295.9   -474.5   3852.5
62   16   -347.8   490.1   3508.0
62   17   -309.2   469.4   3528.9
62   18   -354.9   636.7   3666.4
63   0   -356.1   724.1   3673.7
63   1   -354.6   574.8   3688.9
63   2   -473.8   552.8   3663.3
63   3   -474.3   351.9   3577.0
63   4   -322.5   517.5   3494.0
63   5   -232.2   560.7   3686.1
63   6   -208.2   346.5   3649.7
63   7   -329.1   494.4   3505.2
63   8   -354.0   381.4   3759.3
63   9   -352.1   216.9   3764.7
63   10   -431.7   158.7   3752.8
63   11   -434.3   -175.9   3763.6
63   12   -401.2   -472.0   3829.1
63   13   -272.6   156.5   3766.5
63   14   -284.9   -178.2   3781.0
63   15   -296.2   -474.7   3853.9
63   16   -347.8   489.9   3507.8
63   17   -309.0   469.7   3529.3
63   18   -354.9   636.7   3666.4
64   0   -356.0   723.9   3673.7
64   1   -354.6   574.8   3688.9
64   2   -473.8   552.8   3663.3
64   3   -474.3   352.0   3577.1
64   4   -322.6   517.3   3493.8
64   5   -232.2   560.7   3686.1
64   6   -208.1   346.6   3649.7
64   7   -328.8   494.8   3505.6
64   8   -354.0   381.4   3759.3
64   9   -352.1   216.8   3764.6
64   10   -431.5   158.3   3752.7
64   11   -437.4   -176.8   3758.5
64   12   -400.6   -470.8   3831.7
64   13   -272.6   156.5   3766.5
64   14   -284.9   -178.4   3781.0
64   15   -296.5   -474.6   3855.2
64   16   -347.9   489.8   3507.7
64   17   -308.7   470.1   3529.7
64   18   -354.8   636.7   3666.4
65   0   -356.0   723.7   3673.7
65   1   -354.6   574.8   3688.9
65   2   -473.7   552.8   3663.3
65   3   -474.4   352.0   3577.3
65   4   -322.7   517.0   3493.5
65   5   -232.2   560.7   3686.1
65   6   -208.1   346.7   3649.7
65   7   -328.9   494.6   3505.6
65   8   -354.0   381.3   3759.4
65   9   -352.1   216.7   3764.5
65   10   -430.9   157.5   3752.6
65   11   -439.2   -177.8   3755.8
65   12   -399.7   -468.9   3838.6
65   13   -272.6   156.5   3766.4
65   14   -284.9   -178.4   3781.0
65   15   -296.3   -474.8   3854.5
65   16   -348.0   489.5   3507.5
65   17   -308.8   470.0   3529.7
65   18   -354.8   636.7   3666.4
66   0   -356.0   723.6   3673.7
66   1   -354.6   574.9   3688.9
66   2   -473.7   552.8   3663.3
66   3   -474.4   352.1   3577.6
66   4   -322.9   516.7   3493.1
66   5   -232.2   560.7   3686.1
66   6   -208.0   346.8   3649.7
66   7   -329.0   494.5   3505.6
66   8   -354.0   381.3   3759.5
66   9   -352.1   216.6   3764.4
66   10   -430.3   156.4   3752.5
66   11   -440.0   -178.6   3754.6
66   12   -399.1   -467.6   3844.0
66   13   -272.6   156.5   3766.3
66   14   -284.9   -178.2   3781.0
66   15   -296.6   -473.6   3857.1
66   16   -348.2   489.2   3507.2
66   17   -308.8   469.9   3529.7
66   18   -354.8   636.7   3666.4
67   0   -355.9   723.5   3673.7
67   1   -354.6   574.9   3688.9
67   2   -473.7   552.8   3663.2
67   3   -474.4   352.1   3577.8
67   4   -323.0   516.4   3493.0
67   5   -232.2   560.7   3686.1
67   6   -208.0   346.9   3649.7
67   7   -329.0   494.3   3505.7
67   8   -354.0   381.2   3759.5
67   9   -352.1   216.4   3764.3
67   10   -429.6   155.3   3752.4
67   11   -440.4   -179.3   3754.2
67   12   -398.6   -466.8   3845.5
67   13   -272.7   156.4   3766.1
67   14   -284.9   -177.7   3781.0
67   15   -296.4   -472.5   3857.0
67   16   -348.3   489.0   3507.1
67   17   -308.9   469.8   3529.7
67   18   -354.8   636.7   3666.4
68   0   -355.9   723.4   3673.7
68   1   -354.6   575.0   3688.9
68   2   -473.7   552.8   3663.2
68   3   -474.7   351.9   3578.6
68   4   -322.9   515.1   3492.6
68   5   -232.2   560.7   3686.1
68   6   -208.0   347.1   3649.7
68   7   -329.1   494.2   3505.7
68   8   -354.0   381.1   3759.6
68   9   -352.1   216.2   3764.2
68   10   -429.3   154.8   3752.4
68   11   -440.3   -179.4   3754.1
68   12   -398.4   -467.0   3843.5
68   13   -272.7   156.4   3766.0
68   14   -284.8   -177.4   3781.0
68   15   -296.1   -472.0   3855.2
68   16   -348.2   487.9   3506.9
68   17   -308.9   469.7   3529.7
68   18   -354.8   636.7   3666.4
69   0   -355.8   723.4   3673.7
69   1   -354.6   575.0   3688.9
69   2   -473.7   552.8   3663.2
69   3   -475.0   352.0   3578.8
69   4   -321.9   513.2   3491.9
69   5   -232.2   560.7   3686.1
69   6   -208.0   347.2   3649.7
69   7   -329.2   494.4   3506.1
69   8   -354.0   381.0   3759.6
69   9   -352.1   216.1   3764.3
69   10   -429.3   154.6   3752.3
69   11   -440.1   -179.2   3754.1
69   12   -398.0   -470.1   3834.0
69   13   -272.7   156.3   3766.0
69   14   -284.8   -177.1   3781.0
69   15   -295.7   -473.3   3851.9
69   16   -347.4   486.3   3506.4
69   17   -309.0   469.9   3530.0
69   18   -354.8   636.7   3666.4
70   0   -355.8   723.3   3673.7
70   1   -354.6   575.0   3688.9
70   2   -473.7   552.8   3663.2
70   3   -475.1   352.0   3579.0
70   4   -321.5   512.2   3491.6
70   5   -232.2   560.7   3686.1
70   6   -208.0   347.3   3649.8
70   7   -329.4   494.7   3506.7
70   8   -354.0   380.9   3759.6
70   9   -352.1   215.9   3764.3
70   10   -429.5   155.0   3752.2
70   11   -440.0   -178.6   3754.0
70   12   -397.9   -471.3   3827.5
70   13   -272.6   156.4   3766.0
70   14   -284.7   -176.8   3781.0
70   15   -295.7   -473.4   3850.5
70   16   -347.1   485.5   3506.2
70   17   -309.2   470.1   3530.6
70   18   -354.7   636.7   3666.4
71   0   -355.8   723.3   3673.7
71   1   -354.6   575.1   3688.8
71   2   -473.7   552.8   3663.2
71   3   -475.4   352.1   3579.1
71   4   -321.4   511.7   3491.6
71   5   -232.2   560.7   3686.1
71   6   -207.8   347.5   3649.9
71   7   -329.7   495.0   3507.6
71   8   -354.0   380.8   3759.7
71   9   -352.1   215.8   3764.4
71   10   -429.9   155.8   3752.0
71   11   -439.9   -177.8   3754.1
71   12   -397.9   -471.6   3824.4
71   13   -272.6   156.6   3766.0
71   14   -284.7   -176.6   3781.0
71   15   -295.7   -474.1   3847.0
71   16   -347.0   485.1   3506.2
71   17   -309.4   470.4   3531.3
71   18   -354.7   636.7   3666.4
72   0   -355.7   723.3   3673.7
72   1   -354.6   575.1   3688.8
72   2   -473.7   552.8   3663.2
72   3   -475.6   352.2   3579.2
72   4   -321.3   511.4   3491.7
72   5   -232.2   560.7   3686.1
72   6   -207.6   347.6   3650.0
72   7   -329.7   494.9   3508.0
72   8   -354.0   380.8   3759.7
72   9   -352.1   215.7   3764.6
72   10   -430.0   156.1   3752.0
72   11   -439.8   -177.2   3754.0
72   12   -398.0   -471.1   3823.9
72   13   -272.5   156.8   3766.0
72   14   -284.6   -176.2   3781.0
72   15   -295.7   -474.1   3845.2
72   16   -347.0   484.8   3506.3
72   17   -309.3   470.4   3531.7
72   18   -354.7   636.7   3666.4
73   0   -355.7   723.2   3673.7
73   1   -354.5   575.1   3688.8
73   2   -473.7   552.9   3663.2
73   3   -475.7   352.4   3579.1
73   4   -321.1   511.1   3491.7
73   5   -232.2   560.7   3686.1
73   6   -207.3   347.7   3650.3
73   7   -329.5   494.6   3508.2
73   8   -354.0   380.7   3759.7
73   9   -352.1   215.6   3764.6
73   10   -430.1   156.3   3752.0
73   11   -439.8   -176.6   3754.0
73   12   -398.1   -471.3   3819.9
73   13   -272.4   157.1   3766.0
73   14   -284.6   -175.5   3781.0
73   15   -295.6   -473.6   3843.7
73   16   -346.8   484.6   3506.2
73   17   -309.1   470.1   3531.9
73   18   -354.7   636.7   3666.4
74   0   -355.7   723.2   3673.7
74   1   -354.5   575.2   3688.8
74   2   -473.6   552.9   3663.2
74   3   -475.7   352.6   3579.1
74   4   -320.8   510.7   3491.6
74   5   -232.2   560.7   3686.1
74   6   -206.9   347.8   3650.5
74   7   -329.3   494.3   3508.3
74   8   -354.0   380.6   3759.8
74   9   -352.1   215.5   3764.7
74   10   -430.1   156.5   3752.0
74   11   -439.8   -176.2   3754.0
74   12   -398.2   -472.4   3812.7
74   13   -272.2   157.6   3766.0
74   14   -284.5   -174.7   3781.0
74   15   -295.7   -473.2   3841.6
74   16   -346.6   484.4   3506.2
74   17   -308.9   469.9   3532.0
74   18   -354.7   636.7   3666.4
75   0   -355.7   723.2   3673.7
75   1   -354.5   575.2   3688.8
75   2   -473.6   552.9   3663.2
75   3   -475.7   352.7   3579.2
75   4   -320.7   510.5   3491.8
75   5   -232.2   560.7   3686.1
75   6   -206.6   348.1   3650.2
75   7   -329.4   494.1   3508.2
75   8   -354.0   380.5   3759.8
75   9   -352.1   215.5   3764.7
75   10   -430.0   156.6   3751.9
75   11   -439.8   -175.9   3754.0
75   12   -398.4   -473.4   3806.8
75   13   -271.9   158.2   3765.9
75   14   -284.5   -173.9   3780.9
75   15   -295.7   -473.0   3839.4
75   16   -346.5   484.2   3506.3
75   17   -308.9   469.8   3531.8
75   18   -354.7   636.7   3666.4
76   0   -355.7   723.2   3673.7
76   1   -354.5   575.2   3688.8
76   2   -473.6   552.9   3663.2
76   3   -475.8   352.7   3579.5
76   4   -320.8   510.3   3492.0
76   5   -232.2   560.7   3686.1
76   6   -206.0   348.2   3650.3
76   7   -329.3   493.5   3508.1
76   8   -354.0   380.4   3759.9
76   9   -352.1   215.4   3764.7
76   10   -430.0   156.8   3751.9
76   11   -439.8   -175.5   3753.9
76   12   -398.6   -472.2   3812.2
76   13   -271.6   159.0   3765.9
76   14   -284.4   -172.9   3780.9
76   15   -295.7   -472.2   3839.4
76   16   -346.6   484.0   3506.6
76   17   -308.7   469.3   3531.8
76   18   -354.7   636.7   3666.4
77   0   -355.6   723.2   3673.7
77   1   -354.5   575.3   3688.8
77   2   -473.6   552.9   3663.2
77   3   -475.9   352.5   3580.2
77   4   -321.2   510.1   3492.5
77   5   -232.2   560.7   3686.1
77   6   -205.3   348.4   3650.6
77   7   -329.0   492.9   3508.3
77   8   -354.0   380.3   3759.9
77   9   -352.1   215.3   3764.7
77   10   -430.0   157.2   3751.8
77   11   -439.8   -175.2   3753.9
77   12   -398.7   -470.5   3818.8
77   13   -271.3   160.0   3765.8
77   14   -284.4   -172.0   3780.8
77   15   -295.8   -471.2   3840.4
77   16   -347.0   483.8   3507.1
77   17   -308.4   468.8   3532.0
77   18   -354.7   636.7   3666.4
78   0   -355.6   723.2   3673.7
78   1   -354.5   575.3   3688.8
78   2   -473.6   552.9   3663.2
78   3   -476.3   352.5   3580.5
78   4   -321.9   510.3   3493.0
78   5   -232.2   560.7   3686.1
78   6   -204.2   348.5   3651.6
78   7   -328.3   492.0   3508.9
78   8   -354.0   380.2   3760.0
78   9   -352.1   215.2   3764.8
78   10   -430.0   157.7   3751.7
78   11   -439.8   -175.0   3753.9
78   12   -398.6   -470.7   3816.4
78   13   -271.1   160.9   3765.7
78   14   -284.3   -171.3   3780.7
78   15   -295.8   -470.2   3840.9
78   16   -347.7   484.0   3507.6
78   17   -307.6   468.1   3532.7
78   18   -354.7   636.7   3666.4
79   0   -355.5   723.2   3673.7
79   1   -354.5   575.4   3688.8
79   2   -473.6   552.9   3663.2
79   3   -476.8   352.6   3580.7
79   4   -323.2   509.0   3493.9
79   5   -232.2   560.7   3686.1
79   6   -203.0   348.7   3652.2
79   7   -326.8   490.5   3510.3
79   8   -354.0   380.1   3760.1
79   9   -352.1   215.1   3764.8
79   10   -430.0   158.3   3751.5
79   11   -439.8   -174.9   3753.8
79   12   -398.6   -469.9   3819.5
79   13   -270.8   162.0   3765.7
79   14   -284.3   -170.8   3780.6
79   15   -295.9   -469.4   3841.7
79   16   -348.8   482.9   3508.4
79   17   -306.2   466.9   3533.9
79   18   -354.7   636.7   3666.4
80   0   -355.4   723.2   3673.7
80   1   -354.5   575.4   3688.8
80   2   -473.6   552.9   3663.1
80   3   -476.9   352.7   3580.9
80   4   -323.6   508.3   3494.0
80   5   -232.2   560.7   3686.1
80   6   -202.6   349.0   3651.8
80   7   -326.5   490.2   3510.5
80   8   -354.0   380.0   3760.1
80   9   -352.1   215.0   3764.8
80   10   -429.9   158.6   3751.5
80   11   -439.8   -175.0   3753.8
80   12   -398.4   -468.5   3824.5
80   13   -271.0   162.3   3765.7
80   14   -284.2   -170.9   3780.6
80   15   -296.0   -469.0   3842.6
80   16   -349.1   482.3   3508.5
80   17   -305.9   466.7   3534.1
80   18   -354.7   636.7   3666.4
81   0   -355.4   723.2   3673.6
81   1   -354.5   575.4   3688.8
81   2   -473.6   552.9   3663.1
81   3   -477.0   352.7   3581.0
81   4   -323.6   508.0   3493.7
81   5   -232.2   560.7   3686.1
81   6   -202.6   349.1   3651.6
81   7   -326.5   490.3   3510.5
81   8   -354.0   379.9   3760.2
81   9   -352.1   214.9   3764.8
81   10   -429.7   158.8   3751.5
81   11   -439.8   -175.1   3753.8
81   12   -398.3   -466.5   3831.1
81   13   -271.3   162.1   3765.7
81   14   -284.3   -171.4   3780.5
81   15   -296.2   -468.9   3843.6
81   16   -349.2   482.1   3508.2
81   17   -305.9   466.8   3534.0
81   18   -354.7   636.7   3666.4
82   0   -355.3   723.2   3673.6
82   1   -354.5   575.5   3688.7
82   2   -473.6   552.9   3663.0
82   3   -476.9   352.9   3580.9
82   4   -325.7   508.5   3494.8
82   5   -232.2   560.7   3686.1
82   6   -202.9   349.2   3651.4
82   7   -325.9   489.6   3511.1
82   8   -354.0   379.8   3760.2
82   9   -352.1   214.8   3764.8
82   10   -429.6   158.9   3751.5
82   11   -439.8   -175.2   3753.8
82   12   -398.5   -468.6   3822.4
82   13   -271.7   161.6   3765.7
82   14   -284.3   -172.0   3780.5
82   15   -296.3   -469.4   3843.9
82   16   -350.9   482.6   3509.1
82   17   -305.4   466.2   3534.5
82   18   -354.6   636.7   3666.4
83   0   -355.3   723.2   3673.6
83   1   -354.5   575.5   3688.7
83   2   -473.6   552.9   3663.0
83   3   -477.5   353.1   3580.7
83   4   -328.7   509.0   3496.3
83   5   -232.2   560.7   3686.1
83   6   -203.3   349.4   3651.0
83   7   -325.2   488.5   3511.8
83   8   -354.0   379.7   3760.3
83   9   -352.1   214.8   3764.8
83   10   -429.4   158.7   3751.6
83   11   -439.8   -175.4   3753.9
83   12   -399.2   -471.4   3815.0
83   13   -272.3   160.7   3765.6
83   14   -284.3   -173.0   3780.5
83   15   -296.6   -471.3   3843.5
83   16   -353.5   483.0   3510.4
83   17   -304.9   465.3   3535.0
83   18   -354.6   636.7   3666.4
84   0   -355.3   723.2   3673.6
84   1   -354.5   575.5   3688.7
84   2   -473.5   552.9   3663.0
84   3   -479.3   353.5   3580.2
84   4   -331.0   507.7   3497.1
84   5   -232.2   560.7   3686.1
84   6   -203.5   349.6   3650.3
84   7   -324.3   487.2   3511.9
84   8   -354.0   379.7   3760.3
84   9   -352.1   214.8   3764.8
84   10   -429.3   158.5   3751.6
84   11   -439.8   -175.6   3753.9
84   12   -399.4   -472.6   3814.7
84   13   -272.7   160.0   3765.6
84   14   -284.4   -173.8   3780.5
84   15   -296.7   -472.9   3843.5
84   16   -355.7   482.0   3510.9
84   17   -304.2   464.2   3534.9
84   18   -354.6   636.7   3666.4
85   0   -355.2   723.2   3673.6
85   1   -354.5   575.5   3688.9
85   2   -473.5   552.9   3663.0
85   3   -487.7   354.9   3578.4
85   4   -335.5   503.9   3496.8
85   5   -232.2   560.7   3686.1
85   6   -202.2   350.3   3647.5
85   7   -321.7   486.9   3509.1
85   8   -354.0   379.6   3760.4
85   9   -352.1   214.7   3764.8
85   10   -429.4   158.7   3751.6
85   11   -439.8   -175.5   3753.9
85   12   -398.9   -471.1   3819.7
85   13   -272.7   159.9   3765.5
85   14   -284.4   -173.9   3780.5
85   15   -296.8   -472.8   3843.3
85   16   -360.9   479.1   3510.4
85   17   -301.8   464.1   3532.2
85   18   -354.6   636.7   3666.7
86   0   -355.2   723.3   3673.6
86   1   -354.5   575.5   3689.3
86   2   -473.5   553.0   3667.2
86   3   -509.5   367.8   3565.8
86   4   -351.0   508.0   3480.2
86   5   -232.1   560.6   3686.1
86   6   -187.3   357.6   3632.1
86   7   -316.6   493.8   3502.5
86   8   -354.0   379.7   3760.4
86   9   -352.1   214.8   3764.8
86   10   -429.6   159.2   3751.5
86   11   -439.9   -175.2   3753.9
86   12   -398.8   -468.3   3826.9
86   13   -272.6   160.3   3765.4
86   14   -284.3   -173.7   3780.5
86   15   -296.7   -471.8   3843.4
86   16   -377.4   484.7   3494.5
86   17   -295.0   471.1   3524.1
86   18   -354.6   636.7   3667.1
87   0   -355.2   723.3   3673.7
87   1   -354.5   575.4   3691.3
87   2   -472.9   553.5   3681.3
87   3   -516.1   380.5   3562.0
87   4   -330.5   498.0   3522.7
87   5   -231.9   560.5   3686.2
87   6   -148.7   393.6   3594.3
87   7   -318.7   501.3   3497.3
87   8   -354.0   379.4   3760.6
87   9   -352.1   214.5   3764.8
87   10   -429.9   159.8   3751.3
87   11   -440.0   -174.9   3753.9
87   12   -399.0   -465.7   3832.1
87   13   -272.4   160.8   3765.2
87   14   -284.2   -173.5   3780.5
87   15   -296.4   -470.6   3843.7
87   16   -361.4   478.4   3529.2
87   17   -290.4   483.3   3513.5
87   18   -354.6   636.7   3669.6
88   0   -355.2   723.4   3673.8
88   1   -354.5   575.1   3694.7
88   2   -472.5   553.9   3691.9
88   3   -555.8   402.4   3568.8
88   4   -343.5   460.4   3565.7
88   5   -231.8   560.4   3688.6
88   6   -92.5   431.6   3610.8
88   7   -295.6   495.7   3543.4
88   8   -354.0   378.9   3761.0
88   9   -352.1   213.9   3764.9
88   10   -430.1   160.5   3751.2
88   11   -440.2   -174.6   3753.8
88   12   -399.3   -463.5   3836.0
88   13   -272.0   161.7   3764.9
88   14   -284.2   -173.0   3780.5
88   15   -296.1   -469.3   3843.6
88   16   -378.8   450.6   3566.2
88   17   -261.8   484.9   3554.6
88   18   -354.6   636.7   3673.9
89   0   -355.2   723.2   3673.9
89   1   -354.5   574.8   3698.9
89   2   -473.3   554.6   3695.8
89   3   -608.8   438.9   3587.7
89   4   -381.7   452.4   3583.8
89   5   -232.0   560.6   3696.3
89   6   -49.3   477.4   3666.7
89   7   -268.1   509.4   3602.8
89   8   -354.0   378.0   3761.8
89   9   -352.1   213.0   3764.9
89   10   -430.2   160.9   3751.1
89   11   -440.4   -174.7   3753.8
89   12   -399.3   -462.3   3837.8
89   13   -271.9   162.2   3764.7
89   14   -284.2   -173.0   3780.5
89   15   -295.6   -468.5   3843.5
89   16   -419.5   450.1   3584.4
89   17   -231.6   504.0   3613.4
89   18   -354.6   636.7   3679.1
90   0   -355.1   723.0   3674.0
90   1   -354.5   574.6   3702.4
90   2   -475.4   556.6   3693.1
90   3   -643.1   483.9   3587.7
90   4   -411.4   477.9   3565.0
90   5   -231.6   561.5   3701.7
90   6   -37.3   525.9   3638.5
90   7   -37.9   528.4   3532.3
90   8   -354.0   377.2   3763.0
90   9   -352.1   212.0   3765.0
90   10   -430.1   161.1   3751.1
90   11   -440.6   -174.9   3753.7
90   12   -399.6   -462.5   3836.7
90   13   -271.9   162.4   3764.7
90   14   -284.3   -173.2   3780.6
90   15   -295.4   -468.4   3843.3
90   16   -450.0   478.9   3568.8
90   17   -38.2   528.0   3550.0
90   18   -354.6   636.7   3683.4
91   0   -355.1   723.0   3674.0
91   1   -354.5   574.6   3704.3
91   2   -478.8   561.5   3687.6
91   3   -657.8   515.4   3576.5
91   4   -422.8   510.2   3556.0
91   5   -229.5   564.8   3702.8
91   6   -23.1   556.4   3643.6
91   7   107.8   576.2   3547.1
91   8   -354.0   376.9   3764.4
91   9   -352.1   210.9   3765.1
91   10   -430.1   161.3   3751.1
91   11   -440.8   -175.1   3753.7
91   12   -399.6   -463.2   3833.8
91   13   -271.9   162.7   3764.7
91   14   -284.3   -173.2   3780.6
91   15   -295.3   -468.3   3843.2
91   16   -462.0   511.1   3559.4
91   17   85.8   572.9   3563.2
91   18   -354.6   636.8   3685.4
92   0   -355.2   725.7   3673.7
92   1   -354.5   576.5   3703.3
92   2   -481.8   568.0   3680.5
92   3   -670.2   551.9   3573.6
92   4   -671.7   549.0   3495.8
92   5   -225.9   572.0   3697.2
92   6   -12.4   577.0   3655.9
92   7   184.8   620.6   3584.4
92   8   -353.9   379.1   3765.6
92   9   -352.1   213.7   3765.1
92   10   -429.7   162.3   3751.2
92   11   -441.0   -174.5   3753.5
92   12   -399.7   -463.3   3830.1
92   13   -272.3   163.7   3764.6
92   14   -284.3   -172.7   3780.6
92   15   -295.3   -467.7   3842.9
92   16   -671.0   549.5   3508.7
92   17   151.9   613.3   3596.3
92   18   -354.6   638.4   3683.8
93   0   -355.2   730.2   3672.4
93   1   -354.5   580.0   3699.9
93   2   -483.8   574.1   3672.8
93   3   -680.2   560.9   3579.5
93   4   -807.6   585.7   3479.2
93   5   -222.9   580.1   3689.6
93   6   -6.1   588.2   3673.7
93   7   217.1   649.3   3616.7
93   8   -353.9   384.1   3766.2
93   9   -352.1   219.9   3765.2
93   10   -428.8   164.1   3751.3
93   11   -428.2   -172.2   3771.3
93   12   -399.3   -465.9   3829.3
93   13   -273.3   165.2   3764.6
93   14   -284.3   -171.7   3780.6
93   15   -295.2   -466.5   3842.7
93   16   -786.1   581.6   3495.9
93   17   179.9   639.1   3626.2
93   18   -354.6   641.6   3679.0
94   0   -355.2   735.7   3669.1
94   1   -354.5   584.8   3695.4
94   2   -485.1   579.8   3672.0
94   3   -685.1   562.8   3588.4
94   4   -643.6   551.1   3519.8
94   5   -222.6   584.4   3686.3
94   6   -5.3   591.5   3688.5
94   7   222.4   659.1   3633.3
94   8   -353.9   390.8   3766.0
94   9   -352.1   227.9   3765.2
94   10   -427.7   166.4   3751.5
94   11   -434.4   -170.8   3762.8
94   12   -399.9   -462.5   3828.2
94   13   -274.6   167.3   3764.6
94   14   -284.3   -170.2   3780.5
94   15   -295.5   -465.0   3842.8
94   16   -650.2   552.9   3531.3
94   17   184.5   647.8   3642.5
94   18   -354.6   645.8   3673.2
95   0   -355.2   740.4   3663.5
95   1   -354.5   588.9   3691.4
95   2   -484.3   581.0   3672.0
95   3   -685.5   560.8   3593.4
95   4   -540.3   530.2   3545.9
95   5   -223.7   585.7   3685.5
95   6   -6.7   591.2   3690.8
95   7   221.1   659.4   3640.8
95   8   -354.0   396.7   3765.0
95   9   -352.2   235.0   3765.1
95   10   -427.1   168.5   3751.6
95   11   -438.6   -169.7   3757.3
95   12   -400.3   -460.2   3827.0
95   13   -275.3   169.1   3764.6
95   14   -284.3   -169.2   3780.5
95   15   -295.6   -463.9   3842.9
95   16   -564.3   535.3   3553.8
95   17   183.2   648.0   3649.1
95   18   -354.6   649.5   3668.2
96   0   -355.3   743.6   3659.7
96   1   -354.5   591.5   3688.6
96   2   -482.3   579.0   3671.6
96   3   -683.8   557.8   3595.2
96   4   -483.7   519.1   3557.8
96   5   -225.1   585.1   3686.2
96   6   -8.6   589.4   3689.3
96   7   217.9   653.6   3641.1
96   8   -354.0   400.6   3763.9
96   9   -352.2   239.8   3765.0
96   10   -427.2   170.0   3751.5
96   11   -441.2   -169.3   3754.7
96   12   -400.6   -459.2   3825.7
96   13   -275.3   170.4   3764.5
96   14   -285.1   -167.9   3792.3
96   15   -295.7   -464.4   3843.2
96   16   -517.0   525.5   3564.0
96   17   180.2   642.9   3649.2
96   18   -354.6   652.0   3664.8
97   0   -355.3   745.5   3657.9
97   1   -354.5   592.9   3687.3
97   2   -481.5   577.6   3671.6
97   3   -682.6   554.3   3596.1
97   4   -457.4   515.4   3561.9
97   5   -226.6   583.3   3688.1
97   6   -10.5   586.8   3689.2
97   7   213.2   643.5   3632.2
97   8   -354.0   402.8   3763.0
97   9   -352.2   242.8   3764.8
97   10   -427.7   171.2   3751.3
97   11   -442.8   -169.2   3753.4
97   12   -400.7   -458.7   3825.2
97   13   -274.6   171.8   3764.3
97   14   -285.3   -167.0   3798.8
97   15   -295.8   -464.6   3843.6
97   16   -494.9   521.9   3567.6
97   17   175.9   634.1   3641.7
97   18   -354.6   653.2   3663.2
98   0   -355.3   746.5   3657.5
98   1   -354.5   593.4   3686.8
98   2   -481.4   576.5   3671.8
98   3   -681.8   551.2   3595.7
98   4   -447.4   513.9   3562.5
98   5   -228.1   580.7   3690.7
98   6   -12.3   583.8   3689.2
98   7   206.1   639.0   3619.0
98   8   -354.0   403.6   3762.2
98   9   -352.2   242.6   3764.7
98   10   -428.1   171.6   3750.9
98   11   -443.9   -169.8   3752.8
98   12   -400.8   -459.2   3825.0
98   13   -274.2   172.2   3764.1
98   14   -285.4   -167.3   3801.9
98   15   -295.9   -465.4   3843.8
98   16   -486.5   520.1   3568.0
98   17   169.7   629.8   3630.7
98   18   -354.6   653.8   3662.9
99   0   -355.3   747.1   3657.7
99   1   -354.5   593.5   3686.8
99   2   -481.8   575.7   3672.2
99   3   -681.3   549.0   3594.7
99   4   -445.2   513.8   3561.6
99   5   -228.9   578.7   3693.3
99   6   -13.3   580.2   3688.2
99   7   203.1   636.4   3614.5
99   8   -354.0   403.3   3761.3
99   9   -352.2   241.1   3764.6
99   10   -428.4   171.6   3750.5
99   11   -444.8   -170.7   3752.1
99   12   -401.0   -460.1   3824.9
99   13   -273.9   172.1   3763.6
99   14   -284.9   -169.1   3790.8
99   15   -296.3   -465.5   3844.0
99   16   -484.5   519.6   3567.1
99   17   167.0   627.1   3626.8
99   18   -354.6   654.0   3663.2
100   0   -355.3   747.4   3658.2
100   1   -354.5   593.4   3687.1
100   2   -482.3   575.2   3672.6
100   3   -681.3   548.2   3594.0
100   4   -446.2   514.1   3560.8
100   5   -228.7   577.8   3694.5
100   6   -13.2   576.2   3686.8
100   7   201.1   636.8   3611.3
100   8   -354.0   402.4   3760.5
100   9   -352.2   239.3   3764.6
100   10   -428.7   171.4   3749.9
100   11   -430.7   -170.7   3769.7
100   12   -400.2   -464.7   3826.5
100   13   -273.7   171.7   3763.0
100   14   -284.6   -170.7   3784.6
100   15   -296.5   -466.0   3844.2
100   16   -485.4   519.8   3566.3
100   17   165.4   626.7   3623.9
100   18   -354.6   654.0   3663.8
101   0   -355.3   747.6   3659.4
101   1   -354.5   593.2   3687.9
101   2   -482.9   574.8   3673.0
101   3   -681.6   547.9   3593.7
101   4   -447.9   514.5   3560.3
101   5   -228.1   577.3   3695.2
101   6   -12.7   573.6   3685.4
101   7   200.4   637.5   3609.0
101   8   -354.0   401.3   3760.3
101   9   -352.2   237.6   3764.6
101   10   -428.9   171.3   3749.2
101   11   -438.6   -171.7   3759.5
101   12   -400.2   -462.4   3826.8
101   13   -273.4   171.5   3762.2
101   14   -284.5   -171.8   3781.4
101   15   -296.6   -466.3   3844.3
101   16   -486.9   520.1   3565.8
101   17   164.9   626.8   3621.7
101   18   -354.6   653.9   3665.0
102   0   -355.3   747.7   3660.9
102   1   -354.5   592.9   3689.6
102   2   -483.5   574.4   3673.5
102   3   -681.9   547.8   3593.4
102   4   -449.4   514.9   3560.0
102   5   -227.2   577.0   3695.7
102   6   -11.9   572.6   3683.9
102   7   200.8   638.4   3607.5
102   8   -354.0   400.0   3760.4
102   9   -352.2   235.9   3764.6
102   10   -429.2   171.3   3748.5
102   11   -443.8   -172.5   3753.3
102   12   -400.6   -461.0   3827.1
102   13   -273.2   171.2   3761.3
102   14   -284.5   -172.6   3779.8
102   15   -296.7   -466.7   3844.4
102   16   -488.1   520.4   3565.6
102   17   165.3   627.4   3620.2
102   18   -354.6   653.9   3667.2
103   0   -355.3   747.7   3662.6
103   1   -354.5   592.6   3692.0
103   2   -484.0   574.2   3674.0
103   3   -682.1   547.8   3593.3
103   4   -450.3   515.2   3560.0
103   5   -226.1   576.8   3696.1
103   6   -11.0   572.2   3683.4
103   7   203.9   635.7   3610.7
103   8   -354.0   398.6   3760.7
103   9   -352.2   234.3   3764.6
103   10   -429.4   171.3   3747.7
103   11   -447.0   -172.9   3750.3
103   12   -401.5   -460.6   3827.1
103   13   -273.0   170.9   3760.5
103   14   -284.5   -173.2   3778.9
103   15   -296.8   -467.1   3844.4
103   16   -489.0   520.6   3565.6
103   17   168.1   625.1   3622.8
103   18   -354.6   653.8   3670.3
104   0   -355.3   747.6   3664.9
104   1   -354.5   592.3   3694.9
104   2   -484.3   574.0   3674.6
104   3   -682.2   547.9   3593.2
104   4   -450.8   515.4   3560.2
104   5   -225.3   576.6   3696.4
104   6   -10.1   572.3   3683.2
104   7   203.9   637.2   3609.1
104   8   -354.0   397.2   3761.2
104   9   -352.2   232.8   3764.7
104   10   -429.6   171.3   3746.9
104   11   -448.5   -173.2   3748.9
104   12   -402.0   -460.6   3827.2
104   13   -272.9   170.8   3759.6
104   14   -284.6   -173.6   3778.2
104   15   -296.9   -467.6   3844.5
104   16   -489.4   520.8   3565.7
104   17   168.3   626.4   3621.5
104   18   -354.6   653.8   3674.0
105   0   -355.4   747.7   3668.0
105   1   -354.5   592.1   3697.5
105   2   -484.5   573.9   3675.1
105   3   -682.3   548.0   3593.2
105   4   -450.9   515.5   3560.4
105   5   -224.6   576.3   3696.6
105   6   -9.5   572.3   3683.7
105   7   202.2   640.1   3605.1
105   8   -354.0   396.1   3761.6
105   9   -352.2   231.5   3764.7
105   10   -429.8   171.4   3746.1
105   11   -449.1   -173.3   3748.4
105   12   -402.2   -460.7   3828.0
105   13   -272.8   170.6   3758.5
105   14   -284.7   -174.0   3777.6
105   15   -297.0   -468.0   3844.7
105   16   -489.5   520.9   3565.9
105   17   166.9   628.8   3618.2
105   18   -354.6   653.8   3677.3
106   0   -355.4   747.8   3670.6
106   1   -354.5   592.0   3698.9
106   2   -484.7   573.8   3675.6
106   3   -682.3   548.0   3593.2
106   4   -451.0   515.5   3560.4
106   5   -224.3   576.1   3696.7
106   6   -9.1   572.4   3684.4
106   7   200.5   641.7   3601.4
106   8   -354.0   395.5   3761.9
106   9   -352.2   230.7   3764.7
106   10   -430.0   171.5   3745.2
106   11   -449.4   -173.5   3748.3
106   12   -402.2   -460.7   3829.0
106   13   -272.6   170.5   3757.1
106   14   -284.7   -174.2   3777.1
106   15   -297.1   -468.3   3844.9
106   16   -489.5   520.9   3565.9
106   17   165.6   630.2   3615.2
106   18   -354.6   653.8   3679.1
107   0   -355.4   748.0   3672.2
107   1   -354.5   591.9   3699.5
107   2   -484.8   573.7   3675.9
107   3   -682.3   548.1   3593.4
107   4   -451.0   515.5   3560.4
107   5   -224.1   575.9   3696.7
107   6   -8.8   572.4   3685.2
107   7   199.2   642.5   3598.7
107   8   -354.0   395.4   3762.0
107   9   -352.3   230.3   3764.7
107   10   -430.1   171.7   3744.4
107   11   -449.4   -173.4   3748.3
107   12   -402.1   -460.8   3829.3
107   13   -272.6   170.4   3756.4
107   14   -284.8   -174.5   3776.4
107   15   -297.3   -468.6   3845.0
107   16   -489.6   520.9   3565.9
107   17   164.5   630.8   3613.1
107   18   -354.6   653.8   3679.8
108   0   -355.4   748.1   3673.4
108   1   -354.5   591.9   3699.6
108   2   -484.9   573.7   3676.4
108   3   -682.4   548.2   3593.7
108   4   -451.1   515.5   3560.4
108   5   -224.0   575.8   3696.7
108   6   -8.7   572.3   3686.8
108   7   201.9   638.2   3603.2
108   8   -354.0   395.4   3762.0
108   9   -352.4   230.0   3764.6
108   10   -430.4   171.9   3744.6
108   11   -449.4   -173.4   3748.4
108   12   -401.9   -461.0   3829.5
108   13   -272.7   170.4   3756.2
108   14   -284.9   -174.7   3775.5
108   15   -297.7   -468.8   3845.1
108   16   -489.6   520.9   3565.9
108   17   166.8   627.2   3617.1
108   18   -354.6   653.8   3680.0
109   0   -355.4   748.2   3674.3
109   1   -354.5   591.9   3699.6
109   2   -485.0   573.6   3676.9
109   3   -682.3   548.3   3593.8
109   4   -451.0   515.4   3560.4
109   5   -223.9   575.8   3696.7
109   6   -8.5   572.2   3687.4
109   7   201.4   638.6   3602.5
109   8   -354.0   395.4   3762.0
109   9   -352.5   229.8   3764.6
109   10   -430.8   172.1   3745.3
109   11   -449.4   -173.4   3748.5
109   12   -401.8   -461.2   3829.8
109   13   -272.8   170.4   3756.2
109   14   -284.9   -174.8   3775.5
109   15   -298.7   -469.0   3845.5
109   16   -489.6   520.9   3566.0
109   17   166.4   627.5   3616.7
109   18   -354.6   653.8   3680.0
110   0   -356.1   748.2   3674.7
110   1   -354.6   591.9   3699.6
110   2   -485.3   573.8   3678.6
110   3   -682.0   548.3   3594.1
110   4   -450.7   515.1   3560.4
110   5   -223.9   575.6   3696.7
110   6   -8.6   572.1   3687.4
110   7   199.8   641.0   3600.5
110   8   -354.6   395.6   3761.9
110   9   -353.8   229.6   3764.2
110   10   -432.3   171.8   3745.4
110   11   -449.4   -174.0   3748.6
110   12   -401.7   -461.8   3830.1
110   13   -273.9   170.8   3756.4
110   14   -285.0   -174.7   3776.1
110   15   -300.2   -469.0   3846.0
110   16   -489.3   520.6   3566.0
110   17   165.0   629.5   3615.0
110   18   -354.6   653.8   3679.9
111   0   -357.2   748.2   3674.8
111   1   -354.8   591.9   3699.5
111   2   -485.4   573.9   3679.9
111   3   -681.6   548.5   3594.4
111   4   -450.5   514.4   3560.5
111   5   -224.1   575.4   3696.6
111   6   -8.7   572.0   3687.4
111   7   203.2   636.7   3606.3
111   8   -355.6   395.7   3761.9
111   9   -356.0   229.4   3763.7
111   10   -434.5   170.9   3745.1
111   11   -449.4   -175.6   3748.6
111   12   -401.6   -462.6   3830.3
111   13   -275.7   171.3   3756.5
111   14   -285.0   -174.8   3777.2
111   15   -300.9   -468.6   3846.0
111   16   -489.0   520.1   3566.1
111   17   167.9   625.9   3619.8
111   18   -354.6   653.7   3679.8
112   0   -358.5   748.2   3674.7
112   1   -355.1   591.9   3699.5
112   2   -485.4   574.0   3680.4
112   3   -681.6   548.6   3594.7
112   4   -450.5   514.1   3560.4
112   5   -224.3   575.1   3696.5
112   6   -8.9   571.9   3687.3
112   7   205.2   634.0   3609.9
112   8   -356.7   395.8   3762.0
112   9   -359.0   229.2   3763.1
112   10   -437.3   169.6   3744.5
112   11   -449.5   -177.5   3749.1
112   12   -401.6   -463.5   3830.7
112   13   -277.9   171.9   3756.7
112   14   -284.9   -174.7   3777.7
112   15   -300.8   -467.7   3845.9
112   16   -489.0   519.9   3566.1
112   17   169.5   623.6   3622.8
112   18   -354.6   653.7   3679.7
113   0   -359.8   748.1   3674.6
113   1   -355.4   591.9   3699.4
113   2   -485.3   574.1   3680.6
113   3   -681.6   548.7   3595.0
113   4   -450.6   514.0   3560.4
113   5   -224.5   574.9   3696.5
113   6   -9.1   571.7   3687.3
113   7   206.9   632.9   3614.2
113   8   -357.9   395.9   3762.0
113   9   -361.4   229.0   3762.5
113   10   -439.7   168.4   3744.0
113   11   -449.7   -179.2   3749.5
113   12   -401.6   -463.9   3831.9
113   13   -279.6   172.4   3756.8
113   14   -284.9   -174.8   3777.9
113   15   -300.7   -466.7   3845.8
113   16   -489.1   519.7   3566.1
113   17   170.9   622.7   3626.4
113   18   -354.6   653.7   3679.7
114   0   -360.8   748.0   3674.4
114   1   -355.7   591.9   3699.4
114   2   -485.3   574.2   3680.8
114   3   -681.8   548.8   3595.3
114   4   -450.9   513.8   3560.5
114   5   -224.6   574.9   3696.5
114   6   -9.0   571.4   3687.2
114   7   208.5   632.9   3618.9
114   8   -359.1   396.0   3762.0
114   9   -363.0   228.8   3762.2
114   10   -441.4   167.5   3743.6
114   11   -449.8   -177.6   3750.3
114   12   -402.3   -460.6   3831.4
114   13   -280.6   172.4   3756.8
114   14   -284.9   -172.1   3778.6
114   15   -300.5   -462.4   3844.9
114   16   -489.4   519.6   3566.3
114   17   172.2   622.6   3630.3
114   18   -354.6   653.7   3679.7
115   0   -361.6   748.0   3674.4
115   1   -356.0   591.8   3699.4
115   2   -485.2   574.3   3680.9
115   3   -682.2   549.0   3595.7
115   4   -451.4   513.6   3560.6
115   5   -224.7   574.9   3696.6
115   6   -8.8   571.1   3687.2
115   7   205.8   637.6   3615.0
115   8   -360.3   396.1   3762.0
115   9   -363.9   228.7   3762.0
115   10   -442.5   166.8   3743.4
115   11   -436.8   -173.1   3768.9
115   12   -402.2   -461.5   3831.9
115   13   -281.2   172.1   3756.9
115   14   -284.8   -168.7   3779.7
115   15   -300.2   -459.1   3844.4
115   16   -489.9   519.5   3566.4
115   17   170.0   626.6   3627.1
115   18   -354.6   653.7   3679.7
116   0   -362.2   747.9   3674.3
116   1   -356.1   591.8   3699.4
116   2   -485.2   574.3   3681.0
116   3   -682.6   549.0   3596.1
116   4   -451.8   513.5   3560.6
116   5   -224.8   574.9   3696.6
116   6   -8.7   570.7   3687.1
116   7   205.8   637.4   3614.3
116   8   -361.0   396.2   3762.0
116   9   -364.4   228.5   3762.0
116   10   -443.2   166.3   3743.2
116   11   -442.9   -170.6   3762.2
116   12   -403.3   -455.9   3830.3
116   13   -281.2   171.8   3757.0
116   14   -284.8   -165.2   3781.1
116   15   -300.0   -454.6   3843.8
116   16   -490.3   519.4   3566.5
116   17   170.1   626.2   3626.4
116   18   -354.6   653.7   3679.7
117   0   -362.6   747.9   3674.3
117   1   -356.2   591.8   3699.4
117   2   -485.1   574.4   3681.1
117   3   -682.8   549.0   3596.2
117   4   -452.0   513.4   3560.8
117   5   -224.8   574.9   3696.5
117   6   -8.5   570.1   3687.2
117   7   206.8   634.3   3614.6
117   8   -361.4   396.3   3762.0
117   9   -364.6   228.3   3761.9
117   10   -443.7   166.0   3743.1
117   11   -446.8   -168.0   3759.3
117   12   -404.3   -450.9   3828.8
117   13   -281.0   171.6   3757.0
117   14   -284.8   -162.0   3783.5
117   15   -299.7   -450.1   3842.8
117   16   -490.5   519.4   3566.7
117   17   171.0   623.6   3626.7
117   18   -354.6   653.7   3679.7
118   0   -362.8   747.8   3674.3
118   1   -356.3   591.8   3699.5
118   2   -485.1   574.4   3681.2
118   3   -683.0   549.0   3596.5
118   4   -452.2   513.3   3561.0
118   5   -224.9   575.0   3696.5
118   6   -8.4   569.3   3687.5
118   7   200.2   640.0   3603.4
118   8   -361.5   396.3   3762.0
118   9   -364.7   228.2   3761.8
118   10   -444.0   165.8   3743.1
118   11   -448.9   -165.8   3757.9
118   12   -405.6   -447.0   3827.0
118   13   -280.8   171.4   3757.1
118   14   -284.8   -159.4   3785.6
118   15   -299.4   -446.5   3841.9
118   16   -490.7   519.3   3566.9
118   17   165.5   628.2   3617.4
118   18   -354.6   653.6   3679.7
119   0   -363.0   747.8   3674.3
119   1   -356.3   591.8   3699.5
119   2   -485.1   574.5   3681.2
119   3   -683.2   548.9   3596.9
119   4   -452.2   512.9   3561.2
119   5   -224.9   575.0   3696.5
119   6   -8.3   568.4   3687.9
119   7   204.7   631.7   3608.2
119   8   -361.6   396.3   3762.0
119   9   -364.7   228.0   3761.8
119   10   -444.2   165.5   3743.1
119   11   -450.1   -164.0   3757.7
119   12   -405.9   -445.7   3826.8
119   13   -280.5   171.1   3757.2
119   14   -284.7   -157.3   3788.3
119   15   -299.0   -445.3   3842.1
119   16   -490.7   518.9   3567.2
119   17   169.2   621.2   3621.5
119   18   -354.6   653.6   3679.7
120   0   -363.1   747.8   3674.3
120   1   -356.3   591.8   3699.5
120   2   -485.1   574.5   3681.2
120   3   -683.4   548.9   3597.4
120   4   -452.2   512.0   3561.2
120   5   -224.9   575.1   3696.5
120   6   -8.3   567.1   3688.6
120   7   201.1   631.4   3599.2
120   8   -361.6   396.3   3762.0
120   9   -364.6   227.9   3761.7
120   10   -444.4   165.1   3743.1
120   11   -450.9   -162.8   3757.3
120   12   -406.0   -445.5   3827.0
120   13   -280.3   170.8   3757.2
120   14   -284.7   -156.2   3786.0
120   15   -298.5   -445.1   3842.1
120   16   -490.7   518.1   3567.3
120   17   166.2   620.7   3614.1
120   18   -354.6   653.6   3679.7
121   0   -363.1   747.8   3674.3
121   1   -356.3   591.7   3699.5
121   2   -485.1   574.6   3681.2
121   3   -683.6   548.9   3597.7
121   4   -452.3   509.8   3561.2
121   5   -224.9   575.1   3696.5
121   6   -8.4   565.5   3689.1
121   7   207.0   620.7   3607.2
121   8   -361.6   396.2   3762.0
121   9   -364.6   227.7   3761.5
121   10   -444.6   164.7   3743.1
121   11   -451.4   -161.9   3757.2
121   12   -406.0   -446.1   3827.2
121   13   -280.2   170.3   3757.2
121   14   -284.7   -155.8   3780.5
121   15   -298.0   -445.0   3842.6
121   16   -490.8   516.3   3567.3
121   17   171.1   611.5   3620.9
121   18   -354.6   653.6   3679.7
122   0   -363.2   747.4   3674.3
122   1   -356.3   591.4   3699.5
122   2   -485.2   574.5   3681.2
122   3   -683.8   548.8   3597.8
122   4   -452.5   507.2   3561.2
122   5   -224.8   575.0   3696.5
122   6   -8.3   563.2   3689.9
122   7   205.9   616.9   3602.3
122   8   -361.6   396.2   3762.0
122   9   -364.6   227.5   3761.4
122   10   -444.6   164.0   3743.1
122   11   -451.7   -161.6   3756.4
122   12   -406.5   -446.1   3824.6
122   13   -280.2   169.5   3757.2
122   14   -284.8   -155.7   3779.0
122   15   -296.7   -444.7   3841.9
122   16   -491.0   514.2   3567.3
122   17   170.2   608.0   3616.9
122   18   -354.6   653.2   3679.7
123   0   -363.3   746.7   3674.3
123   1   -356.3   590.7   3699.5
123   2   -485.4   574.4   3681.2
123   3   -684.2   548.7   3597.8
123   4   -452.6   505.9   3561.1
123   5   -224.7   574.7   3696.5
123   6   -8.2   559.9   3691.2
123   7   202.5   615.4   3595.3
123   8   -361.5   396.2   3762.0
123   9   -364.6   227.5   3761.2
123   10   -444.8   163.6   3743.0
123   11   -451.7   -161.3   3754.9
123   12   -406.8   -445.4   3821.3
123   13   -280.0   169.0   3757.2
123   14   -284.8   -155.5   3778.0
123   15   -296.1   -443.5   3841.8
123   16   -491.2   513.0   3567.2
123   17   167.4   606.1   3611.2
123   18   -354.6   652.5   3679.7
124   0   -363.3   744.8   3674.4
124   1   -356.3   589.9   3699.6
124   2   -485.8   574.3   3681.2
124   3   -684.6   548.5   3597.8
124   4   -452.7   505.6   3561.1
124   5   -224.6   574.1   3696.5
124   6   -8.3   556.0   3692.4
124   7   198.6   616.2   3590.1
124   8   -361.5   396.6   3761.8
124   9   -364.6   227.8   3760.9
124   10   -445.0   163.3   3743.0
124   11   -451.7   -161.1   3754.3
124   12   -407.1   -444.3   3818.7
124   13   -279.8   168.7   3757.2
124   14   -284.8   -155.3   3777.4
124   15   -295.8   -441.8   3841.5
124   16   -491.3   512.7   3567.2
124   17   164.1   606.1   3607.1
124   18   -354.6   651.7   3679.7
125   0   -363.2   742.6   3674.6
125   1   -356.3   588.9   3699.6
125   2   -486.1   574.1   3681.2
125   3   -685.1   548.4   3597.7
125   4   -452.8   505.8   3561.1
125   5   -224.6   573.3   3696.5
125   6   -8.3   553.2   3693.9
125   7   197.7   615.9   3590.4
125   8   -361.5   397.2   3761.6
125   9   -364.6   228.2   3760.7
125   10   -445.2   162.9   3742.9
125   11   -451.6   -160.9   3754.2
125   12   -407.4   -442.4   3818.8
125   13   -279.7   168.4   3757.2
125   14   -284.9   -155.0   3777.8
125   15   -295.6   -440.1   3841.2
125   16   -491.5   512.9   3567.2
125   17   163.3   605.5   3607.6
125   18   -354.6   650.7   3679.7
126   0   -363.0   740.5   3674.7
126   1   -356.3   587.9   3699.7
126   2   -486.5   573.8   3681.2
126   3   -685.6   548.2   3597.7
126   4   -453.1   506.4   3561.0
126   5   -224.7   572.4   3696.5
126   6   -8.2   551.6   3695.4
126   7   195.5   616.6   3588.5
126   8   -361.5   397.8   3761.4
126   9   -364.6   228.7   3760.4
126   10   -445.3   162.4   3742.9
126   11   -451.6   -161.0   3754.6
126   12   -407.7   -440.4   3822.4
126   13   -279.5   168.0   3757.2
126   14   -285.0   -155.0   3779.2
126   15   -295.6   -438.9   3840.9
126   16   -491.8   513.4   3567.1
126   17   161.6   605.8   3606.3
126   18   -354.6   649.7   3679.7
127   0   -362.8   738.7   3674.8
127   1   -356.3   586.9   3699.8
127   2   -486.9   573.6   3681.2
127   3   -686.2   548.0   3597.6
127   4   -453.4   506.7   3561.1
127   5   -224.7   571.4   3696.5
127   6   -8.0   551.2   3697.1
127   7   192.3   617.2   3584.2
127   8   -361.5   398.2   3761.2
127   9   -364.5   229.0   3760.2
127   10   -445.3   161.6   3742.9
127   11   -451.6   -161.6   3755.3
127   12   -407.8   -437.8   3830.4
127   13   -279.4   167.4   3757.1
127   14   -285.1   -155.1   3781.2
127   15   -295.6   -438.3   3840.9
127   16   -492.2   513.6   3567.2
127   17   158.9   606.2   3603.0
127   18   -354.6   648.7   3679.7
128   0   -362.7   737.2   3674.8
128   1   -356.3   585.9   3699.8
128   2   -487.2   573.4   3681.2
128   3   -686.8   547.9   3597.5
128   4   -453.7   506.7   3561.2
128   5   -224.8   570.3   3696.5
128   6   -7.8   551.2   3697.4
128   7   190.4   617.1   3580.2
128   8   -361.5   398.5   3761.1
128   9   -364.5   229.0   3760.0
128   10   -445.2   160.6   3742.9
128   11   -451.6   -162.2   3755.4
128   12   -407.1   -437.3   3829.6
128   13   -279.2   166.8   3757.1
128   14   -285.3   -155.3   3782.0
128   15   -295.6   -437.4   3840.8
128   16   -492.6   513.6   3567.2
128   17   157.4   606.1   3599.8
128   18   -354.6   647.6   3679.7
129   0   -362.6   736.0   3674.9
129   1   -356.3   585.0   3699.9
129   2   -487.6   573.1   3681.2
129   3   -687.3   547.8   3597.4
129   4   -454.0   506.6   3561.3
129   5   -224.9   569.3   3696.5
129   6   -7.5   551.4   3697.4
129   7   190.0   617.1   3578.4
129   8   -361.5   398.6   3761.0
129   9   -364.5   228.8   3759.9
129   10   -445.1   159.5   3742.9
129   11   -451.7   -166.6   3755.7
129   12   -406.4   -439.7   3831.1
129   13   -279.1   166.1   3757.1
129   14   -285.6   -159.3   3782.5
129   15   -295.8   -439.9   3841.4
129   16   -492.9   513.5   3567.3
129   17   157.0   606.1   3598.2
129   18   -354.6   646.6   3679.7
130   0   -362.6   735.0   3674.9
130   1   -356.3   584.0   3700.0
130   2   -488.0   572.9   3681.2
130   3   -687.9   547.8   3597.2
130   4   -454.3   506.6   3561.4
130   5   -224.9   568.3   3696.5
130   6   -7.3   551.6   3696.9
130   7   190.2   617.1   3577.6
130   8   -361.5   398.5   3761.0
130   9   -364.5   228.4   3759.8
130   10   -445.0   158.4   3743.0
130   11   -451.8   -171.9   3756.0
130   12   -405.9   -443.5   3833.0
130   13   -279.2   165.1   3757.1
130   14   -286.1   -164.5   3782.5
130   15   -296.1   -444.0   3842.3
130   16   -493.2   513.5   3567.4
130   17   157.3   606.2   3597.5
130   18   -354.6   645.6   3679.7
131   0   -362.5   734.5   3675.0
131   1   -356.3   583.3   3700.0
131   2   -488.2   572.7   3681.2
131   3   -688.2   547.9   3597.0
131   4   -454.4   506.7   3561.5
131   5   -225.0   567.6   3696.5
131   6   -7.1   551.8   3695.5
131   7   191.4   617.4   3577.6
131   8   -361.5   398.5   3761.0
131   9   -364.5   228.0   3759.8
131   10   -444.6   157.0   3743.0
131   11   -451.9   -177.3   3756.2
131   12   -406.1   -448.6   3832.7
131   13   -279.3   163.9   3757.1
131   14   -286.3   -169.6   3782.3
131   15   -296.3   -448.5   3843.1
131   16   -493.4   513.5   3567.4
131   17   158.3   606.5   3597.3
131   18   -354.6   644.9   3679.7
132   0   -362.5   734.2   3675.0
132   1   -356.3   582.8   3700.0
132   2   -488.4   572.5   3681.2
132   3   -688.5   547.9   3596.9
132   4   -454.5   506.8   3561.6
132   5   -225.2   566.7   3696.5
132   6   -7.2   552.1   3693.9
132   7   194.0   616.7   3579.7
132   8   -361.5   398.5   3760.9
132   9   -364.5   227.6   3759.8
132   10   -444.7   156.2   3743.1
132   11   -451.9   -181.4   3756.3
132   12   -406.3   -453.2   3830.4
132   13   -279.2   163.2   3757.1
132   14   -286.4   -173.7   3782.3
132   15   -296.3   -452.3   3843.7
132   16   -493.5   513.7   3567.5
132   17   160.5   606.0   3598.8
132   18   -354.6   644.4   3679.7
133   0   -362.5   734.2   3675.0
133   1   -356.3   582.5   3700.0
133   2   -488.5   572.4   3681.2
133   3   -688.7   547.9   3596.8
133   4   -454.7   507.0   3561.5
133   5   -225.5   565.8   3696.4
133   6   -7.3   552.4   3691.6
133   7   199.4   613.4   3586.2
133   8   -361.5   398.6   3760.8
133   9   -364.5   229.0   3759.8
133   10   -445.1   156.0   3743.0
133   11   -452.0   -184.3   3756.4
133   12   -406.0   -455.7   3832.2
133   13   -278.8   163.1   3757.1
133   14   -286.5   -176.5   3782.3
133   15   -296.1   -455.1   3844.1
133   16   -493.7   513.8   3567.4
133   17   165.0   603.2   3603.8
133   18   -354.6   644.1   3679.7
134   0   -362.5   734.2   3674.4
134   1   -356.3   582.4   3699.7
134   2   -488.6   572.3   3681.2
134   3   -688.9   547.8   3596.7
134   4   -455.2   507.2   3561.4
134   5   -225.7   565.3   3696.3
134   6   -7.4   552.6   3689.4
134   7   204.5   609.9   3593.5
134   8   -361.5   398.8   3760.7
134   9   -364.4   231.2   3759.8
134   10   -445.5   156.0   3742.9
134   11   -452.1   -186.4   3756.4
134   12   -405.7   -457.2   3834.3
134   13   -278.3   163.4   3757.1
134   14   -286.5   -178.3   3782.4
134   15   -296.0   -456.9   3844.7
134   16   -494.2   514.0   3567.3
134   17   169.2   600.3   3609.5
134   18   -354.6   644.0   3679.2
135   0   -362.5   734.3   3673.5
135   1   -356.3   582.4   3699.0
135   2   -488.6   572.2   3681.1
135   3   -688.9   547.8   3596.4
135   4   -455.7   507.3   3561.4
135   5   -225.7   565.3   3696.1
135   6   -7.4   552.6   3689.2
135   7   200.1   613.6   3587.4
135   8   -361.5   399.1   3760.5
135   9   -364.4   233.5   3759.8
135   10   -445.8   156.0   3742.8
135   11   -452.1   -188.1   3756.4
135   12   -405.5   -461.1   3825.9
135   13   -278.1   163.3   3757.1
135   14   -286.6   -180.1   3782.5
135   15   -295.8   -458.6   3845.2
135   16   -494.5   514.0   3567.2
135   17   165.6   603.4   3604.4
135   18   -354.6   643.9   3678.4
136   0   -362.5   734.3   3672.6
136   1   -356.3   582.4   3698.3
136   2   -488.6   572.1   3681.0
136   3   -688.7   547.7   3596.1
136   4   -456.0   507.2   3561.5
136   5   -225.6   565.6   3695.9
136   6   -7.3   552.6   3689.1
136   7   202.4   611.1   3591.6
136   8   -361.5   399.4   3760.3
136   9   -364.3   235.5   3759.7
136   10   -446.1   155.9   3742.8
136   11   -452.1   -189.5   3756.5
136   12   -405.2   -463.8   3820.6
136   13   -278.1   162.9   3757.1
136   14   -286.7   -181.8   3782.8
136   15   -295.8   -460.4   3845.6
136   16   -494.7   514.0   3567.2
136   17   167.5   601.4   3607.8
136   18   -354.6   643.9   3677.5
137   0   -362.6   734.4   3671.6
137   1   -356.3   582.4   3697.5
137   2   -488.6   572.0   3680.9
137   3   -688.6   547.6   3596.0
137   4   -456.2   507.3   3561.6
137   5   -225.4   566.0   3695.6
137   6   -7.2   552.5   3689.0
137   7   204.7   608.5   3595.9
137   8   -361.4   399.7   3759.8
137   9   -364.3   237.2   3759.7
137   10   -446.2   155.8   3742.7
137   11   -452.1   -190.9   3757.4
137   12   -404.8   -467.8   3818.8
137   13   -278.3   162.0   3757.1
137   14   -286.8   -184.0   3783.3
137   15   -296.0   -464.4   3846.5
137   16   -495.0   514.0   3567.3
137   17   169.4   599.1   3611.4
137   18   -354.6   643.9   3676.5
138   0   -362.6   734.5   3670.9
138   1   -356.3   582.5   3696.5
138   2   -488.5   572.0   3680.8
138   3   -688.4   547.5   3595.9
138   4   -456.5   507.3   3561.6
138   5   -225.2   566.5   3695.1
138   6   -7.2   552.4   3689.0
138   7   204.5   608.2   3595.9
138   8   -361.4   399.8   3759.3
138   9   -364.3   238.4   3759.6
138   10   -446.4   155.7   3742.7
138   11   -452.0   -188.7   3759.4
138   12   -405.0   -468.8   3817.8
138   13   -278.4   161.4   3757.1
138   14   -286.8   -182.3   3783.4
138   15   -296.0   -465.2   3846.7
138   16   -495.1   514.0   3567.3
138   17   169.2   598.9   3611.4
138   18   -354.6   643.9   3675.5
139   0   -362.6   734.6   3670.4
139   1   -356.3   582.6   3695.6
139   2   -488.4   572.0   3680.6
139   3   -688.3   547.5   3595.9
139   4   -456.7   507.4   3561.6
139   5   -225.0   567.0   3694.6
139   6   -7.1   552.3   3688.9
139   7   199.8   612.1   3589.1
139   8   -361.4   399.8   3758.7
139   9   -364.3   239.3   3759.5
139   10   -446.4   155.7   3742.7
139   11   -452.0   -185.2   3760.0
139   12   -405.9   -465.6   3817.2
139   13   -278.5   161.2   3757.1
139   14   -287.1   -178.9   3784.6
139   15   -295.9   -462.1   3846.0
139   16   -495.3   514.0   3567.3
139   17   165.4   602.1   3605.7
139   18   -354.6   643.9   3674.5
140   0   -362.6   734.6   3669.9
140   1   -356.3   582.6   3694.8
140   2   -488.3   572.0   3680.5
140   3   -688.1   547.3   3595.9
140   4   -456.8   507.4   3561.6
140   5   -224.8   567.6   3694.1
140   6   -7.1   552.2   3688.9
140   7   201.5   610.0   3592.2
140   8   -361.4   399.7   3758.2
140   9   -364.3   239.9   3759.4
140   10   -446.6   155.8   3742.7
140   11   -452.0   -184.5   3759.9
140   12   -406.8   -464.1   3817.1
140   13   -278.4   161.2   3757.1
140   14   -287.3   -178.3   3785.5
140   15   -295.9   -460.8   3845.7
140   16   -495.4   514.0   3567.3
140   17   166.7   600.3   3608.3
140   18   -354.6   643.9   3673.5
141   0   -362.6   734.6   3669.4
141   1   -356.3   582.7   3693.9
141   2   -488.2   572.1   3680.3
141   3   -687.7   547.2   3595.7
141   4   -456.5   507.5   3561.8
141   5   -224.7   568.0   3693.6
141   6   -7.3   552.1   3689.1
141   7   202.4   608.4   3594.2
141   8   -361.4   399.5   3757.6
141   9   -364.2   240.3   3759.3
141   10   -446.8   156.1   3742.7
141   11   -452.1   -184.7   3758.9
141   12   -407.7   -463.6   3817.5
141   13   -278.4   161.3   3757.2
141   14   -287.4   -178.6   3786.1
141   15   -296.1   -460.7   3845.6
141   16   -495.1   514.2   3567.4
141   17   167.5   599.0   3610.0
141   18   -354.6   644.0   3672.6
142   0   -362.6   734.6   3668.8
142   1   -356.3   582.7   3693.0
142   2   -488.1   572.2   3679.9
142   3   -687.4   547.0   3595.7
142   4   -455.8   507.5   3562.0
142   5   -224.6   568.5   3693.1
142   6   -7.5   552.0   3689.2
142   7   203.1   607.6   3595.1
142   8   -361.5   399.2   3757.1
142   9   -364.2   240.4   3759.2
142   10   -447.0   156.5   3742.6
142   11   -452.3   -184.3   3756.6
142   12   -408.0   -463.4   3817.8
142   13   -278.2   161.5   3757.2
142   14   -287.6   -178.2   3786.2
142   15   -296.3   -461.2   3845.6
142   16   -494.4   514.1   3567.6
142   17   168.0   598.4   3610.8
142   18   -354.6   644.0   3671.6
143   0   -362.6   734.6   3668.3
143   1   -356.3   582.8   3692.1
143   2   -488.0   572.2   3679.3
143   3   -687.1   546.8   3595.7
143   4   -454.4   507.1   3562.3
143   5   -224.7   568.7   3692.6
143   6   -7.9   552.0   3689.3
143   7   203.4   607.1   3593.6
143   8   -361.5   398.9   3756.5
143   9   -364.2   240.4   3759.1
143   10   -447.3   157.3   3742.5
143   11   -452.4   -183.1   3753.8
143   12   -407.8   -463.4   3818.6
143   13   -278.1   162.0   3757.2
143   14   -287.6   -177.2   3785.8
143   15   -296.3   -462.0   3845.8
143   16   -493.2   513.7   3567.9
143   17   168.1   597.9   3609.5
143   18   -354.6   644.0   3670.6
144   0   -362.6   734.6   3667.9
144   1   -356.3   582.8   3691.5
144   2   -487.9   572.2   3678.8
144   3   -686.8   546.6   3595.6
144   4   -452.8   505.5   3562.5
144   5   -224.8   568.8   3692.2
144   6   -8.3   552.1   3688.9
144   7   204.1   606.9   3591.8
144   8   -361.5   398.5   3756.2
144   9   -364.3   240.3   3759.0
144   10   -447.4   157.6   3742.5
144   11   -452.3   -183.3   3752.5
144   12   -407.3   -463.3   3819.6
144   13   -278.1   162.3   3757.2
144   14   -287.2   -177.6   3785.1
144   15   -296.2   -462.5   3845.9
144   16   -491.8   512.3   3568.0
144   17   168.7   597.8   3608.0
144   18   -354.6   644.1   3670.0
145   0   -362.5   734.5   3667.5
145   1   -356.3   582.9   3691.1
145   2   -487.9   572.3   3678.1
145   3   -686.7   546.4   3595.6
145   4   -451.2   503.5   3562.5
145   5   -224.9   568.9   3692.0
145   6   -8.7   552.1   3688.7
145   7   204.7   607.9   3590.1
145   8   -361.5   398.0   3756.1
145   9   -364.3   240.0   3759.0
145   10   -447.4   157.9   3742.5
145   11   -452.3   -183.2   3752.0
145   12   -406.7   -463.3   3820.7
145   13   -278.1   162.4   3757.2
145   14   -287.4   -176.5   3794.4
145   15   -295.9   -463.6   3846.2
145   16   -490.5   510.7   3568.0
145   17   169.1   598.6   3606.6
145   18   -354.6   644.1   3669.6
146   0   -362.5   734.5   3666.8
146   1   -356.3   582.9   3690.9
146   2   -487.9   572.3   3677.4
146   3   -686.6   546.1   3595.6
146   4   -450.2   502.5   3561.7
146   5   -224.9   568.9   3691.8
146   6   -9.1   552.2   3688.5
146   7   205.1   608.3   3589.0
146   8   -361.5   397.6   3756.1
146   9   -364.3   239.7   3759.0
146   10   -447.4   158.1   3742.5
146   11   -452.3   -182.8   3751.6
146   12   -406.1   -462.7   3824.4
146   13   -278.1   162.6   3757.1
146   14   -287.5   -175.6   3799.4
146   15   -295.8   -464.5   3846.4
146   16   -489.6   509.8   3567.4
146   17   169.4   599.0   3605.6
146   18   -354.6   644.1   3669.3
147   0   -362.5   734.4   3666.1
147   1   -356.3   583.0   3690.7
147   2   -487.8   572.3   3676.7
147   3   -686.5   545.9   3595.2
147   4   -450.0   502.3   3560.6
147   5   -225.0   568.9   3691.7
147   6   -9.3   552.2   3688.5
147   7   204.0   609.3   3587.3
147   8   -361.5   397.0   3756.2
147   9   -364.3   239.3   3759.0
147   10   -447.4   158.2   3742.5
147   11   -452.2   -182.9   3751.4
147   12   -405.0   -462.6   3826.0
147   13   -278.2   162.7   3757.1
147   14   -287.5   -175.4   3801.8
147   15   -295.7   -465.2   3846.5
147   16   -489.4   509.6   3566.3
147   17   168.5   599.7   3604.1
147   18   -354.6   644.2   3669.2
148   0   -362.5   734.4   3665.5
148   1   -356.3   583.0   3690.6
148   2   -487.8   572.3   3675.9
148   3   -686.5   545.6   3595.0
148   4   -450.0   502.4   3559.8
148   5   -225.1   568.9   3691.6
148   6   -9.5   552.2   3688.5
148   7   200.8   611.9   3582.6
148   8   -361.5   396.5   3756.3
148   9   -364.3   238.9   3759.0
148   10   -447.3   158.1   3742.6
148   11   -452.2   -184.1   3751.6
148   12   -403.6   -462.6   3827.0
148   13   -278.2   162.8   3757.1
148   14   -287.6   -176.4   3802.8
148   15   -295.7   -465.6   3846.6
148   16   -489.4   509.6   3565.6
148   17   165.7   601.9   3600.3
148   18   -354.6   644.2   3669.0
149   0   -362.5   734.4   3665.2
149   1   -356.3   583.1   3690.5
149   2   -487.8   572.3   3675.2
149   3   -686.5   545.3   3594.8
149   4   -449.2   502.4   3559.3
149   5   -225.1   568.9   3691.4
149   6   -9.7   552.2   3688.5
149   7   197.9   614.9   3577.3
149   8   -361.5   396.0   3756.5
149   9   -364.3   238.4   3759.0
149   10   -447.1   157.9   3742.6
149   11   -452.0   -182.6   3751.8
149   12   -402.2   -461.7   3827.2
149   13   -278.3   162.8   3757.0
149   14   -287.1   -175.7   3794.3
149   15   -295.7   -464.2   3846.0
149   16   -488.8   509.5   3565.2
149   17   163.3   604.4   3595.9
149   18   -354.6   644.3   3668.9
150   0   -362.4   734.3   3665.0
150   1   -356.3   583.1   3690.4
150   2   -487.8   572.3   3674.5
150   3   -686.6   544.9   3594.7
150   4   -449.6   501.7   3557.8
150   5   -225.1   569.0   3691.2
150   6   -9.8   552.2   3688.5
150   7   202.5   611.0   3584.6
150   8   -361.6   395.5   3756.6
150   9   -364.3   238.1   3759.1
150   10   -447.0   157.7   3742.6
150   11   -452.0   -182.9   3752.1
150   12   -401.2   -463.1   3828.0
150   13   -278.3   162.7   3756.9
150   14   -286.9   -176.2   3790.7
150   15   -295.7   -465.4   3846.4
150   16   -489.1   508.9   3564.0
150   17   167.1   601.2   3601.9
150   18   -354.6   644.3   3668.8
151   0   -362.4   734.3   3664.9
151   1   -356.3   583.1   3690.3
151   2   -487.8   572.3   3673.9
151   3   -686.7   544.8   3594.6
151   4   -450.9   500.4   3556.2
151   5   -225.1   569.0   3691.1
151   6   -9.9   552.2   3688.9
151   7   198.6   613.6   3580.8
151   8   -361.6   395.1   3756.7
151   9   -364.3   237.7   3759.1
151   10   -446.9   157.6   3742.6
151   11   -452.1   -184.4   3752.3
151   12   -400.9   -464.6   3828.5
151   13   -278.3   162.7   3756.8
151   14   -286.9   -177.9   3788.1
151   15   -295.6   -466.7   3847.0
151   16   -490.2   507.8   3562.6
151   17   163.8   603.4   3598.8
151   18   -354.6   644.4   3668.7
152   0   -362.4   734.2   3664.9
152   1   -356.3   583.2   3690.3
152   2   -487.8   572.4   3673.9
152   3   -686.4   544.7   3594.1
152   4   -451.2   500.9   3556.5
152   5   -225.1   569.0   3690.9
152   6   -10.0   552.2   3689.0
152   7   201.5   610.5   3586.7
152   8   -361.6   394.8   3756.9
152   9   -364.3   237.4   3759.1
152   10   -446.9   157.6   3742.6
152   11   -452.3   -185.5   3752.5
152   12   -400.6   -466.5   3829.1
152   13   -278.3   162.7   3756.6
152   14   -287.1   -179.3   3784.6
152   15   -295.7   -468.1   3848.1
152   16   -490.4   508.2   3562.8
152   17   166.3   600.8   3603.7
152   18   -354.6   644.4   3668.7
