2   0   -132.5   700.8   3527.9
2   1   -130.8   506.1   3569.7
2   2   -302.1   511.9   3574.0
2   3   -504.7   450.9   3407.7
2   4   -687.0   512.2   3151.8
2   5   34.6   501.9   3577.8
2   6   248.0   459.1   3419.6
2   7   372.9   499.0   3127.6
2   8   -129.8   273.3   3609.8
2   9   -130.7   77.5   3596.4
2   10   -236.5   48.9   3617.9
2   11   -222.3   -343.4   3589.5
2   12   -200.1   -739.6   3677.2
2   13   -26.5   45.2   3619.0
2   14   -68.0   -345.8   3601.5
2   15   -124.3   -737.4   3694.6
2   16   -656.6   502.0   3194.4
2   17   352.1   492.4   3176.3
2   18   -131.2   585.9   3555.9
3   0   -132.7   702.2   3527.6
3   1   -131.2   507.5   3569.6
3   2   -302.0   512.0   3572.4
3   3   -505.2   454.4   3406.8
3   4   -692.0   513.6   3154.1
3   5   34.2   503.3   3576.3
3   6   245.9   462.6   3416.5
3   7   383.4   499.0   3131.7
3   8   -129.7   274.9   3610.6
3   9   -130.4   79.6   3597.5
3   10   -235.7   48.1   3617.9
3   11   -223.5   -344.7   3590.4
3   12   -201.1   -741.4   3674.9
3   13   -26.3   45.2   3618.6
3   14   -66.7   -346.3   3604.7
3   15   -123.0   -739.0   3691.3
3   16   -660.9   503.7   3196.2
3   17   360.5   492.9   3179.2
3   18   -131.6   587.3   3555.5
4   0   -133.1   706.3   3527.0
4   1   -131.9   511.6   3569.0
4   2   -301.3   512.3   3568.3
4   3   -505.9   461.0   3404.0
4   4   -706.1   518.7   3164.9
4   5   33.0   507.4   3572.8
4   6   241.6   469.6   3409.7
4   7   411.7   503.0   3150.6
4   8   -129.4   279.8   3612.5
4   9   -129.1   85.7   3600.1
4   10   -233.2   47.3   3617.4
4   11   -224.7   -346.8   3592.8
4   12   -201.1   -744.6   3674.3
4   13   -25.4   46.2   3616.8
4   14   -63.5   -346.8   3603.4
4   15   -115.3   -740.3   3691.1
4   16   -672.7   509.1   3204.7
4   17   383.4   497.4   3193.8
4   18   -132.8   591.2   3554.1
5   0   -133.5   711.4   3526.3
5   1   -132.7   516.5   3567.6
5   2   -300.2   512.6   3562.1
5   3   -508.0   470.2   3402.9
5   4   -726.0   525.6   3186.4
5   5   30.6   510.9   3569.1
5   6   236.1   477.9   3404.4
5   7   445.8   510.7   3184.0
5   8   -128.6   285.7   3614.2
5   9   -126.8   93.5   3602.9
5   10   -229.8   46.7   3616.0
5   11   -226.2   -348.8   3594.5
5   12   -201.7   -747.7   3674.1
5   13   -23.8   46.1   3615.6
5   14   -60.5   -348.0   3603.7
5   15   -109.3   -742.1   3694.6
5   16   -689.7   516.4   3222.5
5   17   410.9   505.2   3220.7
5   18   -134.1   596.0   3551.6
6   0   -133.5   715.0   3525.8
6   1   -133.2   519.9   3565.8
6   2   -299.6   513.4   3557.8
6   3   -510.6   477.1   3405.7
6   4   -744.7   530.7   3210.5
6   5   28.4   512.5   3566.6
6   6   232.6   483.3   3403.8
6   7   469.4   514.1   3211.5
6   8   -127.7   289.7   3614.8
6   9   -124.9   99.3   3604.4
6   10   -227.4   46.7   3614.2
6   11   -227.1   -349.7   3594.8
6   12   -203.4   -749.5   3673.7
6   13   -22.5   46.0   3614.8
6   14   -58.9   -349.1   3605.8
6   15   -108.4   -743.5   3698.6
6   16   -705.7   521.8   3243.0
6   17   430.0   508.9   3243.5
6   18   -135.0   599.1   3548.9
7   0   -133.3   716.9   3525.5
7   1   -133.3   521.5   3564.2
7   2   -299.2   514.0   3555.9
7   3   -512.2   480.5   3409.7
7   4   -751.5   531.9   3222.5
7   5   27.5   513.9   3564.8
7   6   232.7   486.1   3406.7
7   7   480.3   515.1   3226.0
7   8   -126.8   291.3   3614.8
7   9   -123.7   102.5   3604.9
7   10   -226.1   47.1   3612.1
7   11   -227.5   -350.4   3595.1
7   12   -205.7   -750.8   3673.8
7   13   -21.8   46.1   3614.4
7   14   -58.8   -350.1   3606.6
7   15   -109.9   -744.4   3700.7
7   16   -711.6   523.4   3253.7
7   17   439.0   510.2   3256.1
7   18   -135.5   600.6   3546.8
8   0   -133.0   717.6   3525.3
8   1   -133.2   522.1   3563.0
8   2   -298.9   514.2   3555.4
8   3   -512.0   481.7   3412.1
8   4   -752.9   532.2   3228.8
8   5   27.3   515.0   3563.4
8   6   235.2   487.3   3411.9
8   7   483.7   515.3   3232.8
8   8   -126.0   291.4   3614.3
8   9   -123.2   104.0   3604.8
8   10   -225.6   47.3   3610.7
8   11   -227.7   -351.9   3595.2
8   12   -206.7   -752.3   3674.3
8   13   -21.6   45.6   3614.4
8   14   -59.5   -352.0   3607.3
8   15   -110.9   -746.5   3700.9
8   16   -712.8   523.8   3259.3
8   17   442.3   510.6   3262.7
8   18   -135.7   601.2   3545.5
9   0   -132.7   717.8   3525.2
9   1   -133.1   522.1   3562.4
9   2   -298.7   514.4   3555.7
9   3   -511.2   482.1   3413.2
9   4   -751.7   531.9   3231.0
9   5   27.4   515.7   3562.4
9   6   237.9   487.9   3416.3
9   7   483.3   515.3   3234.8
9   8   -125.4   290.6   3613.8
9   9   -123.0   104.6   3604.5
9   10   -225.5   47.6   3609.6
9   11   -227.7   -354.2   3595.3
9   12   -206.9   -754.3   3675.0
9   13   -21.8   45.1   3614.4
9   14   -60.9   -355.0   3607.4
9   15   -112.0   -749.7   3699.5
9   16   -711.6   523.6   3261.4
9   17   442.4   510.7   3265.0
9   18   -135.7   601.2   3544.8
10   0   -132.3   717.7   3525.0
10   1   -133.0   522.0   3562.0
10   2   -298.6   514.5   3556.1
10   3   -510.1   482.3   3413.8
10   4   -749.2   531.5   3231.1
10   5   27.4   515.9   3561.4
10   6   238.9   488.0   3418.1
10   7   480.7   515.4   3233.6
10   8   -125.1   289.4   3613.3
10   9   -122.9   104.7   3604.0
10   10   -225.5   47.4   3609.5
10   11   -227.7   -357.4   3595.5
10   12   -206.8   -757.0   3675.6
10   13   -22.2   44.0   3614.4
10   14   -62.9   -359.0   3607.4
10   15   -113.0   -752.9   3701.0
10   16   -709.4   523.3   3261.5
10   17   440.4   510.9   3264.4
10   18   -135.7   601.1   3544.5
11   0   -132.0   717.6   3524.9
11   1   -133.0   521.9   3561.8
11   2   -298.4   514.6   3556.4
11   3   -509.1   482.5   3413.9
11   4   -746.6   531.3   3230.0
11   5   27.4   516.0   3561.3
11   6   238.9   488.1   3419.1
11   7   476.8   515.9   3231.1
11   8   -125.0   288.2   3613.0
11   9   -123.0   104.6   3603.6
11   10   -225.6   47.8   3609.4
11   11   -227.7   -358.1   3595.3
11   12   -207.3   -757.1   3675.6
11   13   -22.3   43.9   3614.6
11   14   -64.8   -360.0   3607.3
11   15   -113.6   -753.4   3701.6
11   16   -707.0   523.2   3260.7
11   17   437.1   511.2   3262.4
11   18   -135.7   601.0   3544.4
12   0   -131.7   717.4   3524.8
12   1   -133.0   521.7   3561.7
12   2   -298.4   514.6   3556.6
12   3   -508.4   482.8   3413.9
12   4   -744.1   531.2   3228.7
12   5   27.4   516.1   3561.5
12   6   238.5   488.1   3419.6
12   7   471.8   516.7   3227.1
12   8   -124.9   287.1   3612.8
12   9   -123.0   104.5   3603.1
12   10   -225.6   48.0   3609.5
12   11   -227.6   -358.8   3595.3
12   12   -208.3   -757.2   3675.6
12   13   -22.5   43.9   3614.7
12   14   -66.7   -360.7   3607.4
12   15   -114.2   -753.5   3701.8
12   16   -704.8   523.1   3259.5
12   17   432.9   511.9   3259.2
12   18   -135.7   600.9   3544.5
13   0   -131.3   717.2   3524.7
13   1   -132.9   521.6   3561.7
13   2   -298.3   514.7   3556.7
13   3   -507.9   483.3   3414.0
13   4   -742.1   531.7   3227.4
13   5   27.3   516.1   3561.6
13   6   238.0   488.2   3419.8
13   7   465.4   517.9   3221.3
13   8   -124.9   286.2   3612.6
13   9   -123.0   104.4   3602.8
13   10   -225.4   48.0   3609.5
13   11   -227.5   -362.3   3596.2
13   12   -208.6   -759.6   3675.9
13   13   -22.8   43.8   3614.9
13   14   -67.4   -364.2   3607.6
13   15   -114.8   -755.8   3702.2
13   16   -703.0   523.6   3258.5
13   17   427.5   512.9   3254.4
13   18   -135.6   600.7   3544.6
14   0   -131.0   717.1   3524.5
14   1   -132.9   521.4   3561.6
14   2   -298.3   514.7   3556.7
14   3   -507.5   484.0   3414.0
14   4   -739.3   533.6   3225.5
14   5   27.3   516.1   3561.6
14   6   237.5   488.3   3419.8
14   7   461.3   519.6   3218.1
14   8   -124.9   285.6   3612.3
14   9   -123.0   104.5   3602.6
14   10   -225.3   47.9   3609.5
14   11   -227.5   -364.2   3597.0
14   12   -208.4   -760.0   3675.9
14   13   -23.1   43.7   3615.1
14   14   -67.1   -366.2   3607.9
14   15   -114.8   -756.2   3702.2
14   16   -700.7   525.3   3256.9
14   17   424.0   514.4   3251.7
14   18   -135.6   600.6   3544.6
15   0   -130.6   716.9   3524.4
15   1   -132.9   521.3   3561.6
15   2   -298.2   514.8   3556.7
15   3   -507.1   484.9   3413.9
15   4   -735.8   537.9   3223.6
15   5   27.2   516.1   3561.5
15   6   237.1   488.6   3419.7
15   7   458.3   522.1   3216.5
15   8   -124.9   285.1   3612.0
15   9   -123.1   104.5   3602.4
15   10   -225.1   47.9   3609.5
15   11   -227.5   -365.4   3597.9
15   12   -208.4   -758.8   3675.6
15   13   -23.3   43.7   3615.3
15   14   -66.4   -367.5   3608.4
15   15   -114.6   -755.0   3701.9
15   16   -697.6   529.1   3255.3
15   17   421.4   516.5   3250.4
15   18   -135.6   600.5   3544.7
16   0   -130.2   716.8   3524.3
16   1   -132.9   521.2   3561.5
16   2   -298.2   514.8   3556.7
16   3   -506.7   485.8   3413.8
16   4   -731.8   545.5   3221.9
16   5   27.2   516.1   3561.2
16   6   236.8   488.8   3419.5
16   7   456.6   524.9   3215.8
16   8   -124.9   284.8   3611.7
16   9   -123.1   104.6   3602.2
16   10   -225.0   48.0   3609.5
16   11   -227.5   -366.5   3599.2
16   12   -208.4   -758.4   3675.1
16   13   -23.5   43.7   3615.6
16   14   -66.5   -368.6   3609.1
16   15   -114.6   -754.4   3701.7
16   16   -694.3   535.6   3253.9
16   17   420.0   518.9   3249.8
16   18   -135.6   600.4   3544.7
17   0   -129.8   716.6   3524.2
17   1   -132.9   521.1   3561.4
17   2   -298.1   514.8   3556.7
17   3   -506.1   486.8   3413.7
17   4   -728.3   556.0   3221.6
17   5   27.2   516.1   3560.8
17   6   236.4   489.1   3419.3
17   7   455.5   528.1   3215.3
17   8   -124.9   284.7   3611.3
17   9   -123.1   104.8   3602.0
17   10   -225.0   48.5   3609.5
17   11   -227.5   -365.3   3599.3
17   12   -208.0   -758.4   3673.8
17   13   -23.5   44.2   3615.7
17   14   -67.7   -367.4   3609.1
17   15   -114.6   -754.3   3701.7
17   16   -691.3   544.5   3253.6
17   17   419.0   521.6   3249.3
17   18   -135.6   600.3   3544.7
18   0   -129.5   716.5   3524.2
18   1   -132.9   520.9   3561.3
18   2   -298.1   514.9   3556.7
18   3   -505.5   487.8   3413.6
18   4   -726.5   561.3   3220.8
18   5   27.2   516.1   3560.4
18   6   235.9   489.5   3419.0
18   7   454.7   530.7   3214.5
18   8   -124.9   284.7   3610.9
18   9   -123.1   105.0   3601.7
18   10   -225.2   49.4   3609.5
18   11   -227.5   -363.9   3599.0
18   12   -207.3   -757.2   3671.2
18   13   -23.5   44.8   3615.8
18   14   -66.9   -366.2   3609.1
18   15   -114.3   -753.3   3699.8
18   16   -689.7   549.1   3252.9
18   17   418.3   523.8   3248.6
18   18   -135.6   600.2   3544.7
19   0   -129.1   716.4   3524.1
19   1   -132.9   520.8   3561.2
19   2   -298.0   514.9   3556.7
19   3   -504.9   489.1   3413.5
19   4   -726.2   564.1   3220.5
19   5   27.1   516.1   3560.2
19   6   235.1   489.9   3418.7
19   7   454.7   532.8   3214.3
19   8   -124.9   284.7   3610.4
19   9   -123.1   105.3   3601.4
19   10   -225.5   50.7   3609.5
19   11   -227.5   -361.2   3598.3
19   12   -206.2   -755.5   3666.7
19   13   -23.2   45.9   3615.8
19   14   -67.9   -363.7   3608.5
19   15   -114.0   -752.6   3693.3
19   16   -689.3   551.6   3252.7
19   17   418.1   525.7   3248.4
19   18   -135.6   600.1   3544.7
20   0   -128.8   716.3   3524.1
20   1   -132.9   520.7   3561.1
20   2   -298.0   514.9   3556.7
20   3   -504.4   490.5   3413.7
20   4   -726.4   565.8   3220.4
20   5   27.1   516.2   3560.1
20   6   234.2   490.3   3418.4
20   7   454.9   534.6   3214.2
20   8   -124.9   284.8   3609.9
20   9   -123.1   105.5   3600.9
20   10   -225.8   52.1   3609.5
20   11   -227.5   -359.5   3597.7
20   12   -205.0   -755.1   3660.4
20   13   -23.0   47.2   3615.8
20   14   -67.6   -362.2   3607.9
20   15   -113.9   -753.2   3684.6
20   16   -689.4   553.3   3252.6
20   17   418.1   527.2   3248.2
20   18   -135.6   600.0   3544.7
21   0   -128.5   716.1   3524.1
21   1   -132.9   520.6   3561.0
21   2   -298.0   514.9   3556.7
21   3   -504.0   492.0   3414.1
21   4   -726.9   567.4   3220.4
21   5   27.1   516.2   3560.1
21   6   233.2   490.9   3418.0
21   7   455.1   536.2   3214.2
21   8   -124.9   285.0   3609.5
21   9   -123.1   105.9   3600.5
21   10   -225.7   52.9   3609.4
21   11   -227.5   -358.3   3597.0
21   12   -203.5   -755.9   3657.2
21   13   -22.9   48.1   3615.7
21   14   -67.9   -360.7   3606.5
21   15   -113.9   -755.0   3674.9
21   16   -689.7   554.8   3252.7
21   17   418.2   528.6   3248.2
21   18   -135.6   599.9   3544.7
22   0   -128.3   716.0   3524.1
22   1   -132.9   520.4   3560.9
22   2   -298.0   515.0   3556.7
22   3   -503.7   493.6   3414.6
22   4   -727.6   567.7   3220.4
22   5   27.1   516.2   3560.0
22   6   232.3   491.5   3417.7
22   7   455.5   536.8   3214.2
22   8   -124.9   285.2   3609.0
22   9   -123.1   106.2   3600.1
22   10   -225.6   53.4   3609.3
22   11   -227.5   -358.4   3596.4
22   12   -201.7   -756.4   3655.7
22   13   -22.8   49.1   3615.6
22   14   -66.6   -360.5   3606.2
22   15   -113.8   -755.7   3670.2
22   16   -690.3   555.3   3252.7
22   17   418.3   529.3   3248.1
22   18   -135.6   599.8   3544.7
23   0   -128.2   715.9   3524.1
23   1   -132.9   520.3   3560.8
23   2   -298.0   515.0   3556.7
23   3   -503.6   494.6   3415.0
23   4   -728.2   567.7   3220.4
23   5   27.1   516.2   3560.0
23   6   231.5   492.2   3417.4
23   7   455.9   537.0   3214.1
23   8   -124.9   285.5   3608.7
23   9   -123.1   106.6   3599.7
23   10   -225.4   53.4   3609.3
23   11   -227.5   -360.1   3596.4
23   12   -201.0   -757.5   3655.1
23   13   -23.0   49.2   3615.4
23   14   -66.3   -362.1   3606.1
23   15   -113.7   -757.1   3667.9
23   16   -690.7   555.5   3252.8
23   17   418.5   529.5   3248.0
23   18   -135.6   599.7   3544.7
24   0   -128.2   715.8   3524.1
24   1   -132.9   520.2   3560.8
24   2   -298.0   515.0   3556.7
24   3   -503.4   495.7   3415.5
24   4   -728.9   567.5   3220.6
24   5   27.1   516.2   3560.0
24   6   230.8   492.9   3417.0
24   7   456.2   537.0   3214.1
24   8   -124.9   285.8   3608.4
24   9   -123.1   107.0   3599.2
24   10   -225.1   53.4   3609.2
24   11   -227.4   -361.7   3596.3
24   12   -200.8   -758.8   3655.3
24   13   -23.2   49.4   3615.3
24   14   -66.5   -363.6   3606.0
24   15   -113.6   -758.5   3667.4
24   16   -691.3   555.5   3253.1
24   17   418.7   529.7   3247.9
24   18   -135.6   599.6   3544.7
25   0   -128.2   715.7   3524.1
25   1   -132.9   520.1   3560.7
25   2   -298.0   515.0   3556.7
25   3   -503.4   496.8   3416.0
25   4   -729.9   567.2   3221.4
25   5   27.1   516.2   3560.0
25   6   230.1   493.6   3416.7
25   7   456.5   536.8   3214.1
25   8   -124.9   286.1   3608.1
25   9   -123.1   107.4   3598.7
25   10   -224.9   53.5   3609.1
25   11   -227.4   -362.3   3596.2
25   12   -200.9   -759.7   3655.6
25   13   -23.4   49.5   3615.0
25   14   -66.9   -364.1   3605.9
25   15   -113.7   -759.3   3667.7
25   16   -692.2   555.5   3253.8
25   17   418.8   529.6   3247.9
25   18   -135.6   599.5   3544.7
26   0   -128.2   715.6   3524.2
26   1   -132.9   519.9   3560.7
26   2   -298.0   515.0   3556.7
26   3   -503.5   497.2   3416.5
26   4   -731.0   567.2   3222.7
26   5   27.1   516.2   3560.0
26   6   229.8   494.4   3416.5
26   7   456.7   536.7   3214.2
26   8   -125.0   286.5   3607.8
26   9   -123.1   107.8   3598.2
26   10   -224.7   53.5   3608.9
26   11   -227.4   -361.8   3595.6
26   12   -200.8   -759.7   3655.9
26   13   -23.6   49.5   3614.6
26   14   -67.0   -363.7   3605.9
26   15   -113.8   -759.3   3668.1
26   16   -693.1   555.5   3255.0
26   17   418.9   529.6   3247.9
26   18   -135.6   599.4   3544.7
27   0   -128.2   715.4   3524.2
27   1   -132.9   519.8   3560.6
27   2   -298.0   515.0   3556.7
27   3   -503.7   497.4   3417.0
27   4   -732.3   567.2   3224.7
27   5   27.1   516.1   3560.0
27   6   229.6   495.0   3416.2
27   7   456.9   536.6   3214.4
27   8   -125.0   286.8   3607.5
27   9   -123.1   108.1   3597.7
27   10   -224.6   53.4   3608.8
27   11   -227.3   -363.0   3595.8
27   12   -200.2   -760.1   3656.4
27   13   -23.8   49.5   3614.3
27   14   -66.5   -364.9   3606.3
27   15   -113.8   -759.9   3668.1
27   16   -694.2   555.6   3256.7
27   17   419.0   529.6   3248.0
27   18   -135.6   599.2   3544.7
28   0   -128.2   715.3   3524.2
28   1   -132.9   519.7   3560.6
28   2   -298.0   515.0   3556.7
28   3   -503.9   497.4   3417.4
28   4   -733.8   567.4   3227.0
28   5   27.1   516.1   3559.9
28   6   229.5   496.0   3416.0
28   7   457.1   536.4   3214.5
28   8   -125.0   287.1   3607.2
28   9   -123.1   108.5   3597.2
28   10   -224.4   53.5   3608.5
28   11   -227.4   -361.9   3595.5
28   12   -199.4   -759.6   3656.9
28   13   -23.9   49.5   3613.8
28   14   -67.0   -363.8   3606.4
28   15   -113.7   -759.7   3668.1
28   16   -695.5   555.7   3258.7
28   17   419.2   529.7   3248.1
28   18   -135.6   599.1   3544.7
29   0   -128.2   715.2   3524.3
29   1   -132.9   519.5   3560.5
29   2   -298.0   515.0   3556.7
29   3   -504.2   497.3   3417.9
29   4   -735.5   567.5   3229.7
29   5   27.1   516.1   3559.9
29   6   229.5   496.6   3416.0
29   7   457.2   536.3   3214.8
29   8   -125.0   287.4   3606.8
29   9   -123.1   108.7   3596.5
29   10   -224.3   53.5   3608.2
29   11   -227.4   -361.3   3595.6
29   12   -199.0   -759.4   3657.2
29   13   -24.0   49.5   3613.6
29   14   -66.8   -363.2   3606.6
29   15   -113.8   -759.6   3668.0
29   16   -697.0   555.8   3261.0
29   17   419.3   529.7   3248.4
29   18   -135.6   599.0   3544.7
30   0   -128.2   715.1   3524.3
30   1   -132.9   519.4   3560.4
30   2   -298.0   515.0   3556.7
30   3   -504.6   497.3   3418.5
30   4   -737.4   567.6   3232.6
30   5   27.1   516.1   3559.9
30   6   229.6   496.8   3416.0
30   7   457.3   536.2   3215.2
30   8   -125.0   287.5   3606.5
30   9   -123.1   108.9   3595.9
30   10   -224.2   53.5   3607.8
30   11   -227.3   -362.8   3595.8
30   12   -198.9   -759.2   3657.4
30   13   -24.1   49.5   3612.8
30   14   -65.8   -364.8   3607.1
30   15   -114.0   -759.3   3668.6
30   16   -698.6   555.9   3263.6
30   17   419.3   529.7   3248.7
30   18   -135.6   598.8   3544.7
31   0   -128.2   714.9   3524.3
31   1   -132.9   519.2   3560.4
31   2   -298.1   515.0   3556.7
31   3   -505.2   497.2   3419.3
31   4   -739.7   568.0   3236.2
31   5   27.1   516.1   3559.9
31   6   229.7   496.9   3416.0
31   7   457.2   536.2   3215.5
31   8   -125.0   287.7   3606.2
31   9   -123.1   109.0   3595.4
31   10   -224.1   53.5   3607.5
31   11   -227.2   -366.0   3596.1
31   12   -198.6   -760.6   3657.9
31   13   -24.1   49.5   3611.7
31   14   -65.8   -368.0   3607.8
31   15   -114.0   -760.7   3670.0
31   16   -700.6   556.2   3266.7
31   17   419.3   529.7   3248.9
31   18   -135.6   598.7   3544.7
32   0   -128.2   714.8   3524.3
32   1   -132.9   519.1   3560.3
32   2   -298.1   515.0   3556.7
32   3   -505.5   497.3   3419.8
32   4   -741.1   568.1   3238.6
32   5   27.1   516.1   3559.9
32   6   229.7   496.9   3416.1
32   7   457.1   536.2   3215.7
32   8   -125.0   287.8   3605.9
32   9   -123.1   109.1   3595.1
32   10   -224.0   53.4   3607.2
32   11   -227.3   -367.0   3595.9
32   12   -198.4   -762.0   3658.2
32   13   -24.2   49.5   3611.4
32   14   -66.6   -368.9   3608.0
32   15   -113.8   -762.0   3670.8
32   16   -701.9   556.3   3268.8
32   17   419.2   529.6   3249.1
32   18   -135.6   598.6   3544.7
33   0   -128.3   714.7   3524.4
33   1   -132.9   518.9   3560.2
33   2   -298.1   515.0   3556.7
33   3   -505.9   497.3   3420.4
33   4   -741.6   568.4   3239.7
33   5   27.1   516.1   3559.8
33   6   229.8   496.9   3416.1
33   7   457.0   536.2   3215.9
33   8   -125.0   287.8   3605.5
33   9   -123.1   109.1   3595.0
33   10   -224.0   53.4   3606.6
33   11   -227.3   -366.8   3595.8
33   12   -198.3   -762.9   3658.3
33   13   -24.2   49.5   3611.2
33   14   -67.0   -368.6   3607.9
33   15   -114.0   -762.8   3671.5
33   16   -702.3   556.5   3269.8
33   17   419.1   529.6   3249.3
33   18   -135.6   598.4   3544.7
34   0   -128.3   714.6   3524.4
34   1   -132.9   518.8   3560.2
34   2   -298.1   515.0   3556.7
34   3   -508.3   497.1   3420.1
34   4   -743.1   569.5   3239.1
34   5   27.1   516.1   3559.8
34   6   231.6   496.8   3415.0
34   7   458.5   536.6   3214.7
34   8   -125.0   287.9   3605.1
34   9   -123.1   109.0   3594.9
34   10   -224.0   53.3   3606.5
34   11   -227.2   -367.8   3596.1
34   12   -198.1   -764.9   3658.7
34   13   -24.2   49.5   3611.2
34   14   -67.1   -369.6   3607.9
34   15   -114.3   -764.7   3672.3
34   16   -704.0   557.5   3269.2
34   17   420.7   529.9   3248.1
34   18   -135.6   598.3   3544.7
35   0   -128.3   714.4   3524.4
35   1   -132.9   518.6   3560.1
35   2   -298.1   515.0   3556.7
35   3   -511.3   496.9   3419.4
35   4   -744.6   571.2   3237.6
35   5   27.1   516.1   3559.8
35   6   234.0   496.6   3413.3
35   7   460.5   537.1   3213.1
35   8   -125.0   287.9   3604.9
35   9   -123.1   109.0   3594.8
35   10   -223.9   53.3   3606.4
35   11   -227.2   -368.5   3596.1
35   12   -197.2   -766.5   3659.1
35   13   -24.3   49.5   3611.2
35   14   -67.3   -370.3   3607.7
35   15   -114.5   -766.2   3673.0
35   16   -705.8   558.8   3267.9
35   17   422.8   530.3   3246.5
35   18   -135.6   598.2   3544.7
36   0   -128.3   714.3   3524.5
36   1   -132.9   518.5   3560.0
36   2   -298.1   515.0   3556.7
36   3   -514.0   496.6   3418.3
36   4   -746.2   572.9   3236.2
36   5   27.1   516.1   3559.8
36   6   236.4   496.3   3411.7
36   7   462.6   537.6   3211.7
36   8   -125.0   287.9   3604.5
36   9   -123.1   108.9   3594.8
36   10   -223.9   53.4   3606.3
36   11   -227.3   -368.3   3596.0
36   12   -196.9   -767.2   3659.2
36   13   -24.3   49.5   3611.2
36   14   -67.4   -370.0   3607.4
36   15   -114.5   -766.9   3673.2
36   16   -707.5   560.2   3266.5
36   17   424.9   530.7   3245.0
36   18   -135.6   598.0   3544.7
37   0   -128.3   714.2   3524.5
37   1   -132.9   518.3   3560.0
37   2   -298.1   515.0   3556.7
37   3   -516.2   496.5   3417.2
37   4   -747.4   574.7   3235.0
37   5   27.1   516.1   3559.8
37   6   238.5   496.1   3410.3
37   7   464.6   538.1   3210.6
37   8   -125.0   287.9   3604.3
37   9   -123.1   108.8   3594.8
37   10   -223.9   53.3   3606.3
37   11   -227.2   -368.7   3596.1
37   12   -196.7   -768.8   3659.5
37   13   -24.3   49.5   3611.2
37   14   -67.6   -370.4   3607.1
37   15   -115.0   -768.5   3673.3
37   16   -708.9   561.6   3265.3
37   17   426.9   531.1   3243.9
37   18   -135.6   597.9   3544.7
38   0   -128.3   714.0   3524.5
38   1   -132.9   518.2   3559.9
38   2   -298.1   515.0   3556.7
38   3   -518.0   496.3   3416.3
38   4   -748.3   576.1   3234.1
38   5   27.1   516.1   3559.8
38   6   240.2   496.0   3409.2
38   7   466.2   538.5   3210.0
38   8   -125.0   288.0   3604.2
38   9   -123.1   108.7   3594.7
38   10   -223.9   53.3   3606.2
38   11   -227.3   -368.6   3595.8
38   12   -196.4   -770.0   3659.7
38   13   -24.4   49.5   3611.2
38   14   -67.8   -370.2   3606.5
38   15   -115.1   -769.6   3673.3
38   16   -709.9   562.8   3264.4
38   17   428.5   531.4   3243.2
38   18   -135.6   597.7   3544.7
39   0   -128.3   713.9   3524.6
39   1   -132.9   518.0   3559.9
39   2   -298.1   515.0   3556.7
39   3   -519.5   496.2   3415.5
39   4   -749.1   576.9   3233.3
39   5   27.1   516.0   3559.8
39   6   241.5   495.8   3408.4
39   7   467.3   538.8   3209.4
39   8   -125.0   288.0   3604.1
39   9   -123.1   108.6   3594.7
39   10   -223.9   53.4   3606.2
39   11   -227.3   -367.4   3595.4
39   12   -196.5   -768.3   3659.5
39   13   -24.4   49.5   3611.2
39   14   -68.1   -369.1   3605.7
39   15   -115.0   -768.1   3672.6
39   16   -710.8   563.5   3263.7
39   17   429.7   531.6   3242.5
39   18   -135.6   597.6   3544.7
40   0   -128.3   713.8   3524.6
40   1   -132.9   517.9   3559.9
40   2   -298.1   515.0   3556.7
40   3   -520.6   496.1   3414.9
40   4   -749.8   577.4   3232.8
40   5   27.1   516.0   3559.8
40   6   242.6   495.7   3407.8
40   7   468.1   539.0   3208.8
40   8   -125.0   288.0   3604.0
40   9   -123.1   108.6   3594.7
40   10   -223.9   53.5   3606.1
40   11   -227.3   -366.3   3595.3
40   12   -196.6   -767.5   3659.4
40   13   -24.4   49.5   3611.2
40   14   -67.8   -368.2   3605.4
40   15   -115.0   -767.1   3673.5
40   16   -711.6   563.9   3263.2
40   17   430.6   531.8   3242.0
40   18   -135.6   597.5   3544.7
41   0   -128.3   713.6   3524.6
41   1   -132.9   517.7   3559.9
41   2   -298.1   515.0   3556.7
41   3   -521.4   496.1   3414.3
41   4   -750.4   577.8   3232.3
41   5   27.2   516.0   3559.8
41   6   243.5   495.6   3407.4
41   7   468.7   539.1   3208.3
41   8   -124.9   288.1   3604.0
41   9   -123.1   108.5   3594.7
41   10   -223.9   53.5   3606.0
41   11   -227.3   -365.9   3595.2
41   12   -197.0   -766.1   3659.1
41   13   -24.4   49.5   3611.2
41   14   -66.9   -367.8   3605.5
41   15   -114.7   -765.6   3673.9
41   16   -712.2   564.1   3262.7
41   17   431.2   531.9   3241.5
41   18   -135.6   597.3   3544.7
