2   0   -131.1   693.7   3495.2
2   1   -138.1   501.7   3505.1
2   2   -287.8   488.0   3514.6
2   3   -311.0   249.3   3407.3
2   4   -133.0   460.4   3326.3
2   5   10.4   490.5   3532.7
2   6   58.5   251.1   3435.8
2   7   -118.0   442.9   3313.7
2   8   -140.9   260.3   3561.9
2   9   -142.4   86.2   3566.9
2   10   -248.0   13.1   3595.6
2   11   -234.0   -386.8   3575.6
2   12   -190.6   -766.8   3666.4
2   13   -38.5   10.3   3595.6
2   14   -64.6   -389.3   3603.9
2   15   -136.7   -763.6   3700.2
2   16   -162.7   425.2   3339.8
2   17   -88.6   410.9   3334.0
2   18   -137.2   578.7   3487.0
3   0   -130.7   695.4   3494.6
3   1   -137.6   503.5   3505.9
3   2   -287.3   489.3   3513.0
3   3   -311.8   249.7   3408.2
3   4   -134.2   460.9   3326.3
3   5   11.3   491.7   3530.4
3   6   59.1   250.7   3437.8
3   7   -112.4   441.0   3308.3
3   8   -140.4   262.6   3564.5
3   9   -142.0   88.0   3569.0
3   10   -247.0   13.2   3595.0
3   11   -233.4   -387.7   3576.5
3   12   -189.9   -767.5   3668.4
3   13   -38.5   11.1   3595.6
3   14   -64.2   -389.5   3604.3
3   15   -132.3   -765.5   3696.5
3   16   -163.8   425.7   3340.0
3   17   -83.8   409.3   3329.9
3   18   -136.7   580.3   3487.2
4   0   -129.6   699.9   3491.2
4   1   -135.9   508.4   3507.8
4   2   -285.4   492.6   3508.9
4   3   -313.6   251.1   3410.0
4   4   -137.2   462.8   3327.2
4   5   13.4   494.1   3524.4
4   6   58.9   250.0   3439.9
4   7   -101.1   437.9   3295.4
4   8   -139.0   269.0   3571.6
4   9   -141.0   92.4   3574.1
4   10   -244.1   14.9   3591.8
4   11   -232.1   -386.3   3568.8
4   12   -189.0   -764.7   3667.4
4   13   -39.7   12.8   3594.7
4   14   -64.1   -388.4   3604.5
4   15   -124.1   -767.5   3689.4
4   16   -166.6   427.5   3341.0
4   17   -74.4   406.6   3319.4
4   18   -134.9   584.8   3487.5
5   0   -128.3   704.9   3486.4
5   1   -133.8   513.7   3509.7
5   2   -283.2   496.1   3501.9
5   3   -316.6   252.0   3411.8
5   4   -140.7   464.3   3329.3
5   5   15.5   495.9   3516.3
5   6   56.9   248.9   3437.9
5   7   -96.7   437.5   3286.0
5   8   -137.3   275.6   3578.4
5   9   -140.0   95.6   3578.4
5   10   -241.3   16.9   3588.3
5   11   -231.5   -383.8   3553.2
5   12   -189.1   -760.2   3659.0
5   13   -41.2   14.3   3592.4
5   14   -64.6   -387.5   3603.3
5   15   -116.2   -769.1   3682.0
5   16   -170.1   428.9   3343.1
5   17   -71.1   406.1   3311.3
5   18   -132.7   589.7   3487.7
6   0   -127.7   708.0   3482.3
6   1   -132.6   516.9   3510.0
6   2   -281.9   498.4   3497.3
6   3   -318.2   252.7   3412.4
6   4   -142.7   465.3   3329.8
6   5   16.6   496.9   3511.5
6   6   53.5   248.3   3435.2
6   7   -100.6   439.5   3285.9
6   8   -136.7   278.8   3580.2
6   9   -139.9   95.8   3579.6
6   10   -240.5   18.0   3585.7
6   11   -232.1   -381.6   3534.8
6   12   -190.8   -753.2   3656.8
6   13   -42.4   14.4   3590.5
6   14   -66.9   -387.9   3600.9
6   15   -112.5   -771.0   3677.9
6   16   -172.0   429.9   3343.6
6   17   -74.9   407.6   3310.8
6   18   -131.3   592.8   3487.6
7   0   -127.6   709.2   3479.2
7   1   -132.3   518.1   3508.9
7   2   -281.5   499.6   3495.1
7   3   -318.9   253.2   3411.8
7   4   -143.6   465.7   3328.5
7   5   17.1   497.2   3509.0
7   6   52.0   248.6   3431.8
7   7   -105.1   438.3   3283.3
7   8   -137.2   279.1   3577.4
7   9   -140.6   94.4   3577.2
7   10   -241.3   18.7   3583.5
7   11   -234.2   -380.5   3523.4
7   12   -197.8   -749.1   3657.0
7   13   -43.3   14.8   3588.3
7   14   -69.1   -388.1   3596.4
7   15   -113.9   -770.6   3679.3
7   16   -172.8   430.3   3342.4
7   17   -78.9   406.7   3308.0
7   18   -130.7   594.1   3487.1
8   0   -130.0   709.4   3476.3
8   1   -133.8   518.1   3505.8
8   2   -283.0   499.7   3492.4
8   3   -319.0   252.9   3410.0
8   4   -144.4   465.5   3325.4
8   5   15.5   497.0   3505.3
8   6   50.6   250.1   3422.7
8   7   -111.5   439.9   3279.6
8   8   -138.7   278.6   3573.0
8   9   -142.2   93.3   3573.2
8   10   -243.2   19.3   3581.5
8   11   -238.8   -376.6   3511.7
8   12   -217.3   -744.1   3653.4
8   13   -44.4   16.0   3585.9
8   14   -70.7   -385.2   3587.5
8   15   -114.7   -766.7   3678.3
8   16   -173.5   430.1   3339.5
8   17   -84.5   408.3   3303.5
8   18   -132.3   594.3   3484.4
9   0   -134.2   709.0   3472.9
9   1   -137.5   517.6   3501.1
9   2   -286.6   499.3   3488.3
9   3   -318.6   252.0   3405.6
9   4   -145.0   465.3   3320.6
9   5   11.6   496.6   3501.9
9   6   48.1   251.8   3414.1
9   7   -118.8   440.4   3274.9
9   8   -142.3   278.2   3568.7
9   9   -146.0   92.8   3569.6
9   10   -247.5   19.3   3580.4
9   11   -252.8   -374.5   3504.6
9   12   -255.9   -746.2   3636.7
9   13   -47.0   17.1   3584.7
9   14   -73.0   -383.0   3583.7
9   15   -113.6   -765.0   3676.7
9   16   -174.0   429.8   3334.8
9   17   -91.0   408.9   3298.1
9   18   -135.9   593.7   3479.6
10   0   -139.2   708.3   3470.4
10   1   -143.0   517.0   3495.7
10   2   -291.8   498.8   3482.2
10   3   -318.4   250.6   3400.2
10   4   -146.9   464.8   3313.4
10   5   5.9   496.1   3497.9
10   6   42.4   253.8   3403.4
10   7   -132.0   439.8   3270.0
10   8   -148.3   278.0   3564.8
10   9   -152.3   92.7   3566.0
10   10   -254.7   19.0   3577.7
10   11   -272.1   -370.9   3494.2
10   12   -301.1   -750.1   3600.7
10   13   -51.9   18.5   3583.6
10   14   -76.7   -379.9   3580.5
10   15   -111.4   -763.5   3673.3
10   16   -175.4   429.1   3327.9
10   17   -102.9   408.8   3292.2
10   18   -141.3   593.0   3473.7
11   0   -145.1   707.5   3465.4
11   1   -149.8   516.3   3489.3
11   2   -298.4   498.0   3478.6
11   3   -320.1   251.7   3390.2
11   4   -147.7   467.8   3310.6
11   5   -0.5   496.7   3492.4
11   6   29.5   254.8   3394.6
11   7   -142.8   444.9   3264.5
11   8   -154.8   277.8   3560.2
11   9   -159.3   92.7   3561.8
11   10   -262.6   18.8   3573.3
11   11   -293.1   -368.1   3486.5
11   12   -334.3   -753.0   3570.1
11   13   -58.6   18.8   3582.8
11   14   -82.0   -378.2   3576.3
11   15   -108.6   -763.4   3667.2
11   16   -176.4   431.8   3323.9
11   17   -114.1   413.2   3286.2
11   18   -148.2   592.1   3466.7
12   0   -151.9   706.5   3458.5
12   1   -157.1   515.4   3482.1
12   2   -306.4   498.2   3474.9
12   3   -331.1   252.1   3386.6
12   4   -159.9   468.6   3305.2
12   5   -8.2   496.2   3485.0
12   6   16.8   252.3   3390.9
12   7   -146.1   447.2   3256.2
12   8   -160.8   277.2   3554.0
12   9   -165.5   92.1   3556.8
12   10   -269.2   18.6   3567.5
12   11   -312.3   -366.0   3480.1
12   12   -355.5   -753.6   3554.7
12   13   -65.8   17.8   3581.9
12   14   -89.5   -378.0   3568.3
12   15   -107.4   -762.3   3666.3
12   16   -188.4   432.5   3318.8
12   17   -119.0   414.7   3278.7
12   18   -156.0   591.2   3459.3
13   0   -160.3   705.6   3449.3
13   1   -164.4   514.4   3474.1
13   2   -314.6   498.5   3466.8
13   3   -357.3   252.9   3386.4
13   4   -181.6   460.8   3294.3
13   5   -15.0   495.8   3471.0
13   6   9.4   247.2   3390.9
13   7   -147.1   437.8   3243.5
13   8   -166.9   275.8   3544.9
13   9   -171.5   90.9   3549.5
13   10   -275.2   18.7   3560.7
13   11   -325.9   -364.5   3473.6
13   12   -365.2   -753.4   3547.7
13   13   -73.1   17.1   3578.4
13   14   -95.9   -377.7   3554.6
13   15   -106.8   -759.7   3663.9
13   16   -210.8   426.2   3309.7
13   17   -121.0   406.0   3268.0
13   18   -163.7   590.3   3451.6
14   0   -168.9   704.6   3438.6
14   1   -172.0   513.4   3465.4
14   2   -322.4   498.4   3461.0
14   3   -379.6   253.6   3386.4
14   4   -207.3   454.7   3275.6
14   5   -21.9   496.3   3461.8
14   6   5.5   244.8   3391.8
14   7   -144.2   438.1   3240.4
14   8   -173.8   274.6   3534.3
14   9   -177.8   89.9   3541.1
14   10   -280.8   20.9   3552.8
14   11   -334.1   -362.4   3468.7
14   12   -369.5   -752.0   3545.4
14   13   -81.0   16.7   3569.2
14   14   -103.9   -376.1   3527.9
14   15   -106.7   -752.3   3657.9
14   16   -236.0   421.2   3294.1
14   17   -119.2   405.9   3265.7
14   18   -171.5   589.4   3443.5
15   0   -177.0   703.8   3429.0
15   1   -179.9   512.5   3456.7
15   2   -330.0   498.2   3455.0
15   3   -408.3   257.9   3385.7
15   4   -233.5   448.0   3260.0
15   5   -28.6   496.8   3453.5
15   6   8.5   244.1   3393.5
15   7   -136.4   444.6   3246.9
15   8   -182.6   274.7   3525.4
15   9   -185.5   90.4   3533.9
15   10   -287.6   24.4   3547.8
15   11   -339.3   -359.2   3463.5
15   12   -371.3   -745.3   3544.0
15   13   -89.7   17.7   3557.7
15   14   -109.8   -374.6   3507.3
15   15   -106.9   -744.9   3646.3
15   16   -262.7   416.4   3280.9
15   17   -112.3   411.2   3271.3
15   18   -179.0   588.5   3434.7
16   0   -186.3   702.9   3421.2
16   1   -187.7   511.8   3449.9
16   2   -338.6   498.9   3447.0
16   3   -440.3   267.6   3377.8
16   4   -267.6   454.0   3242.9
16   5   -35.8   496.6   3447.3
16   6   24.7   247.2   3395.2
16   7   -115.5   454.5   3253.3
16   8   -191.8   276.0   3520.0
16   9   -193.8   92.1   3528.3
16   10   -294.9   28.1   3544.3
16   11   -344.0   -356.8   3459.4
16   12   -370.8   -738.2   3543.7
16   13   -97.1   22.1   3547.9
16   14   -111.7   -370.5   3489.8
16   15   -107.0   -735.0   3632.7
16   16   -296.4   423.0   3265.4
16   17   -92.2   419.9   3277.0
16   18   -186.5   587.7   3427.4
17   0   -195.1   701.8   3416.4
17   1   -194.1   511.0   3447.3
17   2   -345.3   499.8   3450.0
17   3   -467.3   279.4   3383.9
17   4   -380.1   446.0   3188.0
17   5   -41.2   497.8   3450.6
17   6   62.5   268.0   3398.2
17   7   -52.6   465.4   3227.1
17   8   -198.6   277.2   3517.6
17   9   -200.8   93.9   3522.6
17   10   -301.9   33.5   3539.5
17   11   -346.8   -354.3   3455.4
17   12   -369.5   -730.9   3542.9
17   13   -102.4   28.8   3539.4
17   14   -112.1   -365.4   3476.0
17   15   -107.2   -722.9   3625.1
17   16   -394.4   418.2   3220.6
17   17   -33.5   432.5   3255.6
17   18   -192.6   586.7   3424.5
18   0   -201.0   700.3   3413.7
18   1   -198.3   509.9   3448.4
18   2   -350.9   500.8   3455.2
18   3   -517.1   314.6   3396.6
18   4   -495.0   438.2   3153.5
18   5   -43.9   499.3   3456.1
18   6   105.5   299.2   3400.5
18   7   -73.7   468.2   3282.5
18   8   -202.5   278.2   3517.1
18   9   -205.2   95.9   3516.3
18   10   -306.9   40.2   3532.0
18   11   -347.0   -352.5   3453.6
18   12   -367.9   -725.2   3542.1
18   13   -104.7   38.2   3531.6
18   14   -112.1   -360.4   3476.0
18   15   -107.3   -714.8   3622.8
18   16   -498.5   417.6   3194.0
18   17   -44.0   439.9   3302.2
18   18   -196.9   585.7   3426.0
19   0   -204.4   698.8   3412.3
19   1   -200.7   508.9   3451.5
19   2   -355.2   501.4   3459.8
19   3   -563.6   372.4   3394.8
19   4   -621.6   428.1   3132.2
19   5   -44.1   500.7   3459.2
19   6   150.3   345.7   3400.9
19   7   -86.5   461.7   3357.2
19   8   -204.4   279.2   3517.3
19   9   -207.4   97.9   3512.5
19   10   -307.6   41.8   3530.3
19   11   -345.4   -354.0   3452.6
19   12   -366.3   -723.3   3541.9
19   13   -107.6   41.2   3530.2
19   14   -111.8   -361.0   3482.4
19   15   -107.0   -714.3   3623.8
19   16   -611.9   418.8   3176.0
19   17   -47.2   442.2   3364.5
19   18   -199.5   584.9   3429.8
20   0   -206.0   697.6   3411.7
20   1   -201.9   508.3   3454.8
20   2   -358.7   501.7   3460.1
20   3   -592.0   418.6   3389.5
20   4   -726.9   442.1   3141.6
20   5   -42.6   502.4   3460.4
20   6   184.8   399.3   3399.0
20   7   -85.7   472.6   3386.0
20   8   -205.1   280.8   3517.8
20   9   -208.2   100.2   3511.0
20   10   -308.3   44.0   3530.7
20   11   -342.3   -354.6   3453.0
20   12   -364.3   -721.4   3541.9
20   13   -109.1   43.1   3532.2
20   14   -111.6   -362.3   3490.7
20   15   -107.0   -715.0   3626.8
20   16   -704.5   438.2   3182.9
20   17   -40.7   460.3   3388.2
20   18   -200.8   584.5   3433.6
21   0   -206.1   695.9   3411.7
21   1   -202.2   508.1   3456.8
21   2   -361.6   503.3   3456.6
21   3   -607.5   448.3   3385.3
21   4   -801.7   470.9   3172.4
21   5   -39.0   507.5   3457.5
21   6   204.6   437.1   3392.8
21   7   -80.5   482.9   3375.4
21   8   -205.2   283.1   3518.1
21   9   -208.3   102.7   3510.7
21   10   -308.7   46.2   3532.1
21   11   -338.3   -355.0   3454.0
21   12   -362.6   -719.8   3542.2
21   13   -109.0   45.6   3535.1
21   14   -111.5   -362.9   3503.3
21   15   -107.1   -716.3   3631.8
21   16   -769.5   467.1   3207.8
21   17   -33.0   475.3   3378.3
21   18   -201.2   584.4   3436.0
22   0   -205.5   695.3   3411.6
22   1   -202.0   508.2   3457.8
22   2   -365.0   508.8   3450.2
22   3   -616.8   468.8   3382.1
22   4   -852.9   500.5   3213.8
22   5   -34.5   516.1   3452.3
22   6   213.2   461.2   3379.1
22   7   -77.2   485.9   3355.6
22   8   -204.2   285.6   3518.5
22   9   -206.7   105.0   3511.0
22   10   -308.7   50.2   3532.9
22   11   -333.3   -353.8   3456.1
22   12   -361.7   -717.3   3542.0
22   13   -106.3   49.5   3537.3
22   14   -111.5   -361.5   3508.1
22   15   -107.4   -714.6   3633.2
22   16   -813.6   495.2   3241.9
22   17   -28.8   481.8   3359.5
22   18   -201.2   584.5   3437.0
23   0   -204.5   696.0   3411.3
23   1   -201.2   509.0   3458.1
23   2   -367.3   515.1   3445.0
23   3   -621.2   479.4   3381.6
23   4   -886.4   527.8   3272.3
23   5   -31.4   523.4   3446.3
23   6   217.2   473.8   3371.2
23   7   -74.5   483.9   3348.7
23   8   -201.9   288.2   3518.6
23   9   -202.8   107.1   3511.4
23   10   -305.7   52.6   3533.2
23   11   -331.0   -353.7   3460.4
23   12   -361.4   -716.8   3542.3
23   13   -102.2   51.5   3539.6
23   14   -111.6   -361.1   3512.7
23   15   -107.7   -714.4   3633.8
23   16   -842.2   519.8   3290.5
23   17   -25.9   482.2   3352.5
23   18   -200.9   585.3   3437.2
24   0   -200.1   697.3   3410.8
24   1   -199.1   510.2   3457.9
24   2   -366.6   518.1   3443.8
24   3   -621.5   486.6   3384.0
24   4   -900.3   549.4   3323.4
24   5   -29.6   526.9   3441.2
24   6   219.4   477.9   3368.9
24   7   -71.2   482.8   3341.8
24   8   -197.0   290.3   3518.5
24   9   -195.8   108.7   3511.9
24   10   -299.3   53.9   3533.1
24   11   -329.8   -354.2   3472.1
24   12   -361.1   -718.4   3543.4
24   13   -95.8   51.5   3542.4
24   14   -111.3   -361.3   3517.1
24   15   -107.8   -715.1   3633.9
24   16   -853.8   539.0   3333.5
24   17   -22.7   482.0   3346.3
24   18   -199.8   586.4   3436.9
25   0   -192.3   700.3   3410.1
25   1   -194.6   513.1   3457.2
25   2   -362.1   519.8   3445.4
25   3   -618.4   493.4   3392.4
25   4   -901.7   560.3   3353.2
25   5   -27.2   528.4   3438.9
25   6   221.9   478.1   3370.5
25   7   -66.9   482.3   3338.4
25   8   -189.2   293.0   3517.9
25   9   -186.6   111.0   3512.5
25   10   -290.7   54.9   3533.2
25   11   -328.3   -354.0   3487.0
25   12   -360.2   -719.7   3544.5
25   13   -86.8   51.9   3545.0
25   14   -110.1   -360.2   3522.8
25   15   -107.7   -715.0   3634.1
25   16   -854.4   549.2   3359.7
25   17   -18.7   481.6   3343.7
25   18   -196.5   589.3   3436.2
26   0   -182.8   704.7   3409.7
26   1   -188.0   517.4   3456.3
26   2   -354.5   520.8   3447.7
26   3   -612.6   496.0   3406.4
26   4   -895.6   565.6   3376.1
26   5   -23.4   529.6   3438.3
26   6   226.8   477.3   3378.4
26   7   -59.3   482.1   3335.1
26   8   -179.3   296.4   3517.0
26   9   -177.1   114.0   3514.3
26   10   -281.1   54.0   3534.5
26   11   -324.9   -355.2   3503.9
26   12   -358.2   -722.3   3545.9
26   13   -78.6   50.9   3549.1
26   14   -106.5   -360.6   3529.7
26   15   -107.3   -716.4   3635.6
26   16   -848.4   554.0   3381.1
26   17   -11.6   481.3   3342.3
26   18   -191.1   593.6   3435.4
27   0   -173.0   708.6   3409.6
27   1   -180.9   521.1   3455.4
27   2   -346.1   522.0   3451.2
27   3   -605.0   496.6   3417.1
27   4   -886.1   567.0   3386.3
27   5   -18.4   530.2   3438.4
27   6   233.7   476.1   3390.6
27   7   -48.7   482.1   3331.8
27   8   -170.7   299.0   3516.2
27   9   -170.1   116.4   3517.8
27   10   -274.0   53.2   3536.8
27   11   -314.4   -356.6   3509.2
27   12   -352.9   -727.4   3547.4
27   13   -73.0   49.7   3554.6
27   14   -97.6   -361.8   3534.8
27   15   -106.5   -722.0   3637.9
27   16   -839.3   555.3   3391.4
27   17   -1.7   481.1   3341.6
27   18   -184.5   597.3   3434.6
28   0   -163.8   711.3   3409.6
28   1   -173.4   523.7   3454.7
28   2   -337.0   523.1   3455.9
28   3   -596.4   496.8   3425.4
28   4   -875.7   566.7   3391.2
28   5   -11.0   531.1   3438.8
28   6   242.2   474.7   3400.0
28   7   -37.5   482.0   3330.7
28   8   -164.2   300.3   3515.8
28   9   -165.7   117.8   3522.5
28   10   -269.2   51.8   3540.6
28   11   -301.5   -358.9   3518.4
28   12   -337.5   -735.2   3550.2
28   13   -68.6   48.4   3557.4
28   14   -89.4   -363.3   3543.0
28   15   -106.0   -729.4   3640.8
28   16   -829.1   555.0   3396.9
28   17   9.1   480.8   3342.3
28   18   -176.5   599.9   3433.8
29   0   -157.4   713.2   3409.3
29   1   -166.4   525.1   3454.0
29   2   -329.1   524.7   3458.8
29   3   -588.6   496.9   3430.3
29   4   -867.3   565.0   3396.2
29   5   -3.3   530.4   3439.4
29   6   250.2   472.7   3403.7
29   7   -28.8   481.1   3332.4
29   8   -160.3   300.7   3515.6
29   9   -163.2   118.4   3527.3
29   10   -266.0   50.1   3545.0
29   11   -288.9   -360.1   3520.7
29   12   -322.6   -736.5   3561.2
29   13   -65.6   47.3   3558.5
29   14   -83.4   -363.6   3545.7
29   15   -105.5   -730.8   3641.6
29   16   -820.8   553.6   3401.9
29   17   17.7   479.7   3344.3
29   18   -168.4   601.3   3433.1
30   0   -153.9   714.2   3409.1
30   1   -160.5   525.8   3453.6
30   2   -322.6   525.9   3461.4
30   3   -582.1   497.0   3434.7
30   4   -861.1   563.0   3404.3
30   5   4.0   529.1   3440.1
30   6   257.2   469.6   3405.1
30   7   -22.0   479.3   3335.4
30   8   -158.4   300.6   3515.8
30   9   -162.1   118.4   3530.9
30   10   -264.2   48.4   3548.7
30   11   -281.0   -358.5   3521.4
30   12   -308.6   -731.5   3581.4
30   13   -63.8   46.7   3558.7
30   14   -77.8   -361.2   3550.1
30   15   -104.7   -728.1   3641.8
30   16   -814.6   552.0   3409.3
30   17   24.5   477.7   3347.1
30   18   -161.2   602.0   3432.6
31   0   -152.4   714.8   3409.0
31   1   -156.2   526.2   3453.8
31   2   -318.4   527.0   3462.2
31   3   -577.1   497.0   3436.5
31   4   -853.4   560.7   3405.1
31   5   9.7   527.7   3440.8
31   6   261.5   465.7   3405.7
31   7   -15.8   476.5   3340.0
31   8   -157.5   300.4   3517.6
31   9   -161.6   118.5   3533.6
31   10   -263.3   47.3   3552.0
31   11   -275.8   -355.7   3522.1
31   12   -299.9   -725.3   3593.8
31   13   -62.1   47.0   3558.7
31   14   -75.4   -357.0   3554.1
31   15   -104.2   -723.0   3642.2
31   16   -807.4   550.1   3410.3
31   17   30.4   474.7   3350.9
31   18   -155.8   602.2   3432.3
32   0   -151.6   715.0   3409.0
32   1   -153.1   526.5   3454.6
32   2   -315.7   527.7   3462.0
32   3   -572.8   496.8   3436.7
32   4   -845.3   558.4   3396.9
32   5   13.9   526.6   3441.5
32   6   263.3   461.3   3405.9
32   7   -12.5   472.5   3346.3
32   8   -156.9   300.7   3521.4
32   9   -161.2   119.0   3536.3
32   10   -262.2   46.1   3557.2
32   11   -275.1   -352.8   3523.4
32   12   -296.1   -720.2   3599.5
32   13   -60.6   47.3   3558.9
32   14   -74.7   -352.9   3557.7
32   15   -103.8   -717.7   3643.2
32   16   -799.9   548.1   3403.5
32   17   33.5   470.6   3356.2
32   18   -151.9   602.3   3432.1
33   0   -151.2   715.0   3408.9
33   1   -151.2   526.9   3455.7
33   2   -314.3   527.9   3461.5
33   3   -569.9   496.9   3436.5
33   4   -839.1   556.7   3391.0
33   5   16.8   525.9   3442.2
33   6   264.2   459.5   3406.1
33   7   -9.9   469.1   3351.3
33   8   -156.4   301.3   3526.8
33   9   -160.9   119.9   3538.9
33   10   -261.8   45.6   3560.6
33   11   -276.6   -350.1   3525.4
33   12   -295.4   -716.3   3600.7
33   13   -59.6   47.3   3559.6
33   14   -74.9   -349.9   3560.7
33   15   -103.5   -713.8   3643.7
33   16   -794.2   546.8   3398.6
33   17   35.8   467.5   3360.4
33   18   -149.5   602.2   3432.0
34   0   -150.9   715.1   3409.1
34   1   -150.1   527.2   3456.9
34   2   -313.8   527.7   3461.0
34   3   -568.2   497.1   3436.4
34   4   -837.0   556.1   3388.3
34   5   18.4   525.2   3442.8
34   6   264.6   459.2   3406.5
34   7   -10.0   468.1   3355.7
34   8   -155.9   301.9   3531.9
34   9   -160.5   120.7   3541.0
34   10   -261.7   45.6   3563.0
34   11   -277.6   -347.7   3528.8
34   12   -296.0   -713.4   3600.4
34   13   -58.9   47.0   3560.6
34   14   -75.3   -347.7   3561.9
34   15   -103.3   -710.8   3643.2
34   16   -792.2   546.3   3396.3
34   17   35.8   466.6   3364.2
34   18   -148.2   602.2   3431.9
35   0   -150.4   715.4   3410.8
35   1   -149.6   527.5   3457.6
35   2   -313.6   527.4   3460.7
35   3   -567.4   497.2   3436.5
35   4   -837.0   556.2   3387.5
35   5   19.2   524.6   3443.6
35   6   264.9   459.6   3407.4
35   7   -11.1   468.8   3359.4
35   8   -155.5   302.0   3535.4
35   9   -160.1   121.1   3542.8
35   10   -261.7   45.8   3565.2
35   11   -278.0   -345.7   3533.6
35   12   -296.1   -711.2   3600.9
35   13   -58.9   46.0   3562.5
35   14   -75.6   -346.8   3562.2
35   15   -103.2   -709.2   3642.2
35   16   -792.1   546.4   3395.7
35   17   34.9   467.3   3367.4
35   18   -147.6   602.2   3431.9
36   0   -149.7   716.0   3414.6
36   1   -149.2   527.6   3458.1
36   2   -313.7   527.0   3460.6
36   3   -567.3   497.4   3436.8
36   4   -838.0   556.4   3387.3
36   5   19.7   524.1   3444.3
36   6   265.5   460.3   3408.6
36   7   -12.0   470.3   3362.0
36   8   -155.1   301.7   3537.6
36   9   -159.7   121.3   3544.6
36   10   -261.6   46.2   3567.4
36   11   -278.2   -343.9   3537.7
36   12   -295.8   -709.1   3603.4
36   13   -59.1   44.8   3565.6
36   14   -75.8   -346.3   3562.2
36   15   -103.2   -708.1   3642.0
36   16   -792.9   546.6   3395.6
36   17   34.3   468.6   3369.7
36   18   -147.3   602.1   3431.9
37   0   -148.9   716.7   3421.1
37   1   -149.1   527.7   3458.5
37   2   -313.9   526.8   3460.8
37   3   -567.4   497.4   3436.9
37   4   -836.8   556.2   3387.6
37   5   20.0   523.7   3445.1
37   6   266.1   461.1   3410.1
37   7   -9.9   470.8   3363.8
37   8   -154.7   301.3   3539.0
37   9   -159.3   121.3   3545.9
37   10   -261.7   46.5   3568.0
37   11   -278.3   -342.5   3540.0
37   12   -295.0   -707.1   3606.2
37   13   -59.0   44.5   3568.6
37   14   -75.9   -345.4   3562.1
37   15   -103.2   -706.5   3642.4
37   16   -791.9   546.4   3395.8
37   17   36.1   469.2   3371.5
37   18   -147.2   602.1   3432.0
38   0   -148.0   717.1   3429.6
38   1   -149.0   527.8   3458.7
38   2   -314.1   526.5   3461.1
38   3   -567.8   497.4   3437.4
38   4   -834.6   555.7   3387.8
38   5   20.2   523.3   3446.1
38   6   266.8   461.9   3412.0
38   7   -6.4   470.9   3363.9
38   8   -154.5   301.1   3540.0
38   9   -158.8   121.4   3546.8
38   10   -261.8   46.7   3567.8
38   11   -278.4   -341.4   3540.4
38   12   -293.7   -705.1   3609.4
38   13   -58.6   44.5   3570.8
38   14   -76.0   -344.4   3562.0
38   15   -103.3   -704.8   3643.0
38   16   -790.1   546.0   3396.0
38   17   39.1   469.4   3371.9
38   18   -147.2   602.1   3432.0
39   0   -147.0   717.1   3437.8
39   1   -148.9   527.8   3458.9
39   2   -314.3   526.2   3461.4
39   3   -568.2   497.4   3438.3
39   4   -832.1   555.2   3387.7
39   5   20.3   523.0   3447.1
39   6   267.3   462.2   3413.2
39   7   -3.1   470.9   3364.0
39   8   -154.2   301.0   3540.6
39   9   -158.3   121.4   3547.3
39   10   -261.5   46.8   3567.7
39   11   -278.4   -340.6   3540.7
39   12   -292.4   -703.4   3612.5
39   13   -57.9   44.9   3571.7
39   14   -76.2   -343.3   3561.9
39   15   -103.5   -703.0   3644.4
39   16   -788.1   545.6   3396.1
39   17   42.0   469.5   3372.2
39   18   -147.2   602.1   3432.1
40   0   -146.3   716.9   3443.0
40   1   -148.9   527.8   3459.0
40   2   -314.4   525.9   3461.8
40   3   -568.6   497.4   3439.1
40   4   -830.0   554.8   3387.5
40   5   20.4   522.7   3448.1
40   6   267.7   462.3   3414.7
40   7   0.1   470.9   3364.1
40   8   -154.0   301.0   3541.0
40   9   -157.7   121.4   3547.6
40   10   -261.2   47.0   3567.7
40   11   -278.7   -339.9   3541.2
40   12   -292.0   -701.8   3616.0
40   13   -57.2   44.9   3572.4
40   14   -76.5   -342.6   3562.0
40   15   -103.7   -701.7   3646.4
40   16   -786.4   545.2   3396.1
40   17   44.7   469.4   3372.6
40   18   -147.2   602.1   3432.2
41   0   -145.8   716.8   3444.6
41   1   -148.8   527.8   3459.1
41   2   -314.6   525.7   3462.1
41   3   -569.1   497.5   3439.3
41   4   -828.3   554.5   3387.2
41   5   20.5   522.4   3449.3
41   6   268.2   462.3   3416.3
41   7   2.8   470.8   3364.5
41   8   -153.8   300.9   3541.2
41   9   -157.2   121.4   3547.8
41   10   -260.7   47.1   3567.7
41   11   -278.8   -339.3   3541.8
41   12   -291.8   -701.5   3614.0
41   13   -56.6   44.9   3572.6
41   14   -77.0   -342.1   3562.2
41   15   -104.0   -700.7   3647.4
41   16   -785.1   545.0   3395.9
41   17   47.0   469.4   3373.2
41   18   -147.2   602.1   3432.3
42   0   -145.5   716.8   3444.5
42   1   -148.8   527.8   3459.2
42   2   -314.8   525.4   3462.3
42   3   -569.5   497.6   3439.0
42   4   -829.6   554.9   3386.1
42   5   20.5   522.2   3450.4
42   6   268.5   462.3   3416.5
42   7   2.1   470.9   3364.6
42   8   -153.5   300.9   3541.2
42   9   -156.6   121.3   3547.9
42   10   -260.2   47.4   3567.6
42   11   -278.9   -338.8   3542.7
42   12   -291.7   -701.4   3612.2
42   13   -56.0   45.1   3572.5
42   14   -77.6   -341.6   3562.3
42   15   -104.4   -700.3   3646.9
42   16   -786.3   545.4   3394.9
42   17   46.5   469.4   3373.2
42   18   -147.2   602.1   3432.3
