28   0   4.3   750.3   3387.5
28   1   14.4   556.0   3414.0
28   2   -147.8   551.2   3452.2
28   3   -373.3   430.1   3357.8
28   4   -440.2   489.4   3064.2
28   5   178.6   551.1   3404.2
28   6   362.8   403.8   3267.0
28   7   429.8   461.1   2973.1
28   8   23.1   302.1   3453.0
28   9   28.9   118.5   3448.5
28   10   -75.5   34.3   3476.1
28   11   -28.7   -370.4   3460.7
28   12   40.8   -764.4   3529.6
28   13   141.7   45.2   3471.4
28   14   66.8   -355.5   3464.1
28   15   -17.5   -746.5   3533.5
28   16   -429.0   479.5   3113.1
28   17   418.7   451.5   3022.1
28   18   11.5   637.2   3401.5
29   0   4.1   750.3   3386.5
29   1   14.5   556.3   3413.5
29   2   -148.1   551.1   3449.8
29   3   -375.8   432.9   3357.6
29   4   -460.4   492.2   3071.1
29   5   178.7   551.6   3401.3
29   6   363.9   404.8   3265.1
29   7   440.3   463.1   2973.8
29   8   23.7   302.5   3454.3
29   9   29.4   118.8   3449.8
29   10   -74.9   33.5   3476.4
29   11   -29.9   -371.8   3464.6
29   12   38.8   -766.3   3525.5
29   13   141.6   43.7   3471.8
29   14   65.2   -357.0   3466.9
29   15   -16.8   -749.0   3522.5
29   16   -446.3   482.3   3118.9
29   17   427.6   453.4   3022.4
29   18   11.5   637.3   3400.5
30   0   3.9   750.4   3384.0
30   1   14.9   557.1   3412.4
30   2   -148.4   552.1   3446.0
30   3   -383.0   443.6   3361.5
30   4   -514.4   499.8   3102.1
30   5   179.2   553.5   3396.6
30   6   367.3   413.6   3257.4
30   7   481.9   465.1   2982.9
30   8   25.6   304.4   3458.8
30   9   30.7   119.5   3454.3
30   10   -73.7   32.5   3477.6
30   11   -31.7   -373.6   3468.9
30   12   33.4   -767.1   3524.6
30   13   141.7   40.5   3473.7
30   14   61.1   -359.9   3472.6
30   15   -13.8   -752.2   3516.1
30   16   -492.6   490.4   3145.3
30   17   462.9   456.5   3028.7
30   18   11.5   637.8   3397.6
31   0   3.9   750.5   3380.6
31   1   15.6   558.5   3410.6
31   2   -148.7   554.2   3441.7
31   3   -393.0   457.0   3374.0
31   4   -581.0   514.3   3153.1
31   5   179.4   555.0   3391.5
31   6   375.1   428.6   3250.5
31   7   544.5   465.8   3006.1
31   8   27.9   307.5   3465.0
31   9   32.4   120.3   3460.0
31   10   -72.3   31.8   3478.7
31   11   -33.7   -375.1   3473.1
31   12   28.8   -764.8   3526.9
31   13   142.2   37.7   3475.4
31   14   55.9   -361.9   3479.4
31   15   -6.9   -752.5   3519.6
31   16   -549.8   504.7   3189.9
31   17   516.3   459.6   3046.8
31   18   11.6   638.7   3393.3
32   0   3.9   752.0   3377.7
32   1   16.1   560.1   3408.4
32   2   -148.3   555.9   3438.6
32   3   -401.9   471.7   3389.8
32   4   -629.2   524.7   3197.2
32   5   179.7   556.6   3385.5
32   6   385.1   441.6   3248.6
32   7   598.8   465.6   3035.1
32   8   29.7   310.9   3469.5
32   9   33.7   121.1   3463.9
32   10   -70.9   32.6   3478.8
32   11   -35.8   -375.4   3476.5
32   12   25.7   -762.5   3517.9
32   13   142.8   37.9   3476.0
32   14   55.4   -362.1   3482.6
32   15   -3.0   -750.7   3491.7
32   16   -591.4   515.9   3229.3
32   17   563.3   461.6   3070.7
32   18   11.8   639.8   3388.9
33   0   4.1   754.2   3375.8
33   1   16.5   561.6   3406.6
33   2   -147.8   557.2   3436.9
33   3   -407.4   484.3   3397.9
33   4   -662.9   531.2   3236.1
33   5   180.0   558.1   3381.0
33   6   391.7   447.5   3249.4
33   7   632.9   466.1   3061.8
33   8   30.6   313.8   3471.8
33   9   34.4   121.9   3465.7
33   10   -69.5   34.5   3478.4
33   11   -37.9   -374.7   3478.8
33   12   23.8   -758.9   3515.2
33   13   143.0   40.2   3475.7
33   14   58.8   -361.4   3482.5
33   15   -2.8   -746.2   3501.0
33   16   -620.3   523.4   3263.1
33   17   592.7   463.0   3093.1
33   18   11.9   641.0   3385.7
34   0   4.6   756.6   3374.6
34   1   16.8   563.0   3405.0
34   2   -147.2   558.1   3435.5
34   3   -410.0   492.6   3401.9
34   4   -682.5   533.9   3266.9
34   5   180.6   559.4   3376.5
34   6   396.8   448.4   3252.8
34   7   649.3   467.3   3079.2
34   8   31.1   316.1   3472.6
34   9   34.8   123.3   3466.1
34   10   -68.2   37.4   3477.5
34   11   -38.6   -373.4   3479.3
34   12   23.6   -754.8   3517.2
34   13   143.2   44.6   3474.7
34   14   58.4   -358.5   3480.5
34   15   -2.6   -740.5   3508.6
34   16   -637.1   527.0   3289.4
34   17   607.2   464.1   3108.1
34   18   12.3   642.1   3383.3
35   0   5.2   758.8   3373.7
35   1   17.2   564.1   3403.1
35   2   -146.6   558.8   3434.5
35   3   -410.5   495.1   3404.1
35   4   -691.3   535.1   3288.0
35   5   181.4   560.6   3374.3
35   6   399.1   448.2   3254.3
35   7   655.3   468.1   3087.9
35   8   31.3   317.8   3471.3
35   9   35.0   124.7   3464.7
35   10   -67.3   40.5   3476.1
35   11   -38.7   -372.0   3479.3
35   12   24.2   -750.9   3518.8
35   13   142.4   47.4   3472.9
35   14   57.9   -357.3   3476.9
35   15   -3.3   -736.8   3512.6
35   16   -644.5   528.5   3307.3
35   17   612.6   464.8   3115.6
35   18   12.7   643.2   3381.2
36   0   5.7   760.4   3373.0
36   1   17.5   564.8   3401.2
36   2   -146.3   559.4   3433.6
36   3   -410.2   494.8   3405.6
36   4   -692.0   534.6   3295.1
36   5   182.0   561.2   3373.9
36   6   399.8   448.0   3254.6
36   7   656.0   468.2   3091.0
36   8   31.4   318.4   3467.9
36   9   35.0   125.5   3461.3
36   10   -66.5   42.5   3474.2
36   11   -38.3   -371.3   3479.0
36   12   25.9   -748.3   3519.6
36   13   141.6   48.9   3470.5
36   14   57.8   -357.3   3472.8
36   15   -4.7   -734.5   3514.5
36   16   -645.0   528.0   3313.5
36   17   613.3   464.8   3118.3
36   18   13.0   644.0   3379.8
37   0   6.1   761.5   3372.4
37   1   17.7   565.0   3399.6
37   2   -146.2   559.7   3432.9
37   3   -409.5   492.1   3406.8
37   4   -688.7   533.7   3294.5
37   5   182.4   561.5   3373.7
37   6   399.9   447.5   3254.6
37   7   654.9   468.0   3091.7
37   8   31.4   318.2   3463.5
37   9   35.0   125.8   3456.6
37   10   -66.3   44.3   3471.9
37   11   -38.5   -370.5   3478.7
37   12   26.3   -746.2   3520.3
37   13   140.9   49.8   3467.9
37   14   57.9   -357.6   3471.5
37   15   -5.5   -733.4   3514.5
37   16   -642.2   526.8   3313.2
37   17   612.4   464.6   3118.8
37   18   13.3   644.5   3379.1
38   0   6.2   762.3   3372.1
38   1   17.8   565.0   3398.3
38   2   -146.3   559.9   3432.4
38   3   -408.7   489.0   3407.9
38   4   -684.4   532.6   3290.4
38   5   182.7   561.8   3373.7
38   6   399.6   447.0   3254.4
38   7   652.8   467.9   3090.0
38   8   31.4   317.7   3459.3
38   9   35.0   125.8   3452.0
38   10   -66.5   45.7   3469.5
38   11   -39.1   -369.6   3478.6
38   12   26.0   -744.2   3520.8
38   13   140.5   50.2   3465.1
38   14   58.6   -358.0   3471.0
38   15   -5.4   -732.5   3515.9
38   16   -638.5   525.3   3309.9
38   17   610.6   464.4   3117.4
38   18   13.4   644.7   3378.7
39   0   6.3   762.8   3371.9
39   1   17.8   565.0   3397.5
39   2   -146.3   560.2   3432.4
39   3   -408.0   486.6   3408.2
39   4   -679.2   530.7   3282.1
39   5   183.0   562.2   3373.7
39   6   399.3   446.6   3254.1
39   7   649.7   467.8   3086.2
39   8   31.3   317.4   3456.3
39   9   35.0   126.0   3448.7
39   10   -66.3   46.1   3468.0
39   11   -39.3   -369.9   3478.4
39   12   25.5   -744.1   3519.9
39   13   140.2   50.3   3463.2
39   14   60.2   -358.8   3470.8
39   15   -4.0   -733.7   3506.1
39   16   -634.0   523.4   3303.1
39   17   608.0   464.2   3114.2
39   18   13.5   644.8   3378.6
40   0   6.3   763.2   3371.9
40   1   17.9   564.9   3397.2
40   2   -146.2   560.5   3432.8
40   3   -407.4   485.5   3408.0
40   4   -667.9   527.0   3260.4
40   5   183.2   562.7   3373.8
40   6   398.8   446.3   3253.8
40   7   645.0   467.5   3078.6
40   8   31.3   317.2   3454.7
40   9   35.0   126.2   3447.0
40   10   -65.9   45.9   3467.4
40   11   -39.1   -370.6   3478.4
40   12   24.7   -744.1   3517.5
40   13   140.2   50.3   3461.9
40   14   61.9   -359.7   3470.9
40   15   -5.1   -733.3   3502.8
40   16   -624.5   520.1   3285.0
40   17   604.0   463.9   3107.8
40   18   13.5   644.9   3378.6
41   0   6.3   763.4   3371.8
41   1   17.9   564.9   3397.1
41   2   -146.2   560.9   3433.4
41   3   -407.0   485.1   3407.4
41   4   -659.5   524.9   3241.8
41   5   183.5   563.3   3374.0
41   6   398.2   446.3   3252.8
41   7   637.4   466.8   3064.9
41   8   31.3   317.2   3454.2
41   9   35.0   126.5   3446.3
41   10   -65.8   45.7   3467.1
41   11   -38.9   -370.9   3478.4
41   12   23.8   -743.4   3516.3
41   13   140.1   50.3   3461.3
41   14   63.6   -360.2   3471.0
41   15   -4.6   -732.3   3502.8
41   16   -617.4   518.2   3269.4
41   17   597.5   463.4   3096.2
41   18   13.6   644.9   3378.7
42   0   6.2   763.6   3371.8
42   1   17.9   564.9   3397.3
42   2   -146.1   561.0   3433.7
42   3   -406.7   485.0   3406.6
42   4   -654.9   524.8   3228.8
42   5   183.7   563.9   3374.0
42   6   397.2   446.6   3251.1
42   7   631.2   466.3   3052.2
42   8   31.3   317.3   3454.1
42   9   34.9   126.8   3446.2
42   10   -65.8   45.7   3467.0
42   11   -38.5   -370.6   3478.4
42   12   23.6   -742.1   3515.5
42   13   140.2   50.3   3461.3
42   14   63.9   -360.0   3471.0
42   15   -5.6   -730.5   3503.6
42   16   -613.5   518.2   3258.4
42   17   592.2   463.0   3085.4
42   18   13.6   644.9   3378.9
