22   0   10.7   742.4   3382.8
22   1   17.6   549.1   3418.0
22   2   -148.7   551.1   3461.5
22   3   -361.7   459.5   3311.5
22   4   -419.1   512.9   3019.2
22   5   185.3   546.8   3389.8
22   6   365.1   418.7   3223.8
22   7   419.9   506.6   2939.4
22   8   23.4   290.0   3445.7
22   9   28.1   104.4   3432.5
22   10   -75.6   25.1   3456.8
22   11   -12.8   -382.7   3447.8
22   12   31.7   -762.3   3535.7
22   13   140.9   36.5   3444.6
22   14   63.0   -368.8   3444.0
22   15   -13.2   -745.9   3520.2
22   16   -409.6   504.0   3067.9
22   17   410.8   491.9   2986.8
22   18   15.8   631.9   3409.1
23   0   10.1   743.0   3382.7
23   1   17.4   549.8   3417.6
23   2   -149.0   551.5   3460.5
23   3   -362.4   462.7   3309.4
23   4   -434.5   515.0   3022.4
23   5   184.9   547.8   3388.4
23   6   366.0   421.6   3222.4
23   7   427.1   505.3   2938.6
23   8   23.7   291.1   3446.7
23   9   28.3   105.4   3433.2
23   10   -75.5   26.7   3456.7
23   11   -14.7   -380.9   3447.6
23   12   32.0   -761.3   3531.9
23   13   140.7   37.2   3445.0
23   14   62.5   -367.6   3446.8
23   15   -10.9   -746.1   3518.3
23   16   -422.5   506.3   3070.2
23   17   416.9   491.3   2985.9
23   18   15.4   632.5   3408.3
24   0   8.2   745.7   3382.4
24   1   16.7   551.9   3416.4
24   2   -149.8   552.3   3457.2
24   3   -366.0   470.4   3306.6
24   4   -480.0   522.1   3040.7
24   5   183.9   550.0   3386.2
24   6   369.9   434.6   3218.7
24   7   451.9   497.7   2937.4
24   8   24.4   294.6   3449.2
24   9   29.0   108.3   3435.0
24   10   -74.6   29.8   3456.5
24   11   -20.5   -378.1   3446.4
24   12   32.0   -758.5   3529.4
24   13   140.4   39.3   3445.5
24   14   63.2   -365.1   3449.4
24   15   -2.9   -746.2   3517.3
24   16   -461.1   513.5   3085.0
24   17   438.3   487.2   2984.3
24   18   14.3   634.4   3405.9
25   0   5.5   749.4   3381.7
25   1   15.9   554.4   3414.2
25   2   -151.0   552.8   3450.7
25   3   -373.1   478.9   3304.9
25   4   -541.0   528.3   3071.1
25   5   182.8   552.7   3384.1
25   6   373.5   448.8   3214.3
25   7   490.3   488.0   2942.5
25   8   25.2   299.2   3451.3
25   9   29.9   112.0   3436.5
25   10   -73.1   33.6   3456.2
25   11   -25.3   -374.6   3443.7
25   12   31.5   -756.4   3528.5
25   13   140.5   42.8   3445.6
25   14   61.2   -360.7   3450.0
25   15   -0.7   -745.4   3515.5
25   16   -513.1   520.1   3110.1
25   17   470.9   481.5   2987.8
25   18   12.9   636.7   3402.2
26   0   3.7   752.5   3380.9
26   1   15.3   556.1   3411.7
26   2   -152.3   552.6   3442.5
26   3   -383.3   484.6   3308.1
26   4   -592.5   532.0   3103.1
26   5   182.0   554.4   3382.7
26   6   376.5   457.5   3212.6
26   7   525.8   481.3   2953.5
26   8   25.8   302.7   3451.6
26   9   30.7   114.6   3436.9
26   10   -72.3   36.4   3455.8
26   11   -27.1   -372.1   3442.1
26   12   31.3   -756.5   3527.1
26   13   140.7   44.9   3444.9
26   14   59.8   -358.2   3447.8
26   15   -3.8   -745.8   3511.8
26   16   -557.7   524.0   3137.2
26   17   500.9   477.4   2996.7
26   18   11.9   638.2   3398.7
27   0   2.9   754.5   3378.4
27   1   15.0   556.8   3409.0
27   2   -152.8   552.4   3437.5
27   3   -390.4   486.4   3313.4
27   4   -628.2   534.9   3135.0
27   5   181.5   554.8   3381.8
27   6   379.8   462.4   3213.3
27   7   548.1   476.5   2962.7
27   8   26.1   304.7   3450.5
27   9   31.3   116.0   3436.4
27   10   -72.1   38.2   3455.4
27   11   -27.5   -368.2   3442.3
27   12   31.0   -754.2   3526.3
27   13   141.1   45.6   3444.6
27   14   60.9   -355.5   3446.7
27   15   -7.7   -743.8   3509.4
27   16   -588.6   526.8   3164.7
27   17   520.1   474.2   3004.4
27   18   11.3   638.8   3395.5
28   0   2.7   755.4   3374.4
28   1   14.8   557.0   3406.4
28   2   -152.8   552.3   3435.3
28   3   -395.3   486.2   3320.9
28   4   -650.7   538.5   3158.3
28   5   181.3   554.8   3380.2
28   6   383.6   465.0   3214.9
28   7   564.3   472.4   2967.5
28   8   26.3   305.7   3448.9
28   9   31.6   116.6   3435.5
28   10   -72.5   39.4   3454.9
28   11   -29.0   -364.6   3444.3
28   12   29.9   -752.2   3525.3
28   13   141.4   45.3   3444.4
28   14   62.1   -353.3   3446.7
28   15   -7.2   -743.0   3506.4
28   16   -608.1   529.8   3185.4
28   17   534.2   471.2   3008.7
28   18   11.1   639.0   3392.6
29   0   2.7   755.6   3369.1
29   1   14.7   557.0   3404.1
29   2   -152.6   552.3   3434.6
29   3   -400.2   485.8   3331.9
29   4   -658.7   539.9   3171.3
29   5   181.1   554.8   3376.0
29   6   385.3   463.6   3213.8
29   7   572.3   469.5   2969.4
29   8   26.3   306.1   3447.0
29   9   31.9   116.7   3434.4
29   10   -72.9   39.7   3454.3
29   11   -29.2   -361.7   3447.8
29   12   28.8   -750.1   3524.6
29   13   141.7   44.6   3444.3
29   14   62.8   -351.5   3447.2
29   15   -7.0   -740.6   3509.2
29   16   -615.6   530.9   3198.1
29   17   541.1   468.5   3010.1
29   18   10.9   638.9   3390.1
30   0   2.8   755.0   3362.3
30   1   14.7   556.9   3402.2
30   2   -152.3   552.4   3434.6
30   3   -403.8   485.9   3341.7
30   4   -657.0   538.3   3173.6
30   5   181.0   554.8   3372.3
30   6   386.3   460.5   3213.3
30   7   575.5   468.8   2970.9
30   8   26.4   306.1   3444.9
30   9   32.1   116.4   3433.2
30   10   -73.3   39.7   3453.3
30   11   -28.2   -359.4   3448.4
30   12   28.3   -748.5   3524.6
30   13   142.1   44.1   3444.2
30   14   63.5   -349.9   3447.7
30   15   -4.8   -739.1   3512.6
30   16   -614.8   529.6   3201.6
30   17   544.0   467.4   3011.3
30   18   10.9   638.8   3388.2
31   0   3.1   753.0   3357.3
31   1   14.7   556.7   3400.8
31   2   -152.0   552.4   3434.9
31   3   -407.3   485.7   3352.9
31   4   -653.5   537.0   3171.4
31   5   181.1   554.8   3370.0
31   6   386.7   457.2   3213.5
31   7   578.0   469.5   2969.8
31   8   26.5   306.0   3443.2
31   9   32.4   116.1   3432.0
31   10   -73.4   39.7   3452.1
31   11   -26.5   -357.5   3449.2
31   12   28.8   -745.5   3526.3
31   13   142.6   43.8   3444.0
31   14   65.5   -348.6   3447.1
31   15   -1.7   -735.6   3519.2
31   16   -612.5   528.5   3201.6
31   17   546.1   467.5   3010.4
31   18   10.9   638.6   3386.9
32   0   3.4   751.1   3354.8
32   1   14.8   556.5   3399.9
32   2   -151.9   552.5   3435.2
32   3   -410.1   485.2   3363.5
32   4   -649.7   537.0   3168.4
32   5   181.2   554.9   3367.8
32   6   387.7   455.6   3213.5
32   7   580.1   470.2   2966.5
32   8   26.6   305.9   3442.0
32   9   32.7   115.9   3430.9
32   10   -73.4   39.7   3450.7
32   11   -25.2   -356.0   3450.2
32   12   29.2   -741.7   3527.6
32   13   143.0   43.8   3443.8
32   14   66.6   -347.4   3446.9
32   15   -0.6   -733.1   3513.4
32   16   -609.8   528.4   3200.9
32   17   548.0   467.7   3007.7
32   18   10.9   638.5   3386.2
33   0   3.6   749.6   3354.7
33   1   14.8   556.4   3399.2
33   2   -151.9   552.5   3435.4
33   3   -410.6   485.0   3365.3
33   4   -650.8   536.7   3170.3
33   5   181.3   554.9   3365.8
33   6   388.9   455.0   3213.4
33   7   580.0   470.5   2965.1
33   8   26.7   306.0   3441.0
33   9   33.0   115.8   3429.8
33   10   -73.2   39.8   3449.1
33   11   -25.6   -355.1   3449.7
33   12   28.1   -741.1   3524.9
33   13   143.5   44.2   3443.5
33   14   67.1   -346.1   3447.0
33   15   -0.9   -733.0   3502.8
33   16   -610.8   528.1   3202.8
33   17   548.1   467.9   3006.5
33   18   11.0   638.3   3385.5
34   0   3.7   749.8   3355.2
34   1   14.9   556.3   3398.6
34   2   -151.9   552.5   3435.5
34   3   -410.4   484.9   3364.8
34   4   -652.6   535.4   3174.1
34   5   181.6   555.0   3365.0
34   6   389.8   455.3   3213.3
34   7   578.0   470.5   2964.4
34   8   26.8   306.2   3440.4
34   9   33.3   115.8   3429.0
34   10   -72.9   39.9   3448.3
34   11   -26.0   -354.4   3449.5
34   12   27.4   -742.1   3521.4
34   13   143.8   44.4   3443.1
34   14   67.3   -345.2   3447.1
34   15   -1.2   -733.4   3500.6
34   16   -612.3   527.0   3205.9
34   17   546.7   468.0   3005.9
34   18   11.0   638.2   3384.9
35   0   3.7   750.7   3356.1
35   1   14.9   556.1   3398.2
35   2   -152.0   552.4   3435.5
35   3   -410.2   484.9   3364.3
35   4   -653.5   533.3   3177.1
35   5   181.9   555.0   3364.9
35   6   390.5   456.2   3213.2
35   7   575.3   470.4   2963.8
35   8   26.9   306.4   3440.1
35   9   33.6   115.9   3428.4
35   10   -72.4   40.1   3447.9
35   11   -26.3   -353.8   3449.7
35   12   26.8   -743.9   3519.7
35   13   144.0   44.5   3442.6
35   14   67.4   -344.6   3447.1
35   15   -1.7   -734.8   3500.6
35   16   -612.9   525.3   3208.3
35   17   544.5   468.0   3005.4
35   18   11.0   638.1   3384.5
36   0   3.8   751.7   3356.7
36   1   15.0   556.0   3398.0
36   2   -152.1   552.4   3435.6
36   3   -410.3   484.9   3364.4
36   4   -653.2   531.4   3178.9
36   5   182.1   555.0   3364.9
36   6   390.9   457.0   3212.9
36   7   572.3   470.4   2963.0
36   8   27.1   306.6   3439.9
36   9   34.0   115.9   3427.8
36   10   -71.9   40.3   3447.8
36   11   -26.5   -353.4   3450.1
36   12   26.7   -745.5   3519.3
36   13   144.1   44.5   3442.1
36   14   67.7   -344.3   3447.2
36   15   -2.1   -736.3   3500.4
36   16   -612.7   523.7   3209.8
36   17   542.1   468.2   3004.6
36   18   11.0   638.0   3384.2
