2   0   36.9   491.1   3523.6
2   1   35.6   323.9   3520.2
2   2   -108.6   312.4   3513.2
2   3   -100.7   109.0   3392.4
2   4   130.7   268.5   3362.2
2   5   180.4   308.3   3534.6
2   6   170.4   103.1   3417.1
2   7   134.1   -177.2   3413.9
2   8   28.2   113.5   3551.2
2   9   24.0   -50.4   3556.7
2   10   -80.1   -150.5   3591.0
2   11   -68.1   -502.5   3558.7
2   12   -3.1   -824.6   3610.6
2   13   122.0   -158.0   3590.5
2   14   78.4   -506.7   3550.6
2   15   36.4   -829.5   3619.1
2   16   92.1   241.9   3367.3
2   17   140.1   -130.5   3414.4
2   18   38.1   394.4   3509.8
3   0   37.5   492.9   3523.5
3   1   35.6   325.5   3521.4
3   2   -108.5   313.9   3512.3
3   3   -102.4   109.6   3393.0
3   4   122.0   275.5   3356.2
3   5   180.4   309.8   3531.7
3   6   173.1   102.7   3418.0
3   7   134.4   -177.2   3418.3
3   8   28.6   114.6   3553.3
3   9   24.0   -49.9   3560.8
3   10   -78.6   -148.8   3592.2
3   11   -66.0   -501.3   3563.5
3   12   -3.2   -824.4   3605.5
3   13   120.7   -155.6   3592.2
3   14   80.5   -505.1   3554.5
3   15   38.2   -829.0   3614.4
3   16   84.6   247.9   3362.3
3   17   140.8   -130.5   3418.3
3   18   38.0   395.9   3510.7
4   0   39.1   498.4   3523.2
4   1   35.7   330.2   3524.3
4   2   -107.3   317.3   3510.4
4   3   -105.5   112.2   3392.7
4   4   103.0   290.7   3345.0
4   5   179.7   314.6   3526.0
4   6   182.1   103.4   3421.5
4   7   133.6   -172.9   3428.7
4   8   30.3   118.6   3559.3
4   9   24.2   -47.1   3571.4
4   10   -74.0   -142.7   3591.3
4   11   -69.3   -493.9   3550.0
4   12   -3.1   -817.3   3595.8
4   13   117.0   -148.4   3592.0
4   14   86.9   -499.7   3564.4
4   15   40.6   -826.1   3597.7
4   16   68.3   260.9   3353.0
4   17   141.7   -126.8   3427.5
4   18   37.5   400.5   3512.6
5   0   41.1   505.4   3522.3
5   1   35.9   336.1   3527.2
5   2   -105.1   321.2   3507.3
5   3   -108.3   115.6   3390.5
5   4   83.4   305.5   3333.6
5   5   177.9   319.7   3520.4
5   6   191.0   103.3   3428.0
5   7   136.8   -168.3   3444.2
5   8   32.6   123.2   3566.0
5   9   24.8   -44.1   3582.1
5   10   -70.5   -131.7   3589.0
5   11   -65.6   -487.2   3561.8
5   12   -2.0   -813.6   3581.2
5   13   114.9   -137.0   3592.2
5   14   92.9   -492.5   3569.2
5   15   39.7   -820.7   3591.7
5   16   51.5   273.9   3343.1
5   17   145.9   -123.0   3441.5
5   18   37.0   406.3   3514.4
6   0   42.6   510.6   3521.3
6   1   36.1   340.4   3528.5
6   2   -103.0   323.9   3505.8
6   3   -109.7   117.9   3389.7
6   4   70.3   313.3   3326.1
6   5   176.1   323.4   3517.0
6   6   196.9   103.9   3432.2
6   7   137.8   -162.3   3457.3
6   8   34.4   125.4   3569.5
6   9   25.7   -43.3   3586.6
6   10   -68.3   -125.5   3587.6
6   11   -59.3   -483.9   3574.4
6   12   3.9   -811.6   3572.7
6   13   114.1   -131.0   3593.3
6   14   96.2   -488.8   3567.8
6   15   37.8   -817.5   3586.5
6   16   40.3   280.7   3336.7
6   17   147.6   -117.9   3453.1
6   18   36.6   410.4   3515.2
7   0   43.4   513.6   3520.6
7   1   36.2   342.6   3528.3
7   2   -101.5   325.5   3504.9
7   3   -109.9   118.8   3389.9
7   4   62.5   316.6   3323.0
7   5   174.8   325.6   3515.5
7   6   200.8   105.0   3434.0
7   7   133.8   -156.2   3459.7
7   8   35.5   125.2   3570.2
7   9   26.5   -45.9   3585.2
7   10   -68.3   -122.1   3586.8
7   11   -57.2   -481.5   3581.0
7   12   8.0   -809.5   3580.5
7   13   115.3   -128.4   3594.1
7   14   97.4   -486.7   3566.5
7   15   35.6   -815.1   3583.3
7   16   33.8   283.6   3334.1
7   17   145.0   -112.6   3455.4
7   18   36.5   412.5   3514.8
8   0   43.8   515.0   3520.2
8   1   36.3   343.5   3526.5
8   2   -100.5   326.3   3504.3
8   3   -109.4   119.2   3390.0
8   4   59.1   317.3   3322.7
8   5   173.8   326.6   3514.9
8   6   202.3   106.2   3433.4
8   7   128.9   -150.7   3458.2
8   8   36.0   126.0   3568.8
8   9   27.3   -47.1   3580.2
8   10   -69.7   -120.5   3586.6
8   11   -57.0   -478.5   3564.2
8   12   6.2   -804.8   3589.2
8   13   117.3   -127.4   3594.6
8   14   97.4   -485.0   3565.1
8   15   37.0   -813.7   3579.7
8   16   31.0   284.3   3333.9
8   17   141.1   -107.9   3454.1
8   18   36.4   413.4   3512.9
9   0   44.0   515.3   3520.1
9   1   36.4   343.8   3523.6
9   2   -100.0   326.9   3503.7
9   3   -109.1   119.5   3390.0
9   4   57.5   316.8   3323.7
9   5   173.0   327.1   3514.8
9   6   202.5   107.6   3431.0
9   7   135.8   -148.0   3463.2
9   8   36.2   125.3   3567.2
9   9   27.7   -49.3   3575.4
9   10   -70.9   -120.5   3586.5
9   11   -59.6   -478.5   3571.5
9   12   7.1   -804.8   3587.6
9   13   118.8   -127.8   3595.0
9   14   97.4   -484.6   3564.7
9   15   35.9   -813.0   3571.9
9   16   29.7   283.9   3334.7
9   17   146.9   -105.4   3457.8
9   18   36.4   413.7   3509.6
10   0   43.7   515.3   3520.0
10   1   36.2   343.8   3520.3
10   2   -99.5   327.2   3502.4
10   3   -109.0   119.3   3389.6
10   4   56.8   315.7   3324.7
10   5   172.3   327.4   3514.2
10   6   202.3   109.2   3427.3
10   7   143.1   -144.9   3471.3
10   8   35.5   123.8   3564.5
10   9   27.7   -52.1   3571.8
10   10   -70.8   -123.0   3586.5
10   11   -59.0   -480.6   3552.6
10   12   5.8   -803.9   3595.7
10   13   119.5   -128.9   3594.9
10   14   97.8   -487.0   3564.9
10   15   37.4   -815.0   3557.3
10   16   29.2   282.9   3335.5
10   17   152.9   -102.5   3464.0
10   18   36.4   413.7   3506.2
11   0   43.1   515.0   3519.8
11   1   35.9   343.7   3517.1
11   2   -99.2   327.4   3500.4
11   3   -108.9   118.9   3389.0
11   4   56.5   314.3   3325.6
11   5   171.8   327.6   3513.2
11   6   202.2   110.2   3424.6
11   7   140.8   -141.2   3474.6
11   8   34.2   122.3   3561.4
11   9   27.5   -54.7   3569.6
11   10   -69.2   -127.2   3586.3
11   11   -58.8   -481.3   3520.0
11   12   4.2   -795.9   3605.7
11   13   119.1   -130.8   3594.5
11   14   97.8   -490.6   3564.8
11   15   35.5   -818.8   3549.6
11   16   29.0   281.8   3336.2
11   17   151.0   -99.3   3466.3
11   18   36.5   413.6   3503.1
12   0   42.4   514.9   3519.3
12   1   35.6   343.5   3514.6
12   2   -98.8   327.6   3497.8
12   3   -108.9   118.1   3388.3
12   4   56.2   313.0   3326.3
12   5   171.4   327.7   3512.1
12   6   202.1   110.8   3422.5
12   7   128.0   -136.7   3468.7
12   8   32.7   120.9   3557.7
12   9   27.3   -57.1   3568.4
12   10   -68.4   -129.2   3586.2
12   11   -60.4   -489.1   3547.4
12   12   7.6   -809.4   3597.0
12   13   118.2   -132.3   3593.6
12   14   97.9   -494.6   3564.9
12   15   35.6   -823.0   3547.7
12   16   28.7   280.5   3336.6
12   17   140.4   -95.4   3461.0
12   18   36.5   413.5   3501.0
13   0   41.6   514.9   3518.6
13   1   35.2   343.3   3512.5
13   2   -98.5   327.8   3495.6
13   3   -108.9   117.3   3388.1
13   4   54.0   309.7   3327.3
13   5   171.1   327.9   3510.6
13   6   202.3   110.3   3422.8
13   7   117.7   -132.1   3454.4
13   8   31.1   119.9   3554.0
13   9   26.9   -59.1   3567.7
13   10   -67.9   -129.6   3586.1
13   11   -61.2   -494.9   3568.5
13   12   9.1   -818.7   3589.1
13   13   117.7   -132.6   3592.6
13   14   98.0   -498.2   3565.3
13   15   36.2   -826.6   3548.3
13   16   26.9   277.6   3337.5
13   17   131.8   -91.7   3449.1
13   18   36.5   413.4   3499.5
14   0   40.9   514.9   3517.7
14   1   34.9   343.2   3511.2
14   2   -98.2   328.0   3494.4
14   3   -109.2   117.0   3388.0
14   4   53.0   308.0   3327.2
14   5   170.8   328.1   3509.9
14   6   203.1   109.6   3424.9
14   7   124.2   -134.7   3437.1
14   8   29.8   119.4   3551.6
14   9   26.7   -60.6   3567.6
14   10   -67.5   -129.6   3586.0
14   11   -61.4   -499.7   3575.6
14   12   8.8   -825.3   3585.9
14   13   117.2   -132.6   3591.7
14   14   98.0   -502.0   3565.6
14   15   34.7   -830.0   3555.1
14   16   26.0   276.2   3337.4
14   17   137.4   -94.0   3435.0
14   18   36.5   413.3   3498.6
15   0   40.5   515.1   3516.7
15   1   34.7   343.1   3510.6
15   2   -97.9   328.2   3493.7
15   3   -109.8   116.8   3388.0
15   4   52.5   307.3   3324.3
15   5   170.5   328.3   3509.5
15   6   204.9   108.9   3427.7
15   7   135.6   -139.1   3423.8
15   8   29.0   119.2   3550.3
15   9   26.4   -61.8   3567.9
15   10   -67.2   -129.4   3585.8
15   11   -61.4   -501.8   3576.2
15   12   7.2   -828.3   3584.2
15   13   116.5   -132.6   3591.3
15   14   97.6   -504.0   3565.5
15   15   34.2   -831.7   3562.8
15   16   25.4   275.5   3334.9
15   17   147.1   -97.7   3424.4
15   18   36.5   413.3   3498.1
16   0   40.3   515.3   3515.5
16   1   34.6   343.1   3510.2
16   2   -97.7   328.4   3493.2
16   3   -112.5   116.9   3388.1
16   4   50.8   304.9   3311.2
16   5   170.3   328.4   3509.2
16   6   208.6   108.3   3431.2
16   7   144.7   -144.1   3416.7
16   8   28.4   119.2   3549.5
16   9   26.2   -62.7   3568.2
16   10   -67.0   -129.1   3585.7
16   11   -61.1   -501.2   3575.7
16   12   7.8   -827.6   3583.9
16   13   115.9   -132.6   3591.0
16   14   97.1   -503.4   3564.9
16   15   34.7   -831.1   3567.0
16   16   23.6   273.6   3324.0
16   17   155.3   -102.0   3419.1
16   18   36.5   413.2   3497.9
17   0   40.3   515.5   3514.2
17   1   34.5   343.0   3510.1
17   2   -97.4   328.6   3492.8
17   3   -121.6   117.7   3388.6
17   4   43.5   293.7   3288.6
17   5   170.1   328.6   3508.9
17   6   214.3   108.7   3433.5
17   7   139.0   -141.4   3411.5
17   8   28.1   119.4   3549.5
17   9   26.0   -63.4   3568.4
17   10   -66.8   -128.9   3585.5
17   11   -60.6   -498.6   3575.4
17   12   9.9   -824.5   3583.7
17   13   115.4   -132.4   3590.7
17   14   96.7   -500.8   3564.4
17   15   35.9   -828.6   3568.3
17   16   15.9   264.4   3305.3
17   17   151.6   -99.7   3415.1
17   18   36.5   413.2   3497.7
18   0   40.3   515.7   3512.9
18   1   34.4   343.0   3510.1
18   2   -97.3   328.7   3492.8
18   3   -137.7   120.0   3390.0
18   4   38.6   273.5   3274.8
18   5   169.9   328.7   3508.8
18   6   230.0   111.8   3436.8
18   7   130.2   -127.6   3408.1
18   8   27.8   119.8   3549.7
18   9   25.8   -64.0   3568.7
18   10   -66.7   -128.5   3585.2
18   11   -60.2   -495.5   3575.4
18   12   10.7   -821.2   3583.3
18   13   115.0   -132.0   3590.2
18   14   96.6   -497.7   3564.4
18   15   37.3   -825.6   3567.6
18   16   9.2   247.9   3294.0
18   17   146.8   -87.7   3412.9
18   18   36.5   413.1   3497.7
19   0   40.3   515.9   3511.4
19   1   34.4   342.9   3510.3
19   2   -97.1   328.9   3493.1
19   3   -155.3   122.6   3394.0
19   4   10.3   239.2   3236.0
19   5   169.8   328.8   3508.9
19   6   243.4   114.2   3443.0
19   7   130.2   -118.8   3408.4
19   8   27.6   120.2   3550.1
19   9   25.6   -64.4   3568.9
19   10   -66.6   -128.0   3584.8
19   11   -60.1   -493.5   3576.0
19   12   15.0   -818.0   3583.0
19   13   114.7   -131.2   3589.7
19   14   96.9   -495.5   3564.8
19   15   38.6   -823.5   3566.0
19   16   -17.2   219.8   3262.3
19   17   149.1   -79.9   3414.2
19   18   36.5   413.1   3497.7
20   0   40.3   516.3   3507.9
20   1   34.4   342.9   3510.4
20   2   -97.0   329.0   3493.6
20   3   -172.6   122.9   3406.9
20   4   -55.1   188.3   3196.1
20   5   169.6   328.9   3509.1
20   6   250.0   113.5   3454.0
20   7   134.7   -117.4   3412.7
20   8   27.5   120.9   3550.4
20   9   25.4   -62.7   3568.8
20   10   -66.7   -127.5   3584.2
20   11   -60.1   -491.6   3577.2
20   12   16.5   -815.7   3580.0
20   13   114.5   -130.4   3589.2
20   14   96.9   -493.4   3564.9
20   15   40.3   -821.5   3564.1
20   16   -74.6   177.4   3231.2
20   17   153.9   -78.9   3419.6
20   18   36.5   413.0   3497.8
21   0   40.3   516.5   3504.3
21   1   34.3   342.9   3510.5
21   2   -96.9   329.2   3494.1
21   3   -190.1   125.2   3419.9
21   4   -128.5   129.6   3177.1
21   5   169.5   329.0   3509.2
21   6   255.1   111.7   3474.7
21   7   140.4   -117.5   3422.6
21   8   27.3   121.7   3550.6
21   9   25.2   -60.2   3568.7
21   10   -66.8   -127.0   3583.3
21   11   -59.6   -491.7   3560.8
21   12   15.0   -817.6   3580.0
21   13   114.1   -129.9   3588.7
21   14   97.4   -494.5   3565.8
21   15   41.0   -825.0   3560.7
21   16   -138.7   128.9   3217.5
21   17   159.5   -79.3   3431.2
21   18   36.5   413.0   3497.8
22   0   40.4   516.7   3501.7
22   1   34.4   342.9   3510.6
22   2   -96.8   329.3   3494.3
22   3   -203.2   128.4   3428.8
22   4   -223.1   67.0   3187.0
22   5   169.5   329.2   3509.3
22   6   263.3   113.1   3489.3
22   7   244.3   -14.5   3327.1
22   8   27.2   122.5   3550.7
22   9   25.0   -57.4   3568.5
22   10   -67.6   -124.9   3581.7
22   11   -61.0   -492.6   3563.2
22   12   17.1   -818.9   3574.3
22   13   113.6   -129.3   3587.8
22   14   97.0   -496.6   3565.4
22   15   41.9   -828.0   3557.1
22   16   -219.8   77.2   3227.3
22   17   247.0   6.4   3354.1
22   18   36.6   413.0   3497.9
23   0   40.5   516.8   3499.6
23   1   34.4   342.9   3510.7
23   2   -96.7   329.5   3494.4
23   3   -209.0   132.9   3424.7
23   4   -319.4   14.1   3241.8
23   5   169.6   329.3   3509.4
23   6   275.5   119.5   3483.6
23   7   355.6   -1.7   3307.8
23   8   27.2   123.5   3550.8
23   9   24.8   -54.8   3568.3
23   10   -69.1   -121.2   3579.0
23   11   -62.0   -490.1   3567.4
23   12   18.1   -816.0   3567.9
23   13   113.0   -128.4   3586.7
23   14   97.0   -496.7   3565.5
23   15   42.7   -828.0   3552.7
23   16   -301.2   33.8   3272.3
23   17   342.1   18.4   3337.1
23   18   36.7   412.9   3497.9
24   0   40.6   516.8   3497.7
24   1   34.5   342.8   3510.8
24   2   -96.6   329.7   3494.4
24   3   -213.2   136.6   3421.9
24   4   -380.4   -13.0   3303.7
24   5   169.7   329.4   3509.2
24   6   284.0   124.8   3477.5
24   7   429.5   -8.2   3332.3
24   8   27.1   124.5   3550.8
24   9   24.5   -54.1   3568.3
24   10   -70.3   -116.8   3574.6
24   11   -62.4   -487.1   3573.7
24   12   17.8   -812.5   3564.2
24   13   112.0   -126.9   3585.0
24   14   97.2   -496.6   3565.9
24   15   42.8   -827.4   3552.3
24   16   -352.7   11.9   3323.4
24   17   405.3   13.9   3356.5
24   18   36.9   412.9   3497.9
25   0   40.7   516.7   3495.2
25   1   34.6   342.8   3510.0
25   2   -97.0   330.7   3491.4
25   3   -218.8   139.4   3423.0
25   4   -411.4   -21.6   3343.2
25   5   170.1   329.6   3508.1
25   6   292.7   129.2   3479.9
25   7   469.6   -18.0   3370.9
25   8   27.1   125.2   3549.5
25   9   24.2   -54.2   3567.3
25   10   -69.8   -115.9   3572.4
25   11   -62.6   -488.1   3577.1
25   12   17.7   -812.9   3562.4
25   13   111.1   -125.2   3583.2
25   14   97.4   -497.0   3566.2
25   15   42.3   -827.2   3555.3
25   16   -379.3   5.2   3356.5
25   17   440.1   6.5   3389.1
25   18   37.0   412.9   3497.3
26   0   40.8   516.7   3490.8
26   1   34.7   342.8   3507.5
26   2   -97.4   332.2   3482.3
26   3   -227.1   142.8   3425.3
26   4   -424.5   -23.6   3362.0
26   5   170.5   329.9   3505.9
26   6   299.2   132.4   3485.5
26   7   489.7   -22.5   3401.6
26   8   27.0   126.0   3547.2
26   9   23.8   -54.4   3565.4
26   10   -69.2   -115.0   3571.4
26   11   -62.5   -488.0   3578.6
26   12   16.5   -812.6   3562.3
26   13   110.2   -123.4   3581.8
26   14   97.4   -496.0   3566.2
26   15   42.2   -825.8   3559.7
26   16   -391.6   4.1   3372.6
26   17   458.0   3.3   3415.6
26   18   37.2   412.8   3494.7
27   0   40.9   516.6   3484.3
27   1   34.8   342.9   3503.4
27   2   -97.9   333.1   3476.4
27   3   -235.2   147.1   3426.2
27   4   -428.5   -22.1   3365.8
27   5   170.9   330.3   3503.4
27   6   302.8   134.1   3490.7
27   7   496.5   -21.4   3412.3
27   8   27.0   126.8   3544.5
27   9   23.4   -54.3   3563.4
27   10   -68.8   -114.6   3571.1
27   11   -62.4   -485.8   3578.7
27   12   14.3   -810.6   3562.7
27   13   109.2   -121.8   3581.5
27   14   97.9   -492.7   3567.8
27   15   42.6   -822.1   3562.7
27   16   -396.2   6.1   3375.9
27   17   464.2   4.5   3425.4
27   18   37.3   412.8   3490.1
28   0   41.3   516.5   3478.1
28   1   34.9   343.0   3498.7
28   2   -98.5   333.5   3473.0
28   3   -241.1   150.5   3426.2
28   4   -431.9   -15.3   3360.0
28   5   171.2   330.8   3501.9
28   6   306.4   136.6   3493.1
28   7   500.7   -10.5   3403.7
28   8   27.0   127.6   3542.1
28   9   22.9   -54.1   3561.9
28   10   -68.7   -114.7   3571.1
28   11   -62.6   -483.1   3578.3
28   12   12.3   -808.0   3563.1
28   13   108.2   -121.4   3581.8
28   14   98.3   -489.6   3570.3
28   15   43.9   -818.6   3560.6
28   16   -400.1   12.4   3371.0
28   17   468.3   14.0   3418.6
28   18   37.5   412.8   3484.7
29   0   41.8   516.6   3474.8
29   1   35.1   343.1   3494.5
29   2   -98.8   333.9   3470.8
29   3   -246.6   154.7   3425.1
29   4   -437.8   0.0   3344.0
29   5   171.5   331.3   3500.6
29   6   312.4   141.2   3493.6
29   7   507.7   16.3   3381.8
29   8   27.0   128.2   3539.8
29   9   22.4   -54.2   3560.9
29   10   -68.9   -115.1   3571.2
29   11   -64.5   -480.7   3571.7
29   12   13.2   -807.3   3565.1
29   13   107.1   -121.6   3582.3
29   14   98.7   -487.0   3573.6
29   15   45.1   -817.8   3553.4
29   16   -405.9   25.8   3357.5
29   17   475.1   37.1   3400.4
29   18   37.8   412.8   3479.8
30   0   42.3   516.6   3473.2
30   1   35.4   343.3   3491.4
30   2   -99.0   334.3   3470.2
30   3   -253.4   161.8   3421.4
30   4   -445.9   22.3   3320.1
30   5   171.9   331.8   3499.9
30   6   323.8   150.8   3493.0
30   7   513.8   38.0   3359.5
30   8   27.0   128.6   3538.7
30   9   22.1   -54.4   3560.6
30   10   -69.0   -115.5   3571.3
30   11   -65.0   -478.6   3573.2
30   12   14.5   -805.4   3564.9
30   13   106.3   -121.9   3583.4
30   14   98.8   -485.0   3578.1
30   15   45.3   -815.7   3548.2
30   16   -413.8   45.5   3337.0
30   17   482.1   56.8   3381.8
30   18   38.2   412.8   3476.1
31   0   42.9   516.7   3472.2
31   1   35.7   343.4   3489.6
31   2   -99.0   334.7   3470.1
31   3   -259.8   171.4   3412.4
31   4   -453.3   49.6   3290.3
31   5   172.1   331.9   3499.7
31   6   335.1   160.9   3491.6
31   7   517.5   63.1   3335.4
31   8   27.0   128.7   3538.3
31   9   21.9   -54.9   3560.6
31   10   -69.2   -115.2   3571.4
31   11   -65.2   -479.3   3575.6
31   12   15.6   -805.6   3564.3
31   13   107.3   -119.7   3584.0
31   14   98.3   -483.8   3578.3
31   15   45.6   -814.4   3546.4
31   16   -421.0   69.9   3310.7
31   17   487.1   79.4   3361.4
31   18   38.6   412.8   3473.8
32   0   43.5   516.7   3471.6
32   1   36.1   343.5   3488.7
32   2   -98.9   335.2   3470.2
32   3   -264.8   182.4   3399.9
32   4   -461.8   81.6   3262.7
32   5   172.3   331.8   3499.7
32   6   346.6   172.6   3489.6
32   7   512.9   97.2   3305.0
32   8   26.9   128.4   3538.4
32   9   21.8   -55.6   3560.7
32   10   -69.5   -114.3   3571.5
32   11   -65.2   -477.9   3576.5
32   12   15.4   -803.6   3564.4
32   13   109.3   -116.0   3584.3
32   14   98.3   -479.4   3577.9
32   15   46.6   -809.7   3546.5
32   16   -428.9   98.4   3285.6
32   17   485.2   109.8   3335.8
32   18   39.0   412.8   3472.7
33   0   44.1   516.7   3471.4
33   1   36.4   343.5   3488.4
33   2   -98.8   335.8   3470.4
33   3   -269.8   203.2   3377.7
33   4   -469.3   121.5   3228.5
33   5   172.6   331.7   3499.8
33   6   359.7   188.4   3484.5
33   7   526.0   127.6   3290.7
33   8   26.9   128.1   3538.6
33   9   21.7   -56.3   3560.9
33   10   -69.8   -113.0   3571.5
33   11   -65.2   -475.3   3576.9
33   12   14.7   -800.6   3564.6
33   13   110.3   -113.6   3584.1
33   14   98.6   -475.7   3577.9
33   15   47.3   -805.6   3547.0
33   16   -436.1   135.1   3253.4
33   17   498.3   137.8   3323.0
33   18   39.4   412.8   3472.3
34   0   44.7   516.7   3471.4
34   1   36.7   343.5   3488.4
34   2   -98.9   336.5   3470.6
34   3   -278.9   233.1   3360.7
34   4   -473.5   180.3   3190.7
34   5   172.8   331.5   3499.9
34   6   372.2   209.3   3469.8
34   7   543.7   190.1   3271.2
34   8   26.9   127.7   3538.9
34   9   21.6   -56.9   3560.9
34   10   -70.4   -110.9   3571.5
34   11   -65.2   -473.9   3576.9
34   12   14.3   -798.8   3565.1
34   13   111.2   -111.4   3583.5
34   14   98.0   -474.2   3577.4
34   15   47.8   -803.8   3547.9
34   16   -441.1   189.1   3219.0
34   17   515.1   193.3   3304.3
34   18   39.8   412.8   3472.2
35   0   45.0   516.7   3471.5
35   1   37.0   343.5   3488.6
35   2   -98.9   337.4   3470.7
35   3   -288.3   272.6   3348.4
35   4   -466.2   265.6   3156.0
35   5   173.1   331.4   3500.0
35   6   382.9   243.3   3444.5
35   7   558.4   274.6   3252.2
35   8   26.8   127.3   3539.1
35   9   21.6   -57.3   3561.0
35   10   -69.6   -111.7   3571.4
35   11   -65.7   -476.1   3569.6
35   12   15.0   -800.2   3567.2
35   13   109.7   -113.3   3582.7
35   14   97.5   -477.5   3576.4
35   15   47.2   -806.7   3548.6
35   16   -436.5   266.8   3188.1
35   17   529.1   269.4   3284.3
35   18   40.2   412.8   3472.3
36   0   45.2   516.7   3471.5
36   1   37.1   343.5   3488.7
36   2   -99.4   338.5   3470.8
36   3   -291.4   321.8   3338.0
36   4   -457.9   360.6   3139.2
36   5   174.6   333.5   3500.4
36   6   390.8   291.5   3423.4
36   7   526.1   362.6   3213.0
36   8   26.8   127.0   3539.3
36   9   21.6   -57.7   3561.0
36   10   -68.8   -112.9   3571.3
36   11   -66.3   -479.3   3569.7
36   12   16.9   -802.5   3567.1
36   13   108.8   -114.7   3582.3
36   14   97.3   -480.9   3575.3
36   15   46.6   -809.8   3549.3
36   16   -430.2   354.2   3172.3
36   17   503.6   350.7   3248.1
36   18   40.4   412.8   3472.5
37   0   44.7   518.3   3471.5
37   1   37.1   345.1   3488.8
37   2   -101.3   345.4   3471.2
37   3   -281.6   375.0   3324.1
37   4   -439.0   465.7   3136.4
37   5   179.6   347.3   3502.0
37   6   394.4   344.2   3406.7
37   7   496.1   467.5   3202.7
37   8   26.8   128.1   3539.5
37   9   21.6   -56.7   3560.9
37   10   -68.9   -111.8   3571.3
37   11   -66.6   -479.8   3569.7
37   12   18.2   -802.3   3567.1
37   13   108.6   -114.3   3582.2
37   14   97.1   -482.0   3573.6
37   15   46.4   -810.8   3550.9
37   16   -412.7   450.6   3167.7
37   17   479.2   447.0   3236.7
37   18   40.4   414.4   3472.6
38   0   43.8   523.0   3471.3
38   1   37.1   349.8   3488.9
38   2   -103.5   357.2   3471.2
38   3   -262.5   430.0   3313.3
38   4   -411.2   572.3   3150.0
38   5   182.2   360.4   3503.0
38   6   389.4   398.9   3396.2
38   7   451.3   570.0   3208.2
38   8   26.9   132.3   3539.8
38   9   21.8   -51.2   3560.4
38   10   -70.1   -107.2   3571.4
38   11   -67.6   -473.8   3557.6
38   12   18.9   -798.7   3570.0
38   13   108.8   -111.9   3582.2
38   14   98.1   -478.6   3573.7
38   15   46.3   -810.7   3552.0
38   16   -386.4   548.6   3177.2
38   17   441.0   541.5   3239.6
38   18   40.4   419.1   3472.6
39   0   42.0   530.1   3470.9
39   1   37.1   356.9   3489.0
39   2   -103.9   368.1   3467.8
39   3   -241.2   485.4   3311.9
39   4   -375.5   663.1   3167.7
39   5   182.1   370.1   3503.0
39   6   379.4   441.5   3386.4
39   7   397.7   658.7   3245.0
39   8   27.0   139.3   3540.3
39   9   22.0   -42.3   3559.8
39   10   -72.3   -96.2   3571.3
39   11   -68.9   -461.0   3562.0
39   12   16.1   -787.6   3569.3
39   13   109.4   -104.5   3582.1
39   14   98.3   -469.3   3573.5
39   15   48.0   -802.7   3554.0
39   16   -353.1   633.5   3191.7
39   17   394.6   622.5   3268.6
39   18   40.3   426.2   3472.6
40   0   39.3   537.9   3470.7
40   1   36.9   364.8   3489.0
40   2   -102.9   377.5   3462.2
40   3   -223.4   520.2   3308.9
40   4   -342.1   726.5   3192.3
40   5   179.8   376.2   3502.6
40   6   364.2   479.1   3385.9
40   7   423.4   710.4   3286.3
40   8   26.9   148.0   3540.7
40   9   22.1   -31.9   3559.3
40   10   -72.1   -84.8   3570.6
40   11   -69.2   -447.6   3567.4
40   12   12.2   -775.1   3568.4
40   13   109.7   -92.4   3581.7
40   14   98.2   -455.1   3573.2
40   15   50.6   -788.9   3556.2
40   16   -322.3   692.1   3211.8
40   17   413.5   671.8   3302.9
40   18   40.1   434.0   3472.4
41   0   35.5   545.7   3470.4
41   1   36.0   372.6   3488.5
41   2   -101.9   384.7   3459.2
41   3   -215.1   539.5   3310.7
41   4   -315.7   757.9   3201.5
41   5   174.9   379.6   3501.9
41   6   349.6   498.2   3383.8
41   7   443.5   727.2   3305.6
41   8   26.9   156.6   3539.7
41   9   22.1   -21.7   3556.8
41   10   -70.0   -75.3   3567.7
41   11   -68.6   -436.2   3569.5
41   12   8.6   -764.0   3568.1
41   13   108.5   -80.9   3579.9
41   14   98.1   -441.7   3572.9
41   15   53.0   -775.3   3558.7
41   16   -298.9   721.5   3219.7
41   17   427.9   689.0   3318.6
41   18   38.9   441.8   3472.1
42   0   30.9   552.2   3470.1
42   1   33.8   379.0   3487.5
42   2   -102.5   388.9   3459.3
42   3   -212.0   543.4   3308.9
42   4   -309.1   761.3   3202.9
42   5   169.6   383.7   3500.4
42   6   345.8   500.0   3383.5
42   7   458.3   721.4   3310.2
42   8   27.1   163.1   3536.8
42   9   22.2   -15.5   3552.9
42   10   -67.0   -72.0   3562.2
42   11   -67.9   -431.3   3568.9
42   12   6.9   -758.9   3568.2
42   13   104.9   -77.3   3576.7
42   14   97.8   -436.6   3572.4
42   15   54.0   -769.6   3559.8
42   16   -292.9   724.9   3220.5
42   17   439.6   684.5   3322.5
42   18   36.0   448.4   3471.6
43   0   26.3   555.6   3469.9
43   1   31.5   382.2   3486.3
43   2   -103.2   388.6   3461.8
43   3   -210.5   538.4   3307.4
43   4   -316.0   745.4   3195.6
43   5   164.8   385.0   3498.5
43   6   348.0   489.0   3384.3
43   7   469.2   703.2   3307.1
43   8   27.3   165.7   3532.8
43   9   22.3   -14.0   3547.4
43   10   -65.0   -73.3   3554.6
43   11   -67.0   -431.2   3567.0
43   12   6.6   -758.4   3568.4
43   13   103.6   -77.0   3572.0
43   14   97.7   -435.1   3571.4
43   15   54.2   -767.4   3560.5
43   16   -298.4   710.9   3214.2
43   17   449.0   667.5   3319.9
43   18   32.8   451.9   3471.3
44   0   23.2   556.6   3469.8
44   1   29.6   383.1   3485.2
44   2   -103.8   385.7   3465.6
44   3   -213.5   530.4   3308.6
44   4   -320.6   722.7   3178.9
44   5   160.6   383.1   3497.5
44   6   350.4   476.0   3385.0
44   7   477.4   684.1   3303.5
44   8   27.5   165.0   3529.1
44   9   22.4   -15.8   3542.7
44   10   -63.3   -80.5   3551.4
44   11   -68.5   -437.4   3561.1
44   12   8.4   -765.1   3569.2
44   13   104.2   -81.5   3567.4
44   14   96.4   -438.4   3559.4
44   15   53.7   -772.1   3563.0
44   16   -302.7   690.6   3200.5
44   17   456.2   649.4   3317.1
44   18   30.3   452.9   3471.1
45   0   21.7   556.5   3470.0
45   1   28.3   382.8   3484.3
45   2   -103.4   381.0   3468.6
45   3   -217.4   522.1   3309.5
45   4   -327.1   704.5   3169.6
45   5   158.7   382.1   3497.0
45   6   353.9   467.4   3384.3
45   7   482.3   672.4   3301.0
45   8   27.6   164.8   3525.4
45   9   22.7   -17.2   3539.2
45   10   -65.4   -84.9   3550.2
45   11   -68.6   -443.3   3560.6
45   12   9.8   -770.8   3569.3
45   13   107.0   -86.1   3563.5
45   14   97.1   -444.5   3558.4
45   15   52.6   -778.3   3562.9
45   16   -308.8   674.1   3192.9
45   17   460.9   638.3   3314.9
45   18   28.6   452.8   3471.1
46   0   22.3   555.8   3470.4
46   1   27.7   381.9   3483.7
46   2   -103.1   377.5   3470.1
46   3   -220.7   516.0   3310.6
46   4   -334.6   690.5   3163.7
46   5   158.0   381.0   3496.8
46   6   355.9   461.1   3383.4
46   7   483.0   665.3   3296.9
46   8   27.7   162.6   3523.2
46   9   22.9   -20.4   3537.6
46   10   -67.4   -88.4   3550.0
46   11   -68.6   -446.8   3564.7
46   12   10.5   -773.9   3568.9
46   13   109.5   -89.5   3562.5
46   14   98.6   -448.1   3561.7
46   15   51.8   -781.3   3561.6
46   16   -315.7   661.4   3188.2
46   17   461.8   631.3   3311.3
46   18   27.8   452.0   3471.0
47   0   24.4   555.0   3471.1
47   1   27.5   380.9   3483.3
47   2   -103.0   375.2   3470.6
47   3   -226.6   504.2   3308.7
47   4   -334.6   682.5   3161.4
47   5   158.1   380.0   3496.7
47   6   355.6   458.2   3382.0
47   7   483.3   661.0   3293.2
47   8   27.7   160.0   3522.0
47   9   23.1   -23.9   3537.1
47   10   -68.6   -91.1   3550.2
47   11   -67.6   -448.5   3541.2
47   12   9.9   -772.9   3571.7
47   13   111.3   -91.7   3563.0
47   14   99.7   -449.7   3565.7
47   15   51.5   -782.0   3559.9
47   16   -316.6   652.8   3186.0
47   17   462.0   627.2   3308.0
47   18   27.5   451.1   3471.0
48   0   27.9   554.1   3472.0
48   1   27.5   380.0   3483.2
48   2   -103.0   373.5   3470.8
48   3   -231.7   493.6   3307.1
48   4   -333.3   678.6   3160.4
48   5   158.4   378.8   3496.7
48   6   353.1   456.7   3378.7
48   7   483.8   658.5   3287.2
48   8   27.7   157.6   3521.6
48   9   23.3   -25.3   3537.2
48   10   -69.2   -94.5   3551.0
48   11   -67.2   -451.0   3530.2
48   12   9.9   -773.9   3573.3
48   13   112.1   -94.5   3564.9
48   14   99.8   -451.7   3569.9
48   15   51.4   -783.2   3557.4
48   16   -316.4   647.8   3184.9
48   17   462.0   624.9   3302.5
48   18   27.5   450.2   3471.0
49   0   31.7   553.0   3473.1
49   1   27.6   379.0   3483.1
49   2   -103.2   372.5   3470.7
49   3   -235.9   486.8   3307.0
49   4   -333.2   678.1   3160.4
49   5   158.5   377.4   3496.7
49   6   349.7   455.7   3374.8
49   7   484.1   656.4   3278.8
49   8   27.7   155.7   3521.6
49   9   23.4   -25.5   3537.8
49   10   -69.7   -95.8   3551.9
49   11   -67.5   -451.1   3521.3
49   12   9.6   -772.3   3574.1
49   13   111.8   -96.6   3567.1
49   14   100.0   -453.1   3572.3
49   15   51.6   -783.7   3554.2
49   16   -317.0   646.2   3184.8
49   17   461.7   623.0   3294.8
49   18   27.6   449.2   3471.1
50   0   35.0   551.9   3474.1
50   1   27.7   378.1   3483.2
50   2   -103.5   371.8   3470.7
50   3   -238.3   482.3   3306.9
50   4   -334.5   678.3   3159.8
50   5   159.0   376.6   3496.8
50   6   347.4   455.0   3372.1
50   7   483.8   655.0   3268.8
50   8   27.7   154.3   3521.8
50   9   23.4   -25.1   3538.7
50   10   -69.9   -95.9   3553.0
50   11   -68.1   -451.3   3538.8
50   12   10.3   -773.7   3572.2
50   13   111.1   -97.6   3569.3
50   14   99.4   -453.4   3573.2
50   15   52.1   -783.6   3552.8
50   16   -318.4   645.6   3184.3
50   17   461.1   621.7   3286.0
50   18   27.7   448.3   3471.1
51   0   36.5   550.9   3475.1
51   1   27.7   377.2   3483.2
51   2   -104.1   371.6   3470.6
51   3   -242.0   475.2   3305.7
51   4   -334.7   675.5   3160.2
51   5   159.5   376.2   3496.9
51   6   346.9   454.4   3371.5
51   7   480.7   650.6   3256.0
51   8   27.7   153.3   3522.1
51   9   23.4   -24.4   3539.7
51   10   -69.9   -95.5   3554.2
51   11   -68.6   -450.4   3537.8
51   12   10.5   -773.5   3572.4
51   13   110.0   -97.8   3572.2
51   14   99.0   -453.1   3572.6
51   15   52.5   -783.9   3552.4
51   16   -319.3   642.1   3184.5
51   17   458.4   617.9   3275.2
51   18   27.8   447.4   3471.1
52   0   36.7   550.0   3476.0
52   1   27.8   376.4   3483.4
52   2   -104.4   371.3   3470.5
52   3   -249.1   454.5   3301.5
52   4   -331.5   663.8   3161.1
52   5   160.1   375.9   3497.0
52   6   348.6   450.5   3372.1
52   7   474.4   643.6   3241.3
52   8   27.7   152.7   3522.8
52   9   23.4   -23.6   3541.1
52   10   -69.3   -95.9   3555.9
52   11   -69.5   -449.0   3522.9
52   12   9.8   -769.6   3573.7
52   13   108.9   -98.5   3574.4
52   14   98.8   -453.4   3571.3
52   15   53.1   -784.4   3552.7
52   16   -317.8   629.0   3184.5
52   17   453.4   611.4   3263.1
52   18   27.8   446.6   3471.1
53   0   36.1   549.1   3477.2
53   1   27.8   375.6   3483.8
53   2   -104.7   370.8   3470.4
53   3   -259.1   432.3   3301.5
53   4   -324.5   644.6   3157.6
53   5   160.5   375.7   3497.1
53   6   356.5   424.8   3374.0
53   7   460.8   624.9   3236.4
53   8   27.7   152.3   3524.6
53   9   23.4   -23.0   3542.7
53   10   -68.5   -96.5   3558.1
53   11   -69.6   -450.2   3546.5
53   12   10.6   -772.7   3571.1
53   13   108.5   -98.9   3575.6
53   14   98.6   -453.4   3570.7
53   15   53.4   -784.3   3553.0
53   16   -313.6   609.2   3181.5
53   17   443.4   591.5   3259.4
53   18   27.9   445.7   3471.1
54   0   35.2   548.2   3478.6
54   1   27.8   374.9   3484.6
54   2   -104.9   370.1   3470.4
54   3   -270.9   392.1   3305.2
54   4   -300.4   603.1   3152.1
54   5   159.8   373.1   3496.9
54   6   360.1   380.7   3375.1
54   7   439.8   591.2   3238.6
54   8   27.7   152.1   3527.5
54   9   23.3   -22.4   3544.7
54   10   -68.3   -96.6   3559.2
54   11   -69.5   -450.5   3560.1
54   12   10.9   -773.9   3569.7
54   13   108.6   -99.1   3575.9
54   14   98.5   -453.3   3570.5
54   15   53.6   -784.0   3553.2
54   16   -295.5   568.0   3177.6
54   17   426.5   556.1   3261.4
54   18   27.9   444.8   3471.1
55   0   34.4   545.6   3480.4
55   1   27.8   372.4   3486.3
55   2   -102.9   363.4   3472.2
55   3   -273.2   346.6   3310.7
55   4   -253.6   554.8   3156.2
55   5   157.3   365.8   3498.9
55   6   354.1   327.4   3378.3
55   7   392.7   547.5   3243.1
55   8   27.7   150.6   3531.1
55   9   23.3   -25.1   3547.8
55   10   -68.6   -96.9   3559.7
55   11   -69.5   -450.8   3566.4
55   12   11.3   -774.4   3569.3
55   13   109.2   -99.6   3576.2
55   14   98.6   -453.6   3570.7
55   15   53.3   -783.8   3553.2
55   16   -256.9   520.1   3181.9
55   17   386.3   510.8   3265.6
55   18   27.9   442.2   3472.3
56   0   33.5   540.5   3482.4
56   1   27.7   367.3   3489.0
56   2   -102.0   355.2   3473.5
56   3   -264.2   292.2   3315.6
56   4   -192.3   498.0   3178.1
56   5   155.4   355.5   3500.0
56   6   338.1   270.1   3381.0
56   7   320.5   492.5   3252.3
56   8   27.2   146.9   3534.4
56   9   23.2   -30.5   3551.7
56   10   -70.1   -98.1   3560.2
56   11   -69.3   -451.4   3548.5
56   12   11.1   -773.5   3572.0
56   13   111.0   -101.2   3576.9
56   14   98.8   -455.0   3571.2
56   15   52.6   -784.8   3552.9
56   16   -204.2   463.7   3201.0
56   17   323.4   455.4   3273.8
56   18   27.9   437.0   3474.6
57   0   32.4   533.8   3485.9
57   1   27.5   360.6   3492.5
57   2   -102.3   347.4   3474.3
57   3   -228.1   234.6   3314.1
57   4   -133.6   450.2   3206.4
57   5   155.7   346.9   3500.9
57   6   300.1   208.6   3382.6
57   7   246.2   435.7   3270.6
57   8   26.5   141.8   3539.2
57   9   23.0   -37.2   3557.9
57   10   -71.8   -101.9   3561.3
57   11   -70.4   -451.5   3516.5
57   12   9.8   -767.8   3575.0
57   13   113.2   -105.4   3578.3
57   14   99.3   -459.0   3572.2
57   15   51.5   -788.2   3552.4
57   16   -149.3   414.2   3224.4
57   17   255.2   397.8   3289.2
57   18   27.9   430.3   3477.7
58   0   31.7   527.0   3486.5
58   1   27.4   354.2   3493.0
58   2   -101.8   339.4   3467.5
58   3   -183.0   182.3   3319.3
58   4   -66.5   402.6   3249.3
58   5   158.1   341.7   3495.0
58   6   247.7   159.7   3387.2
58   7   176.7   390.8   3290.1
58   8   25.8   137.1   3543.1
58   9   22.8   -43.3   3563.3
58   10   -72.3   -105.9   3563.0
58   11   -71.2   -459.5   3541.6
58   12   12.9   -778.0   3573.3
58   13   114.1   -109.6   3579.9
58   14   98.4   -465.0   3572.8
58   15   50.6   -794.0   3552.1
58   16   -85.9   365.9   3261.0
58   17   188.5   352.2   3306.3
58   18   27.9   423.6   3477.0
59   0   31.3   520.8   3485.3
59   1   27.3   348.5   3491.4
59   2   -103.2   334.8   3464.5
59   3   -139.1   149.2   3329.3
59   4   13.5   351.5   3276.6
59   5   160.5   338.4   3489.7
59   6   203.6   130.8   3393.2
59   7   89.4   340.7   3294.7
59   8   25.4   132.7   3545.7
59   9   22.6   -47.2   3567.8
59   10   -68.9   -118.4   3567.5
59   11   -70.5   -477.2   3564.8
59   12   18.8   -796.1   3570.0
59   13   111.3   -120.8   3582.7
59   14   98.0   -480.4   3573.8
59   15   47.5   -808.7   3550.8
59   16   -12.0   317.8   3285.4
59   17   108.5   305.7   3311.1
59   18   27.9   417.6   3474.1
60   0   31.1   515.6   3484.0
60   1   27.2   343.6   3489.7
60   2   -104.9   332.2   3464.2
60   3   -120.3   127.1   3348.4
60   4   54.4   311.1   3292.1
60   5   162.3   336.2   3487.9
60   6   179.3   114.9   3405.3
60   7   37.5   302.6   3296.8
60   8   25.2   128.1   3546.4
60   9   22.5   -50.4   3570.2
60   10   -68.6   -125.8   3572.6
60   11   -70.9   -483.8   3540.6
60   12   20.3   -800.7   3578.2
60   13   110.3   -128.5   3586.0
60   14   98.0   -489.3   3575.0
60   15   45.4   -818.6   3549.9
60   16   25.3   280.5   3301.5
60   17   61.1   271.3   3314.9
60   18   27.9   412.5   3471.5
61   0   31.1   512.4   3483.0
61   1   27.2   340.6   3488.3
61   2   -106.1   331.0   3464.0
61   3   -116.0   116.0   3362.8
61   4   68.6   286.4   3300.2
61   5   163.2   334.9   3487.1
61   6   172.1   106.7   3418.6
61   7   25.5   281.9   3297.9
61   8   25.1   124.9   3546.2
61   9   22.5   -52.1   3571.0
61   10   -69.5   -129.0   3575.1
61   11   -70.3   -488.1   3557.9
61   12   22.3   -807.5   3575.5
61   13   110.7   -132.0   3588.7
61   14   98.2   -492.3   3576.3
61   15   44.7   -821.7   3549.9
61   16   37.8   258.0   3310.6
61   17   50.0   252.7   3318.1
61   18   27.9   409.4   3469.9
62   0   31.1   510.9   3482.4
62   1   27.2   339.1   3487.5
62   2   -106.8   330.7   3464.0
62   3   -115.5   113.1   3367.8
62   4   70.3   279.8   3301.7
62   5   163.4   334.1   3487.0
62   6   176.7   102.7   3432.8
62   7   35.9   271.1   3297.9
62   8   25.1   123.1   3545.9
62   9   22.5   -52.6   3571.2
62   10   -70.4   -130.6   3576.2
62   11   -69.2   -489.5   3567.4
62   12   22.4   -810.4   3574.6
62   13   111.2   -133.6   3591.6
62   14   99.1   -492.7   3578.5
62   15   44.3   -821.6   3549.4
62   16   39.3   252.1   3312.8
62   17   59.4   243.0   3320.4
62   18   27.9   407.9   3469.0
63   0   31.2   510.3   3482.0
63   1   27.2   338.6   3487.1
63   2   -107.2   330.8   3464.1
63   3   -116.3   113.4   3368.8
63   4   65.2   283.4   3301.0
63   5   163.2   333.4   3487.1
63   6   182.5   101.8   3438.4
63   7   44.8   268.7   3298.4
63   8   25.1   122.1   3545.6
63   9   22.4   -52.5   3571.0
63   10   -70.9   -131.2   3576.7
63   11   -67.8   -488.5   3554.5
63   12   21.5   -811.2   3578.1
63   13   111.2   -134.0   3594.6
63   14   99.7   -491.9   3580.7
63   15   44.3   -822.1   3548.4
63   16   34.9   255.1   3312.3
63   17   67.7   240.8   3321.7
63   18   27.9   407.3   3468.5
64   0   31.2   510.2   3481.8
64   1   27.2   338.4   3486.9
64   2   -107.3   330.9   3464.1
64   3   -117.5   115.0   3367.4
64   4   58.7   289.4   3297.6
64   5   163.1   333.2   3487.2
64   6   187.7   102.7   3438.5
64   7   51.0   269.3   3297.1
64   8   25.1   121.6   3545.4
64   9   22.4   -52.1   3571.0
64   10   -70.6   -130.4   3576.6
64   11   -67.7   -490.4   3560.4
64   12   21.6   -814.4   3574.1
64   13   110.7   -133.2   3594.8
64   14   98.9   -493.3   3580.0
64   15   44.3   -824.1   3548.4
64   16   29.4   260.3   3309.3
64   17   73.7   241.5   3320.6
64   18   27.9   407.2   3468.4
65   0   31.2   510.3   3481.6
65   1   27.2   338.5   3486.8
65   2   -107.3   331.0   3464.2
65   3   -118.5   116.8   3365.0
65   4   58.3   291.9   3297.9
65   5   163.0   333.2   3487.3
65   6   193.1   104.0   3438.0
65   7   56.0   269.3   3295.2
65   8   25.1   121.4   3545.3
65   9   22.3   -51.6   3571.0
65   10   -70.1   -129.6   3576.5
65   11   -67.6   -490.2   3570.9
65   12   20.5   -814.3   3569.2
65   13   109.9   -132.4   3594.4
65   14   98.8   -492.8   3579.7
65   15   44.5   -823.3   3548.6
65   16   28.8   262.7   3309.1
65   17   78.8   241.7   3319.0
65   18   27.9   407.3   3468.3
66   0   31.2   510.4   3481.4
66   1   27.2   338.6   3486.8
66   2   -107.3   331.1   3464.2
66   3   -119.0   118.4   3362.4
66   4   54.0   298.7   3299.2
66   5   163.0   333.2   3487.3
66   6   196.6   105.0   3437.1
66   7   59.8   270.4   3293.9
66   8   25.0   121.2   3545.2
66   9   22.2   -51.2   3570.9
66   10   -69.6   -129.0   3576.4
66   11   -67.2   -487.9   3553.2
66   12   19.1   -811.1   3573.8
66   13   109.3   -131.9   3594.5
66   14   98.6   -491.5   3579.1
66   15   44.7   -821.9   3548.9
66   16   25.2   268.7   3309.7
66   17   82.6   242.8   3317.8
66   18   27.9   407.4   3468.3
67   0   31.2   510.5   3481.3
67   1   27.2   338.7   3486.8
67   2   -107.2   331.1   3464.2
67   3   -119.2   119.3   3360.8
67   4   42.6   308.3   3302.1
67   5   162.9   333.3   3487.4
67   6   196.7   105.9   3433.8
67   7   65.0   277.7   3297.4
67   8   24.9   121.2   3545.2
67   9   22.2   -50.9   3570.7
67   10   -69.4   -128.7   3576.3
67   11   -67.1   -485.4   3539.5
67   12   18.2   -807.1   3578.3
67   13   108.7   -131.7   3594.4
67   14   94.5   -485.3   3544.0
67   15   47.7   -814.2   3562.9
67   16   15.7   276.8   3311.9
67   17   87.0   249.1   3320.2
67   18   27.9   407.5   3468.3
68   0   31.1   509.4   3481.1
68   1   27.1   338.9   3486.2
68   2   -107.2   331.1   3464.2
68   3   -119.1   120.3   3358.8
68   4   25.8   322.8   3304.8
68   5   162.8   333.3   3487.2
68   6   195.8   107.5   3427.1
68   7   73.6   295.3   3306.4
68   8   24.7   121.6   3545.2
68   9   22.1   -50.1   3570.6
68   10   -69.2   -128.5   3576.2
68   11   -67.2   -484.6   3542.7
68   12   18.9   -808.5   3577.9
68   13   108.2   -131.7   3594.1
68   14   93.2   -478.7   3513.7
68   15   49.8   -805.2   3573.0
68   16   1.6   289.1   3313.8
68   17   93.9   264.0   3326.5
68   18   27.9   407.6   3467.5
69   0   31.2   507.9   3481.6
69   1   27.1   339.0   3485.6
69   2   -107.2   331.2   3464.5
69   3   -118.9   120.7   3358.1
69   4   -2.4   338.9   3305.3
69   5   162.7   333.5   3487.7
69   6   193.7   110.9   3416.1
69   7   92.5   318.2   3313.2
69   8   24.5   122.4   3545.4
69   9   21.8   -49.2   3570.1
69   10   -69.2   -128.3   3576.1
69   11   -67.3   -483.4   3540.6
69   12   19.5   -810.6   3578.3
69   13   107.7   -131.4   3593.8
69   14   92.7   -472.6   3492.1
69   15   51.3   -798.4   3579.0
69   16   -21.8   302.5   3314.1
69   17   109.4   283.7   3330.4
69   18   27.9   407.6   3466.6
70   0   31.4   506.2   3484.4
70   1   27.0   339.1   3485.2
70   2   -107.3   331.2   3465.0
70   3   -118.7   121.0   3358.0
70   4   -29.8   351.4   3301.9
70   5   162.6   333.9   3488.8
70   6   190.8   114.6   3406.7
70   7   128.9   342.0   3319.9
70   8   24.2   123.2   3545.4
70   9   21.3   -48.2   3569.7
70   10   -69.6   -128.3   3576.1
70   11   -67.7   -482.4   3538.1
70   12   19.2   -810.7   3577.4
70   13   107.0   -131.2   3593.6
70   14   96.0   -479.0   3531.6
70   15   48.0   -810.9   3565.3
70   16   -44.6   313.0   3311.2
70   17   139.2   304.1   3334.4
70   18   27.9   407.7   3466.0
71   0   31.6   504.4   3489.5
71   1   26.9   339.1   3485.5
71   2   -107.3   331.3   3465.5
71   3   -118.6   121.4   3357.8
71   4   -49.2   356.0   3287.8
71   5   162.3   334.6   3492.9
71   6   189.1   118.9   3400.8
71   7   154.4   357.4   3321.7
71   8   24.0   123.8   3545.5
71   9   20.8   -47.5   3569.3
71   10   -70.0   -128.4   3576.1
71   11   -68.4   -482.0   3538.8
71   12   18.7   -810.6   3575.0
71   13   106.4   -131.2   3593.5
71   14   97.9   -483.0   3559.3
71   15   46.3   -817.2   3555.1
71   16   -60.7   316.9   3299.5
71   17   160.2   317.6   3334.8
71   18   27.9   407.7   3466.4
72   0   31.7   503.5   3494.2
72   1   26.9   339.0   3487.2
72   2   -107.3   331.4   3466.2
72   3   -118.5   121.8   3357.8
72   4   -56.1   356.4   3276.9
72   5   162.0   335.2   3498.0
72   6   188.2   122.1   3399.3
72   7   166.4   365.3   3322.0
72   8   23.7   123.9   3545.5
72   9   20.2   -47.4   3568.8
72   10   -70.6   -128.5   3576.1
72   11   -68.7   -482.4   3549.2
72   12   17.7   -811.1   3569.0
72   13   105.8   -131.2   3593.2
72   14   98.6   -484.7   3571.5
72   15   45.8   -819.3   3550.4
72   16   -66.5   317.3   3290.4
72   17   170.0   324.7   3334.9
72   18   27.9   407.7   3468.5
73   0   31.9   503.3   3497.1
73   1   26.8   338.8   3489.6
73   2   -107.3   331.5   3466.8
73   3   -118.3   122.1   3357.8
73   4   -57.2   354.0   3266.1
73   5   162.3   335.4   3500.7
73   6   187.8   123.0   3400.2
73   7   170.1   367.9   3323.6
73   8   23.4   123.6   3545.7
73   9   19.8   -47.6   3568.2
73   10   -71.0   -128.5   3576.0
73   11   -68.6   -482.7   3561.7
73   12   16.2   -810.8   3562.3
73   13   105.4   -131.2   3592.7
73   14   98.6   -485.3   3575.2
73   15   45.9   -819.3   3549.1
73   16   -67.4   315.3   3281.4
73   17   173.0   327.1   3336.4
73   18   27.9   407.7   3471.7
74   0   32.2   503.5   3498.3
74   1   26.8   338.7   3491.7
74   2   -107.3   331.7   3466.9
74   3   -117.5   122.1   3358.4
74   4   -51.6   356.3   3278.7
74   5   162.5   335.1   3501.6
74   6   187.3   123.0   3400.2
74   7   163.7   368.2   3327.7
74   8   23.2   123.4   3545.7
74   9   19.6   -47.8   3567.8
74   10   -71.1   -128.7   3576.1
74   11   -69.3   -482.6   3559.2
74   12   15.1   -809.5   3561.5
74   13   104.9   -131.6   3592.5
74   14   96.1   -479.4   3536.7
74   15   48.8   -809.3   3562.2
74   16   -62.5   317.2   3292.0
74   17   167.6   327.3   3339.8
74   18   27.9   407.7   3474.3
75   0   32.5   504.0   3496.1
75   1   26.8   338.6   3492.6
75   2   -107.4   332.0   3466.6
75   3   -116.0   121.5   3359.5
75   4   -21.3   349.6   3299.4
75   5   163.0   334.6   3498.5
75   6   187.0   119.6   3403.6
75   7   114.9   342.9   3314.1
75   8   23.2   123.4   3545.8
75   9   19.7   -47.9   3567.5
75   10   -71.0   -129.0   3576.4
75   11   -69.3   -482.9   3566.6
75   12   15.0   -810.7   3559.1
75   13   104.6   -132.2   3592.5
75   14   95.1   -477.1   3518.0
75   15   49.7   -806.7   3569.4
75   16   -37.1   311.6   3309.4
75   17   126.9   305.7   3329.0
75   18   27.9   407.7   3475.6
76   0   32.8   504.5   3491.9
76   1   26.8   338.6   3493.0
76   2   -107.5   332.3   3466.4
76   3   -114.0   121.0   3360.9
76   4   14.9   332.9   3307.1
76   5   163.1   334.1   3496.8
76   6   185.1   116.0   3408.9
76   7   58.2   305.1   3308.5
76   8   23.2   123.3   3545.8
76   9   19.8   -47.9   3567.4
76   10   -71.0   -129.1   3576.6
76   11   -68.4   -485.3   3574.2
76   12   15.1   -812.7   3557.3
76   13   104.7   -132.6   3592.3
76   14   96.5   -483.3   3536.8
76   15   47.6   -815.2   3563.1
76   16   -6.5   297.5   3316.1
76   17   79.4   273.6   3325.2
76   18   27.9   407.7   3476.0
77   0   33.2   504.7   3488.3
77   1   26.8   338.6   3493.1
77   2   -107.7   332.6   3466.3
77   3   -112.0   119.7   3364.1
77   4   33.3   321.9   3305.2
77   5   163.1   333.9   3496.0
77   6   179.7   113.3   3413.1
77   7   29.1   288.4   3306.5
77   8   23.2   123.1   3545.8
77   9   20.0   -48.0   3567.3
77   10   -70.7   -130.0   3577.6
77   11   -66.9   -486.9   3579.2
77   12   15.2   -814.5   3556.4
77   13   104.8   -133.7   3592.3
77   14   95.4   -484.5   3530.2
77   15   47.9   -816.8   3566.6
77   16   9.1   288.2   3315.0
77   17   54.2   259.3   3324.3
77   18   27.9   407.7   3476.2
78   0   33.8   504.6   3486.0
78   1   26.8   338.6   3493.1
78   2   -107.7   332.8   3466.2
78   3   -111.8   116.4   3371.7
78   4   37.1   313.6   3300.6
78   5   163.1   333.8   3495.6
78   6   174.6   111.5   3416.4
78   7   18.4   284.2   3306.2
78   8   23.2   122.9   3545.8
78   9   20.3   -48.2   3567.2
78   10   -70.6   -130.5   3578.1
78   11   -64.8   -487.2   3581.0
78   12   14.7   -814.8   3556.5
78   13   105.3   -134.5   3592.4
78   14   96.8   -488.2   3555.7
78   15   46.6   -820.3   3556.0
78   16   12.3   280.7   3312.4
78   17   44.4   255.4   3324.6
78   18   27.9   407.7   3476.2
79   0   34.4   504.4   3484.9
79   1   26.8   338.6   3493.2
79   2   -107.7   332.9   3466.2
79   3   -112.5   112.6   3381.5
79   4   35.2   306.7   3298.3
79   5   163.0   333.7   3495.5
79   6   171.0   110.9   3417.4
79   7   18.2   286.1   3304.0
79   8   23.2   122.6   3545.9
79   9   20.5   -48.5   3567.2
79   10   -70.7   -130.7   3578.3
79   11   -63.4   -486.9   3579.1
79   12   15.8   -813.8   3558.1
79   13   105.7   -134.9   3592.6
79   14   97.9   -489.9   3573.5
79   15   46.0   -820.6   3548.6
79   16   10.6   274.3   3312.2
79   17   43.7   256.9   3322.9
79   18   27.9   407.7   3476.3
80   0   34.9   504.2   3484.4
80   1   26.8   338.6   3493.2
80   2   -107.6   332.9   3466.2
80   3   -112.8   110.8   3385.9
80   4   33.0   304.9   3298.0
80   5   163.0   333.8   3495.5
80   6   170.4   110.9   3417.3
80   7   18.0   282.9   3298.3
80   8   23.3   122.4   3545.9
80   9   20.7   -48.7   3567.2
80   10   -70.9   -130.8   3578.4
80   11   -63.9   -488.6   3576.9
80   12   17.0   -814.3   3560.5
80   13   106.2   -135.0   3592.7
80   14   98.0   -492.3   3576.9
80   15   45.5   -822.6   3547.1
80   16   8.7   272.5   3312.7
80   17   43.4   254.2   3318.1
80   18   27.9   407.7   3476.3
81   0   35.6   504.0   3484.2
81   1   26.9   338.6   3493.2
81   2   -107.5   332.8   3466.2
81   3   -113.1   109.6   3388.9
81   4   30.6   304.6   3298.8
81   5   163.0   333.8   3495.5
81   6   171.3   111.3   3416.4
81   7   18.1   281.8   3296.4
81   8   23.4   122.1   3546.0
81   9   20.9   -48.9   3567.2
81   10   -71.1   -130.9   3578.5
81   11   -63.5   -488.8   3571.0
81   12   17.4   -813.9   3565.2
81   13   106.6   -135.3   3592.8
81   14   98.4   -493.1   3580.2
81   15   45.2   -822.4   3545.7
81   16   6.6   272.1   3313.9
81   17   43.6   253.4   3316.4
81   18   28.0   407.7   3476.4
82   0   36.5   503.7   3484.6
82   1   27.0   338.6   3493.4
82   2   -107.0   332.3   3467.3
82   3   -113.3   108.7   3391.0
82   4   28.7   304.3   3299.4
82   5   162.7   333.7   3496.4
82   6   171.7   112.0   3415.3
82   7   18.2   284.2   3298.4
82   8   23.5   121.9   3546.1
82   9   21.0   -49.1   3567.3
82   10   -71.2   -131.0   3578.6
82   11   -64.7   -488.4   3571.7
82   12   17.6   -812.6   3568.5
82   13   106.9   -135.5   3592.9
82   14   98.6   -492.9   3580.8
82   15   45.3   -821.5   3545.5
82   16   5.0   271.7   3314.7
82   17   43.7   255.5   3317.8
82   18   28.1   407.7   3476.5
83   0   37.3   503.5   3485.3
83   1   27.1   338.6   3493.5
83   2   -106.0   331.5   3467.9
83   3   -113.4   108.0   3391.5
83   4   27.4   304.4   3299.9
83   5   162.3   333.8   3497.6
83   6   171.7   112.8   3414.8
83   7   16.7   284.8   3299.8
83   8   23.7   121.8   3546.4
83   9   21.1   -49.3   3567.4
83   10   -71.4   -131.0   3578.6
83   11   -65.3   -487.7   3574.6
83   12   17.8   -811.2   3569.1
83   13   107.3   -135.5   3593.0
83   14   98.9   -492.1   3580.8
83   15   45.6   -820.1   3545.7
83   16   3.9   271.7   3315.1
83   17   42.5   256.2   3319.0
83   18   28.1   407.7   3476.7
84   0   38.2   503.2   3486.1
84   1   27.2   338.6   3493.7
84   2   -104.6   330.3   3468.6
84   3   -113.6   107.3   3391.3
84   4   26.4   304.6   3300.3
84   5   161.7   334.0   3498.0
84   6   171.8   113.2   3414.8
84   7   16.3   285.1   3300.5
84   8   24.0   121.7   3546.9
84   9   21.2   -49.4   3567.6
84   10   -71.5   -131.0   3578.6
84   11   -63.3   -488.4   3559.4
84   12   17.6   -812.4   3573.7
84   13   107.6   -135.4   3593.1
84   14   98.6   -493.4   3579.6
84   15   45.3   -822.3   3546.0
84   16   3.1   271.7   3315.5
84   17   42.2   256.4   3319.6
84   18   28.2   407.7   3476.8
85   0   38.6   503.0   3486.7
85   1   27.4   338.6   3494.0
85   2   -103.6   330.1   3469.4
85   3   -113.5   107.4   3391.2
85   4   26.4   305.0   3300.5
85   5   161.2   334.3   3498.1
85   6   172.0   113.3   3415.2
85   7   16.1   284.4   3300.1
85   8   24.2   121.6   3547.3
85   9   21.2   -49.4   3567.8
85   10   -71.6   -131.1   3578.7
85   11   -64.1   -489.5   3567.7
85   12   18.0   -813.5   3570.3
85   13   107.7   -135.6   3593.1
85   14   98.2   -494.1   3577.9
85   15   45.1   -823.3   3546.7
85   16   3.1   272.1   3315.6
85   17   42.1   255.9   3319.3
85   18   28.3   407.7   3477.0
86   0   38.5   502.9   3487.5
86   1   27.5   338.6   3494.6
86   2   -103.0   330.2   3471.2
86   3   -113.5   108.3   3391.1
86   4   26.8   305.7   3300.6
86   5   160.6   334.6   3499.9
86   6   172.3   114.3   3415.5
86   7   15.7   283.2   3298.1
86   8   24.4   121.4   3547.8
86   9   21.2   -49.6   3568.1
86   10   -71.6   -131.1   3578.7
86   11   -64.4   -489.3   3572.1
86   12   17.5   -813.3   3568.1
86   13   107.7   -135.6   3593.1
86   14   98.5   -493.6   3578.0
86   15   45.1   -822.5   3546.9
86   16   3.4   272.8   3315.7
86   17   41.8   255.0   3317.7
86   18   28.5   407.7   3477.7
87   0   38.3   502.8   3488.4
87   1   27.6   338.6   3495.4
87   2   -102.4   330.5   3473.3
87   3   -113.5   109.5   3391.0
87   4   27.4   306.6   3301.1
87   5   160.2   334.7   3500.9
87   6   172.6   114.8   3415.8
87   7   15.9   281.6   3295.7
87   8   24.6   121.2   3548.3
87   9   21.2   -49.9   3568.3
87   10   -71.7   -131.1   3578.7
87   11   -64.2   -488.6   3575.0
87   12   16.6   -812.5   3567.1
87   13   107.8   -135.6   3593.2
87   14   99.0   -492.9   3578.8
87   15   45.1   -821.0   3546.8
87   16   3.9   273.8   3316.1
87   17   42.0   253.8   3315.7
87   18   28.6   407.7   3478.7
88   0   38.0   502.7   3489.3
88   1   27.7   338.6   3496.4
88   2   -102.0   330.8   3475.5
88   3   -113.5   110.6   3391.1
88   4   28.4   307.4   3302.0
88   5   159.9   334.8   3501.2
88   6   172.8   115.0   3416.0
88   7   16.8   281.9   3295.1
88   8   24.7   121.0   3548.8
88   9   21.2   -50.1   3568.6
88   10   -71.7   -131.1   3578.8
88   11   -63.4   -487.7   3577.0
88   12   15.7   -811.7   3566.9
88   13   107.8   -135.6   3593.2
88   14   99.2   -492.0   3579.2
88   15   45.3   -819.7   3547.1
88   16   4.8   274.6   3316.8
88   17   42.8   254.1   3315.3
88   18   28.7   407.7   3479.8
89   0   37.6   502.7   3490.0
89   1   27.8   338.5   3497.5
89   2   -101.6   331.1   3477.6
89   3   -113.6   111.7   3391.3
89   4   29.3   308.2   3303.0
89   5   159.7   334.8   3501.4
89   6   172.9   115.0   3416.1
89   7   18.3   283.7   3295.7
89   8   24.8   120.8   3549.4
89   9   21.2   -50.3   3568.9
89   10   -71.7   -131.1   3578.8
89   11   -62.2   -486.9   3578.4
89   12   15.0   -810.9   3566.6
89   13   107.9   -135.6   3593.2
89   14   99.0   -491.2   3579.0
89   15   45.5   -818.6   3547.7
89   16   5.5   275.4   3317.7
89   17   44.1   255.6   3315.8
89   18   28.8   407.7   3481.0
90   0   37.2   502.7   3490.5
90   1   27.9   338.5   3498.5
90   2   -101.1   331.4   3477.8
90   3   -113.6   111.9   3391.8
90   4   29.7   308.5   3304.4
90   5   159.6   334.8   3501.4
90   6   172.9   115.0   3416.1
90   7   18.9   284.5   3296.1
90   8   24.9   120.5   3550.0
90   9   21.3   -50.6   3569.2
90   10   -71.7   -131.2   3578.9
90   11   -60.2   -486.1   3572.8
90   12   14.9   -812.1   3568.3
90   13   108.0   -135.7   3593.2
90   14   95.9   -488.4   3558.0
90   15   47.0   -818.2   3557.3
90   16   5.8   275.7   3318.9
90   17   44.6   256.3   3316.1
90   18   28.9   407.7   3482.2
91   0   36.8   502.6   3490.8
91   1   28.1   338.5   3499.5
91   2   -100.7   331.6   3476.9
91   3   -113.7   111.6   3392.3
91   4   29.9   308.4   3305.8
91   5   159.5   334.8   3501.4
91   6   173.1   115.0   3416.3
91   7   19.0   284.3   3296.2
91   8   25.0   120.3   3550.6
91   9   21.3   -50.8   3569.5
91   10   -71.8   -131.2   3579.0
91   11   -59.4   -484.9   3559.5
91   12   14.5   -810.9   3572.4
91   13   108.1   -135.8   3593.3
91   14   97.6   -488.8   3566.4
91   15   46.0   -818.6   3555.1
91   16   5.9   275.6   3320.3
91   17   44.7   256.1   3316.2
91   18   29.0   407.7   3483.3
92   0   36.3   502.6   3491.0
92   1   28.2   338.5   3500.3
92   2   -100.4   331.9   3475.7
92   3   -113.8   111.2   3393.0
92   4   29.8   307.9   3306.4
92   5   159.4   334.8   3501.4
92   6   173.4   115.0   3416.4
92   7   18.6   283.7   3296.4
92   8   25.1   120.1   3551.2
92   9   21.3   -51.0   3569.9
92   10   -71.8   -131.2   3579.1
92   11   -58.9   -485.6   3537.1
92   12   14.3   -811.0   3579.4
92   13   108.1   -135.8   3593.3
92   14   98.3   -492.4   3573.4
92   15   44.3   -824.0   3552.0
92   16   5.9   275.1   3320.8
92   17   44.4   255.6   3316.4
92   18   29.1   407.7   3484.2
93   0   35.9   502.5   3491.0
93   1   28.3   338.5   3501.0
93   2   -100.0   332.1   3474.6
93   3   -113.9   110.8   3393.6
93   4   29.9   307.3   3306.8
93   5   159.4   334.8   3501.4
93   6   174.1   115.1   3416.5
93   7   18.7   283.5   3296.7
93   8   25.2   119.9   3551.7
93   9   21.3   -51.2   3570.2
93   10   -71.8   -131.3   3579.1
93   11   -59.6   -483.8   3518.2
93   12   13.6   -808.1   3584.3
93   13   108.2   -135.8   3593.3
93   14   99.3   -493.7   3580.2
93   15   42.9   -826.8   3548.6
93   16   5.9   274.6   3321.2
93   17   44.6   255.4   3316.7
93   18   29.2   407.7   3484.9
94   0   35.5   502.5   3491.1
94   1   28.4   338.5   3501.7
94   2   -99.7   332.2   3474.8
94   3   -114.0   110.9   3394.1
94   4   29.9   307.3   3307.3
94   5   159.4   334.8   3501.4
94   6   175.2   115.2   3416.6
94   7   19.1   282.7   3296.6
94   8   25.2   119.6   3552.3
94   9   21.3   -51.5   3570.4
94   10   -71.5   -132.6   3579.2
94   11   -61.3   -485.0   3516.9
94   12   14.2   -812.1   3585.3
94   13   108.3   -136.5   3593.3
94   14   96.9   -486.7   3534.7
94   15   45.5   -817.8   3568.8
94   16   5.9   274.6   3321.7
94   17   45.1   254.8   3316.6
94   18   29.3   407.7   3485.7
95   0   35.1   502.5   3491.1
95   1   28.5   338.4   3502.3
95   2   -99.5   332.3   3475.4
95   3   -114.0   111.2   3394.4
95   4   30.2   307.5   3308.2
95   5   159.5   334.8   3501.4
95   6   176.7   115.2   3416.9
95   7   19.8   281.5   3296.4
95   8   25.3   119.2   3552.6
95   9   21.3   -51.9   3570.6
95   10   -72.1   -132.1   3579.3
95   11   -63.4   -489.0   3546.2
95   12   16.3   -818.7   3575.9
95   13   108.7   -136.6   3593.3
95   14   98.3   -491.7   3550.4
95   15   43.1   -825.7   3562.3
95   16   6.2   274.8   3322.6
95   17   46.0   253.8   3316.5
95   18   29.5   407.7   3486.4
96   0   34.6   502.4   3491.1
96   1   28.6   338.4   3502.9
96   2   -99.4   332.4   3476.7
96   3   -114.0   111.7   3394.8
96   4   31.1   307.9   3309.9
96   5   159.5   334.8   3501.4
96   6   179.6   115.2   3417.4
96   7   20.9   279.9   3297.1
96   8   25.4   118.8   3552.9
96   9   21.4   -52.3   3570.7
96   10   -72.5   -131.8   3579.3
96   11   -63.7   -490.3   3564.9
96   12   17.0   -820.4   3569.8
96   13   109.1   -136.4   3593.3
96   14   99.4   -493.6   3564.2
96   15   42.4   -827.7   3556.2
96   16   6.9   275.2   3324.0
96   17   47.4   252.5   3317.2
96   18   29.6   407.7   3487.1
97   0   34.2   502.4   3491.2
97   1   28.7   338.4   3503.5
97   2   -99.2   332.5   3478.2
97   3   -114.1   112.3   3394.8
97   4   32.2   308.2   3311.2
97   5   159.6   334.7   3501.4
97   6   184.2   115.2   3418.9
97   7   23.0   277.4   3298.6
97   8   25.4   118.4   3553.1
97   9   21.4   -52.7   3570.8
97   10   -72.6   -131.6   3579.3
97   11   -63.1   -490.0   3573.9
97   12   16.8   -819.5   3566.2
97   13   109.3   -136.3   3593.2
97   14   100.2   -493.9   3574.0
97   15   42.6   -826.8   3552.0
97   16   7.8   275.6   3325.1
97   17   49.9   250.4   3318.6
97   18   29.7   407.7   3487.9
98   0   33.5   502.3   3492.8
98   1   28.8   338.3   3504.1
98   2   -99.1   332.5   3480.0
98   3   -114.2   113.1   3394.9
98   4   33.2   308.5   3312.3
98   5   159.6   334.7   3501.5
98   6   190.0   115.2   3421.0
98   7   26.1   274.4   3300.4
98   8   25.5   117.8   3552.6
98   9   21.4   -53.2   3570.7
98   10   -72.7   -131.3   3579.2
98   11   -60.4   -490.3   3577.0
98   12   16.0   -819.3   3563.9
98   13   109.5   -136.0   3592.7
98   14   100.0   -494.3   3571.9
98   15   42.9   -826.6   3553.3
98   16   8.6   275.9   3326.1
98   17   53.4   247.8   3320.5
98   18   29.8   407.7   3488.8
99   0   32.5   502.2   3495.6
99   1   28.8   338.2   3504.5
99   2   -99.1   332.5   3482.5
99   3   -114.3   114.1   3395.0
99   4   33.0   307.1   3314.3
99   5   159.7   334.7   3501.5
99   6   195.5   114.0   3426.7
99   7   33.1   268.8   3303.8
99   8   25.6   117.2   3551.7
99   9   21.3   -53.7   3570.4
99   10   -73.0   -128.7   3578.3
99   11   -58.0   -490.3   3576.4
99   12   15.0   -818.7   3562.6
99   13   109.9   -133.5   3591.2
99   14   99.8   -494.6   3569.8
99   15   43.0   -825.9   3554.5
99   16   8.4   274.9   3327.7
99   17   60.1   243.0   3324.3
99   18   29.8   407.7   3489.7
100   0   30.9   502.0   3499.2
100   1   28.8   338.2   3505.1
100   2   -99.1   332.5   3485.4
100   3   -114.5   115.2   3395.1
100   4   31.8   305.2   3316.5
100   5   159.7   334.7   3501.5
100   6   197.3   112.4   3432.8
100   7   41.0   265.1   3306.7
100   8   25.7   116.8   3550.9
100   9   21.2   -55.9   3570.2
100   10   -72.3   -127.0   3577.0
100   11   -57.4   -490.6   3574.4
100   12   14.7   -818.1   3562.9
100   13   110.5   -130.3   3588.8
100   14   99.7   -493.4   3568.0
100   15   43.5   -823.9   3555.6
100   16   7.4   273.6   3329.6
100   17   67.1   239.7   3327.7
100   18   29.8   407.7   3490.8
