2   0   47.7   477.8   3499.8
2   1   42.6   317.4   3499.4
2   2   -103.7   307.7   3502.1
2   3   -114.2   92.1   3420.2
2   4   53.4   259.8   3332.1
2   5   186.5   297.0   3511.6
2   6   180.6   89.7   3410.1
2   7   180.6   -207.2   3410.1
2   8   35.3   111.4   3524.2
2   9   31.6   -53.2   3530.2
2   10   -68.8   -152.7   3565.9
2   11   -55.6   -496.8   3544.0
2   12   -2.3   -800.1   3631.7
2   13   125.8   -158.5   3569.0
2   14   77.8   -497.9   3530.5
2   15   54.8   -811.4   3591.6
2   16   25.5   231.8   3346.8
2   17   180.6   -121.0   3410.1
2   18   45.0   386.4   3491.0
3   0   48.6   480.4   3500.6
3   1   43.0   320.0   3500.8
3   2   -102.6   309.1   3500.4
3   3   -115.1   92.8   3421.1
3   4   52.6   258.4   3329.5
3   5   187.1   299.7   3509.8
3   6   184.7   90.1   3414.3
3   7   205.7   -205.4   3435.8
3   8   35.6   114.2   3527.4
3   9   31.8   -50.4   3535.2
3   10   -67.1   -150.8   3567.4
3   11   -55.4   -495.6   3548.1
3   12   -3.8   -800.4   3631.4
3   13   124.6   -156.2   3571.0
3   14   81.4   -497.0   3534.6
3   15   55.4   -811.1   3589.8
3   16   24.7   230.8   3344.8
3   17   205.7   -119.2   3435.8
3   18   45.5   388.9   3491.9
4   0   51.5   488.1   3502.9
4   1   44.5   327.4   3504.8
4   2   -98.8   314.1   3495.2
4   3   -117.2   95.9   3423.5
4   4   53.2   253.7   3322.5
4   5   188.1   306.1   3505.0
4   6   194.1   92.4   3421.6
4   7   212.6   -202.5   3435.8
4   8   36.6   121.6   3536.7
4   9   32.5   -43.0   3549.2
4   10   -60.5   -145.7   3570.9
4   11   -55.7   -490.9   3544.6
4   12   -7.5   -799.6   3623.0
4   13   119.2   -150.8   3574.5
4   14   90.0   -490.1   3520.5
4   15   56.2   -803.5   3585.5
4   16   24.8   227.4   3339.4
4   17   212.6   -116.3   3435.8
4   18   47.2   396.0   3494.2
5   0   54.9   498.4   3506.0
5   1   46.6   336.9   3509.2
5   2   -93.6   320.8   3490.4
5   3   -119.0   101.0   3425.9
5   4   55.6   249.0   3315.5
5   5   188.8   314.3   3500.5
5   6   204.1   96.2   3430.2
5   7   213.4   -199.1   3438.4
5   8   37.9   130.0   3546.9
5   9   33.3   -34.8   3563.9
5   10   -54.4   -139.8   3574.0
5   11   -57.6   -483.9   3534.0
5   12   -9.5   -797.7   3598.2
5   13   114.5   -144.8   3578.1
5   14   95.8   -487.4   3537.5
5   15   56.0   -804.6   3559.2
5   16   26.5   224.3   3333.9
5   17   213.4   -112.9   3438.4
5   18   49.5   405.2   3496.8
6   0   57.0   505.3   3508.6
6   1   48.3   342.9   3511.2
6   2   -89.6   325.5   3487.5
6   3   -119.7   104.8   3427.6
6   4   58.1   246.3   3312.4
6   5   188.6   319.1   3497.7
6   6   209.9   97.6   3438.1
6   7   212.8   -200.7   3443.4
6   8   39.2   133.4   3549.8
6   9   34.0   -31.9   3568.9
6   10   -53.0   -138.9   3575.4
6   11   -59.7   -479.6   3513.2
6   12   -1.9   -793.1   3576.5
6   13   113.8   -144.2   3579.8
6   14   100.2   -489.0   3553.0
6   15   55.9   -805.5   3524.1
6   16   28.4   222.7   3331.6
6   17   212.8   -114.5   3443.4
6   18   51.3   411.2   3498.6
7   0   58.0   508.4   3510.2
7   1   49.4   345.5   3510.9
7   2   -87.1   327.9   3486.3
7   3   -120.1   106.9   3428.3
7   4   59.2   245.1   3311.0
7   5   187.9   320.8   3496.5
7   6   212.6   97.9   3442.3
7   7   82.2   -78.4   3313.7
7   8   40.2   134.8   3546.4
7   9   34.5   -31.0   3565.4
7   10   -54.4   -140.1   3575.6
7   11   -59.5   -486.2   3538.1
7   12   21.3   -798.1   3565.0
7   13   115.5   -145.6   3580.6
7   14   101.4   -493.6   3553.9
7   15   55.0   -812.2   3517.1
7   16   29.3   222.0   3330.6
7   17   104.0   -49.1   3335.4
7   18   52.4   414.0   3499.4
8   0   58.3   509.9   3511.3
8   1   50.0   346.1   3509.9
8   2   -85.7   328.9   3485.9
8   3   -120.2   107.9   3428.5
8   4   59.1   244.8   3310.4
8   5   186.9   321.0   3496.2
8   6   214.0   97.4   3444.7
8   7   86.7   -83.9   3318.9
8   8   41.0   135.1   3541.0
8   9   35.0   -31.0   3559.9
8   10   -57.1   -142.8   3575.7
8   11   -57.3   -491.3   3551.7
8   12   34.3   -802.5   3557.6
8   13   118.4   -148.5   3581.4
8   14   103.1   -497.7   3561.1
8   15   53.8   -816.8   3520.2
8   16   29.2   222.0   3330.1
8   17   107.7   -53.7   3339.7
8   18   52.9   414.8   3499.7
9   0   58.3   510.6   3512.1
9   1   50.2   345.8   3508.9
9   2   -85.0   329.2   3485.9
9   3   -120.2   108.4   3428.4
9   4   58.6   244.8   3309.8
9   5   186.0   320.4   3496.3
9   6   214.8   96.9   3445.2
9   7   102.2   -100.8   3338.1
9   8   41.2   133.1   3537.1
9   9   35.2   -33.3   3556.0
9   10   -59.1   -144.7   3575.7
9   11   -56.7   -493.8   3561.8
9   12   35.3   -805.6   3553.4
9   13   120.4   -150.5   3581.8
9   14   103.3   -499.5   3563.8
9   15   102.7   -825.3   3564.2
9   16   28.8   222.1   3329.6
9   17   120.8   -67.8   3355.8
9   18   53.1   414.6   3499.8
10   0   58.2   510.9   3512.7
10   1   50.2   345.2   3508.4
10   2   -84.6   329.2   3486.0
10   3   -120.2   108.5   3428.1
10   4   58.2   245.1   3309.6
10   5   185.5   320.1   3496.5
10   6   214.8   96.8   3445.3
10   7   122.6   -119.5   3358.9
10   8   41.2   130.5   3535.5
10   9   35.2   -36.1   3554.2
10   10   -59.9   -145.5   3575.6
10   11   -55.5   -493.9   3557.4
10   12   27.4   -808.3   3557.2
10   13   121.0   -151.6   3582.0
10   14   102.3   -499.9   3565.9
10   15   101.2   -824.6   3566.2
10   16   28.5   222.3   3329.4
10   17   137.8   -83.5   3373.1
10   18   53.2   414.1   3499.7
11   0   57.5   511.1   3512.9
11   1   50.1   344.6   3508.3
11   2   -84.2   329.3   3485.6
11   3   -120.1   108.7   3427.6
11   4   58.2   245.4   3309.8
11   5   185.5   320.6   3496.7
11   6   214.6   97.3   3445.4
11   7   133.2   -129.7   3371.5
11   8   40.7   128.3   3535.6
11   9   34.7   -38.5   3553.9
11   10   -59.4   -145.0   3575.4
11   11   -55.9   -493.0   3564.8
11   12   14.4   -810.3   3563.2
11   13   120.0   -150.8   3581.6
11   14   100.5   -498.3   3566.2
11   15   98.9   -821.3   3565.6
11   16   28.5   222.6   3329.4
11   17   146.7   -91.9   3383.8
11   18   53.1   413.5   3499.7
12   0   56.5   511.2   3512.6
12   1   49.9   344.1   3508.5
12   2   -83.9   329.4   3484.8
12   3   -120.1   108.8   3427.1
12   4   58.3   245.6   3309.9
12   5   185.4   321.0   3496.8
12   6   214.4   97.8   3445.4
12   7   110.6   -104.7   3344.4
12   8   39.8   126.7   3536.4
12   9   33.9   -40.2   3554.4
12   10   -58.2   -143.3   3574.9
12   11   -56.0   -494.2   3568.5
12   12   8.7   -812.7   3569.6
12   13   118.1   -148.4   3581.1
12   14   98.5   -498.5   3565.0
12   15   97.1   -823.5   3563.4
12   16   28.6   222.8   3329.4
12   17   127.9   -71.0   3361.2
12   18   53.1   413.0   3499.6
13   0   55.3   511.3   3511.9
13   1   49.7   343.6   3508.6
13   2   -83.5   329.6   3483.8
13   3   -120.1   109.0   3426.4
13   4   58.6   245.8   3310.0
13   5   185.3   321.4   3496.9
13   6   214.3   98.2   3445.5
13   7   123.8   -123.3   3384.1
13   8   38.9   125.5   3537.3
13   9   33.2   -41.5   3554.9
13   10   -57.6   -142.5   3574.7
13   11   -59.0   -496.6   3561.1
13   12   11.8   -811.0   3591.4
13   13   116.7   -146.9   3580.8
13   14   97.3   -500.4   3564.0
13   15   96.7   -826.9   3563.1
13   16   28.8   223.0   3329.4
13   17   138.9   -86.4   3394.3
13   18   53.1   412.5   3499.6
14   0   54.1   511.3   3511.1
14   1   49.5   343.2   3508.8
14   2   -83.2   329.7   3482.6
14   3   -120.0   109.1   3425.4
14   4   59.1   246.0   3309.9
14   5   185.1   321.5   3497.0
14   6   214.1   98.4   3445.4
14   7   146.6   -137.7   3435.4
14   8   38.1   124.5   3538.1
14   9   32.4   -42.6   3555.4
14   10   -57.7   -142.3   3574.5
14   11   -58.7   -500.6   3564.3
14   12   13.3   -814.0   3605.9
14   13   116.0   -146.1   3580.6
14   14   96.6   -503.7   3563.6
14   15   48.6   -820.8   3568.6
14   16   29.2   223.2   3329.2
14   17   157.9   -98.4   3437.1
14   18   53.1   412.0   3499.5
15   0   52.9   511.2   3510.1
15   1   49.3   342.7   3508.9
15   2   -82.9   329.9   3481.9
15   3   -120.0   109.5   3424.1
15   4   59.8   246.5   3309.9
15   5   184.9   321.7   3497.1
15   6   214.0   98.6   3445.4
15   7   129.9   -131.8   3411.3
15   8   37.3   123.6   3538.8
15   9   31.8   -43.6   3555.9
15   10   -58.0   -142.0   3574.4
15   11   -57.3   -500.7   3569.7
15   12   13.4   -816.0   3589.6
15   13   115.8   -145.0   3580.5
15   14   97.1   -503.0   3564.3
15   15   41.8   -820.8   3584.1
15   16   29.8   223.6   3328.9
15   17   144.0   -93.4   3416.9
15   18   53.1   411.5   3499.5
16   0   51.9   511.2   3509.2
16   1   49.1   342.4   3509.0
16   2   -82.6   330.1   3481.4
16   3   -119.9   110.0   3422.7
16   4   60.6   247.0   3309.8
16   5   184.7   321.9   3497.2
16   6   214.0   98.8   3445.4
16   7   98.3   16.5   3318.8
16   8   36.5   123.0   3539.5
16   9   31.1   -44.3   3556.2
16   10   -58.7   -141.5   3574.3
16   11   -56.5   -500.2   3571.8
16   12   12.2   -816.5   3568.4
16   13   116.0   -143.7   3580.5
16   14   95.9   -501.5   3563.4
16   15   42.3   -821.0   3576.5
16   16   30.5   224.2   3328.6
16   17   117.7   29.7   3339.9
16   18   53.1   411.2   3499.5
17   0   50.6   511.3   3508.2
17   1   48.9   342.2   3509.1
17   2   -82.3   330.2   3481.4
17   3   -119.7   110.6   3420.9
17   4   61.3   247.3   3309.9
17   5   184.5   322.1   3497.3
17   6   212.5   99.0   3445.1
17   7   80.2   149.5   3297.7
17   8   35.8   122.6   3540.0
17   9   30.5   -44.8   3556.5
17   10   -59.8   -140.0   3574.2
17   11   -56.3   -498.7   3571.8
17   12   13.7   -814.9   3556.1
17   13   116.8   -141.2   3580.7
17   14   95.5   -498.9   3562.8
17   15   43.7   -819.1   3561.1
17   16   31.2   224.5   3328.4
17   17   102.3   140.8   3322.3
17   18   53.1   411.0   3499.5
18   0   49.6   511.3   3507.3
18   1   48.8   342.1   3509.3
18   2   -82.1   330.4   3481.4
18   3   -119.6   111.4   3418.9
18   4   62.1   247.5   3309.7
18   5   184.2   322.3   3497.4
18   6   210.0   99.1   3444.3
18   7   65.0   215.0   3294.6
18   8   35.1   122.3   3540.6
18   9   30.0   -45.1   3556.8
18   10   -61.3   -138.0   3574.1
18   11   -56.4   -496.1   3571.2
18   12   19.9   -811.2   3560.2
18   13   117.3   -139.2   3580.8
18   14   95.3   -496.2   3562.3
18   15   43.2   -816.6   3561.6
18   16   31.8   224.9   3327.9
18   17   89.2   195.7   3319.5
18   18   53.1   410.8   3499.5
19   0   48.8   511.2   3506.3
19   1   48.7   341.9   3509.4
19   2   -81.8   330.5   3481.5
19   3   -119.6   111.8   3417.9
19   4   61.8   246.6   3308.2
19   5   184.0   322.4   3497.5
19   6   207.5   99.4   3442.7
19   7   54.3   235.8   3291.6
19   8   34.7   121.9   3541.2
19   9   29.7   -45.6   3557.3
19   10   -60.7   -141.5   3574.0
19   11   -55.8   -497.8   3568.0
19   12   32.3   -808.6   3583.5
19   13   117.0   -141.5   3580.8
19   14   93.8   -495.8   3551.0
19   15   43.3   -814.6   3576.8
19   16   31.6   224.2   3326.5
19   17   79.8   213.1   3316.8
19   18   53.1   410.6   3499.4
20   0   48.2   511.1   3505.3
20   1   48.6   341.7   3509.5
20   2   -81.6   330.6   3481.5
20   3   -120.8   112.3   3417.7
20   4   60.2   239.9   3299.9
20   5   183.8   322.6   3497.7
20   6   207.3   99.7   3442.1
20   7   47.7   229.6   3286.0
20   8   34.4   121.3   3541.9
20   9   29.6   -46.2   3558.1
20   10   -63.7   -141.0   3574.4
20   11   -55.5   -495.0   3560.8
20   12   33.4   -805.3   3588.5
20   13   117.5   -144.5   3581.0
20   14   97.6   -497.5   3560.3
20   15   40.7   -815.8   3565.7
20   16   30.0   218.6   3319.5
20   17   74.3   208.0   3312.0
20   18   53.1   410.3   3499.4
21   0   48.1   511.0   3504.4
21   1   48.6   341.5   3509.6
21   2   -81.4   330.7   3481.6
21   3   -126.8   113.6   3418.0
21   4   59.5   213.3   3285.0
21   5   183.7   322.7   3497.9
21   6   212.3   100.4   3442.6
21   7   49.2   214.8   3279.9
21   8   34.2   120.5   3542.3
21   9   29.5   -46.9   3558.9
21   10   -67.4   -135.5   3574.6
21   11   -57.6   -487.7   3563.7
21   12   -59.5   -806.5   3567.5
21   13   118.3   -144.1   3581.0
21   14   98.2   -495.6   3564.5
21   15   40.7   -814.4   3565.1
21   16   28.5   196.7   3307.2
21   17   76.4   195.8   3307.1
21   18   53.1   410.1   3499.4
22   0   48.2   511.0   3503.5
22   1   48.5   341.3   3509.6
22   2   -81.2   330.9   3481.7
22   3   -144.7   118.4   3419.7
22   4   14.6   164.7   3242.7
22   5   183.5   322.8   3498.2
22   6   228.1   103.1   3445.2
22   7   85.9   189.6   3255.5
22   8   33.9   119.7   3542.6
22   9   29.5   -47.7   3559.9
22   10   -67.8   -134.3   3574.2
22   11   -56.4   -484.1   3551.0
22   12   -55.0   -806.8   3540.4
22   13   119.1   -142.1   3581.0
22   14   97.6   -492.1   3567.1
22   15   41.4   -811.5   3567.0
22   16   -11.9   157.1   3272.2
22   17   109.5   175.2   3287.1
22   18   53.1   410.0   3499.4
23   0   48.5   511.0   3502.2
23   1   48.5   341.3   3509.6
23   2   -81.2   331.0   3483.4
23   3   -174.8   130.3   3424.7
23   4   -81.7   108.5   3210.1
23   5   183.2   323.0   3501.7
23   6   252.9   107.6   3465.6
23   7   149.1   168.4   3247.5
23   8   33.9   121.2   3542.5
23   9   29.5   -46.2   3560.4
23   10   -67.6   -132.7   3573.5
23   11   -55.8   -480.4   3539.1
23   12   -55.4   -802.9   3531.0
23   13   119.5   -139.9   3580.7
23   14   97.9   -488.7   3568.5
23   15   42.1   -808.3   3564.6
23   16   -97.1   112.2   3245.8
23   17   166.3   158.3   3283.8
23   18   53.1   409.9   3499.4
24   0   48.7   511.1   3500.5
24   1   48.5   341.3   3509.7
24   2   -81.4   331.2   3486.2
24   3   -202.5   143.4   3434.9
24   4   -214.3   54.3   3225.2
24   5   182.8   323.2   3507.7
24   6   280.2   117.3   3502.2
24   7   262.3   115.4   3266.8
24   8   33.9   121.4   3542.6
24   9   29.4   -45.9   3560.8
24   10   -67.4   -128.8   3571.6
24   11   -57.6   -476.4   3552.6
24   12   -59.2   -798.6   3566.8
24   13   120.2   -134.2   3580.2
24   14   97.6   -482.0   3568.8
24   15   43.8   -801.9   3560.5
24   16   -212.4   69.2   3260.1
24   17   265.3   115.7   3306.1
24   18   53.1   409.9   3499.4
25   0   48.9   511.1   3499.2
25   1   48.5   341.3   3509.7
25   2   -81.5   331.5   3487.5
25   3   -215.9   153.0   3430.7
25   4   -330.1   18.7   3287.1
25   5   182.6   323.4   3510.4
25   6   301.3   127.0   3503.4
25   7   385.4   46.0   3313.2
25   8   33.8   121.0   3542.6
25   9   29.2   -48.1   3560.4
25   10   -66.0   -125.5   3568.5
25   11   -58.3   -472.9   3562.9
25   12   -58.8   -795.5   3571.1
25   13   118.3   -131.4   3578.6
25   14   97.3   -478.5   3568.6
25   15   44.7   -798.7   3558.9
25   16   -311.3   41.0   3311.0
25   17   371.5   59.4   3344.9
25   18   53.1   409.9   3499.4
26   0   49.0   511.2   3498.2
26   1   48.5   341.3   3509.5
26   2   -81.5   331.8   3487.7
26   3   -224.2   157.7   3434.8
26   4   -393.8   6.0   3334.2
26   5   182.4   323.5   3510.9
26   6   312.0   132.6   3501.1
26   7   470.5   7.3   3384.7
26   8   33.7   120.6   3542.7
26   9   29.0   -51.0   3558.9
26   10   -64.5   -123.9   3564.8
26   11   -58.6   -471.0   3568.0
26   12   13.4   -795.2   3603.8
26   13   115.7   -130.9   3576.5
26   14   97.7   -477.7   3568.6
26   15   44.8   -797.7   3557.9
26   16   -365.7   31.2   3351.0
26   17   444.3   28.1   3404.1
26   18   53.1   409.9   3499.2
27   0   49.1   511.2   3497.5
27   1   48.4   341.3   3507.8
27   2   -81.9   332.7   3487.2
27   3   -228.1   158.5   3445.1
27   4   -425.4   8.7   3363.5
27   5   182.2   323.7   3510.2
27   6   317.1   135.6   3505.3
27   7   515.2   -4.9   3434.8
27   8   33.6   120.7   3541.4
27   9   28.9   -53.2   3555.8
27   10   -63.2   -121.9   3560.4
27   11   -58.6   -468.6   3569.6
27   12   2.2   -789.8   3596.7
27   13   115.8   -126.4   3573.7
27   14   98.1   -472.7   3568.3
27   15   98.4   -793.8   3567.9
27   16   -392.5   33.6   3377.1
27   17   482.3   18.5   3446.6
27   18   53.1   409.9   3497.3
28   0   49.1   511.1   3496.9
28   1   48.4   341.4   3504.3
28   2   -83.2   334.8   3486.3
28   3   -228.9   159.5   3447.5
28   4   -436.5   16.9   3370.8
28   5   181.9   323.9   3508.9
28   6   320.6   138.5   3512.1
28   7   540.1   8.5   3454.3
28   8   33.3   121.8   3539.1
28   9   28.8   -52.3   3553.1
28   10   -62.4   -119.9   3559.6
28   11   -58.6   -466.2   3569.9
28   12   -2.7   -786.1   3580.1
28   13   115.2   -123.8   3572.1
28   14   98.2   -469.8   3568.0
28   15   98.2   -793.0   3567.8
28   16   -401.9   40.7   3383.6
28   17   503.5   30.2   3464.0
28   18   53.1   409.9   3493.4
29   0   49.2   511.0   3494.7
29   1   48.3   341.6   3500.0
29   2   -84.6   337.4   3485.0
29   3   -228.0   162.2   3439.0
29   4   -440.6   28.3   3366.8
29   5   181.5   324.1   3507.7
29   6   324.9   143.2   3521.2
29   7   537.2   19.4   3437.0
29   8   33.1   124.1   3536.8
29   9   28.8   -49.3   3551.4
29   10   -62.3   -117.9   3560.4
29   11   -58.2   -464.0   3571.2
29   12   -3.4   -780.1   3608.4
29   13   114.7   -122.5   3571.4
29   14   92.1   -467.0   3551.5
29   15   86.9   -790.0   3537.6
29   16   -405.2   50.7   3378.8
29   17   501.7   40.0   3451.1
29   18   53.1   410.0   3488.4
30   0   49.3   511.0   3491.1
30   1   48.2   341.7   3496.1
30   2   -85.7   339.4   3483.5
30   3   -227.8   166.3   3427.6
30   4   -441.6   47.6   3345.3
30   5   181.0   324.5   3507.2
30   6   330.8   149.4   3525.7
30   7   533.3   38.8   3413.6
30   8   33.0   127.1   3534.9
30   9   28.9   -45.3   3550.5
30   10   -62.3   -116.3   3561.9
30   11   -63.2   -462.6   3569.3
30   12   -2.8   -774.4   3627.3
30   13   114.3   -121.8   3571.1
30   14   93.1   -466.8   3552.6
30   15   94.9   -792.1   3555.9
30   16   -405.9   67.4   3359.0
30   17   499.5   57.2   3432.3
30   18   53.1   410.0   3483.7
31   0   49.3   511.1   3488.2
31   1   48.2   341.9   3493.5
31   2   -86.2   340.2   3481.7
31   3   -230.5   173.3   3414.6
31   4   -443.5   70.5   3314.9
31   5   180.7   324.8   3507.2
31   6   339.3   158.0   3526.7
31   7   510.7   62.4   3368.5
31   8   33.0   130.1   3533.6
31   9   29.0   -41.3   3550.0
31   10   -63.8   -112.3   3561.6
31   11   -63.1   -462.2   3568.1
31   12   -1.5   -776.6   3609.9
31   13   114.0   -120.6   3570.9
31   14   94.5   -469.6   3559.6
31   15   95.9   -797.1   3566.6
31   16   -408.0   87.7   3331.5
31   17   482.2   78.3   3394.9
31   18   53.1   410.0   3480.6
32   0   49.6   511.2   3487.1
32   1   48.1   342.0   3492.3
32   2   -86.3   340.2   3481.0
32   3   -238.5   187.7   3400.0
32   4   -447.5   103.8   3276.2
32   5   180.5   324.9   3507.7
32   6   350.2   169.7   3525.6
32   7   502.3   97.6   3334.2
32   8   33.0   132.7   3532.8
32   9   29.0   -37.8   3549.7
32   10   -64.1   -110.2   3560.7
32   11   -61.8   -464.3   3567.5
32   12   -0.6   -781.0   3581.1
32   13   113.7   -119.3   3570.9
32   14   95.0   -472.8   3560.0
32   15   37.3   -794.9   3564.2
32   16   -412.7   117.7   3296.8
32   17   477.0   109.6   3366.1
32   18   53.1   410.1   3479.1
33   0   49.8   511.3   3487.0
33   1   48.1   342.0   3493.0
33   2   -86.2   339.9   3480.8
33   3   -250.6   213.2   3383.4
33   4   -452.5   147.4   3237.8
33   5   180.6   324.9   3508.5
33   6   364.0   186.0   3518.6
33   7   526.1   127.4   3327.1
33   8   33.1   134.5   3532.3
33   9   29.0   -35.2   3549.7
33   10   -64.1   -108.4   3558.3
33   11   -61.6   -465.7   3566.4
33   12   3.6   -782.8   3569.4
33   13   114.5   -116.3   3570.4
33   14   94.9   -472.8   3557.3
33   15   37.2   -792.6   3569.3
33   16   -418.8   158.4   3262.1
33   17   499.1   137.2   3359.0
33   18   53.1   410.2   3480.1
34   0   49.9   511.5   3487.2
34   1   48.1   342.0   3495.1
34   2   -86.1   339.7   3480.8
34   3   -263.8   245.9   3371.1
34   4   -451.3   210.0   3197.4
34   5   180.8   324.7   3509.4
34   6   379.3   210.2   3501.1
34   7   533.9   183.1   3294.7
34   8   33.2   135.7   3532.1
34   9   29.1   -33.5   3549.7
34   10   -64.0   -107.1   3555.4
34   11   -61.5   -467.5   3565.5
34   12   6.0   -784.5   3573.5
34   13   114.5   -115.0   3569.4
34   14   95.1   -474.8   3558.0
34   15   36.9   -793.6   3570.8
34   16   -420.1   216.0   3226.4
34   17   508.1   187.6   3329.1
34   18   53.0   410.3   3482.9
35   0   49.9   511.7   3487.5
35   1   48.0   341.9   3498.0
35   2   -86.0   339.6   3481.0
35   3   -275.1   289.5   3363.4
35   4   -454.7   296.5   3178.4
35   5   181.1   324.7   3510.4
35   6   391.8   251.4   3469.8
35   7   546.9   275.3   3265.8
35   8   33.2   136.5   3532.0
35   9   29.1   -32.4   3549.7
35   10   -64.2   -105.4   3551.8
35   11   -61.3   -466.3   3565.0
35   12   8.2   -781.3   3593.8
35   13   114.3   -114.2   3567.7
35   14   94.7   -474.7   3561.6
35   15   38.4   -793.8   3569.7
35   16   -424.8   295.3   3209.2
35   17   521.0   271.4   3299.8
35   18   52.9   410.3   3486.7
36   0   50.0   511.9   3487.8
36   1   47.9   342.0   3500.9
36   2   -85.5   340.0   3481.3
36   3   -271.2   345.6   3350.6
36   4   -450.0   397.7   3171.3
36   5   183.3   328.6   3511.7
36   6   398.3   305.6   3444.5
36   7   528.8   384.0   3237.9
36   8   33.3   136.7   3532.0
36   9   29.1   -31.8   3549.8
36   10   -64.0   -104.5   3550.5
36   11   -61.1   -465.8   3564.4
36   12   14.3   -776.0   3617.8
36   13   113.9   -113.9   3566.9
36   14   94.8   -475.0   3565.2
36   15   42.4   -794.8   3567.5
36   16   -420.2   389.0   3201.2
36   17   507.1   370.9   3272.3
36   18   52.8   410.6   3490.5
37   0   49.3   514.2   3488.0
37   1   47.7   344.2   3502.7
37   2   -86.8   347.4   3479.7
37   3   -260.9   396.6   3339.0
37   4   -432.5   509.1   3187.8
37   5   187.8   341.6   3512.9
37   6   403.5   357.5   3435.6
37   7   460.7   504.3   3246.3
37   8   33.3   137.7   3532.5
37   9   29.0   -30.7   3550.0
37   10   -63.2   -103.4   3550.0
37   11   -60.9   -463.0   3564.3
37   12   19.3   -771.0   3626.3
37   13   112.7   -113.0   3566.5
37   14   95.5   -472.5   3568.9
37   15   49.7   -793.4   3564.6
37   16   -403.9   490.4   3213.0
37   17   451.1   479.9   3277.9
37   18   52.5   412.9   3492.8
38   0   48.7   520.1   3486.8
38   1   47.5   350.3   3502.0
38   2   -88.4   361.5   3473.5
38   3   -248.3   458.5   3339.7
38   4   -409.7   618.3   3216.7
38   5   190.2   356.7   3513.5
38   6   392.5   422.9   3427.6
38   7   430.2   617.4   3265.8
38   8   33.1   141.4   3533.8
38   9   28.9   -26.8   3550.3
38   10   -60.8   -99.7   3549.9
38   11   -60.4   -460.5   3564.2
38   12   23.1   -767.1   3630.4
38   13   109.9   -108.9   3565.9
38   14   95.4   -469.7   3569.8
38   15   56.1   -791.5   3561.9
38   16   -382.8   591.7   3237.2
38   17   423.9   585.0   3292.8
38   18   52.2   418.9   3491.6
39   0   48.2   528.6   3483.9
39   1   47.2   358.9   3498.9
39   2   -87.9   373.3   3463.3
39   3   -236.5   505.9   3344.8
39   4   -380.6   700.6   3246.2
39   5   189.9   370.2   3513.4
39   6   378.8   466.6   3419.2
39   7   438.8   694.1   3319.7
39   8   32.9   147.9   3535.2
39   9   28.7   -20.3   3550.5
39   10   -58.9   -91.6   3549.9
39   11   -60.0   -451.2   3564.4
39   12   20.8   -759.1   3628.0
39   13   107.8   -100.4   3565.5
39   14   95.7   -460.1   3568.7
39   15   58.9   -782.3   3559.6
39   16   -356.6   668.1   3262.6
39   17   428.8   656.2   3336.3
39   18   51.8   427.2   3487.1
40   0   47.9   536.8   3479.6
40   1   46.9   367.4   3494.2
40   2   -86.6   380.1   3457.1
40   3   -224.8   536.2   3352.6
40   4   -353.6   750.4   3265.5
40   5   186.8   377.7   3512.4
40   6   365.3   494.4   3417.3
40   7   451.1   731.6   3348.4
40   8   32.8   155.2   3536.3
40   9   28.6   -13.0   3549.2
40   10   -59.8   -79.7   3549.5
40   11   -60.2   -437.1   3563.6
40   12   18.3   -746.4   3623.1
40   13   108.7   -88.1   3565.4
40   14   96.2   -445.6   3566.8
40   15   60.1   -768.0   3559.7
40   16   -332.1   714.7   3280.0
40   17   436.8   692.1   3359.9
40   18   51.4   435.5   3480.7
41   0   47.7   544.2   3475.8
41   1   46.1   375.0   3490.0
41   2   -86.0   383.3   3456.4
41   3   -218.1   551.5   3362.0
41   4   -334.4   767.3   3261.3
41   5   182.8   382.3   3511.0
41   6   357.0   502.9   3412.5
41   7   460.5   741.8   3363.4
41   8   33.0   161.8   3536.5
41   9   28.7   -6.6   3546.4
41   10   -57.9   -78.5   3548.8
41   11   -61.8   -433.5   3564.5
41   12   19.1   -743.4   3616.4
41   13   106.7   -86.0   3564.3
41   14   96.3   -441.3   3565.5
41   15   59.1   -763.6   3559.7
41   16   -315.0   731.3   3278.1
41   17   443.3   701.9   3371.6
41   18   50.3   442.8   3475.2
42   0   47.7   549.3   3474.9
42   1   44.8   380.2   3487.6
42   2   -86.3   384.3   3460.3
42   3   -214.6   554.5   3365.0
42   4   -331.0   764.9   3252.6
42   5   178.8   384.5   3509.5
42   6   354.8   497.9   3407.9
42   7   468.7   735.8   3366.7
42   8   33.3   165.9   3536.1
42   9   28.8   -2.5   3542.8
42   10   -58.6   -77.8   3548.0
42   11   -62.0   -430.8   3562.3
42   12   18.5   -741.8   3607.8
42   13   107.5   -84.6   3563.7
42   14   96.6   -437.7   3564.7
42   15   58.1   -759.9   3559.5
42   16   -311.6   729.8   3271.4
42   17   449.7   696.2   3373.6
42   18   48.4   447.9   3472.3
43   0   48.0   552.0   3475.7
43   1   42.5   383.0   3486.6
43   2   -88.1   383.3   3465.6
43   3   -211.8   550.0   3361.2
43   4   -335.5   756.3   3247.4
43   5   174.8   385.4   3508.1
43   6   355.7   486.9   3404.8
43   7   469.8   725.5   3362.7
43   8   33.5   167.4   3535.3
43   9   28.9   -1.1   3539.3
43   10   -60.3   -78.9   3546.7
43   11   -62.1   -430.1   3560.6
43   12   11.0   -744.7   3587.2
43   13   108.9   -85.6   3563.1
43   14   96.9   -436.9   3563.8
43   15   56.7   -758.9   3559.0
43   16   -314.8   721.9   3266.4
43   17   450.8   685.7   3369.7
43   18   45.3   450.7   3471.2
44   0   48.5   552.9   3477.6
44   1   39.5   384.2   3486.3
44   2   -90.8   381.8   3471.1
44   3   -209.2   541.7   3353.1
44   4   -338.3   746.2   3241.1
44   5   170.5   385.6   3507.1
44   6   355.6   478.9   3404.4
44   7   469.2   713.1   3344.9
44   8   33.8   169.2   3533.8
44   9   29.1   0.8   3537.0
44   10   -62.6   -81.1   3545.3
44   11   -63.0   -430.9   3560.5
44   12   7.1   -746.9   3581.1
44   13   110.6   -88.6   3563.0
44   14   96.8   -438.5   3562.4
44   15   54.8   -760.2   3558.9
44   16   -316.8   712.1   3259.8
44   17   450.3   674.0   3354.8
44   18   41.3   452.0   3471.3
45   0   49.1   552.8   3480.6
45   1   36.6   384.5   3486.5
45   2   -93.4   380.3   3474.8
45   3   -208.4   534.3   3346.5
45   4   -339.3   738.3   3234.4
45   5   166.5   385.7   3506.6
45   6   354.7   473.7   3405.3
45   7   467.4   701.7   3325.2
45   8   33.9   171.1   3532.4
45   9   29.3   2.7   3535.6
45   10   -64.5   -82.6   3543.0
45   11   -63.5   -431.3   3558.4
45   12   3.9   -747.9   3580.6
45   13   112.3   -90.9   3561.8
45   14   96.9   -439.6   3560.2
45   15   52.9   -761.1   3559.2
45   16   -317.5   704.3   3253.1
45   17   448.6   663.7   3338.6
45   18   37.4   452.5   3471.8
46   0   49.3   552.2   3484.5
46   1   34.4   384.4   3486.5
46   2   -95.2   379.3   3475.3
46   3   -209.8   530.8   3343.8
46   4   -340.4   734.3   3229.0
46   5   163.7   386.1   3506.1
46   6   354.1   470.6   3406.1
46   7   466.0   693.9   3310.7
46   8   33.9   172.5   3529.8
46   9   29.3   4.1   3534.3
46   10   -65.4   -83.2   3540.0
46   11   -63.3   -430.9   3558.4
46   12   1.7   -748.2   3578.6
46   13   113.4   -92.1   3559.4
46   14   96.9   -439.9   3557.3
46   15   51.8   -761.2   3559.7
46   16   -318.6   700.4   3248.2
46   17   447.3   656.7   3326.6
46   18   34.6   452.6   3472.6
47   0   49.4   551.4   3488.9
47   1   33.2   384.2   3486.4
47   2   -95.9   378.7   3474.1
47   3   -213.0   528.3   3342.7
47   4   -341.3   732.6   3224.4
47   5   162.0   386.4   3505.7
47   6   353.5   468.7   3406.1
47   7   465.5   688.3   3299.4
47   8   33.8   173.4   3526.4
47   9   29.4   5.1   3533.3
47   10   -65.8   -83.4   3538.8
47   11   -62.7   -430.3   3559.1
47   12   1.0   -748.1   3577.2
47   13   113.8   -92.6   3558.3
47   14   96.8   -439.7   3554.0
47   15   51.9   -761.1   3559.9
47   16   -319.9   698.5   3244.1
47   17   446.8   651.7   3317.2
47   18   33.0   452.5   3473.5
48   0   49.4   550.9   3491.6
48   1   32.6   383.9   3486.4
48   2   -96.0   378.4   3471.7
48   3   -217.4   527.1   3343.4
48   4   -342.5   733.4   3222.3
48   5   161.1   386.7   3505.5
48   6   352.4   466.9   3403.9
48   7   466.8   684.7   3292.5
48   8   33.8   172.0   3523.9
48   9   29.4   3.8   3532.8
48   10   -65.9   -83.4   3538.6
48   11   -61.8   -433.0   3561.0
48   12   0.6   -751.2   3576.1
48   13   113.9   -92.8   3557.9
48   14   96.2   -442.7   3552.7
48   15   51.4   -764.1   3559.8
48   16   -321.6   699.0   3242.4
48   17   447.7   648.4   3311.0
48   18   32.2   452.4   3474.3
49   0   49.7   550.7   3492.8
49   1   32.3   383.7   3486.5
49   2   -95.8   378.4   3470.6
49   3   -223.0   525.3   3346.0
49   4   -344.3   732.7   3220.8
49   5   160.6   387.0   3505.3
49   6   350.2   464.6   3398.9
49   7   469.9   680.4   3286.7
49   8   33.7   169.7   3522.2
49   9   29.3   1.6   3532.6
49   10   -65.8   -83.2   3538.8
49   11   -61.5   -433.5   3562.5
49   12   -1.5   -752.3   3568.7
49   13   113.7   -92.8   3557.7
49   14   96.6   -443.4   3553.4
49   15   51.6   -764.8   3557.4
49   16   -324.1   698.1   3241.7
49   17   450.0   644.4   3305.4
49   18   31.8   452.3   3475.1
50   0   50.0   550.6   3493.0
50   1   32.2   383.6   3486.8
50   2   -95.4   378.4   3470.0
50   3   -228.2   521.3   3346.6
50   4   -345.8   730.1   3219.7
50   5   160.2   387.0   3505.1
50   6   347.1   461.9   3392.3
50   7   475.9   673.3   3281.5
50   8   33.7   167.4   3521.5
50   9   29.3   -0.6   3532.6
50   10   -65.6   -83.0   3539.0
50   11   -61.2   -433.3   3554.2
50   12   -1.3   -752.5   3566.5
50   13   113.5   -92.6   3557.7
50   14   97.6   -443.0   3555.8
50   15   51.7   -764.8   3555.2
50   16   -326.2   695.3   3240.8
50   17   454.4   638.1   3299.9
50   18   31.7   452.3   3475.8
51   0   50.1   550.8   3492.7
51   1   32.6   383.5   3487.2
51   2   -94.6   378.7   3469.8
51   3   -236.2   512.0   3345.8
51   4   -345.8   725.1   3218.8
51   5   160.4   386.8   3505.1
51   6   347.0   459.3   3390.0
51   7   476.4   669.1   3276.6
51   8   33.7   165.4   3521.3
51   9   29.2   -2.5   3532.7
51   10   -65.3   -82.9   3539.2
51   11   -62.0   -432.3   3556.9
51   12   -3.7   -752.2   3561.8
51   13   113.3   -92.4   3557.6
51   14   97.1   -441.9   3557.2
51   15   52.6   -764.2   3553.2
51   16   -327.5   689.5   3239.9
51   17   454.9   634.1   3295.5
51   18   32.2   452.2   3476.4
52   0   50.0   551.1   3492.2
52   1   33.3   383.5   3487.7
52   2   -93.7   379.0   3469.9
52   3   -249.2   492.4   3344.0
52   4   -339.1   713.2   3220.1
52   5   161.0   386.3   3505.1
52   6   351.3   452.2   3392.3
52   7   471.5   657.1   3266.3
52   8   33.8   163.9   3521.5
52   9   29.2   -4.1   3532.8
52   10   -65.0   -83.0   3539.4
52   11   -68.1   -431.6   3540.9
52   12   -2.7   -749.1   3564.9
52   13   113.0   -92.4   3557.6
52   14   97.3   -441.0   3557.8
52   15   53.0   -763.6   3552.7
52   16   -324.2   676.4   3240.7
52   17   451.5   622.9   3287.3
52   18   33.1   452.2   3477.2
53   0   49.7   551.4   3492.0
53   1   34.0   383.4   3488.4
53   2   -92.0   377.9   3470.2
53   3   -262.9   459.7   3341.6
53   4   -321.1   684.4   3210.7
53   5   160.8   383.7   3505.0
53   6   356.7   425.4   3392.0
53   7   461.4   626.5   3250.7
53   8   33.8   162.6   3521.7
53   9   29.2   -5.4   3533.0
53   10   -64.6   -83.5   3539.7
53   11   -66.6   -431.1   3551.0
53   12   -2.6   -749.6   3567.9
53   13   112.8   -92.5   3557.7
53   14   97.5   -440.4   3558.1
53   15   53.1   -763.0   3553.3
53   16   -311.4   647.0   3232.5
53   17   444.0   593.0   3274.2
53   18   34.1   452.1   3478.1
54   0   48.7   549.8   3491.8
54   1   34.8   381.3   3489.4
54   2   -89.8   373.3   3472.4
54   3   -270.5   410.7   3338.6
54   4   -265.9   635.5   3203.2
54   5   157.8   373.7   3504.3
54   6   355.8   377.1   3390.4
54   7   432.3   584.9   3242.3
54   8   33.8   160.1   3522.2
54   9   29.2   -7.8   3533.8
54   10   -64.9   -85.4   3540.1
54   11   -70.6   -431.9   3529.4
54   12   -2.8   -750.3   3570.4
54   13   113.5   -94.2   3558.2
54   14   97.7   -441.3   3558.3
54   15   52.4   -767.2   3554.4
54   16   -266.7   598.0   3225.8
54   17   419.6   550.3   3267.0
54   18   35.1   450.1   3479.2
55   0   47.3   544.8   3493.0
55   1   35.6   375.9   3490.9
55   2   -87.8   364.9   3477.0
55   3   -265.0   350.8   3335.2
55   4   -188.0   560.4   3205.5
55   5   157.4   364.2   3504.1
55   6   346.1   318.7   3386.2
55   7   358.3   537.2   3246.8
55   8   33.8   155.1   3523.2
55   9   29.2   -12.8   3535.6
55   10   -65.2   -89.8   3540.6
55   11   -74.8   -435.3   3517.0
55   12   0.3   -753.1   3573.4
55   13   115.1   -97.1   3558.9
55   14   93.6   -442.9   3546.4
55   15   52.6   -771.8   3557.4
55   16   -200.8   525.4   3227.1
55   17   356.3   500.8   3270.0
55   18   36.2   444.7   3480.8
56   0   44.5   537.8   3496.4
56   1   36.1   368.8   3492.9
56   2   -87.6   356.2   3482.7
56   3   -231.6   279.9   3328.6
56   4   -110.1   487.3   3230.6
56   5   158.3   354.3   3504.3
56   6   309.5   250.6   3376.1
56   7   260.7   475.8   3262.9
56   8   33.7   149.0   3524.9
56   9   29.1   -18.8   3538.5
56   10   -64.3   -95.2   3541.3
56   11   -78.1   -443.6   3517.9
56   12   4.5   -762.4   3574.6
56   13   116.2   -100.2   3559.4
56   14   94.8   -448.8   3546.3
56   15   51.0   -779.8   3557.9
56   16   -130.3   452.8   3246.9
56   17   268.7   438.2   3281.7
56   18   36.9   437.6   3482.9
57   0   43.8   530.1   3494.1
57   1   37.0   361.2   3491.5
57   2   -85.1   344.8   3471.7
57   3   -178.3   203.0   3328.7
57   4   -32.9   409.7   3262.8
57   5   159.5   342.7   3492.0
57   6   253.0   181.4   3372.2
57   7   162.7   405.5   3279.2
57   8   33.6   142.7   3527.0
57   9   29.1   -24.7   3543.8
57   10   -58.2   -110.1   3544.8
57   11   -72.0   -459.6   3539.2
57   12   7.4   -781.8   3567.5
57   13   113.7   -110.8   3560.7
57   14   96.7   -460.5   3559.2
57   15   48.7   -790.6   3553.4
57   16   -57.1   375.3   3273.8
57   17   177.8   368.1   3294.7
57   18   38.0   429.8   3480.3
58   0   43.8   521.9   3490.5
58   1   37.7   353.3   3488.5
58   2   -86.3   337.6   3467.1
58   3   -134.5   154.1   3342.0
58   4   31.3   346.2   3279.1
58   5   162.4   334.6   3483.4
58   6   209.5   135.4   3385.9
58   7   91.6   346.0   3289.0
58   8   33.6   135.7   3529.2
58   9   29.1   -31.4   3549.6
58   10   -58.9   -117.1   3552.1
58   11   -64.4   -469.8   3554.8
58   12   12.0   -792.7   3555.8
58   13   113.1   -120.0   3563.9
58   14   96.6   -472.7   3560.0
58   15   46.9   -801.6   3552.0
58   16   3.7   314.2   3289.6
58   17   111.3   310.9   3305.1
58   18   39.0   421.6   3475.7
59   0   44.0   514.9   3488.8
59   1   38.2   346.9   3486.4
59   2   -88.5   333.8   3467.5
59   3   -114.9   129.7   3357.0
59   4   62.9   306.6   3290.1
59   5   165.6   330.5   3480.6
59   6   191.8   111.7   3405.8
59   7   60.9   306.7   3296.9
59   8   33.7   131.7   3531.6
59   9   29.2   -35.1   3554.1
59   10   -59.5   -124.7   3559.9
59   11   -59.3   -478.0   3563.1
59   12   23.2   -798.5   3554.5
59   13   112.5   -129.2   3569.3
59   14   96.8   -482.2   3561.5
59   15   45.3   -809.4   3550.3
59   16   33.2   277.1   3301.2
59   17   82.7   274.2   3315.0
59   18   39.6   414.9   3472.1
60   0   44.2   510.3   3488.7
60   1   38.5   342.8   3486.1
60   2   -90.5   332.2   3468.8
60   3   -109.7   120.3   3367.3
60   4   72.2   288.6   3299.4
60   5   168.4   329.1   3479.9
60   6   185.0   102.7   3417.8
60   7   51.3   286.7   3298.7
60   8   33.8   130.2   3534.5
60   9   29.4   -36.6   3557.1
60   10   -60.9   -128.7   3564.2
60   11   -56.6   -483.2   3566.7
60   12   30.8   -801.3   3564.9
60   13   113.4   -133.9   3574.1
60   14   96.1   -487.7   3560.9
60   15   44.6   -813.5   3550.2
60   16   41.9   260.6   3310.7
60   17   73.6   256.0   3318.5
60   18   40.0   410.6   3470.7
61   0   44.3   508.0   3489.6
61   1   38.6   340.8   3486.7
61   2   -91.8   332.0   3469.1
61   3   -110.5   119.8   3369.5
61   4   72.2   284.3   3306.7
61   5   170.4   329.5   3479.4
61   6   183.6   101.4   3423.5
61   7   54.6   281.2   3299.5
61   8   33.8   130.6   3536.8
61   9   29.4   -36.3   3558.8
61   10   -61.9   -130.4   3566.9
61   11   -55.6   -484.3   3564.4
61   12   32.8   -799.5   3586.2
61   13   114.0   -135.7   3578.2
61   14   96.2   -488.8   3561.5
61   15   44.3   -813.3   3550.5
61   16   41.7   256.9   3317.1
61   17   76.1   251.3   3320.2
61   18   40.2   408.4   3470.6
62   0   44.4   507.1   3490.4
62   1   38.7   340.0   3487.7
62   2   -92.4   332.3   3468.8
62   3   -111.0   122.9   3366.6
62   4   69.0   289.1   3307.4
62   5   171.5   330.2   3478.7
62   6   184.4   102.8   3424.9
62   7   59.1   282.4   3300.0
62   8   33.8   131.9   3538.8
62   9   29.5   -35.1   3559.8
62   10   -62.3   -131.2   3569.1
62   11   -58.2   -484.3   3550.3
62   12   31.8   -797.0   3589.9
62   13   114.2   -136.3   3582.0
62   14   95.6   -489.1   3561.0
62   15   44.4   -813.3   3551.1
62   16   39.0   261.4   3317.3
62   17   80.0   252.5   3320.8
62   18   40.3   407.6   3471.2
63   0   44.5   506.9   3490.9
63   1   38.7   339.9   3488.8
63   2   -92.5   332.6   3468.3
63   3   -110.8   126.6   3362.0
63   4   65.4   296.6   3304.4
63   5   172.1   331.0   3477.8
63   6   185.5   104.8   3424.2
63   7   62.3   285.6   3300.1
63   8   33.8   131.2   3541.1
63   9   29.5   -36.0   3560.8
63   10   -62.3   -131.6   3570.9
63   11   -58.7   -484.0   3558.4
63   12   29.1   -798.2   3580.7
63   13   114.3   -136.5   3583.1
63   14   96.2   -488.3   3561.9
63   15   44.4   -811.8   3551.6
63   16   36.0   268.2   3314.0
63   17   82.8   255.5   3320.7
63   18   40.3   407.3   3471.9
64   0   44.2   507.0   3491.2
64   1   38.7   340.0   3489.5
64   2   -92.5   332.9   3467.5
64   3   -110.1   128.9   3359.1
64   4   63.3   301.8   3302.3
64   5   172.2   331.4   3476.6
64   6   186.5   106.6   3421.4
64   7   63.7   288.5   3298.6
64   8   33.8   129.7   3542.6
64   9   29.4   -37.6   3561.4
64   10   -62.4   -131.3   3571.4
64   11   -58.2   -482.7   3566.2
64   12   20.4   -799.5   3574.7
64   13   114.5   -136.2   3583.3
64   14   96.7   -486.8   3562.8
64   15   45.0   -809.7   3552.8
64   16   34.4   273.0   3311.8
64   17   84.1   258.2   3319.1
64   18   40.3   407.4   3472.5
65   0   43.7   507.1   3491.4
65   1   38.7   340.1   3489.8
65   2   -92.4   333.1   3466.4
65   3   -109.2   129.7   3357.6
65   4   61.5   305.7   3301.2
65   5   172.1   331.4   3476.0
65   6   187.8   108.1   3417.8
65   7   67.3   292.8   3296.5
65   8   33.7   128.1   3543.5
65   9   29.4   -39.3   3561.8
65   10   -62.5   -130.9   3571.3
65   11   -56.9   -481.1   3568.3
65   12   9.4   -800.6   3573.7
65   13   114.8   -135.7   3582.8
65   14   96.9   -485.1   3563.2
65   15   45.9   -807.7   3554.6
65   16   33.0   276.4   3310.6
65   17   87.4   262.0   3316.7
65   18   40.3   407.5   3472.8
66   0   43.3   507.2   3489.9
66   1   38.7   340.2   3488.6
66   2   -92.3   333.2   3464.6
66   3   -109.9   129.5   3357.0
66   4   55.1   311.4   3301.4
66   5   171.8   331.4   3475.8
66   6   191.6   109.8   3413.7
66   7   77.8   302.3   3298.2
66   8   33.7   127.0   3544.0
66   9   29.4   -40.4   3562.0
66   10   -62.2   -131.3   3571.3
66   11   -57.0   -479.8   3554.1
66   12   6.8   -798.3   3577.4
66   13   114.7   -135.7   3582.8
66   14   97.6   -484.0   3564.7
66   15   46.5   -806.2   3557.0
66   16   27.6   281.1   3310.7
66   17   96.8   270.2   3317.4
66   18   40.3   407.5   3471.1
67   0   43.0   507.3   3487.4
67   1   38.7   340.4   3487.2
67   2   -92.2   333.2   3464.1
67   3   -111.5   129.6   3356.9
67   4   15.5   332.8   3297.8
67   5   171.5   331.7   3479.4
67   6   197.9   114.6   3406.4
67   7   107.6   323.6   3308.2
67   8   33.6   126.2   3544.3
67   9   29.3   -41.2   3562.1
67   10   -62.0   -131.4   3571.5
67   11   -57.3   -482.7   3560.8
67   12   9.9   -800.9   3575.4
67   13   114.7   -135.6   3582.8
67   14   96.5   -486.4   3564.5
67   15   46.4   -808.4   3563.2
67   16   -5.7   298.9   3307.6
67   17   122.7   288.8   3324.6
67   18   40.3   407.6   3469.3
68   0   42.9   507.5   3485.4
68   1   38.7   340.5   3486.2
68   2   -92.3   333.2   3465.5
68   3   -114.4   130.6   3357.2
68   4   -28.9   342.3   3269.5
68   5   171.0   332.3   3485.4
68   6   199.9   121.2   3397.8
68   7   145.4   346.7   3315.2
68   8   33.6   125.8   3544.4
68   9   29.3   -41.6   3562.2
68   10   -62.0   -131.4   3571.5
68   11   -56.3   -486.6   3563.9
68   12   15.0   -803.7   3580.0
68   13   114.8   -135.4   3582.8
68   14   95.5   -489.9   3563.9
68   15   45.9   -811.6   3566.0
68   16   -43.1   307.0   3284.1
68   17   154.5   309.1   3329.0
68   18   40.3   407.6   3468.0
69   0   42.7   507.6   3484.0
69   1   38.7   340.6   3485.6
69   2   -92.3   333.2   3468.4
69   3   -115.7   132.1   3357.5
69   4   -51.5   346.2   3256.8
69   5   170.9   332.5   3487.6
69   6   200.2   121.7   3398.6
69   7   164.8   351.7   3319.2
69   8   33.6   125.4   3544.5
69   9   29.3   -42.0   3562.2
69   10   -62.2   -131.1   3571.5
69   11   -55.8   -489.3   3565.8
69   12   18.9   -805.6   3580.7
69   13   115.1   -134.9   3582.7
69   14   94.6   -492.2   3563.3
69   15   45.5   -813.8   3566.7
69   16   -62.2   310.6   3273.6
69   17   170.7   313.4   3332.5
69   18   40.3   407.6   3467.2
70   0   42.6   507.7   3483.1
70   1   38.7   340.6   3485.2
70   2   -92.3   333.2   3466.3
70   3   -116.4   131.2   3357.2
70   4   -45.3   343.2   3258.6
70   5   171.4   332.3   3481.8
70   6   197.7   120.2   3394.7
70   7   166.5   352.2   3322.8
70   8   33.6   125.2   3544.5
70   9   29.3   -42.2   3562.4
70   10   -62.0   -129.6   3571.4
70   11   -55.3   -489.8   3566.9
70   12   21.8   -805.5   3577.6
70   13   115.3   -132.8   3582.6
70   14   93.9   -491.9   3563.1
70   15   45.8   -813.6   3565.6
70   16   -57.1   307.9   3275.1
70   17   171.7   313.5   3334.8
70   18   40.3   407.6   3466.8
71   0   42.5   507.8   3482.4
71   1   38.7   340.6   3484.9
71   2   -92.1   333.3   3461.7
71   3   -115.9   129.0   3356.9
71   4   -9.2   330.2   3277.2
71   5   171.7   332.1   3473.9
71   6   193.0   114.4   3401.8
71   7   132.4   335.4   3321.8
71   8   33.6   125.0   3544.5
71   9   29.2   -42.3   3562.8
71   10   -61.3   -126.9   3571.2
71   11   -53.5   -487.7   3561.3
71   12   20.4   -803.2   3584.2
71   13   115.1   -129.4   3582.4
71   14   93.3   -489.3   3563.1
71   15   46.6   -810.9   3564.8
71   16   -26.9   296.7   3290.5
71   17   142.5   298.6   3335.1
71   18   40.3   407.6   3466.3
72   0   42.4   507.8   3481.9
72   1   38.7   340.7   3484.5
72   2   -92.0   333.3   3459.3
72   3   -114.0   127.5   3357.1
72   4   27.1   310.7   3284.7
72   5   171.8   332.1   3472.7
72   6   186.2   110.2   3412.7
72   7   84.8   303.4   3312.0
72   8   33.6   124.8   3544.6
72   9   29.1   -42.5   3563.0
72   10   -60.7   -125.7   3571.2
72   11   -52.8   -484.8   3554.8
72   12   14.9   -802.2   3585.1
72   13   114.0   -128.9   3582.1
72   14   88.8   -485.6   3547.6
72   15   49.2   -807.9   3570.9
72   16   3.6   280.1   3296.8
72   17   101.7   271.2   3328.8
72   18   40.3   407.6   3465.9
73   0   42.4   507.8   3481.3
73   1   38.7   340.7   3484.3
73   2   -91.9   333.4   3458.3
73   3   -111.0   126.5   3357.6
73   4   48.3   300.5   3289.0
73   5   171.7   332.1   3472.7
73   6   180.4   108.5   3416.5
73   7   56.9   291.5   3311.2
73   8   33.6   124.4   3544.7
73   9   29.1   -42.9   3563.2
73   10   -60.5   -125.5   3571.1
73   11   -52.7   -483.3   3543.5
73   12   6.7   -802.0   3584.1
73   13   113.4   -129.2   3582.0
73   14   91.1   -486.0   3550.6
73   15   48.0   -809.1   3569.7
73   16   21.8   271.5   3300.4
73   17   77.5   261.0   3328.7
73   18   40.3   407.6   3465.6
74   0   42.4   507.9   3480.6
74   1   38.7   340.7   3484.1
74   2   -91.9   333.4   3457.9
74   3   -109.7   125.8   3358.6
74   4   56.7   297.1   3291.1
74   5   171.6   332.1   3473.4
74   6   179.0   108.0   3418.4
74   7   47.2   286.9   3308.7
74   8   33.6   124.1   3544.8
74   9   29.0   -43.2   3563.3
74   10   -60.6   -125.6   3571.2
74   11   -53.8   -484.9   3556.1
74   12   -1.5   -806.2   3574.5
74   13   113.6   -129.2   3582.0
74   14   92.7   -487.6   3558.1
74   15   46.7   -810.8   3566.4
74   16   29.0   268.6   3302.3
74   17   69.1   257.1   3326.9
74   18   40.3   407.6   3465.4
75   0   42.3   508.0   3479.8
75   1   38.7   340.7   3484.0
75   2   -91.8   333.4   3457.8
75   3   -109.2   125.2   3359.6
75   4   59.2   297.3   3293.2
75   5   171.5   332.1   3474.0
75   6   178.6   108.0   3419.0
75   7   45.1   286.8   3307.1
75   8   33.6   123.7   3544.9
75   9   29.0   -43.6   3563.3
75   10   -60.8   -125.8   3571.2
75   11   -54.6   -483.6   3548.4
75   12   -12.3   -805.7   3576.2
75   13   113.8   -129.4   3582.0
75   14   95.7   -487.4   3569.3
75   15   45.3   -809.6   3561.7
75   16   31.1   268.6   3304.3
75   17   67.3   257.0   3325.8
75   18   40.3   407.7   3465.3
76   0   42.3   508.1   3478.9
76   1   38.7   340.7   3484.0
76   2   -91.7   333.5   3457.9
76   3   -109.1   124.4   3361.5
76   4   59.4   297.6   3295.2
76   5   171.4   332.2   3474.8
76   6   178.6   108.4   3418.3
76   7   45.0   288.5   3306.6
76   8   33.5   123.4   3545.0
76   9   29.0   -43.9   3563.4
76   10   -61.1   -126.1   3571.2
76   11   -56.6   -482.4   3561.0
76   12   -1.0   -802.6   3570.7
76   13   114.0   -129.8   3582.0
76   14   96.0   -485.9   3570.9
76   15   46.6   -808.1   3560.9
76   16   31.3   268.7   3306.3
76   17   67.3   258.5   3325.2
76   18   40.3   407.7   3465.2
77   0   42.3   508.2   3478.3
77   1   38.7   340.7   3484.0
77   2   -91.7   333.5   3458.0
77   3   -109.2   123.5   3363.8
77   4   58.7   297.9   3297.5
77   5   171.2   332.2   3475.9
77   6   180.1   108.8   3418.1
77   7   46.4   290.0   3307.0
77   8   33.5   123.1   3545.1
77   9   29.0   -44.2   3563.4
77   10   -61.3   -126.4   3571.2
77   11   -55.9   -479.0   3541.9
77   12   16.4   -794.2   3576.9
77   13   114.0   -130.3   3582.0
77   14   90.5   -478.4   3531.5
77   15   51.0   -796.4   3573.6
77   16   30.7   268.8   3308.6
77   17   68.6   259.8   3325.5
77   18   40.3   407.7   3465.2
78   0   42.3   508.3   3477.9
78   1   38.7   340.7   3484.0
78   2   -91.6   333.5   3458.1
78   3   -109.3   123.0   3365.1
78   4   58.4   298.5   3300.1
78   5   171.2   332.3   3476.4
78   6   182.5   109.1   3418.4
78   7   47.7   289.8   3307.4
78   8   33.5   123.0   3545.2
78   9   29.0   -44.4   3563.4
78   10   -61.7   -126.3   3571.2
78   11   -56.4   -480.5   3555.2
78   12   -56.7   -809.6   3568.6
78   13   114.4   -130.4   3582.0
78   14   92.0   -481.3   3541.2
78   15   50.0   -802.0   3571.3
78   16   30.4   269.2   3310.9
78   17   70.1   259.7   3325.9
78   18   40.3   407.7   3465.2
79   0   42.3   508.3   3477.8
79   1   38.7   340.7   3484.1
79   2   -91.6   333.5   3458.2
79   3   -109.4   122.8   3365.6
79   4   58.9   298.8   3302.4
79   5   171.1   332.3   3476.7
79   6   185.4   109.1   3419.4
79   7   49.0   288.8   3308.0
79   8   33.5   122.8   3545.3
79   9   29.0   -44.5   3563.4
79   10   -62.1   -126.1   3571.3
79   11   -56.9   -480.0   3564.3
79   12   -57.2   -806.4   3571.2
79   13   114.9   -130.0   3582.1
79   14   92.0   -481.7   3551.8
79   15   50.3   -804.2   3567.9
79   16   30.8   269.5   3312.9
79   17   71.7   258.9   3326.6
79   18   40.3   407.7   3465.3
80   0   42.3   508.3   3477.7
80   1   38.7   340.7   3484.2
80   2   -91.6   333.5   3458.2
80   3   -109.6   122.6   3366.0
80   4   59.8   298.0   3303.1
80   5   171.1   332.3   3477.0
80   6   186.3   109.1   3419.9
80   7   49.5   288.7   3308.2
80   8   33.5   122.7   3545.3
80   9   29.0   -44.6   3563.4
80   10   -62.6   -125.5   3571.3
80   11   -57.4   -480.2   3568.8
80   12   -57.7   -806.7   3570.9
80   13   115.6   -129.3   3582.1
80   14   92.8   -482.2   3556.8
80   15   50.1   -805.3   3566.3
80   16   31.6   268.8   3313.6
80   17   72.3   258.8   3326.8
80   18   40.3   407.7   3465.4
81   0   42.3   508.2   3478.7
81   1   38.7   340.8   3484.3
81   2   -91.5   333.5   3458.5
81   3   -109.6   122.6   3366.5
81   4   60.7   297.2   3303.3
81   5   170.9   332.4   3478.5
81   6   186.2   109.6   3420.0
81   7   49.4   289.1   3307.9
81   8   33.5   122.7   3545.5
81   9   29.0   -44.6   3563.4
81   10   -63.0   -125.0   3571.3
81   11   -57.9   -479.3   3570.9
81   12   -58.3   -804.5   3571.1
81   13   116.3   -128.4   3582.0
81   14   92.9   -481.2   3559.1
81   15   50.5   -804.4   3565.5
81   16   32.3   268.1   3313.8
81   17   72.2   259.2   3326.6
81   18   40.3   407.7   3465.5
82   0   42.3   508.1   3480.3
82   1   38.7   340.8   3484.5
82   2   -91.5   333.4   3459.3
82   3   -109.6   122.8   3366.6
82   4   60.6   297.6   3302.9
82   5   170.8   332.5   3480.5
82   6   186.2   110.3   3419.9
82   7   48.9   289.5   3307.5
82   8   33.6   122.9   3545.6
82   9   29.1   -44.5   3563.2
82   10   -63.2   -125.6   3571.3
82   11   -58.4   -478.8   3571.7
82   12   -58.7   -804.1   3571.3
82   13   116.9   -128.5   3581.9
82   14   94.3   -480.5   3561.7
82   15   50.2   -803.3   3564.6
82   16   32.2   268.5   3313.5
82   17   71.8   259.6   3326.2
82   18   40.3   407.7   3465.7
83   0   42.3   506.7   3482.1
83   1   38.7   340.8   3484.7
83   2   -91.5   333.3   3460.2
83   3   -109.6   123.0   3366.7
83   4   61.2   297.4   3302.8
83   5   170.7   332.7   3483.0
83   6   186.2   111.2   3419.8
83   7   48.2   289.8   3307.1
83   8   33.7   123.1   3545.7
83   9   29.2   -44.4   3563.0
83   10   -63.3   -126.7   3571.3
83   11   -58.4   -479.6   3571.7
83   12   5.8   -795.9   3597.0
83   13   117.4   -129.2   3581.9
83   14   94.0   -480.8   3561.7
83   15   50.2   -803.5   3564.6
83   16   32.7   268.3   3313.4
83   17   71.2   260.1   3325.9
83   18   40.3   407.7   3466.0
