59   0   28.4   488.5   3579.1
59   1   16.0   327.7   3584.6
59   2   -131.9   314.1   3568.3
59   3   -202.0   118.7   3473.4
59   4   -31.6   240.0   3336.4
59   5   167.3   327.2   3601.4
59   6   266.8   206.9   3434.9
59   7   155.1   415.7   3354.8
59   8   16.6   125.8   3621.7
59   9   15.6   -41.1   3630.1
59   10   -83.7   -143.1   3665.5
59   11   -69.5   -483.5   3650.7
59   12   -7.6   -809.7   3679.1
59   13   116.5   -137.0   3667.3
59   14   57.7   -472.2   3645.4
59   15   9.1   -798.6   3692.0
59   16   -60.0   219.7   3359.2
59   17   173.7   380.9   3368.1
59   18   15.8   395.3   3572.2
60   0   26.8   490.8   3580.6
60   1   17.0   330.4   3584.0
60   2   -129.8   315.3   3566.6
60   3   -194.8   118.4   3471.9
60   4   -27.5   244.5   3336.1
60   5   167.1   326.6   3594.1
60   6   259.0   194.6   3436.5
60   7   144.8   401.8   3356.1
60   8   17.1   128.3   3623.4
60   9   16.0   -38.3   3634.3
60   10   -81.4   -142.8   3666.3
60   11   -71.3   -482.3   3643.7
60   12   -7.5   -807.0   3677.2
60   13   114.9   -137.3   3668.2
60   14   62.9   -473.4   3650.6
60   15   12.5   -799.5   3686.6
60   16   -55.4   223.5   3358.7
60   17   163.8   367.3   3369.5
60   18   17.0   397.8   3570.9
61   0   21.1   496.3   3585.3
61   1   18.9   337.6   3582.9
61   2   -124.0   317.6   3559.6
61   3   -171.9   117.3   3464.8
61   4   -8.8   256.2   3338.7
61   5   162.5   323.9   3571.4
61   6   234.7   163.7   3444.9
61   7   108.3   354.8   3351.0
61   8   18.3   135.5   3630.0
61   9   16.9   -30.4   3647.0
61   10   -76.0   -140.2   3668.8
61   11   -69.9   -480.3   3656.3
61   12   -4.6   -803.8   3674.1
61   13   111.0   -136.1   3669.4
61   14   61.5   -472.4   3647.1
61   15   26.5   -799.3   3673.9
61   16   -36.0   233.1   3359.7
61   17   129.4   323.0   3366.6
61   18   19.1   404.5   3567.4
62   0   13.2   501.9   3590.8
62   1   20.7   345.3   3581.9
62   2   -117.6   319.8   3552.5
62   3   -142.8   118.5   3452.1
62   4   15.1   275.4   3342.7
62   5   156.3   319.7   3551.6
62   6   203.9   130.0   3456.9
62   7   65.1   306.7   3352.1
62   8   19.8   144.3   3638.9
62   9   18.4   -20.7   3662.0
62   10   -71.1   -138.9   3673.8
62   11   -85.4   -477.8   3653.4
62   12   -3.7   -795.2   3671.8
62   13   107.8   -136.5   3670.9
62   14   70.9   -471.2   3625.6
62   15   22.5   -793.6   3660.3
62   16   -11.3   249.3   3361.0
62   17   88.3   277.2   3369.5
62   18   21.0   411.4   3563.2
63   0   7.8   504.3   3594.9
63   1   21.5   349.4   3581.2
63   2   -113.9   321.1   3548.6
63   3   -130.2   119.8   3444.0
63   4   28.7   286.5   3349.9
63   5   153.3   317.4   3548.8
63   6   183.2   111.4   3466.9
63   7   34.7   281.9   3362.4
63   8   21.0   149.7   3644.2
63   9   19.5   -14.9   3670.2
63   10   -69.8   -140.3   3677.6
63   11   -77.0   -480.2   3669.8
63   12   -4.2   -798.0   3667.3
63   13   107.7   -139.3   3672.1
63   14   96.1   -470.4   3599.7
63   15   24.9   -783.1   3654.1
63   16   2.2   258.8   3365.6
63   17   59.4   253.5   3379.8
63   18   21.7   414.9   3560.5
64   0   6.1   503.5   3597.4
64   1   21.6   349.8   3580.7
64   2   -112.8   321.2   3550.4
64   3   -124.9   120.8   3442.2
64   4   36.2   293.4   3361.1
64   5   153.4   318.0   3550.5
64   6   175.8   104.4   3475.1
64   7   20.4   268.4   3368.6
64   8   21.7   151.1   3645.9
64   9   20.2   -13.4   3672.3
64   10   -70.8   -142.4   3678.7
64   11   -79.6   -480.9   3649.6
64   12   -3.5   -798.9   3668.9
64   13   110.0   -141.9   3673.0
64   14   106.0   -475.8   3608.4
64   15   37.2   -792.6   3657.9
64   16   9.4   264.6   3374.6
64   17   46.3   241.1   3386.4
64   18   21.6   415.1   3559.3
65   0   7.3   501.1   3598.5
65   1   21.2   347.7   3581.5
65   2   -113.4   320.6   3554.9
65   3   -124.5   121.4   3444.1
65   4   39.9   296.0   3373.4
65   5   154.2   319.1   3555.2
65   6   173.3   104.2   3478.3
65   7   16.6   265.8   3369.3
65   8   22.0   149.5   3646.2
65   9   20.6   -15.2   3671.1
65   10   -72.3   -144.3   3679.0
65   11   -91.6   -481.6   3638.7
65   12   -1.4   -797.6   3674.8
65   13   112.4   -144.1   3674.0
65   14   108.0   -480.6   3623.5
65   15   38.8   -801.4   3669.8
65   16   12.5   266.9   3385.2
65   17   42.7   238.9   3387.4
65   18   20.9   413.0   3560.2
66   0   10.6   498.5   3598.5
66   1   20.7   344.4   3583.6
66   2   -114.6   319.8   3558.5
66   3   -126.1   120.7   3447.5
66   4   39.6   295.0   3378.4
66   5   155.4   320.2   3558.0
66   6   174.0   105.7   3479.6
66   7   17.3   266.1   3369.0
66   8   22.2   146.4   3646.4
66   9   20.8   -18.6   3668.9
66   10   -73.0   -145.2   3679.2
66   11   -78.9   -484.1   3655.8
66   12   1.2   -804.0   3684.4
66   13   113.4   -145.2   3675.2
66   14   103.6   -484.1   3653.9
66   15   35.7   -807.1   3681.6
66   16   12.0   265.9   3389.9
66   17   43.4   239.4   3387.4
66   18   20.3   409.9   3562.9
67   0   15.4   496.0   3597.9
67   1   20.5   340.8   3586.7
67   2   -115.8   319.1   3562.2
67   3   -127.2   118.7   3453.7
67   4   37.2   292.4   3380.8
67   5   157.0   321.5   3559.4
67   6   176.0   107.6   3480.1
67   7   19.3   266.8   3367.9
67   8   22.3   142.7   3647.1
67   9   20.8   -22.6   3666.4
67   10   -72.8   -145.2   3679.1
67   11   -79.3   -484.2   3650.9
67   12   2.9   -800.8   3693.5
67   13   113.3   -145.3   3676.2
67   14   96.2   -485.0   3670.9
67   15   34.0   -808.5   3693.4
67   16   9.8   263.5   3392.9
67   17   45.4   240.3   3386.6
67   18   19.8   406.5   3566.7
68   0   20.5   493.7   3597.0
68   1   20.4   337.5   3590.0
68   2   -117.0   318.5   3563.7
68   3   -127.6   116.8   3457.8
68   4   35.1   290.8   3382.5
68   5   158.8   323.0   3560.3
68   6   178.8   109.9   3480.5
68   7   19.2   264.8   3366.8
68   8   22.6   139.3   3648.0
68   9   20.9   -26.2   3664.6
68   10   -72.1   -144.8   3678.8
68   11   -80.6   -482.5   3638.5
68   12   4.1   -792.6   3703.5
68   13   112.8   -144.8   3676.5
68   14   86.7   -482.4   3650.1
68   15   35.7   -803.2   3693.8
68   16   8.0   261.8   3395.1
68   17   45.8   238.9   3385.7
68   18   19.7   403.4   3570.8
69   0   25.5   492.3   3596.3
69   1   20.4   335.4   3592.7
69   2   -117.6   318.4   3563.8
69   3   -127.5   115.8   3460.0
69   4   33.9   290.5   3384.3
69   5   160.3   324.6   3561.0
69   6   182.0   112.1   3480.9
69   7   16.5   258.4   3365.0
69   8   22.9   135.0   3649.3
69   9   20.9   -30.6   3663.8
69   10   -71.0   -144.1   3678.6
69   11   -81.3   -481.9   3638.3
69   12   6.9   -789.3   3704.9
69   13   111.8   -144.0   3676.5
69   14   86.0   -475.4   3613.3
69   15   37.4   -788.6   3686.8
69   16   7.0   261.4   3396.9
69   17   44.1   234.1   3384.3
69   18   19.6   401.5   3574.1
70   0   28.7   491.6   3595.7
70   1   20.6   334.3   3594.5
70   2   -117.8   318.4   3563.5
70   3   -127.3   115.4   3460.9
70   4   33.0   291.1   3385.7
70   5   161.0   325.2   3561.6
70   6   186.1   113.6   3481.2
70   7   17.0   256.6   3366.6
70   8   23.2   131.2   3650.5
70   9   20.9   -34.4   3663.6
70   10   -69.8   -143.5   3678.4
70   11   -78.6   -482.4   3660.3
70   12   7.9   -792.3   3697.8
70   13   110.8   -143.1   3676.4
70   14   91.1   -478.5   3643.7
70   15   34.5   -793.5   3681.5
70   16   6.3   261.8   3398.2
70   17   45.2   232.8   3385.7
70   18   19.7   400.4   3576.3
71   0   30.3   491.4   3595.1
71   1   20.7   333.8   3595.5
71   2   -117.8   318.4   3563.5
71   3   -126.1   115.4   3461.2
71   4   31.8   293.3   3386.7
71   5   161.1   325.3   3562.1
71   6   189.9   114.5   3481.3
71   7   16.6   252.7   3367.4
71   8   23.6   128.3   3651.5
71   9   21.0   -37.2   3663.7
71   10   -68.5   -142.8   3678.2
71   11   -79.6   -479.1   3637.9
71   12   4.5   -784.8   3696.7
71   13   109.8   -142.1   3676.3
71   14   98.2   -472.1   3608.9
71   15   35.4   -777.7   3681.8
71   16   5.5   263.6   3399.1
71   17   45.5   229.7   3386.4
71   18   19.8   400.0   3577.5
72   0   31.0   491.4   3594.6
72   1   20.9   333.7   3596.0
72   2   -117.0   317.9   3563.2
72   3   -125.2   115.0   3460.9
72   4   30.1   295.6   3388.2
72   5   161.1   325.3   3562.7
72   6   192.2   115.3   3481.5
72   7   13.7   245.5   3366.7
72   8   24.0   126.4   3652.2
72   9   21.0   -39.0   3663.9
72   10   -67.4   -142.2   3678.0
72   11   -80.8   -477.8   3630.8
72   12   2.8   -782.0   3695.7
72   13   108.9   -141.2   3676.1
72   14   105.2   -468.8   3592.4
72   15   36.1   -769.4   3681.4
72   16   4.2   265.5   3400.3
72   17   43.5   223.8   3385.8
72   18   19.9   399.8   3578.1
73   0   31.2   491.5   3594.1
73   1   21.1   333.7   3596.1
73   2   -115.2   316.4   3562.6
73   3   -123.3   113.9   3460.1
73   4   27.3   299.3   3390.5
73   5   160.7   325.5   3563.0
73   6   193.2   116.0   3481.6
73   7   10.7   238.4   3364.9
73   8   24.4   125.2   3652.6
73   9   21.1   -40.1   3664.1
73   10   -66.5   -141.9   3677.9
73   11   -82.7   -477.3   3630.4
73   12   1.9   -780.7   3695.2
73   13   108.2   -140.5   3676.0
73   14   112.4   -465.5   3580.0
73   15   37.0   -760.7   3681.5
73   16   2.2   268.4   3402.1
73   17   41.1   218.0   3384.4
73   18   20.1   399.8   3578.3
74   0   31.2   491.7   3593.4
74   1   21.4   333.8   3596.2
74   2   -112.8   314.9   3562.0
74   3   -122.8   112.8   3459.2
74   4   25.5   300.6   3391.8
74   5   160.3   326.0   3564.2
74   6   193.4   117.2   3481.9
74   7   11.1   239.4   3365.0
74   8   24.8   124.5   3652.9
74   9   21.2   -40.6   3664.2
74   10   -65.8   -141.8   3677.7
74   11   -83.1   -477.9   3637.2
74   12   1.5   -782.0   3694.7
74   13   107.8   -140.1   3676.0
74   14   109.5   -471.9   3619.3
74   15   32.8   -774.6   3680.9
74   16   0.8   269.3   3403.1
74   17   41.5   219.0   3384.5
74   18   20.4   399.8   3578.3
75   0   31.1   492.0   3592.8
75   1   21.7   334.0   3596.1
75   2   -110.8   314.3   3561.5
75   3   -122.8   112.6   3458.9
75   4   24.7   300.9   3392.4
75   5   159.6   326.5   3564.2
75   6   193.1   117.8   3482.1
75   7   11.7   240.5   3364.9
75   8   25.2   124.1   3653.0
75   9   21.2   -40.8   3664.3
75   10   -65.4   -141.8   3677.4
75   11   -82.8   -478.7   3649.6
75   12   1.9   -786.0   3694.2
75   13   107.5   -139.9   3675.9
75   14   117.3   -472.0   3616.3
75   15   32.6   -773.9   3683.7
75   16   0.1   269.5   3403.4
75   17   41.9   220.0   3384.4
75   18   20.7   399.8   3578.3
