2   0   13.0   482.6   3601.1
2   1   10.5   312.4   3598.0
2   2   -133.6   298.3   3591.0
2   3   -124.7   102.1   3461.2
2   4   23.0   308.7   3415.7
2   5   150.7   293.2   3610.4
2   6   155.0   128.9   3441.7
2   7   -16.6   319.2   3411.6
2   8   8.3   104.3   3637.1
2   9   7.3   -60.4   3645.7
2   10   -92.0   -160.8   3677.4
2   11   -74.9   -512.2   3669.7
2   12   -29.6   -817.3   3723.6
2   13   106.3   -161.0   3675.6
2   14   80.8   -510.6   3644.5
2   15   25.6   -807.6   3727.2
2   16   -1.6   274.2   3423.3
2   17   12.0   287.5   3416.7
2   18   11.2   382.1   3584.9
3   0   14.0   485.0   3602.0
3   1   11.5   315.0   3598.8
3   2   -132.0   300.0   3589.6
3   3   -125.6   102.3   3462.2
3   4   20.0   308.3   3410.4
3   5   152.1   296.1   3607.2
3   6   157.9   125.9   3446.0
3   7   -10.4   315.0   3404.5
3   8   9.6   107.2   3639.4
3   9   8.5   -57.6   3649.3
3   10   -88.5   -161.6   3679.0
3   11   -72.5   -513.1   3672.6
3   12   -28.7   -819.8   3718.7
3   13   105.1   -161.8   3677.5
3   14   82.2   -511.7   3649.3
3   15   26.9   -810.9   3722.8
3   16   -4.2   273.9   3419.1
3   17   17.7   283.5   3411.4
3   18   12.1   384.6   3585.2
4   0   17.3   492.2   3604.6
4   1   14.5   323.0   3601.3
4   2   -127.8   306.3   3587.4
4   3   -127.1   105.7   3464.7
4   4   15.8   308.0   3397.2
4   5   153.6   301.7   3600.8
4   6   163.1   120.0   3454.9
4   7   1.5   305.7   3390.1
4   8   13.1   114.7   3646.2
4   9   11.7   -50.5   3659.7
4   10   -81.0   -159.6   3683.6
4   11   -83.9   -509.4   3664.2
4   12   -21.1   -816.5   3707.1
4   13   101.7   -161.8   3681.9
4   14   84.4   -512.3   3658.9
4   15   31.8   -819.3   3706.1
4   16   -8.0   274.2   3408.5
4   17   28.4   274.8   3400.9
4   18   15.0   392.3   3586.3
5   0   21.4   500.5   3607.3
5   1   18.0   332.8   3603.9
5   2   -121.8   313.2   3585.4
5   3   -129.0   109.2   3468.8
5   4   11.8   308.2   3387.6
5   5   154.0   307.1   3592.6
5   6   168.0   114.7   3460.5
5   7   11.7   298.3   3376.0
5   8   16.8   124.3   3653.3
5   9   15.1   -41.7   3670.6
5   10   -74.3   -154.6   3686.5
5   11   -99.7   -499.7   3638.8
5   12   -4.9   -800.9   3690.1
5   13   98.2   -160.4   3685.8
5   14   86.3   -511.5   3668.7
5   15   34.4   -826.4   3696.7
5   16   -11.6   275.0   3401.1
5   17   37.7   267.7   3390.1
5   18   18.4   401.8   3587.6
6   0   24.2   504.6   3608.6
6   1   20.3   338.2   3605.4
6   2   -117.6   317.3   3584.2
6   3   -130.4   110.4   3472.9
6   4   8.9   308.0   3384.2
6   5   153.9   309.9   3587.4
6   6   170.6   111.1   3463.6
6   7   17.6   294.8   3369.0
6   8   19.0   130.0   3656.9
6   9   17.1   -37.1   3675.4
6   10   -72.0   -150.0   3685.5
6   11   -108.2   -495.9   3640.1
6   12   10.7   -797.9   3667.2
6   13   97.3   -158.7   3687.4
6   14   87.9   -510.1   3674.2
6   15   30.8   -831.8   3680.4
6   16   -14.3   275.1   3399.0
6   17   43.1   264.2   3384.8
6   18   20.8   407.1   3588.4
7   0   25.3   505.1   3608.7
7   1   21.3   339.6   3605.7
7   2   -115.5   318.8   3583.7
7   3   -131.3   110.6   3474.8
7   4   6.8   308.0   3382.4
7   5   153.4   310.6   3585.3
7   6   171.1   109.2   3464.8
7   7   20.0   293.7   3366.8
7   8   19.8   131.5   3657.0
7   9   17.8   -36.6   3674.3
7   10   -72.0   -147.1   3683.8
7   11   -98.2   -495.9   3661.5
7   12   16.7   -803.9   3656.7
7   13   99.3   -155.5   3687.1
7   14   89.0   -507.0   3676.6
7   15   24.0   -830.3   3660.2
7   16   -16.2   275.1   3397.8
7   17   45.2   262.9   3383.1
7   18   21.8   408.5   3588.8
8   0   25.3   503.5   3608.1
8   1   21.4   338.4   3605.6
8   2   -115.0   319.0   3583.5
8   3   -131.7   110.5   3475.4
8   4   5.8   307.6   3381.5
8   5   153.6   310.9   3584.9
8   6   171.2   108.7   3465.2
8   7   20.6   293.8   3366.7
8   8   19.8   130.6   3656.1
8   9   17.9   -40.1   3670.5
8   10   -73.3   -144.0   3681.3
8   11   -82.0   -494.6   3673.6
8   12   17.3   -809.9   3663.9
8   13   102.6   -150.2   3686.1
8   14   89.8   -501.7   3677.1
8   15   26.3   -827.0   3660.0
8   16   -17.2   274.7   3397.1
8   17   45.7   262.9   3383.1
8   18   22.0   407.3   3588.8
9   0   24.8   501.6   3607.3
9   1   21.2   336.7   3605.3
9   2   -115.2   318.8   3583.5
9   3   -132.2   110.2   3475.6
9   4   5.4   307.2   3381.4
9   5   153.7   311.3   3585.4
9   6   170.9   109.2   3465.4
9   7   19.9   294.4   3367.8
9   8   19.5   129.1   3655.1
9   9   17.6   -44.2   3666.8
9   10   -73.9   -142.7   3680.2
9   11   -71.4   -494.1   3679.1
9   12   14.9   -813.3   3655.5
9   13   103.3   -148.3   3685.4
9   14   89.8   -499.8   3676.8
9   15   28.3   -825.1   3649.6
9   16   -17.6   274.4   3397.1
9   17   45.1   263.6   3384.0
9   18   21.8   405.7   3588.8
10   0   24.0   499.8   3606.3
10   1   20.8   334.8   3605.2
10   2   -115.6   318.6   3583.6
10   3   -132.7   110.0   3475.5
10   4   5.2   306.9   3381.8
10   5   154.0   311.7   3586.4
10   6   170.6   110.0   3465.7
10   7   19.2   294.9   3368.2
10   8   19.0   125.3   3654.9
10   9   17.2   -50.3   3665.0
10   10   -74.2   -142.0   3679.9
10   11   -66.9   -493.8   3681.4
10   12   11.9   -814.9   3652.7
10   13   103.7   -146.8   3684.9
10   14   89.7   -498.3   3676.4
10   15   27.3   -821.6   3634.9
10   16   -17.7   274.1   3397.4
10   17   44.4   264.1   3384.4
10   18   21.5   403.8   3588.8
11   0   23.3   498.4   3605.5
11   1   20.5   333.0   3605.1
11   2   -116.1   318.3   3583.6
11   3   -133.6   109.8   3475.6
11   4   5.5   306.0   3382.1
11   5   154.4   312.1   3587.3
11   6   170.3   110.9   3466.0
11   7   18.4   295.2   3368.3
11   8   18.5   120.9   3655.3
11   9   16.8   -56.5   3664.3
11   10   -74.4   -141.7   3680.1
11   11   -65.6   -493.5   3682.0
11   12   8.7   -815.6   3652.7
11   13   104.1   -145.3   3684.7
11   14   89.6   -496.8   3675.9
11   15   25.4   -819.9   3637.0
11   16   -17.7   273.3   3397.7
11   17   43.7   264.5   3384.6
11   18   21.1   402.0   3588.7
12   0   22.5   497.6   3604.8
12   1   20.0   331.7   3605.0
12   2   -116.4   318.2   3583.6
12   3   -135.2   109.7   3475.8
12   4   5.7   304.5   3382.3
12   5   154.4   312.5   3588.2
12   6   170.2   111.7   3466.2
12   7   17.9   295.5   3368.3
12   8   18.0   117.1   3655.8
12   9   16.4   -61.7   3664.3
12   10   -74.1   -142.4   3680.8
12   11   -77.1   -494.0   3676.7
12   12   6.8   -815.0   3653.9
12   13   103.7   -145.5   3684.5
12   14   89.5   -496.9   3675.6
12   15   25.7   -821.5   3641.9
12   16   -17.8   272.0   3397.9
12   17   43.3   264.9   3384.7
12   18   20.7   400.7   3588.7
13   0   21.7   497.2   3604.1
13   1   19.6   330.8   3605.0
13   2   -116.6   318.1   3583.6
13   3   -139.6   109.9   3476.3
13   4   4.9   301.6   3382.3
13   5   154.1   312.8   3589.0
13   6   172.5   112.6   3466.6
13   7   18.1   294.6   3369.0
13   8   17.5   114.0   3656.3
13   9   16.1   -66.1   3664.6
13   10   -73.6   -143.9   3681.1
13   11   -88.3   -493.6   3655.1
13   12   5.1   -815.3   3661.6
13   13   103.1   -146.4   3684.2
13   14   89.4   -497.8   3675.5
13   15   27.2   -827.3   3662.9
13   16   -19.1   269.7   3397.9
13   17   43.8   264.3   3385.2
13   18   20.3   399.8   3588.7
14   0   20.9   496.9   3603.6
14   1   19.3   330.0   3605.0
14   2   -116.8   318.0   3583.7
14   3   -154.5   111.6   3477.8
14   4   0.4   293.1   3380.9
14   5   153.8   313.2   3593.7
14   6   184.9   117.2   3467.7
14   7   19.0   289.0   3371.4
14   8   17.0   111.6   3656.7
14   9   15.8   -69.7   3664.9
14   10   -72.8   -145.4   3681.1
14   11   -98.6   -493.3   3639.7
14   12   8.3   -814.4   3667.3
14   13   102.9   -146.5   3684.0
14   14   89.5   -497.8   3675.4
14   15   29.7   -832.7   3671.1
14   16   -25.4   262.8   3397.0
14   17   46.7   260.4   3387.4
14   18   20.0   399.0   3588.7
15   0   20.0   496.8   3603.5
15   1   18.9   329.6   3605.0
15   2   -117.5   318.7   3583.7
15   3   -178.5   116.5   3482.0
15   4   -6.9   275.7   3376.8
15   5   153.1   313.7   3600.7
15   6   217.2   135.6   3465.2
15   7   25.6   279.0   3375.6
15   8   16.6   110.0   3657.0
15   9   15.5   -72.5   3665.3
15   10   -71.9   -147.1   3680.8
15   11   -109.0   -494.5   3642.5
15   12   17.2   -812.4   3676.9
15   13   103.0   -146.1   3683.7
15   14   87.8   -495.9   3655.8
15   15   35.3   -833.7   3684.4
15   16   -35.5   249.1   3394.4
15   17   57.5   255.1   3390.6
15   18   19.6   398.5   3588.7
16   0   19.1   496.9   3603.5
16   1   18.5   329.3   3605.0
16   2   -118.5   320.2   3583.8
16   3   -204.5   120.0   3498.9
16   4   -30.2   228.1   3353.8
16   5   152.6   314.2   3603.4
16   6   245.2   187.1   3438.4
16   7   20.0   281.0   3378.5
16   8   16.1   109.0   3657.2
16   9   15.2   -72.7   3665.6
16   10   -71.0   -148.7   3680.5
16   11   -100.8   -497.6   3651.6
16   12   24.1   -821.0   3671.2
16   13   102.9   -145.9   3683.3
16   14   90.5   -491.1   3624.0
16   15   35.6   -826.3   3690.9
16   16   -59.2   210.1   3378.0
16   17   57.5   265.3   3388.5
16   18   19.2   398.3   3588.7
17   0   18.1   497.0   3603.5
17   1   18.1   329.2   3605.0
17   2   -119.2   321.1   3584.6
17   3   -237.7   127.6   3541.7
17   4   -85.5   140.8   3355.9
17   5   152.2   314.6   3604.3
17   6   273.3   254.0   3423.0
17   7   32.3   301.3   3359.8
17   8   15.8   108.7   3657.2
17   9   15.0   -71.6   3665.7
17   10   -71.5   -148.2   3680.3
17   11   -82.0   -498.6   3668.4
17   12   20.2   -828.1   3657.2
17   13   102.7   -145.9   3682.7
17   14   92.6   -493.9   3644.8
17   15   20.7   -828.9   3679.0
17   16   -110.8   138.7   3386.8
17   17   72.5   293.4   3370.3
17   18   18.8   398.1   3588.7
18   0   17.1   497.1   3603.6
18   1   17.7   329.2   3605.0
18   2   -119.5   321.7   3586.6
18   3   -269.2   150.2   3601.9
18   4   -148.2   73.2   3405.4
18   5   153.3   317.6   3603.5
18   6   306.7   315.0   3433.5
18   7   58.0   302.2   3427.3
18   8   15.5   109.0   3657.3
18   9   14.8   -69.5   3665.7
18   10   -75.6   -141.3   3679.7
18   11   -69.8   -492.2   3675.6
18   12   9.0   -824.8   3643.0
18   13   102.4   -144.9   3681.8
18   14   92.3   -494.8   3663.2
18   15   17.2   -828.4   3658.9
18   16   -168.4   86.1   3438.1
18   17   99.4   304.2   3428.3
18   18   18.4   398.1   3588.7
19   0   14.5   497.4   3602.4
19   1   17.4   329.2   3604.7
19   2   -119.3   322.1   3590.0
19   3   -288.7   171.7   3642.6
19   4   -190.3   24.4   3463.4
19   5   155.9   324.4   3599.7
19   6   347.7   346.1   3473.5
19   7   93.7   311.2   3480.4
19   8   15.4   110.1   3655.6
19   9   14.5   -66.9   3664.2
19   10   -81.1   -127.4   3677.2
19   11   -67.7   -478.5   3678.9
19   12   1.2   -811.5   3642.9
19   13   101.7   -141.4   3680.0
19   14   88.9   -492.0   3669.9
19   15   21.6   -825.4   3646.9
19   16   -206.8   48.9   3493.2
19   17   136.0   317.0   3479.3
19   18   18.0   398.2   3588.7
20   0   10.5   497.8   3598.5
20   1   16.9   329.1   3603.6
20   2   -119.0   322.6   3592.5
20   3   -293.0   178.6   3663.0
20   4   -202.8   -10.2   3509.0
20   5   157.3   329.7   3591.5
20   6   372.9   358.3   3503.7
20   7   116.3   323.7   3502.8
20   8   15.3   111.7   3650.9
20   9   14.3   -64.0   3661.0
20   10   -81.6   -123.0   3671.4
20   11   -82.6   -474.1   3671.2
20   12   -1.3   -802.7   3647.5
20   13   100.4   -137.7   3676.9
20   14   99.6   -482.8   3626.6
20   15   25.0   -810.4   3646.0
20   16   -217.8   21.2   3534.7
20   17   159.1   329.5   3503.0
20   18   17.4   398.3   3588.6
21   0   7.1   498.0   3591.0
21   1   16.5   329.1   3601.4
21   2   -118.5   322.9   3593.3
21   3   -290.6   176.6   3667.3
21   4   -198.6   -28.4   3529.6
21   5   157.2   332.3   3586.8
21   6   382.9   360.7   3517.7
21   7   125.8   328.8   3509.6
21   8   15.3   113.6   3644.0
21   9   14.1   -60.9   3656.2
21   10   -80.5   -122.2   3664.4
21   11   -92.9   -471.8   3642.4
21   12   -2.9   -795.7   3651.4
21   13   99.6   -134.7   3672.8
21   14   97.8   -482.8   3645.8
21   15   23.5   -810.2   3647.5
21   16   -213.9   5.8   3552.5
21   17   168.7   334.2   3511.0
21   18   16.9   398.5   3587.7
22   0   5.3   498.1   3582.8
22   1   16.1   329.2   3598.9
22   2   -118.0   323.1   3593.3
22   3   -285.0   170.8   3664.7
22   4   -205.8   -35.8   3522.5
22   5   156.5   333.8   3585.4
22   6   384.3   359.0   3519.8
22   7   127.2   329.0   3512.1
22   8   15.4   115.7   3637.5
22   9   14.0   -57.9   3651.4
22   10   -79.1   -123.1   3660.3
22   11   -93.8   -470.6   3616.3
22   12   -4.3   -790.4   3657.3
22   13   98.7   -133.4   3669.7
22   14   112.9   -476.4   3609.8
22   15   26.8   -793.7   3657.6
22   16   -219.0   -1.4   3546.2
22   17   170.0   334.0   3513.4
22   18   16.4   398.8   3586.3
23   0   4.7   498.3   3577.8
23   1   15.8   329.4   3596.7
23   2   -117.6   323.2   3592.8
23   3   -281.7   168.3   3662.8
23   4   -203.3   -30.0   3512.0
23   5   155.5   334.6   3585.6
23   6   381.8   354.1   3516.7
23   7   125.1   325.6   3511.9
23   8   15.4   117.9   3633.4
23   9   13.9   -55.0   3648.0
23   10   -78.5   -123.6   3658.6
23   11   -87.8   -469.7   3601.8
23   12   -5.4   -787.8   3662.7
23   13   98.0   -133.0   3668.1
23   14   104.5   -480.0   3638.0
23   15   28.8   -802.1   3660.1
23   16   -216.4   3.1   3537.2
23   17   167.9   330.4   3512.7
23   18   15.9   399.2   3584.6
24   0   4.6   498.5   3575.4
24   1   15.3   329.8   3594.8
24   2   -117.4   323.3   3592.1
24   3   -280.5   168.4   3662.5
24   4   -204.1   -29.4   3512.7
24   5   154.2   335.1   3586.5
24   6   377.1   343.9   3509.1
24   7   120.4   321.0   3511.2
24   8   15.4   120.0   3631.5
24   9   13.9   -52.4   3646.1
24   10   -78.5   -123.6   3658.3
24   11   -88.8   -468.5   3593.8
24   12   -6.1   -784.5   3663.3
24   13   98.0   -132.8   3667.6
24   14   95.3   -481.9   3658.9
24   15   30.6   -807.2   3659.2
24   16   -216.9   3.6   3537.6
24   17   163.1   324.8   3510.9
24   18   15.3   399.5   3582.6
25   0   4.8   498.8   3574.5
25   1   14.8   330.3   3593.2
25   2   -117.3   323.4   3591.7
25   3   -281.2   170.0   3662.1
25   4   -201.9   -25.8   3513.2
25   5   153.0   335.5   3587.3
25   6   194.2   235.6   3510.5
25   7   -18.0   126.9   3476.0
25   8   15.5   121.9   3630.7
25   9   13.9   -50.2   3645.2
25   10   -78.6   -123.7   3658.4
25   11   -93.5   -467.9   3590.7
25   12   -5.9   -783.7   3667.8
25   13   97.9   -133.0   3667.4
25   14   110.2   -480.6   3637.2
25   15   30.1   -803.7   3664.6
25   16   -215.1   6.8   3538.0
25   17   17.3   145.1   3481.8
25   18   14.6   400.0   3580.6
26   0   5.0   499.1   3574.3
26   1   14.3   330.9   3591.5
26   2   -117.2   323.4   3591.4
26   3   -282.7   172.6   3662.4
26   4   -200.3   -19.5   3511.7
26   5   152.0   335.8   3586.8
26   6   151.4   101.2   3586.3
26   7   151.4   -201.4   3586.3
26   8   15.5   123.4   3630.5
26   9   13.9   -48.3   3644.8
26   10   -78.8   -123.9   3658.5
26   11   -93.3   -469.8   3602.7
26   12   -5.0   -785.6   3681.0
26   13   97.8   -133.5   3667.4
26   14   114.5   -478.0   3611.9
26   15   32.8   -797.4   3670.5
26   16   -214.0   12.6   3536.8
26   17   151.4   -113.1   3586.3
26   18   14.0   400.4   3578.4
27   0   5.3   499.2   3574.4
27   1   14.1   331.5   3590.2
27   2   -117.0   323.6   3591.2
27   3   -285.7   177.3   3663.5
27   4   -199.0   -7.4   3507.1
27   5   151.4   336.0   3584.4
27   6   151.1   101.4   3582.3
27   7   151.1   -200.9   3582.3
27   8   15.5   124.6   3630.6
27   9   14.0   -46.8   3644.7
27   10   -78.9   -124.1   3658.7
27   11   -93.0   -472.3   3625.7
27   12   -2.7   -792.1   3692.9
27   13   97.6   -134.2   3667.5
27   14   109.5   -479.1   3608.7
27   15   34.9   -801.6   3678.4
27   16   -213.4   23.4   3533.1
27   17   151.1   -112.7   3582.3
27   18   13.6   400.9   3576.6
28   0   5.6   499.3   3574.6
28   1   14.0   332.1   3589.3
28   2   -116.8   323.8   3591.1
28   3   -288.6   181.5   3663.2
28   4   -201.1   11.7   3492.3
28   5   151.0   336.0   3580.5
28   6   151.0   101.6   3577.6
28   7   151.0   -200.4   3577.6
28   8   15.5   125.4   3630.7
28   9   14.0   -45.7   3644.6
28   10   -79.1   -124.3   3658.9
28   11   -92.8   -473.7   3643.1
28   12   -0.6   -797.5   3700.0
28   13   97.5   -134.7   3667.6
28   14   105.4   -479.5   3606.0
28   15   38.1   -803.3   3690.9
28   16   -215.7   40.0   3520.8
28   17   151.0   -112.5   3577.6
28   18   13.5   401.3   3575.4
29   0   6.0   499.4   3574.8
29   1   14.0   332.6   3589.1
29   2   -116.5   324.1   3591.1
29   3   -292.2   178.7   3641.0
29   4   -189.4   50.3   3448.6
29   5   150.8   336.0   3578.5
29   6   150.7   101.8   3577.5
29   7   150.7   -199.9   3577.5
29   8   15.5   126.2   3631.6
29   9   14.0   -44.7   3646.2
29   10   -79.2   -124.7   3659.7
29   11   -93.0   -474.5   3658.0
29   12   0.9   -802.1   3701.0
29   13   97.2   -135.6   3668.8
29   14   102.1   -479.7   3603.6
29   15   41.8   -806.7   3691.4
29   16   -206.6   71.7   3480.7
29   17   150.7   -112.1   3577.5
29   18   13.5   401.8   3574.8
30   0   6.3   499.4   3576.7
30   1   14.0   333.2   3589.7
30   2   -116.3   324.4   3591.2
30   3   -286.1   170.3   3588.9
30   4   -149.7   122.9   3390.9
30   5   150.6   336.1   3578.1
30   6   150.5   102.0   3578.4
30   7   150.5   -199.4   3578.4
30   8   15.5   126.8   3633.5
30   9   14.0   -43.6   3650.1
30   10   -79.3   -125.4   3661.5
30   11   -93.6   -475.0   3656.6
30   12   1.8   -804.8   3699.4
30   13   97.6   -136.2   3670.5
30   14   100.8   -479.0   3599.6
30   15   46.0   -809.3   3688.0
30   16   -172.4   130.8   3423.9
30   17   150.5   -111.7   3578.4
30   18   13.5   402.2   3575.0
31   0   6.7   499.2   3581.9
31   1   14.1   333.8   3590.7
31   2   -116.7   325.7   3591.4
31   3   -263.0   188.5   3502.5
31   4   -78.8   227.0   3360.3
31   5   150.4   336.1   3578.0
31   6   150.4   102.2   3578.3
31   7   150.4   -198.8   3578.3
31   8   15.5   127.6   3636.1
31   9   14.0   -42.3   3655.3
31   10   -79.2   -126.7   3664.4
31   11   -93.7   -476.2   3662.8
31   12   3.4   -808.0   3692.2
31   13   98.5   -136.8   3672.4
31   14   99.7   -478.3   3596.8
31   15   49.3   -810.1   3686.1
31   16   -109.4   220.7   3384.0
31   17   150.4   -111.3   3578.3
31   18   13.6   402.7   3575.6
32   0   7.1   498.5   3589.6
32   1   14.1   334.4   3592.2
32   2   -116.8   326.6   3592.0
32   3   -171.9   175.3   3452.8
32   4   -51.6   102.1   3300.6
32   5   148.6   335.7   3563.2
32   6   147.2   101.6   3550.8
32   7   147.2   -199.1   3550.8
32   8   15.5   128.2   3640.3
32   9   14.1   -41.1   3663.0
32   10   -78.5   -134.3   3671.7
32   11   -93.6   -486.1   3666.9
32   12   8.2   -816.4   3684.8
32   13   98.4   -143.8   3677.8
32   14   99.0   -490.4   3618.5
32   15   47.2   -826.0   3682.6
32   16   -71.5   114.5   3326.0
32   17   147.2   -111.7   3550.8
32   18   13.7   403.0   3576.1
33   0   7.7   496.6   3597.8
33   1   14.2   334.0   3594.0
33   2   -114.4   323.1   3592.9
33   3   -119.6   137.5   3471.7
33   4   -58.7   38.2   3279.5
33   5   144.8   334.1   3546.7
33   6   141.8   99.4   3535.0
33   7   141.8   -201.0   3535.0
33   8   15.4   127.1   3646.7
33   9   14.1   -41.8   3670.8
33   10   -77.8   -143.9   3677.8
33   11   -93.4   -496.0   3665.3
33   12   14.9   -822.7   3685.0
33   13   99.9   -150.7   3684.2
33   14   98.6   -500.9   3649.5
33   15   44.1   -838.6   3673.4
33   16   -68.7   54.8   3311.6
33   17   141.8   -113.7   3535.0
33   18   13.8   402.2   3576.6
34   0   9.0   496.2   3602.2
34   1   14.2   333.9   3595.3
34   2   -113.3   324.5   3598.1
34   3   -95.5   122.0   3488.0
34   4   -80.0   17.0   3270.8
34   5   140.2   332.0   3536.6
34   6   117.4   174.8   3455.4
34   7   -62.9   227.3   3434.5
34   8   15.4   125.5   3651.7
34   9   14.1   -43.2   3675.6
34   10   -77.5   -150.4   3682.9
34   11   -92.2   -501.6   3661.3
34   12   22.5   -824.1   3689.8
34   13   100.4   -156.1   3690.6
34   14   98.1   -507.4   3670.3
34   15   42.7   -845.3   3663.5
34   16   -82.5   34.5   3307.0
34   17   -32.9   218.7   3438.0
34   18   13.8   401.7   3576.9
35   0   10.5   499.4   3601.1
35   1   14.3   335.9   3595.6
35   2   -117.6   337.8   3606.0
35   3   -87.2   127.0   3500.1
35   4   -113.9   -2.6   3287.5
35   5   138.6   332.1   3531.5
35   6   76.4   148.7   3424.8
35   7   -70.1   302.3   3410.2
35   8   15.6   127.8   3653.9
35   9   14.2   -40.9   3676.2
35   10   -77.4   -146.8   3682.9
35   11   -88.2   -497.2   3660.0
35   12   25.3   -818.5   3696.7
35   13   101.3   -151.6   3689.5
35   14   97.5   -502.8   3677.8
35   15   43.7   -840.8   3659.8
35   16   -109.4   19.0   3322.9
35   17   -45.7   276.8   3412.6
35   18   13.9   403.5   3576.7
36   0   12.1   504.6   3597.4
36   1   14.4   339.9   3595.3
36   2   -119.4   344.9   3610.8
36   3   -84.3   128.9   3509.3
36   4   -152.4   -9.2   3306.2
36   5   142.8   344.9   3526.9
36   6   59.2   146.4   3419.0
36   7   -61.0   352.8   3390.5
36   8   15.9   132.8   3654.2
36   9   14.3   -35.8   3674.7
36   10   -77.0   -138.3   3682.4
36   11   -78.2   -487.8   3659.0
36   12   20.7   -813.7   3687.8
36   13   99.7   -144.5   3689.3
36   14   96.0   -494.9   3679.1
36   15   45.5   -833.0   3657.1
36   16   -141.1   13.8   3340.0
36   17   -40.9   318.4   3395.3
36   18   14.0   407.4   3576.2
37   0   15.5   510.0   3593.4
37   1   14.6   344.2   3594.6
37   2   -119.9   343.8   3600.9
37   3   -83.8   122.8   3510.8
37   4   -167.6   2.8   3299.8
37   5   145.1   352.4   3523.8
37   6   56.6   148.0   3417.8
37   7   -58.9   371.1   3375.0
37   8   16.4   138.3   3652.8
37   9   14.5   -30.3   3672.0
37   10   -70.6   -139.9   3682.2
37   11   -75.5   -488.2   3655.5
37   12   13.7   -818.8   3680.1
37   13   93.7   -144.8   3688.8
37   14   98.3   -489.1   3641.3
37   15   46.2   -824.2   3670.0
37   16   -153.7   22.8   3335.0
37   17   -39.7   333.9   3382.1
37   18   14.0   411.6   3575.5
38   0   20.4   513.5   3591.2
38   1   14.8   347.2   3593.8
38   2   -120.5   343.7   3597.7
38   3   -84.8   121.3   3511.3
38   4   -163.3   19.9   3289.6
38   5   144.9   356.1   3518.1
38   6   58.8   147.5   3419.1
38   7   -77.9   355.7   3358.0
38   8   17.0   142.3   3651.2
38   9   14.8   -26.1   3669.5
38   10   -71.0   -137.4   3682.2
38   11   -77.2   -484.9   3655.4
38   12   8.8   -816.7   3666.2
38   13   91.8   -144.9   3688.4
38   14   102.7   -483.7   3613.6
38   15   45.4   -814.1   3675.0
38   16   -150.2   36.8   3326.5
38   17   -55.1   321.0   3368.2
38   18   14.1   414.5   3574.9
39   0   24.4   515.6   3590.3
39   1   15.0   349.1   3592.8
39   2   -118.9   339.7   3595.0
39   3   -85.4   117.6   3509.7
39   4   -155.6   33.4   3279.3
39   5   145.4   353.2   3520.6
39   6   63.5   146.6   3419.7
39   7   -100.6   324.8   3343.1
39   8   17.5   145.1   3649.3
39   9   15.0   -23.1   3667.6
39   10   -72.3   -137.7   3682.4
39   11   -84.4   -484.1   3655.5
39   12   6.8   -814.7   3668.1
39   13   92.4   -146.2   3688.4
39   14   101.6   -482.2   3601.3
39   15   43.2   -810.5   3679.6
39   16   -144.0   47.4   3317.7
39   17   -73.2   295.1   3355.8
39   18   14.2   416.4   3574.2
40   0   26.4   516.4   3590.3
40   1   15.3   349.9   3592.0
40   2   -116.0   338.8   3599.1
40   3   -86.6   118.7   3509.7
40   4   -148.2   39.8   3275.6
40   5   140.8   344.1   3524.3
40   6   69.5   140.6   3415.7
40   7   -123.0   280.4   3332.3
40   8   17.8   146.7   3647.6
40   9   15.2   -21.2   3666.3
40   10   -74.6   -138.5   3682.6
40   11   -72.4   -484.6   3662.3
40   12   2.6   -816.6   3658.9
40   13   94.1   -148.4   3688.7
40   14   98.6   -483.6   3599.1
40   15   38.9   -808.9   3683.3
40   16   -137.9   52.9   3314.7
40   17   -90.9   257.1   3346.2
40   18   14.4   417.2   3573.5
41   0   26.6   516.4   3590.6
41   1   15.5   350.3   3591.7
41   2   -112.7   339.8   3606.2
41   3   -87.6   122.0   3510.7
41   4   -139.3   41.3   3275.5
41   5   137.2   338.6   3527.6
41   6   74.0   140.9   3407.0
41   7   -17.9   337.3   3372.6
41   8   18.0   148.0   3647.6
41   9   15.3   -19.7   3665.9
41   10   -77.1   -139.2   3682.9
41   11   -66.5   -484.6   3663.3
41   12   -0.8   -816.4   3650.3
41   13   96.3   -150.2   3689.2
41   14   94.9   -490.7   3641.0
41   15   31.6   -818.2   3672.4
41   16   -130.7   54.8   3314.7
41   17   -2.3   304.7   3378.4
41   18   14.6   417.4   3573.2
42   0   24.0   515.6   3593.0
42   1   15.6   350.5   3592.2
42   2   -111.6   343.2   3612.0
42   3   -88.3   126.9   3512.0
42   4   -97.1   87.3   3267.6
42   5   137.3   337.2   3534.4
42   6   89.4   146.1   3398.6
42   7   -57.4   284.5   3319.8
42   8   18.1   149.3   3649.3
42   9   15.4   -18.2   3666.5
42   10   -78.7   -139.0   3683.2
42   11   -79.6   -483.6   3662.0
42   12   -0.7   -809.6   3660.7
42   13   98.1   -150.4   3689.7
42   14   92.6   -493.6   3667.5
42   15   34.2   -821.7   3663.1
42   16   -95.6   93.9   3308.3
42   17   -32.7   261.6   3333.0
42   18   14.7   417.3   3573.2
43   0   17.7   514.0   3597.5
43   1   15.6   350.5   3594.3
43   2   -113.8   346.7   3607.3
43   3   -87.8   129.6   3511.3
43   4   -69.1   180.4   3280.2
43   5   139.8   337.5   3556.3
43   6   129.2   175.3   3387.9
43   7   -64.9   247.5   3297.6
43   8   18.1   150.4   3652.4
43   9   15.5   -17.0   3667.9
43   10   -79.7   -136.4   3683.3
43   11   -91.6   -479.7   3657.1
43   12   -1.2   -798.6   3680.1
43   13   100.7   -146.3   3690.3
43   14   91.6   -490.2   3674.6
43   15   38.9   -818.2   3660.9
43   16   -72.2   171.9   3318.7
43   17   -32.4   235.6   3312.7
43   18   14.8   417.2   3575.0
44   0   10.9   513.0   3602.7
44   1   15.7   350.5   3597.8
44   2   -114.9   346.0   3596.2
44   3   -141.7   134.0   3505.4
44   4   -54.4   229.5   3305.2
44   5   141.9   341.6   3585.5
44   6   180.5   231.6   3389.4
44   7   3.1   269.2   3240.1
44   8   18.2   149.2   3655.5
44   9   15.5   -18.1   3669.4
44   10   -80.1   -131.6   3683.2
44   11   -82.4   -475.0   3665.8
44   12   -2.2   -794.8   3677.1
44   13   104.2   -137.5   3690.7
44   14   92.4   -481.3   3678.7
44   15   39.5   -807.5   3660.2
44   16   -68.9   213.7   3338.6
44   17   32.6   263.0   3265.0
44   18   14.8   417.1   3578.7
45   0   4.9   512.9   3606.0
45   1   15.7   350.3   3602.1
45   2   -115.0   345.0   3591.4
45   3   -198.2   144.4   3520.8
45   4   -74.3   167.3   3323.1
45   5   141.8   346.8   3612.6
45   6   141.4   116.3   3629.4
45   7   141.4   -178.8   3629.4
45   8   18.3   147.1   3657.8
45   9   15.5   -19.9   3670.6
45   10   -77.5   -132.0   3682.7
45   11   -81.8   -474.6   3661.2
45   12   -4.1   -795.2   3656.6
45   13   103.1   -135.8   3690.0
45   14   92.2   -479.2   3679.4
45   15   24.6   -802.4   3660.1
45   16   -94.9   163.5   3356.1
45   17   141.4   -93.2   3629.4
45   18   14.8   417.0   3583.8
46   0   -0.5   513.4   3605.2
46   1   15.4   350.1   3605.7
46   2   -112.5   341.4   3588.8
46   3   -242.3   157.7   3565.2
46   4   -122.3   70.3   3400.8
46   5   143.2   351.3   3620.3
46   6   144.2   121.1   3619.8
46   7   144.2   -173.5   3619.8
46   8   18.3   145.1   3659.2
46   9   15.5   -21.7   3671.2
46   10   -74.1   -134.6   3681.8
46   11   -83.7   -472.9   3633.5
46   12   -0.9   -788.7   3660.5
46   13   102.2   -135.1   3688.8
46   14   91.9   -477.9   3678.9
46   15   21.3   -799.4   3660.1
46   16   -142.3   84.7   3428.2
46   17   144.2   -88.0   3619.8
46   18   14.5   416.9   3588.2
47   0   -3.4   514.1   3598.7
47   1   15.0   350.0   3606.9
47   2   -110.8   340.1   3587.9
47   3   -262.9   172.7   3616.6
47   4   -182.9   2.3   3488.0
47   5   144.6   356.6   3619.1
47   6   145.5   128.1   3613.3
47   7   145.5   -166.0   3613.3
47   8   18.4   143.8   3658.9
47   9   15.4   -22.8   3670.2
47   10   -74.6   -129.9   3679.5
47   11   -84.0   -468.8   3637.7
47   12   5.9   -782.4   3675.1
47   13   101.4   -132.5   3685.5
47   14   93.3   -470.7   3643.1
47   15   30.7   -790.6   3667.4
47   16   -196.3   30.6   3509.5
47   17   145.5   -80.6   3613.3
47   18   13.9   416.8   3590.1
48   0   -4.5   514.2   3584.2
48   1   14.4   350.2   3605.0
48   2   -111.6   339.5   3586.6
48   3   -266.0   179.6   3651.5
48   4   -222.8   -35.8   3547.0
48   5   146.9   360.8   3610.2
48   6   148.5   132.1   3600.6
48   7   148.5   -161.4   3600.6
48   8   18.5   143.0   3657.3
48   9   15.5   -23.2   3668.2
48   10   -75.1   -124.0   3674.5
48   11   -82.5   -463.4   3644.0
48   12   8.4   -776.2   3695.0
48   13   101.3   -128.3   3680.4
48   14   95.1   -466.6   3642.0
48   15   43.3   -789.6   3676.4
48   16   -230.0   0.1   3564.4
48   17   148.5   -76.2   3600.6
48   18   13.1   416.9   3588.2
49   0   -4.0   512.1   3564.7
49   1   13.6   350.8   3600.4
49   2   -111.9   340.1   3584.2
49   3   -256.8   179.5   3670.1
49   4   -257.2   -42.7   3555.3
49   5   146.9   365.1   3603.1
49   6   146.4   137.6   3597.3
49   7   146.4   -155.3   3597.3
49   8   18.7   142.8   3653.3
49   9   15.9   -23.1   3665.1
49   10   -73.8   -119.7   3667.8
49   11   -81.4   -459.4   3651.4
49   12   8.2   -772.1   3712.7
49   13   103.3   -120.9   3672.4
49   14   95.9   -457.3   3623.2
49   15   52.5   -778.3   3686.4
49   16   -257.1   -5.6   3574.4
49   17   146.4   -70.3   3597.3
49   18   11.9   417.4   3583.5
50   0   -3.2   511.0   3550.2
50   1   12.7   351.7   3594.3
50   2   -112.0   341.3   3579.9
50   3   -249.0   179.9   3675.5
50   4   -267.5   -48.4   3565.9
50   5   145.6   369.8   3599.5
50   6   241.3   405.0   3476.4
50   7   207.3   523.7   3350.5
50   8   18.9   142.8   3647.2
50   9   16.3   -22.6   3660.7
50   10   -71.9   -115.9   3663.3
50   11   -79.6   -455.4   3655.2
50   12   6.9   -770.1   3714.2
50   13   103.3   -116.0   3668.4
50   14   98.5   -446.9   3594.9
50   15   58.2   -764.1   3681.1
50   16   -264.4   -10.3   3584.1
50   17   213.2   504.0   3371.4
50   18   10.7   418.1   3577.4
51   0   -2.6   511.6   3542.3
51   1   11.8   352.7   3588.3
51   2   -111.9   342.2   3575.2
51   3   -218.4   152.9   3623.0
51   4   -325.8   -9.3   3651.8
51   5   143.6   375.1   3598.0
51   6   271.6   500.1   3520.5
51   7   322.8   668.5   3411.5
51   8   19.1   143.6   3642.1
51   9   16.8   -21.5   3656.2
51   10   -69.7   -112.5   3659.7
51   11   -79.4   -451.5   3655.7
51   12   5.0   -767.9   3709.8
51   13   102.0   -112.6   3666.5
51   14   105.5   -439.4   3577.0
51   15   59.8   -753.0   3675.7
51   16   -308.2   18.0   3647.0
51   17   314.4   640.5   3429.7
51   18   9.5   418.9   3571.3
52   0   -2.3   513.3   3541.5
52   1   10.8   353.8   3584.3
52   2   -111.8   342.8   3572.0
52   3   -234.2   167.4   3635.2
52   4   -299.6   -34.9   3634.1
52   5   140.8   376.9   3597.2
52   6   283.7   540.0   3536.7
52   7   375.0   733.1   3434.0
52   8   19.2   144.9   3639.7
52   9   17.2   -19.9   3652.9
52   10   -68.6   -109.1   3656.0
52   11   -76.2   -447.6   3656.9
52   12   3.2   -765.1   3699.8
52   13   100.8   -110.2   3665.6
52   14   101.7   -442.6   3621.4
52   15   55.4   -762.0   3675.2
52   16   -288.9   -0.9   3634.3
52   17   359.8   701.0   3451.1
52   18   8.2   419.7   3566.8
53   0   -2.3   515.2   3547.1
53   1   9.8   354.8   3582.3
53   2   -112.0   343.2   3570.0
53   3   -245.5   178.3   3643.1
53   4   -279.0   -43.6   3605.5
53   5   137.8   376.1   3596.6
53   6   286.9   547.9   3536.4
53   7   393.2   750.0   3433.8
53   8   19.2   146.2   3639.0
53   9   17.4   -18.4   3650.2
53   10   -69.2   -105.9   3651.6
53   11   -75.7   -443.9   3656.1
53   12   1.2   -763.3   3686.7
53   13   100.3   -108.6   3665.2
53   14   95.0   -443.9   3648.2
53   15   47.3   -766.9   3683.7
53   16   -273.5   -6.4   3611.7
53   17   375.5   716.4   3450.9
53   18   6.9   420.6   3564.5
54   0   -2.3   516.2   3555.5
54   1   8.8   355.6   3581.6
54   2   -112.6   343.2   3568.3
54   3   -251.4   184.1   3647.6
54   4   -270.4   -44.3   3576.8
54   5   134.6   373.0   3596.0
54   6   289.0   538.9   3532.1
54   7   393.0   743.4   3422.1
54   8   19.2   147.1   3639.1
54   9   17.5   -17.3   3649.0
54   10   -69.5   -104.7   3649.6
54   11   -75.6   -443.5   3655.3
54   12   1.8   -762.2   3683.2
54   13   100.5   -107.8   3665.0
54   14   117.5   -432.9   3596.2
54   15   48.8   -739.2   3677.8
54   16   -267.3   -6.2   3588.6
54   17   375.6   709.3   3440.4
54   18   5.5   421.1   3563.5
55   0   -2.2   516.3   3562.4
55   1   8.0   356.2   3581.5
55   2   -113.1   343.2   3567.8
55   3   -254.2   186.9   3649.3
55   4   -267.2   -44.2   3558.0
55   5   133.1   372.7   3595.8
55   6   290.1   529.3   3525.8
55   7   387.9   731.5   3404.0
55   8   19.2   147.8   3639.7
55   9   17.6   -16.4   3648.9
55   10   -69.7   -104.8   3649.1
55   11   -76.4   -443.4   3650.1
55   12   3.3   -759.9   3687.5
55   13   100.3   -108.6   3664.9
55   14   117.2   -438.1   3603.8
55   15   43.6   -748.4   3671.4
55   16   -265.0   -5.7   3573.2
55   17   371.6   697.8   3424.3
55   18   4.5   421.5   3563.2
56   0   -2.0   516.0   3566.8
56   1   7.4   356.7   3581.6
56   2   -113.5   343.2   3567.7
56   3   -255.7   188.2   3649.4
56   4   -269.2   -45.8   3557.3
56   5   132.3   372.8   3595.7
56   6   290.6   518.4   3516.6
56   7   381.1   713.4   3381.4
56   8   19.1   148.2   3640.4
56   9   17.6   -15.6   3649.2
56   10   -70.0   -105.8   3649.4
56   11   -74.0   -443.6   3657.5
56   12   4.7   -760.2   3696.0
56   13   99.4   -111.0   3664.8
56   14   107.2   -444.5   3625.1
56   15   42.1   -761.2   3671.8
56   16   -266.9   -6.8   3572.7
56   17   366.0   680.9   3403.9
56   18   3.8   421.8   3563.3
57   0   -1.8   515.5   3569.4
57   1   7.1   357.2   3581.8
57   2   -114.0   343.5   3567.8
57   3   -256.8   188.9   3647.7
57   4   -271.6   -41.8   3548.1
57   5   131.8   373.0   3595.6
57   6   286.7   503.2   3495.1
57   7   375.8   695.8   3359.1
57   8   19.1   148.5   3641.2
57   9   17.6   -15.0   3649.8
57   10   -70.5   -106.2   3649.9
57   11   -55.2   -442.3   3661.0
57   12   5.6   -761.8   3683.9
57   13   100.3   -111.1   3665.1
57   14   98.4   -446.5   3647.0
57   15   43.3   -766.5   3670.0
57   16   -269.1   -3.4   3564.7
57   17   361.0   663.7   3381.7
57   18   3.3   422.1   3563.4
58   0   -1.7   514.9   3570.8
58   1   6.9   357.6   3582.1
58   2   -114.4   344.0   3567.9
58   3   -259.1   188.3   3640.1
58   4   -267.3   -29.7   3514.9
58   5   131.4   372.5   3595.6
58   6   284.1   482.9   3474.4
58   7   373.3   676.2   3338.5
58   8   18.9   150.7   3641.3
58   9   17.6   -12.4   3650.5
58   10   -71.5   -107.5   3652.2
58   11   -70.5   -441.6   3635.8
58   12   3.5   -755.2   3666.7
58   13   99.2   -115.3   3665.1
58   14   102.7   -447.9   3625.9
58   15   44.3   -763.0   3668.4
58   16   -266.0   6.6   3535.7
58   17   358.4   644.0   3361.2
58   18   3.1   422.3   3563.5
59   0   -1.5   514.2   3571.6
59   1   6.8   357.9   3582.3
59   2   -114.7   344.4   3568.0
59   3   -262.9   185.4   3618.6
59   4   -235.2   -10.1   3468.2
59   5   131.0   371.3   3595.4
59   6   297.9   448.2   3470.8
59   7   364.2   635.6   3318.9
59   8   18.6   153.6   3641.3
59   9   17.6   -9.1   3652.3
59   10   -70.5   -116.2   3658.3
59   11   -101.3   -441.1   3600.8
59   12   -3.9   -739.6   3660.9
59   13   94.2   -128.1   3665.7
59   14   112.6   -458.3   3616.5
59   15   41.3   -766.2   3673.3
59   16   -239.8   22.5   3493.3
59   17   353.2   604.4   3344.3
59   18   3.1   422.5   3563.6
60   0   -1.3   513.5   3572.0
60   1   6.7   358.0   3582.7
60   2   -115.1   344.3   3568.1
60   3   -264.0   181.1   3586.0
60   4   -192.9   33.3   3406.6
60   5   129.0   365.4   3595.0
60   6   304.5   398.5   3465.5
60   7   334.8   588.6   3309.2
60   8   18.0   156.3   3641.1
60   9   17.5   -5.9   3655.5
60   10   -70.3   -123.9   3666.8
60   11   -89.2   -452.7   3641.0
60   12   -1.6   -755.5   3658.6
60   13   99.4   -130.0   3668.0
60   14   103.1   -461.6   3633.7
60   15   40.2   -771.4   3677.2
60   16   -204.8   57.9   3436.5
60   17   329.7   556.9   3335.2
60   18   3.1   422.5   3564.0
61   0   -1.2   511.7   3573.8
61   1   6.5   356.8   3584.4
61   2   -116.1   343.2   3568.4
61   3   -250.3   173.6   3541.6
61   4   -160.0   93.4   3333.7
61   5   126.5   356.6   3594.5
61   6   291.8   348.8   3450.7
61   7   277.3   538.9   3296.1
61   8   17.2   157.0   3641.7
61   9   17.2   -4.5   3660.0
61   10   -69.6   -133.2   3673.9
61   11   -96.4   -464.1   3651.4
61   12   0.5   -766.9   3670.4
61   13   102.5   -134.7   3671.1
61   14   93.2   -467.7   3647.0
61   15   38.5   -781.2   3682.6
61   16   -175.1   106.7   3368.4
61   17   279.7   507.2   3321.9
61   18   3.1   421.2   3565.9
62   0   -1.1   507.9   3576.8
62   1   6.4   353.1   3587.7
62   2   -118.0   340.6   3569.0
62   3   -225.1   162.2   3504.7
62   4   -122.3   174.4   3292.2
62   5   124.4   345.5   3594.2
62   6   273.2   285.8   3446.4
62   7   211.9   471.1   3299.3
62   8   16.6   155.2   3644.5
62   9   16.9   -5.9   3664.8
62   10   -73.2   -129.1   3676.0
62   11   -100.3   -460.6   3649.4
62   12   -2.0   -763.9   3667.1
62   13   105.8   -131.4   3672.3
62   14   91.9   -465.0   3659.3
62   15   37.7   -779.5   3675.9
62   16   -139.4   172.4   3327.6
62   17   222.1   440.2   3323.8
62   18   3.0   417.5   3569.3
63   0   1.5   504.6   3580.0
63   1   6.6   350.0   3590.9
63   2   -118.0   336.0   3569.3
63   3   -192.1   154.2   3472.7
63   4   -68.4   257.0   3305.1
63   5   127.6   343.9   3594.2
63   6   235.4   231.1   3444.6
63   7   132.4   411.4   3316.0
63   8   16.3   154.0   3649.2
63   9   16.6   -6.9   3669.6
63   10   -70.4   -131.1   3677.2
63   11   -102.8   -461.3   3641.7
63   12   -2.1   -761.5   3674.8
63   13   105.3   -129.3   3672.8
63   14   92.1   -462.9   3669.6
63   15   37.7   -776.5   3663.2
63   16   -89.0   240.0   3333.0
63   17   149.5   381.3   3337.4
63   18   3.5   414.1   3571.9
64   0   4.2   502.0   3584.1
64   1   6.9   347.7   3592.9
64   2   -118.5   333.2   3569.0
64   3   -154.9   150.5   3453.7
64   4   -17.6   300.1   3320.8
64   5   127.5   336.6   3585.0
64   6   195.2   178.2   3454.5
64   7   62.6   338.2   3324.4
64   8   16.0   153.3   3652.5
64   9   16.4   -7.5   3672.4
64   10   -68.1   -132.2   3678.0
64   11   -91.6   -463.7   3660.7
64   12   -1.2   -766.7   3669.1
64   13   103.6   -128.9   3672.9
64   14   88.8   -462.0   3668.0
64   15   38.4   -774.8   3648.2
64   16   -40.4   275.3   3342.9
64   17   84.7   311.5   3346.1
64   18   3.9   411.6   3573.3
65   0   5.6   499.7   3587.8
65   1   7.0   345.4   3593.7
65   2   -119.2   331.3   3568.5
65   3   -134.7   146.9   3447.6
65   4   7.2   315.9   3334.8
65   5   125.6   329.3   3571.1
65   6   164.5   140.0   3467.2
65   7   20.8   295.6   3344.7
65   8   15.5   152.0   3653.5
65   9   16.1   -8.8   3673.3
65   10   -65.8   -137.9   3678.9
65   11   -89.2   -469.4   3663.1
65   12   -0.6   -773.8   3669.1
65   13   99.6   -135.9   3673.1
65   14   83.3   -459.6   3615.4
65   15   40.8   -764.2   3661.1
65   16   -16.4   287.8   3353.6
65   17   44.7   269.7   3365.2
65   18   4.2   409.2   3574.0
66   0   6.2   498.0   3589.5
66   1   7.0   343.4   3593.9
66   2   -120.1   330.3   3568.0
66   3   -129.2   142.2   3450.7
66   4   13.5   319.3   3350.4
66   5   125.7   326.1   3564.2
66   6   156.9   125.3   3472.2
66   7   3.4   279.2   3361.7
66   8   15.0   150.6   3653.3
66   9   15.7   -10.0   3673.2
66   10   -68.0   -137.7   3679.4
66   11   -88.2   -468.8   3666.3
66   12   -3.8   -775.0   3664.2
66   13   99.5   -137.8   3672.9
66   14   83.1   -464.4   3631.5
66   15   38.3   -773.0   3670.3
66   16   -10.3   289.8   3367.1
66   17   29.0   253.5   3380.1
66   18   4.3   407.2   3574.2
67   0   6.3   497.2   3589.9
67   1   6.9   342.1   3593.8
67   2   -121.1   329.7   3567.7
67   3   -131.9   140.0   3453.7
67   4   10.9   320.4   3363.1
67   5   126.9   325.5   3561.6
67   6   156.8   122.1   3472.9
67   7   -2.8   266.5   3359.6
67   8   14.5   149.8   3652.9
67   9   15.2   -10.7   3672.9
67   10   -69.1   -137.8   3679.2
67   11   -88.3   -466.3   3663.4
67   12   -7.9   -775.4   3656.5
67   13   98.7   -139.5   3672.8
67   14   83.2   -465.9   3644.1
67   15   34.9   -778.7   3672.0
67   16   -12.9   290.3   3378.2
67   17   23.8   242.4   3378.5
67   18   4.4   405.9   3574.2
68   0   6.2   497.0   3589.9
68   1   6.8   341.5   3593.7
68   2   -121.9   329.6   3567.6
68   3   -135.1   139.1   3455.5
68   4   8.0   319.2   3369.4
68   5   127.5   324.8   3561.2
68   6   157.3   122.6   3471.6
68   7   -3.5   264.6   3357.7
68   8   14.0   149.5   3652.6
68   9   14.6   -11.0   3672.5
68   10   -68.1   -140.9   3679.3
68   11   -89.9   -467.4   3652.8
68   12   -14.2   -777.6   3650.4
68   13   95.8   -143.5   3672.9
68   14   83.5   -470.0   3645.7
68   15   22.3   -781.7   3667.5
68   16   -15.9   289.2   3383.7
68   17   23.3   241.0   3376.7
68   18   4.4   405.3   3574.2
69   0   6.1   497.2   3589.7
69   1   6.7   341.2   3593.7
69   2   -122.5   329.4   3567.6
69   3   -137.4   138.6   3456.7
69   4   5.2   317.8   3372.0
69   5   128.8   325.5   3562.2
69   6   158.3   124.5   3471.7
69   7   -5.3   260.4   3355.1
69   8   13.5   149.6   3652.4
69   9   14.0   -10.9   3672.2
69   10   -68.9   -140.7   3679.4
69   11   -89.8   -467.1   3651.8
69   12   -15.0   -778.6   3645.1
69   13   95.4   -142.9   3672.9
69   14   83.5   -469.0   3638.6
69   15   12.8   -780.5   3659.0
69   16   -18.6   287.9   3386.1
69   17   22.0   237.7   3374.5
69   18   4.5   405.0   3574.1
70   0   6.0   497.5   3589.6
70   1   6.6   341.1   3593.6
70   2   -123.1   329.2   3567.6
70   3   -139.4   138.1   3457.8
70   4   2.8   316.4   3373.3
70   5   129.7   325.7   3563.4
70   6   159.2   125.4   3472.7
70   7   -6.8   259.1   3357.4
70   8   13.1   149.8   3652.3
70   9   13.4   -10.7   3672.0
70   10   -70.2   -139.2   3679.3
70   11   -86.6   -466.7   3664.7
70   12   -10.7   -776.3   3642.1
70   13   95.2   -141.5   3672.9
70   14   83.6   -463.3   3611.9
70   15   10.0   -771.5   3651.5
70   16   -20.9   286.7   3387.4
70   17   20.8   236.9   3376.6
70   18   4.5   404.9   3574.1
71   0   6.0   497.9   3589.5
71   1   6.5   341.1   3593.5
71   2   -123.5   329.0   3567.6
71   3   -141.1   137.5   3458.7
71   4   0.7   315.3   3374.0
71   5   130.2   325.5   3564.7
71   6   159.9   125.6   3474.3
71   7   -5.8   262.9   3363.0
71   8   12.7   149.8   3651.7
71   9   12.7   -10.7   3671.0
71   10   -72.2   -135.9   3679.0
71   11   -82.7   -464.5   3673.4
71   12   -11.1   -773.1   3641.8
71   13   95.5   -138.8   3672.9
71   14   85.7   -464.1   3636.0
71   15   9.6   -771.6   3644.0
71   16   -22.9   285.6   3388.1
71   17   21.8   240.0   3381.6
71   18   4.5   404.9   3574.1
72   0   5.9   498.2   3589.4
72   1   6.4   341.0   3593.3
72   2   -123.9   328.9   3570.9
72   3   -141.7   138.6   3459.9
72   4   0.2   315.3   3373.9
72   5   130.5   325.2   3566.0
72   6   160.2   126.0   3474.6
72   7   -2.0   270.4   3367.5
72   8   12.2   149.7   3650.7
72   9   12.0   -10.9   3669.0
72   10   -72.9   -134.5   3678.4
72   11   -82.5   -463.0   3667.7
72   12   -13.1   -774.3   3643.7
72   13   95.1   -137.1   3672.9
72   14   86.0   -464.0   3645.0
72   15   10.1   -774.0   3641.8
72   16   -23.4   285.8   3388.2
72   17   25.0   246.3   3385.3
72   18   4.5   404.9   3574.1
73   0   5.9   498.7   3589.4
73   1   6.3   340.9   3592.9
73   2   -124.2   328.9   3572.1
73   3   -142.0   138.7   3460.8
73   4   -0.2   315.1   3374.0
73   5   130.5   324.7   3567.2
73   6   160.2   126.1   3474.5
73   7   1.8   276.8   3370.1
73   8   11.8   149.4   3649.2
73   9   11.4   -11.3   3666.4
73   10   -73.3   -133.8   3677.5
73   11   -83.4   -460.1   3657.4
73   12   -18.7   -774.9   3644.8
73   13   94.2   -136.1   3673.0
73   14   85.6   -461.4   3641.2
73   15   10.3   -774.0   3642.4
73   16   -23.9   285.7   3388.5
73   17   28.2   251.7   3387.5
73   18   4.5   404.9   3574.1
74   0   5.9   499.1   3589.4
74   1   6.2   340.8   3592.4
74   2   -124.3   329.0   3571.9
74   3   -142.2   138.5   3461.0
74   4   -0.4   315.1   3374.6
74   5   130.2   324.1   3568.3
74   6   160.1   126.2   3474.1
74   7   4.8   281.4   3371.3
74   8   11.4   148.9   3647.2
74   9   10.7   -11.8   3663.4
74   10   -73.3   -133.5   3676.6
74   11   -86.0   -458.4   3645.2
74   12   -16.7   -772.2   3645.6
74   13   93.1   -135.4   3672.9
74   14   84.9   -460.7   3643.7
74   15   10.7   -773.6   3644.2
74   16   -24.1   285.6   3389.0
74   17   30.7   255.5   3388.5
74   18   4.5   405.0   3574.1
75   0   5.4   499.4   3589.5
75   1   6.1   340.7   3592.0
75   2   -124.3   328.9   3571.4
75   3   -142.2   138.2   3460.9
75   4   -0.4   315.2   3375.4
75   5   130.1   323.8   3568.8
75   6   160.0   126.4   3473.8
75   7   5.5   282.0   3370.5
75   8   10.9   148.5   3645.4
75   9   10.0   -12.3   3661.1
75   10   -73.4   -133.6   3675.7
75   11   -86.5   -460.3   3652.4
75   12   -9.0   -771.9   3649.6
75   13   91.9   -135.4   3672.9
75   14   83.5   -462.3   3648.8
75   15   10.8   -775.3   3652.7
75   16   -24.1   285.7   3389.7
75   17   31.2   256.1   3387.7
75   18   4.5   405.0   3574.1
76   0   4.6   499.6   3589.7
76   1   6.0   340.6   3591.7
76   2   -124.3   328.8   3570.9
76   3   -142.2   137.9   3460.6
76   4   -0.4   315.3   3375.9
76   5   130.2   323.8   3568.9
76   6   159.9   126.5   3473.4
76   7   5.4   282.1   3369.8
76   8   10.3   148.3   3644.3
76   9   9.4   -12.5   3659.7
76   10   -73.3   -134.6   3675.2
76   11   -86.8   -463.4   3654.6
76   12   -0.4   -773.0   3657.0
76   13   90.3   -136.5   3672.8
76   14   81.6   -465.5   3650.5
76   15   10.9   -778.9   3663.3
76   16   -24.0   285.7   3390.0
76   17   31.1   256.2   3387.1
76   18   4.5   405.0   3574.2
77   0   3.7   499.7   3590.0
77   1   5.8   340.6   3591.6
77   2   -124.2   328.6   3570.2
77   3   -142.2   137.5   3460.2
77   4   -0.4   315.4   3376.1
77   5   130.1   323.8   3568.9
77   6   159.8   126.6   3472.9
77   7   4.9   281.8   3369.3
77   8   9.7   148.1   3643.5
77   9   8.7   -12.7   3658.9
77   10   -73.7   -135.3   3675.0
77   11   -87.0   -463.7   3656.3
77   12   -0.5   -774.0   3665.7
77   13   88.9   -137.6   3672.7
77   14   80.5   -465.9   3648.0
77   15   17.1   -780.7   3673.4
77   16   -24.1   285.7   3390.1
77   17   30.7   255.9   3386.6
77   18   4.5   405.0   3574.2
