2   0   -33.9   505.3   3583.5
2   1   -39.3   341.4   3576.0
2   2   -183.9   328.4   3573.0
2   3   -170.6   127.6   3458.1
2   4   2.6   305.8   3406.5
2   5   98.6   319.3   3607.5
2   6   126.5   127.1   3481.2
2   7   -117.2   178.4   3432.2
2   8   -47.3   136.9   3615.7
2   9   -52.3   -25.9   3623.5
2   10   -154.7   -129.4   3655.4
2   11   -129.8   -474.4   3640.1
2   12   -79.1   -805.1   3723.1
2   13   44.5   -130.0   3659.0
2   14   4.9   -473.8   3672.4
2   15   -38.0   -814.2   3705.3
2   16   -26.3   276.1   3415.1
2   17   -76.6   169.8   3440.4
2   18   -36.5   409.8   3562.8
3   0   -32.9   507.2   3583.6
3   1   -38.5   343.7   3576.9
3   2   -182.5   329.6   3571.2
3   3   -172.5   127.9   3457.9
3   4   -3.2   308.3   3402.7
3   5   100.0   321.4   3604.2
3   6   127.7   126.1   3483.5
3   7   -111.8   186.2   3430.0
3   8   -46.7   139.9   3619.3
3   9   -51.7   -23.0   3628.6
3   10   -152.8   -127.2   3655.6
3   11   -130.8   -472.3   3646.1
3   12   -79.6   -804.0   3716.5
3   13   42.8   -129.6   3662.2
3   14   7.2   -473.6   3675.7
3   15   -39.3   -812.8   3697.4
3   16   -31.4   278.3   3411.9
3   17   -71.9   176.2   3438.9
3   18   -35.8   411.9   3562.6
4   0   -30.6   513.4   3584.4
4   1   -36.3   350.7   3579.3
4   2   -178.7   334.5   3569.6
4   3   -177.4   131.5   3458.8
4   4   -16.1   315.1   3393.6
4   5   101.3   325.9   3599.9
4   6   130.7   126.8   3486.0
4   7   -92.0   216.7   3423.2
4   8   -44.8   149.1   3629.9
4   9   -49.8   -14.1   3642.9
4   10   -145.6   -122.3   3658.0
4   11   -131.7   -467.6   3659.2
4   12   -80.5   -799.8   3698.8
4   13   38.5   -126.7   3668.5
4   14   11.0   -471.3   3682.2
4   15   -44.1   -806.5   3681.6
4   16   -43.0   284.5   3404.5
4   17   -54.9   201.7   3433.7
4   18   -33.5   418.3   3562.4
5   0   -28.3   520.8   3585.4
5   1   -34.3   358.7   3581.7
5   2   -173.9   339.1   3566.6
5   3   -182.7   134.4   3459.4
5   4   -29.6   321.8   3385.2
5   5   100.8   329.4   3592.2
5   6   136.4   126.3   3487.9
5   7   -54.5   260.9   3413.9
5   8   -42.6   159.3   3640.7
5   9   -47.6   -4.6   3657.8
5   10   -138.8   -115.3   3660.3
5   11   -133.1   -460.9   3668.1
5   12   -78.9   -792.4   3688.2
5   13   33.8   -123.2   3674.0
5   14   14.5   -468.4   3688.1
5   15   -42.9   -799.3   3663.5
5   16   -55.1   290.6   3397.5
5   17   -22.7   238.4   3426.2
5   18   -31.6   425.5   3562.0
6   0   -27.1   525.8   3586.3
6   1   -33.5   363.7   3582.5
6   2   -170.9   342.1   3565.1
6   3   -185.8   136.5   3459.8
6   4   -36.7   325.6   3380.6
6   5   99.5   332.5   3589.0
6   6   139.6   126.6   3491.3
6   7   -22.1   292.3   3401.2
6   8   -40.9   165.2   3645.1
6   9   -46.1   0.5   3664.4
6   10   -136.1   -112.6   3661.2
6   11   -135.4   -457.0   3641.7
6   12   -77.0   -784.6   3690.4
6   13   32.2   -122.8   3677.3
6   14   11.8   -468.2   3681.4
6   15   -28.4   -802.4   3655.7
6   16   -61.5   294.1   3393.8
6   17   4.8   264.7   3416.2
6   18   -31.0   430.2   3561.6
7   0   -26.9   528.4   3586.8
7   1   -33.5   365.7   3581.9
7   2   -169.5   343.4   3564.7
7   3   -187.2   137.6   3459.9
7   4   -38.7   327.3   3380.1
7   5   98.0   334.9   3589.7
7   6   140.1   127.9   3494.6
7   7   -8.3   310.2   3401.5
7   8   -39.9   166.7   3643.3
7   9   -45.3   1.3   3663.1
7   10   -137.4   -114.7   3661.2
7   11   -139.4   -457.8   3622.3
7   12   -75.1   -781.2   3694.5
7   13   34.0   -125.6   3679.2
7   14   9.1   -468.4   3650.3
7   15   -21.9   -802.3   3669.0
7   16   -63.5   295.7   3393.4
7   17   16.4   279.8   3417.0
7   18   -31.3   432.4   3561.4
8   0   -27.2   529.5   3587.1
8   1   -33.8   366.0   3580.7
8   2   -169.1   343.8   3563.9
8   3   -187.6   137.4   3460.0
8   4   -39.5   327.6   3380.3
8   5   97.0   336.4   3590.2
8   6   139.3   128.1   3497.6
8   7   -5.1   316.2   3404.2
8   8   -39.4   165.9   3638.7
8   9   -44.9   -0.1   3657.6
8   10   -140.2   -117.3   3660.9
8   11   -140.9   -461.8   3647.7
8   12   -73.6   -788.2   3686.9
8   13   36.6   -128.4   3680.2
8   14   16.1   -472.6   3668.3
8   15   -39.8   -803.0   3674.2
8   16   -64.2   295.9   3393.6
8   17   18.9   284.9   3419.8
8   18   -31.9   433.0   3561.3
9   0   -27.8   529.7   3587.2
9   1   -34.2   365.5   3579.6
9   2   -169.2   343.7   3563.0
9   3   -187.8   136.8   3460.3
9   4   -39.8   327.1   3380.9
9   5   96.5   337.2   3590.5
9   6   137.8   128.6   3498.3
9   7   -7.5   317.3   3406.8
9   8   -39.2   164.5   3634.4
9   9   -44.9   -2.0   3652.4
9   10   -142.3   -118.9   3660.8
9   11   -140.8   -464.2   3663.6
9   12   -74.7   -791.7   3673.9
9   13   38.1   -129.8   3680.6
9   14   19.8   -474.3   3690.2
9   15   -53.6   -797.3   3658.8
9   16   -64.4   295.4   3394.1
9   17   16.7   285.8   3422.1
9   18   -32.5   432.8   3561.3
10   0   -28.5   529.4   3587.3
10   1   -34.5   364.7   3579.0
10   2   -169.4   343.5   3562.9
10   3   -187.7   136.4   3460.5
10   4   -39.5   326.8   3381.4
10   5   96.3   337.6   3590.7
10   6   135.7   129.0   3497.7
10   7   -12.2   317.0   3409.8
10   8   -39.1   163.2   3632.0
10   9   -44.9   -3.7   3649.3
10   10   -143.2   -119.3   3660.6
10   11   -139.5   -465.0   3671.5
10   12   -75.5   -792.4   3670.4
10   13   38.6   -130.1   3680.6
10   14   20.3   -475.2   3693.2
10   15   -66.9   -793.7   3652.4
10   16   -64.2   295.1   3394.5
10   17   12.4   285.6   3424.4
10   18   -32.9   432.2   3561.3
11   0   -28.9   528.8   3587.2
11   1   -34.7   363.8   3578.8
11   2   -169.5   343.3   3563.4
11   3   -187.5   136.5   3460.4
11   4   -38.9   326.7   3381.8
11   5   96.3   337.8   3590.8
11   6   134.0   129.2   3497.3
11   7   -17.0   315.3   3411.8
11   8   -39.2   162.1   3631.0
11   9   -45.0   -5.0   3647.8
11   10   -143.5   -119.0   3660.3
11   11   -139.0   -464.9   3674.1
11   12   -75.4   -791.0   3680.8
11   13   38.4   -129.8   3680.3
11   14   21.1   -475.1   3695.7
11   15   -66.8   -792.4   3651.4
11   16   -63.7   295.0   3394.9
11   17   8.2   284.2   3426.1
11   18   -33.1   431.4   3561.3
12   0   -29.2   528.2   3587.2
12   1   -34.8   363.1   3578.9
12   2   -169.8   343.3   3564.0
12   3   -187.2   136.8   3460.5
12   4   -38.1   326.6   3381.9
12   5   96.5   338.2   3590.8
12   6   135.4   129.5   3498.1
12   7   -14.2   315.4   3410.6
12   8   -39.3   159.3   3631.8
12   9   -45.3   -8.2   3647.7
12   10   -143.5   -118.0   3659.9
12   11   -138.7   -464.0   3674.1
12   12   -75.9   -789.0   3681.0
12   13   37.9   -129.0   3680.1
12   14   20.7   -474.5   3694.2
12   15   -56.6   -793.9   3655.3
12   16   -63.0   295.0   3395.0
12   17   10.8   284.4   3425.2
12   18   -33.3   430.6   3561.4
13   0   -29.3   527.6   3587.0
13   1   -34.8   362.3   3579.1
13   2   -169.9   343.3   3564.7
13   3   -187.0   137.1   3460.5
13   4   -37.7   326.7   3381.9
13   5   96.6   338.2   3591.0
13   6   138.9   130.1   3498.4
13   7   -10.6   314.9   3409.0
13   8   -39.5   155.9   3633.2
13   9   -45.5   -11.8   3648.1
13   10   -143.2   -117.4   3659.5
13   11   -138.5   -463.4   3673.1
13   12   -76.7   -787.6   3672.9
13   13   37.4   -128.4   3679.7
13   14   21.6   -474.1   3692.3
13   15   -55.2   -793.5   3662.4
13   16   -62.6   295.1   3395.0
13   17   14.4   284.1   3423.9
13   18   -33.3   429.8   3561.4
14   0   -29.4   526.9   3586.9
14   1   -34.9   361.5   3579.3
14   2   -169.9   343.3   3565.4
14   3   -187.1   137.5   3460.5
14   4   -37.5   326.7   3381.7
14   5   96.5   338.0   3591.2
14   6   148.0   132.5   3498.0
14   7   -3.8   315.3   3408.7
14   8   -39.6   152.6   3634.6
14   9   -45.7   -15.2   3648.8
14   10   -142.9   -117.1   3659.2
14   11   -138.4   -463.0   3672.5
14   12   -77.7   -786.4   3666.4
14   13   36.9   -127.9   3679.5
14   14   21.7   -473.6   3691.4
14   15   -53.0   -792.6   3660.9
14   16   -62.4   295.2   3394.8
14   17   21.5   284.8   3423.6
14   18   -33.3   428.9   3561.5
15   0   -29.5   526.3   3586.7
15   1   -34.9   360.7   3579.6
15   2   -170.0   343.3   3566.2
15   3   -188.8   138.0   3460.6
15   4   -38.1   326.4   3381.9
15   5   96.5   338.0   3591.3
15   6   167.3   143.4   3489.6
15   7   2.7   318.8   3410.2
15   8   -39.7   149.8   3635.9
15   9   -45.9   -18.2   3649.4
15   10   -142.6   -116.7   3658.6
15   11   -138.2   -463.5   3671.9
15   12   -78.1   -786.2   3664.6
15   13   36.6   -127.2   3679.4
15   14   19.8   -473.6   3692.3
15   15   -52.8   -792.2   3659.7
15   16   -63.2   295.0   3395.0
15   17   30.1   289.6   3423.4
15   18   -33.4   428.1   3561.6
16   0   -29.6   524.7   3586.3
16   1   -34.9   360.0   3579.8
16   2   -170.0   343.3   3567.1
16   3   -206.0   146.3   3452.5
16   4   -41.8   327.1   3386.0
16   5   96.5   337.9   3591.2
16   6   195.2   174.0   3467.3
16   7   8.6   334.2   3414.4
16   8   -39.8   147.3   3636.9
16   9   -46.1   -20.8   3649.8
16   10   -142.2   -116.5   3657.9
16   11   -138.2   -463.6   3671.4
16   12   -78.0   -785.7   3669.5
16   13   36.5   -126.4   3679.3
16   14   14.1   -472.9   3683.2
16   15   -52.9   -792.8   3661.2
16   16   -69.2   297.0   3397.1
16   17   39.6   307.5   3423.2
16   18   -33.4   427.3   3561.7
17   0   -29.7   522.9   3585.9
17   1   -34.9   359.4   3580.0
17   2   -169.8   343.4   3569.0
17   3   -249.2   197.1   3422.2
17   4   -50.1   341.2   3388.0
17   5   96.5   338.0   3591.2
17   6   241.4   222.5   3464.9
17   7   36.9   360.0   3412.4
17   8   -39.9   145.4   3637.8
17   9   -46.2   -22.8   3650.2
17   10   -141.7   -116.0   3656.3
17   11   -138.0   -463.0   3670.8
17   12   -77.8   -784.4   3680.6
17   13   37.2   -124.4   3678.3
17   14   10.3   -468.2   3649.6
17   15   -47.9   -787.6   3668.3
17   16   -83.2   317.1   3393.7
17   17   71.0   337.1   3421.2
17   18   -33.4   426.8   3561.8
18   0   -29.8   521.2   3589.1
18   1   -35.0   359.1   3581.6
18   2   -169.8   345.5   3580.7
18   3   -292.3   264.3   3417.6
18   4   -78.0   372.3   3355.5
18   5   94.3   340.0   3604.4
18   6   266.0   291.9   3469.7
18   7   60.3   396.5   3376.4
18   8   -40.1   143.8   3638.6
18   9   -46.4   -24.5   3650.6
18   10   -141.2   -115.7   3654.3
18   11   -140.5   -462.6   3665.0
18   12   -76.8   -784.8   3687.9
18   13   37.0   -124.0   3676.5
18   14   9.4   -465.1   3623.8
18   15   -40.0   -785.3   3674.4
18   16   -113.7   354.3   3365.8
18   17   94.6   379.1   3391.9
18   18   -33.4   426.5   3563.7
19   0   -29.9   520.3   3594.4
19   1   -35.0   358.7   3585.7
19   2   -170.4   346.6   3585.1
19   3   -323.3   338.1   3424.4
19   4   -130.4   409.7   3297.1
19   5   95.5   343.7   3613.0
19   6   290.5   351.6   3497.4
19   7   123.2   423.1   3338.2
19   8   -40.3   141.9   3639.5
19   9   -46.6   -26.4   3650.9
19   10   -140.8   -115.2   3652.0
19   11   -139.6   -461.8   3667.7
19   12   -75.9   -784.8   3689.1
19   13   37.1   -123.5   3674.0
19   14   15.7   -467.0   3654.8
19   15   -34.5   -789.7   3666.5
19   16   -162.5   397.8   3318.3
19   17   151.0   411.2   3364.8
19   18   -33.4   426.4   3568.9
20   0   -30.0   520.5   3599.3
20   1   -35.1   358.3   3591.5
20   2   -171.0   348.2   3587.0
20   3   -349.0   396.7   3455.1
20   4   -224.2   463.5   3262.5
20   5   100.0   353.0   3620.3
20   6   307.4   403.8   3532.4
20   7   205.2   465.7   3320.5
20   8   -40.5   139.9   3640.4
20   9   -46.7   -28.5   3651.2
20   10   -140.4   -114.4   3649.2
20   11   -136.4   -460.3   3671.2
20   12   -75.9   -784.0   3688.5
20   13   37.6   -122.6   3670.1
20   14   19.3   -467.2   3674.9
20   15   -29.5   -790.8   3661.5
20   16   -244.8   452.4   3294.6
20   17   222.1   455.4   3355.8
20   18   -33.4   426.4   3576.3
21   0   -30.0   522.7   3600.0
21   1   -35.1   359.3   3597.3
21   2   -171.9   352.9   3587.4
21   3   -343.0   437.4   3453.0
21   4   -336.5   556.3   3263.1
21   5   103.9   362.5   3624.8
21   6   303.2   439.1   3528.6
21   7   312.5   550.9   3328.2
21   8   -40.6   141.3   3640.7
21   9   -46.7   -27.1   3651.3
21   10   -140.1   -112.7   3646.0
21   11   -132.2   -458.2   3671.2
21   12   -76.2   -782.1   3686.4
21   13   38.7   -120.4   3665.3
21   14   20.8   -465.4   3684.3
21   15   -30.4   -788.7   3659.9
21   16   -337.6   536.5   3294.8
21   17   311.0   532.3   3361.6
21   18   -33.4   427.7   3583.7
22   0   -30.1   526.6   3596.8
22   1   -35.1   362.4   3601.8
22   2   -172.9   361.1   3587.2
22   3   -324.9   469.0   3444.1
22   4   -415.4   623.4   3294.5
22   5   106.1   371.3   3626.4
22   6   293.8   463.5   3519.9
22   7   378.8   622.3   3363.5
22   8   -40.5   145.8   3640.8
22   9   -46.6   -22.6   3651.2
22   10   -139.6   -110.0   3644.9
22   11   -132.8   -455.8   3653.2
22   12   -76.9   -777.1   3687.4
22   13   39.9   -116.0   3662.1
22   14   15.5   -460.6   3659.7
22   15   -29.9   -783.9   3666.6
22   16   -400.5   597.8   3319.4
22   17   364.8   595.9   3389.6
22   18   -33.4   431.1   3589.4
23   0   -30.2   531.4   3590.4
23   1   -35.1   367.2   3603.8
23   2   -173.1   369.4   3586.9
23   3   -318.1   493.9   3449.3
23   4   -456.0   670.6   3329.4
23   5   106.3   378.4   3626.4
23   6   290.3   478.5   3520.7
23   7   409.4   671.8   3406.8
23   8   -40.3   152.5   3640.8
23   9   -46.5   -15.9   3651.1
23   10   -138.9   -105.2   3644.9
23   11   -143.9   -448.8   3619.0
23   12   -79.4   -761.4   3686.4
23   13   39.9   -110.4   3662.1
23   14   19.5   -455.4   3671.0
23   15   -30.0   -778.2   3664.3
23   16   -433.1   641.2   3349.4
23   17   389.6   639.6   3425.8
23   18   -33.4   436.0   3592.0
24   0   -30.3   537.0   3584.8
24   1   -35.0   373.2   3604.5
24   2   -171.2   374.3   3586.6
24   3   -314.1   504.3   3453.0
24   4   -470.2   694.0   3352.0
24   5   105.5   384.9   3626.0
24   6   289.9   485.5   3523.7
24   7   418.3   694.6   3424.2
24   8   -40.2   160.5   3641.0
24   9   -46.5   -8.0   3651.1
24   10   -137.8   -99.1   3645.3
24   11   -140.1   -443.7   3640.4
24   12   -79.9   -760.4   3685.1
24   13   39.3   -103.4   3662.2
24   14   22.6   -448.5   3680.3
24   15   -30.8   -770.3   3663.0
24   16   -444.2   662.4   3368.8
24   17   396.9   659.7   3440.8
24   18   -33.4   441.9   3592.7
25   0   -30.5   541.2   3581.8
25   1   -35.0   377.7   3604.6
25   2   -169.0   376.6   3586.4
25   3   -311.9   506.0   3454.1
25   4   -474.8   695.2   3356.3
25   5   102.9   385.7   3625.3
25   6   289.1   486.4   3528.4
25   7   418.0   697.3   3427.7
25   8   -40.1   164.4   3641.4
25   9   -46.5   -4.0   3651.1
25   10   -134.9   -99.5   3646.5
25   11   -135.5   -444.6   3633.6
25   12   -80.1   -762.9   3686.0
25   13   35.5   -104.4   3662.1
25   14   21.5   -449.9   3667.6
25   15   -34.6   -772.6   3669.3
25   16   -447.6   663.7   3372.6
25   17   396.5   662.1   3444.5
25   18   -33.4   446.4   3592.7
26   0   -31.4   543.6   3582.9
26   1   -35.0   379.3   3604.5
26   2   -167.0   375.9   3587.2
26   3   -312.1   499.8   3454.0
26   4   -469.1   678.8   3338.0
26   5   100.1   383.9   3626.4
26   6   286.7   483.2   3530.3
26   7   414.9   689.1   3423.7
26   8   -40.1   164.5   3641.9
26   9   -46.4   -3.9   3651.1
26   10   -135.0   -98.2   3647.1
26   11   -134.2   -443.7   3648.5
26   12   -80.0   -764.8   3685.2
26   13   35.3   -103.6   3662.2
26   14   19.0   -447.9   3641.9
26   15   -36.3   -767.8   3679.0
26   16   -443.0   649.0   3357.4
26   17   393.5   654.8   3441.5
26   18   -33.4   448.0   3592.5
27   0   -33.3   544.4   3586.2
27   1   -35.0   379.0   3604.3
27   2   -164.5   372.2   3587.8
27   3   -310.2   491.7   3452.4
27   4   -462.0   673.0   3338.4
27   5   98.2   381.5   3627.0
27   6   285.1   477.9   3529.5
27   7   412.4   677.4   3416.0
27   8   -40.1   162.5   3642.2
27   9   -46.3   -5.9   3651.0
27   10   -134.4   -101.5   3647.4
27   11   -135.6   -447.2   3641.5
27   12   -79.2   -768.8   3686.5
27   13   34.8   -107.0   3662.3
27   14   18.1   -451.3   3635.1
27   15   -42.6   -770.1   3690.4
27   16   -436.6   642.8   3357.4
27   17   391.2   644.1   3434.9
27   18   -33.4   447.7   3592.3
28   0   -35.5   544.1   3592.0
28   1   -35.0   377.8   3604.2
28   2   -163.2   369.7   3588.2
28   3   -309.9   481.9   3448.4
28   4   -458.6   664.8   3336.9
28   5   96.8   378.8   3627.3
28   6   283.8   470.5   3526.2
28   7   410.7   668.8   3414.3
28   8   -40.1   159.8   3642.3
28   9   -46.1   -8.7   3650.9
28   10   -138.2   -97.0   3647.3
28   11   -136.7   -442.5   3655.7
28   12   -79.7   -766.0   3685.3
28   13   38.3   -104.3   3662.9
28   14   21.1   -448.8   3660.8
28   15   -41.8   -770.1   3683.3
28   16   -433.8   634.3   3355.5
28   17   389.6   635.7   3432.9
28   18   -33.4   446.5   3592.1
29   0   -36.6   543.6   3597.1
29   1   -35.0   376.6   3604.1
29   2   -163.0   368.8   3588.4
29   3   -309.7   475.1   3444.4
29   4   -458.1   659.6   3337.2
29   5   95.6   376.3   3627.2
29   6   283.9   463.4   3524.6
29   7   408.5   665.8   3420.0
29   8   -40.1   157.4   3642.4
29   9   -46.0   -11.1   3650.9
29   10   -138.9   -96.3   3647.3
29   11   -137.0   -441.6   3665.2
29   12   -79.8   -765.5   3684.7
29   13   39.4   -103.8   3663.3
29   14   24.0   -448.3   3679.1
29   15   -32.0   -770.4   3665.1
29   16   -433.4   628.8   3355.0
29   17   387.7   632.1   3437.4
29   18   -33.4   445.3   3592.1
30   0   -36.7   543.3   3599.6
30   1   -35.0   375.8   3604.0
30   2   -163.2   369.0   3588.5
30   3   -310.6   469.4   3441.3
30   4   -459.6   655.4   3336.5
30   5   95.6   376.1   3627.2
30   6   284.2   460.8   3523.4
30   7   419.5   655.1   3416.3
30   8   -40.1   155.6   3642.6
30   9   -45.8   -12.9   3651.0
30   10   -140.5   -92.6   3647.2
30   11   -137.4   -437.8   3668.5
30   12   -80.5   -761.4   3684.5
30   13   40.8   -101.6   3663.9
30   14   25.2   -446.3   3685.3
30   15   -26.9   -769.4   3663.9
30   16   -434.7   624.4   3354.0
30   17   396.9   622.7   3434.1
30   18   -33.4   444.5   3592.0
31   0   -36.3   543.4   3599.9
31   1   -35.0   375.4   3604.1
31   2   -163.4   369.7   3588.6
31   3   -312.1   465.0   3439.2
31   4   -463.0   646.4   3328.5
31   5   96.0   377.3   3627.2
31   6   284.7   460.4   3522.1
31   7   429.8   642.6   3406.4
31   8   -40.1   154.4   3642.8
31   9   -45.7   -14.1   3651.1
31   10   -140.0   -92.1   3647.3
31   11   -137.3   -437.3   3669.6
31   12   -80.6   -760.3   3684.4
31   13   41.1   -100.4   3664.4
31   14   25.1   -444.9   3690.4
31   15   -30.1   -767.8   3676.3
31   16   -437.8   616.2   3347.0
31   17   405.6   612.2   3425.7
31   18   -33.4   444.0   3592.0
32   0   -35.7   543.8   3597.4
32   1   -35.0   375.2   3604.1
32   2   -163.7   370.6   3588.8
32   3   -313.7   464.2   3439.5
32   4   -464.6   645.9   3328.8
32   5   96.4   378.6   3627.2
32   6   285.3   459.7   3520.9
32   7   437.6   637.1   3405.9
32   8   -40.1   153.6   3643.0
32   9   -45.5   -14.9   3651.2
32   10   -138.2   -93.8   3647.5
32   11   -136.9   -438.9   3670.1
32   12   -80.3   -761.3   3684.4
32   13   41.1   -99.8   3665.1
32   14   25.2   -444.0   3694.7
32   15   -33.5   -766.1   3685.8
32   16   -439.4   615.6   3347.3
32   17   412.2   607.6   3425.1
32   18   -33.4   443.8   3592.1
33   0   -34.9   544.0   3592.7
33   1   -35.0   375.1   3604.1
33   2   -164.0   371.6   3588.8
33   3   -314.9   464.4   3440.0
33   4   -464.4   649.0   3330.5
33   5   96.7   379.7   3627.1
33   6   285.7   458.3   3519.2
33   7   439.4   633.8   3400.9
33   8   -40.2   153.0   3643.2
33   9   -45.4   -15.4   3651.4
33   10   -137.7   -93.6   3647.6
33   11   -136.6   -438.5   3671.1
33   12   -80.3   -760.5   3684.3
33   13   40.7   -99.4   3665.8
33   14   25.0   -443.5   3696.8
33   15   -36.3   -764.7   3689.5
33   16   -439.5   618.2   3348.8
33   17   413.8   604.5   3420.6
33   18   -33.4   443.7   3592.1
34   0   -34.2   544.1   3586.9
34   1   -35.0   375.1   3604.2
34   2   -164.3   372.7   3588.6
34   3   -316.1   465.1   3440.5
34   4   -465.7   651.0   3330.9
34   5   96.8   380.3   3627.0
34   6   284.1   456.2   3514.5
34   7   435.5   630.6   3389.6
34   8   -40.2   152.5   3643.4
34   9   -45.4   -15.9   3651.5
34   10   -136.8   -94.1   3648.2
34   11   -136.1   -439.0   3672.0
34   12   -80.1   -760.5   3684.3
34   13   40.2   -99.2   3666.9
34   14   24.8   -443.3   3697.0
34   15   -37.1   -764.0   3690.0
34   16   -440.8   620.0   3349.2
34   17   410.3   601.6   3410.5
34   18   -33.4   443.7   3592.1
35   0   -33.4   544.1   3583.3
35   1   -35.0   375.1   3604.2
35   2   -164.7   373.7   3588.7
35   3   -317.0   464.4   3440.1
35   4   -463.8   649.5   3321.1
35   5   96.8   380.7   3626.8
35   6   281.1   452.5   3507.2
35   7   423.0   630.8   3373.1
35   8   -40.2   152.2   3643.6
35   9   -45.4   -16.2   3651.7
35   10   -136.0   -92.6   3648.9
35   11   -135.5   -437.4   3673.0
35   12   -79.7   -758.6   3684.2
35   13   39.0   -98.2   3668.1
35   14   24.5   -442.3   3696.6
35   15   -37.0   -762.7   3691.1
35   16   -439.3   618.6   3341.0
35   17   399.3   601.1   3395.4
35   18   -33.4   443.7   3592.1
36   0   -32.8   544.4   3584.5
36   1   -35.0   375.1   3604.3
36   2   -164.8   374.2   3588.9
36   3   -315.9   460.8   3436.8
36   4   -442.1   637.6   3290.0
36   5   96.7   380.8   3626.8
36   6   279.8   442.7   3500.2
36   7   379.9   631.9   3350.8
36   8   -40.2   151.9   3644.0
36   9   -45.5   -18.0   3652.1
36   10   -135.8   -88.7   3649.6
36   11   -134.8   -433.4   3674.3
36   12   -80.0   -754.6   3684.1
36   13   37.6   -95.8   3668.6
36   14   23.8   -440.0   3696.1
36   15   -36.0   -760.4   3691.6
36   16   -421.1   608.2   3314.5
36   17   363.3   600.4   3375.7
36   18   -33.4   443.7   3592.1
37   0   -32.5   544.5   3592.7
37   1   -35.0   375.1   3605.6
37   2   -163.2   371.2   3592.7
37   3   -306.1   446.9   3428.3
37   4   -372.8   621.2   3253.1
37   5   96.2   379.4   3627.2
37   6   271.9   416.5   3483.9
37   7   266.7   610.9   3333.6
37   8   -40.1   151.7   3645.7
37   9   -45.4   -20.3   3652.7
37   10   -134.7   -88.1   3650.4
37   11   -134.4   -432.8   3674.2
37   12   -80.1   -753.8   3684.0
37   13   37.0   -94.7   3669.5
37   14   23.3   -439.0   3694.4
37   15   -34.5   -759.5   3689.7
37   16   -361.7   592.2   3282.3
37   17   267.6   578.5   3358.6
37   18   -33.4   443.6   3593.4
38   0   -32.3   542.9   3605.1
38   1   -35.0   374.1   3608.6
38   2   -161.6   366.9   3598.0
38   3   -275.3   420.3   3408.1
38   4   -255.6   593.2   3229.1
38   5   94.4   373.1   3627.5
38   6   225.7   393.0   3446.3
38   7   123.1   583.3   3337.9
38   8   -39.9   152.7   3648.9
38   9   -45.3   -21.3   3653.4
38   10   -134.2   -87.9   3651.6
38   11   -134.1   -432.7   3672.5
38   12   -80.1   -753.5   3684.1
38   13   36.9   -94.2   3670.5
38   14   23.9   -438.7   3691.8
38   15   -32.6   -759.2   3684.4
38   16   -258.9   564.4   3258.9
38   17   140.1   551.6   3356.0
38   18   -33.4   442.5   3596.2
39   0   -32.1   540.3   3617.4
39   1   -34.9   373.8   3611.2
39   2   -159.2   361.6   3594.9
39   3   -219.7   392.8   3380.9
39   4   -112.6   573.0   3262.0
39   5   90.7   363.9   3626.7
39   6   151.6   354.9   3415.7
39   7   16.7   557.7   3391.2
39   8   -39.8   155.2   3651.4
39   9   -45.1   -20.4   3654.2
39   10   -134.2   -87.9   3652.7
39   11   -134.0   -432.7   3671.8
39   12   -80.2   -753.3   3684.2
39   13   36.9   -94.2   3672.1
39   14   24.8   -438.9   3690.3
39   15   -30.5   -758.9   3672.7
39   16   -130.2   542.9   3281.8
39   17   39.1   523.9   3395.2
39   18   -33.4   442.3   3598.7
40   0   -32.1   542.6   3617.9
40   1   -34.9   377.1   3608.9
40   2   -158.5   366.7   3574.8
40   3   -157.7   302.5   3376.8
40   4   -17.6   500.4   3319.6
40   5   91.7   366.1   3618.3
40   6   72.4   297.8   3415.6
40   7   -47.0   521.7   3399.3
40   8   -39.6   161.8   3651.4
40   9   -44.9   -15.5   3654.8
40   10   -134.4   -88.0   3654.0
40   11   -134.1   -432.8   3671.9
40   12   -80.2   -753.3   3684.2
40   13   37.1   -94.4   3673.6
40   14   25.3   -439.2   3690.2
40   15   -28.9   -758.4   3662.5
40   16   -40.8   467.4   3329.2
40   17   -27.1   484.3   3402.0
40   18   -33.4   445.3   3595.4
41   0   -32.2   545.9   3613.5
41   1   -34.9   380.6   3604.4
41   2   -159.9   372.0   3570.6
41   3   -125.9   228.7   3418.0
41   4   23.7   410.5   3325.9
41   5   94.2   373.5   3609.4
41   6   23.7   272.3   3420.5
41   7   -135.9   468.8   3393.4
41   8   -39.4   168.4   3649.8
41   9   -44.6   -8.5   3654.9
41   10   -134.5   -88.3   3655.4
41   11   -134.1   -433.1   3672.4
41   12   -80.3   -753.5   3684.1
41   13   37.5   -94.9   3673.7
41   14   25.7   -439.5   3690.6
41   15   -25.5   -759.0   3659.5
41   16   -1.2   380.2   3341.2
41   17   -109.2   436.1   3398.0
41   18   -33.4   448.7   3589.9
42   0   -32.4   546.5   3609.2
42   1   -34.9   381.3   3600.5
42   2   -159.8   372.1   3571.0
42   3   -115.5   189.9   3441.5
42   4   34.6   363.5   3328.8
42   5   93.9   373.2   3598.7
42   6   -1.9   266.4   3414.0
42   7   -205.8   412.3   3394.8
42   8   -39.4   171.5   3647.6
42   9   -44.3   -4.2   3654.8
42   10   -135.1   -89.5   3657.2
42   11   -134.3   -434.4   3673.0
42   12   -80.4   -754.6   3684.1
42   13   38.3   -96.4   3673.9
42   14   25.8   -440.9   3691.9
42   15   -22.1   -760.8   3661.8
42   16   9.6   334.6   3347.6
42   17   -171.8   388.0   3398.0
42   18   -33.4   449.1   3585.2
43   0   -32.5   543.7   3606.3
43   1   -34.9   379.2   3598.0
43   2   -158.3   367.9   3577.7
43   3   -113.3   178.8   3445.8
43   4   39.3   348.1   3327.3
43   5   92.9   370.1   3593.9
43   6   -2.3   247.9   3416.2
43   7   -210.2   394.2   3392.3
43   8   -39.3   171.1   3645.7
43   9   -44.1   -3.1   3654.7
43   10   -136.4   -92.1   3659.8
43   11   -134.6   -437.0   3673.9
43   12   -80.4   -757.1   3684.2
43   13   39.5   -99.7   3674.7
43   14   26.0   -444.0   3694.0
43   15   -21.2   -764.4   3668.9
43   16   13.9   319.9   3347.0
43   17   -175.5   369.8   3396.3
43   18   -33.4   447.0   3582.5
44   0   -32.6   539.9   3604.6
44   1   -34.8   375.9   3596.6
44   2   -157.9   365.0   3580.5
44   3   -113.4   185.4   3435.6
44   4   47.1   351.9   3324.8
44   5   91.8   366.1   3591.4
44   6   6.3   231.7   3418.9
44   7   -189.4   393.0   3391.7
44   8   -39.3   169.1   3643.7
44   9   -43.9   -3.8   3654.5
44   10   -137.6   -95.6   3661.7
44   11   -134.8   -442.3   3673.5
44   12   -79.8   -762.1   3684.4
44   13   40.0   -104.5   3675.8
44   14   23.3   -450.5   3696.1
44   15   -25.0   -770.8   3673.8
44   16   20.3   324.1   3343.2
44   17   -156.8   366.1   3396.2
44   18   -33.3   443.7   3581.1
45   0   -32.6   536.7   3603.9
45   1   -34.7   372.7   3595.9
45   2   -158.0   363.0   3582.5
45   3   -113.1   194.4   3426.9
45   4   49.8   361.1   3321.9
45   5   92.4   364.8   3590.3
45   6   13.6   221.9   3423.2
45   7   -168.2   396.4   3388.5
45   8   -39.4   166.7   3642.4
45   9   -43.7   -5.0   3654.5
45   10   -137.8   -98.3   3662.6
45   11   -135.4   -445.6   3673.0
45   12   -79.6   -765.3   3684.5
45   13   40.4   -107.0   3677.1
45   14   24.5   -453.7   3694.2
45   15   -31.4   -773.1   3680.7
45   16   22.7   333.3   3339.4
45   17   -137.9   367.3   3394.3
45   18   -33.2   440.6   3580.6
46   0   -32.7   533.9   3603.8
46   1   -34.7   369.5   3595.6
46   2   -158.8   362.3   3583.1
46   3   -112.1   195.6   3427.4
46   4   43.9   365.0   3318.6
46   5   92.9   363.5   3590.2
46   6   16.1   223.4   3421.2
46   7   -161.7   402.4   3387.9
46   8   -39.4   164.2   3641.7
46   9   -43.7   -6.5   3654.7
46   10   -137.9   -99.4   3662.1
46   11   -136.0   -446.6   3673.4
46   12   -79.5   -766.0   3684.6
46   13   40.4   -108.1   3678.4
46   14   24.7   -454.8   3693.9
46   15   -35.6   -773.5   3689.5
46   16   17.9   336.7   3336.7
46   17   -132.1   372.5   3393.5
46   18   -33.1   437.4   3580.4
47   0   -32.7   531.4   3606.7
47   1   -34.6   366.9   3595.8
47   2   -159.4   362.1   3583.9
47   3   -110.2   197.2   3428.3
47   4   39.8   367.9   3314.7
47   5   93.2   363.0   3594.1
47   6   15.9   231.8   3419.8
47   7   -164.4   407.9   3386.8
47   8   -39.5   160.0   3642.0
47   9   -43.8   -10.1   3655.4
47   10   -137.8   -99.8   3661.7
47   11   -136.2   -446.5   3674.0
47   12   -79.3   -767.3   3684.8
47   13   40.0   -108.7   3680.0
47   14   20.6   -454.9   3690.8
47   15   -36.6   -775.7   3693.9
47   16   14.8   339.4   3333.7
47   17   -134.3   378.5   3392.3
47   18   -33.0   434.7   3580.7
48   0   -32.7   529.8   3610.5
48   1   -34.5   364.9   3596.1
48   2   -159.7   362.1   3583.8
48   3   -107.9   198.2   3429.0
48   4   36.6   370.8   3312.0
48   5   93.5   362.9   3596.1
48   6   15.6   241.6   3415.9
48   7   -170.8   411.4   3388.4
48   8   -39.6   155.8   3642.6
48   9   -43.9   -13.8   3656.1
48   10   -137.7   -99.8   3661.4
48   11   -136.1   -446.0   3676.2
48   12   -78.8   -767.2   3684.9
48   13   39.7   -108.8   3680.7
48   14   23.3   -454.6   3695.9
48   15   -37.8   -775.0   3692.7
48   16   12.5   342.0   3331.5
48   17   -139.7   383.1   3393.0
48   18   -32.9   432.7   3581.1
49   0   -32.6   529.4   3612.9
49   1   -34.4   363.8   3596.6
49   2   -159.6   362.3   3583.4
49   3   -106.4   198.0   3430.0
49   4   34.6   372.0   3311.4
49   5   93.7   362.9   3596.9
49   6   15.5   240.3   3417.8
49   7   -168.3   411.9   3387.0
49   8   -39.7   152.5   3643.4
49   9   -43.9   -16.7   3656.7
49   10   -137.6   -99.6   3661.3
49   11   -136.0   -445.3   3677.8
49   12   -77.8   -766.3   3685.5
49   13   39.5   -108.7   3681.1
49   14   25.2   -454.2   3695.9
49   15   -37.7   -774.2   3687.7
49   16   11.1   343.0   3331.2
49   17   -137.7   383.3   3392.1
49   18   -32.7   431.7   3581.5
50   0   -32.6   529.9   3614.2
50   1   -34.3   363.4   3597.0
50   2   -159.3   362.5   3583.2
50   3   -107.0   196.0   3432.3
50   4   32.0   370.2   3312.2
50   5   93.7   363.1   3597.3
50   6   15.0   232.0   3425.0
50   7   -159.0   410.5   3383.4
50   8   -39.8   150.1   3644.3
50   9   -44.0   -18.7   3657.5
50   10   -137.0   -100.3   3661.4
50   11   -135.8   -445.7   3677.4
50   12   -76.1   -766.7   3686.9
50   13   37.9   -110.5   3681.4
50   14   21.9   -455.1   3671.8
50   15   -32.8   -775.8   3687.3
50   16   8.9   341.2   3332.2
50   17   -130.0   380.8   3390.3
50   18   -32.5   431.2   3582.0
51   0   -32.6   530.6   3614.7
51   1   -34.1   363.2   3597.6
51   2   -158.9   362.8   3583.0
51   3   -108.8   192.0   3436.6
51   4   28.1   365.6   3313.6
51   5   93.7   363.5   3596.7
51   6   14.8   225.1   3430.3
51   7   -151.9   408.5   3381.4
51   8   -39.8   148.4   3645.1
51   9   -44.0   -20.1   3658.2
51   10   -136.7   -100.7   3661.5
51   11   -135.3   -446.0   3666.9
51   12   -75.4   -765.9   3689.9
51   13   36.4   -112.4   3681.4
51   14   21.6   -457.0   3668.0
51   15   -27.8   -778.6   3689.1
51   16   5.3   336.7   3334.1
51   17   -124.1   378.0   3389.6
51   18   -32.3   431.0   3582.6
52   0   -32.4   531.4   3614.9
52   1   -33.3   363.3   3598.1
52   2   -157.8   363.5   3582.9
52   3   -110.0   190.2   3438.6
52   4   26.9   362.7   3314.1
52   5   94.6   363.5   3595.8
52   6   15.8   224.7   3429.6
52   7   -152.4   407.4   3382.2
52   8   -39.9   147.3   3646.0
52   9   -44.1   -21.0   3659.1
52   10   -136.5   -100.8   3661.6
52   11   -135.3   -446.0   3665.4
52   12   -74.8   -765.3   3690.7
52   13   35.3   -113.9   3681.3
52   14   22.0   -458.6   3673.2
52   15   -33.4   -779.2   3692.2
52   16   4.1   333.9   3334.8
52   17   -124.3   376.9   3390.1
52   18   -31.3   431.0   3583.1
53   0   -32.3   532.1   3614.8
53   1   -32.0   363.4   3598.8
53   2   -156.2   364.4   3582.9
53   3   -110.8   188.9   3440.4
53   4   25.9   359.9   3314.1
53   5   96.0   363.3   3595.3
53   6   17.0   230.1   3424.8
53   7   -159.5   406.1   3384.7
53   8   -40.0   146.6   3647.0
53   9   -44.1   -21.6   3659.7
53   10   -136.5   -100.8   3661.6
53   11   -135.4   -445.6   3670.0
53   12   -74.3   -764.8   3690.4
53   13   35.8   -113.3   3681.6
53   14   23.8   -457.5   3690.2
53   15   -43.6   -775.5   3694.0
53   16   3.1   331.4   3335.1
53   17   -130.1   376.8   3391.4
53   18   -29.5   431.1   3583.7
54   0   -32.1   532.7   3614.7
54   1   -30.7   363.5   3599.5
54   2   -154.5   365.3   3582.9
54   3   -111.4   187.7   3442.4
54   4   25.0   356.6   3313.2
54   5   97.3   362.9   3595.1
54   6   17.9   234.1   3421.4
54   7   -165.0   404.6   3386.3
54   8   -40.0   146.1   3647.9
54   9   -44.1   -22.0   3660.2
54   10   -136.4   -100.7   3661.6
54   11   -135.5   -445.3   3673.0
54   12   -74.2   -764.3   3690.2
54   13   35.8   -113.2   3681.8
54   14   21.9   -457.3   3679.2
54   15   -42.7   -774.8   3699.5
54   16   2.3   328.4   3334.7
54   17   -134.5   376.2   3392.1
54   18   -27.7   431.2   3584.4
55   0   -32.0   533.2   3614.5
55   1   -29.4   363.6   3600.2
55   2   -152.8   366.2   3582.9
55   3   -111.9   187.3   3443.5
55   4   25.5   353.1   3311.6
55   5   98.3   362.4   3595.1
55   6   18.2   236.7   3419.4
55   7   -169.6   402.2   3386.6
55   8   -40.1   145.6   3648.6
55   9   -44.1   -22.3   3660.6
55   10   -136.4   -100.7   3661.6
55   11   -135.5   -445.1   3674.4
55   12   -74.0   -763.8   3690.1
55   13   35.3   -113.7   3682.1
55   14   21.1   -457.5   3668.0
55   15   -33.0   -776.1   3696.3
55   16   2.6   325.5   3333.6
55   17   -138.3   374.6   3392.0
55   18   -26.0   431.3   3585.1
56   0   -31.8   533.5   3614.5
56   1   -28.1   363.7   3600.9
56   2   -150.8   367.2   3579.2
56   3   -112.4   185.1   3443.3
56   4   24.7   352.1   3312.6
56   5   99.2   361.9   3595.1
56   6   19.3   233.9   3421.0
56   7   -167.1   400.3   3384.9
56   8   -40.2   145.3   3649.1
56   9   -44.1   -22.6   3661.0
56   10   -136.3   -100.8   3661.6
56   11   -135.6   -445.0   3675.1
56   12   -73.7   -763.4   3690.3
56   13   34.1   -115.0   3682.3
56   14   23.5   -458.7   3686.5
56   15   -19.7   -779.1   3689.6
56   16   1.8   324.3   3334.4
56   17   -136.0   372.6   3391.0
56   18   -24.3   431.3   3585.9
57   0   -31.6   533.7   3614.5
57   1   -27.2   363.7   3601.5
57   2   -148.8   368.2   3572.6
57   3   -115.1   181.1   3442.6
57   4   22.2   351.2   3316.4
57   5   99.7   361.6   3595.1
57   6   34.7   208.2   3439.4
57   7   -137.7   382.2   3383.8
57   8   -40.3   145.0   3649.5
57   9   -44.1   -22.8   3661.4
57   10   -136.1   -101.3   3661.7
57   11   -135.9   -445.0   3654.4
57   12   -73.9   -760.3   3693.4
57   13   31.9   -117.5   3682.6
57   14   22.5   -461.0   3671.9
57   15   -19.4   -781.0   3691.2
57   16   -0.6   322.9   3337.5
57   17   -109.0   353.2   3393.1
57   18   -23.1   431.4   3586.7
58   0   -31.5   533.9   3614.3
58   1   -26.7   363.7   3602.2
58   2   -147.9   368.6   3573.5
58   3   -138.8   175.0   3451.2
58   4   9.1   336.4   3326.3
58   5   99.6   361.7   3597.2
58   6   84.5   177.7   3474.1
58   7   -72.2   352.5   3388.1
58   8   -40.3   144.7   3649.9
58   9   -44.2   -23.0   3661.8
58   10   -136.0   -101.5   3661.7
58   11   -136.0   -445.4   3662.6
58   12   -73.3   -761.5   3693.0
58   13   33.2   -116.0   3684.1
58   14   24.0   -459.5   3688.2
58   15   -10.9   -781.0   3695.3
58   16   -15.6   309.5   3347.1
58   17   -46.1   323.3   3402.4
58   18   -22.5   431.4   3587.4
59   0   -31.4   534.4   3614.1
59   1   -26.5   363.7   3603.9
59   2   -147.8   368.6   3581.6
59   3   -180.7   172.6   3472.0
59   4   -36.6   307.8   3319.6
59   5   99.8   362.8   3604.3
59   6   138.4   166.7   3505.3
59   7   -12.7   319.3   3379.9
59   8   -40.3   144.2   3650.4
59   9   -44.2   -23.4   3662.2
59   10   -135.9   -101.9   3661.9
59   11   -135.8   -445.6   3671.4
59   12   -72.6   -762.3   3692.6
59   13   32.5   -116.6   3685.3
59   14   24.8   -460.4   3694.0
59   15   -7.4   -782.2   3686.3
59   16   -60.6   285.3   3345.0
59   17   12.5   293.9   3400.8
59   18   -22.2   431.4   3589.6
60   0   -31.4   535.0   3613.8
60   1   -26.3   363.5   3607.0
60   2   -148.1   368.4   3589.3
60   3   -218.0   178.5   3484.7
60   4   -141.4   223.9   3277.5
60   5   100.1   365.1   3616.8
60   6   169.6   158.0   3555.6
60   7   78.0   259.2   3363.1
60   8   -40.4   143.4   3650.7
60   9   -44.2   -24.1   3662.7
60   10   -135.8   -102.2   3662.1
60   11   -135.6   -445.8   3676.1
60   12   -72.6   -763.0   3692.0
60   13   32.6   -116.6   3686.3
60   14   21.5   -460.2   3685.3
60   15   -7.6   -782.5   3676.6
60   16   -154.0   216.5   3312.0
60   17   93.1   242.5   3395.2
60   18   -22.0   431.4   3593.5
61   0   -31.3   535.5   3613.4
61   1   -26.3   363.4   3611.1
61   2   -148.6   368.2   3593.3
61   3   -247.9   188.5   3490.5
61   4   -286.2   147.9   3282.2
61   5   100.6   366.0   3626.5
61   6   200.2   161.0   3590.1
61   7   200.5   185.9   3361.7
61   8   -40.4   142.6   3651.0
61   9   -44.2   -24.9   3663.0
61   10   -135.7   -102.5   3662.2
61   11   -135.3   -446.1   3677.6
61   12   -72.7   -763.4   3691.6
61   13   33.4   -115.8   3686.6
61   14   20.8   -459.4   3691.2
61   15   -13.5   -780.2   3668.0
61   16   -279.8   154.7   3316.9
61   17   200.4   181.9   3399.8
61   18   -21.9   431.4   3598.8
62   0   -31.1   535.6   3612.7
62   1   -26.3   363.2   3614.4
62   2   -148.7   367.1   3594.9
62   3   -273.6   199.6   3496.3
62   4   -403.7   111.7   3329.5
62   5   101.5   365.2   3628.6
62   6   225.8   171.9   3591.4
62   7   335.5   123.0   3405.3
62   8   -40.4   142.0   3651.3
62   9   -44.2   -25.5   3663.2
62   10   -135.6   -102.9   3662.2
62   11   -135.2   -446.5   3677.5
62   12   -72.5   -763.7   3691.5
62   13   34.2   -115.2   3686.5
62   14   21.1   -458.7   3695.6
62   15   -18.5   -778.6   3667.4
62   16   -382.1   126.3   3357.3
62   17   317.4   131.0   3436.3
62   18   -21.9   431.4   3603.0
63   0   -30.9   535.5   3609.3
63   1   -26.2   363.2   3615.3
63   2   -148.2   365.0   3595.1
63   3   -297.5   211.9   3506.9
63   4   -481.7   98.3   3387.5
63   5   102.5   363.9   3623.2
63   6   247.2   182.3   3610.1
63   7   423.3   93.3   3473.2
63   8   -40.4   141.8   3651.4
63   9   -44.2   -25.6   3663.3
63   10   -135.6   -103.1   3662.1
63   11   -135.0   -443.5   3634.8
63   12   -74.6   -752.7   3694.5
63   13   35.8   -113.8   3685.8
63   14   16.5   -456.5   3677.3
63   15   -19.3   -776.1   3683.8
63   16   -451.1   117.2   3407.4
63   17   394.1   108.0   3496.0
63   18   -21.9   431.5   3604.2
64   0   -30.7   535.3   3602.5
64   1   -26.2   363.3   3613.7
64   2   -148.0   363.1   3594.6
64   3   -314.8   219.4   3523.0
64   4   -521.0   96.1   3426.1
64   5   102.9   362.6   3619.3
64   6   263.2   194.3   3623.6
64   7   464.7   76.7   3518.0
64   8   -40.3   142.2   3651.3
64   9   -44.2   -25.1   3663.3
64   10   -135.6   -103.2   3661.8
64   11   -135.1   -445.0   3653.3
64   12   -73.6   -757.6   3693.4
64   13   38.0   -111.8   3684.1
64   14   19.8   -454.7   3683.3
64   15   -22.4   -774.4   3686.9
64   16   -486.6   116.6   3442.2
64   17   431.2   96.3   3535.6
64   18   -21.9   431.5   3602.1
65   0   -30.4   534.8   3592.8
65   1   -26.2   363.5   3610.3
65   2   -147.8   361.4   3593.7
65   3   -321.7   222.5   3528.3
65   4   -536.2   97.7   3448.7
65   5   102.9   361.4   3616.1
65   6   271.4   201.6   3627.5
65   7   480.6   76.8   3534.6
65   8   -40.2   142.9   3651.2
65   9   -44.1   -24.3   3663.2
65   10   -135.7   -103.1   3661.3
65   11   -135.2   -445.6   3667.1
65   12   -73.1   -760.5   3692.5
65   13   39.7   -110.3   3682.1
65   14   13.3   -448.3   3641.5
65   15   -22.8   -759.7   3700.5
65   16   -500.4   118.5   3462.0
65   17   445.8   97.6   3550.1
65   18   -21.9   431.5   3597.7
66   0   -30.2   534.2   3582.7
66   1   -26.2   363.7   3606.9
66   2   -148.2   360.6   3592.8
66   3   -322.8   223.8   3526.1
66   4   -537.1   100.8   3452.5
66   5   102.8   360.8   3614.6
66   6   274.0   204.8   3628.5
66   7   481.7   89.8   3527.5
66   8   -40.1   143.7   3651.0
66   9   -44.1   -23.5   3663.1
66   10   -135.8   -103.2   3661.0
66   11   -135.3   -444.2   3660.6
66   12   -73.7   -759.1   3693.4
66   13   39.5   -111.0   3681.6
66   14   15.3   -449.0   3652.0
66   15   -26.4   -763.7   3697.3
66   16   -501.4   121.3   3464.8
66   17   447.0   109.0   3544.3
66   18   -21.9   431.5   3593.3
67   0   -29.9   533.9   3576.6
67   1   -26.2   363.9   3603.9
67   2   -148.9   360.1   3591.8
67   3   -322.6   223.7   3524.0
67   4   -530.4   105.3   3437.7
67   5   102.5   360.0   3613.8
67   6   273.9   205.2   3627.7
67   7   473.3   103.8   3507.6
67   8   -40.0   144.3   3650.7
67   9   -44.1   -22.8   3663.0
67   10   -135.9   -103.3   3661.1
67   11   -135.5   -443.8   3668.8
67   12   -73.9   -759.7   3692.4
67   13   38.6   -112.4   3682.0
67   14   19.4   -451.0   3678.9
67   15   -31.7   -766.8   3688.4
67   16   -495.7   125.0   3452.1
67   17   440.0   120.7   3527.6
67   18   -22.0   431.5   3589.4
68   0   -29.7   533.8   3574.6
68   1   -26.3   364.1   3601.7
68   2   -149.8   359.7   3590.9
68   3   -321.9   222.8   3522.1
68   4   -525.9   107.8   3428.2
68   5   102.1   358.8   3613.4
68   6   273.0   204.2   3625.6
68   7   465.6   115.3   3490.2
68   8   -39.9   144.8   3650.5
68   9   -44.0   -22.3   3662.9
68   10   -135.9   -103.4   3661.1
68   11   -135.5   -443.6   3676.5
68   12   -74.5   -760.3   3691.4
68   13   38.4   -112.5   3682.9
68   14   22.5   -452.0   3691.2
68   15   -35.7   -768.2   3684.4
68   16   -491.9   126.9   3443.9
68   17   433.5   130.1   3512.7
68   18   -22.2   431.5   3586.7
69   0   -29.5   533.8   3575.2
69   1   -26.4   364.2   3600.5
69   2   -150.7   359.5   3590.1
69   3   -321.7   221.9   3521.1
69   4   -523.6   108.8   3423.2
69   5   102.2   358.2   3613.3
69   6   272.2   203.1   3621.3
69   7   457.2   122.3   3472.3
69   8   -39.8   145.0   3650.3
69   9   -44.0   -22.0   3662.9
69   10   -136.0   -103.2   3661.0
69   11   -135.4   -443.9   3676.1
69   12   -75.1   -760.7   3691.4
69   13   39.3   -111.2   3683.1
69   14   23.2   -451.3   3696.1
69   15   -33.2   -768.6   3682.5
69   16   -489.9   127.6   3439.5
69   17   426.3   135.8   3497.1
69   18   -22.3   431.5   3585.2
70   0   -29.3   533.8   3576.3
70   1   -26.5   364.2   3599.9
70   2   -151.6   359.4   3589.3
70   3   -321.8   221.1   3520.4
70   4   -522.7   109.1   3420.6
70   5   102.6   357.8   3613.2
70   6   271.6   202.1   3612.1
70   7   458.2   122.8   3464.6
70   8   -39.8   145.2   3650.3
70   9   -44.0   -21.8   3662.8
70   10   -136.1   -102.8   3660.9
70   11   -135.3   -443.8   3675.2
70   12   -75.5   -760.6   3691.5
70   13   40.5   -109.3   3683.5
70   14   23.2   -449.8   3698.2
70   15   -31.6   -767.6   3681.7
70   16   -489.3   127.7   3437.2
70   17   427.1   136.0   3489.2
70   18   -22.4   431.5   3584.4
71   0   -29.2   533.6   3577.6
71   1   -26.6   364.3   3599.5
71   2   -152.4   359.3   3588.9
71   3   -322.1   220.6   3519.9
71   4   -522.8   109.1   3419.3
71   5   103.2   357.5   3612.6
71   6   271.1   201.6   3599.3
71   7   464.3   119.9   3462.5
71   8   -39.8   145.4   3650.2
71   9   -44.0   -21.5   3662.8
71   10   -136.2   -102.0   3660.8
71   11   -135.2   -443.3   3674.9
71   12   -75.8   -760.1   3691.5
71   13   41.8   -106.9   3683.7
71   14   23.8   -447.8   3698.6
71   15   -30.2   -765.8   3682.3
71   16   -489.3   127.7   3436.1
71   17   432.1   133.5   3485.3
71   18   -22.5   431.5   3583.9
72   0   -29.0   533.3   3578.5
72   1   -26.6   364.3   3599.2
72   2   -153.1   359.2   3588.7
72   3   -322.4   220.4   3519.6
72   4   -523.1   109.1   3418.4
72   5   103.9   357.1   3611.5
72   6   271.8   201.5   3594.9
72   7   466.6   117.8   3461.2
72   8   -39.8   145.6   3650.2
72   9   -44.0   -21.3   3662.8
72   10   -136.4   -101.2   3660.6
72   11   -135.7   -442.8   3669.9
72   12   -76.3   -758.8   3691.4
72   13   41.7   -106.5   3683.7
72   14   19.3   -447.5   3692.4
72   15   -29.3   -765.9   3684.1
72   16   -489.6   127.6   3435.3
72   17   434.2   131.7   3483.5
72   18   -22.6   431.6   3583.5
73   0   -28.9   532.9   3578.9
73   1   -26.6   364.4   3598.9
73   2   -153.8   359.2   3588.6
73   3   -322.7   220.1   3519.3
73   4   -523.5   109.1   3417.6
73   5   104.5   356.8   3610.2
73   6   273.3   202.3   3592.1
73   7   468.5   115.7   3460.4
73   8   -39.8   145.9   3650.1
73   9   -44.0   -20.9   3662.7
73   10   -136.2   -101.0   3660.5
73   11   -136.8   -442.8   3659.9
73   12   -76.6   -757.9   3691.6
73   13   40.7   -107.7   3683.4
73   14   17.1   -448.5   3677.8
73   15   -35.7   -766.1   3687.8
73   16   -490.0   127.6   3434.5
73   17   436.0   130.2   3482.4
73   18   -22.6   431.6   3583.1
74   0   -28.8   532.4   3579.0
74   1   -26.6   364.5   3598.5
74   2   -154.3   359.1   3588.4
74   3   -322.8   220.0   3518.3
74   4   -523.5   109.2   3415.9
74   5   105.2   356.5   3608.6
74   6   274.4   202.4   3591.8
74   7   470.0   115.7   3460.2
74   8   -39.7   146.2   3650.0
74   9   -44.0   -20.6   3662.7
74   10   -135.7   -101.4   3660.3
74   11   -139.0   -442.6   3642.1
74   12   -77.2   -756.6   3692.5
74   13   38.1   -110.8   3682.8
74   14   20.6   -452.2   3684.1
74   15   -42.8   -769.8   3685.6
74   16   -490.1   127.6   3433.0
74   17   437.4   130.2   3482.1
74   18   -22.6   431.6   3582.6
75   0   -28.7   531.8   3579.1
75   1   -26.6   364.5   3598.0
75   2   -154.9   359.1   3587.2
75   3   -322.8   219.8   3516.6
75   4   -522.5   109.7   3410.0
75   5   105.9   356.2   3606.6
75   6   275.2   202.2   3592.6
75   7   469.7   117.4   3457.2
75   8   -39.7   146.5   3649.9
75   9   -44.0   -20.2   3662.7
75   10   -135.3   -101.7   3659.7
75   11   -143.0   -442.4   3631.7
75   12   -77.5   -756.1   3693.2
75   13   38.3   -110.3   3682.8
75   14   17.6   -450.5   3663.2
75   15   -43.1   -769.3   3689.1
75   16   -489.2   128.0   3427.8
75   17   437.3   131.5   3479.8
75   18   -22.6   431.6   3582.1
76   0   -28.5   531.0   3579.1
76   1   -26.6   364.6   3597.6
76   2   -155.4   358.9   3585.4
76   3   -322.6   219.6   3513.4
76   4   -517.8   111.5   3394.8
76   5   106.4   355.9   3605.2
76   6   276.0   202.0   3593.6
76   7   468.9   118.9   3452.8
76   8   -39.7   146.8   3649.9
76   9   -44.0   -19.8   3662.6
76   10   -134.9   -101.9   3659.5
76   11   -149.9   -442.2   3628.5
76   12   -78.0   -754.6   3692.7
76   13   37.9   -110.5   3682.7
76   14   17.4   -451.3   3666.4
76   15   -42.8   -771.5   3687.2
76   16   -485.3   129.5   3414.5
76   17   436.8   132.8   3476.2
76   18   -22.6   431.6   3581.5
77   0   -28.3   530.2   3579.1
77   1   -26.6   364.6   3597.2
77   2   -155.8   358.6   3583.1
77   3   -322.3   219.3   3509.4
77   4   -509.7   113.5   3373.5
77   5   106.9   355.7   3604.3
77   6   276.6   201.9   3593.9
77   7   465.6   121.6   3442.9
77   8   -39.7   147.1   3649.8
77   9   -43.9   -19.4   3662.6
77   10   -134.6   -102.0   3659.4
77   11   -154.6   -440.9   3618.1
77   12   -79.4   -751.7   3691.4
77   13   37.2   -111.2   3682.4
77   14   16.1   -451.7   3659.6
77   15   -38.8   -773.7   3687.4
77   16   -478.4   131.2   3396.2
77   17   434.1   135.0   3468.0
77   18   -22.6   431.6   3580.9
78   0   -27.8   529.4   3579.1
78   1   -26.6   364.7   3596.8
78   2   -156.1   358.1   3581.6
78   3   -321.4   217.8   3507.7
78   4   -488.9   114.8   3343.5
78   5   107.3   355.6   3604.2
78   6   277.1   202.1   3594.0
78   7   452.5   128.5   3421.4
78   8   -39.6   147.4   3649.7
78   9   -43.9   -19.1   3662.6
78   10   -134.3   -102.0   3659.3
78   11   -150.1   -442.3   3643.9
78   12   -78.7   -757.6   3690.4
78   13   36.8   -111.5   3682.3
78   14   16.7   -452.3   3662.3
78   15   -38.0   -774.5   3685.2
78   16   -461.0   131.9   3370.9
78   17   423.3   140.7   3450.2
78   18   -22.6   431.6   3580.5
79   0   -27.1   528.5   3579.1
79   1   -26.6   364.7   3596.7
79   2   -156.3   357.6   3580.5
79   3   -317.8   212.6   3507.6
79   4   -442.0   114.5   3306.2
79   5   107.7   355.4   3604.6
79   6   277.7   202.4   3593.9
79   7   429.4   138.4   3394.3
79   8   -39.6   147.6   3649.7
79   9   -43.9   -18.9   3662.5
79   10   -134.1   -102.0   3659.4
79   11   -143.3   -442.8   3665.9
79   12   -78.4   -761.2   3689.6
79   13   36.5   -111.5   3682.2
79   14   16.2   -451.5   3652.8
79   15   -39.7   -771.4   3687.8
79   16   -421.4   130.9   3339.8
79   17   404.2   149.0   3427.6
79   18   -22.6   431.6   3580.3
80   0   -24.5   527.8   3580.4
80   1   -26.4   364.7   3596.6
80   2   -156.5   357.3   3580.2
80   3   -302.4   196.1   3511.5
80   4   -365.0   126.6   3274.9
80   5   108.1   355.4   3605.4
80   6   277.8   202.2   3593.3
80   7   373.7   164.1   3359.6
80   8   -39.3   147.7   3649.6
80   9   -43.8   -18.7   3662.5
80   10   -133.9   -101.9   3659.4
80   11   -139.2   -443.0   3674.7
80   12   -78.0   -762.4   3689.4
80   13   36.4   -111.5   3682.2
80   14   20.2   -452.3   3674.4
80   15   -41.1   -770.9   3681.0
80   16   -354.6   138.1   3314.3
80   17   357.7   170.4   3398.6
80   18   -22.5   431.6   3580.2
81   0   -21.0   527.2   3581.8
81   1   -26.2   364.7   3596.5
81   2   -156.8   357.2   3580.0
81   3   -267.3   178.5   3497.3
81   4   -271.4   157.1   3244.1
81   5   108.4   355.1   3605.7
81   6   274.0   202.0   3572.3
81   7   279.6   218.1   3327.2
81   8   -38.8   147.7   3649.6
81   9   -43.5   -18.6   3662.6
81   10   -133.6   -101.8   3659.5
81   11   -137.9   -443.2   3676.4
81   12   -77.8   -762.2   3689.4
81   13   36.4   -111.7   3682.3
81   14   22.4   -452.5   3692.2
81   15   -43.1   -768.9   3673.7
81   16   -270.7   160.6   3286.3
81   17   278.7   215.4   3368.0
81   18   -22.3   431.6   3580.2
82   0   -18.2   526.8   3582.9
82   1   -26.0   364.8   3596.4
82   2   -156.6   357.1   3573.5
82   3   -231.3   165.2   3480.3
82   4   -148.1   240.7   3277.9
82   5   109.2   353.4   3592.2
82   6   247.8   194.1   3516.9
82   7   145.0   287.8   3341.3
82   8   -38.4   147.7   3649.7
82   9   -43.3   -18.6   3662.8
82   10   -133.4   -101.7   3659.8
82   11   -138.7   -442.3   3650.2
82   12   -78.1   -757.1   3690.3
82   13   36.4   -111.7   3682.7
82   14   23.5   -452.7   3698.4
82   15   -43.0   -768.2   3670.0
82   16   -161.8   228.3   3311.6
82   17   161.9   272.4   3370.5
82   18   -22.2   431.6   3580.1
83   0   -16.4   526.5   3583.4
83   1   -25.8   364.9   3594.7
83   2   -156.0   357.2   3563.2
83   3   -201.1   153.8   3471.7
83   4   -65.5   289.8   3323.1
83   5   109.3   351.8   3587.4
83   6   207.7   174.2   3492.7
83   7   54.8   315.8   3364.9
83   8   -38.1   148.1   3649.6
83   9   -43.1   -18.1   3663.1
83   10   -133.2   -101.6   3660.0
83   11   -137.7   -442.6   3659.5
83   12   -76.7   -758.1   3690.1
83   13   36.3   -111.8   3683.4
83   14   21.5   -451.7   3670.4
83   15   -43.5   -766.1   3678.9
83   16   -88.0   267.3   3347.9
83   17   80.2   292.3   3386.2
83   18   -22.0   431.6   3577.8
84   0   -15.5   526.1   3581.5
84   1   -25.5   365.3   3590.0
84   2   -155.8   357.0   3553.6
84   3   -168.3   147.4   3464.1
84   4   -21.0   324.9   3352.9
84   5   108.6   350.4   3587.5
84   6   172.7   158.5   3486.3
84   7   10.4   328.7   3377.7
84   8   -37.7   151.5   3648.7
84   9   -42.9   -14.6   3663.1
84   10   -133.1   -101.5   3660.3
84   11   -137.9   -440.2   3645.2
84   12   -76.8   -754.1   3690.4
84   13   36.1   -112.0   3684.2
84   14   22.4   -450.3   3667.5
84   15   -42.4   -765.8   3682.2
84   16   -45.5   295.4   3371.4
84   17   37.4   300.3   3395.8
84   18   -21.7   431.6   3571.8
85   0   -15.1   525.6   3578.1
85   1   -25.2   365.8   3583.7
85   2   -156.0   356.5   3548.8
85   3   -146.5   146.4   3457.2
85   4   -3.3   349.3   3375.7
85   5   108.2   350.4   3587.0
85   6   146.8   145.1   3495.6
85   7   -8.5   329.0   3391.1
85   8   -37.2   156.2   3647.1
85   9   -42.6   -9.7   3662.8
85   10   -133.0   -101.4   3660.6
85   11   -137.3   -439.7   3658.9
85   12   -76.6   -755.1   3689.9
85   13   35.9   -112.2   3685.1
85   14   24.9   -450.2   3685.1
85   15   -36.2   -767.0   3690.3
85   16   -27.2   315.5   3389.3
85   17   17.4   298.3   3408.5
85   18   -21.4   431.6   3563.8
86   0   -16.3   525.2   3575.3
86   1   -24.9   366.3   3577.9
86   2   -156.3   355.9   3547.1
86   3   -144.5   146.6   3453.1
86   4   0.5   353.5   3383.9
86   5   107.4   349.7   3585.3
86   6   132.8   139.1   3497.8
86   7   -17.4   328.2   3398.5
86   8   -36.8   160.8   3645.4
86   9   -42.3   -4.9   3662.5
86   10   -133.0   -101.6   3661.2
86   11   -137.1   -440.0   3667.9
86   12   -76.7   -756.1   3689.5
86   13   35.7   -112.6   3686.1
86   14   26.0   -450.7   3694.8
86   15   -24.1   -768.5   3713.9
86   16   -23.7   319.0   3395.4
86   17   7.7   296.6   3415.1
86   18   -21.2   431.6   3556.5
87   0   -19.4   525.0   3573.1
87   1   -24.8   366.7   3573.9
87   2   -156.3   355.5   3547.0
87   3   -149.5   146.7   3452.3
87   4   -3.7   350.7   3385.4
87   5   106.2   348.6   3583.0
87   6   126.2   135.8   3498.3
87   7   -16.8   327.9   3401.7
87   8   -36.4   164.5   3644.0
87   9   -42.1   -1.0   3662.3
87   10   -132.8   -102.2   3662.2
87   11   -136.9   -440.9   3672.8
87   12   -76.9   -757.2   3689.3
87   13   35.6   -113.0   3687.0
87   14   26.3   -451.6   3698.1
87   15   -14.3   -770.9   3704.5
87   16   -28.0   316.6   3396.6
87   17   7.0   295.9   3417.8
87   18   -21.1   431.6   3551.4
88   0   -23.2   525.0   3571.8
88   1   -24.8   366.9   3571.8
88   2   -156.2   355.1   3547.6
88   3   -152.1   147.1   3452.0
88   4   -8.6   349.2   3385.8
88   5   105.4   348.2   3583.1
88   6   126.2   135.9   3498.4
88   7   -13.7   327.1   3402.4
88   8   -36.2   167.1   3643.0
88   9   -42.0   1.8   3662.1
88   10   -132.8   -102.5   3662.5
88   11   -136.7   -441.5   3675.7
88   12   -77.0   -757.7   3689.1
88   13   35.5   -113.6   3686.8
88   14   26.3   -452.5   3699.0
88   15   -10.2   -771.1   3680.1
88   16   -32.5   315.5   3396.8
88   17   9.7   295.2   3418.4
88   18   -21.1   431.6   3548.8
89   0   -26.2   525.2   3571.3
89   1   -24.7   367.0   3571.1
89   2   -156.0   354.9   3548.4
89   3   -153.3   147.6   3451.9
89   4   -13.0   349.0   3385.6
89   5   105.1   347.9   3582.1
89   6   126.9   135.9   3498.2
89   7   -10.7   326.3   3402.8
89   8   -36.0   168.9   3642.3
89   9   -41.8   3.7   3662.0
89   10   -132.8   -103.0   3662.6
89   11   -136.5   -442.2   3676.7
89   12   -76.6   -758.5   3689.1
89   13   35.7   -114.2   3686.2
89   14   22.8   -452.5   3674.5
89   15   -17.9   -770.5   3679.2
89   16   -36.4   315.4   3396.7
89   17   12.2   294.5   3418.7
89   18   -21.1   431.6   3547.8
90   0   -28.1   525.3   3571.1
90   1   -24.7   367.0   3570.9
90   2   -155.7   354.5   3549.2
90   3   -153.5   148.1   3451.5
90   4   -15.1   349.1   3386.5
90   5   105.0   347.7   3581.3
90   6   127.6   135.9   3498.2
90   7   -8.9   326.0   3404.1
90   8   -35.9   170.1   3641.9
90   9   -41.7   5.0   3661.8
90   10   -132.7   -104.1   3662.7
90   11   -136.4   -443.6   3677.0
90   12   -75.8   -759.5   3689.1
90   13   35.7   -115.3   3685.8
90   14   24.5   -454.2   3685.4
90   15   -32.3   -769.8   3679.8
90   16   -38.1   315.6   3397.4
90   17   13.9   294.3   3419.8
90   18   -21.1   431.6   3547.7
91   0   -29.1   525.5   3571.1
91   1   -24.7   367.0   3571.0
91   2   -155.3   354.1   3550.1
91   3   -153.7   148.6   3451.0
91   4   -16.3   349.1   3386.5
91   5   104.9   347.6   3581.0
91   6   127.6   136.3   3497.5
91   7   -8.4   326.6   3405.6
91   8   -35.8   171.0   3641.5
91   9   -41.7   6.0   3661.6
91   10   -132.8   -104.8   3662.7
91   11   -136.4   -444.4   3677.4
91   12   -75.7   -760.1   3689.3
91   13   36.1   -116.1   3684.4
91   14   24.8   -455.4   3690.5
91   15   -46.8   -768.2   3685.6
91   16   -39.2   315.7   3397.3
91   17   14.3   294.9   3420.9
91   18   -21.1   431.6   3547.8
92   0   -29.6   525.6   3571.2
92   1   -24.7   367.0   3571.2
92   2   -155.1   354.0   3550.9
92   3   -153.9   149.3   3450.4
92   4   -17.0   349.4   3386.5
92   5   104.7   347.5   3580.9
92   6   127.2   137.0   3496.1
92   7   -8.8   327.7   3406.6
92   8   -35.7   171.7   3641.3
92   9   -41.6   6.8   3661.4
92   10   -133.1   -104.7   3662.6
92   11   -136.4   -444.4   3677.8
92   12   -76.1   -759.8   3689.6
92   13   36.4   -116.6   3682.8
92   14   25.1   -456.0   3694.9
92   15   -40.1   -769.9   3703.5
92   16   -39.8   316.1   3397.1
92   17   13.9   295.9   3421.5
92   18   -21.1   431.6   3548.0
93   0   -29.8   525.8   3571.3
93   1   -24.7   367.1   3571.3
93   2   -154.9   354.0   3551.6
93   3   -154.4   149.8   3450.3
93   4   -18.1   350.0   3386.3
93   5   104.6   347.4   3580.7
93   6   126.6   137.1   3495.7
93   7   -9.3   328.1   3407.8
93   8   -35.7   172.3   3641.1
93   9   -41.6   7.4   3661.3
93   10   -132.8   -105.6   3662.6
93   11   -137.9   -444.9   3677.5
93   12   -76.4   -759.8   3690.2
93   13   36.0   -117.5   3682.6
93   14   22.3   -456.7   3695.6
93   15   -25.8   -773.2   3708.1
93   16   -40.8   316.6   3397.0
93   17   13.4   296.3   3422.4
93   18   -21.1   431.6   3548.2
94   0   -29.9   525.9   3571.3
94   1   -24.7   367.1   3571.4
94   2   -154.7   354.1   3552.2
94   3   -155.0   150.1   3450.7
94   4   -20.1   350.5   3386.0
94   5   104.3   347.3   3580.8
94   6   126.7   137.0   3496.0
94   7   -9.9   327.8   3409.4
94   8   -35.6   172.7   3640.9
94   9   -41.5   7.9   3661.0
94   10   -132.1   -109.1   3663.1
94   11   -140.0   -448.4   3666.1
94   12   -76.2   -761.5   3691.2
94   13   34.0   -121.8   3683.5
94   14   20.7   -461.1   3691.3
94   15   -31.1   -777.2   3695.0
94   16   -42.6   317.1   3396.8
94   17   12.9   296.0   3423.8
94   18   -21.1   431.6   3548.4
95   0   -29.9   526.0   3571.4
95   1   -24.7   367.1   3571.6
95   2   -154.6   354.1   3553.0
95   3   -155.7   150.1   3451.8
95   4   -22.9   351.2   3385.6
95   5   104.1   347.2   3580.9
95   6   127.2   136.9   3496.8
95   7   -10.7   326.8   3410.9
95   8   -35.6   173.1   3640.8
95   9   -41.4   8.3   3660.8
95   10   -132.0   -111.4   3663.2
95   11   -143.1   -449.2   3639.8
95   12   -76.5   -760.2   3692.6
95   13   33.6   -124.3   3684.4
95   14   19.9   -463.5   3688.1
95   15   -44.4   -779.4   3673.9
95   16   -45.1   317.7   3396.6
95   17   12.2   295.1   3425.2
95   18   -21.1   431.6   3548.5
96   0   -29.9   526.1   3571.4
96   1   -24.7   367.1   3571.7
96   2   -154.4   354.2   3553.8
96   3   -156.5   149.9   3453.4
96   4   -25.7   351.4   3385.2
96   5   103.9   347.2   3581.0
96   6   127.8   136.4   3498.3
96   7   -11.7   325.3   3413.2
96   8   -35.6   173.4   3640.7
96   9   -41.4   8.6   3660.6
96   10   -132.5   -112.1   3663.1
96   11   -142.4   -450.6   3655.1
96   12   -76.0   -764.7   3692.0
96   13   34.1   -125.0   3685.3
96   14   19.3   -464.2   3682.5
96   15   -67.7   -774.8   3661.6
96   16   -47.5   317.8   3396.5
96   17   11.6   293.9   3427.4
96   18   -21.1   431.6   3548.7
97   0   -29.8   526.1   3571.5
97   1   -24.7   367.1   3571.9
97   2   -154.4   354.4   3554.7
97   3   -157.5   149.8   3455.1
97   4   -28.7   351.6   3384.8
97   5   103.8   347.2   3581.1
97   6   128.1   136.0   3499.9
97   7   -12.0   324.0   3414.2
97   8   -35.6   173.6   3640.6
97   9   -41.3   8.9   3660.4
97   10   -132.9   -112.4   3662.9
97   11   -143.5   -449.1   3646.4
97   12   -77.1   -762.3   3691.7
97   13   34.0   -125.8   3686.5
97   14   19.8   -463.2   3680.5
97   15   -83.5   -768.8   3656.8
97   16   -50.2   318.0   3396.5
97   17   11.3   292.7   3428.5
97   18   -21.1   431.6   3549.0
98   0   -29.8   526.2   3571.5
98   1   -24.7   367.1   3572.1
98   2   -154.2   354.3   3555.5
98   3   -158.7   150.1   3455.4
98   4   -29.6   351.6   3384.9
98   5   103.6   347.2   3581.2
98   6   128.1   136.0   3500.2
98   7   -13.1   322.7   3414.0
98   8   -35.6   173.8   3640.6
98   9   -41.3   9.2   3660.4
98   10   -133.2   -112.4   3662.6
98   11   -144.4   -448.0   3635.2
98   12   -77.8   -758.2   3691.3
98   13   34.0   -126.2   3686.9
98   14   19.6   -463.0   3680.1
98   15   -83.3   -767.8   3656.5
98   16   -51.1   318.0   3396.7
98   17   10.4   291.6   3428.4
98   18   -21.1   431.6   3549.3
99   0   -29.7   526.2   3572.1
99   1   -24.8   367.1   3572.7
99   2   -154.0   354.3   3557.5
99   3   -160.0   151.3   3455.2
99   4   -29.4   351.8   3385.2
99   5   103.5   347.2   3581.9
99   6   128.0   136.3   3500.3
99   7   -15.9   319.9   3412.3
99   8   -35.6   173.9   3640.8
99   9   -41.3   9.3   3660.5
99   10   -133.4   -112.4   3662.4
99   11   -142.9   -448.6   3655.1
99   12   -77.7   -760.7   3688.4
99   13   33.9   -126.6   3687.0
99   14   21.6   -463.4   3683.2
99   15   -62.7   -772.5   3662.4
99   16   -51.2   318.4   3396.9
99   17   8.1   289.3   3427.0
99   18   -21.1   431.6   3550.0
