2   0   8.9   772.2   3770.8
2   1   0.3   565.2   3774.8
2   2   -163.2   563.1   3784.6
2   3   -243.5   294.6   3758.5
2   4   10.4   473.1   3625.6
2   5   161.5   557.2   3780.8
2   6   202.3   279.0   3768.3
2   7   -29.8   450.0   3592.5
2   8   -0.4   296.6   3815.0
2   9   -2.3   102.2   3822.2
2   10   -107.1   14.7   3848.3
2   11   -116.6   -427.4   3844.2
2   12   -147.2   -821.7   3833.9
2   13   104.3   19.9   3852.8
2   14   81.5   -420.2   3889.3
2   15   83.6   -815.4   3873.3
2   16   -31.9   443.4   3647.8
2   17   8.9   421.5   3621.8
2   18   0.5   649.1   3762.3
3   0   8.3   772.3   3771.3
3   1   0.7   565.4   3774.9
3   2   -162.6   562.9   3783.7
3   3   -242.8   294.3   3758.1
3   4   11.0   470.4   3623.9
3   5   162.0   557.2   3780.4
3   6   206.3   279.7   3766.9
3   7   -28.4   447.5   3593.5
3   8   -0.4   296.8   3814.7
3   9   -2.3   102.4   3821.4
3   10   -107.2   15.9   3847.2
3   11   -116.5   -426.0   3846.0
3   12   -148.8   -819.9   3831.7
3   13   103.9   20.6   3852.0
3   14   81.8   -419.3   3889.1
3   15   83.0   -814.6   3873.4
3   16   -31.3   441.1   3646.3
3   17   10.7   419.6   3622.4
3   18   1.1   649.2   3762.5
4   0   6.2   773.0   3772.9
4   1   1.1   565.9   3775.7
4   2   -161.9   562.8   3782.2
4   3   -241.2   294.0   3755.6
4   4   11.9   463.5   3618.5
4   5   162.2   557.0   3779.8
4   6   208.8   279.9   3765.8
4   7   -26.9   443.1   3594.5
4   8   -0.7   297.8   3813.8
4   9   -2.6   103.3   3819.4
4   10   -105.7   16.9   3847.1
4   11   -117.3   -423.8   3848.5
4   12   -150.5   -817.7   3834.9
4   13   102.2   21.7   3851.2
4   14   81.5   -417.1   3888.9
4   15   81.8   -812.4   3872.7
4   16   -30.3   435.2   3641.3
4   17   12.4   415.9   3623.1
4   18   1.6   649.9   3763.8
5   0   3.8   774.3   3774.9
5   1   1.1   567.0   3776.9
5   2   -161.3   562.8   3780.7
5   3   -240.6   294.1   3753.7
5   4   10.5   451.8   3609.6
5   5   161.9   557.1   3779.2
5   6   207.8   279.9   3764.4
5   7   -25.1   440.2   3594.5
5   8   -1.1   299.6   3812.6
5   9   -3.1   105.1   3816.9
5   10   -105.2   18.4   3845.4
5   11   -117.9   -419.9   3850.7
5   12   -152.2   -813.9   3839.6
5   13   100.4   22.9   3850.2
5   14   81.4   -413.8   3885.8
5   15   81.1   -809.2   3872.5
5   16   -31.3   425.5   3633.6
5   17   13.7   413.5   3622.8
5   18   1.8   651.1   3765.6
6   0   2.2   775.5   3776.3
6   1   1.0   568.1   3777.8
6   2   -160.9   562.8   3779.7
6   3   -240.8   294.2   3753.4
6   4   9.6   443.5   3606.1
6   5   161.5   557.6   3778.7
6   6   209.9   280.7   3763.6
6   7   -22.0   439.4   3596.9
6   8   -1.5   301.4   3811.8
6   9   -3.5   106.8   3815.2
6   10   -106.0   20.6   3843.8
6   11   -118.1   -415.9   3853.1
6   12   -153.2   -809.6   3837.6
6   13   99.4   24.0   3849.4
6   14   81.6   -411.4   3879.1
6   15   81.4   -806.9   3872.9
6   16   -32.2   418.6   3630.7
6   17   16.6   412.9   3624.7
6   18   1.8   652.2   3767.0
7   0   1.3   776.3   3777.1
7   1   0.8   568.9   3778.3
7   2   -160.7   562.8   3779.3
7   3   -241.3   294.4   3753.7
7   4   10.0   439.4   3608.0
7   5   161.2   558.0   3778.3
7   6   209.1   281.1   3763.4
7   7   -19.9   442.5   3599.3
7   8   -1.7   302.7   3811.5
7   9   -3.8   108.0   3814.3
7   10   -106.7   20.8   3841.3
7   11   -118.1   -414.3   3853.9
7   12   -153.7   -808.0   3839.3
7   13   99.0   24.3   3848.7
7   14   81.4   -410.1   3873.4
7   15   81.6   -805.6   3873.2
7   16   -31.9   415.2   3632.3
7   17   18.2   415.6   3626.7
7   18   1.6   653.0   3767.8
8   0   1.0   776.6   3777.5
8   1   0.6   569.2   3778.5
8   2   -160.8   562.9   3779.2
8   3   -241.8   294.5   3753.9
8   4   8.7   437.7   3608.4
8   5   161.0   558.3   3778.1
8   6   206.7   281.0   3763.4
8   7   -20.3   442.3   3599.6
8   8   -1.8   303.4   3811.5
8   9   -4.0   108.6   3813.9
8   10   -106.9   20.0   3839.8
8   11   -118.0   -413.8   3853.9
8   12   -153.9   -807.5   3839.5
8   13   99.1   24.1   3848.1
8   14   81.5   -408.8   3876.8
8   15   81.8   -804.3   3871.8
8   16   -33.0   413.8   3632.7
8   17   17.5   415.4   3626.9
8   18   1.4   653.3   3768.1
9   0   1.0   776.8   3777.7
9   1   0.4   569.4   3778.6
9   2   -161.0   562.8   3779.2
9   3   -242.4   294.7   3753.8
9   4   6.2   437.2   3607.6
9   5   160.9   558.7   3778.1
9   6   206.3   281.3   3763.5
9   7   -20.0   441.0   3599.7
9   8   -1.8   303.7   3811.6
9   9   -4.0   108.7   3813.8
9   10   -107.2   19.4   3839.2
9   11   -117.7   -413.7   3853.9
9   12   -153.8   -807.3   3838.6
9   13   99.5   23.9   3847.4
9   14   81.6   -408.0   3878.6
9   15   82.0   -803.5   3870.5
9   16   -35.2   413.5   3632.0
9   17   17.7   414.4   3627.0
9   18   1.1   653.5   3768.1
10   0   1.1   776.8   3777.7
10   1   0.2   569.4   3778.6
10   2   -161.3   562.8   3779.2
10   3   -243.1   294.7   3753.9
10   4   2.8   438.2   3606.3
10   5   160.9   559.1   3778.0
10   6   206.1   281.7   3763.3
10   7   -19.6   440.0   3599.5
10   8   -1.9   303.8   3811.7
10   9   -4.1   108.6   3813.8
10   10   -107.4   18.8   3839.0
10   11   -117.4   -413.7   3853.8
10   12   -153.8   -807.3   3838.1
10   13   100.0   23.5   3846.8
10   14   81.5   -407.8   3878.3
10   15   82.4   -803.3   3869.4
10   16   -38.2   414.3   3630.9
10   17   18.0   413.6   3626.8
10   18   0.9   653.5   3768.1
11   0   1.2   776.8   3777.7
11   1   0.0   569.4   3778.6
11   2   -161.5   562.8   3779.3
11   3   -243.3   294.7   3753.9
11   4   -0.9   440.5   3604.3
11   5   161.0   559.5   3778.0
11   6   206.1   282.1   3763.2
11   7   -18.7   440.8   3599.8
11   8   -1.9   303.8   3811.9
11   9   -4.1   108.4   3813.8
11   10   -107.7   18.3   3839.1
11   11   -117.1   -413.8   3853.7
11   12   -153.9   -807.4   3837.9
11   13   100.5   23.2   3846.3
11   14   81.5   -407.6   3878.6
11   15   82.8   -803.1   3869.7
11   16   -41.3   416.2   3629.2
11   17   18.8   414.3   3627.1
11   18   0.6   653.5   3768.1
12   0   1.2   776.8   3777.7
12   1   -0.1   569.4   3778.6
12   2   -161.6   562.7   3779.3
12   3   -243.2   294.6   3753.9
12   4   -3.6   442.4   3602.3
12   5   160.8   559.4   3778.0
12   6   206.4   282.1   3763.1
12   7   -17.5   442.3   3600.6
12   8   -1.9   303.7   3811.9
12   9   -4.1   108.0   3813.8
12   10   -107.9   17.8   3839.2
12   11   -116.7   -414.0   3853.7
12   12   -153.9   -807.5   3837.8
12   13   101.0   22.7   3845.7
12   14   81.5   -407.7   3878.8
12   15   83.4   -803.2   3870.8
12   16   -43.6   417.8   3627.6
12   17   19.8   415.6   3627.7
12   18   0.5   653.5   3768.0
13   0   1.3   776.8   3777.7
13   1   -0.1   569.4   3778.6
13   2   -161.7   562.6   3779.3
13   3   -243.1   294.4   3753.8
13   4   -4.1   442.2   3602.0
13   5   160.7   559.1   3778.0
13   6   206.7   281.9   3763.1
13   7   -17.4   441.5   3600.9
13   8   -1.9   303.5   3812.0
13   9   -4.1   107.3   3813.8
13   10   -107.9   15.9   3839.3
13   11   -116.2   -415.5   3853.8
13   12   -154.0   -808.9   3837.6
13   13   101.6   21.7   3845.6
13   14   81.4   -408.3   3878.9
13   15   84.1   -803.8   3872.6
13   16   -44.0   417.6   3627.3
13   17   20.0   414.9   3627.9
13   18   0.4   653.5   3768.0
14   0   1.3   776.8   3776.7
14   1   -0.2   569.4   3778.6
14   2   -161.8   562.5   3779.3
14   3   -243.1   294.3   3753.8
14   4   -3.2   440.8   3602.9
14   5   160.5   558.7   3778.0
14   6   207.1   281.6   3763.4
14   7   -17.1   440.4   3601.2
14   8   -1.9   303.1   3812.0
14   9   -4.1   106.4   3813.9
14   10   -108.2   14.8   3839.4
14   11   -116.1   -416.5   3854.0
14   12   -154.1   -809.9   3836.6
14   13   102.0   20.7   3845.6
14   14   81.5   -409.1   3878.9
14   15   84.9   -804.7   3873.4
14   16   -43.2   416.4   3628.1
14   17   20.3   413.9   3628.2
14   18   0.4   653.5   3768.0
15   0   1.3   776.9   3775.1
15   1   -0.2   569.4   3778.5
15   2   -161.9   562.5   3779.4
15   3   -243.1   294.2   3753.8
15   4   -3.0   440.9   3603.6
15   5   160.3   558.3   3778.0
15   6   207.5   281.2   3763.9
15   7   -16.8   439.2   3601.4
15   8   -1.9   302.6   3812.1
15   9   -4.1   105.4   3813.9
15   10   -108.5   14.2   3839.5
15   11   -116.0   -417.6   3854.7
15   12   -154.3   -810.9   3836.0
15   13   102.2   20.1   3845.7
15   14   81.6   -410.3   3878.8
15   15   85.6   -805.8   3873.8
15   16   -43.0   416.4   3628.6
15   17   20.6   412.8   3628.5
15   18   0.4   653.5   3768.0
16   0   1.3   777.0   3772.7
16   1   -0.2   569.4   3778.5
16   2   -162.0   562.4   3779.4
16   3   -243.1   294.1   3753.7
16   4   -3.6   441.3   3603.2
16   5   160.3   558.0   3778.0
16   6   207.9   281.0   3764.8
16   7   -16.3   438.5   3601.9
16   8   -1.9   302.0   3812.1
16   9   -4.1   104.5   3813.9
16   10   -108.7   13.9   3839.6
16   11   -115.9   -419.0   3855.8
16   12   -154.4   -812.2   3835.5
16   13   102.5   20.1   3845.8
16   14   81.7   -411.4   3878.7
16   15   86.4   -806.9   3873.4
16   16   -43.5   416.7   3628.3
16   17   21.1   412.3   3629.0
16   18   0.3   653.5   3768.0
17   0   1.3   777.1   3770.3
17   1   -0.2   569.4   3778.5
17   2   -162.1   562.3   3779.4
17   3   -243.1   294.0   3753.7
17   4   -4.2   440.9   3602.0
17   5   160.4   558.0   3778.0
17   6   208.4   281.0   3765.7
17   7   -15.9   437.7   3602.1
17   8   -1.9   301.4   3812.2
17   9   -4.1   103.6   3813.9
17   10   -108.7   13.9   3839.8
17   11   -115.9   -420.0   3856.0
17   12   -154.4   -813.1   3835.3
17   13   102.5   20.1   3845.8
17   14   82.0   -412.4   3878.3
17   15   86.4   -807.9   3872.6
17   16   -44.0   416.4   3627.2
17   17   21.5   411.6   3629.4
17   18   0.3   653.5   3767.9
18   0   1.3   777.1   3768.4
18   1   -0.2   569.4   3778.5
18   2   -162.2   562.2   3779.4
18   3   -243.1   293.9   3753.6
18   4   -3.3   438.9   3602.1
18   5   160.5   558.1   3778.0
18   6   208.2   281.0   3766.2
18   7   -16.9   434.7   3601.4
18   8   -1.9   300.8   3812.3
18   9   -4.1   102.9   3813.9
18   10   -108.6   13.9   3839.9
18   11   -116.0   -420.6   3856.2
18   12   -154.3   -813.8   3834.9
18   13   102.4   20.2   3845.8
18   14   82.2   -413.2   3877.4
18   15   86.2   -808.6   3871.5
18   16   -43.3   414.7   3627.3
18   17   20.6   409.1   3628.9
18   18   0.3   653.5   3767.9
19   0   1.3   777.1   3767.3
19   1   -0.3   569.4   3778.5
19   2   -162.3   562.2   3779.4
19   3   -243.1   293.9   3753.7
19   4   -1.3   435.5   3603.8
19   5   160.6   558.2   3778.0
19   6   207.5   281.0   3766.2
19   7   -18.7   430.1   3600.1
19   8   -1.9   300.4   3812.5
19   9   -4.1   102.4   3814.0
19   10   -108.5   14.1   3840.0
19   11   -115.8   -421.0   3856.2
19   12   -153.7   -814.1   3834.4
19   13   102.4   20.4   3845.8
19   14   82.3   -413.6   3876.6
19   15   86.1   -809.0   3870.2
19   16   -41.6   411.9   3628.8
19   17   19.0   405.3   3627.8
19   18   0.3   653.5   3767.9
20   0   1.3   777.1   3766.7
20   1   -0.3   569.4   3778.6
20   2   -162.4   562.2   3779.4
20   3   -243.1   293.8   3753.7
20   4   -0.3   431.0   3603.4
20   5   160.7   558.4   3778.0
20   6   207.2   281.1   3765.9
20   7   -19.7   426.5   3599.3
20   8   -1.9   300.1   3812.7
20   9   -4.1   102.0   3814.1
20   10   -108.5   14.4   3840.1
20   11   -115.8   -421.1   3856.2
20   12   -153.4   -814.2   3833.7
20   13   102.3   20.5   3845.9
20   14   82.4   -413.8   3876.4
20   15   85.9   -809.3   3868.2
20   16   -40.7   408.1   3628.4
20   17   18.1   402.3   3627.1
20   18   0.2   653.5   3767.9
21   0   1.3   777.1   3766.5
21   1   -0.3   569.4   3778.6
21   2   -162.4   562.2   3779.4
21   3   -243.1   293.8   3753.7
21   4   0.4   424.3   3601.4
21   5   160.8   558.5   3778.0
21   6   207.0   281.2   3765.1
21   7   -20.8   421.7   3598.1
21   8   -1.9   300.0   3812.9
21   9   -4.1   101.6   3814.2
21   10   -108.4   14.5   3840.2
21   11   -115.7   -421.2   3856.1
21   12   -153.3   -814.2   3832.5
21   13   102.1   20.6   3846.0
21   14   82.4   -413.9   3876.6
21   15   85.8   -809.3   3865.3
21   16   -40.2   402.6   3626.8
21   17   17.1   398.3   3625.9
21   18   0.2   653.5   3767.9
22   0   1.3   777.1   3766.4
22   1   -0.3   569.4   3778.6
22   2   -162.5   562.1   3779.5
22   3   -243.0   293.8   3753.7
22   4   0.9   417.7   3600.3
22   5   161.0   558.7   3778.0
22   6   206.9   281.5   3763.5
22   7   -22.1   416.1   3596.6
22   8   -1.9   300.0   3813.1
22   9   -4.1   101.4   3814.3
22   10   -108.2   14.5   3840.4
22   11   -115.8   -421.0   3855.8
22   12   -153.3   -814.0   3832.2
22   13   102.0   20.6   3846.1
22   14   82.6   -413.7   3877.1
22   15   85.7   -808.8   3861.4
22   16   -39.8   397.0   3625.8
22   17   16.1   393.7   3624.5
22   18   0.2   653.5   3767.9
23   0   1.3   777.1   3766.5
23   1   -0.3   569.4   3778.7
23   2   -162.5   562.1   3779.5
23   3   -243.0   293.8   3753.8
23   4   0.1   414.1   3600.8
23   5   161.1   558.8   3778.0
23   6   206.9   281.7   3761.7
23   7   -23.9   407.3   3594.8
23   8   -1.9   299.9   3813.2
23   9   -4.1   101.2   3814.4
23   10   -108.0   14.5   3840.7
23   11   -115.8   -420.4   3855.3
23   12   -153.1   -813.4   3832.4
23   13   101.9   20.6   3846.1
23   14   82.6   -413.0   3877.3
23   15   85.7   -808.3   3865.7
23   16   -40.5   394.0   3626.3
23   17   14.5   386.4   3622.6
23   18   0.2   653.5   3767.9
24   0   1.3   777.1   3766.6
24   1   -0.3   569.4   3778.7
24   2   -162.5   562.1   3779.5
24   3   -242.9   293.7   3753.9
24   4   -1.0   411.4   3602.0
24   5   161.1   559.0   3778.0
24   6   206.9   282.2   3757.8
24   7   -22.2   411.6   3596.0
24   8   -1.9   299.9   3813.4
24   9   -4.1   101.0   3814.6
24   10   -107.9   14.6   3841.0
24   11   -115.8   -419.6   3855.2
24   12   -153.0   -812.7   3832.8
24   13   101.8   20.6   3846.1
24   14   82.6   -412.2   3877.4
24   15   85.7   -807.5   3865.1
24   16   -41.3   391.8   3627.3
24   17   16.0   390.0   3623.0
24   18   0.2   653.5   3767.9
25   0   1.4   777.1   3766.7
25   1   -0.4   569.4   3778.7
25   2   -162.5   562.1   3779.5
25   3   -242.9   293.7   3754.0
25   4   -3.0   409.1   3602.7
25   5   161.2   559.1   3778.0
25   6   209.0   283.3   3750.7
25   7   -20.2   414.8   3596.3
25   8   -1.9   299.8   3813.5
25   9   -4.1   100.9   3814.7
25   10   -107.7   14.5   3841.4
25   11   -115.7   -420.0   3855.3
25   12   -153.2   -813.0   3833.7
25   13   101.7   20.6   3846.1
25   14   82.6   -412.6   3877.6
25   15   85.8   -807.9   3867.9
25   16   -43.0   389.9   3627.9
25   17   18.0   392.9   3622.0
25   18   0.1   653.5   3767.8
26   0   1.4   777.1   3766.8
26   1   -0.4   569.4   3778.7
26   2   -162.5   562.1   3779.5
26   3   -242.8   294.2   3749.7
26   4   -3.1   410.6   3600.9
26   5   161.2   559.2   3778.0
26   6   220.5   287.7   3737.4
26   7   -6.5   430.1   3592.0
26   8   -2.0   299.8   3813.6
26   9   -4.1   100.8   3814.8
26   10   -107.6   14.5   3841.7
26   11   -115.7   -420.2   3855.7
26   12   -153.2   -813.3   3835.0
26   13   101.7   20.6   3846.1
26   14   82.6   -412.8   3877.7
26   15   85.7   -808.2   3874.7
26   16   -43.0   391.2   3625.7
26   17   31.3   406.3   3616.3
26   18   0.1   653.5   3767.8
27   0   1.4   777.1   3766.8
27   1   -0.4   569.4   3778.8
27   2   -162.5   562.1   3779.5
27   3   -243.2   296.5   3735.5
27   4   -10.7   430.8   3591.5
27   5   161.2   559.2   3778.0
27   6   242.5   300.2   3711.4
27   7   8.5   454.5   3593.7
27   8   -2.0   299.7   3813.8
27   9   -4.1   100.8   3815.0
27   10   -107.6   14.9   3842.4
27   11   -115.8   -419.6   3856.1
27   12   -153.2   -812.8   3836.8
27   13   101.7   20.7   3846.1
27   14   82.5   -412.5   3877.7
27   15   85.5   -807.9   3876.3
27   16   -49.5   408.4   3615.5
27   17   47.5   428.8   3613.3
27   18   0.1   653.5   3767.8
28   0   1.4   777.0   3766.8
28   1   -0.4   569.4   3778.8
28   2   -162.7   562.4   3779.5
28   3   -247.7   303.8   3712.1
28   4   -23.6   468.6   3590.6
28   5   161.2   559.2   3778.0
28   6   271.1   321.5   3683.1
28   7   28.7   486.6   3605.2
28   8   -2.0   299.7   3814.1
28   9   -4.1   100.7   3815.6
28   10   -107.7   15.4   3843.3
28   11   -115.8   -418.9   3855.9
28   12   -153.1   -812.1   3837.8
28   13   101.8   20.8   3846.3
28   14   82.2   -412.0   3878.7
28   15   85.2   -807.4   3874.5
28   16   -60.9   441.2   3610.9
28   17   69.1   459.1   3618.2
28   18   0.1   653.5   3767.8
29   0   0.5   777.1   3767.1
29   1   -0.5   569.5   3779.3
29   2   -165.0   568.7   3784.8
29   3   -266.2   349.7   3656.2
29   4   -19.8   509.4   3598.9
29   5   163.7   564.3   3774.5
29   6   311.7   363.7   3653.2
29   7   52.9   518.3   3616.2
29   8   -2.2   300.4   3816.2
29   9   -4.2   101.6   3816.8
29   10   -106.3   18.2   3843.4
29   11   -115.9   -415.9   3855.8
29   12   -152.7   -809.2   3838.4
29   13   100.0   22.9   3846.0
29   14   81.9   -409.9   3879.1
29   15   84.4   -805.1   3871.3
29   16   -60.8   482.8   3608.5
29   17   96.0   492.5   3622.4
29   18   0.1   653.5   3767.8
30   0   -1.1   777.1   3767.8
30   1   -0.5   569.7   3780.2
30   2   -167.9   576.3   3785.9
30   3   -305.1   416.1   3615.0
30   4   -35.6   548.5   3607.9
30   5   165.3   568.8   3765.5
30   6   341.5   427.1   3608.4
30   7   69.9   558.4   3629.7
30   8   -2.5   301.6   3819.6
30   9   -4.3   103.3   3818.2
30   10   -104.5   21.9   3843.2
30   11   -116.1   -412.3   3855.4
30   12   -152.3   -805.7   3838.8
30   13   97.9   25.7   3845.5
30   14   82.0   -407.2   3879.2
30   15   84.2   -802.3   3866.4
30   16   -80.4   526.4   3609.1
30   17   115.2   536.4   3626.2
30   18   0.1   653.5   3767.8
31   0   -2.8   777.1   3768.6
31   1   -0.7   569.9   3781.3
31   2   -170.5   586.5   3791.0
31   3   -331.8   492.3   3590.3
31   4   -50.4   608.6   3609.4
31   5   167.9   576.4   3766.7
31   6   361.0   491.7   3585.6
31   7   86.2   624.3   3590.1
31   8   -3.0   303.9   3824.3
31   9   -4.5   106.1   3819.4
31   10   -104.7   32.5   3843.2
31   11   -116.1   -403.2   3855.1
31   12   -151.3   -796.7   3839.2
31   13   96.0   33.4   3845.1
31   14   81.9   -401.0   3878.9
31   15   84.3   -796.1   3865.9
31   16   -97.3   589.2   3606.2
31   17   132.0   602.2   3589.3
31   18   0.1   653.5   3767.8
32   0   -5.1   778.9   3769.3
32   1   -0.8   572.1   3782.6
32   2   -170.7   594.1   3796.6
32   3   -345.9   576.7   3583.5
32   4   -67.8   680.9   3540.0
32   5   169.6   584.8   3769.6
32   6   366.2   568.8   3572.7
32   7   108.2   698.8   3501.2
32   8   -3.6   308.0   3829.5
32   9   -4.5   110.6   3820.8
32   10   -104.1   38.7   3843.1
32   11   -116.2   -399.3   3855.1
32   12   -150.8   -792.9   3839.9
32   13   95.3   39.5   3845.1
32   14   81.8   -397.3   3878.6
32   15   84.3   -792.6   3870.6
32   16   -114.2   663.5   3547.2
32   17   151.2   677.0   3513.1
32   18   0.1   655.5   3767.8
33   0   -6.7   783.0   3769.6
33   1   -1.0   576.4   3783.7
33   2   -171.1   603.5   3798.5
33   3   -366.4   645.2   3602.2
33   4   -144.6   743.6   3453.4
33   5   170.1   592.8   3767.7
33   6   370.0   639.6   3576.4
33   7   164.3   779.3   3422.8
33   8   -4.2   313.8   3833.9
33   9   -4.6   116.1   3823.1
33   10   -103.8   41.7   3843.4
33   11   -116.5   -399.3   3855.6
33   12   -150.7   -792.8   3841.1
33   13   95.9   43.7   3845.5
33   14   81.8   -396.1   3878.5
33   15   84.3   -791.3   3879.2
33   16   -181.4   727.1   3478.2
33   17   198.4   755.9   3448.4
33   18   0.1   659.6   3767.8
34   0   -7.1   790.0   3768.4
34   1   -1.1   583.6   3784.0
34   2   -171.1   613.6   3796.9
34   3   -378.1   705.2   3628.0
34   4   -229.7   800.9   3399.9
34   5   170.9   605.2   3765.1
34   6   377.5   695.2   3593.9
34   7   236.9   841.8   3378.3
34   8   -4.5   321.9   3836.7
34   9   -4.6   123.0   3825.2
34   10   -103.7   44.4   3843.9
34   11   -117.0   -399.4   3856.2
34   12   -150.7   -793.0   3842.7
34   13   98.8   50.5   3846.6
34   14   82.1   -392.2   3878.4
34   15   84.3   -787.4   3884.9
34   16   -254.2   784.8   3437.9
34   17   260.2   817.3   3414.2
34   18   0.1   666.6   3767.3
35   0   -5.1   800.0   3760.7
35   1   -1.0   593.8   3782.1
35   2   -172.1   628.7   3790.1
35   3   -379.3   750.2   3636.3
35   4   -294.8   880.6   3379.7
35   5   173.4   627.3   3761.4
35   6   377.3   749.8   3605.4
35   7   303.9   906.7   3355.8
35   8   -4.4   331.7   3836.6
35   9   -4.5   131.0   3826.8
35   10   -104.0   47.7   3844.2
35   11   -116.9   -394.7   3857.1
35   12   -150.3   -788.3   3845.5
35   13   99.6   54.4   3847.5
35   14   82.3   -386.9   3878.3
35   15   84.3   -782.1   3886.9
35   16   -308.8   858.9   3422.5
35   17   316.0   880.6   3397.4
35   18   0.1   676.7   3764.9
36   0   -2.8   811.8   3748.3
36   1   -0.9   606.2   3777.9
36   2   -172.7   646.4   3784.7
36   3   -377.8   781.5   3638.4
36   4   -338.7   966.4   3397.2
36   5   173.7   643.1   3759.8
36   6   358.6   794.5   3605.8
36   7   365.8   981.9   3363.6
36   8   -3.9   345.6   3832.7
36   9   -4.4   142.5   3827.6
36   10   -104.0   49.6   3844.4
36   11   -116.7   -389.5   3858.6
36   12   -150.0   -783.2   3849.5
36   13   98.5   54.8   3848.4
36   14   82.5   -383.3   3878.9
36   15   84.2   -778.5   3886.5
36   16   -345.2   935.7   3437.4
36   17   364.7   950.7   3404.0
36   18   0.1   689.1   3760.4
37   0   1.1   824.3   3738.2
37   1   -0.7   619.1   3771.6
37   2   -172.2   661.0   3780.2
37   3   -370.2   809.6   3639.3
37   4   -366.9   1036.1   3424.0
37   5   173.9   659.7   3755.8
37   6   341.9   830.9   3603.9
37   7   416.8   1047.7   3395.2
37   8   -3.1   360.2   3824.8
37   9   -4.3   155.0   3826.6
37   10   -103.7   53.5   3844.3
37   11   -116.5   -381.9   3860.9
37   12   -149.1   -775.7   3851.0
37   13   96.9   57.2   3849.4
37   14   82.6   -377.4   3880.2
37   15   84.3   -772.6   3883.8
37   16   -367.5   998.4   3459.9
37   17   404.5   1011.6   3430.0
37   18   0.1   702.0   3754.6
38   0   5.0   837.5   3731.4
38   1   -0.5   632.2   3764.9
38   2   -171.8   675.2   3772.1
38   3   -358.7   840.7   3637.7
38   4   -386.5   1100.1   3464.1
38   5   172.6   671.1   3749.5
38   6   326.9   858.4   3603.3
38   7   444.0   1092.2   3428.5
38   8   -2.3   375.5   3817.9
38   9   -4.1   168.0   3825.3
38   10   -104.6   61.9   3844.4
38   11   -116.5   -370.2   3862.6
38   12   -147.8   -764.0   3851.2
38   13   96.2   63.9   3850.6
38   14   82.7   -367.4   3882.0
38   15   84.2   -762.6   3882.2
38   16   -382.0   1056.9   3493.1
38   17   424.6   1053.2   3457.7
38   18   0.1   715.2   3747.8
39   0   8.4   850.2   3727.7
39   1   -0.4   644.8   3758.6
39   2   -169.6   682.7   3764.7
39   3   -338.8   869.7   3638.6
39   4   -404.9   1142.8   3500.1
39   5   172.2   686.0   3744.1
39   6   320.7   877.6   3598.1
39   7   458.1   1124.1   3457.4
39   8   -1.8   387.9   3812.1
39   9   -4.1   177.7   3823.2
39   10   -103.1   66.3   3843.9
39   11   -116.4   -363.0   3862.8
39   12   -146.8   -756.9   3851.3
39   13   94.0   67.6   3850.6
39   14   82.7   -361.0   3882.9
39   15   84.2   -756.1   3881.4
39   16   -393.9   1097.3   3523.2
39   17   435.2   1083.0   3480.8
39   18   0.1   727.7   3741.4
40   0   11.4   860.7   3728.0
40   1   -0.3   655.1   3753.0
40   2   -167.2   688.4   3757.7
40   3   -326.1   890.4   3642.5
40   4   -418.1   1170.4   3535.8
40   5   170.1   693.0   3738.6
40   6   318.8   888.0   3598.8
40   7   458.0   1142.8   3476.5
40   8   -1.4   397.0   3806.3
40   9   -4.0   186.3   3819.7
40   10   -101.6   69.3   3843.3
40   11   -116.3   -357.9   3861.7
40   12   -146.3   -751.7   3851.4
40   13   92.5   70.6   3850.0
40   14   82.7   -355.8   3884.0
40   15   84.1   -750.9   3881.4
40   16   -402.8   1123.7   3553.6
40   17   434.8   1100.3   3496.9
40   18   0.1   738.1   3735.9
41   0   13.7   867.9   3730.5
41   1   -0.3   662.3   3748.1
41   2   -166.2   689.8   3753.1
41   3   -320.5   900.0   3646.1
41   4   -422.5   1183.2   3558.9
41   5   169.5   695.4   3733.0
41   6   317.4   894.5   3599.2
41   7   456.1   1152.6   3487.4
41   8   -1.2   402.6   3800.9
41   9   -3.9   192.6   3815.9
41   10   -100.9   70.8   3842.7
41   11   -116.6   -354.7   3860.8
41   12   -146.0   -748.6   3851.4
41   13   91.9   72.4   3849.5
41   14   83.1   -352.1   3885.9
41   15   84.0   -747.1   3881.3
41   16   -405.5   1136.0   3573.4
41   17   432.9   1109.6   3506.0
41   18   0.1   745.3   3731.2
42   0   14.6   872.1   3732.9
42   1   -0.2   666.6   3744.5
42   2   -166.9   691.7   3753.2
42   3   -318.7   906.0   3651.3
42   4   -421.9   1188.3   3566.1
42   5   169.6   694.1   3732.5
42   6   313.0   896.8   3600.0
42   7   450.6   1153.9   3489.4
42   8   -1.1   404.8   3796.5
42   9   -3.9   193.6   3813.0
42   10   -101.4   70.0   3842.7
42   11   -117.1   -354.1   3860.8
42   12   -145.9   -748.0   3851.3
42   13   92.4   71.8   3849.5
42   14   83.3   -351.1   3888.7
42   15   83.9   -746.0   3881.1
42   16   -404.7   1141.3   3580.3
42   17   427.7   1111.0   3507.8
42   18   0.1   749.6   3728.1
43   0   14.6   873.5   3734.5
43   1   -0.2   668.1   3742.4
43   2   -168.0   691.0   3753.8
43   3   -317.4   910.3   3659.9
43   4   -417.5   1187.7   3562.6
43   5   171.0   693.2   3730.7
43   6   311.6   899.4   3601.0
43   7   444.4   1155.0   3485.8
43   8   -1.0   406.8   3793.4
43   9   -3.9   194.0   3810.9
43   10   -103.3   67.0   3843.2
43   11   -117.8   -356.1   3861.8
43   12   -146.0   -749.9   3851.2
43   13   93.8   68.4   3849.9
43   14   83.5   -353.2   3890.8
43   15   83.9   -748.1   3881.0
43   16   -400.8   1141.5   3578.8
43   17   422.3   1112.4   3505.0
43   18   0.1   751.2   3726.2
44   0   14.3   873.6   3735.4
44   1   -0.2   668.2   3741.3
44   2   -167.6   690.7   3754.5
44   3   -318.5   912.4   3669.7
44   4   -410.6   1183.8   3554.4
44   5   171.0   693.5   3730.8
44   6   311.5   900.4   3602.3
44   7   442.9   1153.4   3482.5
44   8   -0.9   408.6   3791.4
44   9   -3.8   194.2   3809.5
44   10   -105.4   64.2   3843.9
44   11   -119.3   -358.1   3862.3
44   12   -145.9   -752.0   3850.9
44   13   95.0   64.6   3850.3
44   14   83.6   -356.2   3891.5
44   15   83.9   -751.0   3880.9
44   16   -395.3   1138.6   3573.6
44   17   421.0   1111.2   3502.5
44   18   0.1   751.3   3725.3
45   0   14.0   873.1   3735.8
45   1   -0.2   667.8   3741.0
45   2   -166.3   690.6   3754.9
45   3   -319.6   912.7   3676.4
45   4   -403.8   1179.8   3547.4
45   5   170.0   693.9   3731.9
45   6   312.0   899.9   3603.9
45   7   444.1   1150.4   3481.3
45   8   -0.9   410.3   3790.6
45   9   -3.8   194.4   3808.6
45   10   -106.6   63.2   3844.3
45   11   -120.2   -358.4   3862.4
45   12   -145.8   -752.3   3850.7
45   13   95.8   63.2   3850.6
45   14   83.7   -356.9   3891.2
45   15   83.8   -751.7   3880.6
45   16   -389.8   1135.3   3568.9
45   17   422.1   1108.7   3501.8
45   18   0.1   750.9   3725.0
46   0   13.9   872.2   3738.1
46   1   -0.2   667.2   3741.0
46   2   -164.4   689.8   3755.5
46   3   -319.3   910.5   3676.4
46   4   -401.8   1177.3   3545.9
46   5   166.7   689.2   3734.6
46   6   309.9   895.1   3608.0
46   7   445.4   1142.0   3482.8
46   8   -0.9   411.7   3790.5
46   9   -3.9   194.6   3808.1
46   10   -107.2   62.7   3844.4
46   11   -120.4   -358.4   3862.1
46   12   -145.7   -752.3   3850.2
46   13   96.0   62.7   3850.7
46   14   83.5   -357.0   3890.0
46   15   83.9   -751.8   3880.6
46   16   -388.1   1132.9   3567.6
46   17   422.8   1100.9   3503.6
46   18   0.1   750.2   3724.9
47   0   13.9   870.8   3743.2
47   1   -0.2   666.5   3741.2
47   2   -162.1   687.7   3756.0
47   3   -317.4   906.6   3673.1
47   4   -402.6   1173.6   3545.1
47   5   164.4   686.9   3735.9
47   6   310.1   892.0   3611.0
47   7   445.9   1136.9   3482.7
47   8   -0.9   412.7   3790.6
47   9   -4.1   194.9   3807.8
47   10   -107.5   62.2   3844.5
47   11   -120.6   -358.5   3861.7
47   12   -145.6   -752.3   3848.8
47   13   96.0   62.4   3850.5
47   14   83.3   -357.1   3886.8
47   15   83.9   -751.9   3880.8
47   16   -388.4   1129.1   3566.5
47   17   423.3   1096.1   3504.1
47   18   0.1   749.6   3725.0
48   0   13.9   868.7   3750.8
48   1   -0.2   666.0   3741.3
48   2   -160.5   687.4   3756.8
48   3   -315.7   903.1   3666.4
48   4   -404.7   1170.7   3542.7
48   5   162.8   686.0   3736.6
48   6   311.6   888.8   3611.8
48   7   445.4   1133.5   3481.4
48   8   -0.9   413.5   3790.8
48   9   -4.4   195.1   3807.6
48   10   -107.8   61.7   3844.5
48   11   -120.7   -358.6   3861.1
48   12   -145.6   -752.3   3846.8
48   13   95.9   62.0   3850.3
48   14   83.1   -357.1   3885.8
48   15   83.9   -751.8   3881.3
48   16   -389.9   1126.1   3563.3
48   17   423.1   1092.7   3503.1
48   18   0.1   749.0   3725.1
49   0   13.9   866.5   3758.4
49   1   -0.2   665.7   3741.7
49   2   -162.9   692.4   3758.3
49   3   -317.1   904.0   3657.4
49   4   -408.1   1171.8   3536.1
49   5   163.5   685.2   3737.1
49   6   314.4   885.0   3610.1
49   7   444.0   1130.6   3477.5
49   8   -0.9   412.1   3792.3
49   9   -4.8   193.2   3807.8
49   10   -107.4   64.6   3844.2
49   11   -120.6   -355.4   3860.0
49   12   -145.3   -748.9   3843.9
49   13   96.2   66.4   3849.7
49   14   83.1   -352.5   3885.0
49   15   83.9   -747.1   3882.0
49   16   -392.9   1127.2   3556.3
49   17   422.4   1089.7   3499.6
49   18   0.1   748.6   3725.2
50   0   13.9   865.6   3762.0
50   1   -0.2   665.8   3742.2
50   2   -166.4   698.3   3760.1
50   3   -319.7   906.6   3651.2
50   4   -412.9   1174.7   3530.4
50   5   165.2   684.8   3737.4
50   6   317.6   880.4   3605.9
50   7   440.4   1128.0   3469.0
50   8   -0.9   411.0   3794.2
50   9   -5.2   191.4   3808.2
50   10   -107.2   69.3   3843.9
50   11   -120.5   -350.5   3859.3
50   12   -145.0   -743.8   3840.0
50   13   95.6   70.9   3848.6
50   14   82.7   -347.6   3884.5
50   15   83.8   -742.1   3882.8
50   16   -397.3   1130.1   3550.6
50   17   419.9   1086.7   3491.8
50   18   0.1   748.6   3725.3
51   0   14.1   865.9   3761.9
51   1   -0.2   666.1   3742.7
51   2   -169.5   702.2   3761.7
51   3   -321.5   908.6   3647.5
51   4   -419.3   1175.1   3523.7
51   5   167.3   684.5   3737.5
51   6   319.7   876.8   3601.4
51   7   438.4   1127.6   3463.8
51   8   -1.0   410.5   3795.9
51   9   -5.6   190.4   3808.7
51   10   -106.2   72.1   3843.5
51   11   -120.3   -347.4   3858.7
51   12   -145.0   -740.7   3841.3
51   13   94.5   74.0   3847.5
51   14   82.1   -344.2   3884.1
51   15   83.7   -738.6   3883.2
51   16   -403.0   1130.6   3544.4
51   17   418.6   1085.8   3486.8
51   18   0.1   748.8   3725.5
52   0   14.3   867.0   3758.9
52   1   -0.2   666.4   3743.2
52   2   -170.2   705.6   3762.8
52   3   -323.3   909.4   3645.5
52   4   -422.6   1170.1   3509.7
52   5   167.4   685.1   3737.5
52   6   320.2   875.2   3598.8
52   7   437.5   1125.4   3457.4
52   8   -1.0   410.6   3797.2
52   9   -5.9   191.9   3808.9
52   10   -104.7   72.8   3843.0
52   11   -120.0   -346.3   3858.6
52   12   -145.3   -739.5   3841.6
52   13   91.9   74.4   3847.3
52   14   81.5   -343.7   3884.0
52   15   83.5   -738.0   3883.2
52   16   -406.0   1126.6   3532.3
52   17   417.9   1083.7   3481.0
52   18   0.1   749.1   3725.8
53   0   14.5   868.6   3753.9
53   1   -0.2   666.8   3743.5
53   2   -169.3   706.6   3762.6
53   3   -323.9   908.4   3643.9
53   4   -421.0   1167.5   3503.2
53   5   166.5   686.0   3737.4
53   6   319.8   874.5   3597.2
53   7   437.3   1122.4   3451.5
53   8   -1.0   410.8   3797.9
53   9   -6.1   194.4   3809.1
53   10   -103.2   71.9   3842.6
53   11   -119.8   -346.9   3859.0
53   12   -145.5   -740.0   3842.2
53   13   89.4   73.4   3847.8
53   14   80.6   -344.4   3884.1
53   15   83.4   -738.7   3883.1
53   16   -404.8   1124.3   3526.6
53   17   417.7   1081.1   3475.8
53   18   0.1   749.5   3726.0
54   0   14.7   870.4   3745.2
54   1   -0.2   667.1   3744.0
54   2   -167.6   705.5   3762.2
54   3   -323.1   905.8   3642.4
54   4   -415.9   1166.7   3502.7
54   5   165.3   687.1   3737.4
54   6   319.1   874.4   3596.2
54   7   438.1   1120.1   3448.9
54   8   -1.0   410.8   3798.3
54   9   -6.4   196.8   3809.2
54   10   -102.7   71.8   3842.5
54   11   -119.8   -346.8   3859.5
54   12   -145.5   -739.7   3842.6
54   13   87.9   73.6   3849.1
54   14   79.7   -344.2   3884.3
54   15   83.4   -738.3   3883.0
54   16   -400.4   1123.2   3526.0
54   17   418.3   1079.1   3473.5
54   18   0.1   749.7   3726.6
55   0   14.9   871.6   3734.8
55   1   -0.2   667.3   3744.8
55   2   -165.5   702.5   3761.7
55   3   -320.9   902.0   3640.6
55   4   -411.4   1164.6   3503.8
55   5   164.1   688.0   3737.4
55   6   317.7   874.6   3595.3
55   7   439.0   1118.8   3448.6
55   8   -1.0   410.7   3798.6
55   9   -6.6   198.8   3809.4
55   10   -103.4   71.4   3842.9
55   11   -119.9   -347.0   3860.5
55   12   -145.5   -739.9   3844.5
55   13   88.1   73.7   3850.2
55   14   79.1   -343.9   3884.4
55   15   83.3   -737.9   3882.9
55   16   -396.3   1120.8   3526.6
55   17   418.8   1078.1   3473.1
55   18   0.1   749.9   3727.5
