2   0   -4.4   692.9   3406.9
2   1   -7.3   511.8   3406.0
2   2   -162.7   499.7   3425.2
2   3   -196.6   288.9   3324.1
2   4   -17.8   472.4   3207.4
2   5   149.1   493.5   3406.0
2   6   184.8   277.6   3317.3
2   7   4.8   461.4   3203.0
2   8   -10.3   266.7   3447.7
2   9   -11.7   79.3   3449.9
2   10   -115.3   29.6   3474.7
2   11   -107.2   -330.6   3459.9
2   12   -74.9   -684.6   3524.7
2   13   93.1   31.0   3471.2
2   14   76.5   -329.1   3461.5
2   15   39.8   -679.7   3540.6
2   16   -47.6   441.8   3226.8
2   17   34.8   430.8   3222.1
2   18   -6.4   588.1   3392.9
3   0   -3.2   694.5   3407.0
3   1   -6.4   513.2   3407.5
3   2   -161.8   501.1   3425.0
3   3   -197.6   290.0   3323.8
3   4   -18.8   472.6   3205.8
3   5   149.8   494.5   3404.4
3   6   185.3   277.2   3317.2
3   7   5.4   459.1   3200.2
3   8   -9.7   268.5   3450.7
3   9   -11.0   81.0   3452.3
3   10   -113.8   29.4   3474.3
3   11   -107.6   -332.1   3461.4
3   12   -76.3   -686.5   3526.8
3   13   92.7   30.6   3471.9
3   14   76.2   -330.8   3463.1
3   15   38.5   -681.6   3542.8
3   16   -48.6   442.2   3225.5
3   17   35.4   428.8   3219.7
3   18   -5.4   589.5   3394.1
4   0   0.2   699.5   3407.0
4   1   -3.7   517.3   3411.9
4   2   -158.8   505.2   3424.7
4   3   -199.0   292.5   3323.1
4   4   -19.7   473.8   3203.8
4   5   151.4   497.2   3401.6
4   6   186.7   275.8   3318.6
4   7   10.2   453.1   3190.7
4   8   -7.7   273.7   3458.6
4   9   -8.9   85.5   3459.0
4   10   -109.2   28.5   3474.5
4   11   -108.0   -337.8   3464.4
4   12   -78.1   -694.7   3529.3
4   13   91.8   28.8   3474.1
4   14   75.7   -337.2   3464.8
4   15   35.9   -690.4   3543.2
4   16   -49.6   443.6   3223.6
4   17   39.6   423.5   3212.0
4   18   -2.4   593.3   3397.3
5   0   4.7   705.5   3406.9
5   1   -0.1   522.2   3416.2
5   2   -154.4   510.0   3424.2
5   3   -200.1   294.7   3322.1
5   4   -19.4   476.0   3205.0
5   5   152.7   499.9   3398.5
5   6   188.2   273.7   3318.2
5   7   13.4   447.7   3183.5
5   8   -4.9   279.5   3467.1
5   9   -6.2   89.8   3466.3
5   10   -103.5   26.4   3475.7
5   11   -108.6   -345.6   3466.8
5   12   -79.3   -706.6   3535.1
5   13   90.7   25.8   3476.0
5   14   75.5   -346.1   3467.0
5   15   32.2   -704.1   3542.6
5   16   -49.5   445.8   3224.5
5   17   42.5   418.7   3205.9
5   18   1.4   597.9   3400.3
6   0   7.3   710.0   3406.8
6   1   2.5   525.4   3418.5
6   2   -150.8   513.5   3423.8
6   3   -200.2   295.5   3320.8
6   4   -19.3   477.4   3205.0
6   5   153.2   501.7   3396.7
6   6   189.4   271.4   3318.0
6   7   14.5   444.6   3181.8
6   8   -2.8   282.9   3471.8
6   9   -4.4   91.8   3470.5
6   10   -100.2   25.2   3476.4
6   11   -108.7   -352.1   3468.4
6   12   -79.7   -719.3   3530.5
6   13   90.1   23.4   3477.1
6   14   75.3   -353.8   3468.2
6   15   29.1   -716.5   3544.9
6   16   -49.4   447.1   3224.3
6   17   43.6   415.8   3204.5
6   18   4.1   601.0   3401.9
7   0   8.2   712.4   3406.7
7   1   3.9   526.9   3418.8
7   2   -148.4   515.3   3423.4
7   3   -200.4   295.3   3319.5
7   4   -19.5   477.5   3204.0
7   5   153.0   502.7   3395.9
7   6   190.1   269.5   3317.6
7   7   15.7   444.1   3182.3
7   8   -1.6   283.8   3472.3
7   9   -3.5   92.2   3471.9
7   10   -98.8   24.6   3476.6
7   11   -108.3   -359.1   3469.6
7   12   -79.4   -729.3   3538.0
7   13   89.9   22.0   3477.6
7   14   75.1   -361.4   3468.7
7   15   26.8   -727.5   3548.0
7   16   -49.6   447.1   3223.2
7   17   44.7   415.0   3204.8
7   18   5.6   602.5   3402.2
8   0   8.2   713.6   3406.7
8   1   4.5   527.3   3417.9
8   2   -146.8   516.2   3423.0
8   3   -200.6   295.0   3318.1
8   4   -18.8   476.4   3202.8
8   5   152.5   503.2   3395.7
8   6   190.5   268.1   3317.4
8   7   17.8   445.6   3183.5
8   8   -1.1   283.2   3469.9
8   9   -3.2   92.2   3471.8
8   10   -98.5   24.0   3476.6
8   11   -107.9   -365.8   3470.5
8   12   -79.0   -734.6   3548.8
8   13   89.7   20.7   3477.8
8   14   66.3   -367.6   3493.1
8   15   24.4   -737.8   3556.3
8   16   -49.1   446.2   3222.0
8   17   46.6   416.0   3205.8
8   18   6.2   603.0   3401.8
9   0   7.6   714.1   3406.6
9   1   4.7   527.2   3416.5
9   2   -145.8   516.7   3422.7
9   3   -200.8   294.4   3317.3
9   4   -19.1   476.0   3202.2
9   5   151.9   503.6   3395.7
9   6   190.8   267.2   3317.2
9   7   19.7   447.3   3184.8
9   8   -0.8   282.3   3466.5
9   9   -3.1   92.5   3470.9
9   10   -98.7   23.8   3476.6
9   11   -107.6   -370.6   3470.7
9   12   -78.6   -736.6   3554.7
9   13   89.9   20.2   3477.9
9   14   69.7   -373.2   3483.3
9   15   23.4   -738.0   3562.0
9   16   -49.4   445.8   3221.4
9   17   48.2   417.3   3206.9
9   18   6.4   603.0   3401.1
10   0   6.9   714.3   3406.4
10   1   4.7   527.0   3415.1
10   2   -145.0   516.9   3422.5
10   3   -200.9   293.8   3316.8
10   4   -19.0   475.7   3202.5
10   5   151.3   503.9   3395.8
10   6   191.0   266.6   3317.1
10   7   20.9   449.7   3187.4
10   8   -0.8   281.7   3462.9
10   9   -3.1   93.0   3469.8
10   10   -98.9   23.7   3476.5
10   11   -107.5   -374.4   3470.7
10   12   -78.3   -738.4   3555.7
10   13   90.0   20.1   3477.8
10   14   72.8   -377.5   3477.4
10   15   21.1   -738.0   3565.0
10   16   -49.4   445.4   3221.5
10   17   49.2   419.2   3209.0
10   18   6.4   602.9   3400.3
11   0   6.2   714.4   3406.2
11   1   4.6   526.7   3413.8
11   2   -144.3   517.0   3422.2
11   3   -201.1   293.2   3316.4
11   4   -18.7   475.3   3203.0
11   5   150.7   504.2   3395.9
11   6   191.1   266.2   3317.0
11   7   21.7   450.7   3188.3
11   8   -0.8   281.5   3460.3
11   9   -3.1   93.9   3468.7
11   10   -99.5   24.6   3476.4
11   11   -107.7   -372.8   3470.1
11   12   -78.3   -738.2   3553.5
11   13   90.2   20.4   3477.8
11   14   73.5   -376.7   3473.7
11   15   20.0   -736.9   3566.0
11   16   -49.1   444.9   3221.9
11   17   49.9   419.9   3209.8
11   18   6.3   602.8   3399.4
12   0   5.8   714.4   3405.9
12   1   4.6   526.5   3412.8
12   2   -143.7   517.0   3421.9
12   3   -201.1   292.7   3316.1
12   4   -18.1   474.8   3203.8
12   5   150.2   504.4   3396.0
12   6   191.2   266.0   3316.9
12   7   22.3   451.1   3188.6
12   8   -0.8   281.8   3458.7
12   9   -3.2   94.9   3467.6
12   10   -99.8   25.1   3476.3
12   11   -107.9   -369.2   3468.8
12   12   -78.4   -737.6   3550.5
12   13   90.2   20.7   3477.8
12   14   73.9   -373.3   3471.8
12   15   19.0   -735.4   3567.3
12   16   -48.6   444.4   3222.5
12   17   50.4   420.2   3210.0
12   18   6.3   602.6   3398.5
13   0   5.5   714.4   3405.6
13   1   4.6   526.4   3412.0
13   2   -143.3   517.3   3421.6
13   3   -201.1   292.6   3315.8
13   4   -17.3   474.6   3204.7
13   5   149.8   504.6   3396.1
13   6   191.3   265.8   3316.9
13   7   22.8   451.1   3188.3
13   8   -0.9   282.2   3457.8
13   9   -3.2   95.9   3466.6
13   10   -99.8   25.3   3476.1
13   11   -107.7   -367.1   3468.2
13   12   -78.2   -739.1   3548.0
13   13   90.2   20.9   3477.8
13   14   74.3   -371.3   3471.2
13   15   18.2   -736.0   3568.3
13   16   -47.9   444.2   3223.2
13   17   50.9   420.2   3209.7
13   18   6.2   602.5   3397.7
14   0   5.3   714.4   3405.3
14   1   4.5   526.3   3411.3
14   2   -143.0   517.7   3421.4
14   3   -201.0   292.5   3315.7
14   4   -16.5   474.5   3205.6
14   5   149.4   504.8   3396.1
14   6   191.5   265.7   3316.8
14   7   23.4   451.1   3187.8
14   8   -0.9   282.6   3457.4
14   9   -3.2   96.8   3465.7
14   10   -99.8   25.5   3476.0
14   11   -107.5   -365.9   3467.9
14   12   -78.2   -739.7   3548.9
14   13   90.1   21.1   3477.7
14   14   74.7   -370.1   3471.1
14   15   17.8   -736.7   3568.8
14   16   -47.3   444.2   3224.0
14   17   51.4   420.2   3209.3
14   18   6.2   602.4   3397.0
15   0   5.2   714.4   3405.0
15   1   4.5   526.2   3410.7
15   2   -142.5   517.6   3421.1
15   3   -201.0   292.1   3315.5
15   4   -15.9   474.3   3206.9
15   5   149.1   505.0   3396.1
15   6   191.6   265.6   3316.8
15   7   23.6   450.7   3187.3
15   8   -0.9   283.0   3457.2
15   9   -3.2   97.5   3464.9
15   10   -99.7   25.5   3475.9
15   11   -107.4   -365.1   3467.7
15   12   -78.2   -740.4   3550.8
15   13   90.0   21.3   3477.7
15   14   74.8   -369.2   3471.1
15   15   16.9   -737.4   3569.4
15   16   -46.7   444.0   3225.0
15   17   51.6   419.9   3208.9
15   18   6.2   602.3   3396.2
16   0   5.2   714.3   3404.7
16   1   4.5   526.1   3410.2
16   2   -142.0   517.5   3420.8
16   3   -201.0   291.8   3315.4
16   4   -15.7   474.6   3208.2
16   5   148.9   505.1   3396.1
16   6   191.7   265.5   3316.8
16   7   23.7   450.7   3187.3
16   8   -0.9   283.4   3457.1
16   9   -3.2   98.1   3464.2
16   10   -99.6   25.6   3475.8
16   11   -107.3   -364.1   3466.4
16   12   -78.1   -740.1   3551.4
16   13   90.0   21.4   3477.7
16   14   75.0   -368.1   3471.2
16   15   16.7   -737.7   3568.9
16   16   -46.5   444.2   3226.1
16   17   51.7   419.8   3208.9
16   18   6.2   602.1   3395.5
17   0   5.2   714.2   3404.4
17   1   4.5   526.0   3409.6
17   2   -141.6   517.3   3420.5
17   3   -201.0   291.4   3315.2
17   4   -15.7   474.9   3209.0
17   5   148.7   505.2   3396.2
17   6   191.8   265.4   3316.8
17   7   24.0   450.9   3187.6
17   8   -0.9   283.7   3457.1
17   9   -3.2   98.6   3463.4
17   10   -99.8   26.2   3475.6
17   11   -107.3   -361.9   3463.3
17   12   -78.1   -738.9   3551.1
17   13   90.1   22.0   3477.7
17   14   75.0   -366.0   3471.3
17   15   16.9   -737.5   3567.7
17   16   -46.6   444.3   3226.7
17   17   51.9   420.0   3209.1
17   18   6.2   602.0   3394.7
18   0   5.2   714.0   3404.2
18   1   4.5   525.9   3409.0
18   2   -141.2   517.1   3420.1
18   3   -201.1   291.1   3314.9
18   4   -15.9   474.7   3209.0
18   5   148.5   505.2   3396.2
18   6   191.9   265.4   3316.7
18   7   24.3   451.3   3187.9
18   8   -0.9   283.9   3457.1
18   9   -3.2   98.9   3462.5
18   10   -100.2   27.2   3475.4
18   11   -107.5   -358.2   3458.0
18   12   -78.3   -731.7   3550.2
18   13   90.5   23.0   3477.7
18   14   75.0   -362.6   3471.3
18   15   17.7   -732.4   3565.4
18   16   -46.8   444.1   3226.6
18   17   52.2   420.3   3209.4
18   18   6.2   601.8   3394.0
19   0   5.2   713.9   3404.0
19   1   4.5   525.8   3408.7
19   2   -141.0   517.0   3419.7
19   3   -201.3   290.9   3314.8
19   4   -16.9   474.1   3206.5
19   5   148.3   505.2   3396.2
19   6   192.1   265.3   3316.8
19   7   25.1   451.1   3187.0
19   8   -0.9   284.0   3457.1
19   9   -3.2   99.2   3462.1
19   10   -100.7   28.4   3475.2
19   11   -107.3   -355.3   3454.3
19   12   -77.9   -726.9   3551.3
19   13   91.0   24.1   3477.8
19   14   75.0   -359.9   3471.2
19   15   17.6   -729.1   3564.6
19   16   -47.6   443.5   3224.6
19   17   53.0   420.1   3208.6
19   18   6.2   601.6   3393.5
20   0   5.2   713.7   3403.8
20   1   4.5   525.6   3408.6
20   2   -140.9   517.1   3419.4
20   3   -202.2   290.9   3315.0
20   4   -25.5   465.7   3184.8
20   5   148.3   505.3   3396.2
20   6   192.5   265.2   3317.3
20   7   29.3   447.1   3177.9
20   8   -0.9   284.0   3457.1
20   9   -3.2   99.3   3462.0
20   10   -100.9   28.9   3474.7
20   11   -107.2   -354.5   3453.0
20   12   -77.4   -725.6   3553.2
20   13   91.3   25.0   3477.8
20   14   75.1   -358.7   3471.0
20   15   18.1   -728.9   3562.3
20   16   -55.0   436.6   3206.5
20   17   56.5   416.8   3201.1
20   18   6.2   601.5   3393.3
21   0   5.2   713.7   3403.5
21   1   4.5   525.4   3409.8
21   2   -141.1   517.1   3419.6
21   3   -204.7   291.1   3315.9
21   4   -65.2   427.2   3126.3
21   5   148.2   505.4   3399.6
21   6   193.8   266.3   3318.3
21   7   42.5   433.5   3152.4
21   8   -0.9   283.7   3457.4
21   9   -3.2   99.0   3462.0
21   10   -101.1   29.5   3474.0
21   11   -107.1   -354.4   3452.7
21   12   -77.5   -726.6   3554.4
21   13   92.2   27.0   3477.9
21   14   75.1   -357.0   3470.7
21   15   19.5   -729.7   3558.7
21   16   -88.4   404.6   3157.9
21   17   67.7   405.6   3180.0
21   18   6.2   601.3   3394.8
22   0   4.9   713.8   3403.2
22   1   4.4   525.1   3413.8
22   2   -141.3   517.1   3422.7
22   3   -210.1   293.1   3318.0
22   4   -142.3   347.6   3073.4
22   5   147.9   505.9   3412.7
22   6   196.4   271.7   3320.3
22   7   85.2   392.0   3102.9
22   8   -1.4   283.9   3459.6
22   9   -3.6   99.4   3462.3
22   10   -100.6   32.7   3473.0
22   11   -107.1   -351.5   3451.9
22   12   -77.7   -725.1   3554.4
22   13   93.0   33.6   3478.0
22   14   75.3   -350.7   3470.4
22   15   21.2   -726.1   3554.5
22   16   -153.5   338.7   3114.2
22   17   103.6   372.0   3139.1
22   18   6.2   601.1   3399.4
23   0   4.5   713.5   3402.9
23   1   4.2   524.8   3420.4
23   2   -141.9   516.9   3424.7
23   3   -220.1   295.5   3320.9
23   4   -208.5   278.6   3053.2
23   5   148.1   506.1   3421.1
23   6   204.8   273.3   3329.3
23   7   156.2   318.1   3071.7
23   8   -2.0   284.9   3464.2
23   9   -3.9   100.6   3462.6
23   10   -100.4   36.8   3472.3
23   11   -107.0   -348.4   3452.0
23   12   -77.8   -723.5   3554.4
23   13   91.9   37.1   3477.7
23   14   75.4   -348.3   3469.9
23   15   21.7   -725.0   3555.0
23   16   -210.4   281.5   3097.8
23   17   164.2   310.8   3114.6
23   18   6.2   601.0   3406.4
24   0   4.3   713.1   3405.2
24   1   4.1   524.6   3428.2
24   2   -142.5   516.6   3426.0
24   3   -227.8   298.6   3323.7
24   4   -266.3   233.6   3055.1
24   5   148.5   506.3   3427.9
24   6   221.9   282.6   3329.9
24   7   232.8   249.2   3062.9
24   8   -2.4   286.2   3470.5
24   9   -4.1   102.1   3463.0
24   10   -100.1   37.9   3472.5
24   11   -107.0   -349.1   3452.6
24   12   -77.6   -725.5   3555.0
24   13   90.6   37.1   3477.4
24   14   75.5   -350.2   3469.6
24   15   21.6   -727.3   3558.5
24   16   -260.0   244.4   3099.8
24   17   231.0   254.8   3107.4
24   18   6.2   600.8   3414.7
25   0   4.1   712.8   3409.1
25   1   4.0   524.4   3435.1
25   2   -142.9   516.4   3426.8
25   3   -233.9   302.6   3322.0
25   4   -316.6   205.4   3067.5
25   5   148.9   506.2   3431.4
25   6   235.8   296.9   3316.9
25   7   296.6   195.6   3067.5
25   8   -2.6   287.7   3477.2
25   9   -4.2   103.7   3463.6
25   10   -100.1   37.9   3473.4
25   11   -107.0   -350.9   3453.6
25   12   -77.3   -728.1   3555.5
25   13   90.3   36.7   3477.4
25   14   75.5   -352.3   3469.6
25   15   21.8   -730.6   3556.0
25   16   -302.9   221.5   3110.0
25   17   286.5   212.4   3109.1
25   18   6.2   600.6   3421.5
26   0   4.0   712.6   3413.6
26   1   4.0   524.2   3439.4
26   2   -143.1   516.2   3427.3
26   3   -237.2   306.3   3316.1
26   4   -359.6   185.2   3087.5
26   5   149.1   506.2   3432.0
26   6   246.9   306.9   3306.2
26   7   346.2   164.4   3082.4
26   8   -2.8   288.9   3481.5
26   9   -4.3   104.8   3464.1
26   10   -101.3   39.3   3474.3
26   11   -107.0   -350.2   3453.8
26   12   -77.0   -728.1   3555.3
26   13   90.6   36.6   3477.4
26   14   75.5   -353.1   3469.5
26   15   21.8   -732.2   3555.2
26   16   -339.3   205.3   3125.6
26   17   329.7   188.1   3119.7
26   18   6.2   600.4   3425.8
27   0   3.9   712.6   3417.1
27   1   4.0   524.1   3441.2
27   2   -143.3   516.3   3427.4
27   3   -243.7   307.6   3315.3
27   4   -391.1   171.2   3106.0
27   5   149.7   506.6   3431.2
27   6   259.9   312.2   3303.6
27   7   379.7   145.7   3097.7
27   8   -2.8   289.9   3483.7
27   9   -4.4   105.5   3465.2
27   10   -102.8   41.3   3475.5
27   11   -107.1   -349.2   3454.1
27   12   -76.8   -727.6   3555.1
27   13   91.1   36.8   3477.5
27   14   75.5   -353.8   3469.7
27   15   21.9   -733.7   3554.4
27   16   -366.6   193.9   3140.9
27   17   359.8   173.4   3132.0
27   18   6.2   600.2   3427.4
28   0   3.9   712.5   3418.6
28   1   4.0   523.9   3441.4
28   2   -143.9   516.2   3427.5
28   3   -253.0   307.3   3323.2
28   4   -412.1   166.2   3122.1
28   5   151.4   508.1   3429.5
28   6   267.4   311.2   3309.8
28   7   400.6   135.7   3114.9
28   8   -2.7   290.7   3484.5
28   9   -4.4   106.0   3466.6
28   10   -103.3   41.5   3476.6
28   11   -107.1   -350.3   3454.4
28   12   -76.1   -729.1   3555.2
28   13   91.6   36.8   3477.7
28   14   75.4   -355.2   3469.9
28   15   21.8   -735.7   3553.7
28   16   -385.6   189.7   3155.6
28   17   378.4   165.0   3147.4
28   18   6.2   600.0   3427.3
29   0   3.9   712.4   3418.6
29   1   4.0   523.8   3440.7
29   2   -144.7   516.2   3427.4
29   3   -261.1   307.7   3331.2
29   4   -429.6   163.6   3137.8
29   5   153.0   509.3   3427.2
29   6   272.3   307.4   3321.0
29   7   415.8   133.6   3129.7
29   8   -2.5   291.4   3484.6
29   9   -4.4   106.3   3468.3
29   10   -103.6   41.5   3477.7
29   11   -107.1   -351.0   3454.8
29   12   -75.9   -730.2   3555.2
29   13   92.0   36.9   3477.9
29   14   75.4   -355.9   3470.1
29   15   22.0   -737.0   3552.6
29   16   -401.5   187.6   3170.0
29   17   391.8   162.6   3161.5
29   18   6.2   599.8   3426.3
30   0   4.0   712.3   3417.7
30   1   4.1   523.7   3439.5
30   2   -145.4   516.0   3427.3
30   3   -265.0   307.3   3337.7
30   4   -442.7   162.7   3152.1
30   5   154.5   510.3   3424.5
30   6   274.1   306.0   3325.2
30   7   427.4   133.0   3140.7
30   8   -2.4   291.9   3484.4
30   9   -4.3   106.6   3470.1
30   10   -103.8   41.4   3479.2
30   11   -107.0   -354.0   3457.3
30   12   -75.2   -733.4   3555.9
30   13   92.5   36.9   3478.3
30   14   75.4   -358.6   3470.5
30   15   21.7   -739.6   3551.9
30   16   -413.1   186.8   3183.1
30   17   401.9   161.8   3171.5
30   18   6.2   599.6   3424.8
31   0   4.0   712.1   3416.6
31   1   4.1   523.5   3438.1
31   2   -146.1   515.7   3427.2
31   3   -266.7   307.2   3340.9
31   4   -449.3   160.7   3159.4
31   5   155.4   510.2   3422.3
31   6   275.1   305.2   3326.8
31   7   435.3   131.5   3147.3
31   8   -2.2   292.3   3484.2
31   9   -4.3   106.9   3471.4
31   10   -104.0   41.1   3479.8
31   11   -107.0   -357.3   3460.4
31   12   -74.5   -736.8   3556.6
31   13   92.8   37.0   3478.8
31   14   75.3   -361.4   3470.7
31   15   21.3   -742.2   3551.0
31   16   -418.8   185.2   3189.7
31   17   408.6   160.4   3177.2
31   18   6.2   599.4   3423.0
32   0   4.0   712.0   3414.7
32   1   4.2   523.5   3436.3
32   2   -146.6   515.4   3427.1
32   3   -267.4   306.7   3343.5
32   4   -451.4   158.6   3162.0
32   5   155.9   509.7   3419.9
32   6   276.0   304.1   3328.0
32   7   440.7   129.0   3151.6
32   8   -2.0   292.8   3483.8
32   9   -4.3   107.2   3472.3
32   10   -104.1   40.7   3480.0
32   11   -107.0   -360.6   3464.4
32   12   -73.2   -740.5   3557.0
32   13   93.1   36.9   3479.5
32   14   75.2   -364.2   3471.0
32   15   20.3   -744.5   3551.1
32   16   -420.7   183.3   3192.3
32   17   413.3   158.2   3181.0
32   18   6.2   599.2   3420.7
33   0   4.0   711.8   3411.5
33   1   4.2   523.4   3434.5
33   2   -147.1   515.1   3427.1
33   3   -267.9   306.4   3344.4
33   4   -451.7   156.3   3161.3
33   5   156.4   509.4   3419.6
33   6   277.0   303.4   3329.7
33   7   444.4   126.6   3154.7
33   8   -1.9   293.2   3483.5
33   9   -4.3   107.6   3472.6
33   10   -104.2   40.5   3480.1
33   11   -107.0   -362.6   3464.8
33   12   -72.7   -742.3   3556.8
33   13   93.4   37.1   3479.8
33   14   75.1   -365.7   3470.9
33   15   19.3   -745.4   3551.5
33   16   -421.0   181.3   3191.8
33   17   416.5   156.1   3183.9
33   18   6.2   599.1   3418.4
34   0   4.0   711.3   3407.3
34   1   4.2   523.2   3432.9
34   2   -147.5   514.9   3427.0
34   3   -268.3   305.8   3344.4
34   4   -450.2   154.7   3161.4
34   5   156.9   509.1   3419.6
34   6   277.8   302.2   3331.7
34   7   446.3   126.0   3158.4
34   8   -1.7   293.5   3483.3
34   9   -4.3   107.9   3472.5
34   10   -104.4   40.3   3480.1
34   11   -107.1   -361.5   3462.0
34   12   -72.8   -740.8   3555.6
34   13   93.9   37.4   3479.8
34   14   75.2   -364.3   3470.7
34   15   18.3   -743.8   3551.2
34   16   -419.9   179.9   3191.9
34   17   418.2   155.4   3187.3
34   18   6.2   598.8   3416.3
35   0   4.0   710.9   3404.6
35   1   4.3   523.0   3431.7
35   2   -147.9   514.6   3427.0
35   3   -268.9   305.2   3344.1
35   4   -448.3   153.6   3162.0
35   5   157.4   508.8   3420.2
35   6   278.0   300.5   3333.8
35   7   445.9   125.7   3161.7
35   8   -1.6   293.5   3483.1
35   9   -4.3   108.0   3472.1
35   10   -104.5   40.2   3480.0
35   11   -107.1   -359.3   3460.4
35   12   -73.0   -738.6   3554.6
35   13   94.2   37.5   3479.8
35   14   75.3   -361.9   3470.2
35   15   18.5   -741.6   3550.5
35   16   -418.4   178.8   3192.4
35   17   417.9   154.9   3190.4
35   18   6.2   598.5   3414.8
36   0   4.0   710.5   3403.1
36   1   4.3   522.6   3430.7
36   2   -148.3   514.4   3427.0
36   3   -269.4   304.9   3343.9
36   4   -446.9   153.4   3162.5
36   5   157.8   508.5   3420.4
36   6   278.5   299.1   3336.4
36   7   444.5   125.3   3164.4
36   8   -1.5   293.5   3483.0
36   9   -4.3   107.9   3471.7
36   10   -104.3   39.2   3479.9
36   11   -107.0   -359.6   3460.4
36   12   -73.1   -739.3   3554.3
36   13   94.3   37.4   3479.8
36   14   75.6   -361.4   3470.0
36   15   19.2   -741.5   3550.3
36   16   -417.3   178.7   3192.7
36   17   416.9   154.2   3193.1
36   18   6.2   598.1   3413.5
37   0   4.0   710.1   3402.4
37   1   4.3   522.2   3430.2
37   2   -148.7   514.2   3427.1
37   3   -269.6   304.8   3343.7
37   4   -446.1   153.5   3162.9
37   5   158.2   508.2   3420.6
37   6   279.0   298.2   3338.3
37   7   443.1   124.0   3166.9
37   8   -1.4   293.2   3482.8
37   9   -4.3   107.7   3471.3
37   10   -104.2   38.8   3479.9
37   11   -107.0   -358.7   3460.5
37   12   -73.2   -738.8   3554.0
37   13   94.5   37.3   3479.8
37   14   76.0   -360.2   3470.0
37   15   20.4   -740.8   3549.9
37   16   -416.7   178.7   3193.0
37   17   415.7   153.1   3195.5
37   18   6.2   597.6   3412.8
38   0   4.0   709.6   3402.2
38   1   4.3   521.8   3429.9
38   2   -149.1   514.0   3427.1
38   3   -269.7   304.7   3343.4
38   4   -445.5   153.7   3163.2
38   5   158.5   507.9   3420.8
38   6   279.3   298.0   3338.9
38   7   441.6   122.9   3168.2
38   8   -1.3   292.9   3482.7
38   9   -4.3   107.4   3470.8
38   10   -104.3   38.7   3479.8
38   11   -106.9   -357.9   3460.0
38   12   -73.4   -738.2   3553.2
38   13   94.6   37.3   3479.8
38   14   76.5   -359.2   3470.0
38   15   21.8   -740.3   3549.5
38   16   -416.2   178.9   3193.2
38   17   414.6   152.0   3196.6
38   18   6.2   597.2   3412.5
39   0   4.1   709.2   3402.3
39   1   4.3   521.3   3429.8
39   2   -149.4   513.8   3427.1
39   3   -269.7   304.5   3342.9
39   4   -445.3   153.7   3163.3
39   5   158.9   507.7   3420.9
39   6   279.7   297.9   3338.7
39   7   440.5   121.6   3168.8
39   8   -1.3   292.5   3482.6
39   9   -4.2   106.9   3470.5
39   10   -103.6   36.4   3479.8
39   11   -106.5   -360.7   3464.7
39   12   -73.4   -740.1   3553.2
39   13   94.5   36.1   3479.8
39   14   77.3   -360.8   3470.7
39   15   23.9   -740.1   3549.2
39   16   -416.1   178.9   3193.3
39   17   413.7   151.0   3197.1
39   18   6.2   596.7   3412.4
40   0   4.1   708.8   3402.5
40   1   4.4   520.9   3429.8
40   2   -149.7   513.6   3427.2
40   3   -269.7   304.4   3342.2
40   4   -446.5   152.6   3162.1
40   5   159.2   507.5   3421.3
40   6   279.7   297.7   3338.6
40   7   440.2   119.3   3167.9
40   8   -1.2   292.2   3482.5
40   9   -4.2   106.4   3470.2
40   10   -103.7   35.7   3479.8
40   11   -106.5   -362.2   3466.1
40   12   -73.5   -740.5   3553.5
40   13   94.6   35.4   3479.9
40   14   77.1   -362.3   3470.8
40   15   25.4   -740.5   3549.1
40   16   -417.0   177.9   3192.2
40   17   413.5   149.1   3196.3
40   18   6.2   596.3   3412.4
41   0   4.1   708.6   3402.7
41   1   4.4   520.6   3429.7
41   2   -150.0   513.5   3427.2
41   3   -269.6   304.3   3341.7
41   4   -448.1   151.3   3160.4
41   5   159.4   507.3   3421.7
41   6   279.7   297.6   3338.6
41   7   440.8   117.8   3165.9
41   8   -1.2   291.9   3482.4
41   9   -4.2   105.8   3470.0
41   10   -103.8   35.3   3479.8
41   11   -106.5   -363.3   3466.7
41   12   -73.5   -741.1   3553.7
41   13   94.7   35.1   3479.9
41   14   77.0   -363.3   3470.7
41   15   23.1   -740.6   3549.2
41   16   -418.4   176.8   3190.6
41   17   414.0   147.7   3194.7
41   18   6.2   596.1   3412.4
42   0   4.1   708.3   3402.9
42   1   4.4   520.3   3429.7
42   2   -150.2   513.4   3427.2
42   3   -269.4   304.3   3340.9
42   4   -449.7   150.0   3158.8
42   5   159.5   507.1   3422.1
42   6   279.7   297.4   3338.6
42   7   441.6   116.8   3163.6
42   8   -1.2   291.6   3482.2
42   9   -4.2   105.3   3469.9
42   10   -103.9   35.1   3479.7
42   11   -106.5   -362.3   3462.8
42   12   -73.9   -736.0   3553.3
42   13   94.9   35.1   3479.9
42   14   76.6   -362.2   3470.3
42   15   25.0   -736.5   3548.6
42   16   -419.7   175.7   3189.1
42   17   414.6   146.9   3192.8
42   18   6.2   595.8   3412.4
43   0   4.1   708.1   3403.1
43   1   4.4   520.1   3429.7
43   2   -150.3   513.3   3427.2
43   3   -269.2   304.3   3340.0
43   4   -451.1   148.9   3157.5
43   5   159.6   506.9   3422.6
43   6   279.7   297.3   3338.8
43   7   442.4   116.3   3161.8
43   8   -1.1   291.4   3482.0
43   9   -4.3   104.9   3469.7
43   10   -103.9   35.0   3479.6
43   11   -106.5   -360.6   3458.1
43   12   -74.1   -732.3   3553.2
43   13   95.0   35.2   3479.9
43   14   76.5   -360.5   3470.1
43   15   26.2   -734.1   3548.2
43   16   -420.8   174.8   3187.9
43   17   415.3   146.5   3191.3
43   18   6.2   595.5   3412.4
44   0   4.1   707.9   3403.2
44   1   4.4   519.8   3429.7
44   2   -150.5   513.2   3427.2
44   3   -268.9   304.3   3339.2
44   4   -452.1   148.0   3156.6
44   5   159.7   506.7   3423.0
44   6   279.8   297.0   3339.5
44   7   442.3   116.6   3159.6
44   8   -1.1   291.1   3481.9
44   9   -4.3   104.4   3469.5
44   10   -103.9   35.1   3479.5
44   11   -106.4   -358.7   3453.5
44   12   -74.3   -730.2   3552.6
44   13   95.3   35.8   3479.8
44   14   77.0   -358.3   3469.8
44   15   26.1   -732.6   3548.5
44   16   -421.6   174.1   3187.1
44   17   415.2   146.7   3189.6
44   18   6.2   595.3   3412.5
45   0   4.1   706.4   3403.3
45   1   4.4   519.5   3429.6
45   2   -150.7   513.1   3427.2
45   3   -268.5   304.4   3338.0
45   4   -452.9   147.3   3156.1
45   5   159.8   506.5   3423.5
45   6   280.0   296.6   3340.4
45   7   441.9   116.6   3158.3
45   8   -1.1   290.8   3481.7
45   9   -4.3   104.0   3469.3
45   10   -103.9   35.2   3479.3
45   11   -106.4   -356.8   3451.7
45   12   -74.4   -729.5   3552.4
45   13   95.6   36.5   3479.7
45   14   77.5   -355.9   3469.4
45   15   25.1   -731.4   3549.2
45   16   -422.2   173.5   3186.4
45   17   414.9   146.6   3188.7
45   18   6.2   595.0   3412.5
46   0   4.2   704.6   3403.5
46   1   4.4   519.2   3429.6
46   2   -150.8   513.0   3427.3
46   3   -268.4   304.3   3337.4
46   4   -453.4   146.9   3155.6
46   5   159.8   506.4   3423.9
46   6   280.3   296.2   3341.5
46   7   441.3   116.7   3157.5
46   8   -1.0   290.6   3481.4
46   9   -4.3   103.7   3469.1
46   10   -104.1   36.2   3478.8
46   11   -106.3   -354.4   3450.4
46   12   -74.8   -725.0   3551.0
46   13   96.1   38.0   3479.5
46   14   78.1   -353.0   3469.0
46   15   25.4   -726.3   3548.4
46   16   -422.6   173.1   3185.9
46   17   414.5   146.6   3188.1
46   18   6.2   594.8   3412.5
47   0   4.2   702.8   3403.7
47   1   4.4   518.9   3429.5
47   2   -150.9   513.0   3427.3
47   3   -268.5   304.2   3337.2
47   4   -453.6   146.7   3155.0
47   5   159.8   506.1   3424.3
47   6   280.6   295.6   3342.9
47   7   440.5   116.6   3156.8
47   8   -1.0   290.3   3481.2
47   9   -4.3   103.4   3468.8
47   10   -104.2   37.0   3478.3
47   11   -106.2   -352.4   3450.1
47   12   -75.3   -719.7   3549.5
47   13   96.2   38.9   3479.3
47   14   78.4   -350.9   3468.5
47   15   26.1   -720.9   3547.3
47   16   -422.7   172.9   3185.3
47   17   413.8   146.4   3187.8
47   18   6.2   594.5   3412.5
48   0   4.2   701.3   3403.9
48   1   4.4   518.7   3429.5
48   2   -151.0   512.9   3427.3
48   3   -268.6   304.1   3337.0
48   4   -453.6   146.5   3154.2
48   5   159.9   506.0   3424.7
48   6   280.7   295.4   3343.4
48   7   440.2   116.4   3156.3
48   8   -1.0   290.0   3481.0
48   9   -4.3   103.3   3468.6
48   10   -104.5   38.2   3477.5
48   11   -106.1   -350.4   3450.0
48   12   -75.7   -714.3   3548.1
48   13   96.0   39.4   3479.0
48   14   78.5   -349.6   3468.3
48   15   26.8   -716.0   3546.5
48   16   -422.7   172.8   3184.7
48   17   413.6   146.2   3187.5
48   18   6.2   594.2   3412.5
49   0   4.2   700.1   3404.0
49   1   4.4   518.5   3429.4
49   2   -151.1   512.9   3427.3
49   3   -268.7   304.0   3336.9
49   4   -453.7   146.3   3153.7
49   5   159.7   505.7   3425.1
49   6   280.8   295.2   3343.3
49   7   440.3   116.1   3155.9
49   8   -0.9   289.9   3480.7
49   9   -4.3   103.2   3468.4
49   10   -104.4   38.6   3476.6
49   11   -106.0   -349.5   3450.6
49   12   -75.7   -714.2   3548.2
49   13   95.8   39.6   3478.7
49   14   78.6   -348.9   3468.2
49   15   26.8   -715.7   3546.6
49   16   -422.9   172.6   3184.3
49   17   413.7   145.9   3187.2
49   18   6.2   594.1   3412.5
50   0   4.3   699.2   3404.1
50   1   4.5   518.3   3429.4
50   2   -151.1   512.9   3427.3
50   3   -268.8   303.8   3337.0
50   4   -453.8   146.0   3153.5
50   5   159.5   505.3   3425.5
50   6   280.8   295.1   3343.0
50   7   440.6   115.7   3155.7
50   8   -0.8   289.7   3480.5
50   9   -4.3   103.2   3468.1
50   10   -104.2   38.9   3475.5
50   11   -106.0   -349.2   3450.8
50   12   -75.5   -716.1   3548.7
50   13   95.5   39.8   3478.3
50   14   78.7   -348.5   3468.1
50   15   26.4   -717.6   3547.0
50   16   -423.0   172.3   3184.0
50   17   414.0   145.6   3186.9
50   18   6.2   593.9   3412.5
51   0   4.3   698.5   3404.1
51   1   4.5   518.2   3429.3
51   2   -151.2   512.8   3427.3
51   3   -268.9   303.7   3337.0
51   4   -453.9   145.7   3153.3
51   5   159.3   504.9   3425.8
51   6   280.9   295.0   3342.7
51   7   440.9   115.4   3155.4
51   8   -0.7   289.6   3480.2
51   9   -4.3   103.2   3467.9
51   10   -104.1   39.0   3474.3
51   11   -106.0   -349.3   3451.0
51   12   -75.3   -718.7   3549.4
51   13   95.3   39.9   3478.0
51   14   78.7   -348.6   3468.1
51   15   26.1   -720.2   3547.5
51   16   -423.1   172.1   3183.9
51   17   414.2   145.3   3186.6
51   18   6.2   593.8   3412.5
52   0   4.3   698.0   3404.2
52   1   4.5   518.1   3429.2
52   2   -151.2   512.8   3427.3
52   3   -268.9   303.6   3337.0
52   4   -454.1   145.4   3153.2
52   5   159.3   504.8   3426.2
52   6   280.8   295.1   3342.2
52   7   441.0   115.1   3155.1
52   8   -0.6   289.5   3479.9
52   9   -4.3   103.3   3467.7
52   10   -103.9   39.0   3472.8
52   11   -106.0   -349.5   3451.1
52   12   -75.1   -721.3   3550.2
52   13   95.1   40.0   3477.5
52   14   78.7   -348.8   3468.1
52   15   26.1   -722.7   3548.0
52   16   -423.2   171.8   3183.8
52   17   414.3   145.1   3186.3
52   18   6.2   593.8   3412.5
53   0   4.3   697.7   3404.2
53   1   4.5   518.0   3429.2
53   2   -151.2   512.8   3427.3
53   3   -269.0   303.5   3336.9
53   4   -454.1   145.0   3153.1
53   5   159.2   504.8   3426.6
53   6   280.6   295.0   3342.3
53   7   440.7   115.0   3154.7
53   8   -0.6   289.5   3479.5
53   9   -4.3   103.4   3467.4
53   10   -103.8   39.2   3470.9
53   11   -106.0   -349.6   3451.1
53   12   -74.9   -723.5   3550.8
53   13   94.9   40.1   3476.7
53   14   78.7   -348.8   3468.0
53   15   25.9   -724.9   3548.6
53   16   -423.3   171.4   3183.7
53   17   414.1   145.0   3185.9
53   18   6.2   593.8   3412.5
54   0   4.4   697.4   3404.3
54   1   4.5   518.0   3429.1
54   2   -151.2   512.8   3427.3
54   3   -269.0   303.4   3336.9
54   4   -454.2   144.6   3153.0
54   5   159.2   504.7   3426.6
54   6   280.5   294.8   3342.2
54   7   440.4   114.6   3154.2
54   8   -0.6   289.4   3479.2
54   9   -4.3   103.5   3467.2
54   10   -103.6   39.3   3470.3
54   11   -106.0   -349.5   3451.1
54   12   -74.8   -725.3   3551.2
54   13   94.7   40.2   3476.3
54   14   78.6   -348.7   3467.9
54   15   25.8   -726.6   3549.2
54   16   -423.3   171.0   3183.7
54   17   413.7   144.7   3185.5
54   18   6.2   593.7   3412.5
55   0   4.4   697.2   3404.3
55   1   4.5   517.9   3429.0
55   2   -151.1   512.8   3427.3
55   3   -269.0   303.4   3336.8
55   4   -454.3   144.1   3152.9
55   5   159.1   504.7   3426.6
55   6   280.3   294.6   3342.1
55   7   439.6   114.1   3153.5
55   8   -0.6   289.4   3478.9
55   9   -4.3   103.7   3466.9
55   10   -103.4   39.4   3470.1
55   11   -106.0   -349.4   3451.1
55   12   -74.7   -726.7   3551.5
55   13   94.5   40.2   3476.2
55   14   78.6   -348.6   3467.8
55   15   25.6   -727.9   3549.9
55   16   -423.4   170.6   3183.6
55   17   413.0   144.2   3184.9
55   18   6.2   593.7   3412.5
56   0   4.4   697.0   3404.4
56   1   4.5   517.9   3428.9
56   2   -151.1   512.8   3427.3
56   3   -269.1   303.4   3336.6
56   4   -454.4   143.6   3152.9
56   5   159.1   504.6   3426.2
56   6   280.2   294.3   3341.9
56   7   438.4   113.2   3152.5
56   8   -0.7   289.4   3478.6
56   9   -4.3   103.9   3466.6
56   10   -103.3   39.5   3470.1
56   11   -106.0   -349.3   3451.1
56   12   -74.7   -727.8   3551.7
56   13   94.3   40.3   3476.1
56   14   78.5   -348.5   3467.8
56   15   25.4   -728.9   3550.4
56   16   -423.5   170.2   3183.5
56   17   412.0   143.4   3184.1
56   18   6.2   593.7   3412.5
57   0   4.4   696.9   3404.4
57   1   4.4   517.8   3428.9
57   2   -151.1   512.8   3427.3
57   3   -269.1   303.4   3336.5
57   4   -454.7   143.3   3152.8
57   5   159.1   504.5   3426.1
57   6   279.8   294.0   3341.7
57   7   436.3   112.2   3151.3
57   8   -0.8   289.4   3478.2
57   9   -4.3   104.0   3466.4
57   10   -103.2   39.5   3470.2
57   11   -106.0   -349.3   3451.1
57   12   -74.6   -728.7   3551.9
57   13   94.2   40.4   3476.1
57   14   78.4   -348.5   3467.8
57   15   25.1   -729.7   3550.9
57   16   -423.7   170.0   3183.4
57   17   410.2   142.5   3183.0
57   18   6.2   593.7   3412.5
58   0   4.4   696.8   3404.4
58   1   4.4   517.8   3428.8
58   2   -151.1   512.9   3427.3
58   3   -269.1   303.4   3336.3
58   4   -455.0   143.2   3152.7
58   5   159.0   504.5   3426.1
58   6   279.4   293.8   3341.4
58   7   433.3   111.0   3149.6
58   8   -0.9   289.4   3477.9
58   9   -4.3   104.2   3465.9
58   10   -103.1   39.6   3470.2
58   11   -106.0   -349.2   3451.2
58   12   -74.6   -729.3   3552.1
58   13   94.1   40.5   3476.0
58   14   78.1   -348.4   3467.8
58   15   24.9   -730.3   3551.4
58   16   -424.0   169.9   3183.3
58   17   407.7   141.5   3181.6
58   18   6.2   593.7   3412.5
59   0   4.4   696.7   3404.4
59   1   4.4   517.7   3428.7
59   2   -151.1   512.9   3427.2
59   3   -269.1   303.4   3336.1
59   4   -455.3   143.3   3152.6
59   5   159.0   504.5   3426.0
59   6   279.0   293.5   3341.3
59   7   431.8   110.5   3148.7
59   8   -1.0   289.3   3477.5
59   9   -4.3   104.3   3465.5
59   10   -103.0   39.8   3470.2
59   11   -106.0   -349.0   3451.2
59   12   -74.8   -729.8   3552.3
59   13   94.0   40.6   3476.0
59   14   77.8   -348.2   3467.8
59   15   24.8   -730.7   3552.4
59   16   -424.2   170.0   3183.2
59   17   406.3   141.0   3180.8
59   18   6.2   593.7   3412.5
60   0   4.4   696.6   3404.5
60   1   4.4   517.7   3428.6
60   2   -151.1   512.9   3427.2
60   3   -269.2   303.3   3336.2
60   4   -455.5   143.5   3152.6
60   5   159.1   504.6   3426.0
60   6   278.5   293.2   3341.2
60   7   430.6   110.5   3147.7
60   8   -1.1   289.3   3477.2
60   9   -4.3   104.4   3465.2
60   10   -103.0   39.9   3470.3
60   11   -98.1   -348.3   3479.4
60   12   -74.5   -735.4   3553.9
60   13   94.0   40.7   3476.0
60   14   77.3   -348.1   3467.8
60   15   24.7   -731.0   3553.5
60   16   -424.5   170.1   3183.2
60   17   405.2   141.0   3179.9
60   18   6.2   593.7   3412.5
61   0   4.4   696.6   3404.5
61   1   4.4   517.6   3428.6
61   2   -151.1   512.9   3427.2
61   3   -269.2   303.3   3336.1
61   4   -455.8   143.7   3152.5
61   5   159.1   504.7   3426.0
61   6   277.9   292.9   3341.1
61   7   429.6   110.9   3146.6
61   8   -1.2   289.2   3476.9
61   9   -4.3   104.4   3465.1
61   10   -103.0   40.0   3470.3
61   11   -93.8   -347.9   3494.8
61   12   -74.3   -738.7   3555.0
61   13   93.9   40.7   3476.0
61   14   76.8   -348.1   3467.9
61   15   24.7   -731.3   3555.0
61   16   -424.7   170.3   3183.1
61   17   404.3   141.2   3179.0
61   18   6.2   593.7   3412.5
62   0   4.4   696.5   3404.5
62   1   4.3   517.6   3428.5
62   2   -151.1   512.9   3427.1
62   3   -269.2   303.3   3336.0
62   4   -456.0   143.6   3152.5
62   5   159.2   504.9   3426.1
62   6   277.6   292.9   3341.1
62   7   430.2   111.4   3146.6
62   8   -1.2   289.2   3476.5
62   9   -4.3   104.4   3465.0
62   10   -103.0   40.0   3470.3
62   11   -91.8   -347.8   3501.9
62   12   -74.2   -740.5   3555.5
62   13   93.8   40.6   3476.0
62   14   76.4   -348.3   3467.9
62   15   24.6   -731.8   3555.6
62   16   -424.9   170.2   3183.1
62   17   404.7   141.6   3179.0
62   18   6.2   593.7   3412.5
63   0   4.4   696.5   3404.6
63   1   4.3   517.5   3428.4
63   2   -151.1   512.9   3427.1
63   3   -269.2   303.3   3335.8
63   4   -456.0   143.4   3152.3
63   5   159.2   504.9   3426.1
63   6   277.5   292.8   3341.1
63   7   430.5   111.6   3146.5
63   8   -1.3   289.1   3476.1
63   9   -4.3   104.4   3464.9
63   10   -103.0   40.0   3470.3
63   11   -91.0   -347.9   3504.6
63   12   -74.2   -741.5   3555.7
63   13   93.7   40.4   3476.1
63   14   75.6   -348.6   3467.8
63   15   24.6   -732.7   3555.5
63   16   -424.8   170.1   3182.9
63   17   405.0   141.8   3178.9
63   18   6.2   593.7   3412.5
64   0   4.4   696.5   3404.6
64   1   4.3   517.5   3428.3
64   2   -151.1   512.9   3427.1
64   3   -269.2   303.2   3335.5
64   4   -455.7   143.2   3151.8
64   5   159.2   504.9   3426.1
64   6   277.6   292.6   3341.1
64   7   430.6   111.8   3146.0
64   8   -1.3   288.9   3475.6
64   9   -4.3   104.4   3464.9
64   10   -103.0   40.1   3470.4
64   11   -90.9   -348.2   3505.2
64   12   -74.1   -742.0   3555.8
64   13   93.6   40.2   3476.1
64   14   74.8   -349.2   3467.8
64   15   24.7   -733.7   3554.4
64   16   -424.7   169.8   3182.4
64   17   405.1   142.0   3178.5
64   18   6.2   593.7   3412.5
65   0   4.4   696.4   3404.6
65   1   4.3   517.4   3428.1
65   2   -151.1   512.9   3427.0
65   3   -269.2   303.0   3335.3
65   4   -455.5   142.8   3151.2
65   5   159.1   504.8   3426.1
65   6   277.7   292.4   3341.0
65   7   430.9   112.0   3145.4
65   8   -1.4   288.8   3475.1
65   9   -4.3   104.3   3464.9
65   10   -103.1   40.1   3470.4
65   11   -99.0   -349.9   3481.4
65   12   -74.1   -738.9   3555.0
65   13   93.3   39.6   3476.1
65   14   73.7   -350.6   3467.9
65   15   24.6   -735.5   3554.0
65   16   -424.4   169.5   3181.9
65   17   405.4   142.1   3178.0
65   18   6.2   593.7   3412.5
66   0   4.4   696.4   3404.6
66   1   4.3   517.3   3428.0
66   2   -151.1   512.9   3427.0
66   3   -269.3   302.8   3335.1
66   4   -455.1   142.2   3150.3
66   5   159.1   504.7   3426.1
66   6   277.9   292.2   3340.9
66   7   431.4   112.0   3144.7
66   8   -1.4   288.7   3474.6
66   9   -4.3   104.2   3464.8
66   10   -103.1   40.0   3470.5
66   11   -103.4   -353.8   3471.5
66   12   -73.9   -739.4   3555.0
66   13   92.7   38.4   3476.1
66   14   73.3   -355.1   3468.4
66   15   24.2   -738.8   3553.7
66   16   -424.1   168.9   3181.1
66   17   405.8   142.0   3177.4
66   18   6.2   593.7   3412.5
