2   0   38.4   472.7   3610.9
2   1   32.2   307.9   3598.1
2   2   -114.4   300.5   3583.7
2   3   -138.3   101.3   3484.6
2   4   48.5   248.6   3425.4
2   5   175.9   290.8   3619.0
2   6   187.5   113.8   3482.7
2   7   19.4   276.9   3410.2
2   8   23.7   109.2   3629.0
2   9   20.1   -58.2   3637.9
2   10   -80.1   -168.1   3672.2
2   11   -61.3   -500.3   3639.8
2   12   -11.2   -837.8   3680.4
2   13   116.0   -165.6   3678.5
2   14   65.2   -495.0   3651.7
2   15   27.5   -833.5   3696.7
2   16   17.4   224.0   3435.2
2   17   47.4   249.7   3422.2
2   18   35.0   374.4   3587.7
3   0   38.1   476.8   3609.6
3   1   33.0   311.9   3599.5
3   2   -112.4   303.4   3581.1
3   3   -138.1   102.5   3486.6
3   4   43.6   251.9   3420.5
3   5   176.5   293.9   3617.5
3   6   189.3   112.9   3487.8
3   7   23.8   275.0   3409.0
3   8   24.0   113.1   3632.5
3   9   20.3   -54.0   3643.0
3   10   -78.6   -164.1   3672.2
3   11   -67.2   -496.4   3643.6
3   12   -12.5   -832.7   3676.0
3   13   115.4   -161.8   3678.7
3   14   70.6   -491.7   3652.9
3   15   28.2   -829.4   3693.0
3   16   13.3   227.0   3431.5
3   17   51.4   248.0   3422.1
3   18   36.0   378.3   3588.5
4   0   36.6   487.4   3606.4
4   1   34.7   322.8   3604.1
4   2   -106.8   310.8   3575.7
4   3   -138.0   108.1   3487.4
4   4   34.9   259.7   3407.3
4   5   176.6   301.0   3613.7
4   6   195.2   111.8   3499.4
4   7   33.6   268.7   3406.2
4   8   24.4   124.3   3643.7
4   9   20.7   -42.0   3657.8
4   10   -73.0   -152.4   3672.9
4   11   -63.4   -485.0   3655.2
4   12   -15.0   -819.8   3665.4
4   13   110.5   -152.0   3679.2
4   14   76.4   -483.0   3659.3
4   15   33.1   -818.6   3679.4
4   16   6.1   234.4   3420.7
4   17   60.6   242.5   3421.7
4   18   38.1   388.8   3591.0
5   0   34.5   499.0   3603.9
5   1   36.6   335.6   3609.7
5   2   -100.8   319.7   3573.3
5   3   -138.0   116.4   3488.4
5   4   29.8   268.0   3396.7
5   5   175.5   308.8   3610.4
5   6   199.7   111.8   3510.4
5   7   42.1   263.2   3401.8
5   8   25.1   136.8   3655.8
5   9   21.2   -28.4   3673.2
5   10   -67.2   -139.5   3673.7
5   11   -60.1   -472.7   3667.0
5   12   -17.7   -804.2   3659.0
5   13   105.1   -142.0   3680.3
5   14   79.3   -474.0   3669.4
5   15   40.0   -805.8   3662.8
5   16   1.8   242.8   3412.0
5   17   68.4   237.9   3419.9
5   18   40.4   401.2   3594.5
6   0   33.0   505.1   3603.7
6   1   37.9   343.0   3613.2
6   2   -96.3   325.1   3571.3
6   3   -138.3   122.0   3487.9
6   4   27.7   273.9   3391.7
6   5   174.5   313.8   3608.8
6   6   200.0   112.7   3515.6
6   7   44.8   260.5   3397.8
6   8   26.3   143.8   3660.6
6   9   21.8   -20.6   3679.0
6   10   -65.6   -132.3   3673.3
6   11   -59.2   -465.8   3674.0
6   12   -19.0   -793.3   3654.7
6   13   103.0   -137.1   3680.8
6   14   85.5   -470.1   3679.8
6   15   43.5   -796.6   3653.4
6   16   0.1   248.6   3407.8
6   17   70.7   235.9   3417.4
6   18   41.8   408.5   3597.7
7   0   32.2   506.7   3605.0
7   1   38.7   345.5   3614.3
7   2   -93.7   327.9   3568.7
7   3   -138.6   124.2   3487.8
7   4   26.4   276.6   3389.6
7   5   173.9   316.3   3608.8
7   6   199.3   113.7   3517.4
7   7   45.1   260.3   3395.8
7   8   27.6   145.9   3659.3
7   9   22.4   -18.0   3676.8
7   10   -66.4   -133.7   3672.7
7   11   -65.4   -467.4   3677.9
7   12   -18.3   -790.2   3652.1
7   13   104.3   -138.6   3681.2
7   14   97.9   -469.4   3650.4
7   15   43.7   -790.0   3654.5
7   16   -1.1   251.2   3405.9
7   17   70.8   235.9   3416.1
7   18   42.4   411.2   3599.6
8   0   32.0   506.0   3606.8
8   1   39.1   345.4   3614.3
8   2   -92.7   328.8   3568.6
8   3   -138.7   125.1   3488.1
8   4   25.5   277.5   3388.3
8   5   173.9   317.6   3609.7
8   6   197.9   115.3   3517.0
8   7   44.4   261.7   3393.8
8   8   28.6   145.6   3656.2
8   9   22.8   -18.1   3671.6
8   10   -69.3   -134.4   3672.1
8   11   -66.1   -468.2   3678.5
8   12   -17.7   -788.0   3652.0
8   13   106.5   -140.5   3681.8
8   14   94.7   -472.5   3667.9
8   15   43.5   -791.3   3656.0
8   16   -1.9   252.1   3404.9
8   17   70.0   237.3   3414.3
8   18   42.6   411.3   3600.5
9   0   32.0   504.4   3607.8
9   1   39.2   344.1   3614.0
9   2   -92.7   328.9   3569.7
9   3   -138.7   125.4   3488.7
9   4   24.7   277.7   3387.4
9   5   174.2   318.3   3610.1
9   6   197.3   116.7   3515.6
9   7   43.4   262.8   3392.7
9   8   29.0   144.5   3653.6
9   9   23.0   -19.1   3667.0
9   10   -72.4   -132.9   3671.8
9   11   -62.5   -466.6   3678.3
9   12   -16.8   -788.0   3653.2
9   13   107.9   -141.4   3682.3
9   14   101.7   -473.5   3656.6
9   15   42.5   -792.6   3659.7
9   16   -2.5   252.3   3404.3
9   17   69.0   238.4   3413.2
9   18   42.5   410.1   3600.9
10   0   32.1   502.4   3608.5
10   1   39.1   342.4   3613.6
10   2   -92.8   328.6   3570.4
10   3   -138.6   125.3   3488.9
10   4   24.4   277.4   3386.8
10   5   174.1   318.1   3610.1
10   6   196.9   116.7   3515.2
10   7   43.2   263.0   3392.3
10   8   29.2   142.9   3651.7
10   9   23.1   -20.5   3663.9
10   10   -73.7   -131.8   3671.6
10   11   -62.2   -465.3   3663.8
10   12   -15.9   -786.6   3653.7
10   13   108.4   -141.5   3682.4
10   14   108.5   -468.8   3624.2
10   15   44.1   -783.0   3662.8
10   16   -2.8   252.1   3403.8
10   17   68.8   238.6   3412.8
10   18   42.4   408.5   3601.0
11   0   32.2   500.6   3609.1
11   1   39.0   340.5   3613.3
11   2   -92.9   328.2   3570.7
11   3   -138.5   125.0   3488.8
11   4   24.4   277.2   3386.7
11   5   174.2   318.0   3609.9
11   6   196.8   116.6   3515.0
11   7   43.1   262.9   3392.1
11   8   29.1   141.3   3650.6
11   9   23.1   -22.0   3662.1
11   10   -73.9   -131.1   3671.4
11   11   -68.1   -462.5   3637.2
11   12   -16.5   -780.7   3653.2
11   13   108.5   -141.0   3682.5
11   14   103.3   -471.6   3651.2
11   15   43.4   -787.1   3662.8
11   16   -2.8   251.8   3403.7
11   17   68.7   238.5   3412.6
11   18   42.3   406.7   3601.0
12   0   32.2   499.1   3609.3
12   1   38.9   338.9   3613.2
12   2   -93.0   328.0   3570.8
12   3   -138.5   124.9   3488.7
12   4   24.6   276.9   3386.7
12   5   174.3   318.0   3608.7
12   6   197.3   116.1   3514.9
12   7   43.4   262.2   3392.1
12   8   29.0   140.1   3650.0
12   9   23.1   -23.2   3661.3
12   10   -73.3   -131.2   3671.2
12   11   -66.2   -463.9   3652.3
12   12   -17.0   -781.3   3652.5
12   13   108.2   -140.4   3682.4
12   14   93.3   -472.5   3671.3
12   15   43.7   -789.0   3662.1
12   16   -2.6   251.6   3403.7
12   17   69.1   237.8   3412.5
12   18   42.2   405.1   3600.9
13   0   32.2   497.7   3609.4
13   1   38.8   337.5   3613.1
13   2   -92.9   327.9   3570.9
13   3   -138.7   124.9   3488.6
13   4   24.5   276.5   3386.4
13   5   174.3   318.0   3606.4
13   6   199.6   115.3   3515.0
13   7   45.2   261.0   3392.4
13   8   28.9   138.9   3649.6
13   9   23.0   -24.3   3660.9
13   10   -72.0   -132.3   3671.1
13   11   -63.7   -465.8   3663.4
13   12   -17.1   -782.2   3652.6
13   13   107.7   -140.0   3682.4
13   14   90.0   -473.2   3679.6
13   15   42.7   -789.3   3663.8
13   16   -2.7   251.2   3403.4
13   17   70.9   236.8   3412.8
13   18   42.0   403.7   3600.9
14   0   32.2   496.3   3609.4
14   1   38.6   336.2   3613.0
14   2   -92.9   327.8   3570.9
14   3   -139.5   125.0   3488.6
14   4   23.9   275.7   3385.4
14   5   174.3   318.2   3602.8
14   6   216.3   119.3   3510.6
14   7   50.3   257.3   3395.5
14   8   28.8   137.7   3649.3
14   9   22.9   -25.3   3660.8
14   10   -71.0   -132.8   3671.0
14   11   -69.7   -466.0   3651.4
14   12   -17.3   -780.5   3653.2
14   13   107.1   -139.7   3682.3
14   14   92.2   -470.5   3649.8
14   15   41.9   -782.9   3670.6
14   16   -3.3   250.6   3402.6
14   17   77.9   234.3   3414.7
14   18   41.9   402.4   3600.8
15   0   32.2   494.9   3609.4
15   1   38.5   334.9   3612.9
15   2   -92.8   327.7   3571.1
15   3   -146.7   126.6   3489.4
15   4   25.1   263.3   3381.5
15   5   174.3   318.4   3602.8
15   6   248.3   148.0   3486.3
15   7   54.6   263.5   3398.9
15   8   28.5   134.5   3649.4
15   9   22.8   -28.4   3661.0
15   10   -70.6   -132.3   3671.0
15   11   -68.8   -466.1   3664.1
15   12   -17.5   -779.6   3653.1
15   13   106.6   -139.3   3682.3
15   14   89.7   -471.6   3666.0
15   15   40.1   -784.5   3672.3
15   16   -3.6   240.5   3399.5
15   17   86.8   244.2   3413.5
15   18   41.8   401.1   3600.8
16   0   32.2   493.9   3609.4
16   1   38.4   334.1   3612.9
16   2   -93.1   327.5   3574.4
16   3   -167.9   132.6   3497.3
16   4   -0.7   204.1   3348.6
16   5   174.1   318.8   3604.1
16   6   282.1   206.5   3458.1
16   7   65.7   294.4   3395.0
16   8   28.3   131.3   3649.7
16   9   22.6   -31.6   3661.4
16   10   -70.2   -132.1   3671.0
16   11   -73.1   -464.7   3645.4
16   12   -18.0   -776.5   3653.5
16   13   106.3   -139.0   3682.2
16   14   90.8   -472.3   3677.8
16   15   38.2   -784.7   3676.4
16   16   -28.6   192.3   3373.4
16   17   101.8   279.7   3405.5
16   18   41.7   400.3   3600.8
17   0   32.1   493.2   3609.2
17   1   38.3   333.7   3612.9
17   2   -93.5   327.2   3581.6
17   3   -199.8   141.7   3528.3
17   4   -72.3   116.3   3346.2
17   5   173.9   319.6   3606.2
17   6   311.6   274.9   3449.1
17   7   110.4   343.0   3341.0
17   8   28.1   128.7   3650.2
17   9   22.5   -34.1   3661.8
17   10   -69.9   -131.8   3670.5
17   11   -66.9   -465.1   3662.7
17   12   -17.7   -777.3   3655.1
17   13   106.0   -138.8   3682.0
17   14   90.8   -472.6   3684.8
17   15   38.5   -784.7   3675.2
17   16   -93.5   120.6   3376.5
17   17   143.9   331.7   3359.0
17   18   41.6   400.0   3600.8
18   0   32.1   493.4   3607.0
18   1   38.2   334.1   3612.5
18   2   -93.4   327.3   3586.1
18   3   -231.4   158.2   3566.6
18   4   -133.7   51.4   3386.1
18   5   173.8   321.3   3604.4
18   6   334.5   335.1   3457.4
18   7   173.2   381.9   3294.1
18   8   27.8   127.5   3650.5
18   9   22.4   -35.3   3662.1
18   10   -69.4   -131.0   3669.5
18   11   -75.0   -462.8   3640.8
18   12   -16.8   -771.6   3660.0
18   13   105.2   -138.3   3681.6
18   14   89.2   -472.1   3687.9
18   15   40.4   -784.1   3669.5
18   16   -150.0   69.2   3416.2
18   17   200.0   374.1   3321.3
18   18   41.5   400.3   3600.3
19   0   32.3   494.4   3596.6
19   1   38.1   335.5   3610.5
19   2   -92.9   328.6   3587.9
19   3   -249.9   172.4   3596.0
19   4   -181.2   5.0   3437.7
19   5   175.3   327.2   3602.5
19   6   343.9   370.8   3460.0
19   7   192.3   405.9   3275.5
19   8   27.8   129.5   3650.0
19   9   22.4   -33.3   3661.9
19   10   -68.9   -129.8   3667.8
19   11   -77.1   -462.1   3637.6
19   12   -12.1   -771.4   3669.9
19   13   103.9   -137.9   3681.0
19   14   88.6   -471.9   3688.1
19   15   41.0   -786.0   3664.0
19   16   -192.7   32.8   3464.1
19   17   217.5   400.0   3306.3
19   18   41.5   401.6   3597.8
20   0   32.6   496.3   3584.6
20   1   38.1   338.3   3607.1
20   2   -92.3   331.7   3588.2
20   3   -256.2   179.8   3606.3
20   4   -198.0   -21.0   3472.6
20   5   176.2   334.0   3601.1
20   6   343.7   387.4   3456.7
20   7   196.0   415.6   3263.2
20   8   27.8   134.0   3649.3
20   9   22.4   -28.8   3661.5
20   10   -68.3   -128.3   3665.3
20   11   -80.6   -460.7   3633.6
20   12   -6.0   -766.7   3682.0
20   13   102.3   -137.6   3680.6
20   14   89.0   -470.0   3659.5
20   15   43.1   -784.6   3663.0
20   16   -207.7   12.4   3494.8
20   17   220.6   410.9   3295.4
20   18   41.4   404.2   3593.5
21   0   32.8   499.5   3575.5
21   1   38.1   342.4   3603.3
21   2   -91.1   335.2   3587.8
21   3   -256.0   183.7   3609.4
21   4   -208.2   -31.2   3487.9
21   5   176.1   340.4   3599.8
21   6   338.5   390.0   3449.4
21   7   189.8   423.6   3256.1
21   8   28.0   140.1   3648.2
21   9   22.5   -22.6   3660.9
21   10   -67.7   -127.1   3662.0
21   11   -84.6   -458.6   3622.5
21   12   -4.6   -762.0   3678.4
21   13   100.7   -137.4   3680.2
21   14   103.6   -462.5   3615.6
21   15   45.6   -769.0   3664.5
21   16   -216.2   4.6   3508.2
21   17   214.6   418.0   3288.3
21   18   41.4   408.1   3588.7
22   0   32.9   503.2   3570.4
22   1   38.1   346.9   3600.1
22   2   -89.4   337.9   3587.3
22   3   -253.1   185.4   3609.5
22   4   -211.6   -32.3   3491.8
22   5   174.1   343.3   3599.1
22   6   333.8   387.8   3445.7
22   7   180.0   426.8   3257.7
22   8   28.2   146.3   3646.9
22   9   22.7   -16.3   3660.1
22   10   -67.2   -126.7   3659.9
22   11   -89.6   -455.7   3606.2
22   12   -6.2   -756.4   3669.1
22   13   99.5   -137.5   3679.8
22   14   110.7   -462.9   3608.7
22   15   45.2   -767.2   3669.1
22   16   -218.5   4.0   3511.4
22   17   205.6   420.3   3289.1
22   18   41.3   412.4   3584.8
23   0   32.8   507.5   3567.9
23   1   38.0   350.8   3597.8
23   2   -87.7   339.8   3586.9
23   3   -249.7   186.1   3608.9
23   4   -211.4   -30.6   3491.7
23   5   171.7   344.3   3598.2
23   6   328.9   383.8   3442.4
23   7   174.1   429.6   3257.2
23   8   28.4   151.6   3645.6
23   9   22.8   -11.0   3659.3
23   10   -67.2   -126.0   3657.8
23   11   -89.5   -456.0   3610.0
23   12   -5.0   -756.9   3666.3
23   13   99.2   -137.1   3679.6
23   14   117.4   -459.0   3592.1
23   15   46.7   -757.2   3673.2
23   16   -217.8   5.5   3511.2
23   17   199.9   422.0   3288.1
23   18   41.2   416.3   3582.1
24   0   32.5   511.2   3566.9
24   1   38.0   353.6   3596.3
24   2   -86.4   341.1   3586.5
24   3   -247.3   186.5   3608.0
24   4   -211.0   -29.2   3491.9
24   5   169.7   344.8   3597.4
24   6   323.7   379.6   3438.1
24   7   170.1   431.4   3253.8
24   8   28.5   155.3   3644.3
24   9   22.9   -7.2   3658.6
24   10   -67.7   -124.2   3655.6
24   11   -80.8   -456.3   3641.8
24   12   -2.9   -761.0   3666.2
24   13   99.8   -135.5   3679.3
24   14   112.7   -463.6   3637.2
24   15   44.9   -767.5   3673.0
24   16   -217.1   6.7   3511.2
24   17   195.7   422.7   3284.5
24   18   41.1   419.1   3580.4
25   0   32.3   513.8   3566.6
25   1   37.9   355.2   3595.1
25   2   -85.8   341.8   3586.3
25   3   -245.9   186.8   3607.3
25   4   -210.3   -27.5   3490.8
25   5   168.4   344.8   3596.4
25   6   318.0   377.0   3432.9
25   7   166.1   428.6   3247.2
25   8   28.6   157.6   3643.4
25   9   23.0   -4.8   3658.0
25   10   -69.5   -119.3   3652.7
25   11   -72.1   -452.3   3660.0
25   12   -2.8   -760.0   3666.2
25   13   102.0   -131.2   3678.6
25   14   102.7   -462.9   3665.5
25   15   45.5   -771.2   3672.0
25   16   -216.2   8.2   3510.2
25   17   191.5   420.0   3278.2
25   18   40.9   420.6   3579.2
26   0   32.1   515.4   3566.7
26   1   37.8   356.0   3594.2
26   2   -85.4   342.2   3586.1
26   3   -245.1   186.9   3606.9
26   4   -209.6   -26.1   3489.7
26   5   167.6   344.6   3595.4
26   6   310.7   375.2   3426.3
26   7   163.8   421.3   3235.7
26   8   28.7   158.9   3642.6
26   9   23.0   -3.5   3657.5
26   10   -69.9   -116.5   3651.5
26   11   -88.7   -448.6   3641.0
26   12   -6.7   -751.6   3664.1
26   13   101.7   -129.9   3677.0
26   14   94.5   -463.3   3678.3
26   15   45.7   -774.3   3671.5
26   16   -215.6   9.4   3509.2
26   17   188.3   413.6   3267.5
26   18   40.8   421.4   3578.2
27   0   32.0   516.5   3566.9
27   1   37.7   356.3   3593.5
27   2   -85.3   342.4   3585.9
27   3   -244.8   186.9   3606.7
27   4   -209.2   -24.9   3488.2
27   5   167.0   344.4   3594.4
27   6   305.2   373.7   3421.0
27   7   159.0   406.6   3227.4
27   8   28.7   159.7   3641.9
27   9   22.9   -2.7   3657.2
27   10   -69.4   -114.0   3651.1
27   11   -91.6   -446.0   3629.5
27   12   -8.7   -748.0   3663.5
27   13   102.6   -125.9   3674.5
27   14   91.8   -459.9   3683.3
27   15   46.0   -771.8   3671.4
27   16   -215.1   10.4   3508.0
27   17   183.4   401.1   3259.7
27   18   40.7   421.6   3577.3
28   0   31.9   517.2   3567.1
28   1   37.6   356.3   3592.8
28   2   -85.2   342.4   3585.8
28   3   -244.8   187.1   3606.6
28   4   -208.3   -23.8   3487.1
28   5   166.6   344.2   3593.2
28   6   298.6   372.0   3414.9
28   7   166.3   376.5   3210.7
28   8   28.8   160.1   3641.3
28   9   22.9   -2.3   3656.8
28   10   -69.3   -113.2   3651.0
28   11   -89.1   -449.3   3642.3
28   12   -8.7   -752.9   3665.4
28   13   99.6   -128.2   3672.8
28   14   90.1   -465.6   3684.0
28   15   45.1   -777.7   3671.2
28   16   -214.4   11.4   3507.0
28   17   188.3   375.8   3244.8
28   18   40.5   421.7   3576.6
29   0   31.8   517.7   3567.2
29   1   37.5   356.3   3592.1
29   2   -85.2   342.5   3585.7
29   3   -244.8   187.1   3605.5
29   4   -205.1   -16.2   3475.3
29   5   166.3   344.0   3592.0
29   6   281.9   365.4   3402.5
29   7   193.0   331.3   3182.9
29   8   28.8   160.3   3640.7
29   9   23.0   -2.0   3656.4
29   10   -69.2   -113.1   3651.1
29   11   -77.3   -450.9   3656.4
29   12   -9.3   -757.8   3667.5
29   13   101.3   -126.3   3672.3
29   14   89.9   -464.7   3684.0
29   15   45.1   -776.7   3672.2
29   16   -211.7   17.7   3497.0
29   17   207.8   337.0   3219.5
29   18   40.4   421.7   3575.9
30   0   31.8   518.0   3567.3
30   1   37.3   356.3   3591.7
30   2   -85.2   342.5   3585.6
30   3   -244.2   185.7   3594.3
30   4   -184.2   24.5   3428.2
30   5   166.1   344.0   3589.9
30   6   271.7   330.0   3396.0
30   7   188.7   276.7   3173.7
30   8   28.8   160.5   3640.3
30   9   23.0   -1.8   3656.0
30   10   -69.1   -113.3   3651.4
30   11   -67.8   -451.1   3666.1
30   12   -12.2   -760.8   3668.6
30   13   103.8   -123.1   3672.3
30   14   79.4   -460.3   3667.8
30   15   46.9   -772.9   3676.5
30   16   -194.2   51.3   3455.9
30   17   202.6   285.6   3210.7
30   18   40.2   421.6   3575.5
31   0   31.8   518.2   3569.2
31   1   37.2   356.1   3591.6
31   2   -85.2   342.5   3585.6
31   3   -232.3   181.3   3554.4
31   4   -139.0   99.5   3359.3
31   5   166.1   343.8   3585.5
31   6   255.2   261.8   3408.5
31   7   150.5   215.0   3194.0
31   8   28.8   160.4   3640.1
31   9   23.1   -1.8   3655.8
31   10   -68.7   -113.7   3652.1
31   11   -76.2   -451.7   3670.0
31   12   -10.4   -760.1   3669.1
31   13   105.8   -120.6   3672.4
31   14   77.2   -453.9   3630.8
31   15   48.3   -761.6   3682.2
31   16   -154.6   113.0   3391.8
31   17   168.0   222.8   3229.8
31   18   40.0   421.5   3575.4
32   0   31.8   518.3   3573.3
32   1   37.1   355.8   3591.7
32   2   -85.4   342.4   3585.6
32   3   -201.0   187.3   3492.5
32   4   -69.1   225.1   3323.5
32   5   165.9   343.8   3573.2
32   6   220.4   204.1   3420.0
32   7   83.9   136.7   3233.9
32   8   28.7   158.4   3640.3
32   9   23.3   -3.8   3656.5
32   10   -67.7   -119.0   3654.8
32   11   -80.9   -456.7   3659.1
32   12   -9.3   -767.0   3666.4
32   13   103.7   -127.5   3673.2
32   14   90.4   -458.5   3610.3
32   15   46.9   -765.3   3679.8
32   16   -91.0   218.9   3351.6
32   17   106.6   147.9   3264.9
32   18   39.8   421.2   3575.5
33   0   31.8   518.1   3576.8
33   1   36.9   355.5   3591.3
33   2   -87.5   345.2   3585.8
33   3   -144.8   179.4   3461.1
33   4   -72.2   103.9   3304.3
33   5   156.6   344.7   3537.0
33   6   162.2   160.9   3424.3
33   7   -7.4   70.4   3284.2
33   8   28.6   156.0   3640.8
33   9   23.5   -6.1   3658.1
33   10   -67.0   -125.2   3660.8
33   11   -75.1   -462.6   3664.9
33   12   -10.0   -775.1   3658.0
33   13   103.5   -133.5   3675.7
33   14   91.4   -467.3   3640.9
33   15   45.5   -778.6   3663.0
33   16   -84.3   116.5   3330.5
33   17   20.8   85.5   3307.6
33   18   39.6   420.9   3575.1
34   0   31.8   517.9   3578.8
34   1   36.6   355.2   3590.9
34   2   -87.1   344.4   3585.0
34   3   -102.7   150.4   3492.3
34   4   -76.8   39.1   3311.9
34   5   153.6   342.8   3525.6
34   6   113.9   149.9   3421.8
34   7   -74.5   31.0   3337.0
34   8   28.5   153.7   3641.7
34   9   23.7   -8.1   3662.0
34   10   -65.3   -132.7   3672.9
34   11   -71.1   -469.6   3671.3
34   12   -9.6   -782.2   3653.9
34   13   103.5   -138.8   3682.9
34   14   92.6   -474.0   3665.7
34   15   44.2   -786.6   3656.0
34   16   -81.1   57.7   3342.0
34   17   -43.2   50.8   3351.1
34   18   39.3   420.5   3574.4
35   0   31.8   517.7   3575.1
35   1   36.3   355.0   3589.0
35   2   -87.8   346.6   3584.9
35   3   -85.3   135.5   3522.9
35   4   -72.3   23.0   3317.9
35   5   152.9   341.4   3523.0
35   6   83.8   150.0   3423.2
35   7   -117.9   20.9   3367.4
35   8   28.4   153.8   3642.1
35   9   23.9   -7.4   3666.3
35   10   -63.4   -139.6   3680.5
35   11   -69.3   -475.9   3677.2
35   12   -8.6   -787.8   3654.4
35   13   101.8   -144.6   3692.0
35   14   97.7   -472.9   3633.9
35   15   43.3   -782.9   3656.1
35   16   -74.4   41.8   3352.1
35   17   -84.3   42.4   3376.7
35   18   38.9   420.1   3571.9
36   0   31.9   517.3   3563.7
36   1   36.0   355.1   3584.8
36   2   -89.1   352.0   3585.5
36   3   -79.9   133.0   3539.5
36   4   -74.9   12.6   3326.6
36   5   153.1   339.9   3524.5
36   6   69.2   151.4   3427.5
36   7   -138.8   21.1   3381.3
36   8   28.5   155.8   3641.9
36   9   23.9   -4.9   3669.3
36   10   -63.0   -142.3   3683.9
36   11   -68.3   -478.2   3679.9
36   12   -7.3   -789.2   3655.0
36   13   101.1   -147.8   3695.4
36   14   96.1   -479.3   3659.1
36   15   41.5   -789.9   3653.5
36   16   -75.7   32.7   3362.1
36   17   -104.1   42.8   3389.0
36   18   38.4   419.8   3566.3
37   0   32.0   516.9   3551.8
37   1   35.6   355.4   3579.9
37   2   -90.7   356.3   3586.9
37   3   -80.8   134.4   3548.2
37   4   -96.8   -1.5   3341.8
37   5   154.6   337.9   3528.1
37   6   64.1   151.7   3433.8
37   7   -146.9   28.8   3381.3
37   8   28.5   158.9   3642.3
37   9   24.0   -1.6   3671.4
37   10   -55.7   -153.7   3686.8
37   11   -68.6   -488.8   3680.8
37   12   -3.7   -798.1   3654.5
37   13   95.9   -156.4   3697.0
37   14   102.0   -487.9   3654.6
37   15   39.0   -797.4   3654.2
37   16   -94.2   21.1   3376.2
37   17   -111.7   49.3   3390.0
37   18   37.9   419.6   3559.5
38   0   32.1   516.7   3542.7
38   1   35.2   355.9   3575.3
38   2   -88.9   356.2   3587.5
38   3   -82.8   133.5   3552.8
38   4   -114.9   -15.9   3356.4
38   5   154.8   339.6   3521.3
38   6   67.3   147.4   3441.0
38   7   -145.7   35.0   3377.8
38   8   28.6   162.3   3643.3
38   9   23.9   2.0   3672.6
38   10   -56.4   -156.6   3689.9
38   11   -68.5   -491.4   3680.1
38   12   -1.6   -799.6   3653.2
38   13   96.8   -158.5   3698.4
38   14   94.5   -491.8   3673.3
38   15   39.5   -801.6   3650.8
38   16   -109.6   9.0   3389.1
38   17   -110.2   53.7   3388.3
38   18   37.3   419.4   3552.9
39   0   32.1   516.9   3540.4
39   1   34.9   356.4   3570.9
39   2   -85.9   355.3   3587.8
39   3   -84.8   132.6   3556.5
39   4   -117.5   -19.8   3360.9
39   5   154.7   341.0   3516.9
39   6   76.9   144.5   3440.2
39   7   -139.2   38.0   3376.2
39   8   28.7   165.7   3644.3
39   9   23.8   5.3   3673.1
39   10   -53.5   -161.6   3693.5
39   11   -70.9   -495.6   3677.2
39   12   -1.0   -803.5   3649.8
39   13   93.5   -163.2   3698.6
39   14   88.0   -497.4   3685.5
39   15   36.3   -807.2   3647.5
39   16   -112.1   5.6   3393.5
39   17   -103.2   55.8   3386.8
39   18   36.9   419.2   3546.7
40   0   32.2   516.2   3545.6
40   1   34.8   356.4   3567.4
40   2   -83.1   355.1   3588.1
40   3   -86.2   132.8   3557.2
40   4   -111.4   -14.1   3357.1
40   5   154.2   340.9   3515.8
40   6   92.6   141.9   3434.3
40   7   -125.6   38.9   3372.7
40   8   28.8   167.8   3644.2
40   9   23.7   7.4   3673.0
40   10   -58.8   -158.2   3695.2
40   11   -74.8   -491.8   3672.3
40   12   -1.6   -801.6   3648.8
40   13   96.5   -162.1   3699.1
40   14   86.3   -496.5   3690.7
40   15   36.2   -808.6   3646.3
40   16   -107.2   10.4   3390.4
40   17   -89.2   56.0   3383.0
40   18   36.7   418.7   3542.0
41   0   32.3   513.4   3555.5
41   1   34.7   356.1   3565.2
41   2   -82.5   357.0   3587.2
41   3   -86.7   136.8   3554.7
41   4   -96.3   -5.6   3350.2
41   5   152.4   339.1   3515.3
41   6   114.8   140.1   3425.9
41   7   -105.6   41.6   3362.8
41   8   28.9   168.6   3643.2
41   9   23.6   8.3   3672.4
41   10   -63.1   -156.2   3694.8
41   11   -79.8   -489.5   3670.2
41   12   -1.6   -801.4   3648.2
41   13   97.7   -162.9   3699.9
41   14   85.8   -497.3   3693.1
41   15   37.1   -812.5   3645.1
41   16   -94.7   18.1   3384.3
41   17   -68.8   58.1   3373.3
41   18   36.6   418.2   3539.3
42   0   31.5   510.2   3566.3
42   1   34.5   355.6   3565.5
42   2   -84.8   360.5   3584.7
42   3   -86.9   141.9   3547.1
42   4   -67.6   2.6   3342.8
42   5   150.9   338.5   3515.4
42   6   149.5   143.4   3415.0
42   7   -74.3   61.7   3344.1
42   8   28.9   168.3   3642.8
42   9   23.4   8.0   3672.1
42   10   -67.0   -153.1   3691.6
42   11   -75.5   -486.9   3673.7
42   12   -2.8   -800.1   3647.4
42   13   101.4   -159.4   3700.0
42   14   85.7   -493.6   3693.1
42   15   42.2   -810.2   3647.6
42   16   -70.8   25.8   3376.8
42   17   -37.0   75.3   3356.0
42   18   36.4   417.8   3539.8
43   0   30.1   506.8   3576.7
43   1   34.2   353.6   3570.1
43   2   -87.1   360.5   3583.1
43   3   -86.9   145.4   3530.9
43   4   -17.7   14.2   3336.3
43   5   151.3   337.6   3532.3
43   6   183.5   156.0   3413.8
43   7   -27.7   110.9   3302.2
43   8   28.8   165.4   3644.3
43   9   23.0   4.9   3672.0
43   10   -71.3   -144.2   3682.5
43   11   -68.3   -478.2   3674.9
43   12   -5.6   -792.6   3648.0
43   13   106.7   -149.3   3698.8
43   14   87.1   -483.1   3692.6
43   15   43.3   -800.1   3658.3
43   16   -29.2   36.1   3368.7
43   17   7.5   118.4   3320.8
43   18   36.1   416.2   3545.4
44   0   27.7   504.6   3582.0
44   1   33.7   350.6   3578.1
44   2   -88.9   357.0   3582.5
44   3   -85.3   154.9   3496.6
44   4   53.8   32.1   3349.3
44   5   150.3   338.2   3566.4
44   6   220.5   203.9   3414.3
44   7   64.1   196.7   3240.9
44   8   28.5   160.8   3647.1
44   9   22.3   -0.3   3671.3
44   10   -76.0   -124.8   3668.0
44   11   -67.2   -458.7   3673.0
44   12   -10.1   -773.2   3649.5
44   13   111.5   -132.9   3694.9
44   14   88.5   -466.4   3691.3
44   15   47.2   -783.4   3667.6
44   16   30.7   52.6   3373.8
44   17   90.1   197.8   3269.8
44   18   35.4   413.8   3555.1
45   0   24.6   504.6   3583.3
45   1   31.9   348.1   3586.8
45   2   -90.1   350.0   3580.3
45   3   -82.6   150.3   3485.1
45   4   -134.9   123.9   3435.3
45   5   148.1   339.7   3592.3
45   6   151.3   357.1   3431.9
45   7   82.0   191.6   3447.6
45   8   28.0   156.5   3649.8
45   9   21.6   -5.2   3668.7
45   10   -74.9   -116.6   3659.6
45   11   -65.7   -450.5   3671.4
45   12   -12.1   -764.5   3650.2
45   13   109.7   -124.9   3686.2
45   14   88.3   -458.5   3688.9
45   15   51.8   -775.1   3670.5
45   16   -126.8   128.6   3443.6
45   17   82.0   275.2   3447.6
45   18   33.2   412.1   3565.8
46   0   21.2   505.3   3579.3
46   1   28.6   346.7   3593.7
46   2   -92.4   344.5   3577.5
46   3   -165.6   162.6   3540.2
46   4   -154.2   83.5   3428.5
46   5   147.8   344.6   3599.6
46   6   231.5   405.3   3447.6
46   7   305.6   130.8   3458.6
46   8   27.5   151.8   3652.2
46   9   20.9   -10.6   3664.0
46   10   -72.4   -110.3   3653.7
46   11   -64.3   -444.1   3669.3
46   12   -13.1   -757.6   3651.1
46   13   105.7   -118.7   3678.6
46   14   87.7   -452.2   3686.6
46   15   53.8   -768.1   3668.7
46   16   -156.6   97.0   3447.1
46   17   305.6   214.3   3458.6
46   18   29.0   411.2   3574.4
47   0   18.2   506.6   3568.4
47   1   24.5   347.5   3596.3
47   2   -95.4   341.7   3574.5
47   3   -222.7   181.2   3585.8
47   4   -210.3   42.1   3450.6
47   5   147.9   355.4   3596.7
47   6   270.4   440.0   3447.9
47   7   294.3   160.6   3444.7
47   8   27.2   149.5   3651.1
47   9   20.4   -13.2   3656.4
47   10   -70.0   -103.6   3647.0
47   11   -62.8   -437.2   3665.6
47   12   -13.1   -750.4   3653.7
47   13   101.4   -112.5   3670.3
47   14   86.4   -446.0   3667.0
47   15   53.4   -761.3   3665.4
47   16   -212.6   65.5   3473.2
47   17   294.3   244.1   3444.7
47   18   23.6   412.4   3578.3
48   0   16.4   508.9   3555.5
48   1   20.9   350.4   3593.7
48   2   -97.7   341.2   3572.6
48   3   -248.0   188.9   3611.7
48   4   -251.5   6.4   3479.9
48   5   146.4   364.1   3588.3
48   6   280.7   467.7   3442.6
48   7   279.1   187.7   3436.3
48   8   27.3   149.6   3643.1
48   9   20.1   -13.2   3648.8
48   10   -68.3   -98.5   3639.7
48   11   -61.2   -432.0   3657.5
48   12   -12.5   -744.6   3660.0
48   13   99.3   -106.7   3663.9
48   14   101.3   -438.2   3634.5
48   15   52.9   -748.8   3660.1
48   16   -251.0   36.9   3501.8
48   17   279.1   271.1   3436.3
48   18   18.9   415.7   3577.6
49   0   15.4   511.9   3542.8
49   1   18.8   354.4   3587.9
49   2   -98.5   342.4   3570.8
49   3   -254.2   190.6   3624.9
49   4   -288.4   -13.8   3504.6
49   5   145.4   372.1   3579.2
49   6   286.6   496.6   3452.2
49   7   284.9   221.4   3460.4
49   8   27.5   151.8   3633.0
49   9   20.1   -10.7   3643.1
49   10   -68.2   -93.5   3637.5
49   11   -61.6   -427.1   3653.1
49   12   -12.5   -738.8   3668.0
49   13   100.0   -99.9   3661.3
49   14   96.5   -432.4   3649.8
49   15   50.8   -743.9   3658.9
49   16   -282.7   20.3   3524.6
49   17   284.9   304.9   3460.4
49   18   15.9   420.1   3573.3
50   0   15.1   515.2   3534.4
50   1   17.3   357.8   3581.3
50   2   -98.8   343.4   3568.9
50   3   -254.2   191.0   3629.7
50   4   -301.1   -19.5   3507.1
50   5   143.7   375.5   3574.3
50   6   290.0   513.7   3468.7
50   7   250.0   482.1   3312.3
50   8   27.5   154.0   3624.5
50   9   20.2   -8.1   3639.1
50   10   -66.4   -95.8   3636.7
50   11   -61.0   -429.3   3633.9
50   12   -11.9   -738.1   3672.5
50   13   97.7   -101.9   3659.8
50   14   112.0   -430.8   3618.0
50   15   50.8   -735.6   3657.9
50   16   -293.3   15.6   3527.5
50   17   252.2   464.7   3335.3
50   18   14.0   423.6   3567.3
51   0   15.1   518.3   3531.3
51   1   16.6   360.0   3576.0
51   2   -98.9   344.2   3567.2
51   3   -252.2   190.6   3629.7
51   4   -306.1   -24.0   3511.3
51   5   142.6   377.2   3572.5
51   6   289.0   518.9   3472.6
51   7   344.3   637.3   3349.2
51   8   27.5   155.6   3620.3
51   9   20.4   -6.4   3637.0
51   10   -67.4   -95.7   3636.3
51   11   -62.4   -429.1   3622.8
51   12   -11.7   -735.9   3673.9
51   13   98.2   -102.4   3659.8
51   14   104.3   -433.6   3642.1
51   15   49.5   -741.6   3660.7
51   16   -297.1   11.8   3531.0
51   17   333.9   609.2   3368.5
51   18   13.1   425.7   3561.8
52   0   15.1   520.7   3531.7
52   1   16.4   361.3   3573.0
52   2   -99.0   344.6   3565.8
52   3   -250.5   189.7   3626.6
52   4   -302.6   -28.2   3510.1
52   5   142.1   377.5   3572.3
52   6   289.1   515.9   3471.4
52   7   378.1   704.3   3353.7
52   8   27.5   156.4   3619.0
52   9   20.6   -5.5   3636.0
52   10   -67.3   -98.3   3636.0
52   11   -65.7   -431.7   3618.2
52   12   -10.7   -736.8   3674.5
52   13   99.0   -103.9   3660.1
52   14   98.8   -436.5   3658.4
52   15   50.8   -746.7   3666.4
52   16   -293.9   8.1   3529.5
52   17   363.4   671.2   3373.0
52   18   12.8   426.8   3558.2
53   0   15.2   522.4   3534.4
53   1   16.3   361.9   3571.4
53   2   -99.2   344.8   3565.1
53   3   -249.6   188.2   3621.1
53   4   -296.8   -27.7   3496.5
53   5   141.8   377.3   3572.9
53   6   289.9   507.0   3465.2
53   7   389.0   719.7   3344.1
53   8   27.4   156.5   3619.0
53   9   20.8   -5.4   3635.5
53   10   -67.2   -102.9   3635.5
53   11   -74.7   -431.9   3586.5
53   12   -11.0   -727.9   3669.7
53   13   100.2   -107.1   3660.4
53   14   102.3   -438.3   3633.2
53   15   53.6   -745.3   3670.1
53   16   -288.9   8.3   3517.3
53   17   372.9   685.0   3364.3
53   18   12.8   427.4   3556.3
54   0   15.2   523.8   3540.4
54   1   16.3   362.0   3570.8
54   2   -99.5   344.8   3564.9
54   3   -248.9   186.9   3618.1
54   4   -291.9   -35.3   3500.2
54   5   141.9   376.9   3573.8
54   6   289.6   495.8   3455.7
54   7   391.8   712.8   3331.8
54   8   27.1   155.8   3619.3
54   9   21.0   -6.3   3635.2
54   10   -67.4   -108.0   3634.9
54   11   -90.7   -426.2   3544.5
54   12   -15.9   -708.5   3658.0
54   13   101.1   -111.5   3660.4
54   14   111.9   -440.8   3614.1
54   15   54.0   -743.4   3671.5
54   16   -284.8   1.8   3519.8
54   17   375.2   678.0   3352.6
54   18   12.9   427.4   3555.4
55   0   15.3   524.5   3547.2
55   1   16.3   361.9   3570.6
55   2   -99.8   344.6   3564.9
55   3   -248.1   185.5   3616.3
55   4   -285.9   -39.8   3500.4
55   5   142.0   376.4   3574.8
55   6   288.9   489.4   3450.3
55   7   393.3   698.9   3320.1
55   8   26.9   154.5   3619.9
55   9   21.1   -7.6   3635.2
55   10   -69.0   -109.0   3634.0
55   11   -96.5   -426.2   3535.5
55   12   -14.3   -703.5   3658.6
55   13   102.0   -113.9   3660.6
55   14   110.0   -444.0   3614.6
55   15   51.0   -747.0   3672.6
55   16   -279.5   -2.3   3519.7
55   17   376.2   665.2   3341.9
55   18   12.9   427.2   3555.1
56   0   15.3   524.8   3552.5
56   1   16.3   361.7   3570.8
56   2   -100.1   344.4   3565.0
56   3   -246.9   183.7   3615.2
56   4   -281.7   -42.6   3500.9
56   5   142.1   375.7   3575.9
56   6   288.4   484.3   3446.9
56   7   393.1   681.2   3307.3
56   8   26.8   153.1   3620.6
56   9   21.1   -9.1   3635.3
56   10   -69.9   -109.4   3633.2
56   11   -101.2   -422.4   3521.3
56   12   -18.8   -697.9   3649.2
56   13   102.4   -115.1   3660.7
56   14   117.4   -445.0   3613.1
56   15   47.4   -745.5   3672.5
56   16   -275.9   -4.9   3520.0
56   17   375.9   649.2   3330.7
56   18   13.0   427.0   3555.1
57   0   15.3   524.7   3554.4
57   1   16.3   361.5   3571.0
57   2   -100.5   344.1   3565.0
57   3   -246.5   182.7   3614.6
57   4   -279.3   -46.4   3504.9
57   5   142.2   375.1   3576.9
57   6   288.8   478.1   3443.8
57   7   388.5   668.8   3297.7
57   8   26.6   151.8   3621.5
57   9   21.0   -10.4   3635.5
57   10   -70.2   -109.3   3632.2
57   11   -89.3   -432.5   3589.1
57   12   -12.4   -723.6   3656.4
57   13   102.5   -115.5   3660.7
57   14   103.4   -447.2   3645.1
57   15   46.4   -753.2   3671.7
57   16   -273.8   -8.2   3523.2
57   17   372.0   637.4   3322.1
57   18   13.0   426.8   3555.3
58   0   15.3   524.6   3554.2
58   1   16.3   361.3   3571.2
58   2   -100.8   343.8   3565.1
58   3   -247.0   182.5   3614.4
58   4   -267.7   -50.1   3513.1
58   5   142.3   374.4   3577.4
58   6   289.8   470.7   3440.4
58   7   381.7   657.1   3289.5
58   8   26.6   150.8   3622.3
58   9   21.0   -11.4   3635.8
58   10   -70.3   -109.0   3631.5
58   11   -87.5   -436.1   3588.8
58   12   -11.9   -729.2   3661.2
58   13   102.4   -115.6   3660.8
58   14   103.2   -445.6   3623.8
58   15   48.6   -749.3   3672.1
58   16   -264.3   -11.3   3530.0
58   17   366.4   626.2   3314.7
58   18   13.1   426.6   3555.4
59   0   15.3   524.3   3552.9
59   1   16.3   361.1   3571.3
59   2   -101.1   343.6   3565.1
59   3   -248.4   183.3   3614.4
59   4   -250.5   -39.3   3496.6
59   5   142.4   373.6   3577.6
59   6   289.1   464.4   3435.9
59   7   375.0   644.4   3278.8
59   8   26.6   149.9   3622.7
59   9   20.9   -12.3   3636.0
59   10   -70.1   -108.4   3631.5
59   11   -85.7   -437.6   3588.8
59   12   -11.6   -732.0   3664.4
59   13   102.1   -115.1   3660.7
59   14   94.8   -446.7   3650.8
59   15   51.0   -754.9   3671.5
59   16   -250.2   -2.2   3516.2
59   17   360.7   614.5   3305.0
59   18   13.1   426.4   3555.4
60   0   15.3   524.1   3551.2
60   1   16.3   361.0   3571.4
60   2   -101.4   343.3   3565.1
60   3   -250.7   184.3   3612.5
60   4   -216.1   -11.7   3466.6
60   5   142.5   373.0   3577.7
60   6   290.1   455.0   3431.8
60   7   371.0   630.8   3270.8
60   8   26.6   149.3   3623.1
60   9   20.8   -12.9   3636.2
60   10   -69.4   -106.8   3631.9
60   11   -79.0   -438.6   3621.7
60   12   -9.3   -739.6   3669.2
60   13   101.4   -113.3   3660.6
60   14   91.1   -445.7   3668.0
60   15   52.7   -756.2   3670.9
60   16   -221.9   20.9   3490.9
60   17   357.5   601.5   3297.6
60   18   13.1   426.2   3555.5
61   0   15.3   523.8   3549.4
61   1   16.3   360.8   3571.5
61   2   -101.8   343.0   3565.1
61   3   -251.6   181.5   3598.7
61   4   -180.6   38.0   3415.5
61   5   141.6   369.6   3577.6
61   6   300.9   426.4   3433.8
61   7   358.0   603.7   3265.5
61   8   26.5   148.9   3623.5
61   9   20.7   -13.2   3637.7
61   10   -69.4   -106.3   3634.1
61   11   -75.1   -439.3   3640.7
61   12   -8.7   -743.5   3667.0
61   13   101.1   -113.5   3660.7
61   14   90.4   -446.5   3663.2
61   15   52.1   -756.9   3671.0
61   16   -192.5   61.9   3446.0
61   17   348.5   574.2   3293.5
61   18   13.1   426.1   3555.6
62   0   15.3   523.5   3548.1
62   1   16.3   360.6   3571.6
62   2   -102.4   342.6   3565.1
62   3   -239.2   170.5   3559.2
62   4   -151.4   97.0   3345.7
62   5   139.4   362.8   3577.1
62   6   301.4   376.7   3428.8
62   7   309.5   557.4   3260.0
62   8   26.4   148.6   3623.9
62   9   20.7   -13.2   3640.8
62   10   -70.0   -106.5   3637.6
62   11   -75.9   -440.3   3646.2
62   12   -9.5   -748.6   3657.8
62   13   101.4   -115.0   3661.0
62   14   94.6   -448.4   3652.3
62   15   47.9   -759.6   3671.2
62   16   -166.0   109.2   3381.2
62   17   308.1   527.3   3288.1
62   18   13.2   425.9   3555.6
63   0   15.3   522.4   3547.9
63   1   16.3   359.7   3572.1
63   2   -103.8   341.4   3565.2
63   3   -214.8   161.6   3517.3
63   4   -118.1   166.2   3292.3
63   5   136.0   353.0   3576.5
63   6   291.5   304.7   3436.2
63   7   242.9   479.8   3268.7
63   8   26.2   148.3   3625.8
63   9   20.7   -13.2   3645.7
63   10   -70.9   -107.5   3643.9
63   11   -82.3   -441.4   3647.0
63   12   -12.5   -753.0   3650.6
63   13   102.1   -117.7   3661.4
63   14   96.6   -447.6   3619.8
63   15   45.7   -757.0   3671.0
63   16   -134.2   165.4   3329.8
63   17   251.0   450.6   3296.7
63   18   13.2   424.8   3555.6
64   0   15.5   520.6   3548.3
64   1   16.6   358.0   3573.0
64   2   -105.4   340.0   3565.1
64   3   -184.4   154.8   3480.3
64   4   -70.8   248.9   3289.2
64   5   137.1   349.0   3576.2
64   6   257.2   234.9   3441.4
64   7   164.1   415.9   3299.9
64   8   26.1   147.6   3629.4
64   9   20.7   -13.7   3650.3
64   10   -71.2   -108.3   3649.9
64   11   -75.0   -442.3   3653.7
64   12   -12.1   -756.3   3658.8
64   13   102.8   -118.6   3661.6
64   14   97.4   -450.2   3647.2
64   15   43.6   -762.7   3669.4
64   16   -89.7   233.3   3321.1
64   17   179.5   385.7   3323.5
64   18   13.7   422.8   3555.6
65   0   15.8   516.3   3549.3
65   1   17.2   354.8   3573.8
65   2   -107.6   338.2   3561.8
65   3   -153.9   151.5   3454.1
65   4   -20.2   297.7   3307.6
65   5   137.6   341.4   3572.6
65   6   215.8   173.6   3463.9
65   7   87.7   333.2   3321.6
65   8   26.0   145.5   3632.9
65   9   20.6   -15.8   3653.6
65   10   -70.6   -110.3   3656.1
65   11   -67.1   -444.1   3663.1
65   12   -11.6   -759.0   3666.3
65   13   103.0   -119.4   3661.6
65   14   95.9   -452.0   3663.2
65   15   42.4   -765.7   3669.5
65   16   -42.4   273.4   3332.0
65   17   109.0   306.6   3345.3
65   18   14.5   419.4   3555.6
66   0   16.0   510.8   3550.5
66   1   17.6   350.0   3574.3
66   2   -109.3   334.8   3551.3
66   3   -134.1   147.9   3432.6
66   4   16.5   317.2   3323.2
66   5   137.1   331.5   3569.7
66   6   183.7   132.6   3485.9
66   7   28.6   261.6   3339.5
66   8   25.6   143.1   3634.7
66   9   20.6   -18.3   3655.0
66   10   -67.7   -118.2   3661.0
66   11   -63.9   -451.8   3670.7
66   12   -10.4   -766.0   3665.4
66   13   103.3   -122.7   3661.7
66   14   92.4   -455.6   3671.7
66   15   42.7   -769.9   3669.5
66   16   -8.6   289.0   3341.4
66   17   54.5   240.1   3363.9
66   18   15.1   414.5   3555.5
67   0   16.2   505.9   3551.5
67   1   18.1   345.0   3574.4
67   2   -109.8   330.4   3544.1
67   3   -130.6   139.1   3430.1
67   4   24.4   315.5   3333.5
67   5   138.5   325.1   3564.6
67   6   168.7   110.3   3504.4
67   7   -4.3   221.1   3362.2
67   8   25.1   140.6   3634.6
67   9   20.5   -20.7   3655.1
67   10   -66.3   -126.1   3663.8
67   11   -74.5   -459.1   3659.3
67   12   -9.2   -771.9   3656.9
67   13   102.2   -129.9   3661.8
67   14   88.8   -462.9   3675.4
67   15   42.3   -779.0   3668.7
67   16   -1.4   286.1   3349.6
67   17   24.5   202.6   3385.9
67   18   15.9   409.4   3555.4
68   0   16.3   502.9   3552.4
68   1   18.8   341.3   3574.3
68   2   -110.5   327.8   3541.8
68   3   -136.0   132.8   3436.2
68   4   20.5   306.4   3340.4
68   5   141.6   322.9   3566.1
68   6   164.4   105.7   3505.8
68   7   -13.8   216.5   3370.9
68   8   24.4   139.3   3634.1
68   9   20.4   -22.0   3654.8
68   10   -68.2   -128.2   3664.1
68   11   -69.7   -461.3   3666.3
68   12   -8.8   -774.5   3654.2
68   13   101.4   -135.6   3662.0
68   14   87.3   -468.6   3676.7
68   15   42.6   -784.9   3667.5
68   16   -5.6   277.4   3356.4
68   17   15.9   198.0   3393.4
68   18   17.0   405.8   3555.3
69   0   16.4   501.3   3553.4
69   1   19.4   338.8   3574.3
69   2   -111.0   326.4   3543.1
69   3   -141.4   130.1   3441.8
69   4   16.8   300.7   3349.0
69   5   144.6   322.0   3569.3
69   6   166.6   107.6   3502.4
69   7   -5.8   231.1   3374.0
69   8   23.1   138.8   3633.5
69   9   19.8   -22.5   3654.3
69   10   -69.8   -130.1   3664.0
69   11   -67.9   -463.3   3669.5
69   12   -8.5   -775.8   3652.8
69   13   101.2   -139.1   3662.5
69   14   83.1   -471.9   3663.9
69   15   42.6   -787.8   3667.6
69   16   -9.6   272.2   3364.5
69   17   23.0   210.6   3395.4
69   18   18.3   403.2   3555.2
70   0   16.5   500.9   3554.5
70   1   19.7   337.3   3574.2
70   2   -111.3   325.7   3547.0
70   3   -144.0   130.2   3445.2
70   4   12.9   301.5   3356.9
70   5   146.6   320.7   3568.1
70   6   168.8   109.1   3496.2
70   7   -1.4   244.5   3379.9
70   8   21.0   139.0   3633.0
70   9   18.8   -22.3   3654.0
70   10   -71.5   -130.0   3663.6
70   11   -67.9   -463.2   3670.8
70   12   -8.8   -774.8   3652.0
70   13   100.9   -139.8   3662.7
70   14   84.6   -472.7   3664.2
70   15   42.1   -787.5   3666.1
70   16   -13.3   272.9   3371.6
70   17   26.9   222.0   3399.3
70   18   19.3   401.7   3555.1
71   0   16.6   501.1   3557.1
71   1   19.9   336.6   3574.2
71   2   -111.3   325.5   3552.9
71   3   -144.5   132.1   3447.6
71   4   9.8   306.4   3365.2
71   5   148.2   320.3   3569.1
71   6   170.2   110.6   3494.2
71   7   4.9   250.7   3377.5
71   8   18.6   139.6   3632.6
71   9   17.5   -21.7   3653.7
71   10   -72.4   -130.4   3663.3
71   11   -71.5   -463.6   3669.4
71   12   -8.6   -775.3   3650.6
71   13   100.1   -140.2   3662.9
71   14   82.2   -471.8   3642.5
71   15   43.1   -786.1   3668.3
71   16   -15.9   277.3   3378.9
71   17   32.4   227.3   3397.0
71   18   20.3   401.0   3555.1
72   0   16.6   501.5   3560.7
72   1   20.2   336.4   3574.2
72   2   -111.0   325.5   3556.9
72   3   -144.6   133.6   3449.1
72   4   8.5   309.7   3371.2
72   5   149.6   320.4   3571.0
72   6   171.0   111.2   3496.1
72   7   7.4   250.2   3376.8
72   8   17.0   140.3   3632.3
72   9   16.5   -20.9   3653.5
72   10   -72.9   -131.5   3663.2
72   11   -81.1   -464.5   3662.2
72   12   -8.2   -776.3   3648.8
72   13   98.8   -141.0   3663.6
72   14   81.3   -471.0   3624.8
72   15   43.5   -785.7   3670.0
72   16   -17.0   280.4   3384.2
72   17   34.6   227.1   3396.7
72   18   21.3   400.7   3555.2
73   0   16.7   501.8   3564.4
73   1   20.4   336.3   3574.3
73   2   -110.8   325.7   3558.8
73   3   -144.6   134.4   3450.0
73   4   8.5   311.5   3376.4
73   5   150.1   319.8   3571.5
73   6   171.6   110.9   3496.7
73   7   9.1   249.0   3375.4
73   8   15.8   141.0   3632.0
73   9   15.4   -20.1   3653.3
73   10   -73.7   -131.6   3663.0
73   11   -76.6   -464.6   3667.0
73   12   -8.2   -777.1   3645.5
73   13   97.9   -140.8   3664.3
73   14   83.7   -472.3   3647.6
73   15   42.3   -788.4   3666.9
73   16   -17.0   282.0   3388.6
73   17   36.2   226.0   3395.6
73   18   21.9   400.7   3555.3
74   0   16.8   502.1   3568.1
74   1   20.5   336.3   3574.4
74   2   -110.6   325.9   3559.5
74   3   -144.7   134.7   3450.7
74   4   8.5   311.3   3377.4
74   5   150.0   318.9   3571.2
74   6   171.8   110.2   3496.3
74   7   9.4   248.1   3375.2
74   8   15.0   141.7   3631.8
74   9   14.6   -19.5   3653.2
74   10   -74.9   -130.9   3662.8
74   11   -72.4   -463.9   3668.3
74   12   -8.5   -776.2   3641.6
74   13   97.3   -140.1   3665.1
74   14   85.2   -472.4   3661.1
74   15   41.5   -788.4   3664.2
74   16   -17.0   281.9   3389.6
74   17   36.5   225.1   3395.4
74   18   22.3   400.7   3555.4
75   0   16.8   502.2   3570.8
75   1   20.5   336.3   3574.5
75   2   -110.3   326.1   3559.8
75   3   -144.7   134.7   3451.4
75   4   7.8   311.3   3377.5
75   5   149.4   317.8   3570.2
75   6   172.3   109.3   3495.6
75   7   9.2   247.4   3376.2
75   8   14.6   142.2   3631.6
75   9   13.8   -18.9   3653.2
75   10   -75.3   -131.7   3662.7
75   11   -80.2   -463.0   3641.4
75   12   -9.5   -772.5   3644.5
75   13   95.8   -140.5   3667.4
75   14   85.0   -473.1   3663.3
75   15   41.3   -788.7   3662.4
75   16   -17.6   281.9   3389.8
75   17   36.4   224.4   3396.1
75   18   22.5   400.7   3555.6
76   0   16.9   502.3   3572.3
76   1   20.5   336.4   3574.6
76   2   -109.8   326.3   3559.8
76   3   -144.8   134.7   3452.0
76   4   7.3   311.1   3377.4
76   5   148.3   316.8   3569.8
76   6   172.8   108.4   3495.3
76   7   9.5   247.1   3377.2
76   8   14.3   142.7   3631.5
76   9   13.2   -18.4   3653.1
76   10   -75.2   -133.0   3662.7
76   11   -74.6   -465.0   3655.9
76   12   -9.0   -774.8   3649.2
76   13   95.0   -140.5   3669.8
76   14   86.1   -473.4   3672.0
76   15   41.7   -787.6   3659.2
76   16   -18.0   281.7   3389.8
76   17   36.8   224.0   3396.9
76   18   22.5   400.8   3555.7
77   0   16.9   502.4   3573.2
77   1   20.5   336.5   3574.7
77   2   -109.3   326.5   3559.8
77   3   -144.9   134.3   3453.1
77   4   6.5   310.6   3377.4
77   5   147.6   316.5   3569.6
77   6   173.0   108.1   3495.4
77   7   10.0   247.3   3377.7
77   8   14.2   143.0   3631.4
77   9   12.9   -18.0   3653.0
77   10   -74.3   -135.3   3662.7
77   11   -87.1   -466.0   3637.9
77   12   -9.7   -771.4   3653.7
77   13   94.1   -140.8   3673.1
77   14   86.9   -473.7   3677.2
77   15   41.8   -786.6   3656.1
77   16   -18.7   281.2   3390.0
77   17   37.1   224.1   3397.4
77   18   22.5   400.9   3555.9
78   0   16.8   502.4   3573.9
78   1   20.5   336.5   3574.9
78   2   -108.9   326.6   3559.7
78   3   -145.2   133.5   3455.0
78   4   5.4   309.6   3377.5
78   5   147.2   316.7   3569.5
78   6   173.0   108.2   3495.6
78   7   10.3   247.8   3378.2
78   8   14.2   143.3   3631.3
78   9   12.7   -17.7   3653.0
78   10   -72.6   -138.6   3662.7
78   11   -101.2   -464.8   3611.1
78   12   -11.9   -763.8   3652.0
78   13   93.5   -141.6   3675.1
78   14   87.0   -474.5   3680.6
78   15   41.9   -785.9   3651.6
78   16   -19.7   280.3   3390.4
78   17   37.4   224.5   3397.8
78   18   22.5   400.9   3556.0
79   0   16.8   502.2   3574.4
79   1   20.4   336.6   3575.0
79   2   -108.5   326.7   3559.6
79   3   -145.3   133.3   3455.6
79   4   5.1   309.3   3377.7
79   5   146.7   316.8   3569.4
79   6   173.0   108.4   3495.4
79   7   10.7   248.6   3378.5
79   8   14.2   143.6   3631.3
79   9   12.6   -17.4   3652.9
79   10   -73.3   -138.6   3662.8
79   11   -99.3   -465.6   3608.7
79   12   -11.3   -764.8   3652.5
79   13   93.1   -142.6   3675.6
79   14   86.6   -475.4   3681.6
79   15   42.2   -786.1   3650.3
79   16   -19.9   280.0   3390.7
79   17   37.7   225.3   3398.0
79   18   22.5   401.0   3556.2
80   0   16.8   502.1   3574.9
80   1   20.4   336.7   3575.2
80   2   -108.1   326.8   3559.6
80   3   -145.4   133.4   3455.7
80   4   5.2   309.3   3378.1
80   5   146.4   317.0   3569.4
80   6   173.0   108.7   3495.5
80   7   11.4   249.9   3379.0
80   8   14.2   143.8   3631.3
80   9   12.6   -17.2   3652.9
80   10   -76.7   -133.9   3662.9
80   11   -82.6   -463.7   3641.5
80   12   -10.4   -767.8   3654.0
80   13   93.5   -142.6   3675.4
80   14   86.3   -475.3   3681.8
80   15   42.5   -785.7   3651.5
80   16   -19.9   280.0   3391.0
80   17   38.3   226.3   3398.4
80   18   22.5   401.1   3556.5
81   0   16.8   502.0   3575.3
81   1   20.4   336.7   3575.5
81   2   -107.8   326.9   3559.6
81   3   -145.4   133.6   3455.8
81   4   5.4   309.5   3378.8
81   5   146.1   317.2   3569.6
81   6   173.1   109.0   3495.5
81   7   12.2   250.9   3378.8
81   8   14.3   143.9   3631.3
81   9   12.6   -17.1   3652.9
81   10   -76.3   -135.3   3662.9
81   11   -70.9   -466.5   3661.8
81   12   -8.8   -774.3   3657.6
81   13   93.8   -142.6   3675.3
81   14   42.0   -466.9   3703.4
81   15   46.0   -774.7   3654.7
81   16   -19.7   280.2   3391.6
81   17   39.0   227.2   3398.2
81   18   22.5   401.1   3556.9
82   0   16.8   501.9   3575.4
82   1   20.4   336.8   3575.9
82   2   -107.6   327.1   3559.7
82   3   -145.4   133.8   3455.9
82   4   5.6   309.7   3379.7
82   5   145.9   317.4   3569.9
82   6   173.1   109.4   3495.5
82   7   13.1   251.8   3378.5
82   8   14.3   144.0   3631.4
82   9   12.6   -17.0   3652.9
82   10   -76.0   -136.4   3663.1
82   11   -65.9   -468.5   3671.8
82   12   -7.8   -777.6   3660.1
82   13   94.2   -142.6   3675.5
82   14   59.6   -470.5   3696.5
82   15   45.7   -780.4   3659.7
82   16   -19.5   280.4   3392.4
82   17   39.8   228.1   3398.0
82   18   22.5   401.2   3557.4
83   0   16.8   501.8   3575.6
83   1   20.4   336.8   3576.3
83   2   -107.4   327.2   3559.7
83   3   -145.3   133.9   3455.9
83   4   5.8   309.9   3380.2
83   5   145.7   317.6   3570.3
83   6   173.1   109.8   3495.4
83   7   13.7   253.2   3378.9
83   8   14.3   144.1   3631.5
83   9   12.6   -16.9   3653.0
83   10   -76.2   -136.7   3663.6
83   11   -64.5   -469.1   3675.6
83   12   -7.6   -778.5   3661.2
83   13   94.7   -142.6   3675.5
83   14   74.6   -473.0   3689.2
83   15   44.4   -783.6   3665.5
83   16   -19.4   280.6   3392.8
83   17   40.3   229.3   3398.3
83   18   22.4   401.2   3557.8
84   0   16.8   501.7   3575.6
84   1   20.4   336.8   3576.7
84   2   -107.2   327.3   3559.7
84   3   -145.2   134.1   3456.0
84   4   5.9   310.1   3380.5
84   5   145.5   317.7   3570.7
84   6   173.1   110.2   3495.1
84   7   15.1   255.2   3378.8
84   8   14.3   144.2   3631.7
84   9   12.6   -16.8   3653.1
84   10   -76.2   -137.2   3664.3
84   11   -64.2   -469.7   3675.8
84   12   -7.3   -778.8   3661.9
84   13   94.9   -142.7   3675.7
84   14   80.9   -474.3   3686.3
84   15   43.7   -785.3   3667.9
84   16   -19.3   280.8   3393.1
84   17   41.4   231.0   3398.2
84   18   22.4   401.3   3558.3
85   0   16.8   501.7   3575.6
85   1   20.4   336.9   3577.1
85   2   -107.0   327.4   3559.8
85   3   -145.1   134.2   3456.1
85   4   5.8   310.3   3380.7
85   5   145.3   317.9   3571.1
85   6   173.2   110.1   3496.5
85   7   19.4   256.7   3377.1
85   8   14.3   144.2   3631.9
85   9   12.6   -16.7   3653.3
85   10   -76.0   -137.9   3665.2
85   11   -69.5   -470.5   3673.4
85   12   -6.9   -780.2   3658.7
85   13   95.1   -143.0   3676.1
85   14   81.4   -473.1   3654.2
85   15   43.6   -784.9   3671.5
85   16   -19.3   280.9   3393.2
85   17   45.0   232.3   3397.0
85   18   22.4   401.3   3558.8
86   0   16.8   501.6   3575.6
86   1   20.3   336.9   3577.4
86   2   -106.9   327.5   3559.8
86   3   -145.0   134.3   3456.2
86   4   5.8   310.4   3380.8
86   5   145.1   318.0   3571.4
86   6   173.4   110.2   3497.1
86   7   24.8   259.0   3373.8
86   8   14.3   144.3   3632.1
86   9   12.6   -16.5   3653.6
86   10   -75.9   -138.5   3666.2
86   11   -67.1   -470.9   3672.6
86   12   -7.4   -781.2   3651.6
86   13   95.2   -143.2   3676.6
86   14   85.9   -474.6   3666.4
86   15   43.8   -787.3   3670.1
86   16   -19.3   281.0   3393.4
86   17   49.6   234.2   3394.4
86   18   22.4   401.4   3559.1
87   0   16.8   501.5   3575.6
87   1   20.3   337.0   3577.7
87   2   -106.7   327.5   3559.8
87   3   -144.8   134.3   3456.4
87   4   5.8   310.5   3380.9
87   5   145.0   318.1   3571.5
87   6   173.7   110.4   3497.2
87   7   30.1   261.2   3370.5
87   8   14.3   144.5   3632.3
87   9   12.7   -16.3   3654.1
87   10   -75.9   -138.9   3667.4
87   11   -64.4   -471.2   3672.5
87   12   -9.3   -781.1   3642.4
87   13   95.4   -143.4   3677.3
87   14   88.5   -471.4   3634.4
87   15   46.0   -780.6   3672.4
87   16   -19.3   281.1   3393.5
87   17   54.1   236.1   3391.6
87   18   22.4   401.5   3559.4
