2   0   41.4   483.1   3618.7
2   1   34.2   310.9   3608.3
2   2   -109.2   301.8   3594.6
2   3   -107.9   100.3   3454.5
2   4   79.8   289.0   3417.3
2   5   174.0   293.7   3627.1
2   6   173.9   134.4   3440.5
2   7   -40.4   295.9   3455.2
2   8   27.1   76.6   3642.5
2   9   22.8   -88.8   3647.4
2   10   -80.1   -160.6   3678.2
2   11   -67.0   -526.9   3673.3
2   12   8.4   -860.3   3719.1
2   13   122.5   -161.4   3682.0
2   14   91.8   -526.1   3661.5
2   15   16.7   -856.4   3726.2
2   16   48.5   257.5   3423.5
2   17   -4.7   269.0   3452.8
2   18   36.4   384.0   3597.7
3   0   41.3   484.6   3617.8
3   1   34.7   312.1   3608.6
3   2   -108.5   303.0   3593.2
3   3   -109.4   99.9   3455.8
3   4   72.9   292.0   3413.8
3   5   175.4   296.0   3624.8
3   6   179.8   129.8   3446.2
3   7   -26.9   296.5   3445.4
3   8   27.8   78.4   3643.9
3   9   23.6   -87.7   3649.8
3   10   -78.7   -156.6   3677.5
3   11   -66.7   -523.0   3673.5
3   12   12.6   -855.7   3715.6
3   13   122.5   -158.4   3681.7
3   14   92.8   -523.3   3663.5
3   15   15.9   -854.2   3717.7
3   16   42.6   260.0   3420.8
3   17   7.5   268.7   3445.5
3   18   36.9   385.1   3597.6
4   0   41.2   489.2   3615.6
4   1   36.2   316.1   3609.5
4   2   -106.9   307.5   3590.9
4   3   -112.6   100.1   3460.9
4   4   57.3   298.4   3405.5
4   5   176.9   300.2   3621.3
4   6   185.0   124.0   3453.4
4   7   -3.4   303.5   3424.5
4   8   29.7   84.5   3647.7
4   9   26.0   -83.2   3656.6
4   10   -72.2   -150.5   3677.0
4   11   -64.6   -517.4   3674.5
4   12   23.2   -848.6   3708.4
4   13   118.9   -155.2   3681.4
4   14   94.0   -520.9   3664.9
4   15   16.8   -853.5   3695.7
4   16   29.0   265.4   3414.7
4   17   27.9   273.5   3429.3
4   18   38.2   389.0   3597.4
5   0   41.1   494.9   3612.9
5   1   38.0   321.1   3610.2
5   2   -104.4   312.4   3588.5
5   3   -115.9   101.6   3464.3
5   4   42.4   306.0   3396.3
5   5   178.1   304.8   3617.8
5   6   189.1   116.5   3463.4
5   7   21.8   308.7   3401.4
5   8   32.1   92.2   3651.1
5   9   29.0   -77.6   3664.9
5   10   -65.8   -147.1   3678.3
5   11   -61.2   -515.2   3676.6
5   12   30.0   -846.7   3693.5
5   13   115.9   -155.1   3682.3
5   14   95.9   -522.3   3665.1
5   15   16.5   -856.2   3682.8
5   16   16.0   271.9   3407.6
5   17   49.6   276.6   3411.7
5   18   39.8   393.8   3597.2
6   0   41.0   498.4   3610.9
6   1   39.3   324.0   3610.4
6   2   -102.6   315.6   3587.0
6   3   -118.1   102.6   3466.6
6   4   33.7   310.3   3390.9
6   5   178.9   307.9   3615.6
6   6   189.9   112.1   3469.3
6   7   37.9   311.8   3382.1
6   8   34.0   96.5   3651.9
6   9   31.0   -76.7   3670.0
6   10   -64.5   -145.7   3679.9
6   11   -58.2   -514.4   3678.2
6   12   19.4   -849.7   3680.6
6   13   118.0   -155.9   3684.3
6   14   96.3   -523.4   3664.9
6   15   17.8   -858.6   3675.8
6   16   8.4   275.7   3403.5
6   17   63.2   278.5   3396.6
6   18   40.9   396.7   3597.1
7   0   40.9   499.6   3609.8
7   1   40.0   325.0   3610.2
7   2   -101.5   317.3   3586.5
7   3   -119.2   102.8   3468.8
7   4   29.6   311.7   3388.7
7   5   179.4   309.5   3614.7
7   6   196.5   110.6   3472.4
7   7   45.5   310.6   3376.6
7   8   35.0   97.2   3651.2
7   9   32.2   -79.5   3671.9
7   10   -65.5   -148.1   3682.2
7   11   -61.2   -516.7   3676.5
7   12   20.8   -851.2   3682.7
7   13   120.9   -159.9   3686.4
7   14   98.8   -527.5   3668.3
7   15   15.9   -862.1   3670.4
7   16   4.8   276.9   3402.0
7   17   70.7   277.3   3392.5
7   18   41.6   397.7   3597.1
8   0   41.3   499.7   3609.3
8   1   40.4   324.8   3610.0
8   2   -100.9   318.0   3586.5
8   3   -120.5   101.9   3472.0
8   4   28.3   309.6   3388.4
8   5   179.7   310.3   3614.3
8   6   216.6   113.9   3473.0
8   7   49.7   301.9   3379.0
8   8   35.5   96.1   3650.4
8   9   32.6   -83.2   3672.4
8   10   -66.5   -149.4   3683.2
8   11   -60.6   -517.7   3676.4
8   12   30.6   -848.9   3697.9
8   13   124.4   -159.8   3687.4
8   14   99.0   -526.9   3670.8
8   15   16.1   -861.7   3667.0
8   16   3.5   275.0   3402.3
8   17   77.5   270.6   3394.6
8   18   42.0   397.6   3597.1
9   0   41.8   498.8   3609.2
9   1   40.7   324.1   3609.9
9   2   -100.5   318.2   3586.5
9   3   -130.4   100.0   3479.1
9   4   27.4   297.9   3389.5
9   5   179.9   310.6   3614.3
9   6   256.3   132.5   3468.8
9   7   56.3   284.8   3383.9
9   8   35.7   94.7   3650.0
9   9   32.7   -86.6   3672.4
9   10   -66.5   -149.6   3683.3
9   11   -61.8   -520.6   3676.7
9   12   42.2   -845.7   3718.8
9   13   126.3   -157.9   3687.3
9   14   98.3   -527.5   3671.5
9   15   16.2   -862.5   3664.8
9   16   1.1   264.9   3404.4
9   17   89.7   259.4   3398.1
9   18   42.3   396.9   3597.2
10   0   42.3   498.3   3609.5
10   1   40.8   323.3   3609.9
10   2   -100.2   318.3   3587.1
10   3   -163.0   100.4   3500.0
10   4   19.2   250.7   3383.6
10   5   180.5   311.6   3614.4
10   6   301.9   179.2   3457.4
10   7   68.8   279.0   3388.5
10   8   35.7   94.1   3650.1
10   9   32.7   -88.9   3672.4
10   10   -65.8   -149.0   3683.2
10   11   -73.1   -520.1   3669.7
10   12   49.8   -835.3   3731.0
10   13   127.2   -154.9   3687.0
10   14   98.9   -525.2   3672.4
10   15   16.9   -860.0   3662.5
10   16   -11.2   225.7   3403.0
10   17   107.6   262.4   3400.0
10   18   42.5   396.0   3597.2
11   0   42.5   498.4   3610.0
11   1   40.9   322.8   3610.2
11   2   -99.8   318.4   3591.5
11   3   -207.0   109.7   3542.4
11   4   -39.2   171.6   3366.9
11   5   181.4   313.6   3614.6
11   6   323.3   248.6   3436.6
11   7   68.0   304.1   3398.1
11   8   35.5   95.0   3650.7
11   9   32.6   -89.6   3670.8
11   10   -64.0   -146.4   3682.7
11   11   -67.0   -517.4   3671.5
11   12   44.0   -838.2   3727.4
11   13   127.4   -148.8   3685.0
11   14   99.6   -518.8   3672.7
11   15   18.8   -853.9   3662.3
11   16   -67.1   161.4   3396.2
11   17   110.5   294.8   3404.5
11   18   42.6   395.5   3597.2
12   0   42.7   498.8   3610.1
12   1   40.8   322.5   3610.5
12   2   -99.2   318.7   3593.5
12   3   -244.2   128.9   3595.1
12   4   -109.4   94.4   3386.8
12   5   182.9   317.6   3614.0
12   6   351.3   303.9   3442.3
12   7   91.5   349.2   3394.0
12   8   35.4   97.5   3651.5
12   9   32.4   -88.8   3666.3
12   10   -61.5   -141.8   3681.2
12   11   -63.6   -512.2   3674.7
12   12   36.5   -838.5   3716.3
12   13   124.6   -144.8   3681.3
12   14   99.7   -514.4   3672.5
12   15   21.0   -849.8   3663.0
12   16   -131.8   100.3   3421.5
12   17   134.8   341.7   3402.0
12   18   42.6   395.1   3597.2
13   0   42.8   499.4   3608.7
13   1   40.8   322.4   3610.7
13   2   -98.4   319.1   3594.2
13   3   -267.7   152.1   3639.1
13   4   -146.3   33.7   3443.3
13   5   184.8   323.1   3612.8
13   6   373.3   345.0   3457.9
13   7   114.4   381.5   3393.9
13   8   35.3   100.4   3651.9
13   9   32.4   -87.2   3660.5
13   10   -59.2   -138.7   3679.3
13   11   -68.0   -507.0   3655.4
13   12   39.8   -826.2   3721.1
13   13   121.1   -143.2   3679.1
13   14   99.6   -512.1   3672.6
13   15   23.2   -848.0   3663.7
13   16   -166.5   53.3   3475.9
13   17   157.6   375.5   3404.6
13   18   42.6   395.0   3597.2
14   0   42.8   500.2   3604.7
14   1   40.8   322.4   3610.3
14   2   -97.5   319.6   3594.0
14   3   -276.4   162.7   3658.2
14   4   -155.2   -9.6   3492.8
14   5   185.3   326.4   3611.0
14   6   381.8   362.8   3464.1
14   7   121.4   393.5   3401.4
14   8   35.2   103.0   3651.8
14   9   32.3   -85.5   3654.7
14   10   -57.6   -136.4   3676.6
14   11   -64.3   -504.5   3662.8
14   12   39.3   -827.6   3716.2
14   13   118.3   -141.7   3677.7
14   14   99.4   -510.0   3672.7
14   15   26.1   -846.4   3664.0
14   16   -175.4   19.0   3520.4
14   17   164.8   388.4   3411.9
14   18   42.6   394.9   3596.6
15   0   40.9   500.8   3597.4
15   1   40.7   322.5   3609.4
15   2   -96.6   320.5   3593.9
15   3   -275.6   165.0   3666.2
15   4   -154.7   -24.2   3509.4
15   5   185.0   328.4   3609.0
15   6   379.3   366.3   3459.4
15   7   115.4   390.3   3414.3
15   8   35.2   104.9   3651.5
15   9   32.3   -84.1   3650.1
15   10   -57.0   -134.6   3672.4
15   11   -66.7   -501.2   3645.9
15   12   38.9   -819.5   3719.6
15   13   116.4   -140.3   3676.7
15   14   99.1   -508.0   3673.0
15   15   27.6   -844.7   3664.0
15   16   -174.9   7.3   3535.5
15   17   159.4   386.3   3421.8
15   18   42.5   394.9   3595.4
16   0   37.9   500.9   3588.6
16   1   40.6   322.6   3608.0
16   2   -95.6   321.5   3593.9
16   3   -270.4   162.2   3666.4
16   4   -143.2   -35.1   3523.4
16   5   184.0   329.6   3606.7
16   6   374.3   359.4   3452.2
16   7   107.6   379.1   3422.6
16   8   35.2   105.7   3649.5
16   9   32.2   -83.3   3646.9
16   10   -57.8   -132.2   3666.2
16   11   -70.4   -497.5   3629.7
16   12   35.2   -812.3   3719.2
16   13   115.1   -138.9   3676.0
16   14   98.8   -506.0   3673.4
16   15   28.5   -843.1   3663.5
16   16   -164.4   -2.2   3547.2
16   17   152.1   375.8   3427.5
16   18   42.4   395.0   3594.1
17   0   35.4   501.0   3584.2
17   1   40.5   322.7   3605.8
17   2   -94.7   322.5   3593.9
17   3   -265.1   159.1   3663.8
17   4   -139.8   -41.1   3525.3
17   5   182.5   329.8   3604.1
17   6   367.8   351.2   3444.1
17   7   100.6   376.5   3425.2
17   8   35.2   105.8   3645.4
17   9   32.2   -83.1   3645.2
17   10   -60.3   -128.5   3660.8
17   11   -72.0   -493.9   3632.6
17   12   35.4   -809.9   3716.5
17   13   114.7   -137.8   3675.5
17   14   98.6   -504.4   3673.5
17   15   29.2   -841.6   3662.9
17   16   -160.7   -7.7   3548.4
17   17   145.1   372.3   3428.3
17   18   42.3   395.1   3592.6
18   0   33.3   501.2   3582.3
18   1   40.4   322.7   3603.5
18   2   -95.3   322.8   3593.9
18   3   -264.0   157.5   3660.7
18   4   -148.7   -25.9   3499.7
18   5   182.0   328.3   3602.8
18   6   359.8   346.7   3435.1
18   7   93.1   378.6   3423.8
18   8   35.1   105.6   3641.1
18   9   32.2   -83.1   3644.6
18   10   -62.6   -125.3   3656.9
18   11   -75.4   -488.6   3614.0
18   12   34.1   -799.3   3718.7
18   13   115.1   -136.9   3675.0
18   14   98.5   -503.0   3673.4
18   15   28.8   -841.9   3662.8
18   16   -167.9   4.7   3526.5
18   17   137.5   373.3   3425.7
18   18   42.2   395.3   3590.9
19   0   31.6   500.4   3581.9
19   1   40.3   322.9   3601.2
19   2   -95.1   323.5   3593.8
19   3   -263.6   158.2   3658.8
19   4   -154.6   -22.4   3491.6
19   5   180.8   327.8   3601.8
19   6   350.9   344.7   3426.9
19   7   85.3   383.3   3428.7
19   8   35.1   105.5   3637.7
19   9   32.2   -83.0   3644.5
19   10   -65.6   -120.1   3654.0
19   11   -79.5   -480.6   3594.8
19   12   30.8   -784.7   3718.0
19   13   116.6   -134.9   3674.2
19   14   98.4   -500.4   3673.2
19   15   28.5   -839.7   3663.1
19   16   -172.7   7.7   3519.4
19   17   129.6   376.8   3428.4
19   18   42.0   395.5   3589.0
20   0   30.7   499.2   3582.3
20   1   40.1   323.1   3599.2
20   2   -94.6   324.4   3593.7
20   3   -264.1   160.5   3658.1
20   4   -154.4   -17.9   3490.1
20   5   179.3   328.0   3601.5
20   6   344.8   344.7   3422.6
20   7   85.1   387.6   3387.9
20   8   35.1   105.6   3635.4
20   9   32.2   -82.7   3644.8
20   10   -65.1   -121.3   3653.8
20   11   -86.0   -482.0   3600.8
20   12   33.9   -787.4   3718.3
20   13   117.6   -134.1   3673.0
20   14   98.6   -499.1   3672.9
20   15   27.2   -840.4   3663.2
20   16   -172.7   11.9   3518.1
20   17   128.4   380.4   3393.7
20   18   41.7   395.6   3587.2
21   0   30.1   498.3   3582.9
21   1   39.8   323.6   3597.6
21   2   -94.0   325.3   3593.5
21   3   -265.6   164.3   3657.8
21   4   -145.4   -14.1   3498.8
21   5   177.5   328.7   3601.1
21   6   339.0   345.3   3418.9
21   7   117.1   386.2   3302.5
21   8   35.2   106.1   3634.2
21   9   32.2   -82.0   3645.2
21   10   -64.5   -122.0   3655.5
21   11   -78.8   -484.7   3636.5
21   12   35.6   -802.7   3712.4
21   13   118.3   -133.8   3672.0
21   14   98.7   -498.3   3672.7
21   15   26.8   -839.7   3663.3
21   16   -165.5   15.7   3525.3
21   17   154.0   379.4   3321.9
21   18   41.3   396.1   3585.5
22   0   29.8   497.8   3583.5
22   1   39.4   324.4   3596.3
22   2   -93.2   326.0   3593.3
22   3   -266.2   166.9   3657.3
22   4   -139.2   -15.5   3509.4
22   5   175.8   329.5   3600.6
22   6   332.6   345.0   3414.7
22   7   150.9   382.7   3237.3
22   8   35.2   106.9   3633.7
22   9   32.2   -81.2   3645.7
22   10   -63.6   -123.0   3658.8
22   11   -80.5   -486.1   3642.6
22   12   36.8   -804.7   3713.8
22   13   118.7   -133.9   3670.8
22   14   98.8   -497.9   3672.5
22   15   26.9   -838.4   3663.5
22   16   -160.4   14.9   3534.1
22   17   181.1   376.4   3266.9
22   18   40.8   396.7   3583.8
23   0   29.7   497.6   3584.0
23   1   39.0   325.2   3595.2
23   2   -92.6   326.6   3593.1
23   3   -266.6   168.7   3656.4
23   4   -134.6   -0.1   3498.6
23   5   174.2   330.3   3600.1
23   6   324.2   344.1   3409.0
23   7   164.5   379.6   3201.0
23   8   35.2   107.8   3633.5
23   9   32.2   -80.3   3646.3
23   10   -62.4   -124.8   3663.4
23   11   -88.6   -486.0   3634.5
23   12   38.4   -798.3   3718.0
23   13   118.8   -134.8   3671.3
23   14   98.8   -498.2   3672.5
23   15   26.7   -838.7   3663.4
23   16   -156.6   28.0   3524.9
23   17   191.1   373.7   3235.7
23   18   40.2   397.4   3582.5
24   0   29.7   497.5   3584.7
24   1   38.5   326.0   3594.5
24   2   -92.2   327.0   3592.9
24   3   -267.9   166.5   3639.8
24   4   -130.6   49.4   3451.9
24   5   172.9   330.9   3595.9
24   6   322.5   338.8   3404.5
24   7   150.7   338.4   3202.7
24   8   35.3   108.7   3633.5
24   9   32.2   -79.8   3647.0
24   10   -61.4   -126.9   3667.3
24   11   -88.1   -486.5   3625.6
24   12   39.0   -797.3   3721.8
24   13   118.9   -136.0   3672.1
24   14   98.8   -498.8   3672.5
24   15   26.3   -840.9   3663.2
24   16   -153.5   68.9   3483.2
24   17   179.3   338.5   3236.3
24   18   39.5   398.1   3581.5
25   0   29.7   497.4   3586.0
25   1   38.1   326.9   3594.2
25   2   -91.8   327.5   3593.1
25   3   -263.6   162.7   3588.3
25   4   -104.0   127.6   3393.0
25   5   172.0   331.3   3586.6
25   6   326.0   304.2   3403.8
25   7   125.2   281.0   3237.5
25   8   35.3   109.6   3633.8
25   9   32.3   -77.6   3648.1
25   10   -61.3   -128.3   3670.0
25   11   -81.2   -487.6   3625.0
25   12   38.0   -800.9   3722.4
25   13   119.7   -136.7   3673.6
25   14   98.9   -498.9   3672.4
25   15   26.6   -840.5   3663.1
25   16   -130.6   133.4   3425.5
25   17   158.6   284.9   3265.2
25   18   39.0   398.8   3581.2
26   0   29.8   497.4   3588.8
26   1   37.9   327.8   3594.3
26   2   -91.6   328.4   3593.6
26   3   -179.6   122.0   3578.9
26   4   -91.2   -23.6   3475.9
26   5   170.4   332.1   3569.9
26   6   238.0   200.2   3428.2
26   7   115.2   265.4   3237.6
26   8   35.3   110.5   3634.1
26   9   32.4   -74.6   3651.1
26   10   -61.9   -129.6   3671.9
26   11   -59.2   -488.3   3626.6
26   12   34.3   -809.4   3722.5
26   13   120.6   -137.5   3676.2
26   14   97.3   -498.4   3661.2
26   15   27.3   -839.6   3668.7
26   16   -106.2   0.2   3493.1
26   17   135.6   254.5   3269.3
26   18   38.8   399.5   3581.1
27   0   29.8   497.2   3592.4
27   1   37.8   328.7   3594.7
27   2   -90.9   327.6   3594.8
27   3   -109.0   112.5   3528.4
27   4   -52.8   -94.7   3445.3
27   5   166.4   334.1   3547.3
27   6   195.5   151.7   3418.4
27   7   112.9   325.2   3325.5
27   8   35.4   111.1   3635.9
27   9   32.5   -71.5   3657.2
27   10   -62.9   -135.4   3674.8
27   11   -51.0   -493.6   3629.6
27   12   38.9   -817.3   3723.7
27   13   122.5   -141.3   3682.5
27   14   97.3   -497.4   3633.9
27   15   27.8   -834.5   3680.9
27   16   -62.3   -60.4   3459.2
27   17   126.7   296.5   3341.0
27   18   38.7   400.3   3581.2
28   0   30.0   496.8   3595.2
28   1   37.8   329.4   3595.6
28   2   -89.2   325.0   3596.7
28   3   -67.3   112.3   3496.6
28   4   -62.3   -92.5   3365.3
28   5   162.5   334.2   3532.5
28   6   143.7   129.2   3415.2
28   7   105.6   362.6   3384.1
28   8   35.4   111.1   3639.7
28   9   32.7   -69.1   3664.7
28   10   -63.4   -141.6   3677.9
28   11   -46.5   -499.0   3631.4
28   12   47.6   -823.0   3726.1
28   13   122.7   -147.4   3690.1
28   14   104.0   -496.9   3608.1
28   15   26.0   -826.6   3691.1
28   16   -63.1   -58.4   3387.2
28   17   112.0   323.8   3389.3
28   18   38.6   400.6   3581.3
29   0   30.1   496.7   3595.4
29   1   37.8   330.0   3596.6
29   2   -89.7   327.8   3599.9
29   3   -51.5   114.7   3488.1
29   4   -127.4   -84.8   3357.7
29   5   157.8   331.8   3524.0
29   6   94.0   122.2   3418.3
29   7   82.6   382.5   3414.2
29   8   35.4   111.7   3645.1
29   9   32.7   -66.9   3670.6
29   10   -65.8   -135.0   3679.2
29   11   -45.1   -491.8   3635.0
29   12   49.8   -816.6   3722.9
29   13   125.6   -142.2   3691.2
29   14   114.6   -484.6   3582.7
29   15   29.0   -804.5   3692.5
29   16   -114.7   -51.5   3379.4
29   17   84.5   339.1   3414.8
29   18   38.6   400.9   3580.9
30   0   30.2   498.5   3594.5
30   1   37.8   332.5   3597.2
30   2   -90.6   337.0   3608.6
30   3   -51.7   123.1   3494.7
30   4   -177.8   -69.8   3375.2
30   5   155.9   333.5   3521.0
30   6   68.9   127.0   3419.0
30   7   47.7   394.6   3420.2
30   8   35.4   114.3   3650.0
30   9   32.7   -63.0   3674.2
30   10   -61.9   -136.1   3679.9
30   11   -47.2   -496.6   3640.8
30   12   51.0   -819.9   3721.6
30   13   120.9   -143.3   3692.6
30   14   105.6   -496.6   3628.4
30   15   26.9   -825.4   3678.1
30   16   -156.8   -37.6   3395.1
30   17   51.2   350.0   3420.0
30   18   38.6   402.9   3580.2
31   0   30.4   502.2   3593.0
31   1   37.8   336.6   3597.2
31   2   -93.6   349.2   3615.2
31   3   -60.6   132.7   3507.3
31   4   -183.7   -51.1   3364.1
31   5   157.2   337.9   3519.9
31   6   62.0   133.9   3420.8
31   7   4.0   391.9   3402.0
31   8   35.3   118.4   3653.3
31   9   32.6   -58.0   3675.7
31   10   -58.8   -136.4   3680.5
31   11   -52.2   -497.8   3644.8
31   12   48.6   -820.9   3719.7
31   13   115.2   -145.9   3692.2
31   14   104.7   -498.4   3613.6
31   15   27.7   -824.3   3687.3
31   16   -163.2   -20.5   3387.9
31   17   13.7   348.9   3405.1
31   18   38.6   406.5   3579.2
32   0   30.9   505.7   3592.4
32   1   37.8   340.1   3596.8
32   2   -91.5   345.3   3616.4
32   3   -70.0   124.8   3519.1
32   4   -178.2   -36.7   3343.4
32   5   159.9   341.9   3519.9
32   6   63.9   138.7   3424.4
32   7   -19.3   386.4   3388.9
32   8   35.3   121.4   3655.1
32   9   32.6   -54.1   3676.1
32   10   -57.1   -137.1   3681.0
32   11   -56.7   -497.9   3646.6
32   12   39.2   -822.0   3717.5
32   13   112.0   -147.8   3691.3
32   14   110.6   -498.3   3602.8
32   15   26.3   -818.7   3693.1
32   16   -160.2   -9.8   3372.7
32   17   -5.4   345.1   3394.8
32   18   38.6   409.7   3578.2
33   0   31.5   507.7   3593.1
33   1   37.9   342.3   3596.1
33   2   -92.3   349.1   3616.9
33   3   -74.9   123.2   3528.9
33   4   -163.9   -26.6   3333.4
33   5   158.4   338.8   3522.4
33   6   69.1   133.1   3425.4
33   7   -23.9   375.8   3383.9
33   8   35.4   125.0   3655.1
33   9   32.7   -49.8   3675.3
33   10   -56.6   -141.6   3681.9
33   11   -62.9   -500.6   3645.6
33   12   32.8   -823.3   3715.7
33   13   110.4   -153.3   3690.8
33   14   115.6   -497.2   3583.6
33   15   26.4   -807.5   3697.7
33   16   -149.1   -1.7   3366.0
33   17   -8.4   335.3   3390.8
33   18   38.7   411.7   3577.2
34   0   32.0   508.3   3594.5
34   1   37.9   343.4   3595.5
34   2   -89.0   347.9   3620.7
34   3   -76.9   120.4   3532.3
34   4   -143.9   -17.9   3321.0
34   5   157.3   337.7   3524.0
34   6   79.6   126.0   3428.8
34   7   31.9   376.8   3391.4
34   8   35.4   128.1   3654.2
34   9   32.8   -45.9   3674.0
34   10   -56.7   -149.1   3683.1
34   11   -69.6   -505.7   3641.5
34   12   32.6   -825.4   3716.3
34   13   111.3   -159.8   3690.8
34   14   119.0   -501.3   3579.8
34   15   23.2   -808.6   3700.3
34   16   -132.8   5.1   3356.2
34   17   39.8   335.0   3397.7
34   18   38.7   412.6   3576.6
35   0   32.6   507.7   3596.5
35   1   37.9   343.9   3595.0
35   2   -85.5   341.1   3615.0
35   3   -76.6   113.7   3529.7
35   4   -118.3   -2.1   3300.9
35   5   156.1   337.1   3525.0
35   6   94.6   122.3   3430.0
35   7   83.9   377.6   3400.9
35   8   35.5   130.6   3652.9
35   9   33.0   -42.6   3672.7
35   10   -61.5   -148.8   3683.9
35   11   -70.2   -503.7   3640.9
35   12   33.8   -823.0   3714.5
35   13   115.3   -162.2   3691.3
35   14   116.1   -503.7   3585.3
35   15   22.1   -814.2   3699.2
35   16   -111.4   17.2   3339.1
35   17   85.7   335.1   3405.8
35   18   38.7   412.9   3576.3
36   0   32.8   507.3   3599.9
36   1   37.9   344.1   3594.7
36   2   -86.2   341.6   3609.3
36   3   -75.7   113.7   3529.0
36   4   -77.2   22.4   3289.0
36   5   155.0   336.9   3525.7
36   6   116.4   120.9   3425.7
36   7   97.4   376.5   3406.8
36   8   35.6   132.8   3651.8
36   9   33.1   -39.7   3671.7
36   10   -65.9   -144.3   3684.1
36   11   -69.7   -497.7   3641.3
36   12   30.1   -820.4   3709.3
36   13   121.2   -157.5   3692.2
36   14   112.1   -499.5   3593.8
36   15   24.2   -817.2   3693.4
36   16   -77.0   37.7   3329.0
36   17   100.6   333.9   3409.9
36   18   38.7   413.0   3576.1
37   0   32.8   507.0   3604.7
37   1   37.9   344.2   3595.3
37   2   -89.0   344.9   3609.4
37   3   -74.5   118.6   3525.8
37   4   -35.1   121.1   3285.4
37   5   158.6   334.3   3541.8
37   6   151.9   137.1   3409.1
37   7   30.6   334.0   3395.6
37   8   35.6   134.5   3651.2
37   9   33.1   -37.3   3671.2
37   10   -68.5   -139.1   3683.9
37   11   -69.1   -491.2   3641.3
37   12   24.5   -817.2   3701.2
37   13   124.5   -153.0   3692.6
37   14   111.6   -496.1   3604.4
37   15   26.5   -819.7   3685.1
37   16   -41.7   120.7   3325.5
37   17   50.8   301.1   3397.8
37   18   38.7   413.0   3577.0
38   0   32.7   507.1   3609.6
38   1   37.9   344.0   3597.9
38   2   -90.4   344.3   3603.7
38   3   -131.3   133.9   3508.9
38   4   -23.4   207.5   3307.6
38   5   162.2   335.3   3573.8
38   6   199.3   194.8   3396.6
38   7   1.2   263.4   3363.5
38   8   35.6   133.3   3651.8
38   9   33.1   -38.0   3671.5
38   10   -69.4   -132.4   3682.9
38   11   -68.7   -482.7   3637.7
38   12   24.1   -809.4   3698.8
38   13   126.8   -145.1   3691.9
38   14   111.4   -488.3   3609.5
38   15   30.4   -816.4   3678.6
38   16   -41.3   195.3   3341.2
38   17   34.3   252.1   3369.0
38   18   38.7   412.7   3580.3
39   0   32.6   508.0   3612.9
39   1   37.8   343.6   3601.9
39   2   -90.4   341.9   3593.1
39   3   -184.4   144.8   3513.9
39   4   -47.5   202.5   3311.4
39   5   163.0   337.3   3602.1
39   6   227.1   255.1   3396.2
39   7   0.6   230.3   3343.4
39   8   35.6   131.2   3652.6
39   9   32.9   -39.4   3672.3
39   10   -68.1   -125.6   3680.8
39   11   -68.6   -474.8   3637.0
39   12   22.9   -800.6   3696.8
39   13   128.2   -133.8   3689.4
39   14   110.6   -474.5   3603.2
39   15   35.9   -802.4   3674.0
39   16   -70.2   192.9   3345.2
39   17   38.4   234.5   3352.2
39   18   38.6   412.4   3585.5
40   0   32.5   509.4   3612.7
40   1   37.6   343.3   3605.9
40   2   -89.8   340.4   3585.9
40   3   -225.2   157.1   3543.1
40   4   -86.4   125.6   3349.7
40   5   162.7   338.6   3618.3
40   6   261.6   331.6   3411.1
40   7   130.7   305.9   3248.8
40   8   35.5   129.6   3653.5
40   9   32.8   -40.6   3672.0
40   10   -64.5   -121.7   3676.8
40   11   -69.0   -470.1   3637.7
40   12   23.7   -793.1   3696.6
40   13   124.3   -129.5   3684.6
40   14   112.5   -474.9   3636.5
40   15   34.8   -803.8   3664.6
40   16   -109.5   130.8   3382.0
40   17   152.1   310.1   3275.8
40   18   38.3   412.2   3590.5
41   0   32.6   510.9   3608.7
41   1   37.0   343.3   3608.8
41   2   -89.2   339.3   3583.1
41   3   -249.4   170.9   3587.2
41   4   -137.2   50.6   3418.4
41   5   163.8   344.2   3626.6
41   6   300.5   412.8   3459.8
41   7   248.8   410.0   3238.8
41   8   35.5   128.6   3654.6
41   9   32.6   -41.3   3669.4
41   10   -60.6   -119.2   3670.4
41   11   -69.5   -467.0   3638.7
41   12   26.1   -785.9   3698.2
41   13   118.6   -128.4   3678.9
41   14   111.9   -467.5   3604.4
41   15   38.3   -788.0   3668.4
41   16   -156.0   70.6   3446.5
41   17   257.1   410.3   3275.7
41   18   37.5   412.0   3594.1
42   0   33.0   512.4   3600.8
42   1   35.3   343.9   3609.6
42   2   -89.7   338.7   3581.6
42   3   -260.0   181.3   3619.2
42   4   -181.7   -8.8   3494.3
42   5   165.2   353.4   3624.4
42   6   312.8   463.5   3477.7
42   7   351.4   544.5   3274.0
42   8   35.4   129.3   3656.0
42   9   32.5   -40.3   3665.0
42   10   -57.5   -116.8   3665.9
42   11   -69.9   -463.8   3639.4
42   12   30.2   -777.5   3702.1
42   13   114.4   -125.9   3675.8
42   14   112.2   -466.7   3610.1
42   15   38.1   -786.7   3668.6
42   16   -194.8   22.8   3515.1
42   17   345.0   531.0   3307.9
42   18   35.2   412.4   3594.8
43   0   33.3   513.9   3588.9
43   1   32.5   346.5   3607.8
43   2   -90.8   338.8   3580.4
43   3   -261.8   186.8   3638.1
43   4   -202.4   -35.2   3532.6
43   5   165.5   365.7   3612.3
43   6   317.5   508.7   3498.5
43   7   409.4   659.0   3346.5
43   8   35.6   133.0   3657.3
43   9   32.5   -36.3   3659.9
43   10   -55.6   -114.2   3661.9
43   11   -70.0   -460.3   3639.9
43   12   30.0   -771.1   3704.0
43   13   112.2   -122.4   3674.0
43   14   109.9   -466.2   3642.6
43   15   38.3   -787.8   3662.8
43   16   -212.3   1.8   3550.2
43   17   394.2   634.1   3371.8
43   18   31.6   414.6   3592.0
44   0   33.3   515.9   3576.3
44   1   29.5   350.7   3603.4
44   2   -91.9   339.4   3579.0
44   3   -260.5   188.8   3644.5
44   4   -206.3   -43.4   3546.0
44   5   162.2   372.9   3605.1
44   6   315.3   533.9   3519.5
44   7   426.2   725.8   3404.8
44   8   35.8   138.5   3655.7
44   9   32.5   -30.2   3654.1
44   10   -54.8   -110.9   3657.2
44   11   -70.7   -456.0   3638.8
44   12   29.1   -766.8   3702.4
44   13   111.6   -117.5   3672.6
44   14   107.5   -458.9   3625.9
44   15   40.8   -780.3   3665.5
44   16   -215.3   -4.6   3562.5
44   17   407.7   693.9   3423.9
44   18   27.5   418.3   3586.8
45   0   32.9   518.8   3569.2
45   1   27.0   355.4   3597.7
45   2   -92.9   341.0   3577.2
45   3   -258.1   188.8   3641.8
45   4   -206.4   -45.3   3546.2
45   5   157.9   377.2   3601.6
45   6   310.7   543.3   3528.8
45   7   419.3   750.3   3419.1
45   8   35.9   143.9   3650.6
45   9   32.5   -24.3   3649.0
45   10   -55.8   -106.4   3651.7
45   11   -71.2   -450.5   3636.2
45   12   27.8   -763.2   3699.0
45   13   112.3   -112.4   3671.0
45   14   106.1   -452.2   3617.1
45   15   42.5   -775.3   3667.4
45   16   -215.0   -6.3   3562.1
45   17   401.2   715.8   3437.4
45   18   24.1   422.7   3580.9
46   0   32.0   522.4   3567.7
46   1   24.5   359.5   3592.6
46   2   -95.0   343.2   3575.3
46   3   -257.4   186.8   3628.1
46   4   -210.2   -55.1   3559.3
46   5   153.4   379.5   3600.4
46   6   304.2   544.9   3529.2
46   7   405.4   753.5   3413.4
46   8   35.8   148.1   3644.7
46   9   32.5   -19.6   3645.9
46   10   -57.3   -103.1   3649.0
46   11   -72.5   -445.7   3628.6
46   12   25.7   -757.1   3694.1
46   13   113.4   -109.8   3669.0
46   14   105.0   -447.9   3609.5
46   15   44.1   -769.5   3668.6
46   16   -218.0   -14.8   3570.8
46   17   388.5   718.7   3432.7
46   18   20.8   426.6   3576.1
47   0   30.4   524.7   3570.7
47   1   22.4   361.7   3589.1
47   2   -97.4   344.3   3572.1
47   3   -257.2   184.2   3614.0
47   4   -212.4   -62.3   3560.3
47   5   150.1   380.5   3600.6
47   6   298.7   539.3   3520.1
47   7   397.4   739.0   3389.4
47   8   35.7   149.9   3640.4
47   9   32.6   -17.1   3644.6
47   10   -58.2   -102.0   3647.6
47   11   -72.6   -443.0   3620.0
47   12   23.5   -751.3   3691.3
47   13   113.9   -109.6   3666.7
47   14   104.4   -445.9   3602.9
47   15   45.3   -764.3   3670.4
47   16   -219.8   -21.2   3569.2
47   17   380.9   705.7   3411.2
47   18   18.2   428.6   3572.9
48   0   27.8   525.8   3574.8
48   1   21.1   362.6   3587.0
48   2   -99.6   345.2   3568.4
48   3   -256.2   182.6   3606.8
48   4   -209.7   -64.1   3553.0
48   5   148.1   380.5   3601.5
48   6   295.7   526.9   3505.0
48   7   394.6   720.8   3366.7
48   8   35.0   152.3   3637.3
48   9   32.1   -14.1   3644.1
48   10   -58.8   -102.5   3646.9
48   11   -72.4   -440.4   3603.2
48   12   20.6   -743.0   3689.0
48   13   113.1   -110.9   3666.0
48   14   106.0   -445.5   3598.8
48   15   46.1   -759.4   3674.3
48   16   -217.5   -23.0   3562.0
48   17   378.1   688.5   3389.7
48   18   16.6   429.3   3571.1
49   0   23.9   526.0   3579.7
49   1   19.7   362.8   3586.0
49   2   -101.4   346.1   3565.5
49   3   -255.0   182.3   3605.1
49   4   -212.3   -65.5   3549.5
49   5   146.1   379.1   3603.2
49   6   292.1   511.3   3489.4
49   7   393.2   706.8   3354.5
49   8   32.8   154.6   3635.2
49   9   30.2   -11.2   3643.9
49   10   -60.5   -103.8   3646.2
49   11   -72.3   -439.7   3594.5
49   12   18.9   -738.1   3687.8
49   13   110.6   -112.7   3666.0
49   14   108.5   -446.1   3598.5
49   15   46.6   -756.0   3678.0
49   16   -219.4   -24.2   3558.8
49   17   376.4   674.2   3377.0
49   18   15.6   429.4   3570.3
50   0   20.9   525.8   3583.8
50   1   18.4   362.9   3585.6
50   2   -102.6   346.9   3564.8
50   3   -254.0   182.9   3607.7
50   4   -217.5   -62.9   3545.3
50   5   144.9   378.2   3605.0
50   6   287.9   499.7   3477.5
50   7   390.5   693.0   3343.3
50   8   28.8   156.8   3634.0
50   9   26.4   -8.4   3643.9
50   10   -63.5   -105.9   3645.9
50   11   -69.4   -441.8   3601.4
50   12   19.1   -743.2   3689.3
50   13   106.7   -113.6   3666.0
50   14   110.7   -446.4   3601.4
50   15   46.4   -756.4   3680.8
50   16   -223.6   -22.0   3555.7
50   17   373.4   660.8   3365.7
50   18   15.1   429.3   3570.0
51   0   19.0   525.8   3585.3
51   1   17.1   362.8   3585.4
51   2   -103.4   347.5   3564.5
51   3   -252.1   185.1   3616.9
51   4   -226.0   -55.0   3538.5
51   5   144.4   377.8   3605.7
51   6   284.4   493.6   3470.5
51   7   388.4   681.3   3333.1
51   8   24.1   158.8   3633.2
51   9   21.3   -5.9   3644.0
51   10   -66.9   -108.3   3646.2
51   11   -65.8   -445.6   3621.3
51   12   17.8   -752.6   3689.5
51   13   101.7   -113.6   3665.9
51   14   114.0   -446.2   3603.2
51   15   46.5   -755.2   3682.7
51   16   -230.3   -15.0   3551.6
51   17   371.1   650.0   3356.0
51   18   14.9   429.1   3569.9
52   0   18.2   525.9   3585.2
52   1   16.1   362.9   3585.4
52   2   -104.0   348.3   3564.2
52   3   -251.1   187.4   3623.0
52   4   -234.6   -48.1   3534.0
52   5   144.2   377.7   3605.9
52   6   283.1   490.4   3467.5
52   7   385.4   673.2   3326.0
52   8   19.8   160.4   3632.8
52   9   16.2   -3.8   3644.1
52   10   -70.2   -110.4   3646.6
52   11   -61.5   -447.9   3639.6
52   12   14.0   -758.4   3688.7
52   13   96.3   -113.4   3665.6
52   14   112.4   -447.4   3616.5
52   15   46.2   -757.0   3684.6
52   16   -237.4   -8.8   3548.9
52   17   368.4   642.7   3349.6
52   18   14.9   429.0   3570.0
53   0   17.8   526.0   3584.2
53   1   15.4   362.9   3585.5
53   2   -104.1   348.5   3564.3
53   3   -251.5   188.9   3624.5
53   4   -235.7   -41.4   3525.9
53   5   144.2   377.5   3605.8
53   6   283.7   487.2   3466.3
53   7   381.9   666.0   3319.9
53   8   16.9   161.8   3632.5
53   9   12.5   -2.0   3644.3
53   10   -72.5   -111.7   3647.2
53   11   -61.0   -451.6   3641.0
53   12   12.4   -761.2   3689.1
53   13   92.1   -113.2   3665.3
53   14   108.6   -451.4   3636.3
53   15   45.4   -763.0   3683.6
53   16   -238.3   -3.0   3542.3
53   17   365.5   636.2   3344.3
53   18   14.9   429.0   3570.0
54   0   17.8   526.1   3583.3
54   1   15.0   363.0   3585.5
54   2   -104.0   348.4   3564.4
54   3   -253.4   188.7   3617.0
54   4   -220.6   -24.6   3494.4
54   5   144.0   376.7   3605.5
54   6   287.8   477.3   3464.4
54   7   378.4   650.2   3308.9
54   8   15.1   163.0   3632.3
54   9   10.3   -0.6   3644.5
54   10   -73.7   -113.2   3648.8
54   11   -62.3   -453.2   3634.7
54   12   13.2   -761.8   3690.9
54   13   89.0   -114.2   3665.1
54   14   106.8   -451.4   3624.2
54   15   45.8   -762.0   3684.5
54   16   -226.1   10.9   3514.9
54   17   363.3   621.4   3334.8
54   18   14.9   428.9   3570.1
55   0   17.8   526.2   3582.5
55   1   14.8   363.0   3585.6
55   2   -103.8   348.2   3564.6
55   3   -255.8   186.9   3598.1
55   4   -191.0   -6.2   3459.9
55   5   143.7   375.2   3604.9
55   6   300.9   442.0   3462.0
55   7   358.6   617.4   3298.1
55   8   14.2   163.9   3632.3
55   9   9.2   0.6   3645.6
55   10   -73.6   -116.9   3652.1
55   11   -79.1   -453.3   3612.1
55   12   9.8   -752.8   3687.8
55   13   86.8   -118.0   3665.2
55   14   104.1   -455.6   3631.1
55   15   45.3   -767.7   3683.9
55   16   -201.8   26.0   3483.0
55   17   349.0   588.2   3325.4
55   18   15.0   428.9   3570.1
56   0   17.8   526.3   3582.2
56   1   14.6   363.1   3585.6
56   2   -103.9   347.8   3564.8
56   3   -252.3   181.3   3571.4
56   4   -167.3   41.5   3394.5
56   5   141.9   369.9   3603.4
56   6   313.2   398.3   3465.6
56   7   311.4   569.3   3293.9
56   8   13.4   164.6   3632.0
56   9   8.8   1.7   3648.1
56   10   -72.3   -125.0   3659.0
56   11   -91.0   -457.7   3623.7
56   12   10.1   -754.9   3688.6
56   13   86.8   -124.1   3666.0
56   14   103.2   -458.2   3637.3
56   15   45.1   -770.8   3682.3
56   16   -181.5   64.7   3424.0
56   17   311.7   540.8   3322.5
56   18   15.0   428.9   3570.2
57   0   17.8   524.7   3582.0
57   1   14.5   361.6   3586.0
57   2   -104.8   346.5   3565.0
57   3   -233.8   169.0   3535.2
57   4   -136.8   111.1   3327.8
57   5   138.9   359.2   3599.1
57   6   306.0   332.5   3458.7
57   7   246.2   502.8   3297.3
57   8   13.1   163.9   3633.5
57   9   8.7   1.5   3652.7
57   10   -73.3   -132.2   3667.7
57   11   -89.9   -464.0   3638.4
57   12   13.1   -763.4   3696.6
57   13   89.7   -129.2   3667.4
57   14   102.8   -460.8   3631.2
57   15   45.1   -773.6   3682.3
57   16   -153.0   120.7   3362.3
57   17   256.2   474.4   3324.2
57   18   15.0   427.3   3570.2
58   0   17.8   521.9   3581.8
58   1   14.7   360.1   3587.3
58   2   -105.7   344.3   3565.2
58   3   -206.5   157.7   3501.3
58   4   -95.8   199.1   3300.2
58   5   141.1   359.4   3599.8
58   6   266.5   260.2   3457.7
58   7   178.3   447.8   3329.3
58   8   13.6   163.8   3638.4
58   9   8.9   1.8   3659.6
58   10   -77.2   -129.3   3672.1
58   11   -92.0   -460.0   3637.0
58   12   11.4   -757.5   3702.9
58   13   92.7   -127.3   3668.1
58   14   101.9   -458.3   3632.2
58   15   45.9   -771.3   3681.8
58   16   -114.3   192.2   3333.7
58   17   192.9   416.5   3350.7
58   18   15.0   425.5   3570.3
59   0   17.8   519.5   3581.7
59   1   14.8   359.3   3588.4
59   2   -106.4   342.0   3565.0
59   3   -173.1   151.8   3472.9
59   4   -47.0   270.3   3310.4
59   5   138.7   348.8   3591.2
59   6   221.9   197.0   3460.3
59   7   105.3   374.5   3335.1
59   8   14.2   164.2   3642.8
59   9   9.1   2.3   3664.9
59   10   -73.5   -135.2   3674.6
59   11   -93.6   -465.1   3634.6
59   12   12.6   -758.0   3710.8
59   13   90.6   -131.6   3668.9
59   14   102.1   -462.1   3630.7
59   15   45.4   -773.4   3684.2
59   16   -68.0   250.6   3337.5
59   17   124.8   344.9   3356.0
59   18   15.1   424.3   3570.3
60   0   17.7   515.7   3581.4
60   1   14.6   356.5   3589.2
60   2   -106.9   337.4   3564.6
60   3   -140.5   146.6   3454.5
60   4   -4.7   307.8   3327.3
60   5   134.4   336.5   3575.7
60   6   186.6   150.3   3465.5
60   7   49.7   317.7   3344.7
60   8   14.5   162.4   3645.9
60   9   9.3   0.6   3668.3
60   10   -69.7   -144.2   3676.7
60   11   -97.0   -473.7   3635.8
60   12   17.0   -763.5   3720.9
60   13   87.6   -140.0   3669.8
60   14   100.8   -470.5   3630.0
60   15   43.5   -782.6   3689.9
60   16   -27.3   281.0   3348.5
60   17   72.5   289.8   3364.8
60   18   14.6   421.3   3570.3
61   0   17.4   510.6   3581.4
61   1   14.2   351.6   3589.5
61   2   -109.0   333.2   3564.1
61   3   -124.7   144.3   3443.4
61   4   15.1   322.4   3339.2
61   5   133.2   328.5   3566.1
61   6   167.0   126.0   3469.7
61   7   22.0   289.5   3357.3
61   8   14.7   157.9   3647.2
61   9   9.5   -3.8   3669.8
61   10   -73.0   -147.9   3678.7
61   11   -94.5   -475.8   3647.3
61   12   18.6   -769.6   3720.9
61   13   90.5   -143.6   3670.1
61   14   96.7   -471.5   3631.5
61   15   43.8   -784.7   3692.8
61   16   -8.2   292.7   3356.6
61   17   46.2   262.3   3376.1
61   18   14.0   416.3   3570.3
62   0   17.0   506.2   3581.6
62   1   13.6   347.1   3589.7
62   2   -111.4   330.5   3564.0
62   3   -121.3   139.8   3444.5
62   4   16.7   320.8   3348.9
62   5   133.4   324.4   3560.5
62   6   160.1   116.2   3471.5
62   7   14.1   279.2   3367.8
62   8   14.8   153.7   3647.5
62   9   9.5   -8.0   3670.1
62   10   -74.6   -152.2   3681.0
62   11   -90.2   -479.9   3651.5
62   12   19.9   -777.9   3716.6
62   13   92.8   -146.7   3670.6
62   14   93.9   -473.8   3631.9
62   15   43.6   -787.6   3697.5
62   16   -6.3   290.6   3364.8
62   17   38.4   252.0   3385.1
62   18   13.2   411.7   3570.3
63   0   14.6   503.2   3582.0
63   1   12.9   343.9   3589.6
63   2   -113.5   328.9   3564.2
63   3   -126.2   136.0   3449.4
63   4   9.8   314.8   3352.9
63   5   134.0   322.8   3562.2
63   6   158.0   115.8   3471.8
63   7   10.8   277.2   3370.6
63   8   14.7   150.6   3647.5
63   9   9.5   -11.0   3669.9
63   10   -75.1   -155.8   3682.5
63   11   -92.4   -482.8   3645.3
63   12   24.3   -776.9   3726.2
63   13   93.5   -150.2   3671.3
63   14   91.1   -476.8   3626.8
63   15   43.1   -792.0   3699.9
63   16   -12.9   285.0   3369.0
63   17   35.3   250.3   3387.5
63   18   12.3   408.5   3570.3
64   0   10.1   501.4   3582.6
64   1   12.1   342.0   3589.7
64   2   -115.1   328.0   3564.7
64   3   -128.0   134.5   3451.6
64   4   6.4   313.4   3356.7
64   5   134.2   322.6   3567.0
64   6   158.0   119.2   3471.9
64   7   9.9   279.8   3371.1
64   8   14.6   148.9   3647.5
64   9   9.5   -12.8   3669.6
64   10   -76.8   -155.2   3682.6
64   11   -95.5   -481.7   3636.8
64   12   30.1   -767.1   3740.5
64   13   93.4   -151.8   3672.2
64   14   87.6   -478.4   3622.6
64   15   43.0   -795.9   3698.8
64   16   -16.0   283.6   3372.5
64   17   34.6   253.0   3387.9
64   18   11.2   406.6   3570.3
65   0   5.7   500.4   3583.7
65   1   11.2   341.0   3589.7
65   2   -116.3   327.5   3565.2
65   3   -130.0   133.9   3453.3
65   4   3.2   314.0   3360.8
65   5   134.1   323.5   3572.0
65   6   158.6   123.7   3471.9
65   7   9.2   282.4   3369.0
65   8   14.4   148.0   3647.6
65   9   9.4   -13.7   3669.5
65   10   -79.2   -151.8   3681.8
65   11   -96.6   -478.5   3631.4
65   12   30.6   -764.9   3735.7
65   13   93.6   -151.4   3672.5
65   14   84.4   -478.7   3623.3
65   15   43.0   -798.3   3697.1
65   16   -19.0   284.0   3376.2
65   17   34.1   255.9   3386.1
65   18   10.2   405.6   3570.3
66   0   1.7   499.6   3585.3
66   1   10.4   340.5   3589.7
66   2   -117.4   327.0   3565.8
66   3   -132.0   133.5   3454.4
66   4   0.9   315.1   3364.6
66   5   133.6   324.0   3571.1
66   6   159.7   124.9   3471.5
66   7   8.6   281.9   3367.1
66   8   14.3   147.6   3647.7
66   9   9.3   -14.1   3669.3
66   10   -79.4   -150.8   3681.0
66   11   -96.5   -478.0   3628.9
66   12   31.5   -758.1   3747.1
66   13   93.5   -150.8   3672.7
66   14   82.6   -477.9   3618.5
66   15   43.3   -797.0   3693.8
66   16   -21.3   284.8   3379.5
66   17   33.8   255.7   3384.5
66   18   9.1   405.1   3570.3
67   0   0.9   499.0   3589.1
67   1   9.7   340.3   3590.0
67   2   -118.1   326.8   3566.5
67   3   -134.1   133.3   3455.4
67   4   -1.1   316.1   3367.4
67   5   133.3   324.5   3569.1
67   6   160.7   125.0   3471.4
67   7   6.1   278.5   3365.3
67   8   14.1   147.5   3647.9
67   9   9.3   -14.3   3669.2
67   10   -79.5   -149.7   3679.8
67   11   -95.6   -477.6   3627.9
67   12   31.3   -755.8   3750.6
67   13   93.6   -149.8   3672.7
67   14   83.0   -478.2   3623.7
67   15   42.1   -799.2   3684.5
67   16   -23.3   285.7   3382.1
67   17   31.9   252.9   3383.0
67   18   8.3   404.8   3570.6
68   0   1.9   498.3   3594.5
68   1   9.3   340.2   3590.4
68   2   -118.8   326.9   3567.3
68   3   -136.2   133.2   3456.7
68   4   -2.8   316.0   3368.2
68   5   133.0   324.9   3568.9
68   6   161.1   125.6   3471.3
68   7   4.7   278.0   3365.2
68   8   14.1   147.4   3648.2
68   9   9.2   -14.4   3669.1
68   10   -79.6   -148.6   3678.4
68   11   -93.9   -477.2   3627.9
68   12   28.2   -760.9   3745.3
68   13   93.8   -148.4   3672.6
68   14   83.4   -477.7   3626.1
68   15   40.7   -799.8   3685.7
68   16   -25.1   285.5   3382.9
68   17   30.8   252.6   3382.9
68   18   7.7   404.8   3571.0
69   0   3.6   497.8   3599.3
69   1   8.9   340.2   3590.9
69   2   -119.4   326.9   3568.1
69   3   -137.4   133.1   3458.0
69   4   -3.5   315.6   3368.5
69   5   132.8   325.2   3569.9
69   6   161.3   126.4   3471.4
69   7   3.0   278.1   3365.7
69   8   14.0   147.4   3648.6
69   9   9.2   -14.4   3669.0
69   10   -79.8   -147.3   3676.8
69   11   -91.6   -476.6   3628.5
69   12   28.7   -765.1   3736.1
69   13   94.4   -146.4   3672.6
69   14   85.0   -476.9   3632.8
69   15   38.3   -800.4   3682.0
69   16   -25.8   285.2   3383.4
69   17   29.4   252.8   3383.3
69   18   7.2   404.8   3571.5
